1, 336, 1, 745, 7, 3, 4, 1310, 4;
0, 330, -3, 708, 17, 12, 3, 1287, -12;
7, 331, 0, 712, 73, 43, 29, 1291, -2;
12, 329, 0, 700, 117, 68, 49, 1286, 1;
22, 333, 6, 714, 190, 107, 86, 1298, 24;
26, 330, 6, 690, 228, 130, 103, 1288, 25;
31, 328, 8, 671, 274, 156, 124, 1281, 32;
32, 321, 5, 619, 290, 166, 127, 1255, 22;
38, 319, 8, 596, 336, 192, 149, 1247, 31;
39, 313, 6, 542, 353, 203, 153, 1220, 23;
49, 315, 13, 542, 426, 242, 193, 1229, 51;
53, 310, 14, 500, 458, 260, 207, 1212, 56;
53, 303, 12, 439, 470, 268, 210, 1183, 50;
58, 300, 16, 405, 509, 289, 230, 1172, 62;
62, 296, 18, 364, 540, 306, 245, 1157, 71;
58, 284, 12, 271, 519, 297, 228, 1110, 49;
65, 284, 18, 249, 567, 322, 255, 1107, 73;
65, 276, 17, 181, 567, 323, 253, 1077, 68;
62, 267, 15, 105, 556, 318, 245, 1041, 59;
65, 262, 17, 59, 573, 327, 255, 1024, 70;
66, 257, 20, 9, 583, 332, 260, 1006, 78;
69, 254, 23, -33, 596, 339, 269, 991, 90;
61, 240, 16, -136, 545, 313, 238, 938, 64;
60, 235, 17, -189, 540, 310, 237, 917, 69;
60, 230, 19, -239, 533, 305, 234, 898, 75;
60, 226, 21, -284, 528, 301, 234, 881, 83;
57, 220, 21, -338, 508, 290, 225, 859, 84;
60, 220, 27, -353, 521, 295, 237, 860, 108;
53, 210, 23, -432, 465, 266, 207, 821, 91;
44, 200, 18, -509, 405, 233, 174, 782, 73;
49, 203, 27, -503, 424, 241, 191, 795, 105;
44, 199, 26, -545, 387, 220, 175, 777, 105;
42, 197, 29, -570, 364, 206, 166, 769, 113;
37, 192, 28, -607, 320, 181, 146, 752, 111;
26, 183, 22, -674, 242, 140, 104, 716, 88;
27, 186, 28, -664, 236, 133, 108, 728, 110;
18, 180, 24, -710, 168, 96, 73, 703, 95;
11, 176, 22, -738, 112, 65, 46, 689, 87;
8, 176, 24, -741, 77, 44, 32, 690, 93;
2, 175, 23, -750, 29, 18, 10, 685, 92;
4, 182, 30, -709, 28, 14, 17, 711, 119;
-7, 175, 23, -750, -60, -33, -29, 685, 92;
-13, 175, 22, -749, -110, -61, -52, 685, 88;
-15, 179, 25, -720, -137, -78, -61, 700, 99;
-24, 178, 21, -725, -201, -113, -93, 694, 85;
-22, 186, 27, -667, -205, -118, -88, 726, 108;
-32, 183, 22, -675, -278, -157, -126, 716, 87;
-30, 192, 28, -609, -279, -161, -120, 751, 110;
-35, 196, 28, -576, -317, -182, -137, 764, 109;
-39, 199, 27, -541, -352, -203, -153, 779, 107;
-45, 201, 24, -519, -403, -230, -179, 784, 95;
-52, 202, 20, -496, -453, -257, -204, 790, 81;
-57, 205, 18, -461, -492, -279, -223, 802, 73;
-58, 212, 20, -401, -504, -287, -226, 830, 79;
-59, 219, 21, -341, -517, -295, -231, 857, 82;
-56, 230, 25, -258, -506, -290, -220, 897, 99;
-61, 232, 21, -224, -542, -310, -240, 907, 84;
-61, 240, 22, -157, -543, -311, -238, 937, 88;
-64, 243, 19, -116, -568, -324, -252, 951, 76;
-66, 248, 17, -68, -582, -332, -260, 969, 68;
-68, 253, 15, -17, -591, -336, -265, 989, 61;
-60, 267, 22, 86, -543, -312, -236, 1041, 87;
-67, 266, 14, 99, -582, -331, -261, 1037, 56;
-66, 271, 13, 154, -575, -327, -258, 1060, 52;
-63, 279, 13, 219, -554, -316, -247, 1089, 54;
-64, 281, 10, 254, -558, -317, -252, 1099, 39;
-54, 295, 17, 356, -490, -281, -213, 1151, 66;
-52, 300, 15, 403, -470, -270, -205, 1171, 61;
-52, 303, 12, 437, -460, -263, -204, 1181, 48;
-51, 305, 8, 464, -450, -256, -202, 1189, 33;
-48, 309, 7, 506, -420, -239, -189, 1206, 29;
-43, 315, 8, 554, -379, -216, -169, 1228, 31;
-36, 322, 10, 611, -322, -185, -140, 1256, 40;
-37, 319, 3, 606, -322, -182, -146, 1246, 13;
-34, 321, 1, 628, -289, -163, -133, 1254, 5;
-21, 332, 8, 702, -198, -114, -84, 1295, 32;
-24, 326, 0, 673, -205, -115, -96, 1273, -1;
-17, 330, 1, 705, -145, -82, -66, 1289, 4;
-8, 335, 3, 737, -80, -46, -34, 1307, 13;
-3, 336, 2, 744, -35, -20, -14, 1310, 9;
0, 335, 0, 743, 5, 2, 3, 1309, 3;
4, 334, -1, 734, 43, 25, 19, 1304, -4;
7, 331, -4, 712, 73, 43, 29, 1292, -17;
11, 329, -6, 694, 111, 65, 45, 1283, -25;
23, 334, 0, 723, 199, 112, 92, 1304, -2;
26, 330, -3, 691, 229, 130, 103, 1288, -13;
29, 325, -6, 653, 256, 146, 113, 1270, -26;
33, 322, -8, 622, 292, 167, 128, 1256, -31;
42, 324, -3, 623, 363, 205, 166, 1263, -15;
42, 316, -9, 561, 372, 213, 165, 1232, -35;
44, 309, -12, 507, 392, 224, 171, 1207, -47;
45, 303, -14, 455, 412, 237, 178, 1183, -57;
56, 305, -8, 453, 484, 275, 218, 1192, -33;
54, 295, -14, 375, 479, 274, 211, 1153, -55;
60, 294, -11, 350, 526, 299, 236, 1148, -43;
65, 291, -9, 312, 560, 318, 254, 1135, -37;
61, 280, -15, 225, 542, 310, 240, 1092, -61;
66, 277, -13, 189, 575, 327, 258, 1082, -52;
65, 269, -15, 123, 574, 327, 256, 1052, -61;
66, 263, -16, 64, 579, 330, 258, 1028, -64;
70, 261, -13, 29, 603, 342, 273, 1018, -53;
69, 255, -14, -27, 602, 341, 272, 994, -56;
59, 239, -24, -146, 535, 308, 232, 932, -96;
63, 238, -20, -170, 560, 319, 249, 929, -78;
61, 231, -21, -229, 544, 311, 241, 904, -83;
61, 227, -20, -274, 538, 306, 240, 887, -79;
58, 221, -21, -332, 514, 293, 228, 862, -85;
59, 218, -19, -364, 509, 289, 230, 853, -76;
52, 210, -23, -433, 464, 265, 206, 820, -90;
46, 201, -27, -501, 413, 237, 179, 787, -106;
41, 195, -29, -553, 373, 215, 160, 763, -113;
41, 195, -25, -566, 367, 210, 162, 764, -99;
36, 191, -26, -608, 325, 187, 142, 745, -103;
36, 191, -22, -615, 313, 178, 141, 747, -89;
32, 189, -22, -637, 280, 158, 127, 739, -86;
27, 186, -22, -662, 238, 134, 109, 729, -88;
16, 178, -29, -723, 155, 90, 65, 695, -114;
12, 177, -28, -733, 117, 68, 49, 692, -111;
11, 180, -24, -721, 96, 54, 44, 702, -97;
4, 177, -27, -741, 39, 22, 16, 691, -105;
1, 179, -24, -726, 11, 5, 7, 701, -94;
0, 183, -21, -704, -14, -10, 0, 714, -82;
-14, 174, -30, -755, -116, -64, -56, 681, -118;
-14, 181, -25, -711, -128, -73, -56, 705, -97;
-25, 176, -30, -732, -208, -116, -98, 689, -120;
-23, 185, -24, -674, -212, -122, -93, 721, -95;
-25, 190, -21, -630, -233, -135, -98, 744, -82;
-34, 189, -25, -629, -300, -171, -133, 738, -98;
-43, 187, -29, -628, -369, -208, -169, 732, -116;
-43, 195, -25, -566, -377, -215, -168, 764, -98;
-47, 199, -25, -527, -412, -235, -184, 779, -98;
-48, 206, -22, -470, -427, -245, -188, 806, -87;
-57, 205, -27, -462, -493, -279, -224, 802, -108;
-55, 216, -22, -381, -485, -277, -214, 842, -86;
-58, 220, -22, -337, -513, -293, -228, 859, -88;
-58, 228, -19, -269, -517, -296, -227, 890, -76;
-61, 232, -20, -225, -543, -310, -241, 906, -81;
-62, 239, -19, -163, -549, -314, -242, 934, -74;
-62, 245, -18, -104, -555, -318, -244, 959, -70;
-70, 245, -24, -90, -604, -343, -274, 955, -94;
-69, 252, -22, -26, -600, -341, -271, 983, -88;
-66, 261, -18, 52, -577, -329, -257, 1020, -72;
-65, 267, -18, 108, -573, -327, -256, 1043, -70;
-63, 274, -16, 172, -557, -318, -247, 1071, -62;
-60, 281, -14, 236, -537, -307, -237, 1099, -54;
-57, 288, -12, 297, -514, -295, -225, 1126, -46;
-60, 289, -16, 319, -526, -299, -236, 1129, -62;
-54, 298, -11, 390, -484, -277, -214, 1162, -46;
-53, 301, -12, 427, -470, -268, -209, 1175, -50;
-53, 303, -14, 455, -459, -260, -208, 1184, -57;
-47, 310, -11, 515, -412, -234, -184, 1212, -42;
-40, 317, -7, 571, -361, -207, -158, 1239, -28;
-34, 324, -3, 624, -309, -178, -132, 1264, -14;
-35, 322, -8, 623, -305, -174, -136, 1257, -31;
-26, 329, -2, 680, -237, -137, -101, 1286, -9;
-28, 325, -8, 659, -241, -136, -111, 1268, -33;
-21, 329, -5, 694, -184, -104, -83, 1286, -20;
-16, 331, -4, 709, -141, -80, -64, 1292, -16;
-15, 329, -6, 698, -119, -66, -58, 1283, -26;
-9, 330, -5, 707, -73, -39, -37, 1287, -21;
-3, 331, -3, 716, -21, -10, -13, 1292, -13;
9, 338, 5, 760, 70, 38, 35, 1320, 19;
6, 329, -2, 702, 63, 38, 23, 1285, -8;
17, 334, 4, 729, 145, 82, 66, 1304, 19;
24, 335, 8, 730, 205, 115, 96, 1308, 33;
23, 327, 3, 673, 211, 121, 92, 1277, 14;
27, 323, 3, 642, 245, 141, 106, 1263, 14;
34, 323, 7, 629, 300, 171, 133, 1261, 28;
33, 314, 3, 565, 305, 176, 130, 1227, 11;
41, 315, 8, 555, 367, 210, 162, 1229, 31;
44, 309, 7, 508, 392, 225, 171, 1208, 30;
46, 303, 7, 456, 413, 237, 179, 1184, 28;
48, 298, 7, 405, 436, 251, 188, 1162, 28;
51, 293, 8, 359, 463, 266, 201, 1143, 33;
62, 296, 18, 364, 541, 307, 245, 1157, 71;
60, 287, 15, 286, 533, 304, 237, 1119, 58;
61, 279, 14, 220, 538, 308, 237, 1090, 55;
63, 274, 16, 172, 558, 319, 248, 1071, 63;
65, 269, 17, 119, 571, 326, 254, 1050, 68;
69, 266, 21, 84, 598, 340, 270, 1040, 85;
67, 258, 20, 12, 586, 334, 262, 1007, 79;
63, 248, 17, -68, 561, 321, 247, 969, 68;
60, 239, 15, -143, 538, 309, 234, 934, 60;
67, 241, 24, -150, 580, 329, 261, 942, 93;
62, 232, 21, -227, 546, 312, 242, 905, 82;
55, 221, 17, -311, 500, 288, 217, 864, 66;
53, 216, 17, -361, 484, 278, 210, 844, 70;
58, 218, 25, -368, 505, 287, 227, 850, 99;
52, 210, 23, -434, 463, 264, 205, 819, 90;
53, 209, 27, -456, 459, 260, 208, 815, 106;
49, 203, 27, -503, 424, 241, 191, 795, 105;
43, 197, 25, -556, 376, 214, 168, 770, 98;
33, 188, 20, -625, 308, 178, 132, 734, 79;
30, 185, 21, -653, 275, 159, 118, 724, 83;
25, 182, 21, -684, 233, 135, 98, 710, 82;
22, 181, 23, -694, 206, 119, 89, 709, 92;
18, 180, 24, -710, 168, 96, 73, 703, 94;
15, 180, 26, -713, 137, 78, 61, 704, 103;
9, 178, 25, -730, 87, 50, 38, 696, 100;
9, 182, 30, -707, 72, 39, 37, 712, 119;
2, 180, 28, -720, 17, 8, 10, 705, 112;
-7, 176, 23, -748, -58, -32, -28, 686, 93;
-10, 179, 26, -727, -89, -50, -39, 698, 102;
-19, 175, 21, -745, -162, -90, -77, 684, 83;
-16, 185, 29, -676, -152, -88, -63, 724, 116;
-28, 180, 22, -703, -241, -136, -111, 703, 86;
-34, 181, 20, -688, -291, -164, -135, 708, 79;
-31, 192, 28, -610, -281, -162, -121, 750, 109;
-33, 197, 29, -567, -307, -177, -131, 771, 115;
-43, 195, 23, -568, -380, -216, -170, 762, 90;
-48, 199, 22, -533, -417, -237, -187, 776, 86;
-46, 208, 27, -458, -415, -238, -180, 814, 105;
-50, 212, 25, -421, -451, -258, -198, 828, 98;
-50, 220, 27, -354, -458, -263, -197, 859, 108;
-57, 221, 23, -330, -506, -289, -224, 864, 89;
-57, 229, 24, -262, -510, -292, -223, 895, 97;
-58, 235, 24, -205, -523, -300, -228, 919, 96;
-64, 237, 20, -175, -560, -320, -249, 926, 78;
-62, 246, 21, -102, -553, -317, -243, 960, 85;
-66, 248, 17, -68, -582, -332, -260, 969, 68;
-63, 258, 20, 10, -563, -322, -248, 1006, 78;
-69, 258, 13, 32, -597, -339, -269, 1008, 53;
-64, 268, 17, 116, -565, -323, -250, 1048, 66;
-61, 276, 18, 184, -545, -312, -240, 1079, 70;
-62, 280, 15, 225, -547, -312, -243, 1093, 58;
-63, 283, 11, 263, -548, -312, -247, 1105, 44;
-61, 288, 9, 311, -534, -303, -241, 1124, 38;
-60, 292, 7, 355, -519, -294, -236, 1140, 30;
-55, 299, 9, 416, -481, -274, -217, 1168, 35;
-54, 302, 5, 448, -467, -264, -213, 1179, 23;
-48, 309, 7, 506, -421, -239, -189, 1206, 29;
-46, 312, 5, 536, -397, -225, -180, 1217, 20;
-41, 317, 5, 580, -353, -200, -159, 1237, 21;
-31, 325, 9, 645, -283, -163, -123, 1270, 37;
-27, 328, 7, 668, -249, -143, -108, 1279, 30;
-21, 332, 8, 701, -199, -115, -85, 1295, 32;
-19, 331, 5, 707, -170, -98, -74, 1294, 19;
-16, 331, 2, 712, -139, -79, -62, 1294, 8;
-12, 331, 0, 711, -107, -59, -50, 1291, -2;
0, 339, 5, 766, -13, -10, 0, 1324, 23;
2, 337, 2, 753, 16, 8, 10, 1315, 10;
7, 337, 1, 752, 62, 34, 30, 1315, 6;
6, 329, -6, 703, 64, 38, 24, 1286, -23;
12, 329, -5, 699, 116, 67, 48, 1286, -23;
18, 329, -5, 692, 168, 96, 72, 1285, -21;
25, 328, -5, 681, 219, 125, 97, 1282, -19;
31, 328, -3, 671, 274, 155, 124, 1281, -15;
30, 319, -11, 603, 273, 158, 117, 1244, -43;
38, 319, -8, 597, 337, 192, 149, 1247, -31;
43, 316, -8, 565, 376, 215, 168, 1235, -32;
43, 309, -12, 506, 390, 224, 170, 1206, -48;
44, 302, -16, 446, 403, 232, 173, 1178, -63;
53, 303, -11, 437, 468, 267, 208, 1182, -43;
60, 302, -7, 416, 520, 294, 236, 1178, -30;
56, 289, -15, 321, 497, 285, 218, 1130, -61;
64, 290, -9, 310, 558, 317, 253, 1134, -38;
67, 285, -10, 260, 578, 328, 262, 1114, -39;
62, 273, -17, 164, 550, 314, 243, 1066, -67;
59, 263, -21, 84, 536, 308, 232, 1028, -85;
67, 265, -15, 73, 588, 334, 264, 1033, -59;
64, 255, -19, -5, 568, 325, 251, 996, -75;
60, 245, -24, -89, 540, 311, 234, 956, -94;
68, 248, -15, -88, 593, 337, 268, 969, -60;
62, 236, -22, -181, 548, 314, 241, 922, -85;
58, 228, -25, -253, 519, 298, 226, 889, -98;
63, 229, -19, -265, 546, 311, 245, 893, -74;
63, 225, -17, -303, 542, 307, 246, 880, -67;
55, 214, -23, -388, 486, 277, 215, 838, -90;
50, 207, -25, -448, 449, 257, 196, 811, -100;
51, 206, -22, -470, 444, 253, 199, 806, -87;
47, 202, -22, -513, 414, 236, 185, 789, -88;
47, 201, -19, -529, 404, 228, 185, 787, -75;
43, 197, -19, -565, 368, 208, 169, 771, -77;
35, 191, -23, -617, 311, 177, 140, 746, -90;
31, 188, -23, -645, 272, 154, 123, 734, -91;
30, 189, -20, -649, 251, 141, 117, 737, -79;
15, 176, -30, -731, 146, 86, 59, 690, -119;
10, 175, -30, -746, 104, 61, 41, 684, -119;
13, 182, -23, -709, 108, 60, 51, 709, -89;
6, 180, -24, -723, 56, 31, 27, 702, -94;
-1, 176, -28, -750, -12, -6, -7, 686, -109;
-2, 181, -23, -716, -26, -16, -8, 706, -90;
-13, 175, -29, -750, -111, -62, -53, 684, -114;
-15, 180, -25, -716, -133, -76, -58, 703, -100;
-25, 176, -30, -732, -208, -116, -97, 689, -119;
-21, 187, -21, -658, -196, -113, -83, 731, -85;
-30, 185, -26, -663, -266, -152, -119, 723, -103;
-37, 186, -28, -649, -320, -181, -145, 726, -110;
-42, 189, -28, -620, -361, -204, -164, 737, -111;
-42, 196, -24, -561, -372, -213, -165, 767, -95;
-43, 203, -21, -504, -388, -223, -169, 794, -83;
-49, 205, -23, -476, -434, -248, -192, 802, -91;
-50, 212, -21, -420, -450, -258, -197, 828, -82;
-53, 217, -20, -371, -475, -272, -208, 848, -80;
-60, 218, -24, -347, -524, -298, -235, 853, -94;
-62, 223, -24, -298, -546, -310, -245, 873, -94;
-66, 227, -25, -257, -575, -326, -260, 887, -100;
-64, 236, -21, -180, -565, -322, -252, 923, -84;
-64, 244, -19, -115, -567, -324, -252, 951, -77;
-66, 249, -20, -65, -579, -330, -258, 971, -79;
-62, 258, -16, 15, -558, -320, -245, 1009, -62;
-65, 262, -18, 54, -575, -328, -256, 1021, -71;
-60, 272, -12, 140, -541, -311, -235, 1063, -50;
-64, 273, -17, 166, -563, -321, -251, 1068, -66;
-58, 284, -11, 249, -524, -301, -229, 1107, -46;
-63, 282, -17, 260, -551, -313, -248, 1103, -70;
-54, 295, -9, 359, -486, -279, -211, 1153, -38;
-56, 296, -13, 381, -492, -281, -219, 1157, -52;
-55, 299, -14, 414, -482, -274, -217, 1168, -57;
-51, 305, -13, 465, -450, -256, -202, 1189, -51;
-49, 308, -13, 501, -425, -241, -192, 1203, -51;
-38, 320, -4, 587, -346, -199, -149, 1248, -19;
-36, 321, -6, 607, -326, -187, -142, 1254, -24;
-35, 321, -8, 619, -308, -175, -138, 1255, -33;
-25, 330, -2, 681, -235, -136, -100, 1287, -8;
-24, 329, -4, 683, -218, -124, -96, 1283, -18;
-24, 326, -8, 676, -202, -113, -94, 1275, -31;
-11, 336, 0, 742, -109, -64, -43, 1312, 3;
-12, 332, -3, 717, -101, -57, -47, 1294, -15;
-1, 338, 3, 761, -19, -12, -4, 1320, 11;
0, 335, 0, 739, 1, 0, 0, 1306, 0;
6, 336, 2, 744, 53, 30, 25, 1310, 9;
13, 337, 5, 751, 112, 62, 54, 1316, 22;
15, 332, 2, 716, 132, 75, 58, 1296, 11;
15, 326, 0, 671, 146, 86, 59, 1271, -3;
26, 330, 6, 689, 227, 129, 102, 1287, 24;
28, 325, 5, 650, 254, 145, 111, 1268, 19;
34, 323, 7, 629, 300, 171, 133, 1260, 27;
41, 322, 10, 614, 354, 201, 160, 1258, 42;
38, 312, 5, 539, 350, 202, 151, 1219, 21;
46, 312, 10, 525, 409, 233, 182, 1218, 41;
53, 311, 14, 502, 459, 261, 208, 1213, 57;
52, 302, 11, 431, 462, 264, 204, 1178, 44;
57, 298, 14, 394, 497, 283, 222, 1165, 55;
62, 296, 17, 361, 537, 305, 243, 1155, 69;
58, 284, 12, 271, 518, 297, 228, 1110, 49;
59, 277, 12, 210, 528, 303, 231, 1083, 49;
58, 269, 11, 140, 525, 302, 227, 1051, 43;
69, 273, 21, 144, 595, 338, 269, 1065, 84;
65, 263, 18, 62, 577, 329, 257, 1027, 72;
63, 254, 17, -9, 564, 323, 249, 994, 66;
63, 248, 17, -67, 562, 321, 247, 969, 68;
67, 247, 22, -96, 585, 333, 263, 963, 89;
66, 240, 23, -156, 573, 326, 257, 938, 89;
60, 230, 19, -241, 532, 305, 234, 897, 74;
57, 223, 18, -303, 509, 292, 222, 870, 71;
58, 221, 22, -332, 513, 293, 228, 862, 88;
54, 214, 21, -390, 483, 276, 214, 836, 85;
49, 207, 20, -454, 443, 255, 193, 807, 78;
44, 200, 18, -511, 403, 233, 173, 781, 72;
41, 196, 19, -549, 377, 217, 162, 766, 76;
41, 196, 24, -564, 369, 211, 163, 765, 93;
42, 196, 28, -574, 359, 204, 163, 766, 111;
30, 185, 21, -653, 274, 158, 117, 723, 82;
29, 186, 24, -660, 257, 147, 113, 725, 97;
27, 186, 28, -665, 235, 133, 107, 727, 109;
18, 180, 24, -709, 169, 97, 73, 704, 95;
15, 180, 26, -714, 136, 77, 61, 704, 102;
6, 175, 22, -750, 67, 40, 25, 684, 87;
2, 175, 23, -753, 26, 16, 8, 683, 90;
-4, 173, 21, -764, -26, -13, -16, 677, 85;
-1, 182, 30, -710, -19, -13, -4, 710, 117;
-11, 177, 24, -735, -97, -54, -44, 693, 97;
-10, 184, 30, -687, -103, -61, -40, 721, 119;
-20, 181, 25, -703, -179, -102, -79, 708, 99;
-26, 182, 23, -692, -230, -130, -104, 710, 93;
-24, 191, 30, -627, -231, -134, -97, 745, 117;
-31, 192, 28, -609, -280, -161, -121, 751, 109;
-40, 190, 22, -609, -350, -199, -157, 744, 88;
-46, 192, 20, -587, -399, -226, -182, 750, 79;
-43, 203, 26, -507, -391, -224, -171, 792, 103;
-49, 205, 23, -479, -437, -249, -194, 800, 92;
-57, 205, 18, -462, -492, -279, -224, 802, 72;
-58, 212, 19, -403, -507, -288, -228, 828, 77;
-56, 222, 23, -326, -502, -287, -221, 866, 92;
-59, 226, 22, -279, -527, -301, -233, 884, 86;
-59, 234, 23, -210, -528, -303, -231, 916, 93;
-58, 242, 25, -143, -529, -304, -229, 946, 97;
-60, 247, 23, -92, -543, -312, -237, 966, 91;
-63, 251, 20, -48, -562, -322, -248, 981, 80;
-61, 260, 22, 25, -548, -315, -239, 1015, 87;
-65, 262, 17, 55, -574, -328, -255, 1022, 67;
-62, 270, 19, 129, -552, -316, -242, 1056, 75;
-60, 277, 18, 188, -541, -310, -237, 1081, 73;
-66, 276, 11, 201, -572, -325, -258, 1077, 43;
-55, 290, 18, 310, -502, -288, -217, 1134, 74;
-62, 288, 9, 310, -535, -304, -242, 1123, 37;
-54, 298, 13, 390, -483, -276, -214, 1163, 53;
-55, 299, 9, 416, -481, -273, -216, 1169, 35;
-47, 309, 13, 493, -422, -242, -185, 1207, 51;
-47, 310, 9, 515, -411, -234, -184, 1212, 35;
-45, 312, 6, 541, -391, -222, -177, 1220, 23;
-43, 314, 2, 564, -369, -208, -169, 1227, 11;
-36, 320, 4, 613, -315, -178, -142, 1251, 18;
-29, 326, 5, 656, -261, -149, -116, 1271, 23;
-23, 330, 6, 692, -208, -119, -90, 1289, 26;
-21, 329, 2, 690, -188, -106, -85, 1284, 9;
-12, 335, 6, 736, -114, -66, -47, 1309, 23;
-7, 336, 4, 743, -75, -43, -30, 1311, 17;
0, 339, 6, 767, -13, -9, 0, 1324, 23;
1, 336, 1, 745, 7, 3, 4, 1310, 4;
7, 337, 1, 752, 61, 34, 30, 1315, 6;
7, 331, -4, 710, 72, 42, 28, 1291, -18;
18, 335, 0, 736, 153, 86, 71, 1309, 0;
24, 335, 0, 728, 204, 114, 95, 1307, 0;
23, 327, -6, 672, 210, 120, 91, 1276, -25;
34, 330, -1, 686, 289, 163, 133, 1290, -5;
30, 319, -10, 605, 276, 159, 118, 1246, -42;
39, 320, -6, 603, 344, 196, 154, 1251, -27;
39, 313, -11, 544, 356, 204, 155, 1222, -45;
50, 315, -6, 546, 430, 244, 195, 1231, -23;
46, 304, -13, 461, 419, 240, 183, 1187, -53;
48, 297, -16, 403, 434, 250, 187, 1161, -64;
51, 293, -17, 358, 462, 266, 200, 1142, -66;
56, 290, -15, 324, 500, 286, 220, 1132, -59;
63, 289, -11, 301, 549, 312, 247, 1129, -44;
61, 280, -15, 225, 543, 310, 240, 1092, -61;
67, 279, -11, 199, 584, 332, 264, 1088, -46;
65, 269, -15, 123, 574, 327, 256, 1052, -61;
68, 265, -14, 78, 593, 337, 267, 1037, -56;
61, 252, -21, -21, 552, 317, 241, 986, -85;
62, 247, -22, -76, 553, 317, 242, 964, -86;
68, 248, -15, -89, 592, 336, 267, 968, -61;
61, 235, -22, -186, 543, 311, 238, 919, -89;
63, 233, -20, -221, 551, 314, 246, 909, -78;
56, 222, -25, -307, 505, 290, 220, 867, -100;
57, 220, -22, -337, 508, 290, 225, 859, -88;
51, 211, -26, -408, 465, 267, 202, 825, -103;
53, 210, -22, -429, 468, 267, 208, 822, -88;
47, 203, -26, -494, 420, 241, 184, 791, -102;
50, 205, -19, -493, 433, 245, 197, 800, -76;
45, 199, -21, -541, 392, 222, 177, 779, -83;
41, 196, -21, -575, 358, 203, 163, 765, -83;
33, 189, -25, -632, 296, 169, 131, 737, -100;
33, 190, -21, -633, 284, 160, 130, 742, -84;
26, 185, -23, -669, 231, 131, 105, 725, -92;
23, 185, -22, -679, 199, 112, 92, 722, -86;
15, 180, -26, -718, 133, 76, 59, 702, -101;
10, 179, -25, -724, 94, 53, 42, 700, -98;
2, 175, -29, -754, 26, 16, 8, 683, -113;
0, 177, -26, -742, -5, -2, -3, 690, -105;
-10, 173, -31, -766, -76, -41, -39, 675, -121;
-7, 181, -23, -711, -72, -42, -28, 708, -90;
-16, 178, -27, -725, -142, -80, -64, 697, -106;
-21, 180, -26, -708, -183, -104, -82, 704, -104;
-22, 186, -22, -664, -202, -116, -86, 728, -89;
-33, 182, -29, -681, -285, -161, -130, 712, -114;
-37, 186, -28, -648, -319, -180, -145, 727, -110;
-39, 191, -26, -604, -344, -196, -154, 748, -101;
-47, 191, -29, -593, -404, -229, -185, 747, -115;
-42, 204, -20, -497, -381, -219, -165, 798, -79;
-52, 202, -26, -496, -453, -258, -204, 790, -103;
-50, 213, -20, -416, -447, -256, -195, 830, -80;
-51, 219, -18, -358, -462, -266, -200, 857, -72;
-55, 223, -19, -317, -494, -283, -216, 871, -76;
-61, 225, -22, -289, -537, -306, -239, 878, -89;
-58, 236, -17, -203, -521, -299, -227, 920, -67;
-62, 238, -19, -166, -552, -316, -244, 932, -76;
-61, 246, -17, -98, -549, -315, -241, 962, -67;
-60, 254, -14, -31, -545, -313, -237, 992, -58;
-65, 256, -18, 0, -573, -327, -254, 1000, -71;
-64, 263, -17, 61, -568, -324, -251, 1026, -66;
-67, 265, -20, 95, -586, -333, -264, 1035, -78;
-58, 279, -11, 204, -525, -302, -227, 1091, -43;
-67, 275, -20, 196, -577, -327, -262, 1074, -79;
-58, 288, -12, 295, -516, -296, -227, 1125, -48;
-53, 297, -8, 366, -479, -276, -207, 1158, -33;
-50, 302, -8, 415, -459, -264, -198, 1178, -31;
-56, 298, -15, 408, -489, -277, -221, 1164, -61;
-45, 311, -7, 502, -412, -237, -178, 1213, -27;
-45, 312, -9, 525, -401, -229, -177, 1218, -36;
-43, 315, -10, 554, -378, -216, -169, 1228, -39;
-39, 318, -9, 590, -343, -196, -153, 1243, -35;
-37, 320, -10, 610, -318, -180, -144, 1249, -39;
-27, 328, -4, 669, -248, -142, -108, 1279, -16;
-21, 332, -1, 705, -195, -113, -82, 1297, -4;
-17, 334, 0, 721, -157, -91, -66, 1303, -3;
-10, 337, 1, 746, -104, -61, -41, 1315, 6;
-9, 334, -1, 733, -84, -48, -36, 1305, -4;
-7, 331, -3, 719, -61, -33, -30, 1294, -14;
4, 339, 4, 766, 28, 14, 17, 1323, 17;
4, 334, 0, 732, 41, 24, 17, 1302, 1;
11, 334, 2, 733, 94, 53, 43, 1305, 11;
19, 336, 6, 741, 158, 88, 74, 1312, 27;
24, 335, 8, 729, 204, 115, 95, 1308, 33;
24, 328, 4, 676, 214, 123, 94, 1279, 16;
34, 330, 10, 684, 287, 162, 132, 1289, 40;
38, 327, 11, 658, 328, 185, 151, 1278, 45;
37, 319, 7, 592, 332, 190, 147, 1244, 28;
38, 311, 4, 535, 346, 200, 149, 1216, 19;
43, 309, 7, 506, 390, 224, 170, 1206, 29;
49, 307, 11, 480, 437, 250, 194, 1199, 43;
49, 298, 8, 410, 441, 253, 191, 1165, 31;
54, 295, 11, 375, 479, 274, 211, 1153, 43;
54, 288, 10, 313, 490, 281, 213, 1125, 40;
57, 283, 11, 266, 513, 294, 225, 1106, 46;
61, 279, 14, 220, 538, 308, 238, 1090, 55;
67, 278, 19, 196, 581, 330, 262, 1086, 77;
61, 265, 13, 95, 546, 313, 239, 1035, 53;
67, 264, 19, 70, 585, 333, 262, 1032, 77;
65, 256, 18, 2, 576, 329, 256, 1001, 73;
65, 250, 19, -54, 575, 328, 256, 977, 76;
61, 240, 16, -135, 546, 313, 239, 939, 65;
68, 242, 25, -142, 587, 333, 266, 946, 98;
66, 236, 25, -201, 571, 324, 258, 921, 98;
61, 227, 22, -277, 534, 305, 238, 885, 87;
53, 215, 17, -366, 479, 276, 207, 841, 67;
56, 216, 23, -378, 495, 282, 221, 844, 93;
50, 207, 20, -451, 446, 256, 195, 809, 79;
48, 204, 22, -487, 428, 245, 188, 796, 87;
51, 206, 29, -489, 437, 247, 200, 803, 113;
43, 197, 25, -554, 379, 216, 169, 771, 99;
41, 195, 27, -577, 356, 202, 161, 764, 108;
33, 189, 24, -631, 297, 169, 131, 737, 96;
31, 188, 27, -645, 272, 154, 122, 734, 106;
27, 186, 28, -663, 237, 134, 108, 728, 111;
22, 183, 27, -689, 189, 107, 86, 716, 108;
12, 177, 23, -731, 119, 69, 50, 693, 92;
7, 176, 23, -743, 75, 44, 30, 688, 92;
0, 173, 21, -763, 16, 11, 2, 677, 84;
4, 182, 30, -710, 26, 13, 16, 710, 118;
-6, 176, 24, -744, -53, -30, -25, 689, 96;
-9, 179, 26, -724, -85, -49, -37, 700, 104;
-12, 182, 28, -700, -117, -68, -49, 713, 111;
-17, 184, 28, -686, -162, -93, -69, 718, 110;
-21, 187, 28, -661, -199, -115, -85, 729, 112;
-24, 191, 30, -625, -228, -132, -95, 747, 118;
-38, 185, 20, -656, -326, -184, -150, 722, 81;
-41, 190, 21, -615, -355, -201, -161, 741, 85;
-39, 199, 27, -542, -354, -203, -154, 778, 106;
-44, 203, 26, -508, -392, -225, -171, 792, 102;
-50, 205, 23, -481, -439, -250, -195, 799, 90;
-48, 214, 27, -404, -434, -250, -187, 838, 109;
-56, 214, 21, -390, -494, -282, -220, 836, 85;
-53, 225, 27, -302, -479, -276, -207, 881, 106;
-58, 228, 23, -271, -518, -297, -228, 889, 91;
-61, 232, 21, -226, -543, -310, -241, 906, 83;
-65, 236, 18, -182, -568, -324, -254, 922, 73;
-64, 243, 19, -117, -568, -324, -252, 951, 76;
-60, 254, 23, -29, -543, -312, -236, 993, 92;
-62, 259, 21, 17, -555, -318, -243, 1011, 83;
-61, 266, 21, 81, -548, -315, -239, 1038, 83;
-61, 271, 19, 131, -550, -315, -241, 1057, 76;
-62, 275, 17, 177, -552, -316, -244, 1074, 66;
-66, 275, 10, 198, -575, -326, -260, 1075, 41;
-63, 282, 11, 260, -552, -313, -249, 1103, 42;
-53, 297, 18, 366, -479, -276, -207, 1158, 73;
-57, 295, 11, 375, -498, -284, -223, 1153, 43;
-48, 306, 15, 458, -439, -252, -190, 1195, 61;
-49, 307, 10, 477, -438, -250, -194, 1197, 41;
-42, 315, 13, 542, -385, -221, -167, 1228, 51;
-43, 315, 8, 555, -377, -215, -168, 1229, 31;
-34, 323, 11, 620, -313, -181, -135, 1261, 46;
-32, 324, 8, 638, -289, -166, -126, 1266, 33;
-30, 325, 5, 651, -266, -151, -119, 1268, 20;
-22, 331, 7, 697, -203, -117, -87, 1292, 29;
-21, 329, 3, 695, -183, -104, -82, 1286, 12;
-12, 335, 5, 734, -116, -67, -48, 1308, 22;
-12, 331, 0, 711, -106, -59, -50, 1291, -2;
0, 338, 5, 762, -18, -12, -3, 1321, 20;
-3, 331, -3, 716, -21, -10, -13, 1292, -13;
9, 338, 3, 762, 72, 39, 36, 1321, 12;
5, 328, -6, 697, 58, 35, 20, 1282, -27;
19, 337, 1, 746, 163, 91, 77, 1315, 6;
24, 335, 0, 729, 205, 115, 96, 1308, 1;
24, 327, -6, 675, 213, 122, 93, 1278, -23;
26, 322, -9, 635, 238, 137, 101, 1258, -37;
32, 321, -9, 616, 286, 164, 125, 1252, -35;
39, 320, -7, 601, 342, 195, 152, 1250, -28;
41, 314, -10, 552, 363, 208, 159, 1226, -40;
49, 315, -6, 545, 429, 243, 194, 1230, -24;
54, 312, -5, 510, 467, 265, 213, 1218, -23;
55, 305, -8, 451, 482, 274, 217, 1191, -34;
53, 295, -14, 371, 475, 272, 208, 1151, -58;
58, 292, -13, 337, 513, 293, 228, 1140, -51;
63, 290, -10, 304, 552, 314, 249, 1131, -42;
67, 285, -10, 258, 576, 327, 261, 1113, -40;
58, 269, -20, 142, 528, 303, 229, 1052, -81;
69, 273, -11, 147, 598, 339, 271, 1067, -46;
66, 263, -16, 66, 580, 330, 259, 1029, -64;
62, 253, -21, -18, 555, 318, 243, 988, -83;
69, 254, -14, -29, 600, 340, 271, 993, -57;
67, 246, -17, -99, 583, 332, 261, 962, -67;
61, 235, -22, -187, 543, 311, 238, 919, -89;
58, 228, -24, -249, 524, 301, 229, 892, -95;
57, 223, -24, -297, 514, 295, 225, 873, -94;
58, 221, -21, -330, 515, 294, 229, 863, -84;
58, 218, -19, -365, 509, 289, 229, 852, -76;
54, 211, -21, -423, 474, 270, 212, 826, -84;
48, 204, -25, -487, 427, 245, 188, 796, -97;
42, 197, -27, -543, 384, 221, 166, 770, -107;
44, 199, -22, -545, 387, 220, 174, 776, -86;
42, 196, -20, -572, 361, 204, 164, 767, -81;
32, 188, -26, -637, 291, 166, 127, 733, -103;
25, 182, -29, -684, 233, 135, 99, 710, -115;
22, 181, -28, -699, 201, 116, 86, 706, -111;
19, 180, -26, -708, 169, 97, 74, 704, -105;
17, 182, -23, -701, 149, 84, 69, 712, -91;
13, 182, -22, -707, 111, 61, 53, 711, -88;
4, 177, -26, -738, 41, 24, 17, 693, -103;
3, 181, -23, -718, 19, 9, 11, 706, -90;
-10, 173, -31, -767, -76, -41, -39, 675, -121;
-8, 180, -24, -718, -79, -46, -33, 704, -95;
-18, 177, -29, -736, -153, -86, -71, 690, -113;
-21, 180, -27, -710, -186, -105, -84, 703, -106;
-26, 182, -27, -693, -231, -131, -104, 710, -107;
-31, 184, -27, -671, -274, -156, -124, 718, -108;
-33, 190, -24, -624, -295, -168, -130, 742, -95;
-41, 189, -28, -617, -358, -203, -162, 739, -110;
-46, 192, -28, -586, -398, -225, -181, 751, -111;
-43, 203, -21, -507, -391, -224, -171, 792, -85;
-46, 208, -20, -457, -415, -238, -180, 814, -79;
-52, 210, -23, -433, -464, -265, -206, 820, -90;
-59, 212, -26, -406, -509, -289, -230, 827, -101;
-61, 218, -25, -352, -528, -300, -237, 850, -97;
-64, 222, -25, -306, -554, -314, -250, 868, -99;
-67, 227, -26, -259, -577, -327, -261, 886, -101;
-60, 241, -17, -151, -536, -308, -234, 941, -66;
-66, 242, -21, -126, -577, -329, -258, 945, -84;
-68, 247, -22, -78, -592, -337, -266, 963, -87;
-68, 253, -21, -17, -590, -336, -265, 989, -82;
-64, 263, -16, 64, -565, -323, -249, 1028, -65;
-63, 269, -16, 120, -561, -321, -248, 1051, -63;
-61, 276, -14, 185, -544, -312, -239, 1079, -54;
-66, 276, -19, 202, -571, -324, -258, 1078, -75;
-57, 288, -11, 298, -514, -294, -225, 1126, -46;
-58, 292, -13, 335, -510, -291, -226, 1139, -52;
-57, 296, -14, 376, -497, -283, -222, 1154, -55;
-54, 300, -13, 420, -477, -271, -214, 1171, -54;
-51, 305, -13, 465, -449, -255, -202, 1190, -50;
-48, 309, -12, 506, -420, -239, -189, 1206, -48;
-41, 317, -7, 567, -365, -209, -161, 1236, -31;
-43, 314, -12, 566, -368, -208, -168, 1228, -50;
-32, 325, -5, 641, -287, -165, -125, 1268, -20;
-29, 326, -6, 656, -261, -149, -116, 1272, -24;
-29, 323, -9, 650, -250, -140, -116, 1263, -38;
-24, 326, -8, 673, -204, -115, -95, 1273, -33;
-17, 330, -5, 704, -146, -82, -67, 1289, -19;
-9, 334, -1, 732, -86, -49, -37, 1304, -5;
-7, 332, -3, 722, -57, -32, -27, 1296, -11;
-5, 329, -5, 704, -32, -16, -20, 1285, -20;
2, 331, -1, 718, 28, 17, 9, 1294, -6;
14, 337, 5, 752, 114, 63, 54, 1317, 23;
20, 337, 7, 748, 164, 91, 78, 1316, 31;
17, 328, 1, 685, 161, 93, 68, 1280, 5;
29, 333, 9, 710, 248, 139, 115, 1300, 37;
29, 325, 5, 654, 257, 147, 113, 1270, 21;
38, 328, 11, 659, 329, 186, 151, 1279, 46;
33, 315, 3, 568, 309, 178, 132, 1229, 14;
43, 316, 9, 566, 377, 215, 168, 1235, 38;
48, 314, 12, 536, 420, 239, 189, 1225, 48;
45, 302, 6, 450, 407, 235, 176, 1180, 25;
50, 299, 9, 416, 447, 256, 195, 1169, 35;
51, 293, 8, 358, 462, 266, 200, 1142, 32;
56, 290, 11, 323, 500, 286, 220, 1131, 46;
61, 287, 15, 290, 538, 307, 240, 1122, 61;
57, 276, 11, 201, 519, 298, 226, 1078, 43;
68, 279, 20, 200, 586, 332, 265, 1088, 80;
66, 270, 19, 129, 580, 330, 260, 1056, 74;
70, 267, 22, 89, 603, 342, 273, 1043, 88;
60, 251, 13, -30, 543, 312, 235, 980, 52;
61, 246, 15, -79, 550, 316, 240, 962, 61;
67, 247, 23, -95, 586, 333, 264, 964, 89;
62, 236, 19, -179, 550, 314, 243, 923, 75;
61, 231, 20, -234, 538, 308, 238, 901, 78;
58, 224, 19, -296, 515, 295, 226, 873, 75;
61, 223, 25, -315, 531, 302, 239, 873, 99;
57, 217, 24, -374, 500, 285, 224, 847, 95;
55, 212, 25, -419, 478, 272, 215, 829, 99;
50, 206, 24, -471, 443, 253, 198, 806, 97;
48, 202, 26, -509, 417, 237, 187, 791, 101;
43, 197, 25, -554, 379, 216, 169, 771, 99;
37, 191, 23, -605, 328, 188, 144, 747, 91;
33, 189, 24, -630, 298, 170, 132, 738, 97;
27, 184, 23, -669, 247, 142, 107, 719, 91;
28, 187, 28, -661, 239, 135, 109, 729, 112;
15, 177, 21, -728, 150, 87, 61, 692, 83;
14, 179, 25, -722, 128, 74, 56, 699, 98;
7, 176, 23, -744, 74, 43, 30, 688, 91;
6, 179, 27, -728, 52, 29, 24, 699, 106;
3, 181, 29, -717, 19, 9, 12, 706, 114;
-1, 181, 29, -715, -24, -15, -7, 707, 114;
-11, 178, 25, -733, -94, -53, -43, 694, 98;
-18, 176, 22, -737, -153, -86, -71, 690, 88;
-18, 183, 27, -692, -168, -96, -73, 714, 106;
-29, 179, 21, -709, -248, -139, -115, 699, 82;
-27, 188, 27, -646, -249, -143, -108, 734, 105;
-36, 187, 23, -641, -311, -177, -140, 731, 90;
-42, 188, 20, -624, -364, -206, -166, 735, 80;
-45, 194, 21, -578, -389, -221, -176, 756, 84;
-48, 198, 21, -536, -420, -239, -189, 774, 84;
-50, 205, 23, -481, -438, -250, -195, 799, 90;
-56, 207, 20, -454, -484, -275, -218, 807, 78;
-52, 218, 26, -364, -467, -268, -204, 853, 102;
-63, 215, 17, -367, -543, -308, -247, 840, 66;
-57, 229, 25, -261, -509, -292, -222, 896, 97;
-60, 233, 22, -219, -537, -307, -237, 910, 87;
-58, 242, 25, -143, -529, -304, -229, 946, 97;
-69, 239, 15, -143, -595, -338, -269, 934, 59;
-68, 247, 16, -77, -591, -336, -266, 964, 62;
-66, 254, 16, -9, -583, -332, -261, 993, 65;
-64, 262, 18, 59, -570, -326, -253, 1025, 70;
-61, 271, 19, 131, -550, -315, -241, 1057, 76;
-66, 271, 12, 151, -578, -329, -260, 1058, 50;
-62, 279, 14, 223, -550, -314, -245, 1091, 57;
-65, 281, 9, 250, -562, -319, -255, 1097, 36;
-62, 287, 9, 308, -537, -305, -243, 1122, 37;
-54, 298, 13, 391, -482, -276, -213, 1163, 53;
-48, 306, 16, 461, -436, -251, -188, 1197, 63;
-53, 303, 7, 454, -460, -261, -208, 1183, 27;
-43, 314, 12, 538, -389, -223, -169, 1226, 49;
-38, 320, 13, 588, -345, -199, -148, 1249, 52;
-34, 323, 11, 621, -313, -180, -134, 1262, 46;
-36, 320, 4, 612, -316, -179, -143, 1250, 17;
-27, 328, 8, 672, -245, -141, -106, 1282, 33;
-29, 324, 0, 654, -246, -138, -114, 1265, 3;
-20, 330, 3, 699, -179, -102, -79, 1289, 14;
-16, 331, 2, 711, -139, -79, -63, 1293, 8;
-12, 331, 0, 715, -102, -57, -47, 1294, 0;
-4, 334, 1, 736, -43, -24, -19, 1305, 4;
-1, 333, -1, 727, -9, -4, -6, 1299, -6;
2, 332, -3, 720, 29, 18, 10, 1295, -13;
8, 332, -3, 720, 81, 47, 34, 1296, -13;
17, 334, 0, 731, 148, 83, 68, 1306, -3;
24, 335, 0, 729, 204, 115, 95, 1308, 1;
21, 325, -8, 658, 196, 114, 83, 1268, -34;
25, 322, -10, 630, 234, 135, 99, 1256, -40;
38, 327, -2, 657, 328, 185, 151, 1278, -9;
38, 319, -8, 596, 337, 192, 149, 1247, -31;
41, 315, -9, 555, 366, 209, 161, 1228, -38;
43, 309, -12, 503, 387, 222, 169, 1205, -50;
54, 312, -6, 509, 466, 264, 212, 1217, -23;
53, 303, -11, 438, 469, 267, 209, 1182, -43;
56, 297, -12, 389, 493, 281, 219, 1162, -47;
57, 290, -14, 327, 504, 288, 222, 1134, -57;
64, 290, -10, 306, 554, 315, 250, 1132, -41;
67, 285, -10, 259, 577, 327, 261, 1114, -40;
62, 273, -17, 163, 549, 314, 242, 1066, -68;
69, 273, -11, 147, 598, 339, 271, 1067, -46;
68, 265, -14, 75, 590, 335, 265, 1035, -57;
65, 256, -18, 1, 574, 328, 255, 1000, -71;
69, 254, -15, -33, 596, 339, 269, 991, -59;
59, 239, -24, -146, 535, 308, 232, 932, -96;
65, 240, -18, -156, 573, 326, 257, 938, -70;
59, 229, -23, -243, 530, 304, 232, 895, -92;
57, 223, -24, -302, 510, 293, 223, 870, -97;
54, 216, -26, -360, 485, 279, 211, 845, -102;
53, 212, -25, -402, 472, 271, 206, 829, -99;
56, 214, -19, -410, 487, 277, 220, 834, -76;
47, 203, -25, -491, 424, 243, 186, 793, -100;
48, 203, -21, -507, 419, 238, 188, 792, -85;
37, 192, -28, -589, 344, 198, 148, 750, -113;
40, 195, -22, -581, 353, 200, 159, 762, -87;
32, 188, -26, -638, 290, 166, 127, 733, -103;
31, 188, -23, -645, 272, 154, 122, 734, -91;
28, 187, -22, -659, 241, 136, 110, 730, -86;
20, 181, -25, -700, 178, 101, 79, 709, -100;
10, 175, -30, -748, 102, 60, 39, 683, -120;
9, 178, -26, -731, 86, 49, 38, 696, -103;
0, 173, -30, -763, 17, 11, 2, 677, -119;
4, 182, -21, -711, 26, 13, 16, 710, -85;
-9, 173, -30, -764, -74, -40, -38, 676, -120;
-8, 181, -23, -715, -76, -44, -31, 706, -93;
-16, 178, -27, -726, -143, -81, -65, 696, -107;
-17, 184, -23, -684, -160, -92, -68, 719, -90;
-25, 183, -26, -683, -221, -126, -98, 716, -101;
-33, 182, -29, -681, -285, -161, -130, 712, -114;
-30, 192, -21, -608, -279, -160, -120, 752, -85;
-37, 193, -23, -591, -331, -189, -146, 756, -93;
-44, 195, -26, -571, -383, -218, -172, 760, -102;
-49, 198, -27, -540, -424, -241, -191, 772, -105;
-47, 207, -21, -465, -422, -242, -185, 809, -84;
-50, 212, -20, -417, -448, -257, -196, 830, -80;
-54, 216, -21, -377, -480, -275, -212, 845, -83;
-60, 218, -24, -348, -524, -298, -235, 852, -95;
-59, 227, -20, -275, -523, -299, -231, 887, -80;
-60, 234, -19, -215, -532, -305, -234, 913, -74;
-63, 237, -20, -173, -558, -319, -248, 927, -80;
-61, 247, -16, -95, -546, -313, -239, 964, -65;
-60, 255, -14, -26, -540, -311, -234, 995, -55;
-70, 251, -23, -32, -606, -344, -275, 979, -92;
-69, 258, -22, 30, -599, -340, -271, 1006, -86;
-69, 263, -22, 83, -599, -340, -271, 1027, -86;
-61, 276, -14, 184, -545, -312, -240, 1079, -55;
-57, 285, -10, 257, -516, -297, -224, 1112, -41;
-57, 289, -11, 299, -513, -294, -224, 1127, -46;
-58, 291, -14, 332, -513, -293, -228, 1137, -54;
-52, 300, -9, 403, -470, -270, -205, 1171, -38;
-51, 303, -10, 442, -455, -260, -200, 1185, -40;
-48, 308, -9, 487, -428, -245, -188, 1203, -37;
-45, 312, -9, 523, -403, -230, -178, 1217, -37;
-39, 318, -6, 577, -356, -204, -155, 1242, -24;
-37, 320, -7, 601, -332, -190, -146, 1250, -28;
-33, 324, -6, 635, -293, -167, -128, 1264, -23;
-32, 323, -8, 640, -277, -157, -126, 1261, -34;
-26, 327, -6, 670, -230, -131, -104, 1275, -26;
-22, 329, -5, 690, -188, -106, -85, 1283, -23;
-17, 329, -5, 700, -150, -84, -69, 1286, -22;
-8, 335, 0, 737, -80, -46, -34, 1307, -2;
-6, 332, -2, 723, -56, -31, -27, 1297, -11;
4, 338, 4, 762, 25, 12, 15, 1321, 15;
5, 334, 1, 735, 44, 25, 19, 1304, 3;
11, 334, 2, 733, 94, 53, 43, 1305, 11;
13, 331, 1, 707, 124, 71, 53, 1291, 5;
15, 325, 0, 669, 145, 85, 58, 1271, -3;
21, 324, 1, 656, 194, 113, 82, 1267, 4;
25, 322, 2, 632, 235, 136, 100, 1257, 8;
35, 324, 8, 635, 306, 174, 137, 1265, 31;
35, 317, 5, 579, 320, 184, 139, 1236, 20;
45, 319, 12, 580, 392, 222, 177, 1244, 47;
49, 314, 12, 540, 424, 241, 191, 1227, 50;
44, 302, 6, 448, 406, 234, 175, 1179, 23;
52, 301, 11, 429, 460, 263, 203, 1177, 43;
55, 296, 12, 382, 486, 278, 215, 1157, 48;
55, 289, 11, 319, 496, 284, 217, 1129, 43;
58, 284, 12, 270, 518, 296, 228, 1109, 49;
59, 278, 12, 212, 530, 304, 232, 1084, 50;
66, 277, 19, 192, 578, 329, 260, 1084, 75;
69, 273, 22, 147, 598, 339, 271, 1067, 86;
67, 264, 20, 72, 587, 334, 263, 1033, 78;
65, 256, 18, 1, 574, 328, 255, 1000, 72;
66, 251, 20, -50, 579, 330, 258, 980, 79;
69, 249, 24, -84, 597, 339, 271, 971, 96;
65, 240, 22, -159, 570, 325, 255, 936, 88;
65, 235, 24, -207, 566, 322, 255, 918, 95;
60, 226, 21, -283, 529, 302, 234, 882, 84;
60, 223, 24, -320, 525, 299, 235, 869, 95;
60, 219, 27, -358, 516, 293, 234, 857, 105;
52, 210, 23, -434, 463, 264, 205, 819, 90;
48, 204, 22, -487, 427, 245, 188, 796, 87;
44, 199, 22, -531, 395, 226, 174, 777, 88;
41, 195, 23, -568, 365, 209, 161, 763, 91;
40, 194, 26, -585, 348, 198, 157, 759, 104;
36, 191, 27, -616, 312, 177, 140, 747, 105;
34, 191, 30, -625, 292, 164, 135, 747, 118;
27, 186, 28, -664, 236, 133, 107, 727, 110;
22, 183, 27, -689, 189, 107, 86, 716, 108;
17, 182, 28, -703, 147, 83, 67, 710, 109;
8, 177, 24, -738, 79, 46, 33, 691, 95;
9, 182, 30, -706, 74, 40, 38, 713, 120;
4, 182, 30, -711, 25, 12, 16, 710, 118;
-3, 179, 27, -725, -34, -20, -13, 701, 108;
-7, 181, 28, -713, -74, -43, -30, 707, 111;
-19, 175, 21, -744, -160, -90, -76, 685, 84;
-20, 181, 25, -704, -180, -102, -80, 707, 98;
-20, 188, 30, -652, -190, -110, -79, 735, 118;
-32, 184, 23, -672, -275, -156, -124, 718, 89;
-28, 194, 30, -596, -267, -155, -112, 759, 118;
-39, 191, 23, -602, -343, -195, -153, 748, 93;
-44, 194, 22, -575, -387, -220, -174, 758, 86;
-48, 198, 21, -537, -421, -239, -190, 773, 84;
-45, 209, 28, -451, -408, -235, -176, 818, 109;
-51, 211, 24, -428, -458, -262, -202, 823, 94;
-55, 215, 23, -382, -485, -277, -215, 842, 91;
-58, 220, 22, -335, -511, -292, -227, 860, 86;
-59, 226, 22, -279, -527, -301, -233, 884, 86;
-58, 235, 24, -207, -524, -301, -229, 918, 95;
-66, 235, 17, -189, -574, -327, -258, 918, 69;
-62, 246, 22, -101, -552, -316, -242, 961, 86;
-63, 251, 20, -50, -564, -323, -249, 980, 79;
-61, 260, 22, 26, -547, -314, -238, 1016, 88;
-69, 258, 13, 29, -600, -341, -271, 1006, 51;
-65, 267, 15, 108, -573, -327, -256, 1043, 61;
-65, 272, 14, 160, -570, -324, -255, 1063, 55;
-66, 276, 11, 203, -570, -324, -257, 1079, 44;
-55, 291, 19, 311, -500, -288, -217, 1135, 74;
-59, 290, 12, 325, -520, -296, -232, 1132, 47;
-52, 300, 15, 404, -470, -270, -205, 1171, 61;
-50, 304, 14, 448, -448, -257, -196, 1189, 55;
-51, 305, 9, 468, -446, -254, -200, 1192, 36;
-48, 309, 8, 509, -417, -237, -187, 1208, 31;
-37, 320, 13, 591, -342, -197, -146, 1251, 54;
-35, 322, 10, 613, -320, -184, -139, 1258, 42;
-34, 322, 6, 625, -303, -173, -135, 1258, 25;
-29, 326, 6, 656, -260, -149, -115, 1272, 23;
-23, 330, 6, 692, -208, -120, -90, 1289, 26;
-22, 328, 1, 688, -190, -108, -87, 1282, 7;
-14, 333, 3, 721, -129, -74, -56, 1300, 14;
-6, 337, 5, 752, -66, -39, -25, 1316, 22;
-10, 329, -4, 703, -77, -41, -40, 1284, -16;
-3, 331, -3, 718, -19, -9, -11, 1293, -11;
4, 334, -1, 732, 41, 24, 18, 1302, -5;
10, 334, -1, 730, 91, 52, 41, 1303, -6;
15, 333, -2, 721, 137, 78, 61, 1299, -9;
18, 329, -5, 692, 167, 96, 72, 1285, -21;
29, 333, 0, 711, 249, 140, 116, 1301, -1;
34, 330, -1, 686, 289, 163, 133, 1290, -5;
35, 324, -5, 636, 307, 175, 138, 1265, -22;
40, 321, -5, 610, 350, 199, 158, 1255, -23;
37, 311, -13, 531, 342, 198, 146, 1214, -53;
44, 310, -11, 511, 395, 226, 173, 1209, -45;
44, 302, -15, 448, 405, 233, 174, 1179, -61;
53, 303, -10, 439, 469, 268, 209, 1183, -42;
52, 294, -15, 366, 470, 270, 205, 1148, -61;
60, 294, -10, 352, 528, 300, 237, 1149, -42;
55, 281, -19, 250, 498, 286, 215, 1097, -76;
60, 278, -17, 216, 534, 306, 235, 1087, -66;
63, 274, -16, 172, 557, 318, 247, 1071, -63;
64, 268, -17, 112, 563, 322, 249, 1045, -68;
66, 264, -16, 68, 582, 332, 260, 1030, -62;
68, 259, -15, 19, 593, 337, 267, 1012, -59;
62, 247, -21, -72, 557, 319, 245, 967, -83;
68, 248, -15, -87, 594, 337, 268, 969, -60;
66, 241, -17, -152, 578, 328, 260, 941, -67;
59, 229, -23, -244, 529, 303, 232, 895, -92;
60, 226, -21, -282, 530, 302, 235, 882, -84;
62, 224, -18, -310, 535, 304, 242, 876, -71;
52, 212, -25, -403, 471, 270, 206, 829, -100;
56, 214, -19, -410, 487, 277, 220, 834, -76;
52, 208, -21, -462, 452, 257, 204, 811, -82;
51, 205, -19, -490, 437, 247, 199, 803, -74;
38, 192, -28, -587, 346, 199, 149, 751, -111;
33, 187, -29, -628, 305, 176, 129, 732, -116;
31, 186, -28, -647, 281, 161, 121, 727, -109;
26, 183, -28, -676, 241, 139, 103, 715, -111;
22, 181, -28, -697, 203, 117, 87, 707, -109;
22, 183, -23, -689, 189, 107, 86, 716, -93;
11, 176, -29, -742, 108, 63, 43, 686, -116;
8, 177, -27, -737, 80, 46, 34, 692, -107;
6, 179, -24, -725, 55, 30, 26, 701, -95;
0, 177, -27, -743, -5, -2, -3, 690, -105;
-6, 177, -27, -742, -51, -29, -24, 690, -106;
-7, 181, -23, -711, -72, -42, -29, 708, -91;
-11, 183, -22, -696, -113, -66, -46, 715, -88;
-17, 184, -23, -685, -161, -93, -68, 719, -90;
-21, 187, -21, -657, -195, -113, -82, 732, -84;
-26, 190, -21, -635, -238, -137, -102, 741, -85;
-38, 184, -29, -657, -328, -185, -150, 721, -115;
-38, 193, -24, -594, -334, -191, -148, 754, -95;
-47, 192, -29, -590, -401, -227, -183, 749, -113;
-49, 197, -27, -542, -426, -242, -192, 771, -106;
-50, 204, -24, -484, -441, -251, -196, 798, -95;
-48, 214, -19, -409, -439, -253, -191, 835, -75;
-60, 210, -27, -416, -519, -294, -236, 821, -107;
-60, 218, -24, -347, -523, -298, -234, 853, -94;
-64, 222, -25, -308, -556, -315, -251, 866, -100;
-64, 229, -23, -242, -560, -319, -251, 896, -91;
-61, 240, -18, -157, -543, -311, -238, 937, -71;
-59, 249, -14, -82, -534, -307, -231, 972, -57;
-68, 246, -22, -80, -594, -338, -268, 961, -89;
-67, 254, -20, -11, -584, -333, -261, 993, -78;
-64, 263, -16, 63, -566, -323, -250, 1027, -65;
-63, 269, -15, 123, -558, -319, -246, 1052, -61;
-63, 275, -15, 175, -554, -317, -245, 1073, -61;
-66, 276, -19, 202, -571, -324, -258, 1078, -75;
-56, 290, -10, 309, -502, -289, -218, 1133, -39;
-58, 291, -13, 334, -511, -292, -227, 1138, -53;
-55, 297, -12, 389, -485, -277, -214, 1162, -47;
-52, 302, -11, 433, -464, -265, -206, 1179, -46;
-51, 305, -13, 464, -450, -256, -202, 1189, -51;
-43, 314, -7, 540, -387, -222, -168, 1227, -27;
-41, 317, -7, 568, -364, -209, -160, 1237, -30;
-37, 321, -6, 605, -328, -188, -144, 1252, -26;
-31, 325, -4, 645, -283, -163, -123, 1270, -17;
-26, 329, -2, 678, -238, -138, -102, 1285, -10;
-22, 331, -2, 698, -202, -116, -86, 1293, -9;
-17, 333, -1, 716, -162, -94, -69, 1299, -6;
-17, 330, -4, 706, -145, -82, -66, 1290, -18;
-5, 339, 3, 761, -57, -35, -19, 1322, 12;
0, 338, 3, 762, -17, -12, -3, 1321, 12;
-2, 332, -2, 724, -12, -6, -8, 1297, -8;
10, 339, 6, 767, 77, 41, 39, 1324, 23;
9, 333, 1, 725, 86, 49, 37, 1299, 5;
11, 328, -1, 691, 108, 63, 43, 1281, -4;
23, 333, 6, 719, 195, 110, 89, 1301, 27;
28, 332, 9, 706, 244, 137, 112, 1298, 35;
25, 321, 1, 628, 231, 134, 97, 1254, 6;
32, 321, 5, 616, 287, 165, 125, 1252, 19;
41, 323, 11, 617, 358, 203, 162, 1260, 44;
42, 315, 8, 559, 371, 212, 164, 1231, 34;
43, 309, 7, 504, 388, 223, 169, 1205, 28;
53, 310, 14, 501, 458, 260, 207, 1212, 56;
51, 301, 10, 427, 458, 262, 202, 1176, 42;
59, 300, 16, 406, 509, 289, 230, 1172, 62;
58, 292, 13, 335, 511, 292, 227, 1139, 53;
60, 286, 14, 281, 529, 302, 234, 1116, 56;
63, 282, 16, 238, 555, 316, 248, 1100, 66;
66, 277, 19, 190, 575, 327, 259, 1082, 74;
64, 268, 16, 113, 565, 323, 250, 1046, 65;
60, 257, 13, 29, 543, 312, 236, 1006, 51;
69, 260, 22, 27, 601, 341, 272, 1017, 89;
70, 255, 24, -26, 603, 342, 273, 995, 94;
61, 240, 16, -137, 544, 312, 238, 938, 64;
61, 236, 18, -183, 546, 313, 240, 921, 73;
59, 229, 18, -246, 526, 302, 230, 893, 70;
59, 225, 21, -286, 525, 300, 232, 880, 82;
56, 219, 20, -343, 502, 287, 221, 855, 81;
51, 211, 19, -408, 465, 267, 202, 825, 74;
52, 209, 22, -437, 459, 263, 203, 817, 88;
49, 205, 23, -479, 436, 249, 193, 801, 92;
42, 197, 20, -544, 382, 220, 165, 769, 79;
37, 192, 20, -589, 344, 198, 148, 750, 78;
34, 188, 20, -622, 311, 179, 133, 736, 80;
33, 188, 24, -634, 294, 168, 129, 736, 94;
33, 190, 29, -632, 285, 161, 131, 743, 114;
22, 181, 22, -698, 202, 117, 87, 706, 89;
17, 178, 22, -720, 158, 91, 66, 697, 88;
14, 179, 25, -719, 131, 75, 58, 701, 99;
12, 181, 28, -713, 104, 58, 49, 707, 110;
7, 180, 28, -721, 58, 32, 28, 703, 110;
-3, 174, 22, -762, -24, -12, -15, 678, 86;
-2, 180, 28, -719, -28, -17, -9, 705, 111;
-7, 181, 28, -713, -74, -43, -30, 707, 111;
-16, 179, 25, -722, -138, -78, -62, 699, 98;
-24, 177, 21, -729, -205, -115, -96, 691, 83;
-22, 186, 27, -668, -206, -118, -89, 725, 108;
-27, 189, 27, -641, -244, -141, -106, 737, 108;
-34, 189, 24, -631, -302, -172, -134, 737, 96;
-39, 192, 24, -600, -341, -194, -152, 750, 94;
-42, 196, 24, -563, -375, -214, -167, 765, 93;
-50, 196, 20, -547, -431, -244, -196, 767, 78;
-48, 207, 25, -468, -426, -244, -187, 807, 98;
-51, 211, 24, -423, -454, -260, -199, 826, 97;
-60, 210, 18, -413, -517, -293, -234, 822, 71;
-61, 217, 19, -353, -529, -301, -238, 849, 75;
-57, 229, 24, -265, -513, -294, -225, 893, 94;
-64, 229, 18, -243, -561, -319, -251, 895, 72;
-68, 233, 16, -200, -586, -332, -265, 911, 62;
-60, 248, 23, -90, -542, -311, -236, 967, 92;
-60, 255, 24, -26, -540, -311, -234, 995, 94;
-63, 258, 20, 12, -560, -321, -246, 1008, 80;
-67, 260, 15, 45, -583, -332, -261, 1016, 61;
-68, 264, 13, 91, -590, -335, -266, 1032, 51;
-62, 275, 16, 175, -554, -317, -245, 1073, 65;
-63, 279, 14, 221, -552, -315, -246, 1090, 55;
-63, 283, 11, 265, -547, -311, -246, 1106, 46;
-62, 288, 9, 310, -535, -304, -242, 1123, 38;
-56, 296, 12, 382, -491, -280, -218, 1158, 48;
-52, 302, 12, 435, -462, -264, -205, 1180, 47;
-46, 310, 14, 499, -415, -239, -180, 1211, 55;
-48, 309, 7, 508, -418, -238, -188, 1208, 31;
-44, 314, 7, 549, -384, -218, -172, 1225, 28;
-38, 320, 8, 597, -336, -192, -149, 1248, 32;
-32, 325, 9, 641, -287, -165, -125, 1268, 35;
-31, 324, 4, 648, -269, -153, -121, 1267, 18;
-21, 332, 8, 701, -199, -115, -85, 1294, 32;
-21, 329, 2, 691, -187, -106, -84, 1284, 9;
-18, 329, 0, 695, -155, -87, -73, 1283, -1;
-10, 333, 1, 724, -93, -53, -42, 1299, 5;
-8, 331, -2, 714, -66, -36, -33, 1291, -9;
-3, 331, -3, 715, -22, -11, -13, 1291, -13;
9, 338, 3, 763, 72, 39, 37, 1322, 13;
15, 338, 3, 760, 121, 67, 59, 1321, 11;
14, 332, -3, 714, 130, 75, 57, 1295, -13;
23, 334, 0, 721, 196, 111, 90, 1303, -3;
27, 331, -2, 698, 236, 133, 108, 1293, -9;
30, 326, -5, 661, 264, 150, 118, 1275, -21;
31, 320, -9, 612, 282, 162, 122, 1250, -38;
39, 321, -6, 605, 346, 197, 155, 1252, -26;
46, 320, -5, 585, 397, 225, 180, 1248, -19;
46, 312, -9, 525, 409, 233, 182, 1218, -36;
46, 304, -13, 461, 418, 240, 182, 1187, -53;
54, 304, -9, 446, 476, 271, 214, 1187, -38;
53, 294, -15, 370, 473, 271, 207, 1150, -59;
53, 287, -17, 308, 484, 278, 210, 1122, -69;
62, 288, -12, 293, 541, 308, 242, 1124, -49;
66, 285, -10, 258, 576, 326, 261, 1113, -41;
59, 271, -19, 149, 534, 307, 233, 1057, -77;
59, 263, -22, 83, 535, 308, 232, 1028, -85;
61, 258, -21, 35, 549, 315, 240, 1009, -83;
61, 252, -22, -22, 551, 316, 240, 986, -85;
62, 247, -21, -74, 555, 318, 243, 965, -85;
60, 240, -23, -138, 543, 312, 237, 937, -91;
62, 237, -21, -177, 552, 315, 244, 925, -83;
66, 236, -17, -203, 570, 324, 257, 920, -67;
57, 223, -24, -301, 510, 293, 223, 870, -96;
54, 217, -25, -355, 490, 281, 214, 848, -99;
55, 215, -22, -385, 488, 279, 217, 840, -89;
53, 210, -22, -431, 466, 266, 207, 821, -89;
46, 202, -27, -500, 415, 238, 180, 788, -105;
49, 204, -20, -498, 429, 243, 194, 798, -79;
47, 201, -19, -531, 401, 227, 183, 785, -77;
40, 195, -22, -583, 350, 199, 157, 760, -88;
33, 188, -26, -636, 292, 167, 128, 734, -102;
26, 183, -28, -676, 241, 139, 103, 715, -111;
25, 184, -25, -679, 221, 126, 99, 718, -98;
16, 178, -29, -723, 155, 90, 65, 695, -114;
15, 180, -25, -712, 138, 78, 62, 705, -98;
13, 182, -22, -705, 112, 62, 54, 712, -87;
6, 179, -24, -727, 52, 29, 24, 699, -97;
-4, 173, -31, -768, -31, -15, -19, 674, -121;
-7, 175, -28, -751, -61, -33, -30, 684, -112;
-14, 174, -30, -755, -116, -64, -56, 681, -118;
-12, 183, -23, -699, -115, -67, -48, 713, -90;
-15, 186, -20, -670, -145, -85, -59, 728, -81;
-26, 182, -26, -688, -226, -128, -101, 713, -104;
-33, 182, -29, -683, -286, -161, -131, 711, -115;
-34, 189, -25, -628, -299, -171, -132, 739, -97;
-35, 195, -22, -581, -322, -185, -140, 762, -87;
-39, 199, -22, -545, -356, -205, -155, 777, -85;
-41, 205, -19, -493, -377, -217, -162, 801, -76;
-50, 204, -24, -484, -441, -252, -197, 797, -96;
-50, 213, -20, -415, -446, -256, -195, 831, -79;
-51, 220, -18, -356, -459, -264, -199, 858, -70;
-58, 220, -22, -334, -510, -291, -226, 861, -86;
-58, 228, -19, -269, -517, -296, -227, 890, -76;
-66, 227, -25, -257, -574, -326, -260, 887, -100;
-58, 242, -15, -143, -529, -304, -230, 946, -62;
-64, 244, -19, -115, -567, -324, -251, 951, -77;
-60, 254, -14, -30, -545, -313, -237, 992, -58;
-67, 254, -20, -10, -584, -333, -261, 993, -78;
-65, 261, -18, 54, -575, -328, -256, 1021, -71;
-60, 272, -12, 141, -540, -310, -235, 1064, -49;
-65, 272, -17, 160, -569, -324, -254, 1064, -70;
-63, 279, -16, 219, -554, -315, -247, 1089, -65;
-56, 290, -10, 307, -505, -290, -219, 1132, -41;
-61, 288, -17, 313, -532, -302, -240, 1125, -66;
-53, 299, -10, 398, -475, -272, -208, 1168, -41;
-49, 305, -8, 451, -446, -256, -194, 1190, -35;
-49, 307, -10, 479, -435, -249, -193, 1198, -42;
-41, 316, -5, 548, -378, -218, -163, 1232, -22;
-46, 311, -13, 534, -399, -226, -182, 1215, -52;
-33, 324, -2, 629, -304, -176, -129, 1267, -11;
-35, 321, -8, 619, -309, -176, -139, 1254, -33;
-31, 324, -7, 645, -271, -154, -122, 1265, -30;
-27, 326, -7, 665, -235, -133, -107, 1272, -30;
-22, 328, -6, 687, -190, -108, -87, 1282, -24;
-18, 328, -6, 694, -157, -88, -73, 1282, -26;
-9, 334, -1, 731, -87, -50, -38, 1303, -6;
-4, 334, 0, 737, -42, -24, -18, 1306, -2;
4, 339, 4, 765, 27, 13, 17, 1323, 17;
2, 331, -1, 718, 28, 17, 9, 1294, -6;
14, 338, 6, 754, 116, 64, 56, 1318, 24;
18, 335, 5, 735, 151, 85, 70, 1308, 23;
19, 329, 2, 694, 169, 97, 74, 1286, 11;
25, 328, 5, 682, 220, 125, 98, 1283, 20;
25, 322, 2, 632, 236, 136, 100, 1257, 8;
29, 318, 2, 600, 271, 157, 115, 1242, 9;
39, 320, 8, 600, 341, 194, 152, 1249, 34;
44, 318, 11, 573, 385, 219, 173, 1240, 43;
46, 312, 10, 524, 408, 233, 182, 1218, 40;
48, 306, 9, 472, 430, 246, 189, 1194, 38;
54, 304, 13, 443, 474, 270, 212, 1186, 52;
51, 293, 8, 358, 461, 265, 200, 1142, 32;
55, 289, 11, 319, 495, 284, 217, 1128, 43;
55, 281, 9, 252, 500, 288, 217, 1098, 38;
65, 283, 18, 247, 565, 321, 254, 1106, 72;
63, 274, 16, 172, 558, 318, 247, 1071, 63;
60, 265, 13, 92, 544, 312, 237, 1033, 52;
62, 259, 14, 40, 554, 318, 243, 1013, 58;
68, 259, 21, 21, 594, 338, 267, 1013, 85;
62, 247, 16, -77, 552, 317, 242, 964, 62;
68, 248, 24, -87, 594, 337, 269, 969, 94;
62, 237, 19, -177, 552, 316, 244, 925, 76;
58, 228, 17, -252, 520, 299, 226, 890, 67;
57, 223, 18, -300, 511, 293, 224, 871, 73;
58, 221, 22, -333, 513, 293, 228, 862, 88;
56, 216, 24, -377, 497, 283, 222, 845, 93;
48, 206, 19, -459, 438, 252, 190, 804, 74;
48, 204, 22, -486, 428, 245, 189, 796, 87;
49, 203, 27, -502, 424, 241, 191, 795, 105;
42, 196, 24, -563, 370, 211, 164, 766, 94;
39, 193, 25, -593, 341, 194, 152, 754, 99;
32, 188, 23, -636, 292, 167, 128, 734, 93;
34, 191, 30, -628, 289, 163, 133, 745, 117;
28, 187, 29, -658, 242, 137, 112, 731, 114;
21, 182, 26, -695, 183, 104, 82, 712, 104;
15, 180, 26, -713, 138, 78, 62, 705, 103;
5, 173, 20, -760, 57, 35, 19, 678, 81;
1, 174, 22, -758, 22, 14, 5, 681, 87;
-1, 176, 25, -744, -6, -3, -4, 689, 97;
0, 182, 30, -706, -15, -11, -1, 713, 119;
-11, 177, 24, -736, -97, -55, -44, 692, 96;
-19, 175, 21, -744, -160, -90, -76, 685, 84;
-19, 182, 26, -697, -173, -99, -76, 711, 102;
-29, 179, 21, -708, -246, -139, -114, 700, 83;
-33, 182, 21, -683, -286, -161, -131, 711, 83;
-36, 187, 23, -641, -312, -177, -140, 731, 90;
-39, 191, 23, -605, -346, -197, -155, 747, 91;
-45, 193, 21, -579, -391, -222, -177, 755, 83;
-47, 199, 22, -532, -416, -237, -186, 777, 87;
-48, 206, 24, -473, -430, -246, -190, 805, 96;
-54, 208, 21, -443, -473, -270, -212, 814, 84;
-55, 215, 22, -384, -488, -279, -216, 840, 89;
-54, 224, 25, -313, -489, -281, -213, 874, 100;
-65, 221, 17, -311, -559, -317, -253, 864, 66;
-63, 230, 19, -235, -553, -315, -247, 900, 77;
-66, 235, 17, -190, -576, -328, -259, 916, 68;
-65, 242, 18, -124, -575, -328, -257, 946, 72;
-69, 246, 15, -82, -596, -339, -269, 960, 59;
-62, 259, 21, 16, -556, -319, -244, 1010, 82;
-66, 261, 16, 48, -581, -331, -260, 1017, 63;
-62, 270, 18, 126, -555, -318, -244, 1054, 73;
-67, 270, 12, 147, -582, -331, -263, 1055, 47;
-66, 276, 11, 201, -571, -324, -258, 1078, 43;
-55, 290, 18, 309, -502, -289, -218, 1134, 73;
-54, 295, 17, 355, -490, -281, -214, 1151, 66;
-59, 293, 9, 362, -512, -290, -231, 1145, 35;
-47, 307, 16, 464, -433, -249, -186, 1199, 65;
-51, 305, 9, 470, -444, -253, -199, 1193, 37;
-51, 306, 4, 489, -437, -247, -200, 1196, 19;
-41, 316, 9, 564, -368, -211, -163, 1234, 37;
-34, 323, 11, 618, -315, -181, -136, 1261, 45;
-38, 319, 3, 604, -324, -183, -148, 1245, 12;
-31, 324, 4, 644, -272, -155, -123, 1264, 16;
-23, 330, 6, 692, -208, -119, -90, 1289, 26;
-20, 330, 4, 701, -177, -101, -78, 1290, 15;
-13, 334, 4, 728, -122, -70, -52, 1304, 19;
-15, 328, -2, 697, -120, -66, -58, 1282, -11;
-2, 336, 3, 749, -31, -18, -11, 1313, 12;
-1, 333, -1, 728, -9, -4, -5, 1299, -5;
5, 335, 0, 740, 50, 28, 23, 1308, 0;
12, 335, 0, 740, 101, 57, 46, 1309, 0;
12, 330, -5, 700, 117, 68, 49, 1287, -22;
22, 333, -1, 718, 193, 109, 88, 1301, -5;
26, 330, -3, 691, 229, 130, 103, 1288, -14;
28, 324, -7, 648, 252, 144, 110, 1267, -28;
36, 325, -5, 640, 311, 177, 140, 1268, -20;
36, 318, -9, 587, 327, 188, 143, 1241, -37;
37, 311, -14, 529, 341, 197, 145, 1212, -54;
43, 308, -12, 503, 387, 222, 168, 1204, -50;
49, 307, -10, 480, 437, 250, 194, 1199, -41;
55, 305, -9, 450, 480, 273, 216, 1190, -35;
51, 293, -16, 359, 463, 266, 201, 1143, -66;
62, 295, -9, 359, 535, 304, 242, 1153, -38;
59, 285, -15, 275, 523, 299, 231, 1113, -60;
62, 281, -14, 232, 550, 314, 245, 1097, -57;
60, 272, -18, 156, 541, 310, 237, 1061, -73;
59, 263, -21, 85, 536, 308, 232, 1028, -85;
63, 260, -19, 44, 558, 320, 245, 1015, -77;
66, 257, -17, 4, 578, 330, 257, 1002, -69;
61, 246, -22, -81, 548, 315, 239, 961, -89;
69, 249, -14, -83, 598, 339, 271, 971, -57;
64, 238, -19, -167, 562, 321, 250, 931, -77;
61, 231, -21, -229, 544, 311, 241, 904, -83;
63, 229, -18, -264, 548, 311, 246, 894, -73;
60, 222, -20, -323, 522, 297, 234, 868, -79;
56, 216, -21, -377, 497, 283, 222, 845, -84;
57, 215, -18, -402, 495, 280, 225, 839, -71;
46, 201, -27, -501, 413, 237, 179, 787, -106;
45, 200, -24, -525, 401, 229, 177, 781, -96;
42, 196, -24, -560, 372, 213, 165, 767, -95;
41, 196, -21, -577, 356, 202, 161, 764, -84;
29, 184, -30, -659, 269, 156, 114, 720, -117;
30, 187, -24, -650, 266, 152, 119, 731, -95;
24, 183, -26, -687, 213, 122, 93, 713, -103;
16, 178, -29, -723, 155, 90, 65, 695, -114;
12, 177, -28, -733, 117, 68, 49, 692, -111;
9, 178, -26, -733, 85, 48, 37, 695, -104;
1, 174, -29, -759, 21, 13, 5, 680, -116;
4, 182, -21, -710, 27, 13, 17, 711, -84;
-6, 176, -27, -746, -55, -31, -26, 688, -108;
-10, 178, -26, -732, -93, -53, -42, 695, -103;
-18, 177, -28, -735, -152, -85, -70, 691, -112;
-18, 183, -23, -688, -163, -94, -70, 717, -92;
-29, 179, -29, -708, -246, -138, -113, 701, -116;
-34, 181, -30, -689, -292, -164, -135, 707, -119;
-33, 190, -24, -621, -292, -167, -128, 743, -93;
-36, 194, -22, -584, -325, -186, -142, 760, -89;
-42, 196, -24, -563, -374, -213, -166, 766, -96;
-43, 203, -21, -505, -389, -223, -170, 793, -84;
-46, 208, -21, -461, -419, -240, -183, 812, -81;
-50, 212, -21, -419, -449, -258, -197, 829, -81;
-53, 217, -21, -374, -477, -273, -210, 847, -81;
-59, 219, -23, -345, -521, -297, -233, 854, -93;
-63, 223, -24, -300, -547, -311, -246, 871, -95;
-66, 227, -25, -254, -572, -325, -258, 889, -98;
-62, 238, -19, -167, -552, -316, -244, 931, -76;
-66, 242, -21, -126, -577, -329, -258, 945, -84;
-64, 250, -18, -54, -568, -325, -251, 978, -72;
-66, 255, -19, -4, -578, -330, -257, 996, -75;
-61, 266, -13, 83, -546, -314, -238, 1039, -53;
-59, 273, -11, 147, -534, -307, -231, 1067, -46;
-61, 277, -13, 186, -543, -311, -238, 1080, -54;
-59, 283, -12, 245, -528, -303, -231, 1105, -49;
-61, 285, -15, 276, -535, -305, -238, 1113, -60;
-54, 296, -9, 360, -486, -279, -211, 1154, -37;
-58, 294, -15, 365, -509, -289, -229, 1147, -62;
-49, 305, -8, 455, -442, -254, -192, 1193, -32;
-51, 305, -12, 466, -448, -255, -201, 1191, -50;
-47, 310, -11, 514, -413, -235, -184, 1211, -43;
-41, 316, -8, 565, -368, -210, -162, 1235, -32;
-39, 319, -8, 592, -341, -195, -152, 1244, -34;
-35, 321, -8, 620, -308, -175, -138, 1255, -32;
-30, 325, -6, 655, -262, -149, -117, 1271, -25;
-29, 324, -9, 652, -248, -140, -115, 1264, -38;
-18, 332, -2, 712, -166, -95, -72, 1297, -9;
-16, 331, -4, 709, -142, -80, -64, 1292, -17;
-9, 334, -1, 733, -84, -48, -36, 1305, -4;
-5, 333, -1, 731, -49, -27, -22, 1302, -6;
4, 339, 4, 768, 30, 15, 19, 1324, 19;
9, 339, 5, 763, 73, 39, 37, 1322, 21;
14, 338, 6, 755, 116, 64, 56, 1318, 24;
11, 329, 0, 694, 111, 65, 45, 1283, -2;
23, 334, 7, 723, 198, 112, 92, 1304, 29;
20, 324, 0, 651, 189, 110, 78, 1263, 0;
28, 324, 4, 647, 251, 144, 109, 1266, 17;
36, 325, 9, 645, 315, 179, 143, 1270, 37;
42, 323, 11, 620, 361, 204, 164, 1262, 46;
38, 312, 5, 538, 350, 201, 151, 1218, 21;
49, 315, 13, 541, 425, 241, 192, 1228, 51;
48, 306, 9, 472, 429, 245, 189, 1194, 38;
48, 298, 7, 407, 438, 252, 190, 1163, 30;
57, 299, 14, 398, 502, 286, 225, 1167, 57;
58, 292, 14, 337, 514, 293, 228, 1140, 55;
60, 286, 15, 285, 533, 304, 237, 1119, 58;
66, 285, 20, 258, 575, 326, 261, 1113, 78;
65, 276, 17, 182, 568, 324, 254, 1077, 69;
60, 264, 13, 92, 543, 312, 237, 1033, 51;
60, 257, 13, 28, 542, 312, 235, 1005, 50;
61, 252, 14, -25, 548, 315, 239, 984, 56;
68, 253, 22, -38, 591, 336, 266, 988, 86;
62, 242, 18, -126, 555, 318, 245, 945, 70;
58, 233, 15, -202, 527, 303, 228, 909, 60;
64, 234, 23, -211, 561, 319, 252, 915, 92;
58, 224, 20, -292, 519, 297, 228, 876, 78;
54, 217, 18, -357, 489, 281, 213, 847, 73;
54, 214, 21, -393, 481, 275, 212, 835, 83;
57, 215, 28, -403, 494, 280, 224, 838, 109;
50, 205, 24, -476, 438, 250, 195, 802, 93;
43, 198, 21, -538, 388, 223, 169, 773, 83;
37, 192, 19, -589, 343, 198, 147, 749, 77;
43, 198, 29, -565, 369, 208, 169, 772, 116;
30, 186, 21, -649, 279, 161, 120, 726, 85;
32, 189, 27, -641, 276, 156, 125, 737, 109;
20, 179, 21, -707, 193, 112, 81, 701, 83;
17, 179, 23, -717, 161, 93, 68, 699, 90;
17, 182, 28, -701, 149, 84, 69, 712, 111;
14, 183, 30, -702, 115, 64, 55, 713, 117;
1, 175, 22, -755, 25, 15, 7, 682, 89;
3, 181, 29, -718, 18, 9, 11, 706, 113;
-3, 180, 27, -723, -33, -19, -12, 702, 109;
-7, 181, 28, -712, -73, -42, -29, 708, 111;
-19, 175, 21, -743, -160, -89, -75, 686, 84;
-25, 176, 20, -732, -207, -116, -97, 690, 81;
-21, 187, 29, -657, -195, -113, -82, 732, 115;
-28, 187, 26, -650, -254, -145, -111, 731, 103;
-38, 185, 20, -656, -327, -185, -150, 721, 80;
-36, 195, 27, -582, -322, -185, -140, 761, 105;
-44, 194, 22, -576, -388, -220, -175, 757, 85;
-41, 205, 28, -492, -376, -217, -161, 802, 112;
-48, 206, 24, -473, -430, -246, -190, 805, 96;
-48, 214, 27, -408, -439, -252, -190, 835, 106;
-50, 220, 27, -355, -459, -264, -198, 858, 107;
-55, 223, 25, -317, -493, -283, -216, 872, 97;
-62, 224, 19, -294, -542, -308, -242, 875, 77;
-65, 229, 18, -246, -564, -321, -253, 894, 71;
-62, 238, 21, -167, -553, -316, -244, 931, 82;
-63, 244, 20, -110, -561, -321, -248, 955, 80;
-67, 247, 16, -73, -588, -334, -264, 966, 64;
-63, 258, 20, 12, -561, -321, -247, 1007, 79;
-61, 266, 21, 81, -548, -315, -239, 1038, 83;
-59, 273, 22, 147, -534, -307, -231, 1068, 86;
-61, 276, 18, 185, -544, -312, -239, 1079, 71;
-62, 280, 14, 225, -548, -313, -244, 1092, 58;
-64, 282, 10, 256, -555, -315, -251, 1101, 40;
-61, 288, 10, 313, -532, -302, -240, 1125, 40;
-53, 299, 14, 397, -476, -273, -209, 1167, 57;
-51, 303, 12, 439, -458, -262, -202, 1183, 50;
-47, 309, 12, 491, -423, -243, -186, 1206, 50;
-44, 313, 11, 531, -396, -227, -174, 1222, 44;
-45, 313, 6, 542, -390, -221, -176, 1221, 24;
-36, 322, 10, 611, -322, -185, -140, 1256, 40;
-31, 326, 10, 647, -281, -162, -121, 1272, 39;
-28, 327, 7, 665, -252, -144, -110, 1277, 29;
-29, 324, 0, 651, -249, -140, -116, 1263, 1;
-21, 329, 2, 694, -184, -104, -83, 1286, 11;
-14, 332, 3, 719, -131, -75, -58, 1298, 13;
-5, 338, 6, 755, -63, -38, -23, 1318, 24;
-8, 331, -2, 716, -64, -35, -32, 1292, -8;
-5, 329, -5, 705, -31, -15, -19, 1285, -19;
4, 333, -1, 730, 40, 23, 17, 1301, -6;
5, 328, -7, 697, 58, 35, 20, 1282, -27;
18, 335, 0, 736, 153, 86, 71, 1309, 0;
21, 332, -2, 712, 188, 106, 85, 1297, -9;
23, 327, -6, 671, 209, 120, 91, 1276, -26;
27, 323, -8, 642, 246, 141, 106, 1263, -32;
34, 323, -6, 631, 302, 172, 135, 1262, -25;
39, 321, -6, 606, 346, 197, 155, 1253, -25;
38, 311, -13, 533, 344, 199, 148, 1215, -52;
46, 312, -9, 526, 410, 234, 183, 1219, -36;
51, 308, -9, 488, 446, 254, 199, 1204, -36;
51, 301, -12, 427, 457, 261, 202, 1175, -50;
59, 301, -8, 411, 514, 292, 233, 1175, -33;
56, 290, -15, 325, 501, 287, 221, 1132, -59;
60, 286, -14, 280, 528, 302, 234, 1116, -57;
65, 284, -11, 252, 569, 323, 257, 1109, -44;
67, 278, -12, 197, 583, 331, 263, 1087, -47;
64, 269, -16, 117, 569, 324, 253, 1049, -64;
69, 267, -13, 86, 600, 340, 271, 1041, -51;
68, 259, -15, 19, 593, 337, 266, 1012, -59;
63, 248, -20, -66, 563, 322, 248, 970, -80;
64, 244, -19, -115, 566, 323, 251, 951, -77;
58, 233, -25, -202, 527, 303, 229, 909, -98;
60, 230, -22, -238, 535, 306, 235, 899, -88;
60, 226, -21, -279, 533, 304, 237, 884, -82;
61, 223, -19, -317, 528, 300, 238, 872, -75;
55, 215, -23, -388, 486, 278, 215, 838, -90;
50, 208, -25, -446, 451, 258, 198, 812, -98;
49, 205, -23, -477, 437, 250, 194, 802, -91;
46, 201, -23, -519, 408, 233, 181, 785, -92;
46, 201, -20, -532, 400, 226, 182, 784, -78;
36, 190, -27, -611, 322, 185, 140, 743, -106;
37, 193, -21, -606, 321, 182, 146, 752, -84;
30, 186, -25, -654, 262, 150, 117, 728, -97;
26, 185, -24, -673, 227, 129, 102, 722, -94;
16, 178, -29, -722, 156, 90, 65, 696, -113;
15, 179, -26, -718, 132, 75, 58, 701, -101;
14, 183, -21, -699, 118, 65, 57, 716, -83;
8, 182, -22, -711, 69, 37, 34, 710, -86;
-3, 174, -29, -759, -22, -11, -13, 680, -115;
-6, 176, -27, -744, -54, -30, -25, 689, -107;
-9, 180, -24, -721, -82, -47, -35, 702, -97;
-20, 175, -31, -749, -166, -92, -79, 682, -121;
-16, 185, -21, -676, -152, -88, -63, 724, -85;
-25, 183, -26, -684, -222, -126, -99, 715, -101;
-29, 186, -25, -658, -261, -149, -116, 727, -99;
-33, 190, -24, -626, -296, -169, -131, 741, -96;
-38, 192, -24, -597, -338, -193, -150, 752, -97;
-47, 191, -29, -593, -405, -229, -185, 747, -115;
-41, 205, -19, -494, -378, -218, -163, 800, -77;
-44, 210, -18, -447, -404, -233, -174, 820, -73;
-48, 214, -19, -409, -439, -253, -191, 835, -75;
-52, 218, -19, -366, -470, -270, -205, 851, -77;
-54, 224, -18, -310, -486, -279, -211, 876, -71;
-56, 230, -17, -258, -506, -291, -220, 897, -70;
-63, 230, -22, -237, -554, -316, -248, 899, -88;
-59, 241, -16, -148, -534, -306, -233, 943, -65;
-64, 244, -19, -115, -566, -323, -251, 952, -77;
-64, 251, -18, -52, -566, -324, -250, 979, -71;
-68, 253, -21, -20, -594, -338, -267, 987, -84;
-62, 265, -14, 76, -552, -317, -242, 1035, -57;
-60, 272, -12, 141, -540, -310, -235, 1064, -49;
-58, 279, -11, 203, -526, -303, -228, 1090, -43;
-60, 282, -13, 238, -535, -306, -235, 1100, -53;
-56, 290, -10, 305, -506, -291, -220, 1131, -41;
-61, 288, -16, 314, -531, -302, -239, 1126, -65;
-59, 293, -16, 363, -510, -290, -230, 1146, -63;
-52, 302, -11, 434, -463, -265, -205, 1180, -46;
-48, 308, -9, 486, -429, -245, -189, 1202, -38;
-48, 309, -12, 507, -419, -238, -188, 1207, -47;
-38, 319, -5, 585, -347, -200, -150, 1247, -19;
-39, 319, -8, 591, -342, -195, -152, 1244, -34;
-32, 324, -5, 638, -289, -166, -127, 1266, -21;
-27, 328, -3, 673, -244, -140, -105, 1282, -13;
-24, 328, -5, 681, -219, -125, -97, 1282, -19;
-21, 329, -5, 691, -187, -106, -84, 1284, -21;
-14, 333, -2, 722, -128, -73, -56, 1300, -8;
-13, 330, -4, 710, -107, -60, -51, 1290, -19;
-4, 335, 0, 739, -41, -23, -17, 1307, -1;
3, 337, 3, 757, 19, 9, 12, 1318, 12;
3, 333, 0, 726, 36, 21, 14, 1299, -1;
9, 332, 1, 722, 83, 48, 36, 1298, 4;
20, 337, 8, 750, 166, 92, 79, 1317, 32;
16, 327, 0, 680, 156, 90, 65, 1277, 2;
25, 329, 5, 686, 224, 127, 100, 1285, 22;
25, 322, 2, 634, 237, 137, 101, 1258, 9;
36, 325, 9, 642, 313, 178, 141, 1269, 36;
33, 315, 3, 567, 307, 177, 131, 1229, 13;
40, 313, 6, 546, 358, 205, 156, 1223, 26;
47, 312, 11, 528, 412, 235, 184, 1220, 43;
44, 302, 5, 446, 403, 233, 173, 1178, 22;
48, 298, 7, 405, 436, 251, 188, 1162, 28;
53, 295, 10, 371, 474, 272, 208, 1150, 40;
55, 289, 11, 318, 495, 284, 217, 1128, 43;
55, 281, 10, 254, 502, 288, 218, 1099, 39;
65, 284, 18, 250, 568, 323, 256, 1108, 73;
67, 278, 19, 195, 581, 330, 262, 1086, 77;
62, 266, 14, 100, 551, 316, 242, 1038, 56;
69, 266, 22, 85, 599, 340, 271, 1041, 86;
66, 257, 19, 4, 578, 330, 257, 1002, 74;
65, 250, 19, -56, 573, 327, 255, 976, 75;
60, 239, 15, -142, 539, 310, 235, 935, 60;
66, 241, 23, -151, 579, 329, 260, 941, 93;
62, 232, 21, -223, 549, 313, 244, 908, 85;
57, 223, 18, -302, 510, 292, 222, 870, 72;
53, 215, 17, -366, 479, 276, 207, 841, 67;
57, 217, 25, -371, 503, 286, 225, 848, 97;
50, 208, 21, -447, 450, 258, 197, 811, 82;
44, 200, 18, -511, 403, 233, 173, 781, 72;
44, 199, 22, -531, 396, 227, 174, 777, 88;
39, 194, 21, -577, 355, 204, 154, 756, 85;
33, 187, 19, -628, 305, 176, 129, 732, 77;
32, 188, 23, -637, 291, 166, 127, 733, 92;
27, 184, 23, -669, 248, 142, 108, 720, 91;
25, 184, 26, -676, 225, 128, 100, 720, 103;
20, 182, 26, -697, 181, 103, 81, 711, 103;
15, 180, 26, -715, 136, 77, 60, 704, 102;
14, 183, 30, -701, 117, 65, 57, 715, 118;
0, 173, 21, -766, 13, 10, 0, 675, 82;
-2, 175, 23, -753, -15, -7, -9, 684, 92;
-7, 175, 23, -749, -59, -32, -29, 686, 92;
-13, 175, 22, -751, -112, -62, -54, 683, 87;
-18, 177, 23, -735, -151, -85, -70, 691, 90;
-20, 181, 25, -705, -180, -103, -81, 706, 98;
-21, 187, 29, -658, -196, -113, -83, 731, 114;
-25, 191, 29, -628, -231, -134, -97, 745, 116;
-35, 187, 23, -639, -309, -176, -139, 732, 91;
-41, 189, 21, -617, -358, -203, -162, 739, 83;
-46, 192, 20, -587, -399, -226, -181, 751, 79;
-45, 201, 24, -518, -402, -230, -177, 785, 96;
-46, 209, 27, -456, -413, -238, -179, 815, 106;
-53, 209, 22, -435, -466, -266, -207, 818, 89;
-53, 217, 25, -371, -474, -272, -208, 849, 97;
-53, 226, 27, -302, -478, -275, -206, 881, 107;
-60, 226, 22, -280, -528, -302, -234, 884, 85;
-57, 237, 26, -195, -513, -295, -222, 925, 102;
-61, 239, 22, -160, -546, -312, -240, 935, 87;
-64, 244, 19, -116, -567, -324, -252, 951, 77;
-69, 245, 14, -85, -599, -340, -271, 958, 57;
-67, 253, 15, -16, -590, -336, -265, 989, 61;
-64, 263, 18, 64, -564, -323, -249, 1028, 73;
-65, 267, 15, 106, -575, -328, -257, 1042, 60;
-60, 278, 19, 193, -536, -308, -234, 1084, 76;
-57, 285, 20, 257, -516, -297, -224, 1112, 78;
-59, 287, 15, 290, -521, -298, -230, 1122, 61;
-53, 297, 18, 367, -478, -275, -206, 1159, 73;
-53, 299, 15, 399, -475, -272, -208, 1168, 58;
-56, 298, 7, 407, -489, -278, -222, 1163, 30;
-45, 311, 15, 507, -407, -235, -176, 1216, 60;
-50, 307, 6, 496, -430, -244, -195, 1200, 23;
-44, 314, 7, 549, -383, -218, -172, 1225, 28;
-33, 324, 12, 625, -308, -178, -131, 1265, 49;
-37, 320, 3, 609, -319, -181, -145, 1248, 15;
-24, 331, 11, 688, -228, -133, -96, 1292, 43;
-25, 328, 4, 678, -222, -126, -99, 1280, 18;
-21, 330, 3, 695, -183, -104, -82, 1287, 12;
-17, 330, 1, 706, -144, -82, -66, 1290, 5;
-5, 338, 6, 756, -62, -37, -22, 1319, 25;
-9, 329, -3, 705, -75, -40, -38, 1286, -14;
-3, 331, -3, 717, -20, -10, -12, 1293, -12;
1, 330, -4, 711, 21, 13, 5, 1290, -18;
13, 337, 1, 752, 113, 63, 54, 1316, 6;
12, 330, -5, 702, 118, 68, 50, 1287, -21;
17, 328, -6, 683, 159, 92, 67, 1279, -27;
26, 329, -4, 687, 225, 128, 101, 1286, -15;
31, 327, -4, 666, 269, 153, 121, 1278, -18;
35, 325, -5, 639, 310, 176, 139, 1267, -20;
41, 323, -4, 616, 357, 202, 162, 1259, -18;
45, 319, -5, 581, 393, 223, 178, 1245, -22;
41, 306, -15, 489, 373, 215, 160, 1196, -58;
47, 305, -12, 466, 423, 242, 185, 1190, -50;
53, 303, -11, 437, 467, 266, 208, 1181, -44;
59, 301, -9, 408, 512, 291, 231, 1174, -35;
54, 288, -17, 313, 489, 281, 213, 1125, -66;
61, 287, -13, 291, 539, 307, 241, 1122, -51;
58, 277, -18, 206, 523, 300, 228, 1080, -73;
64, 276, -14, 180, 566, 323, 253, 1076, -57;
60, 264, -20, 91, 543, 312, 237, 1033, -80;
63, 260, -19, 45, 559, 320, 246, 1016, -76;
64, 255, -19, -5, 568, 325, 251, 996, -75;
61, 247, -22, -78, 551, 316, 241, 963, -87;
69, 248, -15, -87, 594, 337, 269, 969, -60;
58, 233, -25, -202, 527, 303, 229, 909, -98;
57, 227, -26, -258, 514, 296, 223, 886, -101;
64, 230, -17, -258, 553, 314, 250, 897, -70;
58, 220, -22, -335, 510, 291, 226, 860, -87;
60, 220, -17, -352, 521, 295, 237, 860, -68;
47, 205, -28, -465, 432, 249, 186, 800, -110;
47, 202, -26, -495, 420, 241, 183, 791, -102;
50, 205, -19, -495, 431, 244, 196, 800, -77;
47, 201, -19, -531, 402, 227, 184, 786, -77;
36, 191, -26, -606, 327, 188, 143, 746, -102;
35, 191, -23, -619, 309, 176, 139, 745, -91;
34, 191, -20, -625, 292, 164, 135, 747, -79;
23, 182, -27, -692, 208, 120, 90, 710, -106;
16, 178, -29, -725, 153, 89, 64, 694, -115;
10, 175, -30, -745, 105, 62, 41, 684, -119;
8, 176, -28, -742, 75, 44, 31, 689, -110;
1, 174, -29, -759, 21, 13, 5, 680, -116;
-4, 173, -30, -766, -29, -14, -18, 676, -120;
-9, 174, -30, -760, -70, -38, -35, 679, -117;
-8, 180, -24, -720, -81, -47, -34, 702, -96;
-17, 178, -27, -729, -145, -82, -66, 695, -108;
-16, 185, -22, -678, -154, -89, -64, 723, -86;
-21, 187, -22, -662, -200, -115, -85, 729, -88;
-32, 183, -28, -675, -278, -157, -126, 716, -110;
-31, 192, -22, -613, -284, -163, -123, 748, -88;
-34, 197, -20, -569, -309, -178, -132, 769, -79;
-44, 194, -26, -572, -384, -218, -172, 760, -102;
-49, 198, -26, -539, -423, -240, -191, 772, -105;
-47, 207, -21, -467, -424, -243, -186, 808, -85;
-51, 211, -21, -424, -455, -260, -200, 825, -85;
-59, 211, -27, -412, -515, -292, -233, 823, -105;
-59, 219, -23, -342, -519, -296, -231, 856, -91;
-62, 224, -23, -293, -541, -308, -242, 875, -91;
-61, 232, -20, -226, -543, -310, -241, 906, -81;
-61, 240, -18, -159, -544, -312, -239, 936, -71;
-61, 247, -16, -96, -547, -314, -239, 964, -65;
-64, 250, -18, -53, -567, -324, -251, 978, -72;
-69, 251, -22, -28, -601, -341, -272, 982, -89;
-60, 266, -13, 85, -544, -313, -236, 1041, -52;
-61, 271, -14, 133, -548, -314, -240, 1059, -54;
-62, 275, -15, 176, -553, -316, -245, 1073, -60;
-67, 275, -20, 196, -577, -327, -261, 1074, -79;
-57, 289, -11, 298, -513, -294, -225, 1127, -46;
-60, 289, -15, 321, -524, -298, -235, 1130, -61;
-52, 300, -9, 407, -467, -268, -203, 1173, -35;
-51, 304, -10, 443, -454, -260, -200, 1185, -40;
-49, 307, -10, 481, -433, -247, -192, 1200, -40;
-45, 312, -8, 528, -398, -228, -175, 1220, -34;
-45, 312, -12, 538, -394, -223, -179, 1218, -48;
-34, 323, -4, 620, -313, -180, -135, 1262, -16;
-30, 327, -3, 652, -276, -159, -118, 1275, -12;
-32, 323, -9, 639, -278, -157, -127, 1261, -35;
-28, 325, -8, 659, -241, -136, -111, 1268, -33;
-19, 331, -3, 704, -173, -99, -76, 1292, -13;
-10, 337, 2, 749, -101, -60, -39, 1317, 8;
-6, 337, 1, 750, -68, -40, -26, 1315, 5;
-2, 336, 1, 749, -30, -18, -11, 1313, 4;
-3, 331, -3, 713, -23, -11, -14, 1290, -14;
1, 330, -2, 711, 20, 13, 4, 1289, -11;
6, 330, -1, 704, 66, 39, 25, 1287, -6;
19, 336, 7, 743, 160, 89, 75, 1313, 28;
15, 325, 0, 670, 145, 85, 59, 1271, -3;
20, 324, 0, 653, 191, 111, 80, 1265, 2;
30, 326, 6, 659, 262, 150, 117, 1274, 25;
33, 322, 6, 624, 295, 168, 130, 1257, 24;
37, 318, 6, 588, 328, 188, 144, 1242, 26;
40, 314, 7, 551, 362, 208, 159, 1226, 29;
43, 309, 7, 503, 387, 222, 169, 1205, 27;
45, 303, 6, 453, 410, 236, 177, 1182, 26;
48, 297, 7, 405, 435, 250, 188, 1161, 28;
56, 298, 13, 392, 496, 283, 221, 1164, 54;
57, 291, 12, 329, 505, 289, 223, 1135, 49;
58, 284, 12, 267, 515, 295, 226, 1107, 47;
65, 283, 18, 248, 565, 321, 254, 1107, 72;
66, 277, 19, 191, 576, 328, 259, 1083, 74;
62, 266, 14, 100, 551, 316, 242, 1038, 56;
65, 262, 18, 59, 574, 327, 255, 1025, 70;
66, 257, 19, 4, 578, 330, 257, 1002, 74;
60, 246, 14, -84, 545, 313, 237, 959, 58;
59, 238, 14, -147, 534, 307, 231, 932, 57;
59, 234, 16, -196, 533, 306, 232, 913, 65;
60, 230, 19, -240, 533, 305, 234, 897, 74;
57, 223, 18, -299, 512, 294, 224, 872, 73;
59, 222, 23, -325, 520, 296, 232, 866, 92;
58, 218, 25, -367, 507, 288, 228, 851, 100;
52, 210, 23, -435, 462, 264, 205, 819, 89;
52, 207, 26, -464, 451, 256, 202, 810, 101;
45, 200, 23, -523, 403, 230, 178, 782, 92;
37, 192, 19, -589, 344, 198, 147, 749, 77;
35, 189, 21, -617, 316, 182, 136, 739, 84;
34, 189, 25, -628, 300, 171, 133, 739, 98;
34, 191, 30, -624, 292, 165, 135, 747, 119;
28, 187, 29, -656, 244, 137, 113, 733, 115;
15, 177, 21, -731, 147, 86, 60, 690, 82;
17, 182, 28, -701, 150, 84, 69, 712, 111;
5, 174, 21, -757, 60, 36, 21, 679, 83;
4, 177, 25, -741, 39, 22, 16, 691, 98;
3, 181, 30, -712, 24, 12, 15, 709, 117;
-2, 180, 28, -719, -28, -17, -9, 705, 112;
-11, 177, 24, -737, -98, -55, -45, 692, 95;
-14, 180, 26, -713, -130, -74, -57, 704, 103;
-22, 179, 23, -716, -192, -108, -88, 699, 91;
-23, 185, 27, -672, -210, -121, -91, 723, 105;
-32, 183, 22, -675, -278, -157, -126, 716, 87;
-38, 185, 20, -657, -327, -185, -150, 721, 80;
-41, 189, 21, -617, -358, -203, -162, 739, 83;
-46, 192, 20, -588, -400, -226, -182, 750, 78;
-45, 202, 25, -514, -398, -228, -175, 788, 98;
-44, 210, 28, -448, -405, -233, -174, 820, 111;
-53, 209, 22, -436, -466, -266, -207, 818, 89;
-51, 219, 27, -357, -461, -265, -200, 857, 106;
-55, 223, 24, -319, -495, -284, -217, 871, 96;
-61, 225, 20, -291, -538, -307, -240, 877, 79;
-59, 234, 23, -213, -531, -304, -233, 914, 91;
-58, 242, 25, -143, -528, -304, -229, 946, 98;
-61, 247, 22, -97, -548, -314, -240, 963, 88;
-65, 249, 18, -61, -575, -328, -256, 973, 72;
-64, 257, 19, 3, -569, -325, -252, 1002, 74;
-68, 259, 14, 36, -592, -337, -267, 1010, 56;
-65, 268, 16, 111, -570, -325, -254, 1045, 63;
-65, 272, 14, 159, -570, -324, -255, 1063, 55;
-62, 279, 14, 222, -550, -314, -245, 1091, 56;
-55, 291, 19, 311, -501, -288, -217, 1134, 74;
-54, 295, 16, 355, -490, -281, -214, 1151, 66;
-57, 295, 10, 374, -500, -285, -224, 1152, 42;
-54, 300, 10, 421, -475, -271, -213, 1172, 39;
-49, 307, 11, 482, -433, -247, -191, 1200, 44;
-45, 312, 10, 526, -400, -229, -177, 1219, 42;
-41, 317, 10, 569, -363, -208, -159, 1238, 40;
-36, 321, 10, 609, -324, -186, -142, 1255, 39;
-29, 327, 11, 656, -272, -157, -116, 1277, 44;
-33, 322, 2, 632, -285, -161, -131, 1256, 8;
-27, 326, 2, 667, -233, -132, -106, 1273, 11;
-15, 335, 8, 732, -146, -85, -59, 1309, 35;
-18, 329, 0, 696, -155, -87, -72, 1284, -1;
-5, 339, 7, 761, -57, -35, -19, 1322, 28;
-6, 333, 0, 725, -54, -30, -26, 1298, -2;
2, 337, 2, 753, 15, 7, 9, 1315, 9;
5, 335, 0, 739, 48, 27, 22, 1307, -1;
6, 330, -5, 706, 67, 40, 26, 1288, -21;
15, 333, -2, 720, 137, 78, 61, 1299, -9;
24, 335, 0, 730, 206, 115, 96, 1309, 2;
24, 328, -5, 678, 216, 123, 95, 1280, -21;
29, 326, -6, 657, 261, 149, 116, 1272, -23;
35, 324, -6, 634, 305, 174, 136, 1264, -23;
42, 324, -3, 624, 364, 206, 166, 1264, -14;
47, 320, -4, 590, 402, 227, 183, 1250, -17;
49, 315, -6, 541, 425, 241, 192, 1228, -26;
44, 302, -15, 448, 405, 234, 174, 1179, -61;
57, 307, -7, 462, 493, 279, 224, 1197, -28;
55, 297, -12, 384, 487, 278, 216, 1158, -50;
56, 289, -15, 321, 497, 285, 218, 1130, -61;
57, 283, -17, 261, 508, 292, 222, 1103, -69;
62, 280, -15, 228, 546, 311, 242, 1094, -59;
63, 275, -15, 174, 559, 319, 249, 1072, -61;
64, 268, -17, 115, 566, 323, 251, 1047, -66;
69, 267, -13, 86, 600, 341, 271, 1041, -51;
63, 254, -20, -12, 561, 321, 247, 992, -79;
67, 252, -17, -44, 585, 333, 262, 984, -66;
67, 247, -16, -97, 585, 333, 263, 963, -66;
67, 242, -16, -145, 584, 332, 264, 945, -63;
57, 227, -25, -254, 518, 298, 225, 888, -99;
58, 224, -23, -291, 520, 298, 229, 877, -90;
54, 216, -26, -360, 485, 279, 211, 845, -102;
51, 211, -27, -412, 462, 266, 200, 823, -105;
54, 211, -21, -424, 473, 269, 212, 826, -84;
54, 209, -19, -451, 463, 262, 210, 818, -75;
43, 198, -26, -535, 391, 224, 171, 775, -102;
41, 196, -24, -563, 369, 211, 163, 765, -97;
35, 190, -27, -612, 321, 185, 140, 743, -106;
34, 189, -24, -626, 302, 172, 134, 740, -96;
29, 186, -25, -658, 259, 148, 114, 726, -99;
29, 188, -21, -654, 246, 139, 114, 734, -83;
19, 181, -26, -703, 175, 100, 77, 708, -101;
14, 179, -26, -723, 127, 73, 55, 698, -104;
7, 176, -28, -744, 73, 43, 29, 687, -111;
1, 174, -29, -757, 22, 14, 6, 681, -115;
1, 179, -24, -727, 10, 5, 6, 700, -95;
-8, 175, -29, -755, -64, -35, -32, 682, -114;
-8, 180, -24, -716, -78, -45, -32, 705, -94;
-19, 176, -29, -741, -158, -88, -74, 687, -116;
-22, 179, -28, -717, -193, -109, -88, 699, -110;
-27, 181, -28, -697, -235, -133, -107, 707, -109;
-24, 191, -20, -624, -227, -132, -95, 747, -78;
-33, 190, -24, -623, -294, -168, -129, 742, -94;
-36, 194, -23, -587, -328, -188, -144, 758, -91;
-39, 199, -21, -544, -356, -204, -155, 777, -85;
-45, 201, -23, -519, -403, -230, -178, 785, -92;
-48, 206, -22, -470, -428, -245, -188, 806, -87;
-56, 207, -26, -454, -484, -275, -218, 807, -103;
-59, 211, -26, -409, -512, -291, -232, 825, -103;
-55, 223, -19, -320, -496, -284, -217, 870, -77;
-56, 230, -17, -255, -503, -289, -218, 899, -67;
-62, 232, -21, -227, -545, -311, -242, 905, -82;
-62, 239, -19, -162, -548, -314, -241, 934, -74;
-64, 244, -19, -115, -567, -324, -252, 951, -77;
-60, 254, -14, -31, -545, -313, -237, 992, -58;
-60, 261, -13, 31, -542, -312, -235, 1019, -52;
-63, 263, -16, 65, -564, -323, -249, 1028, -64;
-66, 266, -19, 101, -580, -330, -260, 1039, -74;
-63, 274, -15, 173, -556, -318, -246, 1072, -62;
-61, 281, -14, 231, -541, -309, -239, 1096, -57;
-64, 281, -19, 253, -558, -317, -253, 1099, -74;
-56, 293, -12, 344, -501, -287, -221, 1144, -47;
-50, 302, -7, 417, -457, -263, -197, 1179, -29;
-54, 301, -13, 426, -471, -268, -210, 1175, -50;
-50, 306, -11, 474, -440, -251, -196, 1195, -45;
-41, 317, -4, 554, -373, -215, -159, 1236, -18;
-44, 313, -11, 545, -387, -220, -174, 1223, -44;
-41, 316, -11, 576, -357, -202, -162, 1235, -43;
-36, 321, -9, 615, -313, -177, -141, 1252, -35;
-27, 328, -3, 671, -246, -141, -107, 1281, -15;
-26, 327, -6, 670, -230, -131, -104, 1275, -26;
-24, 326, -8, 671, -207, -116, -97, 1272, -34;
-15, 332, -2, 718, -132, -76, -58, 1297, -11;
-12, 331, -4, 712, -106, -59, -50, 1291, -18;
-4, 335, 0, 738, -41, -24, -17, 1306, -1;
0, 334, 0, 734, -2, -1, -1, 1304, -1;
10, 339, 6, 766, 76, 41, 39, 1324, 23;
10, 334, 2, 731, 92, 52, 41, 1303, 9;
12, 330, 0, 703, 119, 69, 50, 1288, 3;
24, 334, 8, 726, 202, 113, 94, 1306, 31;
22, 326, 2, 667, 205, 118, 88, 1273, 10;
34, 331, 11, 688, 291, 164, 135, 1292, 43;
32, 321, 4, 615, 286, 164, 124, 1252, 19;
41, 322, 10, 613, 354, 201, 160, 1257, 42;
39, 313, 6, 543, 354, 203, 154, 1221, 24;
49, 315, 13, 543, 427, 242, 193, 1229, 52;
53, 311, 14, 502, 459, 261, 208, 1213, 57;
51, 301, 10, 425, 455, 261, 201, 1174, 41;
54, 295, 11, 375, 479, 274, 211, 1153, 43;
57, 290, 12, 327, 503, 288, 222, 1134, 48;
55, 281, 9, 250, 497, 286, 215, 1096, 36;
59, 278, 12, 211, 529, 303, 232, 1084, 49;
66, 277, 19, 190, 576, 327, 259, 1082, 74;
63, 267, 16, 109, 560, 320, 248, 1044, 62;
66, 264, 19, 69, 583, 332, 261, 1031, 76;
64, 255, 17, -6, 567, 324, 250, 996, 68;
62, 247, 16, -72, 557, 319, 244, 966, 65;
62, 241, 17, -129, 552, 316, 242, 943, 68;
61, 235, 18, -187, 542, 311, 238, 919, 70;
58, 228, 17, -249, 523, 300, 228, 891, 68;
56, 222, 17, -307, 504, 290, 219, 867, 68;
58, 220, 22, -335, 511, 292, 226, 861, 86;
53, 213, 21, -396, 477, 273, 210, 833, 81;
48, 206, 19, -459, 438, 252, 190, 804, 74;
53, 208, 27, -457, 457, 259, 206, 814, 105;
47, 202, 25, -511, 415, 236, 186, 789, 100;
41, 195, 23, -568, 364, 208, 160, 762, 90;
35, 189, 21, -616, 318, 183, 137, 740, 85;
30, 185, 21, -653, 275, 159, 118, 724, 83;
26, 183, 22, -674, 243, 140, 104, 716, 88;
21, 180, 22, -702, 198, 114, 84, 704, 86;
17, 179, 23, -717, 161, 93, 68, 699, 90;
19, 184, 30, -690, 160, 89, 75, 719, 117;
11, 179, 26, -723, 94, 53, 42, 701, 104;
3, 176, 24, -745, 35, 20, 13, 688, 95;
-4, 173, 21, -765, -27, -13, -17, 676, 84;
-4, 179, 26, -729, -39, -22, -16, 698, 105;
-11, 177, 25, -735, -96, -54, -43, 693, 97;
-16, 179, 24, -723, -140, -79, -63, 698, 97;
-15, 186, 30, -671, -147, -86, -60, 727, 119;
-26, 182, 24, -687, -225, -128, -101, 713, 96;
-30, 185, 24, -661, -264, -150, -118, 725, 96;
-34, 189, 25, -628, -299, -171, -132, 739, 98;
-41, 189, 21, -618, -359, -203, -163, 738, 83;
-40, 199, 26, -546, -357, -205, -156, 776, 104;
-47, 199, 22, -531, -415, -236, -186, 777, 87;
-53, 201, 19, -504, -461, -262, -209, 785, 76;
-54, 208, 21, -444, -475, -270, -212, 813, 84;
-51, 219, 26, -359, -463, -266, -200, 856, 105;
-60, 219, 20, -346, -522, -297, -234, 854, 79;
-61, 224, 20, -291, -539, -307, -241, 877, 78;
-62, 232, 21, -227, -544, -311, -241, 906, 83;
-63, 237, 20, -174, -560, -319, -249, 927, 78;
-60, 248, 24, -87, -539, -310, -234, 969, 94;
-66, 248, 17, -67, -582, -331, -260, 969, 68;
-61, 259, 21, 21, -552, -317, -241, 1013, 85;
-67, 260, 15, 45, -584, -333, -261, 1016, 61;
-61, 271, 19, 133, -548, -314, -240, 1059, 77;
-60, 277, 18, 189, -540, -310, -236, 1082, 74;
-61, 280, 15, 229, -543, -310, -241, 1095, 61;
-60, 285, 14, 279, -533, -304, -237, 1115, 54;
-54, 295, 17, 359, -486, -279, -211, 1154, 68;
-56, 296, 11, 378, -496, -283, -221, 1155, 45;
-55, 299, 9, 416, -481, -273, -216, 1169, 35;
-50, 306, 9, 472, -442, -252, -197, 1194, 38;
-49, 308, 6, 499, -427, -242, -193, 1202, 25;
-46, 312, 5, 536, -396, -225, -180, 1217, 20;
-42, 315, 3, 569, -364, -206, -166, 1230, 14;
-31, 326, 9, 646, -281, -162, -122, 1271, 38;
-26, 329, 8, 674, -243, -140, -104, 1283, 34;
-25, 328, 4, 679, -221, -126, -98, 1281, 18;
-19, 331, 4, 704, -174, -99, -76, 1292, 17;
-17, 330, 0, 703, -148, -83, -68, 1288, 3;
-7, 336, 4, 743, -75, -44, -30, 1311, 16;
-6, 333, 0, 728, -52, -29, -24, 1300, 0;
3, 338, 3, 760, 22, 11, 13, 1319, 13;
6, 335, 0, 741, 51, 28, 23, 1308, 0;
9, 333, -2, 724, 85, 49, 37, 1299, -10;
13, 331, -4, 708, 125, 72, 54, 1291, -17;
22, 333, -1, 719, 194, 110, 89, 1301, -5;
24, 327, -5, 676, 214, 122, 94, 1279, -23;
29, 325, -6, 653, 256, 146, 113, 1269, -26;
33, 322, -7, 626, 297, 170, 131, 1259, -28;
42, 324, -3, 624, 364, 206, 166, 1264, -14;
37, 311, -13, 530, 341, 197, 146, 1213, -54;
49, 314, -7, 540, 424, 241, 191, 1227, -27;
46, 303, -14, 456, 413, 237, 179, 1184, -56;
47, 297, -16, 402, 432, 249, 186, 1160, -65;
56, 298, -12, 389, 493, 281, 219, 1162, -47;
61, 294, -10, 353, 529, 301, 238, 1150, -41;
55, 281, -19, 254, 501, 288, 217, 1099, -74;
65, 283, -12, 246, 564, 321, 253, 1106, -48;
62, 273, -17, 163, 549, 314, 242, 1066, -68;
64, 268, -17, 112, 563, 322, 249, 1046, -67;
63, 261, -19, 48, 562, 322, 248, 1018, -74;
63, 255, -19, -8, 565, 323, 249, 994, -77;
62, 247, -21, -72, 557, 319, 244, 966, -84;
62, 242, -21, -127, 554, 317, 244, 944, -85;
67, 242, -16, -145, 584, 332, 264, 945, -63;
59, 229, -23, -242, 531, 304, 233, 896, -91;
58, 224, -23, -291, 520, 298, 229, 877, -90;
60, 223, -19, -320, 525, 299, 236, 870, -77;
59, 219, -18, -361, 513, 291, 232, 855, -73;
48, 205, -27, -462, 435, 250, 188, 802, -108;
54, 210, -18, -447, 468, 265, 213, 821, -72;
49, 204, -20, -498, 428, 243, 194, 797, -80;
44, 198, -22, -550, 382, 218, 171, 773, -89;
34, 189, -28, -618, 315, 181, 136, 739, -110;
33, 189, -25, -630, 298, 170, 132, 738, -99;
34, 191, -20, -627, 290, 163, 134, 746, -80;
27, 186, -22, -663, 237, 134, 108, 728, -88;
18, 180, -27, -710, 168, 97, 73, 703, -106;
18, 183, -23, -699, 152, 85, 70, 713, -89;
11, 180, -24, -720, 98, 55, 45, 703, -96;
9, 182, -22, -711, 69, 37, 35, 710, -86;
3, 181, -22, -715, 21, 10, 13, 707, -88;
-9, 173, -30, -764, -74, -40, -38, 676, -120;
-8, 180, -24, -718, -79, -46, -33, 704, -95;
-19, 175, -30, -744, -160, -89, -76, 685, -117;
-23, 178, -29, -723, -199, -112, -92, 695, -114;
-22, 186, -23, -667, -205, -118, -88, 726, -91;
-27, 188, -23, -643, -246, -141, -106, 736, -90;
-31, 192, -22, -612, -283, -163, -122, 749, -87;
-39, 191, -25, -603, -344, -196, -154, 748, -101;
-46, 192, -28, -587, -399, -226, -182, 750, -112;
-48, 199, -25, -533, -417, -237, -187, 776, -101;
-50, 204, -24, -483, -440, -251, -196, 798, -95;
-52, 210, -22, -431, -461, -264, -204, 821, -89;
-53, 217, -20, -371, -475, -272, -208, 848, -80;
-57, 221, -22, -333, -509, -291, -226, 862, -85;
-56, 229, -18, -261, -508, -292, -222, 896, -71;
-61, 232, -20, -225, -543, -310, -240, 906, -81;
-62, 239, -19, -164, -549, -314, -242, 933, -74;
-62, 245, -18, -105, -556, -318, -245, 958, -71;
-68, 246, -22, -80, -594, -338, -268, 961, -88;
-61, 259, -14, 22, -551, -316, -241, 1013, -58;
-63, 263, -16, 66, -563, -322, -248, 1029, -63;
-64, 268, -17, 113, -568, -324, -252, 1046, -67;
-58, 279, -11, 203, -526, -303, -228, 1090, -43;
-66, 276, -19, 203, -570, -324, -257, 1079, -75;
-55, 291, -9, 314, -498, -286, -215, 1136, -36;
-59, 291, -14, 329, -516, -294, -230, 1135, -56;
-57, 295, -14, 375, -499, -284, -223, 1153, -56;
-54, 300, -13, 423, -473, -270, -212, 1173, -52;
-47, 309, -9, 490, -424, -243, -186, 1205, -35;
-44, 313, -8, 534, -393, -225, -172, 1224, -31;
-39, 318, -6, 576, -356, -204, -155, 1242, -25;
-40, 317, -10, 582, -351, -199, -158, 1238, -40;
-36, 321, -9, 614, -314, -178, -141, 1251, -36;
-29, 326, -6, 657, -260, -148, -115, 1272, -23;
-25, 328, -5, 678, -222, -126, -99, 1280, -21;
-15, 335, 0, 730, -148, -87, -60, 1308, 1;
-16, 331, -4, 708, -143, -81, -65, 1291, -17;
-11, 332, -3, 717, -100, -56, -46, 1295, -14;
-9, 329, -5, 706, -73, -40, -37, 1286, -21;
3, 338, 3, 758, 20, 10, 12, 1318, 12;
9, 338, 5, 761, 71, 38, 36, 1321, 20;
6, 329, -2, 702, 63, 38, 23, 1285, -8;
13, 330, 1, 704, 121, 70, 51, 1289, 4;
15, 326, 0, 672, 147, 86, 60, 1272, -2;
20, 324, 0, 654, 192, 112, 80, 1265, 3;
28, 325, 4, 649, 253, 145, 111, 1267, 19;
32, 321, 4, 615, 286, 164, 124, 1252, 19;
38, 320, 8, 597, 338, 193, 150, 1248, 32;
46, 319, 12, 584, 395, 224, 179, 1246, 49;
41, 307, 5, 494, 378, 218, 163, 1199, 21;
49, 307, 10, 478, 435, 248, 193, 1197, 42;
49, 299, 8, 413, 444, 255, 193, 1167, 33;
50, 292, 7, 353, 457, 263, 197, 1139, 29;
54, 288, 9, 311, 487, 280, 212, 1124, 38;
56, 283, 11, 261, 508, 292, 222, 1103, 43;
58, 277, 11, 206, 523, 300, 228, 1080, 46;
61, 272, 13, 157, 543, 311, 238, 1062, 54;
66, 270, 19, 129, 581, 331, 260, 1056, 75;
68, 265, 20, 77, 592, 336, 266, 1036, 81;
64, 255, 17, -3, 570, 326, 252, 997, 69;
60, 245, 14, -89, 540, 310, 234, 956, 55;
62, 241, 17, -130, 551, 316, 242, 942, 68;
64, 239, 21, -165, 564, 322, 251, 932, 84;
66, 236, 25, -203, 570, 324, 257, 920, 97;
61, 227, 23, -273, 538, 307, 240, 888, 90;
54, 217, 18, -357, 488, 280, 213, 847, 72;
59, 219, 27, -359, 515, 292, 233, 856, 105;
50, 207, 20, -451, 446, 256, 195, 809, 79;
51, 206, 25, -470, 444, 253, 198, 806, 97;
47, 202, 25, -511, 415, 236, 186, 789, 100;
40, 195, 22, -570, 362, 208, 159, 761, 89;
35, 190, 22, -613, 320, 184, 139, 742, 86;
31, 186, 22, -647, 281, 162, 121, 727, 86;
33, 189, 28, -635, 282, 159, 129, 740, 112;
28, 187, 29, -659, 241, 136, 111, 730, 113;
24, 186, 30, -674, 203, 114, 95, 725, 117;
20, 184, 30, -687, 164, 91, 78, 721, 120;
12, 181, 28, -712, 105, 59, 49, 707, 111;
4, 177, 25, -737, 43, 24, 18, 694, 100;
-4, 173, 22, -763, -25, -12, -15, 678, 85;
-8, 175, 23, -753, -63, -34, -31, 683, 90;
-14, 175, 22, -752, -113, -63, -54, 683, 86;
-16, 178, 24, -725, -142, -80, -64, 697, 95;
-24, 177, 21, -728, -204, -114, -95, 692, 83;
-25, 183, 25, -683, -221, -126, -98, 716, 98;
-32, 183, 22, -675, -278, -157, -126, 716, 87;
-30, 193, 29, -603, -274, -158, -117, 754, 113;
-40, 191, 22, -608, -349, -198, -157, 745, 89;
-39, 199, 27, -544, -356, -204, -155, 777, 105;
-47, 199, 23, -527, -412, -234, -184, 779, 90;
-47, 208, 26, -463, -420, -241, -183, 811, 102;
-48, 214, 27, -407, -437, -252, -189, 836, 107;
-60, 210, 17, -417, -520, -295, -236, 820, 69;
-54, 224, 26, -309, -486, -279, -211, 876, 102;
-58, 227, 23, -272, -520, -298, -229, 888, 90;
-58, 235, 24, -207, -525, -301, -229, 918, 95;
-68, 233, 16, -200, -586, -332, -265, 911, 62;
-61, 247, 22, -96, -548, -314, -240, 963, 89;
-69, 246, 15, -82, -596, -339, -269, 960, 59;
-69, 251, 13, -28, -602, -342, -272, 982, 54;
-64, 262, 18, 60, -569, -325, -252, 1025, 70;
-66, 266, 14, 100, -581, -331, -260, 1038, 57;
-62, 275, 17, 179, -550, -314, -243, 1076, 67;
-57, 285, 20, 258, -514, -296, -223, 1113, 79;
-62, 284, 12, 269, -542, -309, -243, 1109, 48;
-62, 287, 9, 306, -539, -306, -244, 1121, 35;
-56, 296, 11, 380, -494, -282, -220, 1156, 46;
-55, 299, 9, 417, -480, -273, -216, 1169, 36;
-48, 308, 11, 484, -430, -246, -190, 1202, 46;
-42, 315, 13, 546, -380, -219, -164, 1231, 54;
-38, 319, 12, 583, -350, -201, -151, 1246, 49;
-43, 314, 3, 566, -367, -208, -168, 1228, 12;
-29, 328, 11, 658, -269, -156, -114, 1279, 46;
-25, 329, 9, 680, -237, -137, -101, 1286, 38;
-20, 332, 9, 707, -193, -112, -81, 1298, 35;
-25, 326, 0, 671, -207, -116, -97, 1271, -3;
-10, 337, 7, 744, -106, -62, -42, 1314, 29;
-12, 331, 0, 713, -104, -58, -49, 1292, -1;
-7, 331, -1, 718, -62, -34, -30, 1294, -6;