0, 308, 13, 0, 820, 0, 0, 1204, 51;
0, 307, 11, 11, 806, -8, 0, 1198, 45;
-2, 304, 8, 6, 775, -28, -8, 1185, 33;
2, 307, 12, 66, 809, -4, 10, 1200, 47;
0, 303, 7, 50, 766, -32, -1, 1182, 30;
4, 306, 11, 105, 795, -11, 15, 1194, 43;
10, 311, 16, 175, 838, 18, 39, 1213, 62;
6, 306, 11, 154, 789, -11, 24, 1193, 43;
12, 311, 16, 229, 835, 21, 50, 1213, 64;
13, 310, 16, 250, 828, 19, 53, 1210, 63;
15, 310, 16, 278, 828, 22, 59, 1211, 65;
11, 304, 11, 251, 771, -11, 43, 1189, 43;
9, 302, 9, 254, 744, -25, 38, 1178, 35;
13, 304, 11, 302, 762, -8, 53, 1187, 45;
15, 304, 12, 331, 761, -5, 60, 1188, 47;
21, 309, 17, 400, 800, 25, 83, 1205, 66;
22, 308, 17, 422, 791, 25, 87, 1203, 66;
16, 301, 10, 383, 722, -15, 66, 1175, 41;
22, 305, 15, 452, 759, 15, 89, 1192, 60;
16, 297, 8, 406, 682, -30, 65, 1162, 31;
19, 299, 9, 444, 688, -19, 76, 1166, 38;
18, 296, 8, 450, 663, -29, 73, 1157, 32;
20, 296, 8, 474, 655, -27, 79, 1156, 33;
27, 301, 14, 549, 698, 8, 105, 1175, 56;
23, 296, 10, 529, 646, -19, 92, 1156, 39;
25, 296, 10, 555, 640, -15, 98, 1155, 41;
31, 301, 16, 627, 680, 19, 123, 1174, 63;
24, 292, 8, 572, 593, -29, 96, 1140, 32;
31, 297, 14, 651, 639, 9, 124, 1161, 57;
30, 294, 12, 649, 605, -3, 119, 1149, 48;
33, 295, 14, 686, 610, 8, 131, 1154, 56;
31, 292, 11, 678, 570, -8, 123, 1139, 45;
35, 294, 15, 728, 588, 13, 140, 1149, 59;
29, 286, 8, 678, 506, -31, 115, 1118, 31;
35, 291, 13, 744, 540, 1, 139, 1134, 52;
35, 288, 12, 748, 513, -6, 137, 1126, 47;
35, 287, 11, 763, 496, -6, 140, 1121, 46;
37, 287, 13, 788, 490, 0, 147, 1121, 51;
41, 289, 16, 833, 503, 20, 162, 1130, 63;
34, 280, 8, 774, 413, -28, 134, 1095, 33;
41, 286, 15, 851, 460, 14, 163, 1118, 59;
42, 285, 15, 866, 444, 15, 166, 1114, 60;
45, 286, 17, 895, 443, 26, 176, 1117, 67;
46, 285, 17, 914, 432, 30, 181, 1115, 70;
39, 276, 10, 851, 339, -18, 152, 1079, 39;
43, 279, 14, 901, 360, 7, 170, 1091, 55;
43, 277, 13, 903, 333, 2, 169, 1083, 52;
38, 271, 7, 861, 263, -32, 149, 1057, 31;
44, 275, 13, 921, 294, 1, 172, 1073, 52;
49, 278, 17, 971, 317, 29, 191, 1086, 69;
41, 269, 10, 909, 227, -17, 163, 1052, 40;
45, 271, 13, 945, 236, 1, 176, 1059, 52;
48, 272, 15, 974, 239, 16, 187, 1063, 61;
43, 266, 10, 932, 170, -15, 168, 1038, 41;
41, 262, 8, 918, 130, -28, 161, 1025, 33;
48, 268, 15, 991, 179, 17, 190, 1048, 61;
49, 267, 16, 999, 161, 19, 192, 1045, 62;
44, 261, 10, 950, 89, -15, 172, 1018, 41;
50, 266, 16, 1014, 129, 24, 197, 1038, 66;
47, 261, 13, 981, 73, 0, 183, 1018, 51;
46, 258, 12, 973, 43, -5, 179, 1009, 47;
45, 257, 11, 972, 20, -7, 178, 1003, 46;
42, 252, 8, 936, -36, -31, 163, 983, 31;
50, 259, 16, 1015, 21, 21, 196, 1010, 64;
46, 254, 12, 982, -31, 0, 183, 992, 50;
44, 250, 10, 958, -74, -15, 173, 977, 41;
47, 252, 13, 981, -70, 1, 183, 982, 51;
48, 252, 15, 995, -74, 12, 189, 984, 58;
48, 250, 14, 989, -97, 10, 187, 978, 57;
43, 245, 10, 946, -156, -15, 171, 957, 41;
51, 251, 18, 1015, -104, 32, 200, 982, 71;
42, 241, 9, 925, -209, -23, 164, 942, 36;
43, 241, 10, 930, -219, -16, 167, 941, 40;
41, 239, 9, 916, -247, -22, 163, 932, 37;
43, 240, 11, 930, -245, -8, 170, 936, 45;
44, 239, 12, 932, -256, -2, 173, 935, 49;
48, 243, 17, 970, -229, 28, 190, 950, 68;
48, 242, 17, 962, -248, 29, 189, 945, 69;
45, 238, 15, 931, -289, 14, 178, 931, 60;
43, 235, 13, 904, -326, 2, 169, 919, 52;
43, 235, 13, 898, -340, 5, 169, 916, 54;
37, 227, 8, 832, -414, -31, 144, 889, 31;
44, 234, 16, 896, -357, 19, 173, 915, 62;
40, 230, 13, 855, -404, 0, 159, 899, 50;
36, 225, 9, 810, -454, -22, 143, 881, 37;
44, 233, 17, 875, -394, 30, 173, 909, 69;
41, 229, 15, 836, -436, 13, 160, 894, 59;
43, 231, 17, 848, -427, 30, 168, 901, 70;
41, 228, 16, 823, -454, 23, 161, 892, 65;
32, 219, 8, 733, -546, -26, 127, 857, 34;
34, 221, 10, 738, -542, -13, 133, 861, 42;
34, 220, 11, 729, -550, -8, 133, 861, 45;
32, 219, 11, 708, -570, -10, 128, 855, 44;
32, 218, 11, 696, -580, -8, 127, 853, 45;
28, 214, 8, 643, -630, -31, 109, 835, 31;
29, 215, 10, 651, -619, -14, 116, 842, 41;
30, 216, 12, 649, -617, -3, 119, 845, 48;
28, 214, 10, 614, -646, -14, 109, 835, 41;
33, 219, 16, 653, -602, 24, 130, 856, 65;
29, 215, 13, 606, -642, 5, 115, 841, 54;
23, 209, 8, 537, -703, -27, 91, 818, 34;
25, 212, 12, 549, -683, -5, 100, 828, 47;
21, 208, 9, 502, -721, -23, 85, 814, 36;
21, 208, 9, 483, -730, -21, 82, 812, 37;
26, 213, 15, 521, -682, 17, 103, 834, 61;
27, 215, 18, 523, -669, 32, 108, 841, 71;
26, 214, 17, 497, -682, 30, 103, 837, 69;
20, 209, 13, 430, -736, 0, 80, 816, 51;
18, 208, 12, 400, -752, -4, 73, 811, 48;
20, 210, 15, 408, -730, 15, 81, 822, 60;
15, 206, 11, 349, -774, -8, 62, 805, 45;
15, 206, 12, 334, -774, -3, 61, 806, 48;
15, 207, 13, 319, -772, 2, 60, 808, 52;
12, 204, 11, 274, -799, -11, 47, 798, 43;
9, 202, 9, 233, -823, -23, 35, 789, 36;
7, 202, 9, 209, -829, -23, 31, 787, 36;
15, 210, 18, 269, -749, 32, 61, 821, 71;
12, 208, 16, 228, -771, 21, 49, 813, 64;
13, 209, 18, 218, -760, 31, 51, 818, 70;
9, 207, 15, 174, -783, 18, 38, 809, 62;
6, 205, 13, 131, -805, 5, 26, 801, 54;
5, 204, 13, 102, -811, 2, 19, 798, 52;
6, 207, 16, 104, -786, 20, 26, 809, 63;
0, 200, 9, 18, -849, -20, -3, 783, 38;
0, 202, 11, 6, -838, -12, -3, 788, 43;
2, 206, 15, 25, -793, 17, 10, 806, 61;
-4, 201, 10, -52, -847, -18, -16, 784, 39;
0, 207, 16, -20, -789, 19, 2, 808, 62;
-7, 200, 9, -111, -854, -25, -29, 781, 35;
-1, 207, 15, -73, -789, 17, -7, 807, 61;
-1, 209, 17, -77, -767, 30, -4, 816, 69;
-11, 200, 8, -189, -852, -27, -44, 781, 33;
-3, 209, 17, -128, -763, 29, -13, 817, 69;
-9, 204, 12, -201, -808, -3, -38, 798, 48;
-9, 206, 14, -211, -789, 5, -37, 805, 54;
-16, 201, 8, -287, -836, -28, -63, 784, 33;
-10, 208, 15, -249, -770, 12, -42, 811, 58;
-13, 206, 13, -289, -780, 1, -53, 806, 52;
-13, 208, 14, -305, -765, 7, -54, 811, 55;
-18, 205, 10, -359, -789, -13, -71, 800, 42;
-20, 204, 10, -388, -788, -17, -78, 799, 39;
-20, 206, 11, -403, -773, -12, -79, 804, 43;
-20, 207, 12, -415, -754, -5, -79, 811, 47;
-18, 211, 14, -412, -720, 11, -73, 823, 58;
-19, 212, 15, -427, -703, 16, -74, 829, 61;
-21, 211, 14, -463, -707, 7, -83, 825, 55;
-22, 212, 14, -479, -692, 10, -85, 830, 57;
-21, 215, 16, -483, -664, 21, -82, 840, 64;
-23, 214, 15, -519, -668, 12, -92, 836, 58;
-25, 214, 14, -546, -663, 7, -99, 837, 55;
-25, 216, 15, -554, -639, 15, -97, 844, 60;
-29, 214, 12, -605, -657, -4, -114, 835, 48;
-30, 214, 11, -628, -648, -7, -119, 836, 46;
-35, 211, 8, -683, -672, -31, -138, 824, 31;
-29, 218, 14, -640, -596, 9, -116, 854, 57;
-27, 223, 18, -624, -548, 32, -105, 871, 71;
-37, 215, 8, -729, -621, -25, -144, 838, 34;
-33, 220, 13, -703, -563, 3, -129, 860, 53;
-34, 221, 13, -724, -552, 0, -134, 862, 51;
-32, 225, 16, -713, -509, 19, -126, 877, 62;
-37, 221, 11, -771, -535, -8, -146, 864, 45;
-31, 229, 18, -726, -459, 31, -124, 893, 70;
-42, 220, 8, -829, -530, -27, -164, 861, 34;
-41, 223, 9, -832, -502, -19, -161, 870, 38;
-35, 230, 16, -782, -422, 22, -138, 900, 65;
-44, 223, 8, -872, -480, -27, -172, 873, 33;
-42, 227, 10, -865, -443, -14, -166, 886, 41;
-43, 228, 10, -876, -424, -13, -168, 891, 42;
-46, 227, 8, -912, -430, -29, -180, 885, 32;
-42, 232, 12, -883, -371, -2, -165, 906, 49;
-38, 237, 16, -854, -313, 23, -151, 927, 65;
-42, 235, 13, -896, -326, 2, -166, 919, 52;
-38, 241, 17, -866, -267, 28, -151, 940, 68;
-47, 234, 9, -953, -326, -23, -185, 912, 36;
-40, 242, 16, -893, -239, 22, -159, 946, 64;
-49, 235, 8, -982, -300, -31, -193, 917, 31;
-43, 243, 15, -923, -214, 12, -167, 949, 58;
-40, 247, 17, -903, -167, 30, -158, 965, 70;
-44, 245, 14, -941, -179, 9, -172, 957, 56;
-48, 242, 10, -983, -196, -15, -188, 947, 41;
-48, 243, 10, -991, -178, -16, -190, 951, 40;
-41, 252, 17, -926, -89, 29, -162, 985, 69;
-50, 245, 8, -1012, -151, -25, -197, 955, 34;
-46, 250, 13, -975, -90, 1, -181, 977, 51;
-44, 254, 15, -956, -48, 15, -173, 991, 60;
-50, 249, 9, -1019, -88, -24, -198, 971, 35;
-52, 249, 7, -1031, -79, -32, -203, 972, 30;
-48, 254, 11, -996, -23, -8, -188, 992, 45;
-44, 259, 15, -957, 36, 17, -172, 1013, 61;
-45, 259, 14, -973, 40, 6, -179, 1011, 55;
-51, 254, 8, -1027, 5, -30, -202, 993, 31;
-44, 263, 15, -960, 91, 12, -174, 1025, 59;
-43, 265, 15, -951, 118, 17, -171, 1033, 61;
-49, 260, 10, -1001, 85, -18, -193, 1016, 39;
-45, 265, 13, -965, 138, 3, -178, 1035, 53;
-48, 264, 11, -983, 136, -11, -187, 1031, 43;
-48, 265, 10, -981, 153, -13, -187, 1034, 42;
-47, 267, 11, -971, 177, -10, -184, 1041, 44;
-48, 267, 10, -976, 187, -17, -188, 1042, 39;
-46, 269, 11, -955, 220, -8, -181, 1052, 45;
-43, 274, 14, -921, 267, 9, -168, 1068, 56;
-39, 278, 18, -880, 320, 31, -153, 1087, 70;
-48, 270, 8, -960, 251, -27, -188, 1055, 33;
-46, 272, 9, -940, 280, -20, -182, 1064, 38;
-43, 276, 12, -908, 321, -5, -171, 1078, 47;
-46, 274, 9, -927, 311, -25, -181, 1071, 35;
-41, 280, 13, -875, 370, 2, -162, 1092, 52;
-46, 276, 8, -914, 339, -31, -181, 1076, 31;
-43, 279, 10, -879, 380, -15, -169, 1090, 41;
-42, 281, 10, -865, 400, -14, -166, 1095, 42;
-39, 284, 13, -826, 443, 2, -153, 1110, 52;
-35, 288, 16, -785, 487, 20, -139, 1126, 63;
-36, 288, 15, -783, 492, 12, -141, 1125, 58;
-37, 287, 12, -789, 488, 0, -147, 1121, 50;
-35, 289, 14, -762, 517, 7, -139, 1130, 55;
-35, 290, 13, -752, 527, 3, -139, 1132, 53;
-37, 288, 10, -761, 518, -13, -146, 1125, 42;
-32, 293, 15, -705, 573, 13, -127, 1145, 59;
-32, 293, 14, -698, 578, 6, -127, 1145, 55;
-34, 292, 11, -701, 572, -7, -133, 1140, 46;
-32, 294, 13, -671, 599, 1, -124, 1149, 51;
-26, 300, 17, -609, 657, 30, -103, 1171, 69;
-35, 291, 8, -681, 579, -30, -137, 1136, 32;
-25, 300, 16, -583, 672, 22, -100, 1172, 65;
-28, 298, 13, -594, 654, 2, -110, 1163, 52;
-30, 295, 10, -604, 637, -17, -118, 1154, 40;
-23, 303, 16, -523, 709, 23, -89, 1182, 65;
-23, 302, 14, -519, 704, 11, -92, 1178, 58;
-23, 301, 13, -509, 704, 4, -93, 1176, 54;
-26, 298, 10, -520, 683, -16, -102, 1165, 40;
-22, 302, 13, -468, 724, 3, -85, 1181, 53;
-18, 306, 16, -418, 761, 22, -70, 1195, 64;
-23, 300, 10, -458, 708, -18, -91, 1171, 39;
-22, 300, 9, -439, 713, -21, -89, 1172, 37;
-20, 302, 11, -400, 739, -10, -78, 1181, 44;
-21, 300, 8, -404, 719, -28, -85, 1171, 33;
-11, 310, 17, -293, 815, 30, -44, 1210, 69;
-10, 310, 17, -269, 822, 30, -39, 1212, 69;
-13, 306, 13, -291, 783, 0, -54, 1194, 51;
-7, 311, 17, -222, 834, 30, -30, 1215, 70;
-15, 303, 9, -281, 757, -24, -60, 1182, 35;
-8, 309, 15, -201, 818, 13, -33, 1206, 59;
-7, 310, 15, -174, 825, 14, -27, 1209, 60;
-4, 312, 17, -133, 845, 25, -15, 1216, 67;
-5, 310, 15, -128, 829, 12, -19, 1209, 58;
-2, 312, 16, -88, 848, 23, -8, 1216, 65;
0, 313, 17, -53, 860, 30, 0, 1221, 69;
-2, 309, 14, -62, 828, 7, -9, 1208, 55;
0, 310, 14, -35, 832, 9, -3, 1209, 56;
0, 309, 13, -20, 823, 2, -2, 1205, 52;
-3, 305, 9, -30, 789, -20, -12, 1191, 38;
0, 306, 11, 8, 803, -10, -2, 1197, 44;
5, 311, 16, 80, 849, 20, 22, 1216, 63;
0, 305, 10, 49, 793, -16, 3, 1193, 40;
9, 313, 17, 142, 859, 29, 36, 1221, 69;
5, 308, 12, 122, 812, 0, 22, 1201, 50;
7, 308, 13, 152, 815, 3, 29, 1203, 53;
8, 307, 13, 171, 806, 0, 31, 1200, 50;
5, 303, 9, 162, 768, -22, 22, 1185, 36;
11, 307, 13, 225, 804, 3, 43, 1200, 53;
12, 307, 13, 248, 798, 2, 47, 1199, 52;
8, 302, 8, 228, 748, -26, 33, 1179, 34;
17, 309, 16, 324, 814, 21, 67, 1207, 64;
18, 309, 16, 349, 810, 22, 72, 1207, 65;
16, 305, 13, 339, 770, 0, 63, 1191, 51;
13, 301, 9, 329, 729, -21, 53, 1175, 37;
23, 309, 17, 429, 798, 29, 90, 1206, 69;
22, 306, 15, 433, 772, 17, 86, 1196, 61;
18, 301, 11, 415, 722, -9, 74, 1177, 44;
23, 304, 15, 470, 746, 12, 91, 1188, 58;
18, 298, 9, 437, 681, -24, 73, 1163, 35;
23, 301, 13, 494, 707, 0, 92, 1175, 50;
29, 305, 17, 560, 741, 29, 114, 1191, 69;
21, 295, 8, 494, 643, -28, 82, 1152, 33;
30, 303, 17, 597, 714, 26, 120, 1184, 67;
25, 296, 10, 556, 641, -14, 99, 1156, 42;
26, 295, 11, 579, 632, -12, 103, 1154, 43;
34, 301, 17, 660, 681, 28, 133, 1176, 68;
35, 300, 17, 680, 668, 29, 136, 1173, 69;
33, 297, 15, 676, 633, 14, 131, 1161, 60;
36, 298, 17, 710, 634, 24, 141, 1164, 66;
31, 292, 12, 681, 573, -6, 124, 1140, 46;
36, 295, 16, 736, 596, 18, 143, 1153, 62;
35, 292, 13, 729, 557, 2, 136, 1139, 52;
39, 294, 17, 778, 575, 24, 153, 1149, 66;
37, 290, 14, 769, 533, 7, 146, 1134, 55;
37, 289, 13, 779, 512, 3, 146, 1128, 53;
39, 289, 15, 809, 511, 13, 155, 1130, 59;
38, 286, 12, 802, 472, 0, 149, 1117, 50;
35, 281, 9, 781, 420, -23, 137, 1098, 36;
40, 285, 13, 838, 447, 5, 158, 1112, 54;
36, 279, 9, 805, 383, -25, 141, 1089, 35;
43, 284, 15, 878, 426, 15, 169, 1109, 60;
42, 282, 14, 877, 395, 6, 165, 1099, 54;
37, 275, 8, 837, 325, -27, 146, 1074, 33;
43, 279, 14, 901, 360, 7, 170, 1091, 55;
47, 281, 17, 939, 370, 26, 184, 1098, 67;
45, 278, 14, 926, 327, 10, 176, 1084, 57;
41, 272, 10, 897, 270, -14, 162, 1063, 42;
46, 275, 15, 947, 292, 13, 181, 1076, 59;
43, 271, 12, 928, 246, -4, 171, 1060, 47;
43, 269, 11, 930, 220, -8, 170, 1052, 45;
49, 273, 16, 986, 250, 24, 192, 1068, 66;
43, 267, 11, 939, 177, -10, 171, 1041, 44;
47, 268, 14, 972, 185, 7, 184, 1048, 55;
46, 266, 12, 964, 151, -1, 179, 1037, 50;
47, 266, 14, 980, 143, 6, 185, 1037, 55;
50, 267, 16, 1006, 144, 21, 195, 1041, 64;
43, 259, 9, 946, 61, -20, 169, 1010, 38;
41, 255, 7, 931, 23, -32, 162, 997, 30;
45, 258, 11, 969, 39, -7, 178, 1007, 46;
42, 253, 8, 941, -10, -27, 166, 990, 33;
51, 261, 17, 1025, 52, 28, 200, 1020, 68;
48, 257, 14, 1001, 7, 11, 190, 1004, 58;
46, 253, 12, 977, -36, -3, 180, 989, 48;
46, 252, 12, 975, -57, -4, 180, 984, 48;
49, 254, 15, 1004, -47, 16, 192, 992, 61;
44, 248, 11, 959, -110, -12, 174, 969, 43;
47, 250, 13, 982, -104, 5, 185, 975, 54;
46, 247, 12, 968, -134, -1, 180, 966, 50;
45, 245, 12, 957, -161, -5, 176, 958, 47;
42, 242, 9, 931, -203, -19, 167, 944, 38;
46, 245, 14, 965, -183, 6, 182, 955, 55;
45, 243, 13, 953, -209, 2, 178, 948, 52;
43, 240, 11, 930, -246, -8, 170, 936, 45;
45, 240, 13, 939, -249, 2, 176, 938, 52;
43, 238, 12, 920, -280, -4, 169, 929, 47;
40, 234, 9, 888, -322, -20, 158, 914, 38;
45, 238, 15, 929, -291, 13, 178, 930, 59;
38, 231, 8, 861, -369, -26, 151, 901, 34;
47, 239, 17, 935, -303, 30, 185, 932, 70;
41, 232, 12, 870, -376, -6, 160, 904, 47;
44, 234, 15, 891, -362, 15, 171, 913, 60;
45, 235, 17, 901, -358, 30, 178, 918, 69;
43, 232, 15, 868, -396, 16, 167, 905, 61;
35, 224, 8, 790, -479, -26, 138, 874, 34;
42, 230, 16, 849, -423, 21, 165, 899, 64;
36, 224, 11, 785, -491, -11, 142, 874, 43;
39, 227, 14, 806, -472, 11, 154, 885, 58;
35, 222, 11, 755, -524, -12, 136, 866, 43;
33, 220, 10, 729, -551, -19, 129, 858, 39;
40, 226, 17, 787, -492, 30, 157, 885, 70;
32, 218, 10, 703, -575, -14, 126, 853, 41;
30, 216, 9, 672, -604, -24, 117, 843, 35;
38, 224, 18, 739, -534, 32, 149, 875, 71;
34, 220, 15, 694, -576, 14, 134, 860, 59;
26, 212, 8, 610, -655, -29, 103, 829, 32;
32, 218, 15, 657, -604, 13, 127, 853, 59;
31, 217, 15, 635, -619, 12, 122, 848, 58;
24, 210, 8, 555, -693, -28, 93, 820, 33;
26, 212, 11, 564, -676, -9, 102, 829, 45;
28, 215, 15, 578, -654, 13, 112, 840, 59;
28, 215, 15, 564, -659, 18, 111, 840, 62;
29, 216, 17, 562, -652, 30, 115, 845, 69;
27, 214, 16, 526, -676, 20, 105, 836, 63;
22, 210, 13, 473, -718, 0, 88, 821, 50;
23, 211, 14, 469, -710, 11, 91, 826, 58;
19, 208, 12, 421, -745, -5, 76, 813, 47;
22, 212, 16, 440, -713, 21, 89, 827, 64;
20, 210, 15, 406, -732, 14, 80, 821, 59;
14, 205, 10, 336, -788, -17, 56, 799, 40;
17, 208, 14, 349, -758, 7, 67, 813, 55;
10, 201, 8, 268, -823, -31, 39, 787, 31;
16, 209, 16, 320, -754, 18, 66, 817, 62;
11, 204, 11, 252, -804, -10, 43, 797, 44;
15, 209, 16, 281, -756, 24, 60, 817, 66;
15, 210, 17, 263, -756, 28, 58, 819, 68;
6, 201, 9, 166, -833, -20, 24, 787, 38;
12, 209, 17, 214, -765, 27, 49, 816, 68;
8, 206, 14, 160, -797, 8, 32, 803, 56;
8, 207, 15, 147, -789, 15, 32, 807, 60;
8, 207, 16, 132, -781, 22, 32, 811, 64;
6, 207, 16, 106, -785, 21, 27, 809, 64;
4, 206, 15, 73, -794, 16, 19, 806, 61;
4, 207, 16, 52, -791, 18, 16, 807, 62;
-3, 200, 9, -30, -849, -20, -12, 783, 38;
-5, 200, 9, -62, -857, -25, -20, 780, 35;
2, 209, 18, 0, -769, 32, 10, 816, 71;
-6, 201, 9, -104, -847, -20, -26, 784, 38;
-9, 199, 8, -140, -857, -27, -35, 779, 33;
-8, 202, 10, -145, -835, -15, -32, 788, 41;
-10, 201, 9, -178, -841, -20, -40, 785, 38;
-5, 207, 16, -144, -779, 18, -20, 810, 62;
-11, 202, 10, -218, -824, -14, -45, 791, 41;
-10, 205, 12, -222, -800, -1, -41, 800, 50;
-16, 201, 8, -286, -835, -27, -62, 785, 33;
-11, 207, 14, -254, -774, 9, -44, 809, 56;
-16, 204, 10, -312, -802, -13, -62, 796, 42;
-16, 205, 12, -325, -786, -6, -62, 802, 46;
-16, 207, 13, -338, -768, 0, -63, 808, 51;
-20, 204, 10, -389, -789, -18, -78, 799, 39;
-15, 211, 15, -358, -727, 17, -60, 823, 62;
-20, 207, 12, -415, -754, -5, -79, 811, 47;
-18, 211, 15, -408, -715, 14, -71, 825, 59;
-23, 208, 11, -466, -742, -9, -90, 813, 45;
-27, 205, 8, -520, -764, -31, -107, 802, 31;
-27, 207, 9, -526, -739, -21, -105, 810, 37;
-20, 215, 16, -481, -662, 23, -81, 841, 65;
-29, 208, 9, -574, -723, -24, -115, 813, 35;
-24, 215, 15, -539, -656, 12, -96, 839, 58;
-30, 211, 10, -605, -690, -18, -119, 823, 39;
-29, 214, 12, -601, -654, -2, -113, 836, 49;
-32, 213, 10, -641, -661, -15, -125, 831, 41;
-32, 214, 10, -656, -645, -13, -127, 836, 42;
-32, 216, 12, -662, -618, -4, -125, 844, 47;
-33, 217, 12, -682, -607, -6, -129, 847, 47;
-37, 215, 9, -728, -620, -24, -144, 839, 35;
-37, 216, 9, -744, -604, -24, -147, 843, 35;
-34, 220, 12, -727, -555, -1, -136, 861, 50;
-35, 222, 13, -738, -534, 2, -137, 867, 52;
-39, 220, 10, -785, -549, -18, -152, 858, 39;
-37, 223, 12, -781, -514, -5, -147, 870, 47;
-35, 227, 15, -766, -467, 14, -137, 887, 60;
-43, 221, 7, -851, -521, -32, -169, 862, 31;
-38, 228, 14, -807, -447, 6, -148, 890, 54;
-43, 224, 9, -866, -475, -24, -170, 875, 35;
-39, 230, 14, -831, -409, 8, -152, 900, 56;
-43, 228, 10, -875, -423, -13, -167, 891, 42;
-44, 228, 9, -897, -415, -19, -174, 891, 38;
-41, 234, 14, -869, -357, 6, -159, 912, 55;
-47, 229, 8, -936, -395, -30, -185, 894, 31;
-46, 232, 9, -931, -361, -20, -180, 904, 37;
-41, 238, 15, -887, -288, 15, -160, 932, 60;
-48, 233, 8, -962, -335, -28, -189, 909, 32;
-48, 234, 8, -970, -316, -28, -190, 914, 33;
-49, 235, 8, -980, -298, -29, -193, 918, 32;
-44, 242, 13, -937, -227, 3, -173, 944, 53;
-47, 240, 11, -967, -231, -11, -184, 939, 43;
-43, 246, 15, -932, -170, 15, -168, 961, 60;
-50, 240, 8, -1005, -217, -29, -197, 938, 32;
-47, 244, 11, -982, -169, -10, -186, 955, 44;
-47, 246, 12, -980, -143, -6, -185, 962, 46;
-47, 248, 12, -981, -120, -4, -184, 968, 48;
-47, 249, 11, -987, -102, -6, -186, 972, 46;
-48, 250, 11, -991, -83, -7, -187, 977, 46;
-42, 257, 17, -944, -14, 24, -167, 1002, 66;
-50, 250, 9, -1018, -66, -24, -198, 977, 36;
-44, 258, 15, -958, 14, 16, -173, 1007, 61;
-42, 261, 17, -941, 52, 27, -166, 1019, 68;
-49, 255, 10, -1006, 7, -15, -193, 997, 41;
-43, 263, 16, -948, 84, 22, -169, 1026, 64;
-47, 260, 12, -989, 62, -6, -186, 1014, 47;
-46, 262, 13, -976, 93, 0, -182, 1023, 51;
-48, 261, 11, -992, 95, -11, -189, 1020, 43;
-50, 260, 8, -1010, 93, -26, -197, 1016, 34;
-43, 269, 16, -936, 183, 19, -167, 1050, 63;
-45, 267, 13, -960, 174, 0, -178, 1043, 51;
-41, 273, 17, -915, 233, 26, -161, 1064, 67;
-46, 269, 12, -956, 207, -4, -179, 1050, 48;
-45, 270, 12, -947, 228, -3, -177, 1056, 48;
-47, 269, 10, -961, 227, -17, -185, 1052, 40;
-45, 273, 12, -934, 266, -4, -175, 1065, 48;
-38, 280, 18, -872, 338, 31, -152, 1092, 70;
-38, 281, 17, -865, 355, 29, -151, 1095, 69;
-42, 277, 13, -898, 331, 0, -167, 1082, 51;
-47, 273, 7, -938, 300, -32, -186, 1066, 30;
-43, 278, 11, -889, 357, -6, -168, 1087, 46;
-36, 285, 17, -822, 430, 30, -143, 1114, 69;
-40, 283, 13, -847, 411, 5, -156, 1103, 54;
-37, 286, 16, -815, 449, 18, -145, 1116, 62;
-37, 286, 15, -808, 461, 14, -145, 1118, 60;
-42, 281, 9, -850, 422, -22, -166, 1099, 36;
-42, 282, 9, -840, 435, -25, -165, 1102, 35;
-38, 286, 11, -798, 479, -7, -151, 1117, 46;
-37, 288, 12, -776, 503, -2, -145, 1124, 49;
-39, 286, 10, -784, 495, -17, -152, 1118, 39;
-38, 287, 9, -773, 506, -21, -151, 1120, 37;
-30, 295, 16, -689, 589, 24, -120, 1152, 65;
-35, 290, 11, -725, 551, -11, -139, 1134, 43;
-34, 292, 12, -701, 573, -6, -133, 1140, 46;
-33, 293, 11, -683, 587, -6, -129, 1144, 46;
-33, 293, 11, -673, 593, -11, -129, 1144, 43;
-27, 299, 16, -607, 653, 19, -106, 1167, 62;
-25, 300, 16, -583, 672, 22, -100, 1172, 65;
-28, 297, 12, -601, 647, -2, -112, 1160, 49;
-22, 303, 17, -532, 708, 30, -88, 1183, 69;
-29, 296, 9, -588, 644, -20, -116, 1155, 38;
-23, 302, 14, -519, 704, 11, -92, 1178, 58;
-26, 299, 11, -534, 680, -11, -103, 1166, 43;
-20, 305, 16, -460, 742, 23, -78, 1190, 65;
-26, 298, 9, -509, 682, -24, -103, 1163, 36;
-17, 307, 17, -410, 769, 27, -66, 1198, 68;
-25, 298, 7, -479, 688, -32, -100, 1163, 30;
-22, 301, 10, -432, 721, -16, -86, 1175, 40;
-13, 309, 17, -341, 797, 29, -53, 1205, 69;
-18, 304, 12, -371, 752, -6, -71, 1185, 47;
-18, 302, 10, -364, 743, -17, -73, 1180, 40;
-17, 303, 11, -334, 757, -12, -66, 1185, 43;
-13, 306, 13, -290, 784, 1, -53, 1195, 51;
-17, 302, 8, -311, 745, -28, -68, 1178, 32;
-8, 309, 15, -217, 821, 18, -34, 1208, 62;
-5, 312, 17, -176, 842, 29, -23, 1216, 69;
-9, 307, 13, -194, 805, 1, -35, 1200, 51;
-11, 304, 9, -203, 775, -21, -45, 1187, 37;
-6, 309, 14, -137, 820, 6, -23, 1205, 55;
-2, 312, 16, -87, 848, 23, -8, 1217, 65;
-4, 308, 13, -98, 815, 0, -18, 1202, 50;
-5, 306, 10, -94, 797, -13, -22, 1194, 42;
-5, 305, 9, -83, 784, -22, -23, 1189, 37;
-2, 306, 11, -40, 803, -10, -11, 1197, 44;
3, 311, 16, 30, 849, 20, 12, 1216, 63;
1, 308, 12, 23, 818, 0, 4, 1203, 50;
0, 306, 11, 33, 802, -10, 2, 1196, 44;
5, 310, 15, 95, 838, 14, 22, 1212, 59;
4, 308, 13, 100, 817, 1, 19, 1203, 51;
5, 307, 12, 120, 810, -1, 21, 1201, 49;
4, 305, 10, 128, 790, -13, 19, 1193, 42;
4, 304, 9, 137, 772, -23, 17, 1186, 36;
5, 303, 8, 155, 762, -26, 19, 1182, 34;
7, 304, 10, 196, 774, -16, 31, 1188, 40;
13, 309, 15, 265, 814, 13, 54, 1205, 59;
11, 305, 12, 260, 780, -5, 46, 1192, 47;
11, 303, 10, 268, 758, -15, 44, 1184, 41;
13, 304, 11, 298, 758, -11, 51, 1185, 43;
12, 301, 8, 299, 729, -26, 46, 1174, 34;
22, 309, 17, 406, 806, 29, 86, 1208, 69;
23, 309, 17, 430, 799, 30, 90, 1206, 69;
24, 308, 17, 451, 789, 28, 94, 1203, 68;
20, 303, 13, 432, 740, 1, 81, 1184, 52;
26, 307, 17, 493, 769, 27, 101, 1198, 68;
24, 304, 15, 493, 737, 12, 96, 1186, 58;
26, 303, 15, 517, 730, 14, 101, 1185, 60;
26, 303, 15, 537, 718, 14, 105, 1182, 59;
30, 305, 17, 583, 732, 30, 119, 1189, 70;
26, 299, 13, 558, 675, 0, 104, 1168, 51;
24, 295, 9, 546, 631, -20, 94, 1151, 37;
25, 295, 10, 572, 625, -17, 100, 1151, 40;
26, 293, 9, 588, 608, -19, 103, 1146, 38;
35, 301, 18, 685, 673, 32, 139, 1175, 71;
34, 298, 16, 684, 640, 19, 134, 1164, 63;
37, 299, 18, 721, 646, 32, 145, 1168, 71;
37, 298, 17, 733, 625, 28, 146, 1162, 68;
30, 289, 9, 677, 537, -20, 119, 1128, 37;
36, 293, 15, 746, 574, 13, 143, 1146, 59;
38, 293, 15, 766, 562, 16, 148, 1144, 61;
37, 291, 14, 770, 534, 8, 146, 1134, 56;
38, 290, 14, 788, 521, 10, 150, 1132, 57;
40, 290, 16, 817, 519, 19, 159, 1133, 62;
34, 282, 8, 764, 435, -25, 133, 1101, 35;
43, 289, 17, 855, 495, 25, 168, 1129, 67;
36, 281, 9, 800, 409, -19, 142, 1096, 38;
40, 283, 13, 848, 426, 3, 159, 1107, 53;
40, 281, 12, 850, 398, -3, 157, 1098, 48;
40, 280, 12, 860, 378, -4, 159, 1093, 48;
41, 279, 12, 875, 364, -2, 162, 1090, 49;
45, 281, 16, 918, 377, 18, 177, 1098, 62;
40, 274, 10, 876, 306, -15, 158, 1072, 41;
38, 271, 8, 864, 266, -29, 151, 1058, 32;
39, 270, 8, 874, 247, -29, 153, 1054, 32;
46, 275, 14, 945, 290, 11, 180, 1075, 58;
42, 269, 10, 909, 227, -17, 163, 1052, 40;
40, 266, 8, 901, 192, -27, 158, 1041, 34;
50, 274, 17, 994, 258, 29, 195, 1071, 69;
43, 266, 10, 935, 173, -13, 169, 1039, 42;
44, 265, 11, 947, 159, -9, 173, 1037, 45;
43, 263, 10, 941, 128, -16, 170, 1027, 40;
42, 261, 9, 937, 100, -21, 167, 1019, 37;
46, 263, 12, 972, 111, -1, 180, 1027, 50;
43, 259, 10, 948, 63, -19, 170, 1011, 39;
43, 257, 9, 945, 37, -22, 168, 1003, 36;
49, 261, 15, 1001, 70, 12, 191, 1020, 59;
43, 255, 9, 951, 0, -21, 170, 994, 37;
49, 259, 15, 1004, 31, 14, 192, 1011, 59;
49, 257, 15, 1004, 10, 13, 192, 1005, 59;
51, 258, 17, 1023, 9, 26, 200, 1009, 67;
46, 252, 12, 977, -55, -2, 181, 985, 49;
47, 252, 13, 985, -66, 3, 185, 984, 53;
49, 252, 15, 999, -70, 14, 191, 986, 60;
47, 250, 14, 984, -102, 7, 186, 976, 55;
45, 247, 12, 966, -137, -2, 179, 965, 49;
47, 248, 14, 982, -137, 10, 186, 968, 57;
43, 242, 10, 938, -196, -15, 169, 947, 41;
42, 241, 10, 927, -221, -18, 166, 940, 39;
43, 241, 11, 935, -227, -9, 171, 941, 45;
44, 241, 12, 941, -234, 0, 175, 941, 50;
47, 243, 15, 961, -227, 17, 185, 947, 61;
48, 242, 16, 963, -237, 23, 187, 946, 65;
39, 233, 8, 874, -336, -29, 153, 908, 32;
40, 233, 10, 885, -335, -16, 159, 912, 40;
44, 236, 14, 913, -317, 8, 173, 923, 56;
37, 229, 8, 845, -393, -29, 147, 894, 32;
43, 234, 14, 890, -355, 7, 168, 913, 55;
37, 228, 9, 832, -421, -23, 147, 889, 36;
38, 227, 10, 829, -430, -17, 148, 888, 40;
41, 230, 14, 857, -408, 9, 162, 900, 56;
37, 226, 10, 809, -460, -14, 146, 881, 42;
35, 223, 9, 779, -493, -25, 136, 870, 35;
35, 223, 10, 775, -500, -18, 138, 870, 39;
37, 225, 13, 788, -489, 0, 147, 878, 51;
41, 228, 17, 816, -463, 28, 162, 892, 68;
37, 223, 13, 766, -514, 5, 144, 873, 54;
39, 226, 17, 780, -499, 25, 154, 882, 66;
38, 225, 17, 765, -513, 26, 151, 878, 67;
34, 220, 13, 712, -564, 2, 133, 860, 52;
35, 222, 15, 718, -556, 18, 140, 866, 62;
28, 214, 9, 635, -635, -25, 109, 835, 35;
30, 216, 11, 643, -623, -7, 117, 843, 46;
28, 214, 11, 618, -642, -11, 111, 837, 43;
34, 220, 18, 664, -590, 31, 134, 860, 70;
31, 218, 16, 628, -620, 20, 124, 850, 63;
25, 212, 11, 560, -681, -11, 100, 827, 43;
25, 211, 11, 542, -690, -10, 97, 825, 44;
22, 209, 9, 505, -718, -21, 87, 816, 37;
27, 215, 16, 546, -667, 19, 108, 838, 63;
24, 211, 13, 501, -702, 3, 94, 826, 53;
25, 213, 15, 498, -693, 16, 98, 831, 61;
23, 212, 15, 474, -705, 14, 93, 828, 60;
20, 209, 13, 433, -733, 2, 81, 818, 52;
16, 205, 9, 376, -777, -20, 63, 801, 38;
17, 207, 11, 373, -766, -7, 66, 807, 46;
19, 210, 15, 382, -741, 13, 76, 819, 59;
12, 203, 9, 304, -804, -23, 48, 794, 36;
10, 202, 8, 274, -817, -27, 41, 789, 33;
8, 201, 8, 244, -829, -31, 34, 785, 31;
16, 210, 17, 306, -750, 25, 66, 819, 66;
12, 206, 13, 252, -786, 5, 48, 805, 54;
6, 201, 9, 182, -837, -25, 25, 785, 35;
12, 208, 16, 225, -773, 19, 48, 812, 63;
9, 206, 14, 182, -796, 7, 36, 803, 55;
10, 207, 16, 175, -782, 18, 39, 810, 62;
6, 205, 13, 127, -808, 2, 24, 799, 52;
0, 199, 8, 56, -858, -28, 0, 779, 33;
-1, 199, 8, 27, -863, -30, -5, 777, 31;
-2, 199, 7, 0, -867, -32, -10, 776, 30;
1, 204, 13, 31, -812, 4, 7, 799, 53;
-2, 201, 10, -20, -840, -13, -8, 787, 42;
1, 206, 15, 0, -794, 16, 5, 806, 61;
0, 207, 16, -20, -790, 19, 2, 808, 62;
-1, 206, 15, -52, -796, 14, -4, 805, 59;
-6, 202, 11, -112, -828, -8, -23, 791, 45;
-4, 205, 14, -111, -801, 7, -18, 802, 55;
-8, 203, 11, -163, -825, -10, -34, 791, 44;
-3, 209, 17, -131, -766, 27, -15, 816, 67;
-8, 205, 13, -190, -796, 4, -34, 802, 53;
-15, 200, 8, -263, -841, -28, -59, 783, 33;
-16, 200, 8, -290, -839, -30, -64, 783, 31;
-14, 204, 11, -280, -800, -7, -55, 798, 46;
-9, 210, 17, -251, -741, 27, -37, 822, 67;
-13, 208, 14, -297, -758, 11, -51, 814, 58;
-15, 207, 13, -336, -766, 1, -62, 809, 52;
-15, 209, 14, -346, -746, 10, -61, 816, 57;
-14, 212, 16, -349, -718, 23, -56, 827, 65;
-16, 211, 15, -380, -719, 17, -64, 825, 62;
-19, 210, 13, -422, -730, 4, -77, 819, 53;
-21, 209, 13, -452, -728, 0, -84, 818, 50;
-27, 205, 7, -521, -766, -31, -108, 801, 31;
-23, 211, 13, -491, -704, 2, -90, 825, 52;
-20, 216, 17, -473, -654, 29, -78, 844, 69;
-27, 210, 10, -557, -706, -13, -108, 821, 42;
-24, 215, 15, -538, -655, 13, -95, 840, 59;
-30, 210, 9, -607, -692, -19, -120, 822, 38;
-31, 212, 10, -624, -676, -17, -122, 827, 40;
-27, 217, 15, -597, -617, 13, -106, 849, 59;
-32, 214, 10, -657, -645, -13, -127, 835, 42;
-30, 218, 14, -643, -599, 7, -117, 852, 55;
-36, 214, 9, -711, -635, -25, -141, 835, 35;
-33, 218, 12, -698, -590, -4, -132, 851, 47;
-32, 221, 14, -698, -559, 6, -128, 862, 54;
-37, 218, 10, -751, -579, -17, -146, 851, 40;
-33, 224, 15, -720, -516, 14, -129, 875, 59;
-37, 221, 11, -769, -534, -7, -146, 865, 46;
-35, 225, 14, -763, -496, 6, -139, 878, 55;
-35, 227, 15, -763, -465, 16, -136, 888, 61;
-40, 224, 11, -820, -491, -11, -157, 874, 43;
-42, 223, 9, -848, -488, -21, -165, 873, 37;
-40, 227, 12, -835, -444, -3, -157, 888, 48;
-44, 225, 8, -885, -463, -27, -174, 877, 33;
-38, 233, 15, -832, -380, 15, -149, 909, 60;
-41, 232, 13, -864, -382, 1, -160, 905, 52;
-37, 237, 17, -834, -323, 29, -145, 926, 69;
-38, 238, 17, -847, -306, 28, -148, 930, 68;
-47, 231, 9, -937, -367, -25, -183, 902, 35;
-48, 231, 8, -956, -357, -30, -188, 903, 31;
-44, 237, 12, -925, -298, -4, -173, 924, 48;
-46, 236, 10, -951, -296, -15, -182, 922, 41;
-48, 236, 9, -966, -283, -20, -187, 924, 38;
-50, 236, 7, -991, -282, -32, -196, 921, 30;
-41, 246, 17, -910, -174, 26, -160, 963, 67;
-47, 242, 11, -968, -206, -8, -183, 946, 45;
-48, 243, 10, -982, -194, -14, -188, 948, 42;
-50, 242, 8, -1009, -196, -28, -198, 943, 33;
-45, 248, 13, -963, -126, 4, -178, 969, 53;
-43, 251, 15, -948, -87, 17, -171, 982, 61;
-49, 247, 10, -1005, -120, -18, -193, 965, 39;
-44, 254, 15, -957, -49, 14, -173, 991, 60;
-48, 251, 11, -999, -69, -11, -190, 979, 43;
-47, 254, 13, -983, -31, 0, -183, 992, 50;
-49, 252, 10, -1011, -37, -18, -194, 986, 39;
-47, 256, 12, -992, 1, -5, -187, 998, 47;
-47, 258, 12, -984, 29, -1, -183, 1007, 50;
-46, 260, 14, -972, 60, 5, -179, 1016, 54;
-45, 261, 14, -970, 81, 6, -178, 1021, 54;
-42, 266, 16, -941, 128, 23, -167, 1037, 65;
-46, 264, 13, -969, 117, 3, -179, 1029, 52;
-46, 265, 13, -967, 136, 2, -179, 1034, 52;
-42, 269, 16, -934, 184, 20, -167, 1051, 63;
-41, 271, 17, -921, 213, 26, -162, 1059, 67;
-49, 265, 9, -989, 160, -22, -192, 1034, 37;
-45, 269, 12, -954, 208, -3, -179, 1051, 48;
-47, 268, 10, -967, 209, -16, -186, 1047, 40;
-49, 267, 8, -983, 205, -31, -194, 1043, 31;
-49, 268, 8, -973, 227, -30, -191, 1048, 32;
-43, 275, 13, -910, 300, 5, -168, 1076, 54;
-38, 280, 17, -866, 354, 28, -151, 1095, 68;
-45, 274, 10, -924, 306, -16, -177, 1072, 40;
-46, 275, 9, -922, 316, -21, -179, 1073, 37;
-40, 281, 14, -866, 380, 8, -158, 1096, 56;
-44, 278, 10, -894, 358, -18, -173, 1084, 39;
-36, 286, 17, -814, 445, 27, -142, 1117, 68;
-39, 283, 13, -838, 427, 3, -155, 1107, 53;
-37, 286, 15, -810, 458, 13, -146, 1117, 59;
-36, 288, 15, -790, 482, 17, -141, 1124, 61;
-40, 284, 10, -824, 451, -14, -158, 1108, 41;
-34, 290, 16, -759, 519, 19, -135, 1133, 62;
-40, 285, 9, -807, 472, -22, -158, 1111, 36;
-33, 292, 15, -731, 549, 17, -130, 1141, 62;
-37, 288, 10, -765, 514, -15, -148, 1124, 41;
-33, 292, 13, -716, 562, 5, -131, 1141, 54;
-31, 295, 15, -682, 594, 17, -121, 1152, 61;
-30, 295, 15, -671, 603, 13, -120, 1153, 59;
-35, 291, 9, -702, 567, -19, -137, 1136, 38;
-33, 293, 10, -675, 590, -13, -130, 1143, 42;
-32, 294, 11, -653, 607, -11, -125, 1148, 43;
-26, 300, 16, -586, 668, 20, -102, 1171, 63;
-32, 293, 8, -636, 612, -25, -127, 1145, 34;
-23, 303, 17, -536, 704, 27, -90, 1182, 68;
-29, 296, 9, -588, 644, -20, -116, 1155, 38;
-25, 300, 13, -533, 690, 2, -98, 1172, 52;
-21, 303, 15, -490, 723, 17, -85, 1184, 61;
-22, 302, 13, -487, 715, 4, -89, 1179, 54;
-24, 300, 11, -492, 699, -12, -96, 1171, 43;
-25, 299, 9, -484, 695, -21, -97, 1167, 37;
-18, 304, 14, -415, 751, 9, -74, 1189, 57;
-14, 309, 18, -359, 793, 31, -56, 1205, 70;
-18, 304, 12, -387, 751, -1, -72, 1186, 49;
-21, 300, 8, -401, 722, -26, -83, 1173, 34;
-17, 304, 11, -350, 758, -7, -67, 1186, 46;
-9, 311, 18, -266, 825, 32, -38, 1213, 71;
-10, 309, 16, -260, 814, 21, -41, 1207, 64;
-11, 307, 14, -257, 799, 7, -45, 1200, 55;
-14, 304, 10, -270, 767, -17, -56, 1186, 40;
-8, 309, 14, -204, 814, 10, -34, 1205, 57;
-9, 307, 12, -200, 798, -2, -38, 1198, 49;
-10, 305, 11, -191, 787, -12, -39, 1192, 43;
-12, 303, 8, -195, 762, -31, -47, 1181, 31;
-5, 308, 13, -116, 819, 4, -20, 1204, 53;
-9, 303, 8, -141, 772, -28, -36, 1185, 33;
-6, 305, 10, -98, 792, -16, -24, 1193, 40;
-1, 309, 14, -38, 829, 7, -4, 1208, 55;
-1, 308, 12, -28, 815, -2, -6, 1202, 49;
0, 308, 12, -5, 814, -3, -2, 1201, 48;
1, 308, 12, 23, 817, -1, 3, 1203, 50;
2, 308, 13, 51, 820, 1, 10, 1204, 51;
6, 311, 15, 100, 844, 17, 24, 1214, 62;
4, 307, 12, 92, 809, -3, 16, 1200, 48;
2, 304, 9, 87, 777, -23, 8, 1187, 36;
5, 306, 11, 134, 797, -8, 22, 1196, 45;
5, 304, 10, 144, 779, -18, 20, 1189, 39;
14, 312, 18, 243, 850, 31, 56, 1219, 70;
15, 311, 17, 262, 841, 28, 58, 1216, 68;
9, 304, 10, 224, 773, -13, 37, 1189, 42;
12, 306, 12, 265, 785, -1, 48, 1194, 49;
18, 310, 17, 335, 826, 29, 72, 1212, 69;
16, 306, 14, 324, 785, 6, 62, 1196, 54;
20, 309, 17, 378, 808, 26, 79, 1207, 67;
17, 304, 12, 360, 760, -1, 66, 1188, 50;
19, 305, 13, 391, 760, 4, 74, 1190, 53;
20, 304, 13, 412, 750, 3, 78, 1187, 53;
18, 301, 11, 410, 717, -12, 72, 1175, 42;
18, 299, 10, 424, 700, -18, 72, 1169, 39;
19, 299, 10, 447, 692, -17, 77, 1167, 40;
21, 299, 10, 472, 684, -15, 82, 1166, 41;
23, 299, 11, 502, 683, -9, 90, 1167, 45;
22, 296, 9, 505, 654, -21, 86, 1157, 37;
28, 301, 14, 574, 691, 11, 110, 1174, 57;
25, 296, 10, 555, 640, -15, 98, 1155, 41;
23, 293, 8, 553, 606, -29, 93, 1143, 32;
32, 300, 16, 648, 668, 20, 127, 1171, 63;
30, 296, 13, 637, 625, 0, 119, 1155, 51;
36, 300, 18, 704, 660, 32, 142, 1172, 71;
27, 289, 8, 626, 550, -31, 106, 1129, 31;
36, 297, 16, 725, 617, 22, 142, 1159, 65;
35, 294, 14, 722, 582, 9, 137, 1147, 56;
35, 293, 14, 737, 565, 8, 140, 1142, 55;
33, 288, 10, 720, 517, -14, 129, 1125, 42;
41, 294, 18, 806, 571, 32, 161, 1150, 71;
36, 288, 12, 768, 501, -3, 142, 1124, 49;
41, 291, 17, 828, 530, 26, 163, 1138, 67;
37, 285, 11, 790, 460, -8, 144, 1112, 45;
40, 286, 14, 828, 467, 7, 157, 1118, 55;
42, 286, 15, 852, 460, 14, 163, 1118, 59;
36, 279, 8, 804, 383, -25, 141, 1088, 34;
38, 279, 10, 828, 376, -17, 148, 1089, 39;
45, 284, 16, 904, 422, 24, 177, 1111, 66;
40, 278, 11, 863, 351, -10, 157, 1084, 44;
39, 275, 10, 862, 321, -18, 154, 1075, 39;
38, 273, 8, 860, 290, -26, 151, 1065, 34;
46, 279, 16, 938, 339, 18, 181, 1089, 62;
48, 279, 17, 959, 332, 27, 188, 1089, 67;
46, 276, 15, 950, 295, 15, 182, 1077, 60;
44, 272, 12, 934, 252, 0, 174, 1062, 50;
42, 269, 10, 922, 213, -13, 167, 1049, 42;
47, 272, 15, 969, 234, 13, 185, 1061, 59;
50, 273, 17, 999, 237, 28, 196, 1066, 68;
44, 266, 11, 950, 163, -6, 175, 1038, 46;
49, 269, 16, 994, 182, 18, 192, 1050, 62;
48, 266, 15, 989, 152, 12, 189, 1041, 58;
49, 266, 15, 1000, 138, 17, 192, 1038, 61;
42, 257, 8, 932, 47, -29, 163, 1004, 32;
48, 262, 14, 996, 88, 10, 189, 1024, 57;
42, 255, 8, 940, 10, -27, 166, 995, 34;
44, 255, 10, 959, 7, -15, 173, 998, 41;
47, 257, 13, 987, 14, 2, 185, 1004, 52;
51, 259, 17, 1023, 29, 26, 200, 1013, 67;
50, 257, 16, 1011, -2, 19, 195, 1004, 62;
49, 255, 15, 1003, -29, 14, 192, 996, 60;
47, 252, 14, 989, -62, 6, 186, 986, 54;
51, 255, 17, 1019, -50, 28, 199, 994, 68;
47, 249, 13, 981, -105, 4, 184, 974, 53;
45, 247, 12, 963, -139, -4, 178, 964, 48;
41, 242, 8, 925, -194, -27, 163, 944, 33;
43, 242, 10, 937, -197, -15, 169, 946, 41;
43, 241, 11, 936, -213, -12, 170, 943, 42;
49, 246, 16, 984, -178, 23, 191, 961, 65;
39, 236, 7, 893, -282, -32, 155, 921, 30;
48, 243, 16, 967, -221, 21, 187, 950, 64;
49, 243, 17, 971, -228, 29, 191, 950, 69;
47, 240, 16, 947, -263, 19, 183, 939, 62;
42, 236, 12, 904, -316, -3, 167, 920, 48;
46, 239, 16, 936, -293, 24, 183, 933, 66;
41, 232, 11, 878, -360, -7, 161, 908, 46;
43, 234, 14, 895, -351, 10, 170, 915, 57;
40, 230, 11, 857, -395, -6, 157, 899, 46;
38, 228, 11, 837, -422, -12, 152, 891, 43;
41, 230, 14, 852, -412, 6, 161, 898, 54;
44, 233, 18, 877, -391, 31, 174, 910, 70;
43, 231, 17, 857, -416, 26, 169, 903, 67;
40, 228, 15, 826, -449, 15, 159, 892, 60;
40, 228, 16, 818, -459, 20, 159, 890, 63;
39, 226, 15, 796, -483, 15, 153, 883, 60;
38, 225, 15, 777, -502, 13, 149, 878, 59;
30, 217, 8, 694, -585, -31, 118, 846, 31;
34, 221, 13, 725, -553, 0, 135, 862, 50;
35, 221, 14, 722, -554, 9, 137, 864, 56;
29, 215, 9, 653, -620, -25, 113, 839, 35;
28, 214, 8, 634, -636, -25, 109, 835, 34;
33, 219, 15, 674, -591, 13, 130, 856, 59;
27, 214, 10, 612, -648, -15, 108, 834, 41;
28, 214, 12, 609, -645, -5, 112, 838, 47;
32, 219, 17, 636, -612, 25, 127, 854, 67;
23, 210, 9, 542, -699, -23, 92, 820, 36;
24, 211, 10, 536, -696, -14, 95, 823, 42;
28, 215, 15, 564, -659, 18, 111, 840, 62;
26, 214, 15, 537, -676, 14, 105, 835, 59;
27, 214, 16, 529, -673, 22, 106, 838, 65;
24, 212, 14, 487, -704, 8, 93, 826, 56;
26, 214, 17, 494, -685, 28, 102, 836, 68;
22, 211, 14, 447, -719, 11, 87, 823, 58;
22, 211, 16, 436, -716, 19, 88, 826, 62;
16, 205, 10, 362, -776, -14, 62, 803, 41;
17, 208, 13, 366, -757, 2, 69, 812, 52;
16, 207, 13, 339, -768, 0, 63, 808, 51;
19, 211, 17, 360, -731, 30, 77, 825, 69;
13, 206, 12, 288, -786, -2, 53, 803, 49;
17, 210, 17, 311, -745, 28, 67, 821, 68;
10, 204, 11, 231, -806, -8, 40, 797, 45;
13, 208, 16, 249, -770, 19, 53, 813, 62;
11, 207, 14, 214, -785, 11, 44, 807, 58;
5, 202, 10, 149, -829, -15, 22, 789, 41;
10, 208, 16, 182, -775, 23, 41, 812, 65;
10, 209, 17, 167, -768, 29, 41, 816, 69;
6, 206, 14, 115, -798, 11, 25, 804, 57;
0, 201, 9, 43, -847, -20, 1, 784, 38;
-1, 200, 9, 11, -856, -25, -6, 780, 35;
-3, 199, 8, -16, -860, -27, -12, 778, 33;
4, 208, 17, 43, -776, 28, 17, 813, 68;
-2, 203, 12, -33, -828, -6, -8, 792, 47;
-4, 202, 11, -68, -837, -12, -16, 788, 43;
-3, 204, 13, -73, -816, 0, -13, 797, 51;
-1, 207, 16, -65, -782, 22, -4, 811, 64;
-7, 202, 11, -142, -832, -12, -30, 789, 43;
-11, 199, 8, -192, -855, -29, -46, 779, 32;
-3, 209, 17, -129, -764, 28, -14, 816, 68;
-8, 206, 14, -183, -790, 8, -31, 805, 56;
-11, 204, 12, -226, -804, -4, -43, 798, 48;
-13, 203, 11, -263, -812, -12, -53, 794, 43;
-8, 210, 17, -226, -746, 27, -32, 821, 68;
-12, 208, 14, -276, -767, 10, -48, 811, 57;
-15, 206, 12, -316, -777, 0, -59, 806, 50;
-19, 204, 10, -366, -797, -18, -74, 797, 39;
-16, 208, 13, -354, -754, 4, -64, 813, 53;
-22, 204, 9, -421, -790, -24, -86, 797, 36;
-22, 206, 10, -431, -770, -16, -86, 804, 40;
-24, 205, 9, -466, -774, -24, -95, 801, 35;
-25, 205, 8, -491, -767, -26, -100, 802, 34;
-26, 206, 8, -513, -757, -26, -104, 805, 34;
-20, 214, 16, -466, -679, 19, -80, 835, 63;
-29, 206, 7, -565, -746, -32, -116, 806, 30;
-26, 211, 11, -549, -698, -8, -105, 824, 45;
-23, 216, 15, -532, -649, 17, -93, 842, 61;
-26, 215, 14, -566, -651, 7, -103, 839, 55;
-26, 216, 15, -578, -631, 12, -103, 846, 59;
-26, 218, 16, -587, -608, 19, -102, 853, 63;
-28, 218, 15, -615, -604, 13, -110, 853, 59;
-36, 212, 7, -703, -659, -32, -142, 827, 31;
-35, 215, 9, -702, -626, -19, -137, 839, 38;
-34, 217, 11, -708, -600, -11, -136, 847, 43;
-33, 220, 13, -705, -565, 2, -130, 859, 52;
-33, 222, 14, -711, -539, 9, -129, 868, 56;
-31, 225, 16, -709, -505, 21, -124, 879, 64;
-35, 224, 14, -747, -511, 7, -136, 874, 55;
-37, 223, 12, -776, -509, -2, -145, 872, 49;
-42, 220, 8, -834, -536, -30, -166, 858, 31;
-38, 225, 12, -805, -476, -1, -150, 881, 49;
-39, 226, 12, -823, -463, -4, -155, 883, 48;
-37, 230, 15, -806, -414, 16, -144, 900, 61;
-36, 233, 16, -807, -386, 23, -142, 909, 65;
-41, 229, 12, -863, -411, -4, -162, 896, 47;
-42, 231, 12, -874, -392, -4, -164, 901, 48;
-40, 234, 14, -869, -357, 6, -159, 912, 55;
-43, 233, 11, -900, -359, -6, -170, 909, 46;
-38, 239, 17, -860, -290, 26, -151, 934, 67;
-41, 238, 14, -894, -295, 10, -163, 928, 57;
-43, 237, 13, -918, -291, 0, -171, 927, 51;
-42, 240, 14, -909, -255, 11, -165, 939, 58;
-49, 235, 8, -976, -294, -27, -191, 920, 34;
-43, 242, 14, -930, -220, 8, -170, 947, 56;
-40, 247, 17, -905, -170, 29, -159, 964, 69;
-43, 246, 15, -933, -171, 14, -168, 961, 60;
-40, 250, 18, -912, -125, 32, -159, 976, 71;
-47, 244, 11, -982, -169, -10, -186, 955, 44;
-42, 251, 16, -936, -99, 22, -166, 980, 65;
-48, 246, 10, -995, -134, -14, -190, 963, 42;
-42, 254, 17, -936, -51, 27, -165, 994, 67;
-48, 250, 11, -992, -85, -8, -188, 976, 45;
-47, 252, 12, -983, -52, 0, -183, 986, 50;
-48, 253, 11, -995, -43, -8, -188, 987, 45;
-42, 260, 17, -938, 34, 30, -164, 1016, 69;
-48, 255, 11, -997, -4, -9, -189, 996, 45;
-51, 253, 8, -1024, -10, -27, -200, 990, 33;
-44, 261, 15, -962, 70, 12, -175, 1020, 58;
-49, 258, 10, -1007, 44, -18, -194, 1006, 39;
-43, 265, 15, -950, 119, 17, -171, 1034, 62;
-46, 263, 13, -973, 113, 0, -181, 1028, 51;
-42, 268, 16, -934, 169, 24, -166, 1048, 65;
-44, 268, 15, -947, 172, 12, -172, 1046, 58;
-47, 266, 11, -973, 161, -7, -184, 1038, 45;
-50, 263, 8, -1002, 147, -31, -197, 1028, 31;
-43, 272, 15, -931, 232, 12, -169, 1060, 58;
-42, 273, 15, -922, 253, 13, -167, 1066, 59;
-41, 276, 16, -900, 287, 23, -160, 1077, 65;
-43, 275, 14, -915, 284, 7, -168, 1072, 55;
-47, 271, 9, -952, 258, -22, -185, 1058, 36;
-38, 280, 17, -867, 354, 28, -151, 1095, 68;
-42, 277, 13, -897, 332, 1, -166, 1083, 52;
-37, 283, 17, -844, 394, 30, -147, 1105, 69;
-43, 278, 11, -895, 351, -10, -170, 1084, 44;
-41, 281, 13, -864, 388, 2, -160, 1097, 52;
-41, 281, 12, -863, 396, -5, -162, 1097, 47;
-36, 287, 16, -807, 457, 23, -142, 1119, 65;
-44, 279, 8, -875, 394, -29, -173, 1090, 32;
-44, 280, 7, -865, 408, -32, -172, 1093, 30;
-34, 290, 16, -769, 506, 22, -135, 1131, 64;
-38, 286, 12, -798, 480, -6, -151, 1117, 46;
-37, 288, 12, -777, 502, -2, -145, 1124, 49;
-32, 293, 16, -721, 558, 24, -126, 1145, 66;
-30, 295, 17, -697, 582, 29, -119, 1152, 69;
-32, 293, 15, -705, 573, 12, -127, 1145, 59;
-31, 295, 15, -686, 590, 14, -122, 1150, 60;
-31, 295, 15, -671, 602, 12, -120, 1153, 58;
-29, 297, 15, -649, 621, 15, -115, 1158, 60;
-33, 293, 11, -671, 595, -10, -128, 1145, 44;
-28, 298, 15, -613, 647, 14, -109, 1164, 60;
-25, 301, 17, -580, 675, 24, -99, 1174, 66;
-28, 298, 13, -595, 653, 1, -110, 1163, 52;
-31, 294, 8, -618, 622, -26, -124, 1148, 34;
-25, 300, 13, -549, 683, 5, -100, 1171, 54;
-27, 297, 10, -558, 665, -13, -108, 1162, 42;
-26, 299, 11, -533, 680, -11, -103, 1166, 44;
-24, 300, 12, -504, 698, -6, -96, 1172, 47;
-26, 298, 9, -507, 684, -22, -102, 1164, 37;
-17, 307, 17, -409, 770, 28, -66, 1198, 68;
-17, 306, 15, -404, 762, 17, -69, 1193, 61;
-17, 305, 14, -389, 763, 11, -68, 1192, 58;
-16, 306, 15, -366, 772, 12, -64, 1195, 58;
-14, 308, 16, -332, 791, 19, -55, 1201, 63;
-18, 302, 10, -363, 745, -16, -73, 1181, 40;
-20, 300, 8, -362, 729, -31, -78, 1173, 31;
-14, 305, 12, -297, 777, -3, -56, 1192, 48;
-12, 307, 13, -261, 795, 4, -47, 1199, 53;
-11, 306, 12, -246, 791, -1, -46, 1196, 50;
-5, 312, 18, -172, 846, 31, -21, 1218, 70;
-10, 306, 11, -211, 788, -9, -42, 1193, 44;
-13, 302, 7, -220, 758, -32, -52, 1180, 31;
-2, 312, 17, -105, 852, 28, -10, 1218, 68;
-1, 312, 17, -80, 855, 28, -5, 1219, 68;
-5, 307, 12, -105, 808, -4, -21, 1199, 47;
-4, 307, 12, -80, 811, -3, -16, 1200, 48;
-5, 305, 9, -81, 786, -21, -22, 1190, 37;
-5, 304, 8, -64, 779, -26, -20, 1187, 34;
0, 309, 13, 3, 822, 2, 1, 1205, 52;
0, 308, 12, 19, 813, -3, 2, 1201, 48;
-1, 304, 9, 12, 781, -24, -6, 1188, 35;
2, 307, 12, 65, 809, -5, 10, 1199, 47;
8, 312, 17, 137, 854, 26, 34, 1219, 67;
3, 306, 11, 104, 794, -12, 15, 1194, 43;
8, 309, 14, 162, 825, 10, 33, 1207, 57;
6, 306, 11, 158, 793, -8, 26, 1195, 45;
11, 309, 14, 211, 818, 10, 43, 1206, 57;
11, 308, 13, 228, 806, 5, 44, 1201, 54;
15, 310, 16, 276, 825, 21, 58, 1210, 64;
11, 305, 11, 257, 777, -7, 45, 1191, 46;
13, 305, 12, 288, 779, -2, 53, 1193, 49;
19, 310, 17, 357, 818, 28, 76, 1210, 68;
20, 310, 17, 382, 812, 28, 81, 1209, 68;
15, 303, 11, 344, 744, -11, 60, 1182, 43;
14, 300, 9, 349, 718, -23, 57, 1172, 36;
16, 301, 10, 382, 720, -16, 65, 1175, 40;
17, 300, 9, 397, 705, -21, 66, 1170, 37;
25, 306, 16, 484, 760, 21, 97, 1194, 64;
23, 302, 13, 477, 722, 2, 90, 1180, 52;
23, 301, 12, 491, 704, -2, 91, 1174, 49;
21, 297, 9, 484, 665, -21, 83, 1160, 37;
25, 299, 12, 533, 682, -2, 98, 1169, 49;
29, 302, 15, 582, 699, 16, 114, 1178, 61;
31, 302, 16, 615, 700, 24, 123, 1180, 66;
23, 292, 7, 549, 602, -32, 91, 1141, 31;
25, 293, 9, 583, 604, -22, 101, 1144, 37;
34, 300, 17, 676, 664, 26, 135, 1172, 67;
31, 295, 12, 652, 609, -1, 121, 1151, 50;
32, 294, 13, 676, 600, 2, 126, 1150, 52;
33, 293, 13, 692, 584, 0, 129, 1145, 51;
37, 296, 16, 745, 605, 24, 147, 1156, 66;
38, 295, 16, 761, 590, 24, 150, 1152, 66;
38, 293, 16, 770, 566, 18, 150, 1145, 62;
37, 290, 14, 768, 533, 7, 145, 1134, 55;
33, 284, 9, 737, 470, -23, 129, 1111, 36;
34, 284, 9, 759, 461, -19, 135, 1109, 38;
42, 291, 17, 844, 515, 27, 167, 1135, 68;
34, 281, 8, 777, 417, -26, 136, 1097, 34;
40, 285, 13, 837, 446, 4, 157, 1112, 53;
36, 279, 9, 807, 385, -23, 142, 1090, 36;
37, 279, 10, 828, 376, -18, 148, 1088, 39;
46, 285, 17, 912, 430, 29, 180, 1114, 69;
46, 284, 17, 924, 413, 30, 182, 1110, 69;
47, 283, 17, 935, 394, 30, 184, 1105, 69;
48, 282, 18, 947, 377, 31, 187, 1101, 70;
41, 274, 11, 890, 292, -12, 161, 1069, 43;
42, 273, 11, 904, 278, -9, 165, 1066, 45;
44, 273, 12, 925, 270, -1, 172, 1066, 49;
41, 269, 9, 902, 220, -22, 160, 1049, 37;
42, 269, 10, 921, 212, -14, 167, 1049, 42;
41, 266, 9, 912, 177, -24, 161, 1038, 35;
50, 273, 18, 1003, 241, 31, 197, 1067, 70;
45, 267, 12, 957, 170, -2, 177, 1041, 49;
46, 266, 13, 967, 154, 0, 180, 1038, 51;
43, 261, 9, 940, 103, -20, 168, 1020, 38;
49, 266, 15, 1000, 138, 17, 192, 1038, 61;
45, 260, 11, 964, 79, -8, 176, 1017, 45;
42, 257, 9, 943, 35, -24, 167, 1002, 35;
46, 258, 12, 973, 43, -5, 179, 1009, 47;
51, 262, 17, 1023, 71, 27, 200, 1024, 67;
48, 258, 14, 998, 24, 9, 189, 1008, 57;
45, 254, 11, 971, -22, -7, 178, 992, 46;
41, 249, 7, 934, -79, -32, 163, 972, 30;
47, 253, 13, 985, -47, 2, 184, 988, 52;
42, 247, 8, 934, -116, -29, 164, 963, 32;
48, 252, 14, 994, -75, 11, 189, 983, 57;
44, 247, 11, 954, -132, -12, 173, 963, 42;
44, 245, 11, 952, -151, -12, 173, 959, 43;
42, 243, 9, 932, -186, -22, 166, 947, 37;
44, 244, 12, 951, -183, -6, 175, 952, 46;
46, 244, 13, 964, -185, 5, 181, 955, 54;
47, 244, 14, 966, -197, 11, 183, 953, 57;
40, 237, 8, 900, -275, -27, 158, 924, 33;
46, 241, 14, 947, -240, 8, 179, 942, 56;
46, 240, 14, 944, -255, 11, 180, 939, 57;
47, 241, 16, 955, -255, 24, 186, 942, 66;
40, 233, 9, 879, -341, -19, 157, 910, 38;
40, 232, 10, 875, -355, -16, 157, 907, 40;
45, 237, 15, 917, -321, 18, 177, 924, 62;
46, 237, 17, 919, -327, 26, 180, 925, 67;
43, 233, 14, 884, -369, 10, 168, 910, 57;
36, 226, 8, 816, -442, -25, 143, 883, 34;
35, 225, 8, 802, -462, -27, 140, 878, 33;
36, 225, 9, 800, -469, -20, 142, 878, 38;
43, 231, 17, 860, -412, 29, 170, 904, 69;
36, 224, 11, 789, -487, -9, 144, 876, 45;
39, 227, 15, 807, -471, 12, 154, 885, 58;
32, 219, 8, 730, -549, -28, 126, 856, 33;
36, 223, 13, 759, -520, 1, 142, 870, 51;
33, 220, 10, 722, -557, -13, 130, 858, 42;
37, 224, 16, 755, -523, 20, 147, 874, 63;
32, 218, 11, 691, -585, -11, 124, 851, 43;
34, 220, 14, 701, -573, 6, 133, 859, 55;
36, 222, 17, 714, -556, 27, 142, 868, 68;
29, 215, 11, 635, -630, -12, 114, 839, 42;
32, 218, 14, 652, -609, 10, 125, 851, 57;
25, 211, 9, 580, -674, -24, 99, 826, 35;
31, 217, 16, 625, -622, 18, 123, 849, 62;
22, 209, 8, 533, -707, -29, 89, 816, 32;
29, 215, 15, 579, -653, 14, 113, 841, 60;
21, 208, 9, 502, -721, -23, 85, 814, 36;
21, 208, 9, 486, -727, -20, 83, 813, 38;
25, 212, 14, 511, -692, 10, 99, 830, 57;
27, 215, 17, 516, -676, 28, 105, 838, 68;
16, 205, 8, 405, -774, -30, 65, 799, 31;
20, 209, 13, 430, -736, 0, 80, 816, 51;
15, 205, 9, 374, -779, -22, 62, 800, 37;
20, 210, 14, 403, -736, 12, 79, 819, 58;
12, 203, 8, 320, -803, -27, 50, 793, 33;
17, 208, 14, 352, -755, 8, 68, 814, 56;
13, 205, 11, 301, -790, -9, 52, 800, 44;
17, 210, 16, 328, -746, 24, 69, 820, 66;
11, 204, 11, 253, -803, -9, 43, 797, 44;
14, 208, 15, 271, -767, 17, 56, 813, 61;
5, 200, 7, 171, -847, -32, 20, 780, 30;
11, 206, 14, 212, -786, 10, 43, 807, 57;
8, 204, 12, 171, -808, 0, 31, 798, 50;
5, 202, 11, 131, -826, -11, 20, 791, 44;
3, 202, 11, 105, -831, -12, 15, 790, 43;
8, 208, 16, 133, -780, 23, 32, 811, 65;
-1, 199, 7, 25, -866, -32, -6, 776, 30;
6, 208, 16, 86, -781, 24, 24, 811, 66;
4, 207, 15, 52, -792, 18, 15, 807, 62;
3, 208, 17, 37, -782, 24, 15, 811, 66;
0, 206, 15, -6, -800, 12, 3, 803, 58;
-4, 201, 10, -72, -841, -15, -18, 786, 41;
1, 208, 17, -31, -774, 28, 4, 814, 68;
-7, 201, 10, -125, -842, -17, -29, 786, 39;
-8, 202, 10, -145, -835, -15, -32, 788, 41;
-2, 209, 17, -104, -767, 28, -9, 816, 68;
-3, 209, 18, -125, -759, 31, -12, 818, 70;
-8, 206, 14, -187, -794, 5, -32, 803, 54;
-10, 205, 13, -216, -795, 2, -39, 802, 52;
-16, 201, 8, -287, -837, -28, -63, 784, 33;
-14, 204, 11, -280, -800, -7, -54, 799, 46;
-16, 204, 10, -315, -805, -15, -64, 795, 41;
-10, 211, 17, -274, -735, 27, -41, 823, 67;
-11, 211, 17, -299, -729, 26, -46, 825, 67;
-14, 211, 16, -331, -731, 20, -54, 823, 63;
-17, 208, 13, -380, -749, 2, -69, 814, 52;
-22, 205, 10, -436, -774, -19, -87, 802, 39;
-21, 208, 12, -438, -745, -5, -83, 812, 47;
-25, 206, 9, -488, -764, -24, -99, 803, 35;
-19, 213, 15, -446, -691, 17, -77, 832, 62;
-18, 216, 17, -449, -661, 30, -73, 843, 70;
-23, 213, 14, -500, -681, 10, -89, 833, 57;
-29, 209, 9, -570, -719, -21, -113, 815, 37;
-24, 215, 15, -533, -650, 16, -94, 842, 60;
-29, 212, 11, -595, -680, -11, -115, 827, 43;
-33, 209, 7, -646, -699, -32, -131, 817, 30;
-33, 211, 8, -657, -678, -26, -131, 824, 34;
-27, 219, 15, -609, -598, 17, -107, 855, 61;
-35, 213, 9, -691, -647, -24, -137, 832, 35;
-31, 218, 13, -667, -592, 3, -123, 853, 53;
-31, 220, 14, -679, -571, 8, -123, 859, 55;
-32, 221, 14, -691, -551, 11, -124, 865, 58;
-31, 224, 16, -691, -520, 22, -121, 876, 64;
-36, 220, 11, -752, -548, -6, -142, 861, 46;
-38, 221, 10, -777, -541, -13, -149, 861, 42;
-37, 223, 12, -779, -512, -3, -146, 871, 48;
-38, 224, 12, -796, -498, -5, -150, 874, 47;
-35, 228, 15, -777, -447, 17, -139, 892, 61;
-36, 229, 15, -796, -435, 13, -143, 895, 59;
-35, 232, 17, -789, -398, 27, -137, 907, 68;
-36, 232, 16, -811, -389, 21, -144, 908, 64;
-41, 230, 12, -859, -407, -2, -161, 898, 49;
-40, 232, 13, -862, -380, 3, -159, 906, 53;
-42, 232, 12, -887, -375, -5, -167, 905, 47;
-39, 237, 15, -862, -321, 18, -154, 924, 62;
-40, 237, 15, -877, -307, 14, -158, 927, 60;
-48, 231, 8, -954, -356, -29, -188, 904, 32;
-42, 239, 14, -904, -277, 9, -165, 933, 57;
-40, 243, 17, -889, -234, 25, -157, 947, 66;
-45, 239, 12, -940, -257, -3, -176, 935, 49;
-47, 239, 11, -960, -251, -12, -183, 934, 43;
-45, 242, 13, -948, -212, 0, -176, 947, 51;
-43, 246, 15, -931, -169, 16, -168, 961, 61;
-47, 243, 11, -973, -186, -8, -184, 951, 45;
-46, 246, 12, -968, -155, -1, -181, 960, 50;
-48, 246, 11, -987, -150, -11, -188, 959, 43;
-46, 248, 12, -976, -115, -1, -182, 970, 49;
-48, 248, 10, -998, -113, -14, -191, 968, 42;
-49, 248, 9, -1008, -101, -19, -194, 969, 38;
-44, 255, 15, -962, -31, 12, -175, 995, 59;
-51, 250, 8, -1024, -72, -27, -200, 975, 33;
-42, 260, 17, -938, 35, 30, -164, 1016, 69;
-50, 253, 9, -1019, -25, -24, -198, 987, 36;
-47, 258, 13, -983, 30, 0, -183, 1007, 50;
-47, 259, 12, -982, 50, 0, -183, 1012, 50;
-43, 264, 16, -948, 103, 20, -169, 1030, 63;
-49, 259, 10, -1004, 64, -18, -193, 1011, 39;
-47, 262, 12, -984, 103, -6, -185, 1024, 46;
-49, 261, 10, -998, 105, -18, -192, 1021, 39;
-44, 267, 14, -950, 168, 10, -173, 1044, 57;
-48, 265, 10, -981, 153, -13, -187, 1034, 42;
-49, 265, 9, -987, 162, -21, -191, 1035, 37;
-44, 270, 14, -940, 222, 5, -173, 1056, 54;
-49, 266, 8, -986, 190, -28, -193, 1040, 32;
-40, 276, 16, -899, 289, 24, -159, 1078, 65;
-47, 271, 10, -953, 246, -17, -183, 1056, 40;
-43, 275, 13, -910, 300, 5, -167, 1076, 54;
-47, 272, 9, -947, 273, -24, -185, 1061, 35;
-41, 278, 14, -888, 342, 7, -162, 1087, 55;
-46, 274, 8, -928, 310, -25, -181, 1070, 35;
-38, 283, 16, -842, 404, 24, -148, 1106, 66;
-40, 282, 14, -855, 397, 7, -156, 1100, 55;
-40, 282, 13, -856, 403, 0, -159, 1100, 50;
-35, 288, 18, -796, 468, 31, -138, 1124, 70;
-44, 279, 8, -874, 395, -29, -173, 1090, 32;
-40, 283, 11, -832, 441, -10, -158, 1107, 44;
-39, 285, 12, -811, 464, -5, -153, 1114, 47;
-33, 292, 17, -744, 533, 29, -129, 1139, 69;
-35, 290, 14, -756, 523, 11, -137, 1133, 58;
-35, 290, 14, -747, 532, 6, -137, 1134, 55;
-37, 289, 11, -757, 522, -10, -144, 1127, 44;
-38, 288, 9, -760, 518, -23, -149, 1123, 36;
-38, 288, 8, -751, 525, -28, -149, 1123, 33;
-35, 291, 10, -714, 560, -15, -138, 1135, 41;
-33, 292, 11, -689, 581, -10, -132, 1142, 44;
-33, 293, 11, -673, 593, -12, -129, 1144, 43;
-28, 298, 15, -617, 643, 12, -110, 1163, 58;
-27, 298, 14, -601, 654, 10, -108, 1165, 57;
-24, 302, 17, -559, 689, 25, -95, 1177, 66;
-30, 295, 10, -605, 635, -18, -119, 1153, 39;
-23, 302, 16, -528, 704, 19, -92, 1179, 63;
-22, 303, 16, -509, 714, 18, -88, 1182, 62;
-25, 300, 12, -519, 694, -2, -97, 1172, 49;
-27, 298, 9, -528, 675, -21, -105, 1162, 37;
-19, 305, 16, -442, 749, 20, -75, 1191, 63;
-17, 307, 17, -412, 767, 26, -67, 1197, 67;
-17, 306, 16, -402, 764, 18, -68, 1194, 62;
-14, 308, 18, -360, 792, 31, -56, 1204, 70;
-23, 299, 7, -433, 705, -32, -91, 1167, 30;
-19, 302, 10, -386, 737, -16, -77, 1179, 40;
-12, 309, 16, -303, 804, 23, -48, 1206, 65;
-12, 308, 15, -292, 799, 15, -49, 1202, 60;
-18, 301, 8, -335, 739, -29, -72, 1176, 32;
-12, 306, 13, -268, 788, 0, -50, 1195, 50;
-16, 302, 8, -291, 747, -31, -65, 1178, 31;
-14, 302, 8, -261, 757, -27, -58, 1181, 33;
-9, 307, 13, -195, 803, 0, -36, 1200, 51;
-5, 310, 15, -146, 832, 16, -21, 1211, 61;
-2, 313, 18, -100, 857, 31, -7, 1221, 70;
-8, 306, 10, -143, 792, -13, -31, 1193, 42;
-7, 305, 10, -123, 790, -16, -28, 1192, 40;
-5, 306, 11, -89, 801, -10, -20, 1196, 44;
-1, 309, 13, -42, 826, 4, -6, 1206, 54;
0, 309, 14, -14, 829, 6, 0, 1208, 55;
1, 310, 14, 13, 833, 9, 5, 1209, 56;
0, 306, 11, 7, 802, -11, -2, 1196, 43;
3, 309, 14, 59, 828, 6, 13, 1207, 55;
0, 304, 9, 35, 779, -25, -2, 1187, 35;
3, 307, 11, 87, 804, -7, 13, 1198, 46;
5, 308, 12, 121, 811, -1, 22, 1201, 50;
3, 304, 9, 115, 777, -21, 14, 1188, 37;
5, 304, 10, 144, 779, -18, 20, 1189, 39;
8, 306, 11, 186, 792, -6, 32, 1195, 46;
9, 306, 11, 209, 787, -7, 36, 1193, 46;
10, 306, 12, 237, 786, -5, 42, 1194, 47;
11, 304, 11, 252, 772, -10, 43, 1189, 44;
14, 306, 13, 292, 783, 0, 54, 1194, 51;
16, 306, 14, 324, 785, 6, 62, 1196, 54;
18, 307, 15, 362, 792, 15, 72, 1201, 60;
16, 304, 12, 356, 756, -3, 65, 1187, 48;
14, 300, 8, 346, 715, -25, 55, 1171, 34;
17, 302, 11, 392, 731, -9, 69, 1179, 44;
22, 305, 15, 448, 755, 12, 87, 1190, 58;
18, 300, 10, 426, 702, -17, 73, 1170, 40;
27, 307, 17, 519, 763, 30, 107, 1197, 69;
19, 297, 8, 452, 665, -28, 74, 1158, 33;
25, 301, 13, 524, 705, 5, 99, 1176, 54;
29, 304, 17, 576, 725, 25, 116, 1186, 67;
24, 296, 10, 533, 650, -16, 93, 1157, 40;
29, 300, 14, 590, 675, 8, 113, 1170, 56;
23, 293, 8, 552, 605, -30, 92, 1142, 32;
28, 296, 12, 609, 630, -5, 112, 1155, 47;
28, 294, 11, 620, 608, -10, 111, 1148, 44;
36, 300, 17, 700, 657, 30, 141, 1171, 69;
36, 298, 17, 711, 635, 25, 141, 1164, 66;
32, 293, 12, 689, 581, -1, 128, 1144, 50;
31, 290, 10, 687, 547, -14, 123, 1132, 42;
34, 291, 12, 719, 547, -4, 132, 1135, 48;
33, 288, 10, 719, 515, -14, 129, 1124, 41;
31, 284, 8, 712, 477, -29, 122, 1111, 32;
40, 292, 16, 804, 537, 21, 157, 1139, 64;
42, 292, 17, 834, 535, 30, 166, 1140, 69;
41, 289, 16, 831, 501, 18, 161, 1129, 62;
34, 280, 8, 771, 411, -30, 133, 1094, 32;
40, 285, 14, 839, 447, 5, 158, 1112, 54;
40, 283, 12, 842, 420, 0, 157, 1104, 50;
36, 277, 8, 810, 358, -30, 140, 1081, 32;
44, 283, 15, 894, 412, 17, 172, 1106, 61;
42, 280, 13, 886, 375, 5, 167, 1094, 54;
43, 279, 13, 895, 354, 3, 168, 1089, 53;
46, 280, 16, 929, 359, 19, 179, 1094, 62;
42, 274, 11, 897, 298, -8, 164, 1072, 45;
41, 272, 10, 896, 269, -15, 162, 1063, 41;
40, 270, 9, 894, 239, -22, 159, 1054, 37;
45, 273, 13, 941, 259, 4, 177, 1065, 53;
40, 267, 8, 904, 194, -25, 159, 1042, 34;
41, 265, 8, 910, 175, -25, 161, 1037, 34;
44, 267, 12, 948, 186, -5, 175, 1045, 47;
44, 265, 11, 943, 156, -11, 172, 1036, 43;
49, 269, 16, 999, 187, 22, 194, 1052, 64;
41, 260, 8, 927, 90, -28, 163, 1015, 33;
50, 267, 17, 1014, 152, 26, 198, 1044, 67;
48, 264, 15, 996, 112, 13, 190, 1031, 59;
45, 259, 11, 964, 57, -9, 176, 1011, 44;
51, 264, 17, 1025, 95, 29, 201, 1031, 69;
43, 255, 9, 952, 0, -20, 170, 994, 38;
47, 257, 13, 992, 18, 5, 187, 1006, 54;
48, 257, 14, 1001, 7, 11, 190, 1004, 58;
44, 251, 10, 954, -59, -18, 171, 980, 39;
42, 249, 9, 944, -89, -25, 167, 971, 35;
49, 254, 15, 1003, -48, 15, 192, 991, 60;
51, 255, 17, 1019, -50, 28, 199, 994, 68;
46, 249, 12, 973, -113, 0, 181, 971, 50;
42, 243, 8, 930, -173, -26, 164, 950, 34;
46, 247, 13, 972, -147, 4, 182, 964, 53;
42, 241, 9, 928, -206, -21, 165, 943, 37;
42, 241, 10, 927, -222, -19, 166, 939, 39;
44, 241, 12, 942, -221, -5, 174, 943, 47;
43, 240, 11, 929, -246, -8, 170, 936, 45;
40, 236, 8, 895, -292, -26, 158, 920, 34;
42, 237, 11, 910, -290, -11, 165, 924, 43;
38, 232, 7, 870, -340, -32, 151, 907, 30;
41, 234, 10, 886, -334, -15, 160, 912, 41;
46, 238, 16, 928, -301, 18, 179, 929, 62;
39, 231, 10, 862, -376, -18, 154, 901, 39;
45, 235, 16, 907, -339, 18, 175, 920, 62;
41, 231, 12, 867, -386, 0, 161, 903, 50;
41, 230, 13, 857, -402, 0, 160, 900, 51;
38, 227, 11, 828, -436, -10, 151, 888, 44;
36, 224, 9, 797, -472, -21, 141, 877, 37;
42, 230, 16, 849, -423, 21, 166, 900, 64;
42, 229, 16, 836, -439, 22, 163, 896, 65;
41, 228, 16, 821, -456, 22, 160, 891, 64;
34, 221, 10, 752, -526, -13, 135, 865, 42;
33, 220, 10, 732, -547, -16, 130, 859, 40;
36, 223, 14, 753, -526, 7, 143, 870, 55;
38, 225, 17, 765, -513, 26, 151, 878, 67;
37, 223, 16, 739, -538, 20, 144, 871, 63;
30, 216, 10, 669, -605, -14, 119, 845, 41;
29, 215, 10, 648, -621, -16, 115, 841, 40;
35, 221, 17, 697, -568, 28, 139, 865, 68;
33, 219, 15, 663, -597, 18, 130, 855, 62;
26, 212, 9, 587, -667, -19, 102, 829, 38;
26, 212, 10, 573, -674, -16, 101, 828, 40;
26, 212, 11, 566, -674, -7, 103, 830, 46;
31, 218, 18, 605, -627, 31, 123, 851, 70;
21, 208, 8, 496, -727, -27, 83, 812, 33;
25, 213, 14, 527, -686, 7, 100, 830, 55;
20, 207, 9, 462, -741, -22, 78, 810, 37;
20, 208, 11, 457, -735, -11, 81, 814, 44;
24, 213, 16, 481, -698, 19, 96, 831, 63;
16, 205, 9, 396, -771, -22, 66, 802, 36;
14, 203, 7, 359, -794, -32, 55, 794, 30;
14, 204, 9, 347, -792, -25, 56, 796, 35;
18, 208, 13, 369, -754, 4, 70, 813, 53;
18, 209, 14, 357, -751, 12, 70, 816, 58;
18, 209, 16, 344, -747, 18, 70, 818, 62;
17, 210, 16, 325, -749, 22, 68, 819, 64;
8, 201, 8, 227, -829, -26, 33, 787, 34;
11, 205, 12, 238, -800, -4, 43, 799, 48;
9, 204, 12, 211, -807, -6, 37, 797, 47;
5, 201, 9, 161, -838, -23, 22, 785, 36;
8, 205, 13, 177, -801, 3, 34, 801, 53;
5, 203, 11, 132, -825, -10, 21, 792, 44;
3, 202, 10, 101, -834, -14, 13, 788, 41;
2, 202, 10, 79, -835, -13, 10, 789, 42;
0, 201, 9, 44, -846, -19, 1, 784, 38;
0, 202, 10, 28, -839, -13, 0, 787, 42;
-2, 200, 8, -14, -858, -25, -11, 780, 34;
0, 203, 12, -6, -826, -4, -2, 793, 48;
-3, 202, 11, -42, -837, -12, -12, 788, 43;
2, 208, 17, -8, -777, 27, 7, 813, 68;
0, 207, 15, -48, -791, 17, -3, 807, 61;
-2, 206, 15, -78, -795, 13, -10, 805, 59;
-5, 204, 13, -121, -811, 1, -22, 798, 51;
-11, 200, 8, -190, -853, -28, -45, 780, 33;
-4, 208, 16, -138, -773, 22, -18, 813, 64;
-12, 201, 9, -230, -836, -22, -50, 786, 36;
-13, 202, 9, -250, -828, -19, -53, 789, 38;
-10, 207, 14, -232, -781, 8, -40, 807, 56;
-16, 202, 9, -305, -825, -24, -65, 788, 35;
-18, 201, 8, -338, -829, -31, -73, 786, 31;
-11, 210, 17, -277, -737, 25, -42, 822, 66;
-14, 208, 14, -325, -755, 8, -57, 814, 56;
-19, 205, 10, -383, -783, -14, -76, 801, 42;
-20, 206, 11, -400, -769, -10, -78, 806, 44;
-14, 213, 18, -361, -699, 31, -56, 833, 70;
-24, 205, 8, -470, -777, -26, -96, 799, 34;
-22, 209, 12, -458, -734, -4, -87, 816, 48;
-17, 215, 17, -429, -673, 29, -69, 839, 69;
-27, 207, 9, -529, -742, -22, -106, 809, 36;
-22, 213, 14, -500, -681, 10, -89, 833, 57;
-21, 217, 17, -495, -644, 27, -82, 846, 68;
-28, 211, 11, -575, -693, -12, -111, 824, 43;
-28, 212, 11, -589, -674, -7, -112, 830, 46;
-32, 211, 9, -632, -685, -22, -125, 823, 36;
-24, 220, 17, -572, -593, 29, -96, 859, 69;
-29, 217, 14, -626, -615, 6, -114, 848, 54;
-29, 219, 14, -638, -594, 11, -115, 854, 57;
-33, 216, 11, -685, -609, -8, -130, 846, 45;
-31, 220, 14, -677, -569, 8, -123, 860, 56;
-33, 220, 13, -707, -567, 0, -131, 858, 51;
-39, 216, 8, -772, -600, -31, -154, 842, 31;
-35, 221, 12, -745, -542, -2, -139, 864, 49;
-35, 224, 14, -747, -511, 7, -136, 874, 55;
-38, 222, 11, -787, -520, -9, -150, 868, 45;
-42, 220, 8, -831, -533, -28, -165, 860, 32;
-34, 229, 16, -767, -437, 23, -135, 896, 65;
-37, 229, 15, -798, -438, 12, -144, 894, 58;
-38, 229, 13, -823, -431, 4, -151, 893, 54;
-35, 234, 17, -800, -378, 28, -139, 912, 68;
-36, 235, 17, -811, -359, 29, -141, 917, 69;
-45, 228, 9, -901, -419, -22, -175, 890, 37;
-45, 229, 10, -907, -395, -18, -175, 896, 39;
-43, 233, 12, -896, -355, -4, -168, 910, 48;
-43, 235, 12, -901, -331, 0, -168, 917, 50;
-38, 241, 17, -864, -265, 30, -150, 941, 69;
-46, 235, 10, -939, -312, -13, -179, 918, 42;
-39, 243, 17, -884, -229, 28, -154, 950, 68;
-46, 238, 10, -956, -273, -13, -183, 928, 42;
-40, 246, 18, -895, -186, 31, -156, 961, 70;
-46, 241, 11, -962, -226, -8, -182, 941, 45;
-41, 247, 16, -919, -158, 23, -163, 966, 65;
-41, 250, 17, -916, -129, 29, -160, 975, 69;
-49, 243, 9, -998, -185, -21, -193, 948, 37;
-44, 249, 14, -955, -117, 10, -174, 973, 57;
-48, 247, 11, -991, -129, -11, -188, 964, 43;
-50, 247, 9, -1008, -124, -21, -195, 963, 37;
-47, 251, 12, -982, -75, -2, -184, 980, 49;
-46, 253, 13, -975, -45, 3, -180, 989, 53;
-52, 249, 7, -1030, -78, -31, -203, 972, 31;
-50, 252, 9, -1012, -39, -19, -195, 985, 38;
-45, 258, 14, -971, 22, 7, -178, 1007, 55;
-50, 255, 10, -1011, 2, -18, -195, 996, 39;
-51, 255, 9, -1019, 13, -25, -198, 996, 35;
-52, 255, 7, -1028, 23, -32, -202, 997, 30;
-42, 266, 17, -937, 132, 26, -165, 1039, 67;
-44, 266, 15, -950, 136, 15, -171, 1037, 60;
-42, 268, 17, -932, 170, 25, -165, 1048, 66;
-47, 264, 11, -978, 141, -8, -185, 1032, 45;
-46, 267, 12, -964, 170, -2, -180, 1041, 49;
-43, 270, 15, -935, 214, 13, -169, 1056, 59;
-48, 267, 10, -977, 186, -18, -188, 1041, 39;
-47, 269, 11, -962, 214, -12, -183, 1050, 42;
-48, 269, 9, -966, 222, -20, -187, 1050, 38;
-40, 277, 17, -888, 311, 25, -156, 1083, 67;
-44, 274, 12, -923, 288, -2, -173, 1070, 49;
-45, 273, 10, -932, 288, -14, -179, 1068, 41;
-41, 279, 15, -881, 348, 12, -160, 1089, 58;
-38, 282, 17, -851, 387, 25, -149, 1102, 67;
-46, 275, 8, -917, 328, -25, -179, 1075, 34;
-37, 284, 16, -833, 419, 22, -147, 1110, 65;
-37, 285, 16, -823, 436, 21, -146, 1113, 64;
-44, 278, 8, -884, 380, -27, -174, 1087, 33;
-39, 285, 13, -824, 445, 4, -152, 1111, 53;
-40, 284, 11, -828, 445, -7, -157, 1108, 46;
-41, 283, 9, -833, 443, -20, -162, 1105, 38;
-35, 289, 15, -768, 510, 13, -138, 1130, 59;
-41, 284, 8, -813, 466, -26, -160, 1109, 34;
-36, 289, 13, -757, 523, 0, -141, 1130, 51;
-35, 290, 12, -743, 536, 0, -138, 1133, 50;
-38, 287, 8, -765, 513, -26, -152, 1120, 34;
-36, 289, 10, -734, 542, -17, -142, 1130, 40;
-34, 292, 12, -701, 573, -6, -133, 1140, 46;
-34, 292, 11, -690, 580, -11, -132, 1141, 43;
-35, 290, 8, -698, 568, -28, -140, 1134, 33;
-35, 291, 7, -684, 577, -31, -138, 1135, 31;
-24, 301, 17, -572, 682, 29, -96, 1177, 69;
-33, 293, 8, -641, 607, -28, -129, 1143, 33;
-29, 296, 11, -594, 646, -11, -114, 1157, 43;
-30, 296, 9, -589, 643, -20, -117, 1154, 37;
-22, 303, 16, -507, 716, 20, -87, 1183, 63;
-24, 301, 13, -514, 699, 1, -95, 1174, 51;
-23, 302, 13, -490, 712, 2, -90, 1177, 52;
-20, 304, 15, -455, 736, 12, -80, 1186, 58;
-23, 300, 10, -471, 708, -13, -92, 1172, 42;
-17, 306, 16, -400, 766, 19, -67, 1195, 63;
-22, 300, 9, -440, 713, -21, -89, 1171, 37;
-23, 299, 8, -430, 708, -30, -90, 1168, 32;
-12, 309, 17, -318, 805, 29, -49, 1207, 69;
-11, 310, 17, -293, 814, 30, -44, 1210, 69;
-13, 307, 14, -302, 789, 8, -53, 1198, 56;
-15, 304, 11, -309, 765, -11, -61, 1187, 43;
-9, 309, 16, -238, 818, 20, -37, 1208, 63;
-13, 304, 10, -264, 773, -13, -53, 1189, 42;
-10, 307, 12, -221, 798, 0, -41, 1198, 50;
-11, 305, 11, -214, 785, -11, -43, 1192, 43;
-10, 305, 10, -193, 785, -14, -41, 1191, 42;
-9, 305, 10, -173, 784, -17, -38, 1190, 40;
-9, 304, 9, -159, 777, -24, -37, 1187, 35;
-4, 308, 13, -97, 816, 0, -17, 1203, 51;
-7, 304, 9, -109, 781, -23, -28, 1188, 36;
0, 310, 15, -28, 839, 13, 0, 1212, 59;
1, 311, 16, 4, 849, 19, 7, 1216, 63;
0, 307, 12, -7, 812, -5, -3, 1200, 47;
-3, 304, 8, -18, 776, -28, -13, 1185, 32;
-2, 303, 8, 4, 773, -29, -9, 1185, 32;
3, 308, 13, 76, 819, 1, 14, 1204, 51;
0, 304, 8, 57, 773, -27, 1, 1185, 33;
2, 304, 9, 90, 780, -21, 9, 1188, 37;
6, 307, 12, 137, 800, -6, 23, 1197, 46;
8, 308, 13, 175, 810, 2, 33, 1202, 52;
13, 311, 16, 230, 837, 22, 50, 1213, 65;
8, 305, 10, 200, 778, -13, 32, 1190, 42;
10, 306, 12, 236, 785, -5, 42, 1193, 47;
17, 311, 17, 314, 834, 30, 69, 1215, 70;
16, 308, 15, 315, 806, 15, 64, 1204, 60;
17, 308, 15, 337, 798, 14, 68, 1202, 60;
12, 302, 9, 307, 738, -20, 50, 1178, 38;
17, 305, 13, 361, 761, 0, 67, 1189, 50;
13, 300, 8, 342, 712, -28, 54, 1170, 33;
14, 298, 7, 359, 697, -32, 56, 1165, 31;
23, 306, 16, 457, 765, 18, 91, 1194, 62;
21, 302, 12, 447, 723, -2, 82, 1179, 49;
20, 299, 10, 450, 694, -15, 78, 1168, 41;
26, 304, 16, 524, 737, 19, 104, 1188, 63;
20, 297, 9, 479, 660, -24, 81, 1158, 35;
22, 296, 9, 505, 654, -21, 86, 1157, 37;
28, 300, 14, 570, 687, 8, 109, 1173, 56;
27, 298, 12, 575, 660, -1, 106, 1163, 49;
32, 301, 16, 632, 685, 23, 126, 1176, 65;
34, 302, 18, 665, 686, 31, 135, 1178, 70;
27, 292, 9, 605, 594, -20, 105, 1142, 38;
30, 294, 12, 649, 605, -3, 119, 1149, 48;
29, 291, 10, 648, 573, -16, 115, 1138, 40;
33, 294, 13, 698, 590, 4, 131, 1148, 54;
34, 293, 14, 718, 578, 6, 136, 1145, 55;
33, 290, 11, 711, 539, -9, 129, 1131, 45;
40, 295, 18, 789, 585, 31, 158, 1153, 70;
31, 284, 8, 712, 476, -30, 122, 1111, 32;
31, 283, 7, 725, 458, -32, 124, 1106, 31;
39, 289, 14, 806, 508, 12, 154, 1129, 58;
36, 285, 11, 788, 459, -9, 143, 1111, 45;
43, 289, 17, 854, 494, 25, 168, 1129, 66;
39, 283, 12, 823, 432, -4, 152, 1106, 48;
43, 286, 16, 871, 450, 18, 169, 1116, 62;
41, 283, 13, 863, 411, 5, 162, 1103, 54;
46, 286, 18, 916, 434, 32, 181, 1116, 71;
38, 276, 9, 847, 335, -21, 150, 1078, 37;
40, 276, 10, 866, 325, -15, 156, 1077, 41;
42, 277, 12, 897, 327, -1, 166, 1081, 50;
39, 272, 9, 875, 276, -23, 155, 1062, 36;
40, 271, 9, 884, 257, -23, 157, 1058, 36;
41, 270, 9, 896, 241, -20, 160, 1054, 37;
46, 274, 14, 952, 270, 11, 181, 1070, 58;
47, 274, 15, 968, 259, 17, 186, 1068, 61;
49, 273, 16, 984, 248, 23, 191, 1067, 65;
42, 265, 10, 928, 166, -17, 167, 1037, 39;
49, 270, 16, 993, 206, 21, 192, 1056, 64;
44, 264, 11, 949, 136, -11, 173, 1031, 43;
44, 263, 11, 956, 119, -9, 175, 1027, 45;
50, 267, 16, 1009, 148, 23, 196, 1042, 65;
48, 263, 14, 993, 108, 10, 188, 1029, 57;
41, 255, 7, 931, 23, -32, 162, 997, 30;
42, 255, 8, 939, 9, -28, 165, 995, 33;
43, 254, 9, 945, -6, -24, 167, 992, 35;
49, 260, 16, 1011, 38, 18, 194, 1014, 62;
44, 252, 10, 955, -38, -18, 171, 985, 39;
47, 255, 13, 990, -23, 4, 186, 995, 54;
45, 251, 11, 965, -67, -10, 176, 980, 44;
45, 250, 11, 963, -88, -10, 176, 975, 44;
51, 255, 17, 1023, -46, 30, 201, 996, 70;
45, 248, 12, 964, -122, -6, 177, 967, 47;
49, 250, 15, 997, -106, 18, 192, 978, 62;
44, 245, 11, 951, -167, -9, 174, 955, 45;
43, 242, 10, 935, -199, -17, 168, 945, 40;
48, 246, 15, 979, -170, 15, 188, 961, 60;
46, 243, 13, 955, -207, 3, 179, 949, 53;
49, 245, 17, 979, -196, 24, 191, 957, 66;
47, 243, 16, 965, -223, 19, 186, 949, 63;
47, 241, 15, 954, -245, 17, 184, 943, 62;
48, 242, 17, 962, -248, 29, 189, 945, 69;
45, 238, 14, 925, -295, 10, 176, 929, 57;
47, 239, 17, 940, -290, 26, 184, 934, 67;
42, 234, 13, 889, -349, 0, 165, 912, 50;
40, 231, 11, 864, -382, -10, 157, 902, 44;
37, 228, 9, 833, -419, -22, 147, 889, 36;
46, 235, 18, 904, -355, 32, 179, 919, 71;
44, 233, 17, 882, -382, 25, 173, 911, 67;
38, 226, 11, 815, -454, -10, 148, 884, 44;
35, 223, 9, 784, -488, -21, 139, 873, 37;
40, 228, 14, 820, -456, 11, 156, 889, 58;
42, 230, 18, 834, -443, 31, 166, 897, 70;
41, 228, 17, 812, -466, 26, 160, 890, 67;
40, 227, 17, 798, -481, 27, 158, 887, 68;
35, 222, 13, 746, -533, 3, 140, 868, 52;
37, 224, 16, 755, -523, 19, 147, 874, 63;
35, 221, 14, 722, -554, 9, 137, 864, 56;
34, 221, 14, 708, -565, 11, 136, 862, 58;
28, 214, 9, 635, -635, -25, 109, 835, 35;
31, 217, 13, 660, -606, 3, 124, 850, 53;
31, 217, 14, 649, -611, 8, 124, 849, 56;
28, 214, 12, 608, -646, -5, 111, 837, 47;
33, 220, 18, 646, -602, 32, 131, 858, 71;
30, 217, 16, 607, -633, 19, 120, 847, 63;
22, 208, 8, 515, -717, -28, 86, 814, 33;
27, 214, 14, 551, -672, 9, 106, 835, 56;
20, 208, 9, 480, -733, -23, 81, 811, 36;
19, 207, 9, 457, -746, -25, 76, 808, 35;
21, 209, 12, 465, -726, -5, 84, 817, 47;
22, 211, 14, 462, -717, 6, 88, 823, 55;
23, 212, 16, 459, -707, 19, 92, 828, 63;
24, 213, 18, 454, -698, 31, 95, 833, 70;
18, 208, 12, 383, -755, -1, 71, 811, 50;
15, 206, 11, 349, -774, -8, 62, 805, 45;
17, 208, 14, 352, -756, 8, 68, 814, 56;
11, 203, 9, 284, -807, -20, 45, 793, 38;
18, 211, 17, 337, -737, 30, 73, 824, 69;
10, 203, 10, 244, -812, -15, 40, 793, 41;
10, 204, 11, 232, -806, -8, 40, 797, 45;
13, 207, 15, 243, -775, 15, 50, 810, 60;
5, 201, 8, 157, -842, -26, 20, 784, 34;
11, 208, 16, 206, -772, 23, 46, 813, 65;
3, 201, 9, 118, -839, -19, 15, 786, 38;
7, 205, 14, 134, -802, 7, 27, 802, 55;
1, 201, 9, 68, -845, -20, 5, 784, 38;
-1, 199, 7, 25, -865, -32, -6, 776, 30;
2, 204, 13, 50, -817, 0, 9, 796, 51;
-1, 201, 10, -1, -845, -17, -6, 785, 40;
-5, 199, 8, -47, -867, -31, -19, 776, 31;
0, 205, 13, -16, -811, 5, -1, 799, 54;
0, 207, 16, -21, -790, 18, 2, 807, 62;
-2, 205, 14, -60, -803, 9, -7, 802, 56;
0, 208, 17, -55, -772, 28, 0, 815, 68;
-5, 204, 13, -120, -810, 1, -21, 798, 52;
-9, 202, 10, -171, -834, -16, -37, 788, 40;
-3, 209, 18, -125, -760, 31, -12, 818, 70;
-9, 205, 13, -195, -802, 0, -36, 800, 51;
-9, 206, 13, -212, -790, 5, -37, 804, 54;
-10, 207, 14, -229, -778, 9, -39, 808, 57;
-10, 208, 15, -249, -769, 12, -42, 811, 58;
-10, 210, 16, -258, -749, 22, -40, 819, 64;
-14, 207, 14, -306, -767, 5, -55, 810, 54;
-15, 208, 14, -328, -759, 6, -59, 812, 55;
-21, 203, 8, -405, -805, -28, -85, 792, 33;
-20, 206, 11, -401, -770, -11, -78, 805, 44;
-20, 208, 12, -412, -751, -3, -78, 812, 48;
-16, 213, 17, -387, -695, 28, -62, 834, 68;
-19, 212, 15, -428, -704, 15, -74, 828, 60;
-21, 211, 13, -467, -711, 4, -85, 824, 53;
-28, 206, 8, -539, -752, -29, -110, 805, 32;
-25, 210, 11, -527, -708, -7, -100, 822, 46;
-28, 210, 10, -561, -710, -16, -110, 819, 40;
-30, 209, 9, -591, -708, -22, -117, 818, 37;
-29, 212, 11, -593, -678, -10, -114, 828, 44;
-23, 219, 17, -553, -606, 29, -93, 856, 69;
-27, 217, 14, -600, -621, 11, -108, 848, 58;
-30, 216, 13, -636, -625, 0, -118, 844, 50;
-28, 220, 16, -626, -582, 19, -110, 859, 62;
-31, 218, 13, -670, -594, 1, -124, 852, 52;
-34, 217, 11, -704, -596, -9, -134, 849, 45;
-34, 219, 12, -712, -572, -2, -133, 856, 49;
-37, 218, 10, -748, -576, -15, -144, 852, 41;
-33, 223, 14, -726, -523, 9, -132, 872, 57;
-38, 220, 10, -777, -542, -13, -149, 861, 42;
-32, 228, 17, -733, -466, 26, -127, 890, 67;
-37, 225, 13, -787, -489, 0, -146, 878, 51;
-36, 228, 15, -784, -454, 12, -142, 889, 58;
-37, 229, 14, -800, -440, 10, -145, 893, 57;
-38, 229, 13, -822, -431, 5, -151, 893, 54;
-41, 228, 12, -853, -431, -6, -161, 891, 46;
-38, 233, 15, -833, -381, 15, -150, 908, 60;
-36, 236, 18, -820, -338, 31, -142, 923, 70;
-43, 231, 11, -890, -378, -7, -168, 903, 46;
-46, 230, 9, -928, -387, -25, -181, 897, 35;
-46, 232, 9, -930, -360, -20, -180, 905, 38;
-45, 234, 11, -926, -327, -10, -176, 915, 44;
-46, 235, 10, -940, -313, -14, -180, 918, 42;
-45, 237, 11, -940, -285, -8, -178, 926, 45;
-40, 244, 17, -892, -210, 28, -156, 954, 68;
-48, 238, 10, -970, -261, -18, -187, 930, 39;
-50, 237, 8, -997, -261, -31, -196, 927, 31;
-48, 241, 10, -980, -218, -16, -188, 941, 40;
-46, 244, 12, -967, -179, -4, -181, 954, 48;
-50, 242, 8, -1004, -192, -25, -196, 945, 34;
-46, 247, 13, -970, -133, 0, -180, 966, 51;
-44, 250, 14, -957, -96, 10, -174, 978, 57;
-48, 248, 11, -996, -111, -12, -190, 969, 43;
-45, 253, 14, -964, -56, 10, -176, 988, 57;
-42, 257, 17, -944, -14, 24, -167, 1002, 66;
-42, 259, 17, -938, 13, 29, -164, 1010, 69;
-51, 251, 8, -1026, -53, -28, -201, 979, 33;
-51, 252, 8, -1028, -34, -29, -201, 984, 32;
-47, 257, 12, -989, 24, -4, -186, 1004, 48;
-45, 261, 14, -966, 66, 10, -176, 1019, 57;
-50, 257, 9, -1009, 42, -19, -195, 1005, 38;
-51, 257, 8, -1020, 49, -28, -200, 1005, 33;
-48, 261, 10, -995, 91, -14, -190, 1019, 42;
-49, 261, 9, -1000, 103, -20, -193, 1020, 38;
-43, 268, 15, -940, 179, 16, -169, 1048, 61;
-50, 263, 8, -1000, 134, -26, -195, 1026, 34;
-44, 270, 14, -940, 208, 9, -172, 1054, 57;
-43, 272, 15, -928, 235, 14, -168, 1062, 59;
-42, 273, 15, -917, 258, 16, -165, 1068, 61;
-48, 268, 8, -974, 214, -25, -190, 1046, 34;
-41, 276, 16, -898, 302, 19, -160, 1080, 63;
-46, 272, 10, -945, 266, -17, -182, 1061, 40;
-46, 272, 9, -941, 279, -20, -182, 1064, 37;
-43, 277, 12, -902, 327, -1, -168, 1081, 49;
-46, 274, 8, -930, 308, -26, -182, 1070, 34;
-47, 274, 8, -926, 320, -31, -183, 1071, 31;
-40, 282, 14, -858, 395, 6, -157, 1099, 54;
-40, 282, 13, -852, 407, 2, -158, 1101, 52;
-43, 280, 9, -874, 390, -20, -170, 1092, 38;
-37, 286, 15, -807, 462, 15, -145, 1118, 60;
-41, 282, 10, -841, 431, -16, -162, 1103, 40;
-38, 286, 12, -804, 471, -1, -150, 1116, 50;
-35, 289, 15, -769, 508, 12, -139, 1129, 58;
-38, 287, 11, -788, 491, -10, -150, 1119, 44;
-39, 286, 9, -788, 491, -20, -154, 1117, 38;
-34, 291, 13, -734, 545, 4, -135, 1136, 53;
-32, 293, 15, -705, 573, 13, -126, 1146, 59;
-38, 288, 8, -751, 525, -28, -149, 1123, 33;
-32, 293, 13, -688, 585, 1, -127, 1146, 52;
-29, 297, 16, -644, 626, 19, -113, 1160, 62;
-34, 292, 9, -686, 579, -21, -135, 1138, 37;
-26, 300, 17, -594, 666, 27, -101, 1172, 68;
-34, 291, 7, -665, 590, -32, -135, 1138, 31;
-32, 293, 8, -638, 610, -27, -128, 1144, 34;
-24, 302, 16, -544, 696, 22, -93, 1178, 64;
-22, 303, 17, -518, 714, 26, -87, 1184, 67;
-26, 299, 12, -544, 679, -4, -103, 1167, 47;
-21, 304, 16, -483, 730, 21, -82, 1187, 64;
-19, 305, 17, -455, 748, 26, -75, 1192, 67;
-25, 299, 9, -503, 688, -19, -100, 1166, 38;
-22, 302, 12, -455, 724, -2, -85, 1179, 49;
-19, 304, 14, -420, 747, 6, -76, 1187, 55;
-23, 299, 8, -447, 705, -26, -92, 1168, 34;
-20, 302, 11, -402, 736, -11, -79, 1180, 43;
-22, 299, 8, -409, 714, -31, -87, 1169, 31;
-16, 305, 12, -343, 765, -2, -65, 1189, 49;
-12, 308, 15, -294, 797, 14, -49, 1202, 59;
-10, 309, 16, -263, 811, 18, -42, 1206, 62;
-12, 306, 12, -269, 787, 0, -50, 1195, 50;
-9, 309, 15, -223, 815, 14, -36, 1206, 59;
-9, 308, 14, -206, 812, 9, -35, 1204, 56;
-9, 307, 13, -195, 803, 0, -36, 1200, 51;
-6, 309, 14, -159, 820, 8, -26, 1206, 56;
-10, 305, 10, -176, 781, -19, -39, 1189, 39;
-2, 311, 16, -91, 845, 21, -9, 1215, 64;
-8, 304, 8, -138, 775, -26, -34, 1186, 34;
-6, 305, 9, -106, 785, -21, -27, 1189, 37;
1, 312, 17, -12, 855, 24, 6, 1219, 66;
0, 308, 13, -22, 821, 1, -3, 1204, 52;
-5, 303, 7, -47, 771, -31, -19, 1183, 31;
4, 311, 16, 53, 848, 19, 16, 1215, 62;
-1, 304, 8, 11, 780, -25, -6, 1187, 35;
4, 309, 14, 86, 829, 8, 18, 1208, 56;
1, 305, 10, 72, 789, -17, 7, 1191, 40;
10, 312, 17, 163, 853, 27, 39, 1219, 67;
9, 310, 15, 171, 834, 16, 37, 1211, 60;
4, 303, 9, 135, 770, -24, 16, 1185, 35;
11, 309, 15, 214, 821, 12, 44, 1207, 58;
12, 309, 14, 238, 816, 11, 48, 1206, 58;
9, 304, 10, 223, 772, -14, 36, 1188, 42;
16, 309, 16, 298, 818, 20, 62, 1208, 63;
13, 305, 12, 283, 774, -5, 51, 1191, 47;
10, 301, 8, 271, 732, -29, 40, 1174, 32;
16, 305, 13, 341, 771, 1, 64, 1192, 51;
21, 309, 17, 403, 803, 27, 84, 1206, 68;
22, 309, 17, 427, 797, 28, 89, 1205, 68;
15, 300, 9, 372, 710, -23, 61, 1170, 36;
18, 301, 10, 409, 716, -13, 71, 1174, 42;
16, 297, 7, 403, 679, -32, 64, 1161, 31;
18, 297, 8, 431, 675, -28, 70, 1161, 33;
21, 299, 10, 471, 684, -15, 82, 1166, 41;
23, 300, 12, 508, 689, -5, 93, 1170, 47;
23, 298, 10, 517, 666, -13, 91, 1162, 42;
22, 294, 8, 514, 631, -29, 85, 1149, 32;
26, 297, 12, 568, 653, -6, 104, 1161, 47;
26, 295, 10, 575, 628, -15, 102, 1152, 41;
24, 292, 8, 572, 593, -29, 96, 1140, 32;
33, 299, 16, 664, 653, 18, 130, 1167, 62;
36, 300, 18, 704, 660, 32, 142, 1172, 71;
33, 295, 13, 681, 605, 5, 128, 1151, 54;
29, 290, 9, 661, 553, -19, 116, 1132, 38;
38, 297, 18, 755, 616, 31, 151, 1161, 70;
33, 290, 12, 718, 546, -4, 132, 1134, 47;
35, 291, 13, 746, 542, 3, 140, 1135, 52;
40, 294, 17, 801, 566, 29, 159, 1148, 69;
36, 288, 12, 771, 504, -1, 143, 1125, 50;
41, 291, 17, 827, 529, 26, 163, 1138, 67;
37, 285, 11, 792, 462, -7, 145, 1113, 46;
36, 283, 10, 794, 434, -14, 143, 1104, 41;
43, 288, 16, 864, 473, 22, 169, 1123, 65;
40, 283, 12, 842, 420, 0, 156, 1104, 50;
40, 281, 12, 849, 397, -4, 156, 1097, 48;
39, 279, 11, 849, 367, -11, 154, 1088, 43;
39, 277, 10, 857, 345, -14, 155, 1082, 42;
43, 279, 13, 894, 353, 2, 167, 1088, 52;
43, 277, 13, 901, 331, 0, 168, 1082, 51;
44, 277, 14, 920, 322, 7, 174, 1081, 55;
45, 276, 14, 934, 307, 10, 177, 1078, 57;
43, 273, 12, 920, 265, -4, 170, 1064, 48;
43, 271, 11, 924, 241, -7, 169, 1058, 46;
41, 267, 9, 905, 196, -24, 160, 1042, 35;
50, 274, 17, 992, 256, 28, 195, 1071, 68;
41, 264, 9, 918, 157, -24, 163, 1032, 35;
47, 268, 14, 973, 185, 8, 184, 1048, 56;
48, 268, 15, 985, 173, 13, 188, 1046, 59;
44, 262, 11, 952, 115, -12, 173, 1025, 43;
48, 265, 14, 992, 131, 12, 189, 1035, 58;
44, 259, 10, 954, 69, -15, 172, 1013, 41;
51, 265, 17, 1022, 114, 28, 200, 1035, 68;
44, 257, 10, 960, 30, -13, 174, 1004, 42;
45, 256, 11, 968, 16, -9, 177, 1001, 44;
51, 261, 17, 1022, 49, 26, 199, 1018, 67;
48, 257, 14, 1000, 6, 11, 190, 1004, 58;
45, 252, 11, 964, -49, -12, 175, 984, 43;
50, 256, 16, 1014, -18, 22, 196, 1000, 64;
43, 248, 9, 950, -101, -19, 170, 969, 38;
46, 249, 12, 971, -98, -3, 179, 974, 48;
46, 248, 12, 971, -115, -1, 180, 970, 49;
45, 246, 12, 960, -143, -6, 176, 962, 46;
45, 245, 11, 954, -164, -7, 175, 957, 46;
50, 249, 17, 1005, -129, 29, 197, 974, 69;
50, 248, 17, 998, -151, 28, 195, 969, 68;
46, 243, 14, 959, -203, 6, 181, 951, 55;
49, 245, 17, 979, -196, 24, 191, 957, 66;
41, 237, 9, 904, -283, -20, 161, 924, 38;
43, 238, 12, 919, -281, -5, 169, 928, 47;
45, 239, 14, 932, -278, 8, 176, 932, 56;
47, 240, 17, 951, -269, 27, 186, 939, 68;
39, 232, 9, 870, -360, -19, 155, 905, 38;
41, 232, 11, 876, -362, -9, 160, 907, 45;
42, 233, 13, 887, -358, 5, 167, 912, 54;
42, 233, 14, 880, -372, 8, 167, 909, 56;
36, 225, 8, 810, -449, -30, 140, 880, 32;
42, 231, 14, 860, -404, 11, 164, 902, 57;
38, 226, 11, 815, -453, -9, 148, 884, 44;
37, 225, 11, 800, -473, -11, 145, 879, 44;
33, 221, 8, 757, -519, -30, 130, 863, 32;
33, 221, 9, 751, -526, -24, 131, 862, 35;
37, 225, 14, 782, -497, 6, 148, 877, 54;
31, 218, 8, 716, -563, -27, 124, 852, 33;
35, 221, 12, 737, -542, -2, 136, 864, 49;
31, 217, 9, 690, -588, -23, 120, 847, 36;
34, 221, 14, 718, -558, 6, 136, 862, 54;
30, 216, 10, 666, -608, -16, 118, 844, 40;
30, 216, 11, 656, -614, -11, 118, 844, 44;
32, 218, 14, 664, -602, 6, 126, 851, 54;
31, 217, 14, 647, -613, 7, 123, 849, 55;
29, 215, 13, 617, -637, 0, 115, 841, 51;
27, 213, 12, 588, -660, -6, 107, 834, 46;
22, 208, 7, 529, -712, -32, 87, 814, 30;
30, 217, 17, 597, -635, 26, 120, 848, 67;
28, 215, 16, 566, -657, 19, 112, 841, 63;
23, 210, 12, 507, -706, -6, 92, 822, 47;
19, 207, 8, 456, -747, -26, 76, 807, 34;
22, 210, 12, 470, -721, -2, 86, 819, 49;
23, 211, 14, 467, -712, 10, 90, 825, 57;
22, 211, 15, 448, -718, 12, 87, 824, 58;
14, 204, 8, 363, -789, -29, 57, 796, 32;
16, 206, 11, 365, -773, -12, 63, 804, 42;
15, 206, 11, 349, -775, -8, 62, 805, 45;
17, 208, 14, 351, -757, 8, 68, 813, 56;
15, 207, 13, 318, -773, 1, 59, 807, 51;
14, 207, 13, 297, -777, 3, 56, 807, 53;
13, 207, 13, 276, -780, 5, 53, 807, 54;
12, 206, 13, 250, -788, 3, 47, 804, 53;
12, 207, 14, 236, -782, 10, 47, 808, 57;
5, 201, 9, 163, -836, -21, 22, 786, 37;
10, 207, 15, 194, -784, 14, 41, 808, 60;
5, 202, 11, 129, -828, -12, 20, 790, 43;
2, 200, 9, 88, -848, -23, 8, 783, 36;
8, 207, 16, 130, -784, 20, 31, 810, 64;
-1, 199, 7, 26, -865, -31, -6, 776, 31;
2, 204, 13, 54, -813, 3, 11, 798, 52;
-2, 200, 9, -7, -851, -21, -8, 782, 37;
2, 206, 15, 20, -799, 13, 8, 804, 59;
0, 206, 15, -4, -799, 13, 3, 804, 59;
-1, 204, 13, -44, -813, 3, -7, 798, 53;
-1, 206, 15, -53, -797, 13, -5, 805, 59;
0, 209, 17, -52, -769, 30, 0, 816, 69;
-7, 202, 11, -138, -828, -10, -29, 791, 44;
-4, 206, 15, -128, -790, 13, -19, 806, 59;
-11, 201, 9, -206, -841, -23, -46, 784, 36;
-10, 203, 11, -210, -817, -9, -42, 794, 45;
-9, 206, 13, -212, -790, 5, -37, 804, 54;
-16, 200, 8, -289, -839, -30, -64, 783, 32;
-10, 208, 15, -248, -768, 13, -41, 812, 59;
-10, 210, 17, -254, -745, 24, -39, 820, 66;
-11, 210, 16, -281, -742, 22, -44, 821, 65;
-14, 208, 14, -325, -755, 9, -57, 814, 56;
-19, 205, 10, -385, -785, -15, -77, 800, 41;
-16, 210, 15, -365, -734, 13, -63, 820, 59;
-23, 204, 8, -447, -786, -26, -92, 797, 34;
-21, 208, 12, -436, -743, -4, -82, 813, 48;
-19, 212, 15, -429, -705, 14, -75, 828, 60;
-21, 211, 13, -465, -709, 5, -84, 824, 54;
-26, 208, 10, -521, -733, -17, -103, 813, 40;
-29, 206, 7, -565, -746, -32, -116, 806, 30;
-20, 217, 18, -488, -637, 32, -80, 849, 71;
-23, 216, 16, -529, -646, 18, -92, 843, 62;
-31, 210, 9, -611, -696, -22, -121, 821, 37;
-31, 212, 10, -624, -677, -17, -122, 826, 39;
-26, 218, 15, -590, -610, 18, -103, 852, 62;
-29, 217, 13, -628, -617, 5, -115, 847, 54;
-29, 219, 14, -640, -596, 10, -115, 854, 57;
-36, 213, 8, -718, -642, -30, -144, 832, 32;
-33, 218, 12, -697, -589, -4, -131, 852, 48;
-34, 219, 12, -713, -573, -3, -134, 856, 48;
-37, 218, 9, -754, -582, -19, -147, 850, 38;
-39, 217, 8, -782, -578, -26, -155, 849, 34;
-40, 218, 8, -797, -562, -26, -157, 853, 34;
-38, 223, 12, -783, -516, -6, -148, 869, 46;
-36, 226, 14, -775, -477, 8, -141, 883, 56;
-35, 229, 15, -775, -446, 18, -138, 893, 62;
-43, 223, 8, -856, -495, -26, -168, 870, 34;
-36, 232, 16, -796, -404, 22, -140, 904, 65;
-43, 226, 10, -869, -447, -17, -168, 884, 40;
-41, 229, 12, -865, -413, -6, -163, 895, 47;
-38, 235, 16, -836, -354, 20, -149, 916, 63;
-40, 234, 14, -867, -356, 7, -159, 913, 55;
-41, 235, 14, -878, -337, 7, -161, 917, 55;
-46, 232, 9, -929, -359, -19, -180, 905, 38;
-42, 237, 14, -898, -299, 7, -164, 927, 55;
-39, 241, 17, -881, -254, 25, -155, 942, 66;
-42, 240, 14, -912, -258, 9, -166, 938, 57;
-48, 236, 9, -966, -283, -20, -187, 924, 38;
-42, 244, 16, -914, -204, 19, -163, 953, 62;
-48, 239, 9, -980, -245, -20, -190, 933, 37;
-46, 243, 12, -965, -203, -6, -182, 947, 46;
-43, 248, 15, -934, -146, 18, -168, 968, 62;
-47, 245, 11, -976, -163, -6, -184, 957, 46;
-48, 245, 10, -990, -153, -13, -189, 958, 42;
-44, 251, 15, -953, -92, 13, -173, 980, 59;
-43, 254, 16, -942, -57, 23, -167, 991, 65;
-44, 254, 15, -953, -46, 17, -172, 992, 61;
-45, 254, 14, -968, -38, 8, -177, 992, 56;
-48, 252, 11, -997, -45, -9, -189, 986, 44;
-51, 251, 8, -1026, -53, -28, -201, 979, 32;
-41, 262, 18, -934, 59, 32, -163, 1022, 71;
-46, 258, 13, -981, 32, 0, -182, 1008, 51;
-49, 257, 10, -1002, 30, -14, -191, 1003, 42;
-42, 265, 17, -934, 117, 30, -164, 1036, 69;
-47, 261, 12, -981, 88, -2, -183, 1021, 49;
-50, 259, 9, -1012, 74, -25, -197, 1012, 35;
-45, 265, 13, -964, 139, 4, -178, 1035, 53;
-43, 269, 16, -938, 181, 18, -168, 1049, 62;
-47, 266, 11, -973, 161, -8, -184, 1038, 45;
-45, 268, 12, -956, 192, 0, -178, 1047, 50;
-44, 271, 14, -937, 225, 8, -172, 1058, 55;
-40, 276, 18, -896, 280, 31, -156, 1077, 70;
-48, 268, 9, -971, 216, -24, -189, 1047, 35;
-40, 277, 17, -888, 311, 26, -156, 1084, 67;
-46, 272, 10, -945, 265, -17, -182, 1061, 40;
-46, 273, 10, -933, 287, -15, -179, 1067, 41;
-46, 273, 9, -935, 294, -23, -182, 1067, 36;
-38, 282, 16, -853, 385, 24, -150, 1101, 66;
-39, 281, 15, -859, 386, 12, -155, 1099, 59;
-37, 284, 16, -832, 420, 23, -147, 1110, 65;
-39, 283, 14, -842, 417, 8, -154, 1105, 56;
-35, 287, 17, -799, 465, 29, -139, 1122, 69;
-40, 283, 12, -835, 434, -3, -156, 1107, 49;
-42, 281, 9, -853, 419, -24, -167, 1098, 35;
-33, 291, 18, -754, 521, 32, -129, 1137, 71;
-33, 291, 16, -751, 526, 24, -131, 1137, 66;
-34, 290, 15, -754, 525, 12, -136, 1133, 58;
-38, 287, 10, -782, 497, -16, -151, 1119, 40;
-30, 295, 17, -698, 581, 29, -120, 1151, 69;
-37, 288, 10, -751, 527, -17, -146, 1126, 40;
-29, 296, 17, -671, 605, 24, -116, 1156, 66;
-29, 296, 16, -660, 613, 20, -116, 1157, 63;
-27, 299, 18, -624, 646, 32, -105, 1168, 71;
-31, 295, 12, -656, 609, -1, -122, 1151, 50;
-32, 294, 11, -654, 606, -12, -126, 1147, 43;
-33, 293, 9, -652, 602, -23, -129, 1144, 36;
-24, 301, 16, -562, 685, 23, -96, 1176, 65;
-25, 300, 14, -560, 681, 12, -100, 1172, 58;
-23, 302, 15, -531, 701, 17, -92, 1179, 62;
-25, 300, 13, -537, 686, 0, -100, 1170, 50;
-22, 303, 15, -491, 722, 16, -85, 1183, 61;
-19, 305, 16, -458, 744, 24, -77, 1191, 66;
-21, 303, 14, -461, 730, 8, -83, 1183, 56;
-25, 299, 9, -485, 694, -22, -98, 1167, 37;
-17, 306, 16, -401, 765, 19, -68, 1195, 62;
-14, 308, 18, -360, 793, 31, -56, 1205, 70;
-14, 308, 16, -349, 789, 23, -57, 1202, 65;
-12, 310, 18, -313, 810, 32, -47, 1209, 70;
-15, 306, 13, -333, 774, 3, -61, 1193, 53;
-13, 307, 14, -300, 791, 10, -52, 1199, 57;
-14, 305, 12, -299, 774, -5, -57, 1191, 47;
-15, 303, 10, -297, 759, -19, -62, 1184, 39;
-16, 302, 8, -289, 748, -30, -64, 1178, 32;
-6, 311, 16, -184, 834, 23, -26, 1213, 65;
-14, 302, 8, -240, 758, -29, -55, 1181, 32;
-12, 303, 8, -213, 765, -27, -49, 1183, 33;
-3, 312, 17, -110, 847, 24, -12, 1217, 66;
-7, 307, 11, -133, 802, -6, -27, 1197, 46;
-1, 312, 16, -63, 850, 23, -3, 1217, 65;
0, 311, 15, -48, 842, 16, -3, 1213, 61;
1, 312, 16, -16, 851, 21, 4, 1217, 64;
-5, 303, 8, -69, 774, -29, -23, 1185, 32;