-1, 332, -1, 725, -12, -6, -7, 1298, -7;
3, 333, 0, 727, 36, 21, 14, 1299, -1;
9, 333, 1, 723, 84, 48, 36, 1298, 4;
13, 330, 0, 704, 120, 69, 51, 1289, 3;
22, 333, 6, 716, 192, 108, 88, 1300, 25;
21, 325, 1, 659, 197, 114, 83, 1268, 6;
27, 324, 3, 643, 246, 141, 107, 1263, 15;
35, 324, 8, 634, 305, 174, 136, 1264, 31;
33, 315, 3, 566, 306, 177, 130, 1228, 12;
47, 320, 13, 590, 402, 227, 184, 1251, 53;
49, 315, 13, 542, 426, 242, 193, 1229, 51;
54, 311, 15, 506, 464, 263, 211, 1215, 59;
52, 302, 11, 431, 461, 263, 204, 1178, 44;
50, 292, 7, 353, 457, 263, 197, 1139, 30;
59, 293, 15, 344, 521, 297, 233, 1145, 59;
56, 282, 10, 257, 505, 290, 220, 1101, 41;
57, 276, 11, 201, 519, 298, 226, 1078, 43;
66, 277, 18, 189, 575, 327, 258, 1082, 74;
68, 272, 20, 138, 589, 335, 265, 1061, 80;
66, 264, 19, 67, 582, 331, 260, 1030, 75;
66, 257, 19, 8, 581, 331, 259, 1005, 77;
60, 245, 14, -85, 544, 312, 236, 958, 57;
61, 241, 16, -134, 547, 314, 239, 940, 65;
63, 238, 20, -172, 557, 318, 247, 928, 79;
66, 236, 25, -199, 573, 325, 259, 922, 99;
60, 226, 21, -281, 530, 303, 235, 883, 85;
54, 217, 18, -356, 489, 281, 213, 847, 73;
59, 219, 26, -361, 513, 291, 232, 855, 103;
47, 205, 18, -465, 432, 249, 186, 800, 71;
46, 202, 20, -500, 415, 238, 180, 788, 79;
43, 197, 21, -540, 386, 222, 168, 771, 82;
46, 201, 28, -534, 399, 226, 182, 784, 112;
34, 189, 20, -621, 312, 180, 134, 737, 81;
37, 192, 28, -608, 320, 181, 145, 751, 110;
30, 187, 26, -651, 265, 151, 119, 730, 102;
25, 184, 25, -681, 219, 125, 97, 717, 100;
18, 179, 23, -714, 164, 94, 70, 701, 92;
19, 184, 30, -690, 160, 89, 76, 719, 117;
13, 182, 29, -707, 111, 62, 53, 711, 115;
2, 176, 23, -749, 31, 18, 11, 686, 93;
-2, 175, 23, -753, -16, -8, -10, 684, 91;
0, 182, 30, -707, -16, -11, -2, 712, 119;
-9, 179, 26, -725, -86, -49, -38, 699, 103;
-18, 176, 22, -738, -154, -87, -72, 689, 88;
-22, 179, 23, -717, -193, -109, -88, 699, 90;
-30, 178, 20, -714, -252, -141, -117, 697, 79;
-29, 186, 25, -658, -261, -149, -116, 726, 98;
-39, 184, 20, -660, -331, -186, -152, 719, 78;
-40, 191, 22, -608, -349, -198, -157, 745, 89;
-39, 199, 27, -543, -355, -204, -154, 778, 106;
-47, 199, 23, -528, -412, -235, -184, 779, 89;
-45, 209, 27, -452, -409, -236, -177, 817, 109;
-57, 205, 18, -464, -494, -280, -225, 801, 71;
-60, 210, 17, -416, -519, -294, -236, 821, 69;
-56, 222, 24, -323, -500, -286, -220, 868, 93;
-55, 231, 26, -252, -500, -287, -216, 901, 103;
-57, 236, 25, -197, -515, -296, -223, 924, 101;
-60, 240, 23, -154, -540, -309, -236, 939, 91;
-64, 244, 20, -114, -565, -323, -251, 952, 78;
-60, 254, 23, -31, -545, -313, -237, 992, 91;
-65, 256, 18, 0, -573, -327, -254, 1000, 72;
-68, 259, 14, 38, -591, -336, -266, 1011, 57;
-61, 272, 20, 136, -545, -313, -238, 1060, 79;
-60, 277, 19, 190, -540, -309, -236, 1082, 74;
-58, 284, 18, 249, -524, -301, -228, 1107, 73;
-63, 283, 11, 265, -546, -311, -245, 1106, 46;
-56, 293, 14, 342, -503, -288, -222, 1143, 58;
-59, 293, 9, 362, -511, -290, -231, 1145, 35;
-51, 303, 12, 439, -458, -262, -202, 1183, 49;
-50, 306, 10, 476, -438, -250, -195, 1197, 41;
-47, 310, 9, 516, -411, -234, -183, 1212, 35;
-38, 320, 13, 587, -346, -199, -148, 1249, 51;
-33, 324, 13, 628, -305, -176, -129, 1267, 51;
-31, 325, 9, 643, -285, -164, -124, 1269, 36;
-26, 329, 9, 678, -239, -138, -102, 1285, 36;
-27, 326, 2, 666, -235, -133, -107, 1272, 10;
-21, 329, 2, 693, -185, -105, -83, 1285, 10;
-12, 335, 5, 733, -117, -68, -49, 1307, 21;
-5, 339, 7, 761, -57, -35, -19, 1322, 28;
-6, 333, 0, 727, -52, -29, -24, 1300, 0;
3, 338, 3, 758, 20, 10, 12, 1318, 12;
6, 336, 0, 746, 56, 31, 26, 1311, 2;
10, 333, -1, 729, 90, 51, 40, 1302, -7;
11, 329, -6, 696, 112, 65, 46, 1284, -25;
17, 328, -6, 686, 162, 93, 69, 1281, -25;
23, 327, -6, 673, 211, 121, 92, 1277, -25;
32, 329, -3, 675, 279, 158, 127, 1284, -12;
37, 326, -3, 649, 320, 181, 145, 1273, -14;
37, 319, -8, 592, 332, 190, 147, 1244, -34;
40, 313, -11, 546, 358, 205, 156, 1223, -43;
42, 308, -13, 500, 384, 221, 167, 1203, -52;
49, 306, -11, 474, 431, 247, 191, 1195, -45;
48, 297, -16, 404, 434, 250, 187, 1161, -64;
56, 298, -11, 392, 496, 283, 221, 1164, -45;
61, 295, -10, 357, 534, 303, 241, 1153, -39;
64, 290, -10, 306, 554, 315, 250, 1132, -41;
61, 279, -16, 223, 541, 309, 239, 1091, -62;
62, 273, -17, 162, 548, 314, 241, 1065, -69;
60, 264, -20, 91, 542, 311, 236, 1032, -81;
60, 257, -22, 26, 540, 311, 234, 1004, -88;
64, 255, -19, -5, 568, 325, 251, 996, -75;
64, 249, -19, -62, 567, 324, 251, 973, -77;
59, 239, -24, -147, 534, 307, 231, 932, -97;
62, 236, -22, -181, 548, 314, 242, 922, -85;
59, 229, -23, -245, 528, 303, 231, 894, -93;
64, 230, -18, -259, 553, 314, 249, 897, -70;
59, 221, -21, -328, 517, 295, 231, 865, -82;
58, 218, -20, -368, 505, 287, 227, 850, -78;
53, 210, -22, -429, 468, 267, 208, 822, -88;
54, 210, -18, -446, 468, 265, 213, 821, -72;
50, 205, -19, -492, 435, 246, 198, 802, -75;
37, 191, -29, -591, 342, 197, 146, 748, -114;
33, 188, -29, -626, 307, 177, 131, 734, -115;
36, 192, -22, -613, 315, 179, 142, 748, -88;
26, 183, -28, -674, 243, 140, 105, 716, -109;
27, 185, -23, -668, 232, 131, 105, 725, -92;
22, 184, -23, -685, 193, 109, 89, 719, -90;
15, 180, -25, -716, 134, 77, 60, 703, -100;
12, 181, -23, -713, 105, 59, 49, 707, -91;
0, 173, -30, -764, 16, 11, 2, 677, -119;
-3, 174, -29, -760, -23, -11, -14, 679, -116;
-8, 175, -29, -755, -65, -35, -32, 682, -114;
-14, 174, -30, -755, -116, -64, -56, 681, -118;
-15, 179, -26, -721, -137, -78, -61, 700, -103;
-24, 177, -30, -730, -206, -115, -96, 691, -118;
-27, 181, -28, -700, -238, -134, -109, 705, -111;
-27, 188, -23, -643, -247, -142, -107, 735, -90;
-36, 187, -27, -643, -314, -178, -142, 730, -107;
-33, 197, -20, -568, -308, -178, -131, 770, -79;
-42, 197, -24, -558, -370, -211, -164, 768, -94;
-48, 198, -26, -534, -418, -238, -188, 775, -102;
-46, 208, -20, -458, -415, -239, -180, 814, -79;
-52, 210, -23, -433, -464, -265, -206, 820, -90;
-55, 216, -22, -381, -485, -277, -214, 842, -86;
-54, 224, -18, -310, -486, -279, -211, 876, -71;
-65, 221, -26, -311, -559, -317, -253, 864, -102;
-65, 229, -24, -247, -565, -321, -254, 893, -94;
-66, 235, -23, -188, -574, -327, -258, 918, -90;
-60, 248, -15, -87, -539, -310, -234, 969, -60;
-63, 251, -17, -47, -561, -321, -247, 982, -68;
-66, 254, -20, -10, -583, -332, -261, 993, -78;
-66, 261, -18, 50, -579, -330, -258, 1019, -73;
-69, 263, -21, 84, -597, -339, -271, 1028, -85;
-68, 269, -21, 140, -589, -334, -267, 1051, -82;
-67, 275, -20, 196, -576, -327, -261, 1075, -79;
-61, 285, -15, 278, -534, -305, -238, 1114, -59;
-56, 294, -11, 348, -497, -285, -218, 1147, -44;
-58, 295, -15, 370, -503, -286, -226, 1150, -58;
-57, 297, -16, 404, -493, -279, -224, 1161, -64;
-51, 305, -13, 466, -449, -255, -201, 1190, -50;
-42, 315, -6, 542, -384, -221, -167, 1229, -26;
-42, 315, -9, 559, -374, -213, -166, 1231, -36;
-37, 320, -7, 603, -330, -189, -145, 1251, -27;
-37, 319, -10, 608, -320, -181, -146, 1247, -40;
-34, 321, -10, 629, -288, -162, -133, 1255, -41;
-23, 330, -3, 691, -209, -120, -91, 1288, -13;
-15, 335, 0, 729, -148, -87, -61, 1308, 1;
-18, 329, -6, 696, -154, -87, -72, 1284, -25;
-9, 334, -1, 732, -85, -49, -37, 1304, -5;
-1, 337, 2, 756, -24, -15, -7, 1317, 8;
-3, 331, -3, 715, -22, -11, -13, 1292, -13;
1, 330, -2, 711, 20, 13, 4, 1289, -11;
7, 331, 0, 711, 72, 42, 29, 1291, -2;
12, 329, 0, 698, 114, 66, 47, 1285, 0;
23, 334, 7, 722, 197, 111, 91, 1303, 28;
23, 327, 3, 674, 212, 121, 92, 1277, 15;
28, 325, 5, 650, 253, 145, 111, 1268, 19;
34, 323, 7, 628, 299, 171, 132, 1260, 27;
37, 319, 7, 591, 332, 190, 146, 1244, 28;
47, 320, 13, 589, 401, 227, 183, 1250, 53;
42, 307, 6, 496, 380, 219, 164, 1200, 23;
49, 306, 10, 476, 433, 247, 192, 1196, 40;
49, 299, 8, 412, 443, 254, 193, 1166, 33;
56, 297, 13, 387, 491, 280, 218, 1161, 51;
53, 287, 8, 304, 480, 276, 207, 1119, 34;
55, 281, 10, 254, 502, 288, 218, 1099, 39;
65, 283, 18, 247, 565, 321, 254, 1106, 72;
61, 272, 14, 160, 546, 313, 240, 1064, 55;
63, 267, 15, 106, 557, 319, 246, 1042, 60;
69, 267, 22, 86, 600, 341, 271, 1041, 86;
62, 253, 16, -15, 558, 320, 245, 990, 62;
66, 251, 20, -51, 578, 330, 258, 980, 78;
61, 241, 16, -134, 547, 314, 240, 940, 65;
66, 240, 23, -154, 575, 327, 259, 939, 91;
61, 231, 20, -233, 540, 309, 239, 902, 79;
60, 226, 22, -278, 533, 304, 237, 885, 86;
55, 217, 19, -354, 492, 282, 215, 849, 75;
53, 212, 20, -401, 472, 271, 207, 829, 78;
52, 210, 23, -435, 462, 264, 205, 819, 89;
46, 202, 20, -500, 414, 238, 180, 788, 79;
50, 205, 28, -494, 433, 245, 197, 800, 111;
40, 195, 22, -571, 361, 207, 158, 760, 88;
39, 193, 25, -590, 343, 195, 153, 756, 100;
37, 192, 28, -607, 320, 181, 146, 752, 111;
24, 181, 20, -689, 228, 132, 95, 707, 79;
27, 186, 27, -667, 233, 132, 106, 726, 108;
22, 183, 27, -689, 189, 107, 86, 716, 108;
19, 184, 30, -688, 162, 90, 77, 720, 119;
7, 176, 23, -747, 71, 42, 28, 686, 90;
2, 175, 23, -753, 26, 16, 8, 683, 90;
-2, 175, 23, -753, -15, -7, -9, 684, 92;
-1, 182, 30, -711, -20, -13, -4, 710, 117;
-11, 178, 25, -734, -95, -54, -43, 694, 98;
-15, 180, 26, -716, -133, -76, -59, 702, 101;
-22, 179, 23, -717, -193, -109, -88, 699, 90;
-25, 183, 24, -687, -225, -128, -101, 713, 96;
-25, 190, 29, -632, -235, -136, -100, 743, 114;
-29, 194, 30, -597, -268, -155, -113, 758, 117;
-37, 193, 25, -590, -331, -189, -146, 756, 100;
-44, 194, 22, -576, -387, -220, -174, 758, 86;
-45, 201, 24, -516, -400, -229, -177, 786, 97;
-54, 201, 19, -506, -463, -263, -210, 784, 75;
-49, 214, 27, -410, -440, -253, -191, 834, 105;
-58, 213, 20, -400, -504, -287, -226, 830, 79;
-61, 217, 19, -353, -529, -301, -238, 849, 75;
-57, 229, 24, -263, -511, -293, -223, 894, 96;
-62, 231, 20, -231, -549, -313, -244, 903, 80;
-59, 241, 24, -147, -533, -306, -232, 943, 95;
-69, 239, 14, -147, -598, -339, -271, 932, 57;
-66, 248, 17, -69, -583, -332, -261, 969, 67;
-60, 261, 23, 29, -544, -313, -236, 1018, 90;
-65, 262, 17, 57, -572, -327, -254, 1023, 68;
-62, 270, 18, 127, -554, -317, -243, 1055, 73;
-59, 278, 19, 194, -535, -307, -233, 1085, 77;
-57, 285, 20, 258, -515, -296, -223, 1113, 78;
-62, 284, 12, 269, -542, -309, -243, 1109, 48;
-63, 286, 8, 302, -543, -308, -247, 1118, 33;
-60, 292, 8, 357, -517, -293, -234, 1142, 32;
-50, 305, 14, 451, -446, -256, -195, 1190, 57;
-47, 310, 13, 495, -419, -240, -183, 1209, 53;
-43, 314, 12, 535, -391, -224, -171, 1225, 47;
-45, 313, 6, 544, -388, -221, -175, 1222, 25;
-39, 318, 6, 588, -345, -197, -155, 1242, 26;
-39, 318, 2, 597, -331, -187, -152, 1241, 7;
-32, 323, 3, 640, -277, -157, -126, 1262, 13;
-20, 333, 9, 708, -192, -111, -80, 1299, 36;
-19, 331, 4, 704, -174, -99, -77, 1292, 17;
-18, 329, 0, 698, -153, -86, -71, 1285, 0;
-10, 333, 1, 726, -91, -52, -41, 1300, 6;
-3, 336, 2, 747, -33, -19, -12, 1312, 11;
0, 334, 0, 738, 0, 0, 0, 1306, 0;
1, 330, -4, 712, 21, 14, 5, 1290, -18;
8, 332, -3, 717, 79, 45, 33, 1295, -14;
20, 337, 1, 748, 164, 92, 78, 1316, 7;
22, 332, -2, 712, 188, 106, 85, 1297, -8;
23, 327, -6, 673, 211, 121, 92, 1277, -25;
27, 324, -8, 643, 246, 142, 107, 1264, -32;
37, 326, -3, 648, 319, 181, 145, 1272, -15;
40, 322, -5, 612, 352, 200, 159, 1257, -21;
42, 315, -9, 560, 372, 212, 165, 1232, -35;
46, 312, -9, 524, 408, 233, 182, 1218, -37;
51, 308, -9, 487, 445, 253, 199, 1204, -37;
50, 299, -14, 416, 446, 256, 195, 1168, -57;
57, 299, -10, 396, 500, 285, 224, 1166, -42;
58, 292, -13, 334, 511, 292, 227, 1138, -53;
62, 289, -11, 298, 546, 311, 245, 1127, -46;
61, 279, -16, 221, 538, 308, 238, 1090, -64;
68, 279, -11, 202, 588, 333, 266, 1090, -44;
67, 271, -14, 133, 584, 332, 262, 1058, -55;
66, 264, -16, 68, 582, 332, 260, 1030, -62;
61, 252, -22, -26, 547, 314, 238, 983, -88;
66, 251, -17, -47, 582, 332, 260, 982, -68;
65, 244, -19, -112, 569, 325, 253, 954, -75;
64, 239, -19, -165, 564, 322, 251, 932, -75;
61, 231, -21, -231, 541, 309, 239, 903, -84;
65, 231, -17, -252, 559, 317, 253, 901, -66;
60, 223, -19, -318, 527, 300, 237, 871, -76;
57, 216, -21, -375, 498, 284, 223, 846, -82;
48, 205, -28, -463, 434, 250, 187, 801, -109;
46, 202, -27, -500, 414, 238, 180, 788, -105;
48, 203, -21, -505, 421, 239, 190, 793, -84;
46, 200, -20, -537, 396, 224, 180, 782, -81;
42, 196, -21, -573, 361, 204, 164, 767, -82;
35, 190, -24, -623, 305, 174, 136, 742, -94;
34, 191, -20, -627, 289, 163, 134, 745, -80;
24, 183, -25, -681, 219, 125, 97, 717, -100;
19, 180, -26, -708, 170, 98, 74, 705, -104;
10, 175, -30, -745, 105, 62, 41, 684, -118;
10, 178, -26, -729, 89, 50, 39, 697, -101;
1, 174, -29, -759, 20, 13, 4, 680, -116;
0, 177, -26, -742, -4, -2, -2, 691, -104;
0, 183, -20, -702, -12, -9, 0, 715, -81;
-14, 175, -29, -752, -113, -63, -54, 683, -116;
-19, 175, -30, -744, -161, -90, -76, 685, -118;
-16, 185, -22, -679, -155, -90, -65, 722, -87;
-21, 187, -22, -661, -199, -115, -85, 729, -87;
-28, 188, -23, -647, -250, -143, -109, 733, -92;
-31, 192, -22, -609, -280, -161, -121, 751, -85;
-43, 187, -29, -628, -368, -208, -169, 733, -116;
-38, 200, -21, -539, -350, -201, -151, 781, -82;
-50, 196, -28, -547, -431, -244, -196, 767, -110;
-53, 202, -27, -500, -457, -259, -206, 788, -105;
-48, 214, -18, -405, -436, -251, -188, 837, -73;
-50, 220, -17, -354, -458, -264, -198, 859, -69;
-57, 221, -21, -329, -505, -289, -223, 864, -83;
-55, 231, -16, -250, -498, -286, -215, 902, -64;
-61, 232, -20, -225, -542, -310, -240, 907, -80;
-66, 235, -23, -189, -574, -327, -258, 918, -90;
-60, 247, -16, -91, -542, -311, -236, 967, -62;
-62, 252, -16, -41, -555, -318, -243, 986, -64;
-67, 254, -20, -13, -587, -334, -263, 991, -80;
-67, 260, -19, 44, -584, -333, -262, 1015, -77;
-62, 270, -15, 126, -556, -318, -245, 1054, -59;
-62, 275, -15, 175, -554, -317, -245, 1073, -60;
-61, 280, -15, 229, -544, -311, -241, 1095, -59;
-64, 282, -18, 255, -556, -316, -252, 1100, -73;
-58, 291, -14, 332, -514, -293, -228, 1137, -55;
-52, 300, -9, 406, -468, -269, -204, 1172, -36;
-51, 303, -10, 441, -456, -261, -201, 1184, -41;
-51, 305, -13, 465, -449, -256, -202, 1190, -51;
-43, 314, -7, 536, -390, -224, -170, 1225, -29;
-38, 319, -5, 583, -350, -201, -151, 1246, -21;
-41, 316, -10, 578, -355, -201, -160, 1236, -42;
-32, 324, -5, 637, -291, -167, -128, 1265, -22;
-26, 329, -2, 679, -238, -137, -102, 1286, -10;
-28, 325, -8, 661, -240, -135, -110, 1269, -32;
-18, 332, -2, 710, -168, -96, -73, 1296, -10;
-12, 335, 0, 733, -117, -68, -49, 1307, -2;
-9, 334, -1, 732, -85, -49, -37, 1304, -5;
-1, 338, 2, 757, -23, -14, -6, 1318, 9;
0, 334, 0, 738, 0, 0, 0, 1306, 0;
6, 335, 2, 743, 53, 29, 25, 1310, 9;
14, 337, 6, 753, 114, 63, 55, 1317, 23;
11, 329, 0, 695, 112, 65, 45, 1283, -1;
21, 331, 5, 707, 183, 104, 82, 1294, 19;
29, 332, 9, 706, 244, 138, 113, 1298, 35;
32, 329, 9, 676, 279, 158, 127, 1284, 35;
33, 322, 6, 622, 293, 168, 129, 1256, 23;
42, 323, 11, 619, 359, 203, 163, 1261, 45;
46, 320, 13, 587, 399, 226, 181, 1248, 51;
45, 310, 8, 514, 398, 228, 175, 1211, 34;
47, 304, 8, 464, 421, 241, 184, 1189, 33;
49, 299, 8, 412, 442, 254, 192, 1166, 33;
57, 299, 14, 397, 501, 285, 224, 1167, 57;
56, 290, 12, 325, 501, 287, 220, 1132, 47;
61, 287, 15, 289, 537, 306, 240, 1121, 61;
60, 279, 14, 219, 537, 307, 237, 1089, 54;
63, 275, 16, 174, 560, 320, 249, 1073, 64;
67, 271, 19, 133, 584, 332, 262, 1058, 77;
61, 259, 14, 35, 550, 315, 240, 1010, 55;
64, 255, 18, -2, 570, 326, 253, 998, 70;
70, 255, 24, -27, 602, 342, 273, 995, 94;
63, 243, 18, -120, 561, 321, 248, 948, 74;
65, 240, 22, -156, 573, 326, 257, 938, 89;
59, 229, 18, -243, 530, 304, 232, 896, 73;
59, 225, 21, -285, 527, 301, 233, 881, 82;
62, 224, 26, -311, 534, 304, 241, 875, 101;
57, 217, 24, -372, 501, 285, 225, 848, 96;
54, 212, 25, -422, 475, 270, 213, 827, 97;
48, 204, 22, -486, 428, 245, 189, 796, 87;
43, 198, 21, -538, 389, 223, 169, 773, 83;
46, 200, 28, -536, 397, 225, 180, 782, 111;
41, 195, 27, -577, 356, 202, 161, 764, 108;
33, 188, 24, -635, 293, 168, 129, 735, 94;
25, 182, 21, -682, 235, 136, 99, 711, 83;
27, 186, 28, -666, 234, 132, 106, 726, 109;
16, 177, 21, -726, 152, 88, 63, 693, 85;
14, 179, 24, -723, 127, 73, 55, 698, 97;
7, 176, 23, -745, 72, 42, 29, 687, 90;
0, 173, 20, -767, 12, 9, 0, 674, 81;
0, 177, 25, -741, -3, -1, -2, 691, 99;
-7, 176, 24, -747, -57, -31, -27, 687, 94;
-14, 174, 21, -758, -119, -66, -58, 679, 83;
-19, 176, 21, -743, -159, -89, -75, 686, 85;
-21, 180, 24, -707, -182, -104, -82, 705, 97;
-28, 180, 22, -703, -241, -136, -111, 703, 86;
-25, 191, 30, -628, -231, -134, -97, 745, 117;
-37, 186, 22, -648, -319, -181, -145, 726, 85;
-38, 192, 24, -597, -337, -193, -150, 752, 96;
-46, 192, 20, -586, -398, -225, -181, 751, 79;
-47, 200, 23, -527, -411, -234, -183, 780, 90;
-47, 207, 26, -463, -420, -241, -184, 811, 102;
-48, 214, 27, -406, -437, -251, -189, 836, 107;
-55, 215, 23, -383, -487, -278, -216, 841, 90;
-62, 216, 18, -359, -536, -304, -242, 845, 71;
-61, 224, 20, -291, -539, -307, -241, 877, 78;
-56, 237, 26, -195, -513, -295, -222, 925, 102;
-68, 232, 15, -204, -590, -334, -267, 908, 59;
-62, 246, 22, -101, -552, -316, -242, 961, 86;
-70, 245, 14, -89, -603, -342, -273, 956, 55;
-63, 257, 19, 8, -564, -323, -249, 1005, 77;
-62, 265, 20, 75, -553, -317, -242, 1035, 80;
-65, 267, 15, 107, -574, -327, -256, 1043, 61;
-63, 275, 16, 174, -555, -317, -246, 1072, 64;
-64, 277, 12, 211, -562, -320, -252, 1084, 49;
-55, 290, 19, 311, -501, -288, -217, 1134, 74;
-58, 291, 12, 330, -515, -294, -229, 1136, 50;
-57, 295, 10, 374, -500, -285, -224, 1152, 42;
-57, 298, 7, 407, -490, -278, -222, 1163, 30;
-45, 311, 14, 502, -412, -237, -179, 1213, 57;
-50, 307, 5, 494, -432, -245, -197, 1199, 22;
-37, 320, 13, 589, -343, -198, -147, 1250, 53;
-34, 323, 12, 622, -311, -179, -133, 1263, 47;
-37, 320, 4, 610, -318, -180, -144, 1249, 16;
-30, 325, 5, 652, -265, -151, -118, 1269, 20;
-28, 324, 1, 657, -243, -137, -112, 1267, 4;
-16, 334, 7, 724, -154, -89, -64, 1305, 30;
-19, 328, -1, 691, -159, -89, -75, 1281, -3;
-12, 331, 0, 715, -102, -57, -47, 1294, 0;
-4, 335, 1, 741, -39, -22, -16, 1308, 7;
4, 339, 4, 768, 31, 15, 19, 1325, 19;
5, 334, -1, 735, 44, 25, 19, 1304, -4;
13, 336, 0, 746, 108, 60, 51, 1313, 3;
13, 331, -4, 707, 124, 71, 53, 1291, -18;
23, 334, 0, 725, 200, 113, 93, 1305, -1;
29, 333, 0, 711, 249, 140, 115, 1300, -1;
32, 329, -3, 675, 278, 157, 127, 1283, -12;
35, 324, -5, 636, 306, 174, 137, 1265, -23;
34, 315, -12, 571, 311, 179, 133, 1231, -47;
37, 311, -13, 533, 344, 199, 148, 1215, -52;
47, 313, -8, 528, 413, 235, 184, 1220, -34;
50, 307, -10, 482, 439, 250, 195, 1200, -40;
53, 303, -10, 439, 470, 268, 210, 1183, -42;
51, 292, -17, 356, 460, 265, 199, 1142, -67;
61, 295, -10, 354, 530, 301, 239, 1150, -41;
56, 282, -18, 259, 507, 291, 221, 1102, -70;
59, 278, -17, 213, 531, 304, 233, 1085, -68;
58, 270, -20, 142, 528, 304, 229, 1053, -81;
64, 268, -16, 116, 567, 324, 252, 1048, -65;
64, 261, -18, 52, 567, 324, 250, 1020, -72;
60, 251, -23, -29, 544, 313, 236, 981, -90;
69, 254, -15, -32, 597, 339, 269, 991, -59;
64, 244, -19, -112, 569, 325, 253, 953, -75;
65, 240, -18, -160, 569, 324, 255, 936, -72;
62, 232, -20, -223, 550, 314, 245, 908, -79;
57, 223, -24, -300, 511, 293, 224, 871, -96;
60, 222, -20, -322, 523, 298, 234, 868, -79;
56, 216, -22, -381, 492, 281, 219, 842, -86;
50, 207, -26, -451, 446, 256, 195, 809, -101;
52, 208, -20, -460, 454, 258, 205, 812, -81;
46, 201, -23, -516, 410, 234, 183, 786, -91;
43, 197, -23, -556, 377, 215, 168, 770, -92;
42, 197, -20, -569, 364, 206, 166, 769, -80;
30, 186, -28, -650, 278, 160, 119, 726, -111;
29, 186, -25, -658, 259, 148, 115, 727, -99;
24, 183, -25, -682, 218, 124, 96, 716, -100;
21, 183, -24, -693, 185, 105, 83, 714, -95;
19, 184, -21, -689, 161, 90, 76, 719, -83;
8, 177, -27, -738, 80, 46, 33, 691, -107;
6, 179, -24, -724, 55, 31, 26, 701, -95;
1, 179, -24, -725, 12, 6, 7, 701, -94;
-9, 174, -30, -761, -71, -38, -36, 678, -118;
-6, 182, -22, -706, -67, -40, -26, 711, -87;
-14, 180, -25, -713, -130, -74, -57, 705, -98;
-18, 183, -23, -689, -165, -95, -71, 716, -93;
-22, 186, -23, -666, -204, -117, -87, 727, -90;
-24, 191, -20, -626, -229, -133, -96, 746, -80;
-36, 187, -27, -641, -312, -177, -140, 731, -105;
-37, 193, -24, -592, -332, -190, -146, 755, -94;
-38, 200, -20, -536, -347, -200, -150, 782, -80;
-47, 199, -25, -528, -412, -235, -184, 779, -98;
-53, 201, -27, -505, -462, -262, -210, 785, -108;
-48, 214, -19, -408, -439, -252, -190, 835, -75;
-59, 211, -26, -408, -511, -290, -231, 826, -102;
-62, 216, -26, -363, -539, -306, -244, 843, -104;
-62, 223, -24, -297, -545, -310, -245, 873, -94;
-62, 232, -21, -228, -546, -312, -242, 904, -83;
-66, 235, -23, -190, -576, -327, -259, 917, -91;
-66, 242, -21, -127, -578, -329, -259, 944, -84;
-67, 248, -21, -71, -585, -333, -262, 967, -83;
-62, 259, -15, 20, -553, -317, -242, 1012, -59;
-68, 259, -20, 38, -591, -336, -266, 1011, -81;
-65, 267, -18, 108, -573, -327, -256, 1043, -70;
-65, 272, -17, 160, -569, -324, -254, 1064, -70;
-57, 285, -10, 256, -517, -297, -224, 1111, -42;
-60, 286, -14, 281, -530, -303, -235, 1116, -56;
-58, 291, -13, 333, -512, -292, -227, 1138, -53;
-55, 297, -12, 385, -489, -279, -217, 1159, -49;
-55, 299, -14, 416, -480, -273, -216, 1169, -56;
-53, 303, -14, 456, -458, -260, -207, 1184, -56;
-45, 312, -9, 526, -400, -229, -176, 1219, -35;
-46, 311, -13, 533, -399, -226, -182, 1215, -52;
-34, 323, -4, 619, -314, -181, -135, 1261, -17;
-30, 327, -3, 652, -275, -159, -118, 1275, -12;
-29, 326, -5, 659, -257, -147, -114, 1274, -22;
-23, 330, -3, 689, -211, -121, -92, 1287, -15;
-19, 332, -2, 708, -170, -97, -74, 1295, -11;
-19, 327, -7, 687, -163, -91, -77, 1279, -30;
-14, 329, -5, 704, -114, -63, -54, 1286, -23;
-3, 336, 0, 747, -33, -19, -12, 1312, 3;
-1, 332, -1, 726, -11, -5, -7, 1298, -7;
5, 334, 1, 735, 45, 25, 20, 1304, 4;
5, 328, -3, 695, 57, 34, 19, 1281, -12;
16, 333, 4, 723, 140, 79, 63, 1301, 16;
17, 328, 1, 685, 160, 93, 68, 1280, 5;
20, 324, 1, 656, 194, 112, 81, 1266, 4;
32, 329, 8, 675, 278, 157, 126, 1283, 35;
38, 327, 11, 655, 326, 184, 149, 1277, 44;
39, 320, 8, 601, 341, 194, 152, 1250, 34;
44, 318, 11, 574, 386, 219, 173, 1240, 43;
41, 307, 5, 492, 376, 217, 162, 1198, 20;
48, 306, 9, 471, 428, 245, 188, 1193, 37;
54, 304, 13, 446, 477, 271, 214, 1188, 54;
52, 293, 9, 363, 466, 268, 203, 1145, 35;
61, 294, 16, 352, 529, 301, 238, 1150, 64;
56, 282, 11, 260, 508, 291, 221, 1103, 43;
62, 280, 15, 229, 546, 312, 243, 1095, 60;
62, 273, 14, 164, 550, 314, 242, 1066, 58;
60, 264, 13, 91, 542, 311, 236, 1032, 51;
61, 258, 13, 33, 547, 314, 238, 1008, 54;
62, 253, 15, -19, 554, 318, 242, 988, 60;
67, 252, 21, -40, 589, 335, 264, 986, 85;
66, 246, 22, -101, 580, 330, 260, 960, 85;
66, 241, 23, -153, 576, 328, 259, 940, 91;
61, 231, 20, -230, 543, 310, 240, 903, 80;
63, 229, 25, -261, 551, 313, 248, 896, 97;
55, 218, 19, -352, 493, 283, 216, 850, 76;
58, 218, 25, -366, 508, 289, 229, 852, 100;
54, 212, 25, -420, 476, 271, 214, 828, 98;
52, 208, 26, -460, 454, 258, 205, 812, 104;
43, 198, 21, -540, 387, 222, 168, 772, 82;
46, 200, 28, -536, 396, 224, 180, 782, 110;
35, 190, 22, -613, 320, 184, 139, 741, 86;
31, 186, 22, -648, 280, 161, 121, 727, 86;
30, 187, 25, -654, 263, 150, 117, 729, 100;
29, 187, 29, -656, 244, 138, 113, 733, 115;
23, 185, 29, -680, 197, 111, 91, 721, 113;
12, 177, 23, -732, 118, 68, 49, 692, 91;
14, 183, 30, -702, 115, 64, 56, 714, 117;
9, 182, 30, -708, 71, 38, 36, 711, 118;
3, 181, 29, -714, 23, 11, 14, 708, 116;
-9, 174, 21, -761, -70, -38, -36, 678, 85;
-7, 181, 29, -710, -71, -42, -28, 709, 113;
-14, 180, 26, -712, -128, -74, -56, 705, 104;
-25, 176, 20, -733, -209, -117, -98, 689, 80;
-30, 178, 20, -714, -252, -141, -117, 697, 79;
-25, 190, 29, -632, -235, -136, -100, 742, 114;
-35, 187, 23, -639, -310, -176, -139, 732, 91;
-36, 195, 26, -583, -324, -186, -141, 760, 105;
-41, 197, 25, -553, -365, -209, -160, 771, 100;
-47, 199, 22, -530, -414, -236, -185, 778, 88;
-48, 207, 25, -468, -425, -244, -187, 807, 99;
-56, 206, 19, -456, -487, -276, -220, 805, 76;
-53, 217, 25, -370, -474, -272, -208, 849, 98;
-57, 221, 23, -328, -505, -289, -223, 864, 90;
-58, 227, 23, -273, -521, -298, -229, 888, 90;
-58, 236, 25, -203, -520, -299, -226, 921, 97;
-60, 241, 23, -153, -539, -309, -236, 939, 91;
-63, 245, 21, -106, -557, -319, -246, 957, 83;
-69, 245, 14, -87, -601, -341, -272, 957, 56;
-70, 251, 13, -30, -603, -342, -273, 981, 53;
-66, 261, 16, 51, -578, -330, -258, 1019, 65;
-62, 270, 18, 125, -556, -318, -245, 1054, 72;
-67, 270, 12, 148, -581, -330, -262, 1056, 48;
-59, 282, 17, 241, -532, -305, -233, 1102, 68;
-65, 281, 9, 251, -561, -318, -254, 1097, 37;
-53, 296, 18, 362, -483, -278, -209, 1155, 70;
-58, 294, 9, 365, -509, -289, -229, 1147, 37;
-54, 301, 10, 424, -473, -269, -212, 1173, 40;
-49, 307, 11, 483, -432, -247, -191, 1201, 45;
-47, 310, 8, 512, -414, -236, -185, 1210, 33;
-43, 314, 7, 554, -379, -216, -169, 1228, 31;
-36, 321, 9, 608, -325, -186, -142, 1254, 38;
-36, 321, 4, 614, -313, -178, -141, 1251, 18;
-27, 328, 8, 672, -244, -141, -105, 1282, 33;
-20, 333, 9, 710, -190, -110, -79, 1300, 37;
-20, 330, 3, 696, -182, -103, -81, 1287, 12;
-18, 329, 0, 697, -153, -86, -71, 1284, 0;
-5, 338, 6, 755, -63, -38, -23, 1318, 24;
-4, 335, 1, 739, -40, -23, -17, 1307, 6;
1, 335, 1, 745, 7, 3, 4, 1310, 4;
9, 338, 2, 759, 69, 37, 35, 1319, 11;
5, 329, -6, 699, 61, 36, 22, 1284, -25;
10, 327, -7, 687, 104, 61, 40, 1278, -30;
23, 334, 0, 724, 199, 112, 92, 1304, -1;
24, 328, -5, 678, 216, 123, 95, 1280, -21;
24, 321, -11, 625, 229, 133, 96, 1252, -43;
30, 319, -11, 603, 274, 158, 117, 1245, -43;
35, 316, -11, 577, 317, 183, 137, 1235, -43;
37, 311, -13, 530, 342, 197, 146, 1213, -54;
44, 309, -12, 508, 392, 225, 171, 1207, -47;
45, 302, -15, 449, 407, 234, 175, 1180, -60;
54, 304, -10, 444, 474, 270, 212, 1186, -39;
53, 294, -15, 369, 473, 271, 207, 1149, -59;
55, 289, -15, 320, 496, 284, 218, 1129, -62;
65, 291, -9, 313, 561, 318, 254, 1136, -37;
59, 277, -18, 211, 528, 303, 231, 1084, -70;
65, 276, -14, 185, 571, 325, 256, 1079, -54;
63, 267, -17, 110, 561, 321, 248, 1044, -69;
69, 267, -13, 86, 600, 341, 272, 1042, -51;
67, 258, -16, 11, 585, 333, 261, 1007, -64;
62, 247, -22, -77, 552, 317, 241, 963, -87;
59, 239, -24, -144, 537, 309, 233, 933, -95;
62, 236, -21, -181, 548, 314, 242, 922, -85;
63, 233, -20, -222, 551, 314, 245, 909, -78;
62, 228, -20, -271, 540, 308, 241, 889, -78;
58, 221, -21, -332, 513, 293, 228, 862, -85;
60, 220, -17, -354, 520, 294, 236, 859, -69;
56, 213, -19, -410, 487, 276, 220, 834, -76;
51, 207, -21, -464, 450, 256, 202, 810, -83;
50, 204, -20, -497, 430, 244, 195, 799, -78;
43, 197, -23, -556, 377, 215, 168, 770, -92;
35, 190, -27, -612, 321, 184, 139, 742, -106;
28, 184, -30, -661, 267, 155, 112, 719, -118;
26, 183, -28, -676, 240, 139, 103, 715, -111;
29, 188, -21, -655, 245, 138, 113, 733, -83;
19, 181, -26, -705, 173, 99, 76, 706, -102;
19, 184, -21, -687, 163, 91, 77, 720, -82;
8, 177, -27, -738, 79, 46, 33, 691, -107;
3, 176, -27, -746, 33, 20, 12, 688, -108;
2, 180, -23, -723, 14, 7, 8, 703, -92;
-5, 178, -26, -735, -44, -25, -19, 695, -101;
-7, 181, -23, -713, -74, -43, -30, 707, -91;
-15, 179, -26, -719, -135, -77, -60, 701, -102;
-21, 180, -27, -711, -187, -106, -85, 702, -107;
-28, 180, -28, -700, -238, -134, -109, 705, -111;
-31, 184, -27, -668, -271, -154, -122, 720, -105;
-37, 186, -28, -647, -317, -180, -144, 727, -109;
-41, 189, -28, -617, -358, -203, -162, 739, -110;
-38, 200, -20, -537, -349, -201, -150, 782, -81;
-42, 204, -20, -496, -380, -219, -164, 799, -78;
-44, 210, -18, -448, -406, -234, -174, 820, -73;
-55, 207, -25, -448, -479, -272, -215, 810, -100;
-54, 216, -21, -378, -482, -276, -213, 844, -84;
-57, 221, -21, -332, -508, -290, -225, 862, -85;
-63, 223, -25, -303, -551, -313, -248, 869, -97;
-60, 234, -19, -215, -532, -305, -234, 913, -74;
-63, 237, -20, -174, -560, -319, -249, 927, -81;
-63, 245, -18, -105, -557, -319, -245, 958, -71;
-61, 254, -15, -33, -547, -314, -238, 991, -59;
-67, 254, -20, -12, -586, -334, -262, 991, -80;
-63, 264, -16, 68, -561, -321, -247, 1030, -62;
-67, 265, -19, 97, -584, -332, -262, 1036, -77;
-61, 276, -14, 182, -547, -313, -241, 1077, -56;
-61, 281, -14, 233, -540, -309, -239, 1097, -56;
-60, 286, -14, 279, -532, -304, -236, 1115, -58;
-53, 296, -9, 362, -484, -278, -210, 1155, -36;
-52, 300, -9, 407, -467, -268, -203, 1173, -36;
-52, 302, -11, 433, -464, -265, -206, 1179, -46;
-47, 309, -9, 490, -425, -243, -186, 1205, -35;
-44, 313, -7, 534, -393, -225, -172, 1224, -31;
-45, 312, -12, 539, -393, -223, -178, 1219, -48;
-43, 314, -13, 565, -368, -208, -169, 1228, -50;
-30, 326, -3, 650, -277, -160, -119, 1274, -14;
-26, 329, -3, 674, -243, -140, -104, 1283, -12;
-26, 327, -6, 671, -229, -130, -103, 1276, -25;
-20, 330, -4, 698, -179, -102, -80, 1289, -17;
-16, 331, -4, 708, -142, -81, -65, 1291, -17;
-13, 330, -4, 710, -108, -60, -51, 1290, -19;
-5, 334, -1, 734, -45, -26, -20, 1304, -4;
-4, 330, -4, 712, -25, -12, -15, 1290, -15;
1, 330, -2, 710, 20, 13, 4, 1289, -11;
10, 333, 1, 728, 89, 50, 39, 1301, 7;
13, 331, 1, 707, 124, 71, 53, 1291, 5;
23, 334, 7, 721, 197, 111, 91, 1303, 28;
20, 324, 0, 654, 192, 112, 80, 1266, 3;
28, 324, 4, 648, 252, 144, 110, 1267, 18;
37, 326, 10, 650, 320, 181, 146, 1273, 40;
33, 314, 3, 565, 305, 176, 130, 1227, 11;
38, 311, 4, 534, 346, 199, 148, 1216, 18;
44, 310, 8, 511, 395, 226, 173, 1209, 32;
50, 308, 11, 484, 441, 251, 196, 1201, 45;
49, 298, 8, 411, 441, 254, 192, 1165, 32;
53, 295, 10, 372, 476, 273, 209, 1151, 41;
53, 287, 9, 306, 482, 277, 209, 1121, 35;
57, 283, 12, 266, 514, 295, 225, 1107, 47;
63, 282, 16, 238, 555, 316, 248, 1100, 66;
59, 270, 12, 148, 534, 307, 233, 1056, 48;
65, 269, 17, 119, 570, 325, 254, 1050, 68;
60, 257, 13, 28, 542, 312, 235, 1005, 50;
61, 252, 14, -22, 551, 316, 241, 986, 58;
66, 251, 20, -48, 581, 331, 259, 981, 80;
67, 247, 22, -96, 585, 333, 263, 963, 89;
66, 241, 23, -150, 579, 329, 261, 941, 93;
59, 229, 18, -245, 528, 303, 231, 894, 71;
64, 230, 25, -258, 554, 314, 250, 897, 99;
57, 220, 21, -339, 506, 289, 224, 858, 84;
50, 210, 17, -416, 458, 264, 197, 820, 69;
48, 205, 18, -462, 435, 251, 188, 802, 73;
47, 202, 21, -494, 420, 241, 184, 791, 82;
49, 204, 27, -501, 425, 241, 192, 796, 106;
45, 199, 27, -541, 391, 222, 177, 779, 107;
42, 197, 29, -569, 364, 206, 166, 769, 114;
32, 188, 24, -636, 292, 167, 128, 734, 93;
33, 190, 29, -630, 286, 162, 132, 743, 115;
21, 180, 22, -701, 199, 115, 85, 705, 87;
24, 185, 29, -675, 203, 114, 94, 725, 116;
19, 184, 30, -687, 163, 91, 77, 721, 119;
11, 180, 27, -722, 96, 54, 43, 702, 105;
4, 177, 25, -739, 41, 23, 17, 692, 99;
4, 182, 30, -709, 28, 14, 17, 711, 119;
-9, 174, 22, -760, -69, -38, -35, 679, 86;
-5, 183, 30, -700, -62, -37, -22, 715, 118;
-12, 182, 28, -701, -117, -68, -49, 712, 111;
-18, 183, 27, -689, -165, -95, -71, 716, 108;
-29, 179, 21, -708, -246, -139, -114, 700, 83;
-29, 186, 25, -658, -262, -149, -116, 726, 98;
-35, 188, 23, -637, -308, -175, -138, 734, 92;
-35, 195, 27, -581, -322, -185, -140, 762, 106;
-38, 200, 28, -538, -349, -201, -151, 781, 109;
-41, 205, 28, -493, -377, -217, -162, 801, 111;
-45, 210, 28, -450, -407, -235, -176, 819, 110;
-51, 211, 24, -426, -457, -261, -201, 824, 95;
-50, 220, 27, -353, -457, -263, -197, 859, 108;
-61, 217, 18, -357, -534, -303, -241, 846, 72;
-60, 226, 21, -284, -532, -304, -236, 881, 83;
-65, 228, 17, -250, -567, -322, -256, 891, 68;
-68, 232, 15, -204, -590, -335, -268, 908, 59;
-65, 243, 18, -122, -573, -327, -256, 947, 73;
-67, 247, 16, -75, -589, -335, -264, 965, 63;
-62, 259, 21, 19, -554, -318, -242, 1012, 84;
-61, 266, 21, 80, -549, -315, -240, 1037, 83;
-64, 268, 16, 115, -566, -323, -251, 1047, 66;
-58, 279, 20, 201, -528, -304, -229, 1089, 81;
-64, 278, 13, 214, -559, -318, -250, 1086, 51;
-59, 287, 15, 288, -524, -299, -231, 1120, 60;
-63, 287, 8, 304, -542, -307, -246, 1119, 34;
-55, 297, 12, 384, -490, -280, -217, 1159, 49;
-49, 305, 14, 451, -445, -256, -194, 1191, 57;
-44, 312, 16, 511, -403, -232, -173, 1218, 63;
-49, 308, 6, 502, -424, -241, -192, 1204, 27;
-47, 311, 4, 530, -402, -228, -184, 1213, 16;
-38, 319, 7, 594, -339, -194, -151, 1245, 29;
-29, 327, 11, 658, -270, -156, -115, 1278, 45;
-29, 326, 6, 657, -260, -148, -115, 1272, 23;
-22, 331, 7, 698, -202, -116, -86, 1293, 30;
-23, 327, 0, 681, -197, -111, -91, 1278, 3;
-11, 336, 6, 739, -111, -65, -45, 1311, 26;
-12, 331, 0, 713, -104, -58, -49, 1292, -1;
-10, 329, -3, 704, -75, -41, -39, 1285, -15;
0, 334, 0, 736, -1, 0, 0, 1305, 0;
9, 339, 3, 764, 74, 40, 38, 1323, 14;
7, 331, -4, 711, 72, 42, 29, 1291, -18;
20, 337, 2, 749, 165, 92, 79, 1317, 7;
24, 335, 0, 729, 205, 115, 96, 1308, 1;
24, 327, -5, 676, 214, 122, 94, 1279, -23;
33, 330, -2, 682, 285, 161, 131, 1288, -8;
31, 320, -9, 613, 284, 163, 123, 1251, -37;
40, 321, -5, 610, 350, 199, 158, 1255, -23;
45, 318, -6, 578, 390, 221, 176, 1243, -24;
44, 310, -11, 513, 397, 227, 174, 1211, -44;
51, 308, -9, 489, 446, 254, 200, 1204, -36;
50, 300, -13, 421, 452, 259, 198, 1172, -53;
52, 294, -15, 368, 472, 271, 206, 1149, -60;
62, 295, -9, 358, 534, 303, 241, 1153, -38;
56, 282, -18, 258, 506, 290, 220, 1102, -71;
60, 278, -17, 216, 534, 306, 235, 1087, -66;
59, 270, -20, 146, 532, 306, 231, 1055, -78;
67, 271, -14, 132, 583, 332, 262, 1058, -55;
66, 264, -15, 69, 583, 332, 261, 1031, -61;
70, 261, -13, 30, 604, 343, 273, 1019, -52;
61, 246, -22, -80, 549, 315, 240, 962, -88;
65, 244, -19, -110, 571, 326, 254, 955, -74;
65, 240, -18, -158, 571, 325, 256, 936, -71;
60, 230, -22, -237, 535, 306, 236, 899, -88;
64, 230, -17, -256, 555, 315, 251, 898, -68;
55, 217, -25, -354, 491, 282, 215, 849, -98;
52, 212, -26, -406, 467, 268, 203, 826, -102;
47, 205, -28, -464, 433, 249, 186, 801, -110;
50, 206, -22, -474, 441, 251, 196, 804, -89;
50, 205, -19, -492, 434, 246, 198, 801, -75;
44, 199, -21, -545, 388, 220, 175, 777, -85;
41, 196, -21, -577, 356, 202, 161, 764, -84;
32, 188, -26, -636, 292, 167, 128, 734, -102;
30, 187, -24, -653, 263, 150, 117, 729, -97;
29, 188, -20, -650, 250, 140, 116, 736, -80;
21, 183, -24, -690, 188, 106, 85, 716, -93;
11, 176, -29, -740, 111, 65, 45, 688, -115;
5, 174, -30, -758, 59, 36, 20, 679, -120;
4, 178, -26, -736, 43, 25, 19, 694, -102;
0, 177, -26, -739, -2, -1, -1, 692, -103;
-6, 177, -27, -741, -50, -28, -23, 691, -105;
-6, 182, -22, -704, -66, -39, -25, 712, -86;
-20, 174, -31, -750, -166, -92, -79, 682, -121;
-16, 185, -21, -676, -152, -88, -63, 724, -85;
-28, 180, -28, -700, -238, -135, -109, 705, -111;
-24, 191, -20, -627, -230, -134, -97, 745, -80;
-34, 189, -25, -629, -299, -171, -133, 739, -98;
-43, 188, -29, -627, -367, -207, -168, 733, -115;
-46, 193, -28, -584, -396, -224, -180, 752, -110;
-45, 201, -23, -516, -400, -229, -176, 787, -90;
-53, 201, -27, -500, -458, -260, -207, 787, -106;
-55, 207, -26, -453, -483, -275, -218, 808, -103;
-54, 217, -21, -374, -478, -274, -210, 846, -82;
-53, 225, -17, -305, -481, -277, -208, 879, -68;
-62, 224, -23, -292, -540, -308, -241, 876, -91;
-57, 237, -16, -196, -514, -296, -223, 924, -63;
-64, 237, -21, -178, -564, -321, -251, 924, -83;
-66, 242, -21, -128, -579, -330, -259, 944, -85;
-68, 246, -22, -79, -593, -337, -267, 962, -88;
-61, 259, -15, 21, -552, -317, -241, 1013, -58;
-69, 257, -22, 27, -602, -342, -272, 1005, -88;
-67, 265, -19, 96, -585, -333, -263, 1036, -77;
-68, 270, -20, 142, -587, -333, -265, 1053, -81;
-62, 279, -16, 222, -550, -314, -245, 1091, -63;
-58, 287, -13, 291, -521, -298, -229, 1122, -50;
-55, 294, -10, 353, -493, -283, -215, 1150, -41;
-56, 296, -13, 379, -495, -282, -221, 1155, -53;
-54, 300, -13, 423, -473, -270, -212, 1173, -52;
-52, 304, -13, 463, -451, -256, -203, 1189, -52;
-50, 307, -14, 494, -433, -245, -197, 1199, -56;
-46, 311, -13, 534, -399, -226, -181, 1216, -51;
-40, 317, -10, 581, -352, -200, -159, 1237, -41;
-33, 324, -6, 635, -293, -168, -129, 1264, -23;
-25, 330, -2, 680, -236, -137, -101, 1287, -9;
-21, 332, -1, 704, -196, -113, -83, 1297, -5;
-16, 334, 0, 724, -154, -89, -64, 1305, -1;
-14, 333, -2, 719, -131, -75, -58, 1298, -10;
-15, 328, -7, 697, -121, -66, -59, 1282, -27;
-2, 337, 1, 752, -27, -17, -9, 1315, 6;
-3, 331, -3, 716, -21, -10, -13, 1292, -13;
9, 338, 5, 763, 72, 39, 37, 1322, 21;
9, 333, 1, 727, 88, 50, 38, 1301, 7;
15, 332, 2, 716, 132, 76, 58, 1296, 11;
22, 333, 6, 716, 192, 108, 88, 1300, 25;
28, 332, 9, 706, 244, 137, 112, 1297, 35;
33, 330, 10, 683, 286, 161, 131, 1288, 40;
29, 318, 2, 601, 271, 157, 115, 1243, 10;
35, 317, 5, 580, 320, 184, 139, 1237, 21;
40, 314, 7, 549, 360, 207, 158, 1225, 28;
41, 307, 5, 491, 376, 217, 161, 1197, 20;
52, 310, 14, 499, 456, 259, 206, 1210, 55;
55, 305, 14, 449, 479, 273, 215, 1189, 56;
54, 296, 11, 377, 480, 275, 212, 1154, 44;
54, 287, 9, 309, 485, 279, 211, 1122, 37;
65, 291, 19, 312, 560, 318, 254, 1135, 75;
56, 275, 10, 195, 513, 295, 222, 1074, 39;
67, 278, 20, 198, 584, 331, 264, 1087, 79;
61, 265, 13, 94, 546, 313, 238, 1035, 53;
63, 260, 15, 45, 559, 320, 246, 1016, 61;
65, 256, 18, 2, 576, 329, 256, 1001, 73;
69, 254, 23, -33, 596, 339, 269, 991, 90;
63, 242, 18, -123, 559, 320, 246, 947, 72;
60, 235, 17, -188, 541, 310, 237, 918, 70;
64, 234, 23, -212, 561, 319, 251, 915, 92;
60, 226, 22, -279, 532, 304, 236, 884, 86;
62, 224, 26, -308, 537, 305, 243, 877, 103;
55, 214, 22, -388, 485, 277, 215, 838, 86;
51, 209, 22, -439, 457, 262, 202, 816, 86;
45, 201, 19, -505, 410, 236, 177, 785, 76;
50, 205, 28, -494, 433, 245, 197, 800, 111;
40, 195, 22, -571, 362, 207, 159, 761, 89;
40, 195, 27, -582, 352, 200, 158, 761, 106;
29, 185, 20, -655, 273, 158, 116, 722, 81;
34, 191, 30, -625, 292, 164, 135, 747, 118;
28, 187, 29, -657, 243, 137, 112, 732, 114;
22, 184, 28, -686, 192, 108, 88, 718, 110;
15, 180, 26, -714, 137, 78, 61, 704, 103;
7, 175, 22, -747, 70, 41, 27, 685, 89;
4, 177, 25, -737, 43, 24, 18, 693, 100;
-2, 175, 23, -753, -16, -8, -10, 684, 91;
0, 183, 31, -703, -13, -9, 0, 714, 121;
-11, 177, 24, -737, -98, -55, -45, 692, 96;
-18, 176, 22, -740, -156, -87, -73, 688, 86;
-17, 184, 28, -683, -158, -92, -67, 720, 112;
-23, 184, 26, -675, -213, -122, -93, 721, 103;
-26, 190, 28, -635, -238, -137, -102, 741, 112;
-38, 185, 20, -655, -326, -184, -149, 722, 81;
-41, 189, 21, -618, -358, -203, -163, 739, 83;
-44, 194, 22, -576, -388, -220, -175, 757, 85;
-46, 200, 23, -526, -410, -234, -182, 781, 91;
-54, 201, 19, -507, -464, -263, -211, 783, 75;
-57, 205, 18, -463, -494, -280, -224, 801, 72;
-51, 219, 26, -361, -464, -267, -202, 855, 104;
-54, 224, 25, -314, -490, -281, -214, 874, 99;
-56, 230, 25, -258, -505, -290, -220, 897, 99;
-64, 230, 19, -240, -558, -318, -250, 897, 74;
-60, 241, 23, -151, -537, -308, -235, 941, 92;
-66, 242, 18, -126, -578, -329, -258, 945, 70;
-68, 246, 15, -81, -596, -338, -269, 961, 59;
-69, 252, 14, -23, -596, -339, -269, 985, 57;
-67, 260, 15, 44, -585, -333, -262, 1015, 60;
-63, 270, 18, 125, -557, -319, -245, 1053, 72;
-60, 278, 19, 194, -536, -307, -234, 1084, 76;
-63, 279, 14, 220, -553, -315, -247, 1089, 55;
-60, 286, 14, 283, -529, -302, -234, 1117, 57;
-54, 296, 17, 360, -485, -279, -211, 1154, 69;
-60, 292, 7, 354, -519, -294, -236, 1140, 30;
-49, 306, 15, 457, -440, -253, -191, 1194, 61;
-54, 302, 5, 447, -468, -265, -213, 1178, 22;
-46, 312, 10, 522, -404, -231, -179, 1216, 39;
-40, 318, 11, 576, -357, -205, -156, 1241, 44;
-38, 320, 8, 598, -335, -192, -148, 1248, 32;
-33, 323, 7, 631, -297, -170, -131, 1262, 29;
-31, 324, 4, 647, -270, -153, -121, 1266, 17;
-20, 333, 9, 709, -191, -111, -80, 1299, 37;
-20, 331, 4, 702, -176, -100, -78, 1291, 16;
-19, 328, -1, 688, -162, -90, -77, 1279, -5;
-12, 331, 0, 711, -106, -59, -50, 1291, -2;
-3, 335, 2, 742, -37, -22, -15, 1309, 8;
2, 337, 2, 755, 17, 8, 10, 1316, 10;
3, 333, -2, 726, 36, 21, 14, 1299, -9;
8, 332, -3, 717, 78, 45, 32, 1294, -15;
17, 334, -1, 729, 145, 82, 66, 1304, -4;
21, 332, -2, 710, 186, 105, 84, 1296, -10;
24, 328, -5, 676, 214, 123, 94, 1279, -22;
30, 326, -5, 659, 262, 149, 117, 1273, -22;
30, 319, -10, 605, 275, 159, 118, 1245, -42;
38, 320, -7, 598, 338, 193, 150, 1248, -30;
37, 311, -13, 532, 343, 198, 147, 1214, -53;
50, 316, -5, 551, 435, 246, 198, 1234, -20;
54, 312, -6, 509, 466, 264, 212, 1217, -23;
57, 306, -7, 459, 490, 278, 222, 1195, -30;
52, 293, -16, 363, 467, 268, 203, 1146, -63;
58, 292, -13, 338, 514, 293, 229, 1140, -51;
63, 289, -11, 301, 549, 312, 247, 1128, -44;
61, 280, -15, 224, 541, 309, 240, 1092, -62;
59, 270, -20, 148, 533, 306, 232, 1056, -78;
59, 263, -21, 84, 535, 308, 232, 1028, -85;
60, 257, -22, 26, 540, 311, 234, 1004, -88;
64, 255, -19, -6, 567, 324, 251, 996, -75;
63, 248, -20, -68, 561, 321, 247, 969, -81;
61, 241, -22, -134, 548, 314, 240, 940, -89;
59, 233, -24, -198, 531, 305, 231, 912, -96;
58, 228, -24, -251, 521, 299, 227, 890, -97;
62, 228, -19, -270, 541, 308, 242, 890, -77;
61, 223, -19, -316, 529, 301, 238, 872, -75;
51, 211, -26, -411, 463, 266, 201, 824, -104;
49, 206, -26, -455, 442, 254, 192, 806, -104;
51, 207, -21, -465, 449, 255, 202, 809, -84;
45, 200, -24, -523, 403, 230, 178, 782, -95;
41, 196, -25, -564, 369, 211, 163, 765, -97;
43, 198, -19, -564, 369, 208, 169, 772, -76;
31, 187, -27, -644, 284, 163, 123, 729, -107;
30, 187, -24, -649, 268, 152, 120, 732, -94;
29, 188, -21, -655, 245, 138, 113, 733, -83;
22, 183, -23, -688, 190, 107, 87, 717, -92;
19, 184, -21, -690, 161, 90, 76, 719, -84;
12, 181, -23, -713, 104, 58, 49, 707, -92;
1, 174, -29, -758, 22, 14, 5, 681, -115;
4, 182, -22, -711, 25, 12, 16, 710, -85;
-7, 175, -28, -750, -59, -33, -29, 685, -111;
-10, 178, -26, -730, -91, -52, -40, 696, -102;
-12, 182, -23, -700, -117, -68, -49, 712, -91;
-15, 186, -21, -674, -149, -87, -61, 726, -83;
-29, 179, -30, -709, -247, -139, -114, 700, -117;
-26, 189, -22, -636, -240, -138, -103, 740, -86;
-32, 191, -23, -619, -290, -166, -127, 744, -92;
-34, 196, -20, -571, -312, -180, -134, 768, -81;
-45, 193, -27, -578, -390, -221, -176, 756, -106;
-47, 199, -25, -531, -415, -236, -186, 777, -100;
-51, 203, -25, -492, -449, -256, -202, 793, -100;
-50, 212, -21, -420, -451, -258, -197, 828, -82;
-54, 216, -21, -378, -482, -276, -213, 844, -84;
-62, 216, -26, -360, -536, -304, -242, 845, -102;
-60, 226, -21, -280, -528, -301, -234, 884, -83;
-59, 235, -18, -209, -527, -302, -230, 916, -70;
-58, 243, -15, -141, -526, -303, -228, 947, -60;
-60, 247, -16, -93, -544, -312, -237, 966, -63;
-60, 254, -14, -28, -543, -312, -236, 993, -56;
-60, 261, -13, 32, -541, -311, -234, 1020, -51;
-67, 259, -20, 41, -588, -335, -264, 1013, -79;
-66, 266, -18, 102, -579, -330, -259, 1039, -74;
-67, 270, -20, 148, -581, -330, -262, 1056, -78;
-61, 281, -14, 231, -541, -309, -239, 1096, -57;
-63, 283, -17, 264, -548, -311, -246, 1105, -67;
-60, 290, -15, 323, -522, -297, -234, 1131, -60;
-53, 300, -10, 402, -472, -271, -206, 1170, -39;
-48, 307, -7, 463, -434, -250, -187, 1198, -27;
-51, 305, -12, 466, -448, -255, -201, 1190, -50;
-45, 312, -9, 523, -403, -230, -178, 1217, -37;
-41, 316, -8, 564, -368, -211, -163, 1234, -32;
-34, 323, -4, 620, -313, -180, -134, 1262, -16;
-36, 320, -9, 611, -317, -179, -143, 1249, -38;
-24, 331, -1, 687, -229, -133, -96, 1291, -4;
-27, 325, -7, 663, -237, -134, -108, 1271, -31;
-18, 333, -1, 715, -163, -94, -70, 1299, -7;
-18, 329, -6, 698, -152, -85, -70, 1285, -23;
-6, 337, 1, 751, -67, -40, -25, 1316, 5;
-5, 334, -1, 734, -45, -26, -20, 1304, -4;
1, 335, 1, 744, 6, 3, 3, 1309, 3;
3, 332, 0, 723, 33, 19, 12, 1297, -3;
14, 337, 6, 753, 114, 63, 55, 1317, 23;
17, 334, 4, 728, 145, 82, 66, 1304, 18;
20, 331, 4, 702, 178, 101, 79, 1291, 16;
25, 329, 5, 684, 222, 127, 99, 1284, 21;
24, 321, 0, 624, 228, 132, 95, 1252, 3;
37, 327, 10, 653, 323, 183, 148, 1275, 42;
35, 316, 4, 577, 317, 182, 137, 1235, 19;
40, 313, 6, 547, 358, 206, 156, 1224, 26;
47, 313, 11, 529, 413, 235, 184, 1220, 43;
53, 311, 15, 505, 462, 262, 209, 1214, 58;
54, 303, 13, 442, 472, 269, 211, 1185, 51;
52, 294, 9, 365, 469, 269, 204, 1147, 37;
56, 290, 11, 324, 500, 286, 220, 1132, 46;
63, 289, 17, 300, 548, 311, 246, 1128, 67;
65, 283, 18, 247, 564, 321, 254, 1106, 71;
67, 279, 20, 199, 585, 332, 264, 1088, 80;
60, 264, 12, 87, 539, 310, 234, 1030, 49;
60, 258, 13, 30, 544, 313, 237, 1007, 52;
62, 253, 15, -17, 556, 319, 243, 988, 61;
69, 254, 23, -32, 597, 339, 269, 991, 90;
66, 246, 22, -101, 581, 331, 260, 961, 86;
60, 235, 17, -189, 540, 310, 237, 918, 69;
62, 232, 21, -224, 549, 313, 244, 907, 84;
57, 223, 18, -302, 510, 293, 223, 870, 72;
58, 220, 22, -334, 511, 292, 227, 861, 87;
51, 211, 18, -409, 465, 267, 202, 825, 74;
52, 210, 23, -434, 463, 264, 205, 819, 90;
54, 210, 28, -448, 466, 264, 212, 820, 111;
44, 199, 22, -532, 394, 226, 173, 776, 87;
38, 192, 20, -587, 345, 199, 148, 750, 78;
35, 190, 21, -615, 318, 183, 138, 741, 85;
37, 193, 28, -604, 323, 183, 148, 754, 113;
34, 191, 30, -625, 292, 164, 135, 747, 118;
25, 184, 25, -680, 220, 125, 98, 718, 100;
15, 176, 20, -731, 146, 86, 59, 690, 81;
13, 178, 24, -727, 123, 71, 53, 696, 94;
5, 174, 21, -759, 58, 35, 20, 678, 82;
9, 182, 30, -708, 72, 39, 37, 712, 118;
-4, 173, 21, -767, -30, -15, -18, 675, 83;
0, 182, 30, -706, -16, -11, -2, 713, 119;
-10, 178, 25, -729, -90, -51, -40, 697, 101;
-17, 178, 23, -729, -146, -82, -67, 694, 93;
-20, 181, 25, -701, -177, -101, -78, 708, 100;
-22, 186, 27, -668, -206, -119, -89, 725, 107;
-29, 186, 25, -659, -262, -149, -116, 726, 97;
-33, 189, 25, -627, -297, -170, -131, 740, 99;
-43, 187, 19, -629, -370, -209, -170, 732, 76;
-42, 196, 24, -562, -374, -213, -166, 766, 94;
-47, 199, 23, -528, -412, -235, -184, 779, 90;
-52, 202, 21, -495, -452, -257, -204, 791, 82;
-54, 208, 21, -446, -477, -271, -214, 812, 82;
-53, 217, 25, -370, -474, -272, -208, 849, 98;
-61, 217, 19, -354, -530, -301, -239, 848, 74;
-62, 223, 19, -297, -545, -310, -244, 873, 75;
-59, 234, 23, -214, -532, -305, -233, 913, 90;
-67, 233, 16, -199, -584, -332, -264, 911, 63;
-66, 241, 17, -129, -580, -330, -260, 943, 68;
-64, 250, 19, -56, -570, -326, -252, 977, 75;
-62, 259, 21, 16, -557, -319, -244, 1010, 82;
-69, 258, 13, 31, -598, -339, -270, 1007, 52;
-61, 271, 19, 131, -550, -315, -241, 1057, 76;
-66, 271, 13, 154, -575, -327, -258, 1060, 52;
-65, 276, 11, 204, -568, -323, -256, 1080, 45;
-62, 284, 12, 269, -542, -309, -243, 1109, 48;
-62, 287, 9, 307, -538, -305, -244, 1121, 36;
-59, 293, 9, 363, -511, -290, -230, 1146, 36;
-54, 300, 10, 424, -473, -270, -212, 1173, 40;
-53, 303, 6, 452, -462, -262, -210, 1182, 26;
-42, 315, 13, 542, -384, -221, -167, 1229, 52;
-40, 317, 10, 569, -363, -208, -159, 1238, 40;
-38, 319, 7, 593, -340, -194, -151, 1245, 29;
-33, 323, 7, 630, -297, -170, -131, 1261, 28;
-25, 330, 10, 685, -231, -134, -97, 1290, 41;
-27, 326, 2, 664, -236, -134, -108, 1271, 9;
-18, 332, 5, 711, -167, -96, -72, 1297, 22;
-10, 337, 7, 745, -105, -62, -42, 1314, 29;
-8, 335, 3, 737, -81, -46, -34, 1307, 13;
-3, 336, 3, 748, -31, -19, -11, 1313, 12;
-3, 331, -3, 715, -22, -11, -13, 1292, -13;
2, 332, -3, 719, 29, 17, 10, 1294, -13;
13, 337, 1, 751, 112, 62, 54, 1316, 6;
19, 336, 0, 741, 158, 88, 74, 1312, 3;
21, 332, -2, 712, 188, 106, 85, 1297, -8;
20, 324, -9, 652, 190, 110, 79, 1264, -38;
27, 323, -8, 642, 245, 141, 106, 1263, -33;
39, 328, -2, 660, 331, 187, 152, 1280, -7;
41, 322, -5, 613, 354, 201, 160, 1258, -20;
41, 314, -10, 552, 364, 208, 160, 1227, -40;
45, 311, -10, 517, 401, 229, 177, 1213, -41;
52, 309, -8, 493, 451, 256, 202, 1207, -33;
53, 303, -11, 438, 468, 267, 209, 1182, -43;
53, 295, -14, 374, 478, 274, 210, 1152, -56;
59, 293, -11, 345, 522, 297, 233, 1145, -46;
60, 286, -14, 284, 532, 303, 236, 1118, -55;
59, 277, -18, 208, 526, 302, 230, 1082, -72;
62, 273, -17, 164, 550, 314, 243, 1066, -67;
66, 270, -15, 127, 578, 329, 259, 1055, -58;
65, 262, -17, 57, 571, 326, 253, 1023, -69;
69, 260, -13, 28, 602, 342, 272, 1017, -54;
68, 253, -15, -36, 593, 337, 267, 989, -61;
62, 242, -21, -126, 555, 318, 244, 945, -84;
58, 233, -25, -202, 527, 303, 228, 909, -99;
63, 233, -19, -220, 552, 315, 246, 909, -77;
55, 222, -26, -309, 502, 289, 218, 865, -101;
63, 225, -17, -304, 542, 307, 246, 880, -67;
56, 216, -22, -381, 493, 281, 219, 842, -86;
55, 213, -20, -414, 482, 274, 217, 831, -79;
49, 205, -23, -479, 435, 248, 193, 800, -92;
46, 201, -24, -521, 406, 232, 180, 783, -93;
39, 193, -27, -580, 353, 203, 153, 755, -107;
39, 193, -23, -591, 342, 195, 153, 756, -93;
31, 187, -27, -643, 285, 164, 124, 730, -107;
33, 190, -21, -634, 282, 160, 129, 741, -85;
21, 180, -29, -703, 197, 114, 83, 703, -113;
16, 178, -29, -723, 155, 90, 65, 695, -114;
11, 176, -29, -740, 110, 64, 44, 688, -115;
14, 183, -21, -699, 118, 65, 57, 715, -83;
10, 183, -21, -703, 76, 41, 39, 714, -82;
3, 181, -22, -716, 21, 10, 13, 707, -88;
-7, 175, -28, -750, -60, -33, -29, 685, -111;
-13, 176, -28, -746, -107, -60, -50, 686, -112;
-13, 182, -24, -705, -121, -70, -51, 710, -93;
-21, 180, -27, -709, -185, -105, -83, 704, -105;
-28, 180, -29, -706, -244, -137, -112, 702, -115;
-28, 187, -24, -651, -254, -145, -112, 731, -95;
-33, 190, -24, -624, -295, -169, -130, 741, -95;
-40, 190, -27, -610, -350, -199, -158, 744, -105;
-38, 200, -20, -537, -348, -201, -150, 782, -80;
-49, 198, -27, -539, -424, -240, -191, 772, -105;
-45, 209, -19, -452, -409, -236, -177, 817, -76;
-51, 212, -21, -422, -453, -259, -199, 826, -84;
-51, 219, -18, -361, -464, -267, -202, 855, -73;
-59, 219, -23, -340, -516, -294, -230, 857, -90;
-56, 230, -17, -256, -504, -290, -219, 898, -68;
-57, 237, -16, -196, -514, -296, -222, 924, -63;
-64, 236, -21, -180, -566, -323, -253, 923, -85;
-59, 249, -14, -83, -534, -307, -231, 972, -57;
-62, 252, -16, -40, -555, -318, -243, 986, -64;
-65, 256, -18, 1, -572, -326, -253, 1001, -70;
-66, 261, -18, 51, -578, -329, -257, 1020, -73;
-60, 272, -13, 138, -543, -312, -237, 1062, -51;
-61, 277, -13, 186, -543, -311, -238, 1080, -54;
-65, 277, -18, 205, -568, -323, -256, 1080, -74;
-61, 284, -15, 273, -539, -307, -241, 1111, -62;
-60, 290, -15, 323, -522, -297, -234, 1131, -60;
-57, 295, -14, 372, -502, -286, -225, 1151, -58;
-48, 306, -7, 460, -437, -251, -189, 1196, -29;
-48, 308, -9, 488, -427, -244, -188, 1204, -37;
-48, 309, -12, 508, -418, -238, -188, 1208, -46;
-40, 318, -6, 575, -357, -205, -156, 1241, -26;
-34, 324, -3, 623, -310, -179, -133, 1263, -15;
-30, 326, -3, 652, -276, -159, -118, 1275, -13;
-29, 326, -5, 660, -256, -147, -113, 1274, -21;
-26, 327, -6, 672, -228, -130, -103, 1276, -25;
-22, 329, -5, 689, -189, -107, -86, 1283, -23;
-12, 335, 0, 735, -115, -67, -48, 1308, 0;
-13, 330, -5, 706, -111, -62, -53, 1288, -21;
-4, 335, 0, 741, -39, -22, -16, 1308, 0;
1, 336, 1, 749, 11, 5, 7, 1312, 7;
1, 331, -2, 714, 24, 15, 7, 1292, -8;
9, 332, 0, 721, 83, 47, 35, 1297, 3;
11, 329, 0, 694, 111, 65, 45, 1283, -2;
25, 336, 9, 733, 209, 117, 98, 1310, 35;
20, 324, 0, 653, 191, 111, 80, 1265, 2;
26, 323, 3, 638, 241, 139, 103, 1260, 11;
31, 320, 3, 609, 280, 161, 121, 1248, 15;
36, 317, 5, 583, 323, 186, 141, 1239, 23;
40, 314, 7, 550, 362, 207, 159, 1226, 28;
44, 310, 8, 512, 396, 227, 174, 1210, 33;
51, 309, 12, 490, 447, 254, 200, 1205, 49;
56, 306, 15, 455, 486, 276, 220, 1193, 60;
54, 295, 11, 376, 480, 274, 211, 1154, 44;
60, 293, 15, 346, 522, 297, 234, 1145, 60;
63, 289, 17, 299, 547, 311, 246, 1127, 67;
58, 277, 11, 205, 523, 300, 228, 1080, 45;
64, 275, 17, 178, 564, 321, 251, 1075, 66;
61, 265, 13, 95, 546, 313, 239, 1035, 53;
65, 263, 18, 62, 576, 329, 256, 1026, 71;
67, 258, 20, 11, 585, 333, 262, 1007, 79;
63, 248, 17, -68, 561, 321, 247, 969, 68;
64, 244, 20, -113, 568, 324, 253, 953, 78;
66, 240, 23, -155, 575, 327, 258, 939, 90;
59, 229, 18, -243, 530, 304, 232, 895, 72;
63, 229, 25, -261, 550, 313, 248, 895, 97;
53, 216, 17, -364, 481, 277, 208, 842, 68;
55, 215, 22, -385, 489, 279, 217, 840, 89;
55, 212, 25, -419, 478, 272, 214, 828, 99;
47, 203, 21, -493, 422, 242, 185, 792, 83;
49, 204, 27, -502, 424, 241, 192, 795, 106;
38, 192, 20, -584, 348, 200, 150, 752, 80;
42, 197, 29, -569, 364, 206, 166, 769, 114;
34, 190, 25, -625, 303, 173, 135, 741, 100;
28, 185, 24, -663, 254, 145, 112, 723, 95;
21, 180, 22, -703, 197, 114, 83, 703, 86;
15, 176, 20, -734, 144, 85, 58, 688, 80;
15, 180, 26, -713, 137, 78, 61, 704, 103;
14, 182, 30, -703, 114, 63, 55, 713, 117;
2, 175, 23, -754, 26, 16, 8, 683, 90;
-4, 173, 21, -764, -26, -13, -16, 677, 85;
0, 183, 31, -703, -13, -9, 0, 714, 121;
-8, 180, 27, -718, -79, -46, -33, 704, 107;
-18, 176, 22, -737, -154, -86, -72, 689, 88;
-22, 179, 23, -716, -192, -108, -87, 699, 91;
-28, 180, 21, -704, -242, -137, -111, 703, 85;
-29, 186, 25, -656, -259, -148, -115, 728, 99;
-33, 190, 26, -622, -293, -167, -128, 743, 102;
-33, 197, 29, -565, -306, -177, -130, 771, 116;
-47, 192, 19, -589, -401, -227, -183, 749, 77;
-42, 204, 27, -500, -384, -221, -167, 796, 107;
-47, 207, 26, -464, -422, -242, -184, 810, 101;
-54, 208, 21, -446, -476, -271, -214, 812, 82;
-54, 216, 23, -379, -483, -276, -213, 843, 92;
-62, 216, 17, -364, -540, -307, -245, 842, 68;
-59, 226, 22, -279, -527, -301, -233, 884, 86;
-62, 232, 21, -228, -546, -312, -242, 905, 82;
-65, 235, 18, -187, -573, -326, -257, 919, 70;
-64, 243, 19, -117, -568, -324, -252, 951, 76;
-67, 247, 16, -72, -587, -334, -263, 966, 65;
-63, 258, 20, 13, -560, -321, -246, 1008, 80;
-66, 261, 16, 50, -579, -330, -258, 1019, 64;
-62, 270, 18, 126, -556, -318, -245, 1054, 72;
-60, 278, 19, 194, -535, -307, -234, 1085, 76;
-59, 282, 17, 241, -532, -305, -233, 1102, 68;
-61, 284, 13, 272, -539, -307, -241, 1111, 50;
-54, 295, 17, 358, -487, -280, -212, 1153, 68;
-52, 300, 15, 404, -469, -269, -205, 1171, 61;
-53, 301, 11, 429, -467, -267, -208, 1177, 44;
-54, 302, 6, 451, -464, -263, -211, 1181, 25;
-49, 308, 6, 499, -427, -242, -193, 1202, 25;
-39, 318, 11, 576, -356, -205, -155, 1242, 45;
-42, 315, 3, 569, -364, -206, -167, 1230, 14;
-33, 323, 7, 632, -296, -169, -130, 1263, 30;
-25, 330, 10, 684, -233, -135, -98, 1289, 40;
-20, 333, 10, 712, -188, -110, -78, 1301, 39;
-21, 329, 2, 691, -187, -106, -85, 1284, 9;
-15, 332, 3, 718, -133, -76, -59, 1297, 12;
-7, 336, 4, 743, -74, -43, -30, 1311, 17;
-6, 332, 0, 724, -56, -31, -26, 1297, -2;
4, 339, 4, 764, 27, 13, 16, 1322, 16;
2, 332, -3, 721, 31, 18, 11, 1296, -12;
15, 338, 2, 759, 120, 66, 59, 1321, 11;
12, 329, -5, 699, 116, 67, 48, 1286, -22;
20, 331, -3, 704, 179, 102, 80, 1292, -14;
27, 331, -2, 697, 235, 133, 107, 1292, -10;
26, 323, -9, 638, 241, 139, 104, 1260, -35;
35, 324, -5, 639, 310, 176, 139, 1267, -20;
35, 317, -10, 580, 321, 184, 139, 1237, -41;
41, 315, -9, 555, 367, 210, 162, 1229, -38;
47, 313, -8, 529, 413, 235, 185, 1221, -33;
51, 309, -8, 492, 449, 255, 201, 1206, -34;
56, 305, -8, 454, 484, 275, 218, 1192, -33;
58, 300, -9, 403, 507, 288, 228, 1171, -38;
54, 288, -17, 313, 489, 281, 213, 1125, -66;
59, 285, -15, 278, 526, 301, 233, 1114, -58;
58, 277, -18, 206, 524, 301, 229, 1081, -73;
66, 277, -12, 192, 578, 329, 260, 1084, -50;
67, 271, -13, 134, 585, 333, 263, 1059, -54;
67, 264, -15, 71, 585, 333, 262, 1032, -61;
70, 261, -13, 30, 604, 343, 274, 1019, -52;
65, 250, -18, -53, 575, 328, 256, 978, -72;
68, 248, -15, -90, 591, 336, 267, 967, -61;
59, 234, -24, -197, 532, 306, 232, 912, -95;
57, 227, -25, -256, 516, 297, 224, 887, -100;
59, 225, -22, -287, 524, 300, 231, 879, -88;
62, 225, -17, -307, 538, 305, 244, 878, -69;
54, 214, -23, -390, 483, 276, 213, 836, -92;
50, 207, -25, -449, 448, 257, 196, 810, -100;
52, 208, -20, -461, 454, 258, 204, 812, -81;
42, 197, -27, -544, 382, 220, 165, 769, -108;
37, 191, -29, -592, 340, 196, 145, 747, -115;
33, 188, -29, -625, 308, 178, 131, 734, -114;
34, 189, -24, -626, 301, 172, 134, 740, -96;
29, 186, -25, -660, 257, 147, 113, 725, -101;
20, 179, -29, -708, 193, 112, 81, 700, -116;
21, 183, -24, -693, 185, 105, 83, 714, -95;
15, 180, -25, -715, 135, 77, 60, 703, -100;
5, 173, -31, -760, 57, 35, 19, 677, -121;
1, 174, -29, -756, 23, 14, 6, 681, -115;
4, 182, -21, -708, 29, 14, 18, 712, -83;
-7, 175, -28, -752, -62, -34, -30, 684, -112;
-12, 176, -28, -742, -103, -58, -48, 689, -110;
-10, 184, -21, -690, -107, -63, -42, 719, -84;
-16, 185, -21, -677, -152, -89, -63, 724, -85;
-20, 188, -21, -655, -193, -112, -81, 733, -83;
-34, 181, -30, -689, -292, -164, -135, 707, -118;
-35, 188, -26, -638, -309, -176, -139, 733, -104;
-39, 192, -25, -601, -341, -194, -152, 749, -99;
-40, 199, -22, -546, -358, -205, -156, 776, -86;
-46, 200, -24, -525, -409, -233, -182, 781, -96;
-49, 206, -23, -475, -433, -247, -191, 803, -90;
-53, 209, -24, -440, -470, -268, -210, 816, -95;
-59, 211, -26, -409, -513, -291, -232, 825, -104;
-56, 222, -20, -324, -500, -286, -220, 867, -80;
-64, 222, -25, -307, -555, -315, -251, 867, -100;
-63, 231, -22, -235, -553, -315, -246, 900, -87;
-62, 238, -19, -167, -553, -316, -245, 931, -77;
-64, 244, -19, -114, -566, -323, -251, 952, -77;
-63, 251, -17, -49, -564, -322, -249, 980, -69;
-65, 256, -18, 1, -572, -327, -254, 1000, -71;
-63, 263, -16, 66, -563, -322, -248, 1029, -63;
-68, 264, -21, 90, -592, -336, -267, 1032, -81;
-61, 276, -14, 185, -544, -312, -239, 1079, -54;
-58, 284, -11, 251, -522, -300, -227, 1108, -45;
-59, 287, -13, 290, -521, -298, -230, 1122, -51;
-53, 296, -9, 363, -482, -277, -209, 1156, -35;
-53, 299, -10, 399, -475, -272, -208, 1168, -41;
-48, 306, -7, 461, -436, -251, -188, 1196, -29;
-44, 312, -5, 510, -405, -233, -174, 1217, -23;
-45, 312, -9, 523, -403, -230, -178, 1217, -37;
-39, 318, -6, 576, -357, -205, -155, 1242, -25;
-36, 322, -5, 611, -322, -185, -140, 1256, -22;
-30, 327, -3, 654, -274, -158, -117, 1276, -11;
-24, 331, -1, 687, -230, -133, -96, 1291, -5;
-21, 332, -1, 704, -196, -114, -83, 1296, -5;
-23, 328, -6, 683, -195, -110, -90, 1279, -27;
-14, 332, -2, 719, -131, -75, -58, 1298, -10;
-8, 335, 0, 740, -77, -45, -32, 1309, 0;
0, 339, 3, 765, -15, -10, -1, 1323, 14;
1, 336, 1, 748, 11, 5, 6, 1312, 6;
6, 336, 2, 746, 55, 31, 26, 1311, 10;
15, 338, 7, 759, 120, 66, 59, 1321, 27;
16, 333, 4, 725, 141, 80, 64, 1302, 16;
15, 326, 0, 674, 150, 87, 62, 1274, 0;
29, 333, 9, 709, 247, 139, 114, 1299, 37;
24, 321, 1, 626, 229, 133, 96, 1253, 4;
29, 318, 1, 596, 267, 155, 113, 1240, 7;
43, 324, 13, 628, 369, 208, 169, 1267, 51;
38, 312, 5, 536, 348, 200, 150, 1217, 20;
42, 307, 5, 496, 380, 219, 164, 1200, 23;
44, 302, 6, 448, 405, 233, 174, 1179, 23;
48, 297, 7, 404, 434, 250, 187, 1161, 27;
54, 296, 11, 377, 480, 275, 212, 1154, 44;
55, 288, 10, 315, 491, 282, 215, 1126, 41;
61, 287, 16, 291, 539, 307, 241, 1122, 62;
58, 277, 11, 206, 523, 300, 228, 1080, 46;
67, 278, 20, 198, 583, 331, 263, 1087, 79;
69, 273, 21, 146, 597, 339, 270, 1067, 85;
64, 262, 17, 56, 570, 325, 252, 1022, 68;
67, 258, 20, 14, 588, 335, 264, 1009, 81;
61, 246, 15, -82, 547, 314, 239, 960, 59;
59, 239, 14, -146, 535, 308, 232, 932, 58;
58, 233, 15, -200, 529, 304, 230, 910, 62;
62, 232, 21, -223, 550, 314, 245, 908, 85;
60, 226, 22, -278, 533, 304, 237, 885, 86;
61, 224, 25, -314, 531, 302, 239, 873, 99;
58, 218, 25, -365, 509, 289, 229, 852, 101;
50, 208, 21, -445, 451, 259, 198, 812, 83;
45, 200, 19, -508, 407, 234, 175, 783, 74;
48, 203, 26, -505, 421, 239, 190, 793, 104;
45, 200, 27, -540, 393, 223, 178, 780, 108;
36, 191, 23, -608, 326, 187, 142, 745, 89;
33, 188, 24, -634, 294, 168, 129, 735, 94;
28, 184, 23, -667, 250, 143, 109, 721, 92;
28, 187, 28, -661, 239, 135, 109, 729, 112;
23, 185, 29, -678, 200, 112, 93, 723, 115;
19, 184, 30, -691, 159, 89, 75, 718, 117;
14, 182, 29, -704, 114, 63, 55, 713, 116;
6, 179, 27, -725, 54, 30, 25, 701, 107;
-1, 176, 24, -749, -12, -6, -7, 686, 94;
-9, 173, 21, -762, -72, -39, -37, 678, 84;
-6, 182, 29, -706, -68, -40, -26, 711, 115;
-17, 177, 23, -732, -149, -84, -68, 693, 91;
-21, 180, 24, -710, -185, -105, -84, 703, 95;
-27, 181, 22, -698, -236, -133, -108, 706, 89;
-31, 185, 23, -666, -269, -153, -121, 721, 93;
-32, 191, 26, -619, -290, -166, -127, 745, 103;
-34, 196, 28, -572, -313, -180, -134, 767, 111;
-46, 192, 20, -586, -398, -225, -181, 751, 79;
-49, 197, 21, -541, -425, -241, -192, 771, 82;
-44, 210, 28, -446, -403, -232, -173, 821, 112;
-49, 213, 26, -414, -445, -255, -194, 832, 102;
-51, 219, 27, -357, -461, -265, -200, 857, 106;
-62, 216, 17, -363, -540, -306, -245, 843, 68;
-57, 229, 24, -264, -512, -294, -224, 893, 95;
-60, 233, 22, -217, -535, -306, -236, 911, 88;
-68, 233, 15, -203, -588, -334, -267, 909, 60;
-64, 244, 19, -115, -566, -323, -251, 952, 77;
-68, 246, 15, -80, -594, -338, -268, 962, 60;
-62, 259, 21, 19, -553, -317, -242, 1012, 84;
-60, 266, 22, 85, -544, -313, -237, 1041, 86;
-63, 270, 18, 124, -557, -319, -246, 1053, 71;
-63, 274, 15, 170, -559, -319, -248, 1070, 62;
-60, 282, 17, 240, -533, -305, -234, 1102, 67;
-59, 287, 15, 288, -523, -299, -231, 1121, 60;
-59, 290, 12, 326, -519, -296, -232, 1133, 47;
-54, 298, 14, 394, -479, -274, -211, 1165, 55;
-56, 299, 8, 412, -485, -275, -219, 1166, 33;
-50, 306, 9, 472, -442, -252, -197, 1194, 38;
-46, 311, 9, 517, -409, -233, -182, 1213, 36;
-41, 316, 9, 564, -368, -211, -163, 1234, 37;
-35, 322, 11, 616, -317, -182, -137, 1259, 43;
-30, 327, 11, 653, -275, -159, -117, 1275, 42;
-32, 323, 3, 638, -278, -158, -127, 1261, 12;
-26, 327, 3, 674, -226, -129, -102, 1277, 15;
-17, 333, 6, 718, -160, -92, -68, 1301, 26;
-12, 335, 6, 736, -114, -66, -47, 1309, 23;
-6, 337, 5, 753, -65, -39, -24, 1317, 23;
-8, 331, -2, 714, -66, -36, -33, 1291, -9;
-1, 333, -1, 729, -8, -4, -5, 1300, -5;
3, 332, -2, 725, 34, 20, 13, 1298, -10;
7, 330, -5, 709, 70, 41, 28, 1290, -19;
12, 330, -5, 702, 119, 69, 50, 1288, -21;
25, 335, 0, 732, 208, 116, 97, 1309, 3;
27, 331, -2, 695, 233, 132, 105, 1290, -11;
33, 329, -2, 679, 282, 159, 129, 1286, -10;
31, 320, -10, 610, 281, 161, 121, 1249, -39;
37, 319, -8, 593, 334, 191, 147, 1245, -33;
42, 315, -9, 558, 370, 211, 164, 1231, -36;
48, 314, -7, 536, 420, 239, 189, 1225, -29;
49, 307, -11, 477, 434, 248, 192, 1197, -43;
56, 306, -7, 458, 488, 277, 221, 1195, -30;
56, 298, -12, 389, 493, 281, 219, 1162, -47;
63, 296, -8, 365, 542, 307, 246, 1158, -34;
59, 285, -15, 279, 526, 301, 233, 1115, -58;
62, 281, -14, 232, 550, 314, 245, 1097, -57;
62, 273, -17, 165, 551, 315, 243, 1067, -67;
62, 266, -19, 102, 553, 317, 243, 1039, -74;
65, 262, -17, 57, 571, 326, 253, 1023, -69;
70, 261, -13, 29, 603, 342, 273, 1018, -53;
64, 250, -19, -58, 570, 326, 253, 975, -75;
62, 241, -22, -129, 553, 317, 243, 943, -85;
66, 241, -17, -151, 578, 329, 260, 941, -66;
67, 237, -16, -196, 577, 327, 262, 925, -62;
60, 226, -21, -283, 528, 302, 234, 882, -85;
55, 218, -24, -351, 494, 283, 216, 850, -97;
51, 211, -26, -410, 463, 266, 201, 824, -104;
51, 209, -24, -440, 457, 261, 201, 815, -95;
54, 209, -19, -450, 464, 263, 211, 818, -75;
48, 202, -22, -510, 417, 237, 187, 790, -86;
39, 193, -27, -579, 353, 203, 153, 755, -107;
36, 191, -26, -609, 324, 186, 142, 744, -104;
36, 192, -22, -611, 317, 180, 144, 750, -87;
33, 190, -21, -630, 286, 162, 132, 743, -82;
27, 186, -22, -663, 237, 134, 108, 728, -89;
20, 182, -25, -698, 180, 102, 80, 710, -98;
18, 183, -22, -697, 153, 86, 71, 714, -88;
8, 176, -28, -741, 76, 44, 31, 689, -109;
2, 175, -28, -751, 28, 17, 9, 685, -111;
-2, 175, -28, -753, -16, -8, -10, 684, -111;
-7, 176, -28, -748, -58, -32, -28, 686, -110;
-15, 174, -30, -759, -120, -66, -58, 678, -120;
-16, 178, -27, -728, -144, -81, -66, 695, -107;
-22, 179, -27, -714, -190, -107, -86, 701, -108;
-26, 182, -26, -689, -227, -129, -102, 712, -104;
-28, 187, -24, -650, -253, -145, -111, 731, -94;
-33, 189, -24, -627, -298, -170, -132, 740, -97;
-35, 196, -21, -576, -317, -182, -137, 765, -84;
-47, 191, -29, -591, -403, -228, -184, 748, -114;
-43, 203, -21, -504, -388, -223, -169, 794, -83;
-51, 204, -25, -487, -444, -253, -199, 796, -97;
-53, 210, -23, -435, -466, -266, -207, 819, -92;
-55, 215, -22, -385, -489, -279, -217, 840, -89;
-61, 217, -25, -354, -530, -301, -239, 849, -98;
-58, 227, -20, -272, -520, -298, -229, 888, -78;
-58, 235, -17, -205, -522, -300, -228, 919, -68;
-58, 242, -15, -143, -528, -304, -229, 946, -61;
-59, 248, -15, -85, -536, -308, -232, 970, -58;
-66, 249, -20, -64, -578, -330, -258, 971, -79;
-64, 256, -18, 2, -571, -326, -253, 1001, -70;
-61, 265, -14, 79, -550, -316, -240, 1037, -55;
-64, 268, -17, 114, -567, -324, -252, 1047, -66;
-59, 278, -12, 198, -531, -305, -231, 1087, -46;
-61, 281, -14, 232, -541, -309, -239, 1097, -57;
-62, 283, -16, 266, -545, -310, -244, 1107, -66;
-61, 289, -16, 317, -528, -300, -237, 1127, -64;
-57, 295, -14, 374, -500, -284, -224, 1153, -56;
-54, 300, -13, 422, -474, -270, -212, 1173, -52;
-53, 303, -15, 453, -462, -262, -209, 1182, -58;
-41, 316, -5, 551, -375, -216, -161, 1234, -20;
-47, 311, -14, 529, -404, -228, -185, 1212, -54;
-36, 322, -5, 610, -323, -185, -141, 1255, -23;
-30, 327, -2, 654, -274, -158, -117, 1276, -11;
-26, 329, -3, 676, -241, -139, -103, 1284, -11;
-25, 328, -5, 676, -224, -127, -100, 1279, -22;
-22, 329, -6, 689, -189, -107, -86, 1283, -23;
-20, 327, -8, 684, -166, -92, -79, 1277, -32;
-5, 338, 2, 757, -60, -36, -21, 1319, 9;
-10, 329, -6, 702, -77, -42, -40, 1284, -24;
4, 338, 4, 762, 25, 12, 15, 1321, 15;
4, 334, 0, 734, 44, 25, 19, 1304, 3;
10, 334, 2, 731, 93, 52, 41, 1304, 10;
12, 329, 0, 700, 116, 67, 48, 1286, 1;
24, 335, 8, 730, 205, 115, 96, 1308, 33;
25, 329, 5, 686, 224, 128, 100, 1285, 23;
33, 329, 9, 678, 281, 159, 128, 1285, 37;
32, 321, 5, 620, 291, 166, 127, 1255, 22;
40, 322, 10, 612, 352, 200, 159, 1256, 41;
46, 319, 12, 585, 396, 225, 180, 1247, 50;
44, 309, 8, 509, 393, 225, 172, 1208, 31;
48, 306, 9, 470, 427, 245, 188, 1193, 37;
50, 300, 9, 419, 450, 258, 197, 1171, 37;
53, 295, 10, 371, 475, 272, 208, 1151, 41;
58, 292, 14, 339, 515, 294, 229, 1141, 56;
61, 287, 15, 289, 537, 306, 239, 1121, 61;
58, 276, 11, 203, 520, 299, 226, 1079, 44;
64, 275, 17, 177, 563, 321, 251, 1074, 66;
68, 272, 21, 141, 592, 336, 267, 1064, 82;
68, 266, 21, 79, 594, 337, 267, 1037, 82;
66, 257, 19, 6, 580, 331, 258, 1004, 76;
66, 251, 20, -50, 579, 330, 258, 980, 79;
67, 246, 22, -99, 582, 331, 261, 962, 87;
61, 235, 18, -186, 543, 311, 239, 919, 71;
60, 230, 19, -239, 533, 305, 235, 898, 75;
62, 228, 23, -270, 542, 309, 243, 890, 92;
58, 220, 22, -335, 510, 291, 226, 860, 86;
57, 217, 24, -372, 502, 286, 225, 848, 97;
55, 213, 26, -415, 482, 274, 217, 831, 102;
54, 210, 28, -447, 467, 265, 213, 820, 112;
45, 200, 23, -527, 399, 228, 176, 780, 90;
46, 200, 28, -534, 398, 226, 181, 783, 111;
43, 197, 29, -566, 367, 207, 168, 771, 115;
29, 185, 20, -656, 272, 157, 116, 722, 81;
27, 184, 23, -671, 246, 141, 107, 718, 90;
23, 182, 23, -692, 208, 119, 90, 710, 93;
23, 185, 29, -679, 199, 112, 92, 723, 114;
16, 181, 27, -707, 143, 81, 65, 708, 107;
9, 178, 25, -730, 88, 50, 38, 697, 100;
7, 180, 28, -718, 62, 34, 30, 705, 112;
-1, 176, 24, -747, -10, -5, -6, 687, 95;
-9, 173, 21, -763, -73, -39, -37, 677, 84;
-7, 181, 29, -709, -70, -41, -28, 709, 113;
-14, 181, 26, -711, -127, -73, -55, 706, 104;
-22, 179, 23, -715, -190, -108, -87, 700, 92;
-26, 182, 23, -692, -230, -130, -104, 710, 93;
-31, 185, 23, -666, -269, -153, -121, 721, 93;
-34, 189, 25, -628, -298, -170, -132, 739, 98;
-35, 196, 28, -576, -316, -182, -136, 765, 109;
-43, 195, 23, -568, -380, -216, -170, 762, 90;
-43, 204, 27, -502, -386, -222, -168, 795, 106;
-50, 204, 23, -483, -440, -251, -196, 798, 89;
-52, 210, 23, -429, -460, -263, -203, 822, 93;
-57, 213, 20, -398, -501, -285, -225, 832, 80;
-53, 225, 26, -305, -482, -277, -209, 879, 104;
-65, 221, 16, -312, -560, -318, -254, 864, 65;
-64, 229, 18, -244, -562, -320, -252, 894, 71;
-60, 241, 23, -150, -536, -308, -234, 941, 93;
-65, 243, 19, -120, -571, -326, -254, 949, 74;
-61, 254, 23, -32, -546, -314, -238, 991, 90;
-62, 259, 21, 18, -555, -318, -243, 1011, 83;
-67, 259, 15, 41, -588, -335, -264, 1013, 58;
-61, 271, 19, 132, -550, -315, -241, 1058, 76;
-58, 279, 21, 203, -526, -303, -228, 1091, 82;
-57, 285, 20, 258, -515, -296, -223, 1113, 78;
-57, 288, 17, 297, -514, -295, -225, 1126, 66;
-61, 288, 9, 311, -534, -303, -241, 1124, 38;
-57, 295, 11, 376, -497, -283, -222, 1154, 44;
-52, 302, 12, 435, -462, -264, -205, 1180, 47;
-45, 312, 15, 508, -406, -234, -175, 1216, 60;
-44, 313, 11, 529, -397, -227, -175, 1221, 44;
-46, 312, 5, 538, -395, -224, -179, 1218, 21;
-42, 315, 3, 570, -363, -205, -166, 1231, 15;
-34, 323, 6, 627, -300, -171, -133, 1260, 27;
-30, 325, 5, 655, -262, -149, -117, 1271, 22;
-21, 331, 8, 700, -200, -115, -85, 1294, 31;
-17, 333, 6, 719, -159, -92, -67, 1301, 26;
-18, 329, 0, 698, -153, -86, -71, 1285, 0;
-11, 332, 0, 720, -97, -55, -44, 1296, 2;
-7, 332, -1, 720, -59, -33, -29, 1295, -5;
-4, 330, -4, 707, -29, -14, -18, 1287, -18;
5, 335, 0, 739, 48, 27, 22, 1307, -1;
11, 335, 0, 739, 100, 56, 46, 1308, -1;
18, 335, 0, 738, 154, 86, 72, 1310, 0;
24, 334, 0, 725, 201, 113, 93, 1305, -1;
22, 326, -7, 664, 202, 117, 87, 1272, -30;
31, 328, -3, 671, 274, 155, 124, 1281, -15;
29, 318, -11, 601, 272, 157, 116, 1243, -44;
35, 316, -11, 576, 317, 182, 137, 1234, -44;
46, 320, -4, 586, 398, 225, 181, 1248, -19;
42, 308, -13, 499, 383, 220, 166, 1202, -52;
47, 305, -12, 466, 423, 242, 185, 1190, -50;
49, 299, -15, 412, 443, 254, 193, 1166, -59;
54, 295, -14, 375, 479, 274, 211, 1153, -55;
54, 288, -17, 311, 487, 280, 212, 1124, -68;
55, 281, -19, 252, 499, 287, 216, 1098, -75;
65, 284, -11, 250, 568, 323, 256, 1108, -45;
61, 272, -18, 158, 543, 311, 239, 1062, -71;
66, 270, -15, 126, 577, 329, 258, 1054, -59;
65, 262, -17, 57, 571, 326, 253, 1023, -69;
64, 255, -19, -5, 568, 325, 251, 996, -75;
63, 248, -20, -67, 562, 321, 247, 969, -80;
66, 246, -18, -103, 578, 329, 258, 959, -70;
65, 240, -18, -158, 571, 325, 256, 937, -71;
65, 235, -18, -209, 564, 321, 253, 916, -71;
62, 228, -19, -267, 544, 310, 244, 892, -75;
61, 223, -19, -315, 530, 301, 238, 872, -75;
51, 211, -26, -410, 464, 267, 201, 824, -104;
47, 205, -28, -465, 432, 249, 186, 800, -110;
52, 208, -20, -460, 455, 258, 205, 813, -80;
49, 204, -20, -498, 429, 243, 194, 798, -79;
46, 201, -20, -534, 399, 226, 182, 784, -78;
39, 194, -23, -587, 346, 197, 155, 758, -91;
33, 188, -25, -632, 296, 169, 130, 736, -100;
27, 183, -28, -673, 243, 140, 105, 717, -109;
28, 187, -22, -661, 239, 135, 109, 729, -87;
15, 176, -30, -733, 145, 85, 59, 689, -120;
13, 178, -28, -730, 120, 69, 51, 694, -109;
8, 176, -28, -742, 76, 44, 31, 689, -110;
2, 175, -28, -753, 26, 16, 8, 683, -113;
-5, 172, -31, -769, -31, -15, -19, 674, -121;
-1, 182, -22, -711, -20, -13, -4, 710, -86;
-10, 178, -26, -732, -93, -53, -42, 695, -104;
-14, 181, -25, -711, -128, -73, -56, 706, -97;
-21, 180, -27, -710, -186, -105, -84, 703, -106;
-24, 184, -24, -676, -214, -122, -94, 720, -96;
-34, 181, -30, -688, -291, -164, -134, 708, -118;
-39, 184, -30, -660, -331, -187, -152, 719, -117;
-35, 196, -21, -575, -316, -182, -136, 765, -83;
-41, 197, -23, -555, -367, -210, -162, 770, -92;
-50, 196, -28, -548, -432, -245, -197, 766, -111;
-47, 208, -21, -462, -419, -240, -183, 811, -82;
-47, 215, -18, -402, -432, -249, -186, 839, -71;
-55, 215, -22, -382, -486, -277, -215, 842, -86;
-58, 220, -22, -337, -513, -293, -228, 859, -88;
-61, 225, -22, -287, -535, -305, -238, 879, -88;
-66, 227, -25, -255, -573, -325, -259, 888, -99;
-61, 240, -18, -158, -544, -312, -239, 937, -71;
-62, 246, -17, -102, -554, -317, -243, 959, -69;
-66, 248, -20, -68, -582, -331, -260, 969, -81;
-70, 251, -23, -30, -604, -343, -273, 981, -91;
-68, 258, -21, 34, -595, -338, -268, 1009, -83;
-62, 271, -14, 130, -551, -316, -242, 1057, -56;
-68, 269, -21, 139, -590, -335, -267, 1051, -83;
-60, 282, -13, 238, -535, -306, -235, 1100, -53;
-62, 283, -16, 266, -545, -310, -245, 1107, -66;
-62, 287, -18, 305, -540, -306, -245, 1120, -71;
-54, 298, -11, 391, -482, -276, -213, 1163, -45;
-53, 301, -12, 428, -469, -268, -209, 1176, -49;
-46, 310, -7, 499, -415, -238, -180, 1211, -29;
-42, 315, -6, 543, -383, -220, -166, 1229, -25;
-39, 319, -6, 579, -353, -203, -153, 1244, -23;
-37, 321, -6, 605, -328, -188, -144, 1252, -26;
-38, 318, -11, 601, -327, -185, -150, 1243, -44;
-33, 322, -10, 630, -287, -162, -132, 1255, -40;
-26, 327, -6, 672, -228, -129, -103, 1277, -25;
-18, 333, -2, 714, -164, -94, -70, 1298, -7;
-17, 330, -5, 701, -149, -84, -69, 1287, -21;
-14, 329, -6, 702, -115, -64, -56, 1285, -24;
-8, 331, -4, 715, -64, -35, -32, 1292, -16;
0, 334, 0, 737, 0, 0, 0, 1305, 0;
6, 336, 2, 747, 56, 31, 27, 1312, 11;
14, 337, 6, 754, 115, 64, 55, 1317, 23;
13, 330, 1, 706, 122, 71, 52, 1290, 5;
22, 333, 6, 717, 193, 109, 88, 1300, 26;
28, 331, 8, 700, 238, 135, 109, 1294, 31;
27, 324, 4, 645, 248, 142, 108, 1265, 16;
38, 327, 11, 654, 325, 184, 149, 1276, 43;
42, 324, 12, 625, 366, 207, 167, 1265, 49;
44, 318, 11, 576, 388, 220, 175, 1242, 44;
44, 309, 7, 508, 392, 225, 172, 1208, 31;
46, 304, 8, 461, 419, 240, 183, 1187, 31;
49, 299, 8, 412, 442, 254, 192, 1166, 32;
55, 296, 12, 380, 484, 277, 214, 1157, 47;
55, 289, 11, 318, 495, 284, 217, 1128, 43;
62, 289, 17, 298, 546, 311, 245, 1127, 66;
63, 282, 16, 237, 554, 316, 248, 1100, 65;
64, 275, 17, 180, 565, 322, 252, 1076, 67;
63, 268, 16, 111, 562, 321, 249, 1045, 63;
60, 257, 12, 27, 541, 311, 235, 1005, 50;
65, 256, 18, 0, 573, 327, 254, 1000, 72;
69, 254, 23, -29, 600, 341, 271, 993, 92;
59, 238, 14, -147, 534, 307, 231, 931, 57;
66, 241, 23, -152, 577, 328, 259, 940, 92;
66, 236, 25, -200, 573, 325, 259, 922, 99;
63, 229, 24, -263, 549, 312, 247, 894, 96;
58, 221, 22, -331, 514, 293, 229, 863, 89;
57, 216, 24, -376, 498, 284, 222, 845, 94;
53, 211, 24, -427, 470, 268, 209, 823, 94;
52, 207, 26, -464, 451, 256, 202, 810, 101;
42, 196, 19, -547, 379, 218, 163, 767, 77;
45, 200, 28, -538, 394, 224, 179, 781, 109;
33, 188, 19, -627, 306, 177, 130, 733, 77;
38, 194, 29, -600, 328, 185, 151, 757, 115;
30, 187, 25, -653, 263, 150, 117, 729, 101;
24, 183, 25, -684, 216, 123, 95, 715, 97;
23, 185, 29, -677, 201, 113, 93, 723, 115;
17, 182, 28, -703, 148, 83, 68, 711, 110;
9, 177, 24, -735, 82, 47, 35, 693, 97;
7, 180, 28, -721, 58, 32, 28, 703, 110;
5, 183, 31, -706, 31, 15, 19, 713, 121;
-10, 173, 20, -767, -77, -41, -40, 674, 81;
-12, 177, 24, -740, -102, -57, -47, 690, 93;
-11, 183, 29, -695, -111, -65, -45, 716, 115;
-21, 181, 24, -706, -182, -103, -81, 705, 97;
-24, 184, 25, -679, -217, -124, -96, 718, 101;
-26, 189, 28, -636, -239, -138, -102, 740, 112;
-36, 187, 22, -644, -315, -178, -142, 729, 88;
-35, 196, 28, -576, -317, -182, -137, 764, 109;
-47, 191, 19, -591, -403, -228, -184, 748, 76;
-49, 197, 20, -543, -427, -242, -193, 770, 80;
-49, 205, 23, -479, -437, -249, -194, 800, 92;
-49, 213, 26, -414, -444, -255, -193, 832, 103;
-52, 219, 26, -362, -465, -267, -202, 854, 103;
-63, 215, 17, -367, -543, -308, -247, 840, 66;
-64, 222, 17, -308, -555, -315, -251, 866, 68;
-61, 232, 21, -223, -541, -309, -239, 908, 85;
-67, 234, 16, -197, -582, -331, -263, 913, 64;
-66, 242, 18, -125, -576, -328, -257, 945, 71;
-61, 253, 22, -35, -549, -315, -240, 989, 88;
-64, 257, 19, 7, -566, -324, -250, 1004, 76;
-69, 257, 12, 27, -601, -341, -272, 1005, 50;
-68, 264, 13, 91, -590, -335, -266, 1033, 51;
-66, 271, 13, 152, -577, -328, -260, 1059, 50;
-67, 275, 10, 195, -578, -328, -262, 1074, 39;
-57, 288, 16, 297, -514, -295, -225, 1126, 66;
-59, 290, 12, 328, -517, -295, -231, 1134, 49;
-53, 299, 14, 396, -478, -273, -210, 1166, 56;
-49, 306, 15, 457, -440, -253, -191, 1194, 61;
-45, 311, 14, 503, -411, -237, -178, 1213, 57;
-44, 313, 11, 531, -396, -227, -174, 1222, 45;
-40, 317, 10, 573, -360, -206, -157, 1240, 42;
-36, 322, 10, 611, -322, -185, -140, 1256, 40;
-35, 322, 6, 623, -305, -174, -136, 1257, 23;
-26, 328, 8, 674, -243, -140, -105, 1283, 34;
-24, 329, 5, 683, -217, -124, -96, 1283, 21;
-17, 333, 6, 719, -159, -92, -67, 1301, 26;
-17, 330, 1, 705, -145, -82, -66, 1290, 4;
-6, 337, 5, 749, -69, -40, -27, 1314, 20;
-7, 332, -1, 722, -58, -32, -28, 1296, -4;
0, 335, 0, 742, 4, 2, 2, 1308, 2;
5, 334, 0, 735, 45, 25, 20, 1305, -3;
10, 333, -2, 727, 88, 50, 39, 1301, -8;
11, 329, -6, 696, 113, 66, 46, 1284, -24;
22, 332, -2, 713, 189, 107, 86, 1298, -8;
23, 327, -6, 670, 208, 119, 90, 1275, -26;
28, 324, -7, 648, 251, 144, 110, 1266, -29;
32, 321, -9, 616, 286, 164, 125, 1252, -35;
36, 317, -10, 582, 322, 185, 140, 1238, -40;
39, 312, -12, 539, 351, 202, 152, 1219, -48;
51, 316, -4, 553, 437, 247, 199, 1235, -19;
45, 303, -14, 453, 411, 236, 178, 1182, -58;
48, 298, -16, 406, 436, 251, 189, 1162, -63;
50, 292, -17, 355, 458, 264, 198, 1140, -68;
57, 291, -14, 332, 508, 290, 225, 1137, -54;
56, 282, -18, 256, 504, 289, 219, 1100, -72;
63, 282, -13, 237, 555, 316, 248, 1100, -54;
65, 276, -14, 184, 570, 324, 255, 1079, -55;
60, 264, -20, 91, 543, 312, 237, 1033, -80;
68, 266, -14, 79, 594, 337, 267, 1037, -55;
65, 256, -18, 0, 573, 327, 254, 999, -72;
61, 247, -22, -77, 551, 316, 241, 963, -87;
59, 239, -24, -146, 535, 308, 232, 932, -96;
68, 243, -15, -141, 588, 334, 267, 947, -60;
57, 227, -25, -255, 518, 298, 225, 888, -99;
61, 227, -20, -274, 537, 306, 240, 887, -79;
61, 223, -19, -315, 530, 301, 239, 873, -74;
57, 217, -21, -374, 499, 284, 223, 846, -82;
50, 208, -25, -446, 451, 258, 197, 812, -99;
44, 200, -28, -508, 406, 234, 175, 782, -110;
41, 196, -28, -550, 377, 217, 162, 766, -111;
44, 198, -22, -549, 383, 218, 172, 774, -88;
42, 196, -20, -572, 361, 204, 165, 767, -81;
31, 187, -27, -644, 284, 163, 123, 729, -107;
28, 185, -26, -663, 254, 145, 111, 723, -103;
22, 181, -27, -695, 205, 118, 88, 708, -108;
19, 181, -26, -703, 175, 100, 77, 707, -101;
13, 178, -27, -729, 122, 70, 52, 695, -108;
10, 179, -25, -724, 93, 53, 42, 700, -99;
8, 181, -23, -717, 63, 34, 31, 706, -90;
3, 181, -22, -717, 20, 10, 12, 707, -89;
-9, 174, -30, -760, -70, -38, -35, 679, -117;
-5, 184, -20, -695, -57, -34, -19, 718, -81;
-17, 178, -27, -729, -146, -82, -67, 694, -108;
-16, 185, -22, -679, -154, -90, -64, 723, -86;
-19, 189, -20, -649, -187, -109, -77, 737, -80;
-32, 183, -28, -677, -280, -159, -128, 714, -111;
-32, 191, -23, -618, -289, -166, -126, 745, -91;
-36, 194, -22, -585, -325, -186, -142, 759, -89;
-45, 193, -27, -579, -390, -222, -176, 756, -107;
-49, 197, -27, -543, -427, -242, -193, 770, -107;
-48, 206, -22, -473, -431, -246, -190, 804, -89;
-54, 208, -25, -444, -474, -270, -212, 813, -97;
-59, 211, -26, -408, -512, -291, -231, 825, -103;
-56, 222, -20, -323, -499, -286, -219, 868, -79;
-59, 227, -20, -277, -525, -300, -232, 886, -81;
-58, 236, -17, -203, -521, -299, -227, 920, -67;
-63, 238, -20, -170, -555, -317, -246, 929, -78;
-62, 246, -17, -101, -553, -317, -243, 960, -69;
-69, 246, -23, -83, -598, -339, -270, 959, -91;
-62, 259, -15, 17, -556, -319, -244, 1010, -61;
-63, 264, -16, 67, -562, -322, -248, 1029, -63;
-62, 270, -15, 125, -556, -318, -245, 1054, -59;
-67, 270, -20, 146, -583, -331, -263, 1055, -78;
-62, 279, -16, 223, -549, -313, -244, 1091, -62;
-55, 291, -9, 313, -498, -287, -216, 1136, -37;
-62, 288, -17, 310, -535, -304, -242, 1123, -68;
-58, 294, -15, 367, -506, -288, -228, 1148, -60;
-56, 298, -15, 410, -487, -276, -220, 1165, -60;
-53, 303, -15, 452, -463, -262, -210, 1181, -59;
-42, 315, -6, 545, -381, -219, -165, 1231, -24;
-41, 316, -8, 565, -367, -210, -162, 1235, -32;
-34, 323, -4, 621, -312, -180, -134, 1262, -16;
-32, 324, -5, 638, -290, -166, -127, 1266, -21;
-27, 327, -4, 667, -249, -143, -109, 1279, -17;
-25, 328, -5, 677, -224, -127, -100, 1279, -22;
-24, 326, -8, 673, -205, -115, -96, 1273, -33;
-11, 336, 0, 741, -110, -64, -44, 1312, 2;
-6, 337, 1, 754, -64, -38, -24, 1317, 7;
-8, 331, -4, 716, -64, -35, -32, 1292, -16;
-4, 330, -4, 711, -25, -12, -16, 1289, -16;
9, 338, 5, 762, 72, 39, 36, 1321, 20;
13, 337, 5, 749, 110, 61, 52, 1315, 21;
12, 330, 0, 703, 119, 69, 50, 1288, 3;
19, 330, 3, 698, 174, 99, 76, 1288, 13;
26, 330, 6, 689, 227, 129, 102, 1287, 25;
33, 330, 10, 683, 286, 161, 131, 1288, 39;
32, 322, 5, 621, 292, 167, 128, 1255, 22;
40, 321, 10, 610, 350, 199, 158, 1255, 39;
41, 315, 8, 555, 367, 210, 162, 1229, 32;
47, 313, 11, 532, 416, 237, 186, 1222, 45;
50, 308, 12, 486, 443, 253, 198, 1203, 47;
50, 300, 9, 418, 449, 257, 197, 1170, 37;
53, 295, 10, 370, 474, 272, 208, 1150, 40;
54, 287, 9, 309, 486, 279, 211, 1123, 37;
65, 291, 19, 311, 559, 317, 253, 1135, 74;
62, 280, 15, 230, 547, 312, 243, 1095, 61;
62, 273, 15, 167, 553, 316, 244, 1068, 60;
60, 265, 13, 92, 543, 312, 237, 1033, 51;
68, 266, 21, 80, 595, 338, 268, 1038, 83;
62, 253, 15, -17, 556, 319, 244, 989, 61;
65, 250, 19, -55, 574, 328, 255, 977, 76;
64, 243, 19, -117, 564, 322, 250, 950, 75;
61, 236, 18, -183, 546, 313, 240, 921, 73;
58, 228, 17, -248, 524, 301, 229, 892, 69;
61, 227, 23, -273, 538, 307, 240, 888, 90;
53, 216, 17, -362, 483, 278, 209, 843, 69;
58, 217, 25, -370, 503, 286, 226, 849, 98;
54, 212, 25, -422, 475, 270, 213, 827, 97;
47, 203, 21, -491, 423, 243, 186, 793, 84;
45, 200, 23, -523, 404, 231, 179, 782, 93;
44, 198, 26, -548, 385, 219, 173, 775, 103;
42, 196, 28, -572, 361, 204, 164, 767, 111;
37, 193, 28, -605, 322, 182, 147, 753, 112;
33, 190, 29, -634, 283, 160, 129, 741, 113;
21, 180, 22, -702, 198, 114, 84, 704, 86;
19, 181, 25, -706, 172, 99, 75, 706, 97;
15, 180, 26, -713, 138, 78, 62, 705, 103;
14, 183, 30, -700, 117, 65, 57, 715, 118;
8, 181, 29, -713, 66, 36, 33, 708, 115;
3, 181, 29, -714, 22, 11, 14, 708, 116;
-3, 179, 27, -727, -37, -21, -15, 700, 106;
-9, 179, 26, -724, -85, -49, -37, 700, 104;
-11, 183, 29, -695, -112, -65, -46, 715, 114;
-15, 186, 30, -673, -149, -87, -61, 726, 117;
-22, 186, 28, -664, -202, -117, -87, 727, 110;
-25, 190, 29, -630, -233, -135, -99, 744, 115;
-38, 185, 21, -654, -324, -183, -148, 723, 82;
-34, 197, 28, -571, -311, -180, -134, 768, 112;
-38, 201, 28, -534, -345, -199, -148, 784, 112;
-47, 199, 22, -532, -416, -237, -186, 777, 87;
-49, 205, 23, -480, -437, -249, -194, 800, 91;
-51, 212, 25, -422, -453, -259, -199, 827, 97;
-50, 220, 27, -353, -457, -263, -197, 860, 108;
-53, 225, 26, -306, -483, -278, -209, 878, 104;
-65, 221, 16, -314, -561, -318, -255, 863, 64;
-60, 233, 22, -218, -536, -307, -236, 911, 88;
-63, 238, 20, -171, -557, -318, -247, 929, 80;
-61, 247, 22, -95, -547, -314, -239, 964, 89;
-65, 250, 19, -57, -571, -326, -253, 976, 75;
-68, 253, 15, -18, -591, -336, -266, 988, 60;
-63, 264, 19, 69, -560, -321, -247, 1030, 76;
-60, 272, 21, 141, -540, -310, -235, 1064, 82;
-66, 271, 13, 154, -575, -327, -258, 1060, 52;
-62, 279, 14, 223, -549, -313, -244, 1091, 57;
-56, 290, 18, 304, -507, -291, -221, 1131, 70;
-62, 287, 9, 308, -537, -305, -243, 1122, 36;
-57, 295, 11, 376, -498, -283, -222, 1154, 44;
-50, 305, 14, 450, -447, -256, -195, 1190, 56;
-48, 308, 12, 486, -429, -245, -189, 1203, 47;
-47, 310, 8, 510, -416, -237, -186, 1209, 32;
-45, 312, 5, 540, -393, -223, -178, 1219, 22;
-41, 316, 4, 574, -359, -203, -163, 1233, 17;
-36, 320, 4, 612, -316, -179, -143, 1250, 17;
-24, 331, 11, 689, -228, -132, -95, 1292, 43;
-24, 329, 5, 685, -215, -123, -95, 1284, 22;
-15, 336, 9, 734, -144, -85, -58, 1310, 36;
-17, 330, 0, 700, -150, -84, -69, 1287, 1;
-13, 330, -1, 707, -110, -61, -52, 1289, -4;
-10, 329, -4, 702, -77, -42, -40, 1284, -16;
-1, 333, -1, 726, -10, -5, -6, 1299, -6;
5, 334, 0, 736, 46, 26, 20, 1305, -3;
14, 338, 2, 754, 115, 64, 56, 1318, 8;
13, 330, -4, 706, 123, 71, 52, 1290, -18;
18, 329, -5, 692, 168, 96, 73, 1285, -21;
27, 331, -2, 698, 236, 133, 108, 1293, -9;
26, 323, -8, 639, 242, 140, 104, 1261, -34;
30, 319, -10, 605, 276, 159, 118, 1246, -42;
36, 317, -10, 584, 324, 186, 142, 1239, -39;
37, 311, -13, 531, 343, 198, 147, 1214, -53;
43, 309, -12, 506, 390, 224, 171, 1207, -48;
51, 309, -8, 493, 450, 256, 202, 1207, -33;
48, 298, -16, 406, 437, 251, 189, 1163, -62;
59, 301, -8, 409, 513, 291, 232, 1174, -34;
61, 295, -10, 354, 530, 301, 238, 1150, -41;
58, 284, -16, 271, 518, 297, 228, 1110, -63;
58, 276, -19, 204, 522, 300, 227, 1080, -74;
64, 275, -15, 175, 561, 320, 249, 1073, -60;
60, 265, -20, 93, 544, 312, 237, 1033, -80;
62, 259, -20, 38, 552, 317, 241, 1011, -81;
69, 260, -14, 25, 599, 340, 270, 1016, -55;
66, 251, -17, -48, 581, 331, 259, 981, -69;
67, 247, -16, -95, 586, 333, 264, 964, -65;
64, 239, -19, -165, 564, 322, 252, 932, -75;
57, 227, -25, -255, 517, 297, 225, 888, -99;
64, 230, -17, -257, 555, 315, 250, 898, -69;
62, 225, -17, -305, 540, 306, 245, 879, -68;
57, 217, -21, -375, 499, 284, 223, 846, -82;
51, 208, -25, -444, 453, 259, 199, 813, -97;
50, 206, -22, -470, 444, 253, 198, 806, -87;
45, 200, -24, -526, 400, 229, 176, 780, -97;
40, 194, -26, -576, 357, 205, 156, 758, -105;
39, 193, -23, -591, 342, 195, 153, 756, -93;
30, 186, -28, -650, 278, 160, 119, 725, -111;
34, 191, -20, -628, 288, 163, 133, 745, -81;
29, 188, -20, -652, 248, 140, 115, 735, -81;
24, 186, -21, -672, 206, 116, 97, 727, -82;
20, 184, -21, -687, 164, 91, 78, 721, -82;
12, 181, -23, -712, 105, 59, 49, 708, -91;
4, 177, -27, -741, 38, 22, 16, 691, -105;
3, 181, -22, -715, 22, 11, 14, 708, -87;
-8, 174, -29, -759, -68, -37, -34, 680, -116;
-10, 179, -25, -727, -88, -50, -39, 698, -100;
-19, 175, -30, -745, -162, -90, -77, 685, -118;
-21, 180, -27, -709, -184, -105, -83, 704, -105;
-28, 180, -29, -702, -240, -136, -110, 704, -113;
-31, 184, -27, -671, -274, -155, -124, 718, -107;
-33, 190, -24, -622, -292, -167, -128, 743, -93;
-41, 189, -28, -617, -357, -203, -162, 739, -109;
-43, 196, -25, -565, -377, -215, -168, 764, -98;
-50, 197, -28, -546, -430, -244, -195, 768, -109;
-47, 207, -21, -466, -423, -242, -185, 809, -84;
-50, 213, -20, -416, -447, -256, -195, 830, -80;
-51, 219, -18, -359, -463, -266, -201, 856, -72;
-59, 219, -23, -343, -519, -296, -232, 855, -92;
-63, 223, -25, -303, -550, -313, -248, 870, -97;
-59, 234, -18, -212, -530, -304, -232, 915, -72;
-60, 241, -17, -150, -536, -307, -234, 942, -66;
-66, 242, -21, -124, -575, -328, -257, 946, -83;
-64, 250, -18, -55, -569, -325, -252, 977, -73;
-69, 252, -22, -26, -599, -340, -271, 983, -88;
-64, 263, -16, 64, -565, -323, -250, 1027, -65;
-62, 270, -15, 125, -556, -318, -245, 1054, -59;
-59, 279, -11, 199, -530, -305, -230, 1088, -45;
-57, 284, -11, 254, -519, -298, -225, 1111, -43;
-56, 290, -10, 306, -505, -290, -220, 1132, -41;
-55, 295, -10, 354, -491, -282, -214, 1151, -40;
-54, 298, -11, 393, -481, -275, -212, 1164, -45;
-53, 301, -12, 426, -471, -268, -210, 1175, -50;
-53, 303, -14, 454, -460, -261, -208, 1183, -57;
-49, 308, -13, 500, -426, -242, -193, 1203, -52;
-46, 312, -12, 538, -395, -224, -179, 1218, -49;
-34, 323, -4, 619, -314, -181, -135, 1261, -17;
-34, 323, -7, 628, -300, -171, -133, 1260, -28;
-27, 328, -3, 672, -245, -141, -106, 1281, -14;
-26, 327, -6, 670, -231, -131, -104, 1275, -26;
-18, 332, -2, 711, -167, -96, -72, 1296, -10;
-11, 336, 0, 738, -112, -65, -46, 1310, 1;
-5, 338, 2, 755, -63, -37, -23, 1318, 8;
0, 338, 3, 761, -18, -12, -3, 1321, 12;
1, 336, 1, 748, 11, 5, 6, 1312, 6;
8, 338, 4, 757, 66, 36, 33, 1318, 17;
9, 332, 1, 723, 84, 48, 36, 1298, 4;
17, 334, 5, 730, 146, 82, 67, 1305, 19;
16, 327, 0, 679, 155, 90, 65, 1277, 2;
21, 325, 1, 658, 196, 114, 83, 1268, 5;
31, 328, 8, 671, 274, 155, 124, 1281, 32;
36, 325, 9, 641, 312, 177, 141, 1268, 35;
42, 323, 12, 621, 361, 205, 165, 1262, 46;
42, 316, 9, 563, 374, 214, 166, 1233, 36;
43, 309, 7, 505, 389, 223, 170, 1206, 29;
50, 308, 11, 485, 442, 252, 197, 1202, 46;
52, 302, 11, 432, 462, 264, 205, 1178, 45;
50, 292, 7, 352, 456, 263, 197, 1139, 29;
53, 287, 9, 306, 482, 277, 209, 1121, 35;
56, 282, 11, 260, 508, 291, 221, 1103, 42;
58, 276, 11, 204, 521, 299, 227, 1079, 45;
62, 273, 14, 163, 549, 314, 242, 1066, 57;
66, 270, 19, 129, 580, 330, 260, 1056, 74;
66, 264, 19, 68, 582, 332, 260, 1030, 75;
69, 260, 22, 25, 599, 340, 270, 1016, 88;
65, 250, 19, -55, 574, 328, 255, 977, 76;
67, 246, 22, -99, 582, 331, 261, 962, 87;
66, 241, 23, -150, 579, 329, 261, 942, 93;
58, 228, 17, -252, 521, 299, 227, 890, 67;
58, 224, 20, -291, 520, 298, 229, 877, 78;
53, 215, 17, -367, 478, 275, 206, 840, 66;
59, 219, 26, -360, 513, 291, 232, 855, 104;
54, 211, 24, -424, 473, 270, 212, 826, 96;
54, 210, 28, -447, 467, 264, 213, 820, 112;
44, 199, 22, -532, 394, 226, 173, 776, 87;
45, 199, 27, -542, 391, 222, 177, 779, 107;
34, 189, 21, -619, 314, 181, 135, 738, 83;
30, 186, 21, -650, 278, 160, 119, 725, 84;
30, 187, 26, -651, 266, 151, 119, 731, 103;
22, 181, 23, -696, 204, 117, 87, 707, 90;
23, 185, 29, -680, 198, 112, 92, 722, 114;
10, 175, 21, -746, 105, 62, 41, 684, 83;
6, 175, 22, -751, 67, 39, 25, 683, 87;
10, 183, 31, -704, 76, 41, 39, 714, 121;
4, 182, 30, -709, 27, 13, 17, 711, 119;
-7, 175, 23, -753, -62, -34, -31, 684, 90;
-10, 178, 25, -733, -94, -53, -42, 694, 98;
-13, 181, 27, -707, -123, -71, -53, 708, 107;
-22, 179, 23, -716, -192, -108, -87, 699, 91;
-21, 187, 29, -660, -198, -114, -84, 730, 113;
-34, 181, 20, -688, -291, -164, -134, 708, 79;
-31, 192, 28, -610, -280, -161, -121, 751, 109;
-41, 189, 21, -618, -359, -203, -163, 738, 83;
-46, 193, 20, -583, -395, -224, -179, 753, 81;
-48, 198, 21, -538, -422, -240, -190, 773, 83;
-44, 210, 28, -446, -403, -233, -173, 821, 112;
-50, 212, 25, -418, -449, -257, -196, 829, 100;
-60, 210, 18, -413, -517, -293, -234, 822, 71;
-62, 216, 17, -362, -538, -305, -244, 844, 69;
-57, 229, 24, -265, -513, -294, -224, 893, 95;
-64, 229, 18, -242, -560, -319, -251, 896, 73;
-58, 242, 25, -143, -529, -304, -229, 946, 97;
-62, 246, 21, -103, -554, -317, -244, 959, 85;
-66, 249, 18, -63, -577, -329, -257, 972, 71;
-70, 251, 13, -29, -603, -342, -273, 981, 53;
-64, 263, 18, 64, -565, -323, -249, 1028, 73;
-69, 263, 12, 84, -597, -339, -270, 1028, 46;
-67, 270, 11, 144, -585, -332, -264, 1054, 46;
-67, 275, 10, 197, -576, -327, -261, 1075, 40;
-61, 284, 13, 272, -539, -307, -241, 1111, 50;
-55, 294, 16, 352, -494, -283, -216, 1149, 63;
-58, 295, 10, 370, -503, -286, -226, 1150, 40;
-49, 306, 15, 457, -440, -253, -191, 1194, 61;
-48, 308, 11, 483, -431, -247, -190, 1201, 45;
-49, 308, 6, 500, -426, -242, -193, 1203, 26;
-39, 319, 12, 581, -352, -202, -153, 1245, 47;
-39, 318, 6, 588, -345, -196, -155, 1242, 26;
-30, 326, 10, 651, -277, -160, -119, 1274, 41;
-26, 329, 9, 677, -240, -138, -103, 1284, 36;
-27, 326, 3, 668, -232, -131, -105, 1274, 12;
-17, 333, 7, 720, -158, -92, -67, 1302, 27;
-12, 335, 6, 737, -114, -66, -47, 1309, 24;
-14, 329, -2, 701, -117, -65, -56, 1284, -9;
-9, 330, -3, 706, -73, -40, -37, 1287, -13;