3, 299, 3, 759, 22, 11, 13, 1166, 13;
-1, 293, -2, 722, -5, -2, -7, 1143, -8;
4, 298, 3, 758, 39, 20, 17, 1166, 14;
3, 297, 2, 747, 37, 20, 12, 1159, 9;
5, 298, 3, 755, 55, 30, 19, 1164, 15;
4, 297, 2, 747, 56, 31, 16, 1159, 11;
0, 292, -1, 716, 36, 21, 0, 1141, -6;
1, 293, 0, 721, 51, 30, 6, 1144, -1;
8, 299, 6, 759, 99, 55, 32, 1169, 23;
4, 294, 1, 728, 78, 45, 16, 1150, 5;
7, 297, 4, 745, 107, 59, 29, 1161, 18;
2, 292, 0, 708, 80, 47, 9, 1139, -2;
10, 299, 7, 753, 136, 75, 40, 1168, 27;
6, 294, 2, 723, 117, 66, 25, 1150, 10;
9, 296, 5, 734, 139, 78, 35, 1158, 20;
4, 291, 0, 697, 114, 66, 16, 1136, 0;
3, 290, 0, 688, 116, 68, 14, 1131, -3;
7, 293, 2, 707, 147, 84, 30, 1145, 11;
6, 291, 1, 693, 145, 84, 25, 1137, 5;
12, 297, 7, 726, 190, 107, 49, 1159, 28;
5, 289, 0, 677, 152, 89, 22, 1130, 0;
8, 291, 2, 686, 174, 100, 32, 1137, 9;
6, 289, 0, 667, 167, 97, 24, 1127, 0;
10, 292, 3, 685, 198, 113, 40, 1140, 15;
10, 291, 4, 680, 205, 117, 41, 1138, 15;
8, 288, 1, 658, 196, 113, 32, 1126, 5;
10, 290, 3, 667, 217, 125, 42, 1134, 14;
8, 287, 0, 643, 207, 120, 32, 1121, 3;
14, 292, 6, 673, 249, 142, 55, 1141, 25;
8, 286, 0, 631, 221, 128, 34, 1117, 3;
12, 289, 4, 646, 250, 143, 49, 1129, 17;
18, 294, 9, 674, 291, 164, 71, 1149, 38;
16, 292, 7, 654, 284, 162, 63, 1139, 30;
13, 288, 4, 627, 271, 155, 52, 1124, 18;
18, 292, 9, 652, 309, 175, 73, 1142, 37;
11, 285, 2, 599, 270, 156, 45, 1112, 9;
20, 293, 11, 647, 331, 187, 80, 1144, 43;
18, 290, 8, 624, 323, 184, 72, 1132, 34;
16, 288, 6, 605, 318, 182, 66, 1123, 27;
21, 292, 11, 625, 352, 199, 84, 1138, 44;
23, 293, 13, 628, 369, 208, 91, 1143, 51;
21, 290, 11, 609, 364, 206, 85, 1134, 44;
16, 284, 5, 563, 331, 191, 62, 1108, 20;
21, 288, 10, 588, 371, 211, 84, 1127, 41;
16, 283, 5, 547, 345, 198, 65, 1105, 21;
16, 282, 5, 538, 349, 201, 65, 1102, 21;
23, 288, 11, 567, 393, 224, 89, 1123, 45;
20, 284, 8, 539, 380, 217, 78, 1109, 32;
19, 283, 7, 525, 380, 218, 76, 1103, 29;
24, 287, 12, 547, 417, 237, 96, 1120, 49;
25, 287, 13, 540, 424, 241, 98, 1120, 50;
20, 281, 8, 501, 400, 229, 80, 1099, 32;
25, 285, 12, 519, 433, 246, 98, 1113, 49;
27, 287, 14, 523, 451, 256, 107, 1119, 58;
23, 282, 10, 488, 431, 246, 92, 1101, 42;
21, 279, 8, 461, 418, 240, 82, 1088, 31;
23, 280, 10, 466, 438, 250, 92, 1095, 41;
23, 279, 10, 455, 441, 252, 91, 1091, 40;
25, 281, 12, 459, 460, 262, 101, 1098, 49;
21, 276, 8, 421, 437, 251, 84, 1078, 32;
23, 277, 9, 421, 451, 259, 91, 1082, 38;
23, 277, 10, 412, 457, 262, 92, 1080, 39;
30, 283, 16, 443, 503, 285, 119, 1103, 65;
23, 274, 9, 385, 460, 264, 90, 1071, 36;
28, 279, 14, 408, 497, 283, 111, 1090, 57;
27, 277, 13, 388, 492, 281, 106, 1082, 51;
23, 272, 8, 350, 469, 269, 89, 1062, 35;
31, 280, 17, 394, 527, 299, 124, 1093, 69;
32, 280, 18, 388, 535, 303, 127, 1094, 72;
32, 279, 18, 376, 538, 305, 127, 1090, 71;
22, 269, 8, 302, 479, 276, 89, 1049, 33;
26, 272, 12, 314, 505, 289, 103, 1061, 47;
32, 276, 17, 337, 542, 308, 125, 1079, 69;
27, 271, 13, 298, 518, 296, 108, 1059, 52;
31, 274, 16, 309, 542, 309, 122, 1070, 66;
33, 276, 19, 312, 560, 318, 131, 1077, 75;
32, 273, 17, 289, 551, 313, 124, 1067, 68;
25, 266, 10, 235, 511, 294, 98, 1038, 42;
34, 274, 19, 278, 568, 322, 133, 1069, 76;
28, 267, 14, 231, 535, 306, 111, 1045, 54;
27, 266, 13, 215, 532, 305, 108, 1039, 52;
30, 268, 15, 218, 550, 314, 118, 1046, 61;
26, 263, 11, 181, 526, 302, 102, 1027, 46;
32, 269, 18, 209, 567, 323, 126, 1049, 70;
29, 265, 15, 180, 552, 315, 116, 1035, 60;
26, 261, 11, 144, 530, 304, 101, 1018, 45;
35, 269, 21, 190, 589, 334, 137, 1051, 82;
26, 259, 11, 121, 533, 306, 102, 1013, 46;
31, 264, 17, 140, 566, 323, 121, 1030, 66;
30, 262, 16, 124, 563, 321, 119, 1025, 64;
35, 267, 21, 143, 595, 338, 138, 1041, 83;
30, 261, 17, 103, 567, 324, 120, 1021, 66;
31, 261, 17, 94, 570, 326, 122, 1020, 68;
29, 258, 15, 69, 559, 320, 114, 1009, 61;
33, 262, 20, 85, 587, 334, 131, 1024, 78;
36, 264, 22, 89, 603, 342, 141, 1031, 88;
36, 263, 22, 76, 603, 342, 141, 1028, 88;
30, 257, 17, 29, 567, 324, 118, 1003, 66;
35, 261, 22, 49, 599, 340, 138, 1021, 87;
28, 254, 15, -5, 556, 319, 111, 991, 60;
26, 251, 14, -27, 545, 313, 104, 982, 54;
35, 260, 22, 15, 600, 341, 138, 1014, 89;
32, 256, 20, -13, 582, 332, 128, 1001, 79;
31, 254, 18, -35, 572, 327, 121, 992, 73;
26, 249, 14, -74, 544, 313, 104, 973, 56;
32, 254, 20, -50, 579, 330, 126, 992, 79;
26, 247, 14, -100, 540, 310, 102, 966, 56;
32, 253, 20, -71, 579, 330, 127, 989, 81;
26, 246, 15, -121, 540, 310, 103, 962, 58;
35, 255, 24, -74, 597, 339, 139, 996, 95;
30, 249, 19, -118, 563, 322, 119, 974, 75;
33, 252, 22, -110, 581, 331, 130, 984, 88;
34, 253, 24, -113, 588, 334, 135, 986, 93;
29, 246, 18, -159, 551, 316, 113, 962, 72;
33, 250, 22, -145, 575, 327, 129, 976, 89;
34, 251, 24, -146, 584, 331, 135, 980, 96;
28, 245, 19, -193, 545, 312, 112, 955, 74;
25, 241, 15, -225, 522, 300, 98, 940, 61;
32, 247, 23, -191, 564, 321, 126, 965, 90;
25, 240, 16, -245, 519, 299, 99, 937, 64;
31, 245, 22, -219, 554, 315, 121, 957, 87;
31, 245, 23, -225, 556, 317, 124, 959, 91;
25, 238, 17, -276, 513, 295, 98, 931, 66;
24, 238, 17, -288, 509, 292, 97, 928, 66;
25, 238, 17, -295, 509, 292, 98, 928, 69;
31, 243, 24, -267, 544, 310, 122, 950, 93;
24, 236, 17, -322, 497, 286, 94, 921, 66;
26, 237, 19, -318, 508, 291, 102, 927, 76;
27, 239, 21, -317, 515, 294, 108, 932, 83;
25, 236, 19, -344, 495, 284, 97, 920, 74;
31, 242, 25, -312, 534, 303, 123, 944, 101;
31, 241, 25, -322, 529, 301, 122, 942, 101;
27, 237, 22, -356, 501, 286, 106, 925, 86;
32, 242, 27, -333, 530, 300, 126, 944, 108;
22, 232, 18, -403, 466, 268, 88, 904, 71;
31, 240, 27, -356, 517, 293, 122, 937, 106;
28, 237, 25, -379, 500, 284, 113, 927, 99;
24, 233, 21, -416, 467, 268, 94, 908, 82;
23, 231, 20, -431, 457, 262, 90, 903, 79;
23, 231, 20, -438, 454, 261, 91, 903, 81;
23, 231, 21, -445, 452, 259, 91, 902, 83;
27, 235, 26, -425, 476, 270, 108, 919, 102;
25, 232, 24, -448, 456, 260, 98, 908, 93;
20, 228, 19, -484, 424, 244, 80, 889, 77;
23, 230, 22, -476, 435, 249, 90, 898, 88;
21, 228, 21, -492, 422, 242, 84, 892, 83;
23, 230, 23, -490, 427, 244, 90, 897, 91;
28, 235, 28, -464, 455, 258, 110, 916, 112;
21, 228, 22, -511, 412, 235, 85, 891, 89;
26, 233, 28, -488, 437, 248, 103, 909, 109;
21, 227, 23, -527, 399, 228, 82, 888, 90;
20, 227, 23, -537, 391, 224, 80, 885, 89;
22, 228, 25, -530, 399, 227, 88, 892, 99;
15, 222, 19, -578, 353, 204, 62, 866, 74;
24, 230, 28, -528, 404, 229, 96, 900, 110;
15, 222, 19, -589, 344, 198, 61, 866, 77;
16, 223, 21, -588, 345, 198, 65, 869, 83;
17, 223, 22, -591, 342, 196, 66, 870, 86;
23, 229, 29, -555, 379, 214, 92, 896, 113;
19, 225, 25, -584, 349, 199, 76, 880, 99;
13, 219, 19, -628, 305, 176, 51, 856, 77;
13, 219, 20, -631, 301, 174, 52, 857, 79;
13, 220, 21, -633, 298, 172, 53, 858, 82;
14, 220, 22, -635, 296, 170, 55, 860, 86;
21, 228, 29, -593, 337, 190, 83, 889, 116;
20, 226, 29, -603, 324, 183, 79, 885, 113;
21, 227, 30, -602, 324, 183, 82, 888, 118;
12, 219, 21, -661, 263, 152, 47, 854, 85;
14, 221, 24, -648, 274, 156, 57, 864, 97;
16, 223, 26, -642, 277, 157, 62, 870, 104;
18, 225, 29, -632, 284, 161, 70, 878, 114;
11, 219, 23, -675, 239, 137, 45, 854, 91;
16, 223, 28, -648, 262, 148, 63, 873, 111;
9, 217, 22, -693, 214, 124, 37, 847, 86;
15, 223, 29, -654, 250, 141, 62, 873, 113;
13, 221, 27, -672, 228, 129, 52, 864, 105;
8, 216, 22, -707, 189, 110, 31, 844, 86;
8, 216, 22, -709, 183, 106, 31, 845, 88;
6, 215, 21, -720, 167, 97, 24, 839, 83;
13, 222, 28, -678, 205, 116, 51, 867, 112;
14, 223, 30, -671, 207, 116, 56, 873, 119;
11, 221, 28, -691, 182, 103, 44, 862, 109;
9, 219, 26, -702, 166, 94, 37, 856, 104;
9, 219, 27, -702, 159, 90, 37, 857, 106;
3, 213, 21, -742, 114, 67, 12, 834, 83;
6, 217, 24, -724, 127, 73, 24, 847, 96;
5, 217, 25, -725, 119, 68, 23, 847, 97;
11, 223, 31, -690, 147, 82, 44, 869, 120;
6, 218, 26, -720, 111, 63, 25, 852, 104;
3, 215, 23, -741, 84, 49, 12, 840, 92;
1, 214, 23, -747, 71, 41, 7, 837, 90;
4, 217, 26, -728, 82, 47, 18, 849, 102;
0, 213, 22, -756, 47, 28, 0, 832, 86;
0, 214, 22, -754, 41, 25, 0, 834, 88;
0, 214, 23, -750, 38, 22, 1, 837, 91;
2, 217, 25, -737, 43, 24, 8, 846, 100;
3, 218, 27, -727, 45, 25, 13, 853, 107;
0, 215, 23, -750, 13, 8, -2, 838, 93;
4, 220, 29, -716, 38, 20, 16, 859, 114;
5, 222, 31, -705, 41, 21, 22, 867, 122;
-4, 212, 21, -768, -30, -15, -19, 827, 82;
3, 221, 30, -709, 19, 8, 15, 864, 119;
0, 218, 27, -730, -11, -6, 0, 851, 106;
3, 221, 30, -707, 2, 0, 12, 865, 120;
-2, 216, 25, -741, -40, -22, -10, 844, 98;
-6, 213, 22, -757, -67, -36, -23, 833, 88;
-3, 216, 25, -739, -59, -33, -14, 844, 98;
-3, 217, 26, -733, -63, -36, -13, 847, 101;
-4, 216, 25, -737, -77, -43, -18, 845, 98;
-6, 215, 24, -741, -91, -51, -23, 841, 94;
-8, 214, 22, -749, -110, -61, -31, 836, 88;
-2, 220, 28, -711, -83, -48, -11, 858, 111;
-4, 219, 27, -713, -96, -55, -15, 856, 108;
-3, 220, 28, -707, -101, -58, -15, 859, 110;
-6, 218, 26, -714, -120, -69, -23, 853, 104;
-5, 220, 28, -703, -120, -69, -20, 859, 109;
-6, 219, 27, -707, -135, -77, -25, 856, 105;
-5, 221, 28, -693, -133, -77, -21, 863, 112;
-7, 219, 27, -701, -152, -87, -29, 857, 105;
-9, 218, 25, -705, -168, -96, -36, 853, 100;
-13, 215, 22, -723, -199, -112, -51, 840, 86;
-11, 217, 24, -708, -196, -111, -45, 848, 94;
-8, 221, 27, -682, -182, -105, -34, 863, 107;
-12, 218, 24, -696, -209, -119, -47, 852, 96;
-7, 223, 29, -662, -187, -109, -30, 872, 114;
-13, 218, 24, -691, -229, -130, -52, 852, 94;
-13, 219, 24, -681, -232, -132, -51, 856, 96;
-13, 220, 25, -673, -237, -135, -50, 860, 99;
-8, 225, 29, -639, -216, -125, -34, 878, 116;
-12, 222, 26, -653, -243, -139, -48, 868, 105;
-13, 222, 26, -651, -254, -145, -51, 867, 102;
-9, 226, 30, -620, -237, -137, -37, 884, 118;
-17, 220, 23, -658, -288, -164, -66, 858, 90;
-10, 227, 30, -610, -254, -147, -42, 885, 117;
-11, 226, 29, -609, -267, -154, -46, 883, 113;
-17, 221, 23, -637, -308, -175, -69, 864, 92;
-13, 226, 28, -602, -286, -165, -52, 883, 110;
-20, 220, 21, -635, -334, -189, -79, 860, 85;
-17, 224, 25, -606, -318, -182, -66, 875, 99;
-22, 220, 20, -630, -357, -202, -87, 858, 80;
-14, 228, 28, -572, -312, -180, -56, 891, 112;
-16, 227, 27, -573, -328, -188, -63, 887, 106;
-14, 229, 29, -555, -324, -187, -58, 896, 113;
-17, 227, 26, -565, -348, -199, -70, 887, 102;
-24, 221, 20, -594, -392, -222, -94, 865, 79;
-20, 226, 24, -561, -373, -213, -79, 883, 95;
-25, 222, 19, -584, -410, -232, -100, 866, 76;
-25, 223, 20, -571, -412, -233, -98, 870, 78;
-23, 225, 22, -551, -406, -231, -92, 879, 85;
-26, 223, 19, -556, -426, -241, -101, 873, 77;
-24, 226, 21, -538, -422, -240, -96, 881, 83;
-25, 226, 21, -529, -428, -243, -98, 883, 83;
-21, 231, 25, -494, -407, -233, -82, 902, 100;
-24, 228, 22, -505, -433, -246, -95, 891, 87;
-25, 228, 22, -498, -441, -251, -98, 892, 86;
-28, 225, 18, -510, -467, -265, -112, 881, 72;
-25, 230, 22, -478, -450, -256, -99, 897, 87;
-20, 235, 27, -437, -424, -243, -80, 919, 106;
-28, 229, 20, -472, -474, -269, -109, 893, 78;
-29, 228, 19, -468, -484, -275, -114, 892, 75;
-21, 237, 27, -408, -438, -252, -83, 925, 106;
-24, 235, 24, -416, -461, -264, -95, 916, 95;
-30, 229, 18, -446, -506, -286, -120, 894, 70;
-24, 236, 25, -391, -466, -267, -94, 924, 97;
-30, 231, 18, -420, -510, -289, -119, 902, 73;
-27, 235, 22, -390, -493, -281, -107, 917, 86;
-23, 239, 25, -355, -473, -272, -92, 934, 101;
-25, 238, 24, -355, -488, -280, -100, 930, 94;
-24, 240, 25, -336, -484, -278, -95, 937, 99;
-31, 234, 19, -366, -528, -300, -121, 915, 74;
-31, 234, 18, -357, -534, -303, -123, 916, 72;
-26, 241, 24, -312, -503, -288, -102, 940, 93;
-32, 235, 17, -340, -546, -310, -127, 918, 69;
-25, 243, 24, -285, -505, -289, -100, 948, 96;
-27, 242, 23, -284, -517, -296, -106, 944, 90;
-25, 244, 24, -263, -510, -293, -101, 953, 96;
-26, 244, 24, -254, -516, -296, -103, 954, 95;
-24, 247, 26, -231, -507, -292, -96, 963, 101;
-34, 238, 16, -280, -570, -323, -134, 929, 64;
-29, 243, 20, -240, -544, -311, -116, 949, 81;
-28, 245, 22, -222, -540, -309, -112, 956, 85;
-33, 241, 17, -239, -571, -324, -131, 940, 67;
-28, 247, 22, -196, -541, -309, -111, 963, 87;
-30, 245, 20, -196, -555, -317, -119, 958, 79;
-26, 250, 24, -159, -531, -305, -103, 977, 95;
-33, 244, 17, -188, -574, -326, -129, 954, 69;
-29, 248, 21, -156, -555, -317, -116, 969, 82;
-34, 244, 16, -174, -586, -333, -134, 953, 63;
-31, 248, 19, -142, -568, -324, -122, 968, 75;
-33, 246, 17, -144, -583, -331, -131, 962, 66;
-35, 245, 15, -145, -597, -339, -139, 957, 58;
-32, 249, 18, -112, -576, -328, -126, 973, 71;
-36, 246, 14, -123, -600, -341, -140, 961, 56;
-32, 251, 18, -86, -576, -328, -125, 979, 72;
-31, 252, 18, -73, -575, -328, -124, 982, 72;
-32, 252, 17, -66, -580, -330, -127, 982, 69;
-35, 249, 14, -74, -600, -341, -139, 972, 56;
-30, 255, 19, -30, -569, -325, -119, 995, 76;
-27, 259, 23, 3, -546, -314, -105, 1012, 90;
-26, 260, 23, 19, -542, -312, -103, 1016, 91;
-33, 254, 16, -12, -586, -334, -130, 992, 64;
-35, 252, 14, -14, -599, -340, -138, 986, 55;
-33, 255, 15, 7, -588, -335, -131, 995, 61;
-26, 263, 23, 65, -541, -311, -102, 1026, 89;
-32, 257, 16, 35, -583, -332, -128, 1003, 63;
-31, 258, 17, 54, -575, -328, -123, 1010, 67;
-34, 256, 13, 45, -594, -338, -136, 999, 53;
-34, 257, 13, 59, -591, -336, -135, 1003, 54;
-27, 264, 20, 114, -546, -314, -107, 1033, 81;
-28, 264, 19, 118, -553, -317, -112, 1030, 75;
-33, 260, 14, 101, -580, -330, -129, 1015, 57;
-31, 262, 16, 124, -567, -323, -121, 1025, 64;
-30, 264, 17, 143, -558, -319, -117, 1031, 68;
-26, 268, 20, 174, -536, -308, -104, 1046, 79;
-26, 268, 20, 185, -535, -307, -104, 1048, 79;
-30, 265, 16, 173, -556, -318, -117, 1036, 64;
-29, 266, 16, 186, -552, -316, -116, 1039, 64;
-32, 264, 13, 179, -568, -323, -127, 1030, 52;
-33, 264, 12, 184, -571, -325, -130, 1029, 48;
-29, 268, 16, 222, -543, -310, -113, 1048, 63;
-35, 263, 10, 195, -578, -328, -136, 1026, 39;
-34, 264, 10, 209, -572, -325, -134, 1030, 40;
-24, 274, 20, 281, -508, -292, -95, 1071, 78;
-32, 266, 11, 240, -557, -317, -127, 1041, 45;
-34, 265, 9, 239, -565, -320, -133, 1036, 37;
-24, 276, 19, 312, -499, -287, -93, 1077, 75;
-25, 274, 17, 311, -507, -291, -100, 1072, 67;
-24, 277, 18, 331, -494, -284, -93, 1080, 72;
-24, 276, 17, 336, -496, -285, -96, 1078, 68;
-26, 275, 15, 337, -502, -288, -101, 1075, 61;
-24, 277, 16, 355, -490, -281, -96, 1082, 66;
-26, 276, 15, 355, -496, -284, -101, 1077, 58;
-27, 274, 12, 352, -505, -288, -109, 1071, 50;
-27, 275, 12, 364, -499, -285, -107, 1074, 50;
-26, 277, 13, 381, -487, -279, -101, 1081, 54;
-29, 273, 9, 365, -508, -289, -116, 1067, 37;
-24, 279, 14, 407, -472, -270, -95, 1089, 56;
-31, 272, 7, 373, -510, -289, -121, 1064, 29;
-26, 277, 11, 408, -480, -274, -104, 1082, 44;
-30, 274, 7, 396, -497, -282, -117, 1070, 29;
-23, 281, 13, 445, -452, -259, -91, 1097, 53;
-22, 283, 14, 462, -439, -252, -85, 1103, 57;
-26, 278, 9, 440, -464, -264, -103, 1086, 37;
-29, 276, 6, 432, -476, -270, -113, 1077, 26;
-27, 278, 8, 451, -461, -262, -106, 1085, 31;
-19, 285, 15, 504, -410, -236, -77, 1115, 58;
-28, 277, 5, 457, -460, -261, -110, 1082, 23;
-27, 278, 6, 468, -452, -256, -108, 1085, 23;
-26, 279, 6, 482, -440, -250, -103, 1090, 26;
-20, 286, 12, 528, -396, -227, -78, 1116, 49;
-18, 288, 14, 547, -380, -218, -70, 1124, 54;
-19, 286, 11, 542, -386, -221, -77, 1117, 46;
-18, 288, 12, 556, -373, -214, -71, 1123, 49;
-22, 283, 7, 536, -395, -225, -88, 1107, 30;
-24, 281, 5, 529, -403, -228, -95, 1099, 21;
-23, 282, 5, 539, -393, -223, -92, 1102, 22;
-19, 287, 9, 571, -362, -207, -76, 1119, 36;
-23, 282, 4, 549, -384, -217, -92, 1103, 17;
-19, 286, 8, 580, -354, -202, -76, 1119, 31;
-15, 290, 11, 608, -326, -187, -62, 1133, 43;
-15, 291, 10, 615, -319, -183, -60, 1135, 42;
-18, 288, 7, 602, -331, -189, -71, 1124, 30;
-14, 292, 11, 631, -301, -173, -55, 1139, 43;
-17, 288, 6, 611, -319, -182, -70, 1124, 26;
-18, 287, 5, 611, -318, -181, -72, 1122, 21;
-13, 293, 10, 649, -279, -161, -51, 1143, 40;
-11, 294, 11, 661, -265, -153, -46, 1147, 43;
-15, 290, 6, 642, -283, -161, -59, 1133, 26;
-15, 290, 6, 646, -275, -157, -58, 1134, 25;
-11, 293, 8, 668, -251, -144, -46, 1145, 35;
-15, 289, 4, 647, -269, -153, -61, 1130, 17;
-9, 296, 10, 691, -222, -129, -35, 1155, 41;
-18, 286, 0, 636, -275, -155, -71, 1118, 2;
-12, 292, 6, 676, -231, -132, -47, 1142, 24;
-16, 287, 0, 648, -256, -144, -66, 1122, 2;
-7, 297, 9, 710, -190, -111, -28, 1159, 37;
-14, 289, 1, 666, -230, -130, -57, 1130, 6;
-9, 294, 6, 698, -194, -111, -37, 1148, 23;
-6, 297, 8, 718, -169, -98, -26, 1159, 32;
-8, 295, 6, 711, -172, -99, -31, 1152, 24;
-4, 298, 8, 731, -147, -86, -19, 1164, 34;
-11, 291, 1, 691, -182, -103, -44, 1137, 6;
-4, 298, 8, 737, -131, -77, -16, 1164, 32;
-5, 296, 5, 726, -135, -78, -22, 1157, 23;
-3, 298, 7, 739, -117, -69, -15, 1163, 28;
-2, 299, 7, 745, -105, -62, -10, 1166, 29;
-9, 292, 0, 706, -138, -78, -35, 1140, 2;
-9, 291, 0, 702, -136, -76, -37, 1137, -2;
-4, 296, 3, 733, -98, -57, -17, 1155, 15;
-5, 294, 2, 726, -98, -56, -21, 1150, 8;
-4, 295, 2, 728, -89, -51, -18, 1151, 8;
-6, 293, 0, 718, -92, -51, -24, 1144, 0;
-2, 296, 3, 742, -61, -35, -8, 1158, 12;
0, 299, 5, 759, -36, -22, 3, 1168, 22;
2, 300, 6, 765, -22, -15, 8, 1171, 24;
0, 298, 4, 755, -25, -15, 2, 1164, 16;
2, 300, 5, 765, -7, -6, 10, 1170, 21;
-2, 294, 0, 730, -32, -18, -9, 1149, -1;
-2, 294, 0, 729, -26, -14, -8, 1147, -3;
2, 299, 3, 759, 12, 5, 11, 1166, 14;
0, 294, 0, 732, -4, -2, -3, 1149, -3;
2, 297, 2, 751, 22, 12, 10, 1161, 7;
-2, 292, -4, 714, -4, 0, -10, 1138, -15;
0, 293, -2, 725, 15, 9, -1, 1145, -9;
0, 292, -3, 719, 19, 12, -2, 1142, -13;
-2, 290, -6, 703, 13, 9, -9, 1132, -23;
0, 292, -4, 714, 33, 20, -1, 1139, -17;
6, 298, 1, 752, 81, 45, 25, 1163, 6;
3, 294, -2, 728, 68, 39, 12, 1149, -8;
0, 290, -6, 699, 50, 30, -1, 1132, -26;
3, 293, -3, 719, 80, 46, 13, 1145, -13;
0, 289, -7, 694, 66, 40, 0, 1130, -28;
2, 291, -5, 704, 87, 51, 10, 1137, -22;
3, 291, -5, 704, 98, 57, 13, 1138, -21;
2, 290, -6, 695, 100, 59, 11, 1133, -26;
7, 294, -3, 715, 132, 75, 27, 1147, -13;
10, 296, 0, 729, 157, 89, 39, 1157, -3;
12, 298, 0, 736, 176, 99, 47, 1163, 1;
9, 294, -3, 710, 161, 92, 35, 1147, -13;
13, 298, 0, 731, 194, 109, 52, 1162, 1;
10, 294, -3, 707, 182, 104, 41, 1148, -12;
13, 297, 0, 721, 209, 118, 54, 1159, -1;
9, 291, -5, 685, 185, 106, 36, 1138, -22;
15, 297, 0, 718, 231, 130, 60, 1160, 0;
6, 288, -9, 655, 180, 105, 26, 1123, -38;
15, 296, -1, 706, 244, 137, 62, 1156, -4;
9, 288, -8, 655, 206, 119, 35, 1126, -34;
9, 288, -8, 650, 214, 124, 36, 1125, -34;
10, 289, -8, 651, 228, 131, 42, 1128, -32;
13, 291, -6, 659, 249, 142, 51, 1135, -24;
12, 289, -7, 648, 251, 144, 49, 1130, -29;
19, 295, -1, 680, 296, 167, 74, 1152, -6;
20, 295, -1, 678, 308, 173, 78, 1153, -5;
17, 292, -4, 653, 297, 168, 68, 1140, -18;
16, 290, -6, 639, 296, 169, 65, 1134, -24;
13, 286, -10, 610, 281, 162, 52, 1118, -39;
14, 286, -9, 606, 291, 167, 55, 1119, -38;
20, 292, -3, 639, 337, 191, 81, 1141, -15;
17, 288, -7, 608, 320, 183, 67, 1125, -31;
20, 290, -5, 617, 344, 195, 79, 1134, -21;
22, 291, -4, 621, 361, 204, 86, 1138, -16;
19, 288, -7, 591, 346, 197, 74, 1123, -31;
23, 291, -4, 610, 379, 214, 92, 1138, -15;
18, 286, -9, 571, 354, 202, 73, 1116, -36;
23, 290, -5, 591, 388, 220, 92, 1132, -20;
22, 288, -6, 574, 385, 219, 87, 1124, -26;
20, 285, -9, 551, 377, 215, 79, 1113, -37;
17, 282, -12, 525, 366, 210, 69, 1100, -49;
16, 280, -14, 508, 363, 209, 65, 1093, -55;
19, 282, -12, 515, 384, 221, 76, 1100, -47;
22, 284, -9, 523, 407, 232, 87, 1109, -37;
21, 282, -11, 508, 406, 232, 84, 1103, -43;
24, 285, -8, 517, 430, 245, 97, 1112, -32;
19, 278, -14, 470, 398, 229, 74, 1086, -57;
21, 280, -12, 475, 418, 239, 84, 1093, -49;
26, 284, -7, 498, 455, 258, 105, 1111, -30;
22, 279, -13, 457, 429, 246, 86, 1089, -51;
20, 276, -15, 435, 421, 242, 79, 1079, -60;
22, 278, -13, 440, 441, 253, 89, 1086, -52;
28, 283, -8, 464, 480, 273, 111, 1105, -31;
20, 274, -16, 402, 433, 249, 79, 1070, -65;
25, 278, -12, 422, 467, 267, 98, 1086, -48;
27, 280, -10, 425, 485, 276, 107, 1092, -41;
24, 276, -13, 396, 470, 269, 96, 1078, -53;
23, 274, -15, 377, 466, 268, 92, 1071, -60;
29, 279, -10, 400, 504, 287, 113, 1089, -40;
31, 280, -8, 400, 519, 294, 120, 1093, -34;
24, 272, -16, 345, 478, 274, 93, 1063, -63;
30, 278, -9, 376, 524, 298, 120, 1086, -38;
29, 276, -11, 359, 521, 296, 116, 1080, -43;
27, 273, -14, 329, 505, 289, 105, 1066, -56;
24, 269, -17, 299, 490, 281, 94, 1051, -69;
25, 270, -16, 297, 502, 288, 100, 1054, -65;
29, 273, -12, 311, 530, 302, 116, 1067, -50;
27, 270, -15, 283, 517, 296, 106, 1054, -61;
31, 273, -12, 297, 545, 310, 122, 1068, -46;
29, 271, -14, 274, 536, 306, 115, 1058, -55;
27, 267, -17, 246, 522, 299, 105, 1044, -67;
25, 265, -18, 225, 515, 296, 100, 1036, -73;
24, 264, -19, 209, 513, 295, 97, 1031, -77;
33, 272, -11, 253, 571, 324, 132, 1063, -44;
30, 268, -14, 222, 554, 316, 120, 1048, -56;
32, 270, -12, 223, 568, 323, 128, 1053, -50;
29, 266, -16, 190, 549, 314, 115, 1037, -64;
35, 271, -11, 214, 587, 333, 137, 1057, -43;
28, 263, -18, 160, 546, 313, 111, 1028, -70;
35, 270, -11, 193, 592, 336, 139, 1053, -43;
28, 262, -18, 137, 549, 314, 112, 1023, -71;
34, 267, -12, 164, 589, 335, 136, 1044, -48;
28, 260, -19, 112, 550, 315, 111, 1017, -74;
35, 266, -12, 141, 593, 337, 137, 1040, -49;
30, 260, -18, 97, 561, 321, 117, 1017, -70;
34, 264, -13, 114, 590, 336, 134, 1032, -53;
33, 263, -14, 97, 586, 334, 131, 1027, -57;
31, 259, -17, 68, 569, 325, 120, 1013, -69;
26, 254, -22, 26, 540, 311, 102, 992, -88;
33, 261, -15, 62, 588, 335, 131, 1019, -59;
28, 255, -20, 18, 557, 319, 112, 997, -80;
36, 262, -12, 55, 606, 343, 142, 1025, -50;
32, 258, -17, 18, 580, 331, 126, 1006, -67;
27, 252, -22, -26, 546, 314, 105, 983, -88;
35, 260, -14, 15, 601, 341, 139, 1014, -55;
31, 255, -18, -22, 574, 328, 122, 995, -72;
32, 256, -17, -25, 582, 332, 128, 998, -67;
27, 250, -22, -68, 550, 315, 108, 976, -88;
30, 252, -20, -64, 565, 323, 117, 983, -78;
30, 252, -19, -72, 568, 324, 119, 983, -77;
32, 253, -18, -74, 576, 328, 125, 986, -72;
31, 251, -19, -90, 570, 326, 122, 981, -75;
28, 248, -22, -121, 550, 315, 110, 967, -87;
32, 251, -18, -107, 574, 327, 125, 981, -72;
26, 245, -24, -152, 539, 310, 104, 957, -93;
32, 250, -18, -126, 574, 327, 127, 978, -71;
28, 245, -22, -166, 545, 312, 109, 958, -89;
26, 243, -24, -189, 531, 305, 101, 948, -97;
34, 251, -16, -147, 582, 331, 134, 979, -64;
31, 247, -19, -177, 561, 320, 121, 965, -77;
34, 250, -16, -165, 582, 330, 136, 977, -62;
31, 246, -19, -198, 558, 318, 121, 961, -77;
26, 241, -24, -240, 524, 301, 102, 940, -96;
33, 247, -17, -207, 566, 322, 129, 965, -69;
28, 242, -22, -243, 537, 307, 112, 947, -86;
34, 248, -16, -217, 571, 324, 134, 968, -63;
24, 237, -26, -289, 508, 292, 96, 928, -101;
28, 241, -22, -276, 528, 302, 110, 940, -87;
28, 240, -22, -287, 524, 300, 109, 938, -88;
24, 236, -26, -320, 499, 287, 95, 922, -102;
32, 243, -18, -280, 546, 310, 125, 951, -71;
23, 234, -26, -344, 488, 281, 91, 915, -105;
30, 241, -20, -311, 527, 300, 117, 940, -78;
25, 236, -24, -347, 498, 285, 100, 922, -94;
31, 242, -18, -319, 532, 302, 123, 944, -71;
29, 239, -20, -343, 514, 293, 114, 933, -80;
24, 234, -25, -381, 482, 276, 96, 914, -98;
21, 231, -27, -407, 462, 266, 85, 902, -108;
27, 236, -21, -380, 494, 282, 107, 923, -85;
31, 240, -18, -364, 514, 292, 122, 937, -70;
27, 236, -21, -397, 486, 277, 106, 920, -85;
21, 229, -28, -445, 443, 255, 81, 894, -109;
22, 230, -26, -446, 446, 256, 86, 898, -104;
28, 236, -20, -416, 481, 274, 109, 921, -79;
23, 231, -25, -454, 447, 256, 90, 901, -98;
21, 228, -27, -475, 430, 247, 82, 891, -106;
19, 227, -28, -489, 419, 241, 77, 886, -109;
29, 236, -18, -438, 473, 268, 113, 922, -72;
21, 228, -25, -492, 422, 242, 84, 892, -101;
19, 226, -28, -514, 403, 232, 74, 882, -109;
20, 226, -27, -516, 404, 232, 78, 884, -105;
20, 226, -26, -522, 400, 230, 78, 884, -104;
17, 224, -28, -543, 381, 220, 69, 874, -112;
21, 227, -25, -528, 399, 228, 82, 887, -98;
16, 223, -29, -561, 367, 212, 65, 870, -114;
16, 223, -29, -567, 362, 209, 65, 869, -113;
25, 231, -20, -518, 412, 234, 98, 903, -78;
20, 226, -24, -556, 376, 215, 78, 883, -97;
19, 225, -25, -564, 368, 211, 77, 881, -98;
20, 226, -24, -565, 368, 210, 79, 884, -94;
24, 230, -19, -545, 389, 220, 95, 899, -77;
15, 221, -28, -606, 328, 189, 60, 864, -110;
15, 221, -27, -609, 325, 187, 61, 865, -108;
20, 227, -22, -582, 351, 200, 81, 885, -87;
22, 229, -19, -572, 360, 204, 89, 894, -77;
15, 221, -27, -624, 308, 177, 59, 864, -106;
19, 225, -23, -603, 327, 186, 75, 880, -89;
22, 228, -19, -590, 340, 192, 85, 891, -77;
20, 226, -21, -605, 323, 183, 78, 884, -83;
14, 221, -26, -645, 282, 161, 56, 862, -104;
11, 217, -29, -668, 256, 148, 43, 850, -115;
18, 225, -21, -625, 297, 168, 72, 879, -85;
17, 224, -22, -634, 286, 162, 68, 875, -87;
13, 220, -25, -660, 257, 147, 53, 861, -101;
18, 225, -21, -634, 280, 158, 70, 879, -82;
10, 218, -27, -682, 229, 132, 42, 852, -108;
10, 218, -27, -686, 222, 127, 41, 851, -108;
10, 218, -27, -689, 215, 124, 40, 852, -107;
16, 224, -21, -654, 246, 138, 63, 875, -83;
11, 220, -25, -685, 211, 120, 45, 858, -99;
6, 215, -30, -718, 173, 101, 25, 838, -118;
5, 214, -30, -723, 165, 96, 23, 837, -118;
5, 214, -30, -727, 156, 91, 21, 837, -118;
6, 216, -28, -720, 158, 91, 26, 842, -112;
6, 215, -28, -723, 150, 87, 24, 842, -112;
5, 215, -29, -728, 139, 81, 21, 840, -113;
4, 214, -30, -737, 124, 73, 15, 836, -117;
12, 223, -20, -682, 174, 97, 50, 871, -81;
12, 223, -20, -685, 165, 92, 48, 871, -81;
4, 216, -27, -732, 112, 65, 19, 843, -108;
11, 223, -20, -690, 148, 82, 44, 870, -81;
0, 212, -31, -757, 74, 45, 2, 829, -121;
8, 221, -22, -706, 119, 66, 33, 862, -88;
1, 214, -29, -749, 68, 40, 6, 836, -114;
0, 213, -30, -757, 53, 32, 0, 831, -118;
6, 220, -23, -712, 90, 50, 27, 860, -89;
4, 218, -24, -726, 69, 39, 17, 852, -97;
4, 219, -24, -723, 65, 36, 18, 854, -94;
3, 218, -25, -730, 49, 28, 12, 850, -98;
1, 217, -26, -737, 34, 19, 6, 846, -102;
1, 217, -25, -735, 28, 15, 6, 847, -101;
-1, 214, -29, -755, 0, 1, -7, 835, -113;
0, 217, -26, -737, 9, 5, 2, 847, -101;
-2, 215, -28, -751, -13, -6, -8, 838, -110;
3, 221, -22, -711, 16, 7, 14, 863, -85;
2, 220, -22, -715, 4, 0, 10, 861, -88;
-2, 215, -27, -746, -36, -20, -11, 841, -107;
-4, 215, -28, -749, -49, -27, -15, 839, -110;
-3, 216, -27, -741, -50, -28, -13, 843, -105;
-5, 214, -28, -749, -69, -38, -21, 838, -111;
-1, 219, -23, -718, -48, -28, -4, 857, -92;
-6, 214, -28, -748, -88, -49, -25, 837, -112;
-7, 214, -29, -752, -102, -57, -30, 834, -115;
-7, 215, -28, -744, -105, -59, -28, 839, -111;
-10, 212, -31, -758, -130, -72, -40, 829, -121;
-9, 214, -29, -748, -130, -73, -37, 835, -116;
-9, 214, -29, -744, -138, -77, -38, 836, -115;
-6, 218, -25, -718, -124, -70, -25, 851, -100;
-12, 213, -31, -748, -165, -92, -48, 831, -120;
-3, 222, -22, -690, -118, -69, -15, 866, -86;
-4, 222, -21, -684, -124, -73, -15, 869, -84;
-13, 214, -30, -737, -189, -106, -52, 834, -119;
-4, 223, -20, -674, -138, -81, -17, 872, -81;
-13, 215, -29, -726, -202, -113, -53, 839, -116;
-6, 222, -22, -676, -164, -95, -26, 868, -87;
-14, 215, -30, -721, -221, -124, -58, 839, -117;
-12, 218, -27, -700, -213, -121, -49, 850, -106;
-13, 217, -28, -701, -226, -128, -54, 848, -109;
-7, 224, -21, -656, -194, -112, -31, 874, -84;
-14, 218, -27, -690, -241, -136, -56, 851, -108;
-14, 218, -27, -683, -247, -140, -57, 853, -106;
-12, 221, -24, -661, -237, -136, -48, 865, -95;
-8, 226, -20, -632, -222, -129, -35, 881, -80;
-15, 220, -26, -663, -267, -152, -59, 859, -103;
-15, 220, -26, -659, -275, -156, -61, 860, -103;
-19, 217, -29, -673, -303, -171, -75, 849, -115;
-11, 226, -21, -614, -258, -149, -44, 883, -82;
-18, 219, -27, -652, -309, -175, -72, 857, -109;
-18, 221, -26, -640, -310, -176, -70, 862, -104;
-16, 223, -25, -622, -306, -175, -65, 871, -97;
-12, 228, -19, -583, -282, -163, -46, 892, -77;
-21, 220, -28, -632, -345, -195, -82, 859, -111;
-13, 228, -20, -575, -301, -174, -52, 892, -79;
-17, 225, -23, -589, -330, -189, -67, 880, -92;
-20, 222, -26, -603, -357, -203, -81, 869, -104;
-23, 220, -29, -611, -380, -215, -92, 861, -114;
-20, 224, -25, -583, -366, -209, -81, 875, -101;
-21, 224, -26, -577, -374, -213, -83, 876, -101;
-16, 230, -20, -535, -346, -200, -63, 899, -79;
-19, 228, -23, -546, -372, -213, -76, 889, -90;
-21, 227, -24, -546, -387, -221, -83, 886, -95;
-25, 223, -28, -566, -421, -238, -101, 870, -112;
-20, 229, -23, -522, -391, -224, -80, 894, -89;
-19, 231, -21, -503, -387, -222, -75, 903, -82;
-18, 233, -19, -486, -385, -222, -71, 910, -77;
-24, 228, -25, -513, -426, -243, -94, 889, -98;
-27, 225, -28, -523, -451, -256, -107, 879, -110;
-21, 232, -22, -476, -419, -240, -84, 905, -85;
-28, 225, -28, -510, -468, -265, -112, 880, -112;
-27, 228, -26, -488, -460, -261, -105, 890, -103;
-19, 236, -18, -431, -417, -240, -76, 923, -73;
-23, 233, -22, -446, -447, -256, -92, 909, -87;
-27, 230, -26, -460, -476, -271, -108, 897, -102;
-26, 232, -24, -441, -472, -269, -104, 905, -95;
-30, 228, -28, -455, -501, -284, -119, 892, -110;
-24, 236, -21, -404, -463, -265, -94, 920, -83;
-26, 234, -23, -408, -482, -275, -104, 914, -91;
-28, 233, -24, -407, -496, -283, -110, 910, -97;
-26, 235, -22, -386, -490, -280, -104, 919, -89;
-21, 241, -17, -343, -462, -266, -85, 941, -68;
-23, 240, -18, -341, -474, -272, -91, 939, -73;
-32, 232, -27, -387, -535, -303, -127, 906, -107;
-29, 236, -23, -355, -517, -294, -114, 922, -93;
-30, 236, -24, -349, -525, -299, -117, 921, -95;
-29, 237, -23, -334, -525, -299, -116, 926, -92;
-31, 236, -24, -331, -536, -305, -121, 924, -96;
-26, 242, -19, -290, -509, -292, -103, 945, -77;
-30, 238, -23, -305, -538, -307, -119, 931, -92;
-29, 240, -22, -285, -533, -304, -114, 939, -86;
-26, 245, -18, -251, -513, -295, -101, 955, -72;
-27, 244, -19, -250, -526, -301, -108, 952, -77;
-32, 240, -24, -267, -557, -317, -126, 937, -94;
-27, 245, -19, -227, -531, -304, -108, 957, -76;
-33, 240, -25, -254, -571, -324, -132, 936, -98;
-26, 247, -17, -197, -529, -303, -104, 966, -70;
-31, 244, -22, -212, -557, -318, -121, 952, -85;
-31, 244, -21, -202, -560, -320, -122, 954, -85;
-28, 248, -18, -171, -543, -311, -111, 969, -73;
-32, 245, -22, -182, -567, -323, -125, 958, -86;
-28, 249, -18, -150, -549, -314, -112, 973, -72;
-30, 248, -19, -147, -559, -319, -118, 970, -77;
-29, 250, -19, -131, -557, -318, -116, 975, -74;
-31, 249, -20, -129, -567, -324, -122, 972, -79;
-26, 254, -15, -86, -537, -309, -102, 994, -59;
-29, 252, -18, -93, -557, -319, -114, 984, -70;
-26, 255, -15, -65, -541, -311, -104, 997, -59;
-29, 253, -18, -72, -562, -321, -116, 988, -70;
-36, 247, -24, -101, -603, -342, -141, 965, -95;
-30, 254, -18, -52, -566, -324, -118, 991, -71;
-30, 254, -18, -42, -568, -325, -119, 993, -71;
-27, 258, -15, -12, -550, -316, -108, 1006, -59;
-35, 250, -22, -49, -599, -340, -138, 978, -89;
-27, 259, -14, 14, -548, -315, -106, 1013, -56;
-36, 251, -23, -31, -604, -343, -141, 980, -91;
-36, 252, -23, -19, -604, -343, -141, 983, -90;
-34, 254, -21, 2, -594, -338, -135, 991, -83;
-35, 254, -21, 10, -597, -339, -137, 991, -85;
-33, 256, -20, 29, -589, -335, -132, 999, -80;
-36, 254, -22, 28, -601, -341, -140, 993, -87;
-34, 256, -20, 49, -591, -336, -134, 1001, -81;
-26, 265, -12, 109, -541, -311, -103, 1034, -50;
-35, 256, -21, 64, -597, -339, -139, 1001, -85;
-36, 256, -22, 72, -599, -340, -140, 1002, -86;
-27, 266, -13, 138, -544, -312, -106, 1037, -52;
-25, 268, -11, 157, -534, -307, -101, 1045, -46;
-33, 260, -19, 119, -582, -331, -132, 1016, -76;
-35, 259, -21, 121, -590, -335, -137, 1013, -82;
-34, 261, -19, 138, -582, -331, -133, 1019, -77;
-34, 262, -19, 149, -580, -329, -132, 1021, -76;
-28, 267, -14, 192, -546, -312, -112, 1043, -56;
-26, 270, -12, 216, -531, -305, -104, 1053, -48;
-34, 263, -19, 179, -577, -327, -133, 1026, -77;
-27, 270, -13, 230, -534, -306, -108, 1053, -51;
-25, 273, -10, 257, -515, -296, -97, 1065, -41;
-34, 264, -20, 208, -573, -325, -134, 1030, -78;
-24, 274, -9, 281, -508, -292, -95, 1071, -38;
-30, 268, -16, 251, -545, -311, -120, 1048, -63;
-29, 270, -14, 270, -534, -305, -114, 1055, -58;
-30, 270, -15, 273, -538, -307, -118, 1053, -61;
-31, 269, -17, 276, -543, -309, -122, 1050, -66;
-33, 267, -19, 272, -553, -314, -130, 1043, -74;
-28, 272, -14, 312, -520, -297, -111, 1064, -55;
-23, 278, -8, 356, -483, -278, -89, 1087, -33;
-27, 274, -13, 334, -511, -292, -109, 1069, -53;
-27, 275, -13, 347, -504, -288, -106, 1073, -50;
-28, 274, -14, 347, -510, -291, -111, 1068, -56;
-30, 272, -16, 342, -521, -296, -120, 1061, -65;
-31, 272, -16, 350, -519, -294, -121, 1062, -66;
-30, 272, -16, 360, -514, -292, -119, 1064, -65;
-27, 276, -13, 388, -491, -280, -107, 1077, -53;
-30, 273, -17, 375, -508, -288, -120, 1065, -66;
-29, 275, -15, 393, -495, -281, -114, 1072, -60;
-30, 274, -16, 396, -496, -281, -117, 1070, -63;
-28, 276, -15, 413, -484, -275, -111, 1077, -58;
-29, 275, -15, 417, -484, -274, -113, 1076, -61;
-26, 279, -12, 443, -461, -263, -101, 1088, -50;
-26, 278, -13, 448, -460, -262, -103, 1087, -52;
-25, 279, -12, 461, -451, -257, -99, 1091, -49;
-25, 280, -12, 469, -446, -254, -99, 1093, -48;
-25, 280, -12, 474, -443, -252, -100, 1092, -50;
-24, 281, -11, 490, -430, -245, -94, 1099, -44;
-24, 281, -11, 496, -426, -243, -94, 1099, -45;
-20, 285, -7, 527, -397, -228, -78, 1115, -30;
-26, 280, -13, 497, -429, -243, -101, 1093, -53;
-23, 282, -11, 518, -410, -233, -92, 1102, -45;
-17, 288, -5, 562, -367, -212, -68, 1126, -22;
-16, 289, -5, 572, -359, -207, -65, 1129, -20;
-24, 281, -13, 529, -403, -228, -95, 1099, -50;
-19, 287, -8, 566, -366, -210, -75, 1119, -31;
-23, 283, -12, 547, -386, -219, -91, 1104, -47;
-23, 283, -12, 550, -383, -217, -91, 1103, -49;
-20, 285, -9, 574, -360, -205, -80, 1115, -38;
-22, 283, -12, 565, -368, -208, -88, 1107, -47;
-15, 290, -5, 613, -320, -184, -61, 1133, -21;
-15, 291, -4, 622, -311, -179, -58, 1136, -19;
-20, 285, -11, 589, -343, -194, -81, 1113, -42;
-14, 291, -4, 632, -299, -172, -57, 1137, -19;
-21, 284, -12, 592, -337, -190, -84, 1110, -47;
-21, 284, -12, 596, -332, -187, -84, 1110, -48;
-17, 288, -8, 623, -303, -172, -69, 1124, -34;
-17, 288, -9, 625, -299, -169, -69, 1123, -35;
-18, 287, -9, 627, -295, -167, -70, 1122, -36;
-18, 287, -10, 627, -293, -165, -72, 1119, -40;
-19, 286, -10, 627, -290, -163, -74, 1117, -42;
-14, 290, -6, 658, -256, -146, -56, 1134, -25;
-10, 294, -2, 686, -225, -130, -40, 1149, -10;
-10, 294, -2, 688, -220, -126, -40, 1149, -11;
-17, 287, -10, 646, -258, -145, -67, 1121, -39;
-12, 292, -5, 679, -221, -126, -48, 1139, -21;
-10, 294, -3, 694, -202, -116, -39, 1147, -13;
-11, 292, -5, 684, -208, -118, -46, 1139, -21;
-7, 296, -1, 714, -173, -100, -28, 1156, -4;
-10, 293, -4, 696, -186, -106, -40, 1143, -17;
-8, 294, -3, 706, -172, -98, -34, 1148, -12;
-13, 289, -8, 679, -194, -109, -52, 1129, -31;
-11, 291, -6, 691, -177, -100, -44, 1136, -25;
-9, 293, -4, 706, -156, -89, -35, 1144, -16;
-12, 289, -7, 685, -171, -95, -48, 1130, -30;
-5, 296, -1, 727, -123, -71, -22, 1155, -5;
-6, 294, -2, 719, -125, -71, -26, 1149, -11;
-4, 296, 0, 733, -105, -61, -18, 1156, -3;
-3, 296, 0, 737, -94, -55, -15, 1158, -1;
-7, 293, -4, 715, -109, -61, -27, 1143, -15;
0, 299, 2, 756, -61, -37, -1, 1168, 9;
-5, 294, -2, 726, -85, -48, -19, 1148, -9;
-7, 291, -5, 706, -96, -53, -30, 1136, -21;
-7, 290, -5, 704, -91, -50, -31, 1134, -23;
-6, 292, -4, 713, -75, -41, -24, 1139, -17;
-2, 295, -1, 733, -46, -26, -10, 1151, -4;
0, 296, 0, 745, -26, -16, -1, 1158, 2;
0, 297, 1, 748, -15, -9, 1, 1159, 4;
3, 300, 4, 768, 12, 5, 15, 1172, 17;
3, 300, 4, 765, 19, 8, 15, 1170, 16;
-4, 290, -4, 708, -29, -14, -18, 1134, -18;
-4, 290, -4, 706, -22, -10, -17, 1133, -18;
4, 299, 4, 761, 41, 22, 18, 1167, 16;
1, 295, 0, 733, 24, 13, 3, 1150, 0;
6, 299, 4, 761, 61, 33, 23, 1168, 18;
0, 293, -1, 720, 30, 18, 0, 1143, -5;
-1, 290, -3, 705, 25, 16, -6, 1134, -13;
0, 291, -2, 708, 38, 23, -1, 1136, -9;
8, 300, 6, 762, 102, 56, 34, 1170, 25;
8, 298, 5, 753, 104, 57, 31, 1165, 21;
2, 292, 0, 714, 76, 44, 10, 1142, 0;
7, 297, 4, 740, 112, 63, 29, 1159, 17;
3, 292, 0, 711, 94, 54, 14, 1141, 1;
8, 296, 4, 734, 128, 72, 32, 1157, 18;
3, 291, 0, 700, 106, 62, 14, 1137, 0;
10, 297, 6, 738, 154, 87, 41, 1161, 25;
9, 296, 5, 725, 154, 87, 37, 1155, 19;
8, 294, 3, 714, 154, 88, 34, 1149, 15;
9, 295, 4, 715, 167, 95, 38, 1151, 18;
12, 297, 7, 725, 189, 106, 48, 1158, 27;
14, 298, 8, 729, 205, 115, 55, 1162, 33;
6, 289, 0, 673, 160, 93, 24, 1129, 1;
14, 296, 8, 716, 217, 122, 55, 1158, 31;
14, 296, 8, 713, 225, 127, 57, 1157, 32;
6, 287, 0, 653, 178, 104, 24, 1121, -1;
8, 288, 1, 657, 195, 113, 32, 1126, 5;
14, 294, 7, 688, 239, 135, 55, 1147, 27;
17, 296, 10, 702, 266, 150, 69, 1158, 40;
11, 289, 3, 653, 230, 132, 43, 1129, 13;
15, 293, 7, 673, 263, 149, 60, 1143, 29;
11, 288, 3, 642, 245, 141, 46, 1126, 14;
17, 294, 9, 671, 287, 163, 69, 1147, 36;
16, 292, 8, 657, 287, 163, 65, 1141, 32;
10, 285, 1, 608, 252, 146, 40, 1112, 6;
19, 294, 10, 660, 317, 179, 77, 1147, 42;
17, 291, 8, 636, 307, 175, 68, 1135, 32;
11, 284, 2, 591, 275, 159, 45, 1109, 8;
22, 294, 12, 649, 347, 196, 87, 1148, 49;
15, 286, 5, 597, 309, 177, 60, 1118, 22;
16, 286, 6, 591, 318, 182, 63, 1117, 23;
17, 287, 7, 591, 332, 190, 68, 1120, 28;
16, 285, 6, 576, 331, 190, 65, 1114, 24;
22, 291, 12, 605, 374, 212, 89, 1135, 47;
16, 284, 5, 556, 339, 195, 64, 1107, 22;
21, 288, 10, 578, 376, 214, 84, 1124, 41;
19, 285, 8, 554, 366, 209, 75, 1112, 31;
19, 284, 7, 543, 369, 211, 74, 1108, 29;
19, 283, 7, 534, 374, 214, 75, 1105, 29;
18, 281, 6, 517, 372, 214, 70, 1098, 24;
21, 283, 8, 524, 394, 225, 81, 1106, 35;
25, 287, 13, 542, 426, 242, 99, 1121, 51;
23, 285, 11, 522, 420, 239, 93, 1111, 45;
27, 288, 15, 536, 449, 254, 108, 1124, 60;
27, 287, 14, 523, 451, 255, 107, 1119, 57;
20, 279, 7, 470, 412, 237, 80, 1090, 30;
24, 282, 11, 481, 438, 250, 94, 1100, 44;
27, 284, 14, 492, 464, 263, 108, 1111, 57;
24, 280, 10, 458, 445, 254, 93, 1094, 42;
28, 283, 14, 473, 474, 269, 110, 1107, 58;
28, 283, 15, 464, 480, 272, 111, 1105, 58;
22, 276, 9, 417, 448, 257, 89, 1079, 36;
20, 274, 7, 394, 439, 253, 81, 1069, 28;
30, 283, 16, 443, 503, 285, 119, 1103, 65;
29, 281, 15, 427, 501, 285, 116, 1097, 62;
26, 277, 12, 395, 484, 277, 103, 1082, 49;
28, 279, 14, 398, 502, 286, 112, 1088, 58;
31, 280, 17, 402, 521, 295, 122, 1094, 67;
28, 277, 14, 375, 508, 289, 112, 1082, 57;
29, 277, 15, 369, 517, 294, 116, 1082, 60;
28, 275, 14, 350, 512, 292, 111, 1074, 55;
26, 272, 12, 325, 502, 287, 103, 1063, 47;
31, 277, 17, 346, 537, 305, 123, 1081, 67;
31, 276, 16, 332, 537, 306, 122, 1076, 66;
25, 269, 11, 283, 503, 288, 99, 1050, 43;
28, 271, 13, 290, 524, 299, 110, 1059, 54;
26, 268, 11, 264, 511, 293, 101, 1047, 45;
29, 271, 15, 273, 535, 306, 115, 1057, 58;
32, 273, 18, 283, 559, 318, 128, 1068, 72;
32, 272, 18, 270, 560, 318, 127, 1064, 71;
34, 273, 19, 268, 572, 324, 134, 1067, 77;
34, 273, 19, 256, 574, 326, 134, 1064, 77;
34, 272, 19, 244, 576, 327, 134, 1062, 77;
25, 262, 10, 175, 520, 299, 98, 1023, 42;
31, 267, 16, 199, 558, 318, 121, 1043, 64;
26, 262, 11, 158, 530, 304, 102, 1022, 46;
25, 261, 11, 143, 529, 304, 101, 1017, 45;
31, 266, 17, 167, 566, 323, 123, 1037, 68;
34, 268, 20, 175, 587, 333, 135, 1046, 80;
33, 266, 19, 154, 579, 330, 130, 1038, 74;
32, 264, 18, 135, 573, 327, 125, 1031, 70;
32, 264, 18, 127, 578, 329, 128, 1031, 73;
29, 260, 15, 95, 559, 320, 116, 1016, 61;
31, 261, 17, 96, 573, 327, 123, 1021, 69;
35, 264, 21, 107, 596, 339, 138, 1033, 84;
35, 264, 21, 94, 596, 339, 137, 1030, 84;
28, 257, 15, 43, 557, 319, 112, 1002, 59;
27, 255, 14, 25, 551, 316, 109, 996, 56;
26, 253, 13, 7, 545, 313, 105, 990, 53;
35, 261, 22, 49, 599, 340, 138, 1020, 87;
29, 254, 16, -2, 559, 320, 113, 993, 62;
33, 258, 20, 13, 586, 334, 130, 1008, 80;
32, 256, 19, -6, 578, 330, 125, 1000, 75;
28, 252, 16, -39, 557, 319, 112, 984, 62;
29, 252, 17, -44, 563, 322, 115, 986, 67;
31, 253, 18, -47, 571, 326, 121, 989, 73;
28, 250, 15, -78, 551, 316, 109, 975, 62;
29, 251, 17, -78, 562, 321, 116, 980, 69;
28, 249, 17, -96, 554, 318, 112, 973, 66;
34, 255, 23, -69, 592, 336, 135, 995, 90;
28, 248, 17, -119, 552, 316, 111, 968, 67;
26, 245, 15, -145, 536, 308, 101, 957, 58;
34, 253, 23, -104, 587, 334, 134, 987, 91;
33, 251, 22, -124, 577, 329, 128, 980, 87;
32, 250, 22, -137, 573, 326, 127, 976, 86;
28, 245, 18, -174, 546, 313, 111, 958, 71;
32, 248, 22, -161, 568, 324, 125, 970, 86;
30, 247, 21, -180, 558, 319, 120, 963, 82;
35, 251, 25, -162, 585, 332, 137, 979, 100;
31, 246, 22, -198, 558, 318, 121, 961, 85;
26, 241, 17, -238, 526, 302, 103, 941, 68;
27, 241, 18, -245, 528, 303, 105, 942, 71;
29, 243, 20, -241, 539, 308, 113, 948, 81;
34, 248, 26, -217, 572, 324, 135, 968, 103;
27, 240, 19, -272, 524, 300, 107, 938, 76;
25, 238, 17, -294, 510, 293, 99, 929, 69;
30, 242, 22, -275, 536, 306, 117, 945, 88;
33, 245, 26, -264, 555, 315, 130, 957, 103;
26, 237, 19, -319, 507, 291, 101, 927, 75;
23, 235, 17, -342, 490, 282, 92, 916, 68;
23, 234, 17, -353, 486, 279, 91, 914, 68;
27, 238, 22, -335, 510, 291, 108, 930, 86;
32, 242, 26, -316, 535, 304, 125, 946, 105;
31, 241, 26, -330, 528, 299, 122, 942, 103;
28, 238, 23, -358, 505, 288, 110, 928, 92;
25, 234, 20, -388, 481, 275, 97, 914, 80;
22, 231, 18, -411, 463, 266, 88, 903, 72;
26, 235, 23, -392, 487, 278, 105, 920, 91;
28, 237, 25, -387, 497, 282, 113, 926, 100;
21, 229, 18, -443, 445, 256, 83, 896, 72;
22, 230, 20, -443, 449, 258, 87, 899, 78;
29, 237, 27, -409, 488, 277, 114, 925, 106;
28, 236, 26, -422, 479, 272, 110, 921, 104;
22, 230, 21, -464, 441, 253, 89, 898, 84;
21, 228, 20, -482, 426, 245, 82, 891, 78;
23, 230, 23, -472, 439, 251, 92, 900, 90;
26, 233, 26, -461, 453, 258, 103, 911, 103;
28, 235, 28, -459, 458, 260, 109, 916, 110;
27, 234, 28, -469, 450, 255, 106, 913, 109;
27, 234, 28, -474, 448, 254, 107, 914, 112;
20, 227, 22, -525, 400, 229, 80, 886, 86;
26, 233, 28, -493, 434, 246, 104, 909, 111;
22, 228, 24, -528, 400, 228, 86, 891, 95;
17, 224, 20, -560, 370, 213, 69, 874, 80;
23, 229, 26, -531, 400, 227, 90, 895, 103;
20, 226, 23, -557, 375, 214, 78, 882, 92;
22, 229, 27, -544, 388, 221, 89, 893, 105;
25, 231, 29, -536, 397, 225, 97, 902, 115;
22, 228, 27, -559, 375, 213, 86, 891, 106;
14, 220, 20, -612, 322, 186, 56, 860, 78;
22, 229, 28, -564, 369, 209, 89, 893, 112;
15, 222, 22, -613, 320, 184, 61, 865, 86;
21, 228, 28, -579, 353, 200, 85, 889, 111;
18, 224, 25, -606, 326, 186, 71, 876, 99;
13, 220, 21, -637, 294, 169, 54, 859, 84;
15, 222, 24, -627, 302, 173, 62, 867, 94;
17, 224, 26, -622, 306, 174, 67, 873, 102;
14, 221, 23, -643, 283, 162, 56, 862, 92;
13, 219, 22, -656, 268, 154, 50, 857, 88;
17, 224, 27, -633, 289, 164, 66, 874, 106;
9, 216, 20, -683, 237, 137, 37, 845, 79;
15, 222, 26, -651, 266, 151, 59, 867, 102;
13, 220, 25, -664, 250, 143, 52, 861, 98;
18, 226, 30, -635, 276, 155, 72, 881, 119;
14, 222, 27, -662, 246, 139, 56, 866, 105;
8, 216, 21, -700, 203, 118, 33, 844, 84;
11, 219, 24, -685, 215, 123, 44, 856, 97;
13, 221, 27, -675, 221, 125, 51, 864, 106;
10, 219, 25, -692, 200, 114, 41, 855, 99;
15, 224, 30, -664, 224, 125, 59, 874, 118;
14, 223, 30, -669, 214, 120, 57, 873, 118;
13, 223, 29, -675, 203, 114, 53, 870, 116;
13, 223, 30, -678, 194, 109, 52, 870, 117;
5, 215, 22, -728, 139, 81, 21, 840, 88;
3, 213, 20, -743, 119, 70, 12, 832, 81;
5, 215, 23, -729, 127, 73, 20, 842, 91;
5, 216, 23, -731, 120, 69, 20, 842, 92;
8, 220, 27, -708, 137, 77, 34, 858, 108;
8, 220, 28, -708, 129, 73, 33, 858, 109;
2, 214, 22, -748, 83, 49, 8, 835, 86;
1, 214, 22, -749, 76, 45, 6, 835, 87;
1, 213, 22, -752, 66, 39, 4, 834, 87;
8, 221, 30, -704, 106, 58, 33, 864, 117;
2, 215, 24, -743, 60, 35, 8, 841, 94;
3, 217, 25, -735, 60, 34, 11, 846, 100;
0, 213, 22, -759, 29, 18, -3, 832, 86;
4, 219, 28, -719, 60, 33, 19, 857, 111;
-1, 213, 22, -757, 15, 10, -5, 834, 88;
2, 217, 26, -732, 31, 17, 8, 849, 104;
-2, 214, 23, -756, 0, 0, -7, 835, 90;
0, 216, 25, -744, 2, 1, -2, 842, 97;
3, 220, 29, -714, 22, 11, 14, 861, 116;
3, 221, 30, -712, 15, 7, 13, 862, 117;
0, 219, 28, -724, -5, -4, 3, 854, 109;
1, 220, 29, -717, -7, -5, 6, 859, 113;
1, 220, 29, -716, -16, -10, 4, 859, 114;
-1, 218, 27, -726, -36, -21, -4, 853, 107;
0, 219, 28, -719, -39, -23, -2, 857, 111;
-1, 219, 28, -720, -50, -29, -5, 855, 109;
-3, 218, 26, -728, -68, -39, -13, 850, 103;
-3, 218, 26, -726, -76, -44, -14, 851, 104;
-4, 217, 26, -727, -88, -50, -18, 849, 102;
-9, 213, 22, -751, -123, -68, -36, 833, 86;
-7, 216, 24, -735, -118, -66, -29, 843, 94;
-5, 218, 26, -716, -110, -63, -21, 853, 105;
-5, 219, 27, -713, -118, -68, -22, 854, 105;
-4, 221, 28, -699, -115, -67, -17, 862, 112;
-5, 221, 28, -697, -125, -72, -19, 862, 111;
-4, 222, 29, -689, -129, -75, -18, 866, 114;
-7, 220, 27, -699, -150, -86, -28, 858, 106;
-11, 216, 23, -722, -186, -105, -46, 843, 90;
-12, 216, 23, -717, -193, -109, -47, 844, 90;
-7, 222, 28, -678, -166, -96, -27, 867, 112;
-12, 217, 23, -706, -206, -117, -49, 848, 92;
-8, 221, 27, -676, -188, -108, -34, 865, 108;
-13, 218, 23, -696, -221, -126, -51, 851, 93;
-14, 217, 23, -697, -235, -133, -56, 848, 90;
-15, 217, 22, -697, -248, -140, -61, 846, 87;
-13, 220, 25, -675, -239, -136, -52, 858, 97;
-14, 219, 24, -675, -252, -143, -57, 856, 94;
-17, 217, 22, -683, -273, -154, -67, 849, 86;
-15, 220, 24, -665, -268, -153, -60, 858, 93;
-11, 224, 28, -634, -251, -144, -46, 875, 109;
-14, 223, 26, -640, -270, -154, -55, 869, 102;
-19, 218, 21, -663, -307, -173, -74, 853, 84;
-20, 218, 21, -660, -317, -179, -78, 852, 82;
-15, 223, 25, -625, -296, -169, -62, 871, 99;
-21, 218, 20, -652, -336, -190, -83, 852, 79;
-17, 222, 24, -621, -319, -182, -70, 869, 94;
-20, 220, 21, -629, -341, -193, -80, 861, 85;
-19, 222, 23, -612, -338, -193, -75, 869, 91;
-20, 222, 22, -609, -350, -199, -80, 868, 88;
-22, 221, 20, -613, -368, -208, -88, 862, 81;
-16, 228, 27, -564, -333, -191, -63, 890, 107;
-16, 229, 27, -554, -338, -194, -63, 893, 109;
-17, 229, 27, -549, -347, -199, -66, 893, 107;
-18, 227, 25, -552, -363, -208, -74, 889, 101;
-20, 227, 24, -551, -377, -215, -79, 886, 96;
-24, 224, 21, -566, -407, -231, -95, 873, 81;
-20, 228, 24, -534, -389, -222, -81, 890, 96;
-17, 232, 28, -503, -373, -215, -68, 906, 110;
-25, 225, 20, -544, -428, -243, -100, 877, 79;
-26, 225, 20, -538, -437, -248, -103, 877, 78;
-23, 228, 23, -510, -423, -241, -92, 891, 90;
-20, 233, 27, -476, -404, -232, -78, 909, 105;
-20, 233, 27, -465, -408, -235, -78, 912, 106;
-26, 228, 21, -495, -452, -257, -103, 890, 82;
-24, 231, 23, -472, -443, -253, -95, 901, 91;
-20, 236, 28, -433, -419, -241, -78, 921, 109;
-22, 234, 25, -436, -438, -251, -87, 915, 101;
-22, 235, 25, -427, -443, -254, -88, 917, 100;
-25, 232, 22, -436, -467, -266, -100, 908, 89;
-25, 234, 23, -421, -466, -266, -98, 913, 92;
-20, 239, 28, -383, -443, -255, -81, 933, 109;
-21, 239, 27, -374, -449, -258, -83, 934, 108;
-23, 238, 25, -376, -465, -267, -91, 929, 100;
-21, 240, 27, -355, -459, -264, -85, 938, 107;
-23, 240, 26, -352, -470, -270, -90, 936, 102;
-27, 236, 22, -368, -500, -286, -107, 922, 86;
-22, 242, 27, -325, -473, -272, -88, 944, 106;
-31, 234, 18, -368, -530, -301, -122, 914, 72;
-29, 237, 20, -343, -520, -296, -114, 925, 81;
-31, 235, 18, -346, -537, -305, -123, 919, 72;
-27, 240, 22, -309, -514, -294, -107, 937, 88;
-23, 245, 26, -272, -491, -283, -92, 956, 104;
-24, 245, 26, -265, -499, -287, -95, 956, 102;
-33, 236, 17, -311, -559, -317, -131, 923, 66;
-29, 241, 21, -274, -536, -306, -115, 941, 82;
-26, 245, 24, -244, -520, -298, -104, 956, 93;
-25, 247, 25, -222, -512, -295, -98, 964, 100;
-29, 244, 21, -235, -538, -308, -113, 952, 85;
-31, 242, 19, -238, -556, -317, -123, 945, 75;
-28, 246, 22, -205, -536, -307, -109, 962, 89;
-33, 241, 17, -227, -572, -325, -131, 943, 67;
-34, 241, 16, -222, -580, -329, -135, 942, 63;
-28, 248, 22, -173, -545, -312, -112, 968, 86;
-30, 247, 21, -169, -554, -317, -117, 966, 81;
-27, 250, 23, -142, -541, -310, -107, 978, 91;
-28, 250, 22, -136, -548, -314, -111, 977, 87;
-30, 249, 20, -135, -560, -320, -118, 973, 80;
-35, 245, 15, -155, -593, -337, -138, 955, 60;
-35, 245, 15, -144, -596, -338, -139, 957, 59;
-27, 254, 23, -81, -545, -313, -106, 992, 91;
-30, 252, 20, -87, -564, -323, -118, 983, 79;
-28, 254, 22, -63, -552, -317, -110, 994, 86;
-35, 248, 15, -95, -597, -339, -138, 969, 59;
-31, 252, 18, -61, -575, -328, -123, 986, 72;
-34, 251, 16, -63, -589, -335, -132, 979, 63;
-30, 255, 20, -27, -565, -323, -117, 997, 78;
-30, 256, 20, -15, -565, -323, -117, 1000, 78;
-31, 255, 18, -12, -575, -328, -123, 996, 71;
-30, 257, 19, 7, -566, -324, -117, 1004, 76;
-33, 254, 15, -3, -588, -335, -131, 992, 62;
-28, 260, 20, 39, -556, -319, -111, 1015, 81;
-27, 262, 21, 58, -549, -315, -107, 1022, 85;
-36, 253, 12, 14, -604, -343, -141, 989, 49;
-32, 258, 16, 52, -576, -329, -125, 1008, 66;
-33, 258, 15, 56, -583, -332, -129, 1006, 60;
-34, 257, 14, 60, -590, -336, -134, 1004, 55;
-25, 266, 22, 124, -537, -309, -101, 1039, 87;
-34, 258, 14, 84, -587, -334, -133, 1009, 54;
-29, 264, 18, 125, -556, -318, -114, 1030, 72;
-26, 267, 21, 157, -534, -307, -101, 1045, 84;
-28, 265, 18, 151, -550, -315, -112, 1036, 72;
-34, 260, 12, 126, -584, -332, -133, 1016, 50;
-26, 268, 20, 184, -536, -308, -104, 1047, 78;
-30, 265, 15, 171, -559, -319, -119, 1034, 62;
-33, 262, 12, 163, -575, -327, -130, 1025, 49;
-26, 270, 19, 220, -527, -303, -101, 1056, 77;
-33, 263, 12, 183, -573, -325, -131, 1028, 47;
-33, 264, 11, 192, -572, -325, -131, 1029, 45;
-27, 270, 17, 242, -530, -304, -107, 1056, 69;
-34, 264, 10, 208, -572, -325, -134, 1030, 40;
-32, 266, 11, 230, -559, -318, -127, 1039, 46;
-26, 273, 17, 278, -518, -297, -103, 1065, 69;
-29, 270, 14, 270, -534, -305, -114, 1055, 56;
-29, 270, 13, 276, -536, -306, -116, 1054, 52;
-31, 269, 11, 276, -543, -309, -122, 1050, 45;
-26, 274, 16, 317, -509, -292, -103, 1071, 63;
-27, 273, 14, 319, -513, -293, -107, 1068, 58;
-25, 276, 16, 341, -497, -285, -99, 1078, 64;
-29, 272, 11, 322, -523, -298, -116, 1061, 45;
-29, 272, 11, 333, -519, -295, -115, 1063, 44;
-30, 272, 10, 335, -522, -297, -119, 1061, 39;
-29, 273, 10, 349, -514, -292, -116, 1065, 41;
-30, 272, 9, 351, -518, -294, -120, 1062, 35;
-29, 274, 10, 369, -505, -287, -114, 1069, 39;
-23, 279, 15, 411, -468, -268, -93, 1091, 58;
-30, 273, 8, 377, -506, -287, -119, 1067, 31;
-26, 277, 11, 408, -481, -274, -105, 1081, 43;
-27, 277, 10, 413, -480, -273, -106, 1081, 40;
-28, 276, 9, 416, -481, -274, -109, 1078, 35;
-28, 276, 8, 421, -480, -273, -111, 1078, 31;
-21, 283, 14, 472, -432, -248, -83, 1106, 57;
-28, 276, 6, 433, -475, -269, -112, 1078, 26;
-26, 278, 8, 453, -459, -261, -104, 1086, 32;
-24, 280, 9, 472, -442, -252, -96, 1095, 38;
-25, 280, 8, 475, -443, -252, -99, 1093, 34;
-20, 285, 13, 513, -407, -233, -79, 1113, 51;
-18, 287, 14, 533, -389, -224, -71, 1122, 58;
-22, 283, 10, 514, -410, -234, -87, 1107, 40;
-25, 280, 6, 499, -428, -243, -100, 1094, 25;
-23, 282, 8, 518, -410, -233, -91, 1102, 31;
-19, 286, 11, 547, -382, -219, -77, 1117, 43;
-22, 283, 7, 535, -396, -225, -88, 1106, 30;
-16, 289, 13, 578, -354, -204, -65, 1130, 51;
-24, 282, 5, 535, -397, -225, -95, 1100, 19;
-22, 284, 6, 552, -381, -216, -87, 1108, 24;
-23, 283, 4, 551, -382, -216, -91, 1104, 18;
-21, 285, 6, 570, -363, -207, -82, 1113, 25;
-13, 292, 13, 621, -313, -181, -54, 1141, 51;
-23, 283, 3, 567, -366, -207, -89, 1105, 13;
-14, 292, 11, 626, -307, -177, -56, 1139, 44;
-18, 288, 7, 607, -325, -185, -70, 1124, 28;
-14, 291, 10, 633, -297, -171, -56, 1138, 39;
-14, 291, 9, 637, -292, -168, -56, 1138, 37;
-17, 288, 6, 622, -306, -174, -68, 1126, 23;
-15, 290, 6, 635, -291, -166, -62, 1131, 27;
-16, 289, 6, 636, -288, -164, -63, 1130, 23;
-11, 294, 10, 670, -252, -145, -43, 1149, 40;
-15, 289, 5, 645, -275, -156, -61, 1130, 20;
-15, 289, 4, 647, -269, -153, -61, 1130, 17;
-11, 294, 8, 679, -235, -135, -43, 1147, 33;
-15, 290, 4, 656, -254, -144, -58, 1131, 15;
-8, 296, 9, 699, -208, -121, -33, 1156, 38;
-9, 295, 8, 694, -210, -121, -38, 1150, 31;
-12, 291, 4, 676, -224, -128, -49, 1138, 16;
-9, 295, 7, 701, -195, -113, -35, 1151, 28;
-10, 293, 5, 693, -198, -113, -40, 1145, 20;
-15, 288, 0, 666, -222, -124, -58, 1126, 0;
-11, 292, 3, 690, -192, -109, -43, 1140, 12;
-9, 293, 4, 703, -175, -100, -36, 1146, 17;
-14, 288, -1, 673, -200, -112, -55, 1126, -4;
-11, 291, 0, 689, -179, -101, -45, 1134, 2;
-11, 291, 0, 693, -169, -95, -43, 1136, 2;
-7, 294, 3, 717, -139, -79, -28, 1150, 14;
-11, 289, -1, 688, -162, -91, -46, 1130, -6;
-2, 299, 7, 748, -97, -57, -9, 1166, 28;
-9, 292, 0, 704, -133, -75, -35, 1138, 0;
-1, 299, 7, 754, -77, -46, -4, 1168, 28;
-2, 298, 5, 747, -78, -46, -8, 1163, 21;
-4, 295, 2, 733, -85, -48, -16, 1153, 10;
-6, 293, 0, 718, -92, -52, -24, 1143, 0;
-8, 291, -2, 705, -98, -54, -31, 1135, -10;
-6, 292, -1, 714, -81, -45, -24, 1140, -5;
0, 297, 3, 750, -38, -22, -1, 1162, 14;
0, 298, 3, 751, -29, -17, 0, 1162, 13;
-1, 295, 0, 736, -35, -20, -7, 1153, 3;
0, 297, 2, 751, -12, -8, 3, 1161, 11;
3, 299, 4, 763, 8, 2, 12, 1169, 18;
-1, 294, 0, 733, -13, -7, -4, 1150, -1;
-4, 290, -4, 707, -29, -14, -18, 1134, -18;
1, 296, 1, 745, 16, 8, 6, 1157, 3;
0, 294, -1, 732, 13, 7, 0, 1149, -4;
0, 294, -1, 732, 22, 13, 3, 1150, -5;
0, 293, -2, 723, 23, 14, 0, 1144, -10;
0, 292, -3, 718, 27, 17, -1, 1141, -14;
3, 296, 0, 740, 59, 33, 15, 1155, -1;
0, 292, -3, 717, 47, 28, 3, 1142, -15;
3, 294, -2, 728, 68, 39, 13, 1149, -8;
7, 298, 1, 752, 102, 57, 30, 1164, 6;
0, 290, -6, 701, 62, 37, 2, 1134, -24;
4, 294, -2, 722, 94, 54, 18, 1148, -11;
8, 297, 0, 739, 122, 68, 32, 1159, 0;
5, 294, -3, 717, 111, 64, 21, 1146, -13;
10, 298, 0, 742, 148, 83, 40, 1163, 3;
5, 293, -4, 708, 125, 72, 23, 1143, -17;
12, 299, 1, 746, 175, 97, 50, 1168, 7;
4, 290, -6, 690, 129, 75, 18, 1134, -26;
10, 295, -1, 719, 171, 97, 41, 1153, -7;
6, 291, -6, 689, 152, 88, 25, 1136, -25;
9, 293, -4, 699, 175, 100, 36, 1144, -17;
10, 293, -4, 699, 187, 106, 40, 1145, -15;
11, 294, -3, 699, 199, 113, 44, 1147, -14;
14, 296, -1, 708, 221, 125, 54, 1154, -6;
10, 291, -6, 678, 203, 116, 40, 1137, -23;
15, 296, -1, 706, 244, 137, 62, 1156, -4;
15, 295, -2, 695, 246, 139, 59, 1151, -9;
9, 288, -9, 649, 213, 123, 36, 1125, -35;
11, 289, -7, 653, 230, 132, 43, 1129, -30;
18, 296, 0, 693, 283, 159, 73, 1156, -3;
14, 291, -6, 657, 260, 148, 55, 1136, -23;
15, 291, -5, 655, 271, 154, 59, 1137, -22;
19, 295, -2, 674, 304, 171, 76, 1151, -8;
12, 286, -10, 618, 262, 151, 46, 1119, -39;
17, 291, -5, 642, 299, 170, 66, 1136, -22;
11, 284, -12, 596, 267, 155, 43, 1110, -47;
12, 284, -11, 593, 278, 161, 47, 1110, -46;
15, 287, -8, 607, 306, 175, 61, 1122, -34;
20, 292, -4, 630, 343, 194, 81, 1139, -17;
16, 287, -9, 594, 320, 183, 64, 1119, -36;
17, 287, -8, 591, 332, 190, 68, 1120, -34;
20, 289, -6, 600, 354, 202, 79, 1128, -25;
22, 290, -4, 605, 373, 212, 88, 1134, -19;
24, 292, -3, 607, 390, 221, 96, 1139, -13;
18, 285, -9, 561, 358, 205, 73, 1113, -38;
25, 291, -4, 591, 402, 227, 98, 1134, -16;
19, 284, -10, 543, 370, 212, 75, 1108, -41;
18, 282, -12, 526, 367, 211, 70, 1101, -48;
20, 283, -10, 531, 386, 221, 79, 1107, -41;
16, 279, -14, 499, 368, 212, 66, 1090, -57;
20, 282, -11, 511, 395, 226, 80, 1101, -45;
27, 288, -5, 541, 440, 249, 105, 1124, -21;
23, 283, -9, 507, 420, 240, 90, 1106, -38;
26, 286, -6, 520, 448, 254, 105, 1117, -26;
20, 278, -14, 465, 408, 234, 78, 1087, -55;
21, 279, -13, 462, 420, 241, 82, 1089, -52;
27, 284, -7, 491, 463, 263, 107, 1110, -30;
29, 285, -6, 490, 476, 270, 113, 1113, -26;
22, 278, -13, 439, 440, 252, 88, 1085, -52;
26, 281, -9, 454, 470, 268, 105, 1099, -38;
25, 279, -11, 435, 465, 266, 99, 1090, -45;
26, 280, -10, 431, 477, 272, 104, 1092, -42;
22, 274, -15, 391, 451, 259, 86, 1071, -62;
30, 282, -8, 430, 505, 286, 118, 1099, -32;
23, 274, -15, 375, 464, 266, 90, 1069, -61;
27, 277, -11, 391, 495, 282, 108, 1083, -45;
22, 272, -16, 350, 468, 269, 89, 1062, -66;
32, 280, -8, 396, 529, 300, 125, 1095, -31;
30, 278, -10, 375, 522, 297, 119, 1086, -39;
29, 276, -11, 355, 517, 294, 114, 1077, -46;
29, 275, -11, 345, 522, 297, 115, 1076, -46;
23, 268, -18, 294, 485, 279, 91, 1048, -72;
31, 275, -11, 330, 535, 304, 120, 1075, -44;
29, 273, -13, 307, 526, 300, 114, 1065, -52;
33, 276, -9, 322, 556, 315, 130, 1079, -37;
33, 275, -10, 309, 556, 316, 129, 1075, -40;
25, 266, -18, 245, 507, 291, 97, 1040, -73;
29, 270, -14, 264, 540, 308, 116, 1056, -55;
34, 274, -10, 278, 568, 322, 132, 1069, -40;
30, 269, -14, 243, 547, 312, 118, 1052, -56;
28, 266, -16, 218, 535, 306, 110, 1041, -65;
33, 271, -11, 239, 570, 324, 130, 1058, -46;
26, 263, -19, 180, 525, 302, 101, 1027, -76;
33, 270, -12, 215, 574, 326, 131, 1053, -48;
25, 261, -20, 152, 524, 302, 99, 1018, -81;
25, 260, -21, 139, 525, 302, 98, 1015, -83;
31, 265, -15, 166, 565, 322, 122, 1036, -60;
26, 260, -20, 123, 535, 307, 103, 1014, -80;
28, 261, -18, 126, 551, 316, 112, 1021, -72;
29, 261, -18, 119, 557, 319, 115, 1021, -70;
33, 264, -14, 129, 580, 330, 129, 1032, -57;
35, 266, -12, 133, 597, 339, 139, 1039, -48;
27, 257, -21, 67, 544, 312, 106, 1003, -82;
28, 258, -19, 66, 555, 318, 112, 1007, -77;
33, 261, -15, 81, 582, 332, 129, 1021, -61;
29, 257, -19, 47, 561, 321, 115, 1005, -75;
29, 257, -19, 37, 564, 322, 116, 1004, -75;
31, 258, -18, 33, 571, 326, 121, 1006, -71;
33, 259, -16, 34, 584, 333, 129, 1011, -64;
36, 261, -13, 41, 604, 343, 141, 1021, -52;
34, 259, -15, 21, 595, 338, 135, 1013, -58;
34, 259, -15, 10, 595, 338, 135, 1011, -58;
34, 258, -15, -5, 591, 336, 133, 1006, -62;
30, 253, -19, -40, 567, 324, 118, 989, -77;
26, 249, -23, -74, 544, 313, 104, 973, -91;
28, 250, -22, -77, 552, 317, 110, 976, -86;
30, 252, -19, -72, 567, 324, 119, 983, -77;
33, 254, -16, -64, 586, 333, 131, 993, -65;
27, 247, -23, -114, 547, 314, 107, 967, -90;
34, 254, -15, -79, 592, 336, 136, 993, -61;
31, 251, -18, -109, 572, 326, 124, 979, -73;
31, 250, -19, -122, 569, 325, 123, 976, -75;
29, 248, -21, -144, 557, 319, 116, 967, -82;
27, 244, -23, -172, 538, 309, 105, 954, -93;
26, 243, -24, -187, 533, 306, 103, 950, -95;
29, 246, -21, -178, 552, 315, 115, 960, -83;
28, 244, -22, -196, 542, 311, 110, 953, -88;
34, 250, -16, -169, 578, 328, 133, 975, -65;
34, 249, -16, -178, 578, 328, 134, 974, -64;
25, 240, -25, -246, 518, 298, 98, 936, -100;
25, 239, -25, -257, 516, 297, 98, 934, -100;
25, 239, -25, -264, 516, 297, 99, 934, -99;
30, 243, -20, -245, 544, 310, 117, 951, -80;
30, 243, -20, -255, 542, 309, 117, 949, -80;
28, 241, -22, -277, 527, 301, 110, 940, -87;
29, 241, -21, -281, 530, 303, 113, 941, -84;
31, 243, -18, -274, 545, 310, 124, 951, -73;
31, 242, -19, -288, 538, 306, 121, 946, -76;
28, 239, -22, -315, 517, 295, 109, 934, -86;
23, 234, -26, -352, 486, 280, 92, 915, -104;
31, 241, -19, -314, 531, 302, 121, 943, -74;
24, 234, -25, -367, 484, 278, 94, 914, -101;
27, 237, -22, -357, 500, 286, 105, 925, -89;
31, 241, -18, -336, 527, 299, 124, 942, -70;
29, 239, -19, -357, 512, 291, 116, 933, -77;
24, 233, -25, -402, 472, 271, 93, 909, -99;
25, 234, -23, -400, 479, 274, 99, 914, -92;
30, 239, -18, -378, 506, 287, 118, 932, -73;
24, 233, -24, -422, 466, 267, 96, 908, -95;
22, 230, -26, -442, 450, 258, 88, 900, -102;
28, 236, -20, -415, 481, 274, 109, 921, -79;
24, 232, -23, -445, 456, 260, 96, 906, -92;
22, 230, -25, -466, 439, 252, 87, 897, -100;
25, 233, -22, -452, 456, 260, 100, 909, -86;
19, 227, -28, -497, 414, 238, 77, 885, -109;
28, 235, -18, -448, 466, 264, 111, 919, -73;
21, 228, -26, -501, 416, 239, 83, 890, -101;
19, 226, -27, -518, 401, 231, 76, 883, -107;
18, 225, -27, -529, 393, 226, 73, 880, -108;
21, 227, -25, -521, 404, 231, 83, 888, -98;
22, 228, -24, -521, 406, 231, 86, 892, -93;
23, 229, -22, -519, 409, 233, 91, 896, -87;
16, 222, -29, -570, 360, 208, 63, 868, -114;
17, 223, -28, -570, 361, 208, 66, 871, -110;
16, 223, -28, -578, 354, 204, 65, 869, -110;
17, 224, -26, -576, 357, 205, 69, 874, -105;
20, 226, -23, -563, 370, 211, 81, 885, -92;
21, 227, -22, -565, 369, 210, 83, 887, -89;
21, 227, -22, -571, 363, 206, 82, 886, -89;
23, 229, -19, -559, 374, 211, 92, 896, -77;
21, 227, -22, -579, 354, 201, 82, 887, -86;
17, 223, -25, -608, 324, 186, 67, 871, -100;
18, 224, -24, -606, 326, 186, 71, 875, -95;
16, 222, -25, -622, 309, 177, 63, 868, -101;
14, 220, -27, -640, 290, 167, 54, 860, -108;
15, 222, -25, -633, 295, 169, 61, 867, -100;
16, 223, -24, -631, 295, 168, 64, 870, -96;
14, 221, -26, -646, 278, 159, 56, 863, -102;
19, 226, -20, -616, 306, 173, 77, 884, -79;
18, 225, -21, -629, 290, 164, 71, 878, -85;
14, 221, -25, -655, 262, 149, 56, 864, -98;
17, 224, -21, -639, 275, 155, 68, 877, -84;
9, 216, -29, -692, 219, 127, 36, 846, -115;
11, 218, -27, -684, 224, 129, 43, 853, -106;
8, 216, -29, -701, 202, 117, 33, 844, -115;
13, 221, -23, -670, 230, 131, 53, 865, -92;
7, 216, -29, -709, 187, 108, 30, 842, -115;
12, 221, -24, -680, 211, 120, 48, 862, -94;
15, 224, -21, -664, 224, 125, 59, 874, -81;
9, 218, -26, -701, 182, 104, 37, 853, -102;
10, 220, -24, -693, 185, 105, 42, 859, -95;
6, 215, -28, -724, 149, 86, 23, 841, -113;
7, 217, -27, -718, 149, 86, 27, 846, -107;
8, 218, -26, -712, 150, 86, 31, 851, -101;
7, 218, -26, -715, 141, 80, 29, 851, -102;
2, 213, -30, -745, 105, 62, 10, 833, -118;
10, 222, -21, -694, 150, 84, 42, 866, -85;
6, 218, -25, -719, 119, 67, 26, 852, -99;
7, 219, -24, -716, 115, 65, 27, 854, -96;
6, 218, -25, -720, 104, 59, 24, 853, -97;
9, 222, -21, -700, 117, 65, 36, 866, -84;
5, 218, -24, -722, 88, 50, 22, 853, -96;
0, 214, -29, -753, 50, 30, 2, 835, -114;
0, 214, -29, -752, 43, 26, 1, 835, -114;
3, 217, -25, -731, 56, 32, 13, 849, -100;
2, 217, -26, -736, 44, 25, 9, 847, -102;
0, 215, -27, -747, 24, 14, 0, 840, -108;
1, 217, -25, -735, 28, 15, 6, 847, -101;
3, 219, -23, -722, 32, 17, 13, 856, -92;
0, 216, -27, -744, 2, 1, -2, 843, -106;
2, 219, -23, -720, 16, 8, 10, 857, -91;
-5, 212, -31, -768, -40, -20, -21, 827, -121;
-1, 216, -26, -742, -22, -12, -6, 844, -104;
-3, 215, -27, -746, -36, -20, -11, 841, -107;
-3, 215, -27, -747, -47, -26, -14, 840, -108;
-2, 217, -25, -732, -42, -24, -7, 849, -100;
-6, 213, -29, -757, -77, -42, -26, 833, -116;
-5, 215, -27, -743, -73, -41, -19, 841, -108;
-3, 218, -25, -728, -68, -39, -13, 850, -99;
-8, 213, -30, -756, -106, -59, -33, 832, -117;
-8, 214, -29, -749, -111, -61, -32, 835, -114;
-5, 217, -26, -730, -102, -58, -23, 847, -103;
-4, 218, -25, -718, -101, -58, -19, 853, -97;
-1, 222, -21, -694, -88, -52, -7, 867, -83;
-10, 214, -29, -740, -145, -81, -39, 838, -113;
-9, 216, -28, -730, -147, -83, -36, 843, -109;
-7, 218, -25, -712, -141, -80, -29, 852, -100;
-3, 223, -21, -683, -123, -72, -14, 869, -83;
-9, 218, -26, -712, -163, -93, -36, 850, -103;
-9, 218, -26, -706, -169, -96, -36, 853, -101;
-9, 219, -25, -697, -173, -99, -35, 857, -98;
-15, 214, -30, -730, -217, -122, -59, 835, -120;
-8, 222, -23, -678, -178, -103, -31, 866, -90;
-8, 222, -22, -670, -183, -106, -31, 868, -88;
-13, 217, -27, -699, -224, -127, -53, 849, -108;
-10, 221, -24, -674, -212, -122, -42, 862, -95;
-15, 217, -28, -694, -245, -138, -59, 848, -110;
-11, 221, -24, -665, -229, -131, -46, 864, -95;
-10, 223, -22, -650, -227, -131, -41, 871, -89;
-17, 217, -29, -685, -275, -155, -67, 848, -113;
-18, 217, -29, -684, -287, -162, -72, 847, -115;
-10, 225, -21, -627, -244, -141, -42, 879, -83;
-18, 218, -28, -667, -297, -168, -72, 852, -111;
-10, 227, -20, -609, -253, -146, -41, 886, -79;
-12, 226, -21, -613, -270, -156, -49, 881, -85;
-20, 218, -29, -655, -326, -184, -80, 853, -114;
-21, 218, -29, -653, -337, -190, -84, 852, -116;
-13, 226, -21, -595, -294, -169, -54, 885, -84;
-19, 222, -26, -622, -334, -190, -76, 866, -104;
-19, 223, -26, -610, -336, -191, -74, 870, -101;
-21, 221, -27, -614, -355, -201, -82, 865, -108;
-17, 226, -23, -582, -337, -193, -68, 882, -92;
-23, 221, -29, -609, -378, -214, -91, 862, -113;
-22, 222, -27, -596, -379, -215, -89, 867, -109;
-15, 230, -20, -540, -337, -194, -60, 899, -78;
-22, 224, -26, -575, -387, -220, -88, 874, -104;
-21, 226, -24, -556, -382, -218, -82, 883, -97;
-25, 222, -28, -574, -415, -235, -100, 868, -113;
-22, 226, -25, -544, -399, -228, -88, 884, -99;
-18, 231, -20, -506, -376, -216, -70, 904, -80;
-22, 228, -24, -524, -408, -233, -88, 890, -95;
-22, 229, -23, -512, -410, -234, -87, 894, -93;
-19, 232, -20, -483, -396, -228, -75, 908, -80;
-21, 231, -22, -488, -416, -238, -85, 901, -88;
-19, 234, -19, -462, -404, -233, -75, 914, -77;
-24, 229, -24, -485, -442, -252, -96, 896, -96;
-24, 231, -23, -469, -441, -252, -93, 902, -91;
-25, 230, -24, -469, -455, -259, -100, 899, -96;
-24, 232, -22, -448, -449, -257, -94, 908, -89;
-22, 235, -20, -424, -440, -253, -86, 919, -79;
-27, 231, -25, -447, -478, -272, -107, 901, -99;
-30, 228, -28, -456, -501, -284, -120, 892, -110;
-28, 232, -25, -427, -487, -277, -109, 906, -98;
-22, 238, -19, -383, -458, -263, -89, 929, -76;
-29, 232, -26, -415, -504, -286, -115, 905, -101;
-29, 233, -25, -400, -503, -286, -113, 910, -98;
-31, 232, -27, -402, -521, -295, -122, 905, -105;
-30, 233, -26, -388, -520, -296, -120, 910, -102;
-31, 233, -26, -383, -530, -301, -124, 908, -105;
-24, 241, -19, -326, -487, -280, -96, 940, -75;
-32, 233, -27, -365, -541, -307, -127, 911, -105;
-32, 234, -26, -354, -545, -309, -128, 914, -105;
-30, 237, -24, -329, -534, -304, -120, 925, -95;
-30, 238, -24, -317, -536, -305, -120, 928, -94;
-27, 242, -20, -283, -516, -295, -106, 945, -79;
-28, 241, -21, -279, -527, -301, -111, 943, -82;
-29, 241, -22, -274, -536, -306, -115, 941, -86;
-27, 243, -20, -251, -527, -302, -108, 951, -78;
-32, 240, -23, -265, -555, -316, -125, 938, -93;
-30, 243, -21, -242, -546, -312, -118, 948, -85;
-26, 247, -17, -207, -524, -301, -103, 965, -69;
-28, 246, -19, -209, -540, -309, -112, 959, -77;
-27, 247, -18, -192, -537, -308, -109, 965, -73;
-27, 248, -18, -178, -537, -308, -108, 969, -71;
-26, 250, -16, -158, -530, -304, -102, 977, -64;
-28, 249, -18, -158, -544, -311, -110, 972, -71;
-25, 253, -15, -128, -527, -303, -99, 986, -59;
-26, 253, -15, -120, -532, -306, -101, 987, -60;
-31, 248, -21, -144, -569, -325, -124, 967, -82;
-32, 247, -21, -138, -577, -328, -127, 966, -85;
-32, 248, -21, -124, -576, -328, -126, 970, -83;
-29, 251, -18, -97, -561, -321, -116, 982, -72;
-28, 254, -16, -73, -550, -315, -109, 992, -64;
-33, 249, -22, -98, -587, -334, -132, 972, -86;
-29, 254, -17, -56, -558, -320, -113, 993, -67;
-31, 252, -19, -62, -576, -329, -124, 985, -77;
-31, 253, -19, -50, -576, -329, -124, 987, -76;
-29, 255, -17, -26, -564, -323, -116, 998, -68;
-33, 252, -21, -38, -588, -335, -131, 985, -82;
-33, 253, -21, -27, -589, -335, -132, 987, -82;
-34, 253, -21, -21, -594, -338, -135, 986, -85;
-36, 252, -23, -19, -604, -343, -141, 983, -90;
-34, 254, -21, 3, -592, -337, -134, 992, -82;
-34, 255, -20, 17, -589, -335, -132, 996, -80;
-32, 257, -19, 37, -581, -331, -127, 1003, -75;
-34, 256, -20, 40, -589, -335, -132, 1000, -80;
-31, 259, -17, 68, -572, -326, -122, 1013, -69;
-36, 255, -22, 49, -601, -341, -140, 997, -87;
-30, 261, -16, 95, -566, -323, -119, 1020, -65;
-34, 258, -20, 81, -590, -335, -135, 1007, -80;
-28, 264, -14, 128, -553, -317, -112, 1032, -57;
-34, 259, -20, 105, -586, -333, -133, 1012, -78;
-30, 264, -15, 142, -559, -319, -117, 1031, -62;
-35, 259, -21, 117, -594, -337, -139, 1010, -84;
-26, 268, -12, 183, -537, -308, -105, 1047, -49;
-35, 260, -20, 142, -587, -333, -137, 1017, -81;
-25, 270, -11, 211, -527, -303, -100, 1055, -44;
-32, 264, -18, 180, -567, -323, -126, 1031, -70;
-28, 268, -14, 212, -543, -311, -113, 1047, -56;
-28, 269, -14, 223, -541, -309, -112, 1049, -56;
-33, 265, -18, 206, -567, -322, -129, 1033, -73;
-29, 269, -14, 242, -539, -308, -113, 1051, -56;
-24, 274, -10, 279, -509, -293, -96, 1070, -39;
-25, 273, -11, 283, -514, -295, -100, 1067, -44;
-28, 271, -14, 272, -532, -304, -112, 1057, -56;
-29, 271, -14, 281, -530, -303, -113, 1057, -57;
-28, 272, -14, 293, -525, -300, -111, 1061, -55;
-26, 274, -11, 318, -508, -291, -102, 1072, -46;
-27, 273, -13, 316, -516, -295, -109, 1066, -52;
-24, 276, -10, 344, -495, -284, -97, 1079, -41;
-26, 275, -12, 344, -501, -287, -102, 1075, -47;
-30, 272, -15, 330, -521, -297, -117, 1062, -61;
-27, 275, -13, 356, -501, -286, -106, 1074, -50;
-26, 276, -12, 368, -495, -283, -104, 1077, -49;
-25, 277, -11, 385, -483, -277, -99, 1084, -44;
-31, 271, -17, 353, -520, -295, -123, 1060, -69;
-31, 272, -17, 366, -513, -291, -121, 1063, -67;
-31, 272, -17, 373, -510, -289, -121, 1064, -67;
-21, 283, -7, 444, -444, -256, -82, 1104, -29;
-30, 274, -16, 395, -498, -282, -118, 1069, -65;
-27, 276, -14, 417, -480, -273, -108, 1079, -56;
-20, 284, -6, 474, -427, -246, -78, 1111, -26;
-26, 278, -12, 443, -462, -263, -102, 1088, -50;
-26, 278, -13, 446, -462, -263, -104, 1086, -53;
-26, 279, -13, 458, -453, -258, -101, 1090, -50;
-23, 282, -10, 483, -432, -247, -90, 1101, -40;
-26, 279, -14, 467, -450, -256, -104, 1088, -54;
-27, 278, -14, 469, -450, -255, -107, 1086, -57;
-27, 278, -15, 472, -450, -255, -109, 1084, -60;
-22, 283, -9, 515, -410, -234, -86, 1107, -38;
-27, 279, -14, 491, -436, -247, -105, 1089, -57;
-25, 280, -13, 504, -425, -241, -101, 1093, -54;
-23, 282, -11, 524, -406, -231, -92, 1103, -45;
-16, 289, -4, 573, -358, -206, -65, 1130, -19;
-22, 284, -10, 543, -389, -221, -87, 1108, -42;
-20, 286, -8, 563, -370, -211, -78, 1117, -33;
-19, 287, -7, 573, -360, -206, -74, 1121, -31;
-22, 283, -11, 555, -379, -215, -89, 1106, -46;
-19, 286, -9, 578, -355, -203, -77, 1118, -35;
-21, 285, -11, 572, -361, -205, -84, 1111, -42;
-15, 291, -5, 615, -318, -183, -60, 1135, -19;
-17, 289, -6, 609, -323, -185, -66, 1129, -26;
-19, 287, -9, 599, -333, -189, -75, 1119, -36;
-19, 287, -9, 604, -327, -186, -74, 1120, -36;
-14, 292, -4, 639, -290, -167, -55, 1139, -17;
-17, 289, -7, 624, -304, -173, -66, 1127, -30;
-14, 292, -5, 646, -280, -161, -54, 1138, -19;
-11, 294, -2, 666, -258, -149, -44, 1148, -10;
-10, 295, -1, 676, -246, -143, -40, 1152, -6;
-14, 291, -6, 652, -267, -153, -56, 1135, -24;
-14, 291, -6, 655, -262, -149, -56, 1135, -24;
-13, 291, -5, 664, -250, -143, -52, 1138, -21;
-9, 296, -1, 694, -217, -126, -35, 1155, -5;
-15, 289, -7, 658, -250, -142, -59, 1130, -30;
-12, 292, -4, 678, -225, -129, -47, 1141, -19;
-14, 289, -7, 663, -237, -134, -57, 1130, -30;
-6, 298, 0, 718, -178, -104, -24, 1162, 1;
-14, 289, -7, 670, -222, -125, -55, 1130, -30;
-13, 290, -7, 676, -212, -120, -52, 1132, -28;
-11, 292, -5, 690, -193, -110, -44, 1139, -21;
-5, 298, 0, 728, -150, -87, -20, 1162, 0;
-9, 293, -4, 702, -170, -97, -37, 1144, -16;
-8, 294, -3, 711, -157, -89, -32, 1148, -12;
-5, 296, -1, 726, -136, -79, -22, 1156, -4;
-12, 289, -8, 683, -173, -96, -49, 1129, -31;
-9, 292, -4, 706, -144, -81, -35, 1141, -18;
-10, 290, -6, 695, -149, -83, -42, 1133, -26;
-8, 292, -5, 707, -131, -73, -34, 1140, -19;
-2, 298, 0, 744, -87, -51, -10, 1162, 2;
-9, 291, -6, 702, -122, -68, -36, 1135, -23;
0, 299, 2, 755, -62, -37, -2, 1167, 8;
-2, 297, 0, 742, -69, -40, -9, 1158, 0;
-9, 290, -6, 700, -103, -57, -35, 1131, -26;
-4, 294, -2, 729, -66, -37, -15, 1149, -7;
-5, 292, -3, 719, -69, -38, -21, 1142, -14;
-1, 296, 0, 742, -37, -22, -5, 1157, 0;
-2, 295, -1, 733, -39, -22, -9, 1150, -5;
-6, 290, -5, 707, -55, -29, -23, 1134, -20;
-5, 290, -5, 707, -47, -25, -22, 1134, -19;
-3, 292, -3, 717, -29, -15, -14, 1140, -13;
-1, 293, -1, 725, -11, -5, -7, 1145, -7;
-2, 292, -2, 720, -8, -3, -8, 1142, -9;
3, 298, 3, 756, 36, 19, 15, 1164, 13;
3, 297, 2, 751, 41, 22, 14, 1161, 11;
0, 292, -2, 718, 18, 11, -3, 1141, -7;
6, 299, 5, 763, 72, 39, 26, 1169, 21;
4, 297, 3, 746, 66, 36, 19, 1159, 12;
7, 299, 5, 757, 87, 48, 28, 1167, 20;
4, 296, 2, 737, 77, 43, 18, 1154, 9;
8, 299, 5, 755, 106, 58, 33, 1167, 23;
9, 299, 6, 757, 118, 65, 37, 1169, 26;
4, 294, 1, 722, 94, 54, 18, 1148, 6;
2, 291, -1, 700, 83, 49, 8, 1135, -5;
7, 295, 3, 729, 123, 70, 29, 1154, 14;
6, 294, 2, 716, 121, 69, 24, 1147, 9;
5, 292, 1, 705, 122, 70, 21, 1141, 4;
5, 291, 0, 697, 125, 73, 19, 1137, 2;
6, 292, 2, 703, 143, 82, 27, 1142, 8;
4, 290, 0, 684, 135, 79, 19, 1131, 0;
6, 291, 1, 688, 151, 87, 25, 1135, 4;
11, 295, 6, 714, 189, 107, 45, 1153, 23;
9, 292, 3, 694, 182, 104, 37, 1142, 14;
9, 291, 3, 685, 185, 106, 35, 1138, 11;
9, 291, 3, 682, 194, 111, 38, 1138, 13;
11, 292, 4, 686, 211, 120, 45, 1142, 19;
9, 290, 2, 666, 204, 118, 37, 1132, 10;
9, 289, 2, 661, 212, 122, 38, 1130, 10;
17, 296, 9, 698, 261, 147, 66, 1155, 37;
16, 295, 8, 688, 264, 149, 64, 1151, 35;
16, 294, 8, 680, 270, 153, 65, 1148, 34;
14, 291, 6, 658, 261, 149, 55, 1136, 24;
13, 290, 5, 646, 263, 150, 54, 1132, 21;
19, 295, 10, 674, 304, 171, 76, 1151, 42;
14, 289, 5, 631, 275, 157, 54, 1127, 20;
19, 293, 9, 654, 311, 176, 74, 1143, 38;
17, 291, 8, 638, 309, 175, 69, 1136, 33;
18, 290, 8, 632, 316, 180, 71, 1134, 34;
17, 289, 8, 620, 318, 181, 69, 1130, 31;
22, 293, 12, 640, 352, 199, 87, 1145, 48;
15, 285, 5, 587, 314, 180, 60, 1115, 20;
19, 289, 9, 604, 345, 196, 76, 1128, 36;
22, 291, 12, 614, 368, 209, 88, 1137, 47;
22, 290, 11, 603, 372, 211, 87, 1133, 45;
18, 286, 7, 570, 353, 202, 73, 1116, 30;
19, 285, 7, 562, 359, 205, 74, 1114, 30;
22, 288, 11, 574, 385, 219, 87, 1124, 43;
23, 288, 11, 567, 393, 224, 89, 1123, 45;
25, 289, 13, 572, 412, 234, 98, 1129, 53;
18, 282, 6, 519, 374, 215, 72, 1100, 26;
24, 287, 12, 549, 418, 237, 97, 1121, 50;
20, 282, 8, 512, 396, 227, 80, 1102, 33;
23, 284, 10, 518, 416, 237, 90, 1109, 42;
23, 283, 10, 508, 421, 240, 91, 1106, 42;
21, 280, 8, 483, 411, 235, 82, 1094, 32;
20, 279, 7, 467, 410, 235, 79, 1088, 29;
20, 278, 7, 460, 417, 239, 81, 1087, 30;
21, 278, 8, 452, 424, 243, 83, 1086, 32;
20, 276, 6, 433, 420, 241, 78, 1078, 26;
27, 283, 14, 470, 471, 268, 108, 1105, 56;
21, 276, 8, 423, 439, 252, 85, 1079, 33;
24, 279, 11, 431, 461, 264, 97, 1088, 44;
25, 278, 11, 421, 466, 266, 98, 1086, 45;
23, 276, 10, 402, 462, 264, 93, 1078, 39;
22, 273, 8, 379, 454, 261, 86, 1068, 32;
21, 272, 7, 365, 454, 261, 84, 1063, 30;
26, 276, 12, 381, 485, 277, 101, 1077, 47;
30, 280, 16, 399, 517, 294, 120, 1092, 65;
28, 276, 14, 372, 505, 288, 110, 1080, 55;
26, 274, 12, 351, 499, 285, 105, 1071, 49;
22, 269, 8, 312, 474, 273, 88, 1051, 32;
26, 273, 12, 328, 504, 288, 105, 1065, 49;
28, 273, 13, 324, 514, 294, 109, 1067, 53;
25, 270, 11, 298, 503, 288, 101, 1055, 44;
32, 276, 17, 325, 545, 309, 125, 1076, 69;
27, 270, 12, 283, 517, 296, 106, 1054, 50;
32, 274, 17, 304, 551, 313, 126, 1072, 70;
32, 274, 18, 292, 554, 315, 126, 1069, 70;
30, 271, 16, 269, 545, 310, 119, 1059, 63;
32, 272, 18, 268, 558, 317, 126, 1063, 70;
34, 273, 20, 269, 573, 325, 134, 1068, 78;
29, 268, 14, 224, 542, 310, 114, 1045, 57;
30, 268, 16, 220, 552, 315, 119, 1047, 63;
31, 268, 16, 212, 557, 317, 121, 1046, 65;
29, 266, 15, 192, 550, 314, 116, 1038, 60;
29, 265, 15, 177, 549, 314, 114, 1034, 58;
26, 261, 12, 149, 535, 307, 104, 1021, 49;
27, 261, 13, 140, 539, 309, 106, 1020, 50;
28, 261, 14, 134, 546, 313, 110, 1021, 55;
35, 268, 20, 165, 590, 335, 136, 1045, 81;
28, 261, 14, 114, 552, 316, 112, 1018, 57;
32, 264, 18, 127, 579, 330, 128, 1031, 73;
34, 265, 20, 126, 590, 335, 135, 1035, 80;
31, 261, 17, 96, 572, 327, 123, 1021, 69;
29, 258, 15, 68, 557, 319, 113, 1008, 60;
33, 262, 19, 83, 585, 333, 130, 1023, 77;
35, 263, 21, 83, 597, 339, 137, 1027, 85;
29, 257, 16, 35, 561, 321, 115, 1002, 62;
28, 255, 15, 17, 555, 318, 111, 996, 59;
36, 262, 23, 55, 605, 343, 142, 1024, 91;
31, 257, 18, 11, 573, 327, 122, 1002, 71;
34, 259, 21, 21, 595, 338, 135, 1013, 85;
35, 260, 23, 16, 601, 341, 139, 1015, 90;
30, 254, 18, -27, 569, 325, 119, 992, 70;
36, 259, 24, -1, 605, 343, 142, 1013, 94;
35, 257, 22, -22, 596, 339, 137, 1005, 89;
30, 252, 18, -62, 567, 324, 118, 984, 71;
34, 255, 22, -50, 589, 335, 133, 997, 86;
35, 256, 23, -54, 596, 339, 138, 999, 92;
31, 252, 20, -88, 573, 327, 123, 983, 78;
30, 250, 19, -105, 566, 324, 120, 977, 76;
27, 246, 16, -137, 544, 312, 107, 962, 63;
26, 245, 15, -153, 539, 309, 104, 957, 61;
29, 247, 18, -145, 555, 318, 115, 966, 73;
32, 249, 21, -141, 570, 325, 124, 974, 84;
28, 246, 18, -171, 549, 314, 112, 960, 72;
32, 249, 22, -157, 572, 325, 127, 973, 88;
29, 245, 19, -191, 547, 313, 113, 956, 75;
35, 251, 25, -162, 585, 332, 138, 979, 101;
24, 240, 15, -237, 518, 298, 97, 937, 61;
29, 243, 20, -222, 542, 310, 113, 951, 78;
25, 240, 17, -253, 520, 299, 100, 936, 66;
31, 245, 23, -226, 554, 316, 123, 957, 90;
26, 240, 18, -266, 523, 300, 104, 938, 73;
27, 240, 19, -270, 526, 301, 108, 939, 77;
24, 236, 16, -303, 501, 288, 93, 923, 64;
26, 239, 19, -295, 516, 296, 104, 933, 76;
27, 239, 20, -301, 517, 296, 106, 933, 79;
29, 241, 22, -297, 529, 301, 115, 940, 89;
26, 237, 19, -328, 505, 289, 101, 926, 77;
30, 241, 24, -310, 529, 301, 118, 941, 95;
29, 239, 23, -327, 518, 295, 113, 934, 91;
31, 242, 26, -319, 533, 302, 124, 944, 103;
26, 236, 21, -358, 499, 285, 105, 924, 85;
26, 235, 21, -371, 492, 281, 102, 920, 84;
24, 234, 20, -390, 478, 274, 95, 912, 79;
29, 238, 25, -368, 505, 287, 114, 930, 99;
30, 239, 27, -369, 510, 289, 119, 934, 105;
23, 231, 19, -424, 460, 264, 90, 903, 77;
22, 230, 19, -438, 450, 259, 86, 899, 75;
26, 234, 24, -418, 475, 271, 103, 915, 94;
22, 230, 20, -450, 447, 256, 88, 899, 80;
23, 231, 22, -451, 450, 257, 92, 902, 85;
28, 235, 26, -431, 473, 269, 109, 919, 104;
23, 231, 22, -465, 443, 253, 92, 901, 89;
23, 230, 22, -477, 434, 249, 89, 898, 87;
28, 235, 28, -449, 465, 263, 111, 918, 110;
19, 226, 20, -511, 407, 234, 77, 884, 78;
21, 228, 22, -507, 413, 237, 83, 890, 86;
23, 230, 24, -502, 421, 240, 91, 897, 95;
20, 227, 22, -525, 399, 229, 80, 885, 86;
26, 233, 28, -491, 435, 246, 105, 910, 112;
23, 229, 25, -521, 407, 232, 90, 895, 99;
26, 232, 29, -507, 422, 239, 102, 907, 113;
19, 225, 22, -555, 376, 215, 76, 880, 88;
25, 231, 29, -523, 409, 231, 99, 903, 113;
19, 226, 24, -564, 369, 211, 77, 881, 93;
17, 223, 21, -587, 347, 199, 66, 870, 84;
22, 228, 27, -558, 376, 213, 87, 891, 107;
15, 222, 21, -603, 331, 190, 62, 866, 83;
22, 228, 27, -569, 364, 206, 85, 890, 109;
15, 222, 22, -613, 320, 184, 61, 866, 86;
13, 220, 20, -629, 304, 175, 54, 858, 81;
21, 227, 28, -587, 345, 195, 82, 887, 111;
13, 219, 21, -639, 291, 168, 52, 857, 83;
12, 219, 20, -649, 281, 162, 49, 854, 81;
20, 226, 29, -604, 324, 183, 79, 884, 113;
14, 221, 24, -642, 284, 163, 57, 863, 93;
14, 221, 24, -645, 279, 160, 57, 864, 95;
10, 217, 20, -676, 246, 142, 40, 847, 79;
18, 225, 28, -629, 291, 164, 71, 878, 113;
15, 222, 26, -649, 268, 152, 60, 868, 103;
11, 218, 22, -679, 235, 135, 43, 852, 88;
8, 215, 20, -699, 211, 123, 31, 841, 79;
14, 221, 26, -665, 243, 138, 54, 865, 104;
10, 218, 23, -690, 214, 123, 40, 851, 91;
11, 219, 25, -684, 216, 123, 44, 856, 98;
7, 216, 21, -710, 186, 108, 29, 842, 84;
8, 217, 23, -705, 187, 108, 33, 847, 90;
12, 221, 27, -684, 204, 115, 47, 862, 106;
13, 222, 29, -674, 208, 117, 53, 869, 114;
5, 214, 21, -729, 149, 87, 20, 837, 83;
5, 215, 22, -726, 147, 85, 22, 840, 87;
6, 216, 23, -722, 145, 84, 25, 844, 91;
8, 218, 26, -710, 152, 87, 33, 853, 101;
3, 214, 21, -741, 115, 68, 13, 835, 84;
3, 214, 22, -739, 111, 65, 14, 837, 87;
1, 212, 20, -752, 92, 55, 6, 830, 81;
7, 219, 27, -715, 123, 70, 29, 854, 105;
7, 219, 27, -716, 115, 65, 27, 854, 106;
6, 219, 27, -717, 107, 60, 26, 854, 107;
5, 218, 26, -725, 93, 53, 21, 851, 103;
3, 216, 24, -738, 72, 42, 12, 843, 96;
3, 217, 25, -734, 68, 39, 13, 846, 99;
7, 221, 30, -705, 90, 49, 30, 865, 119;
6, 221, 29, -710, 78, 42, 26, 862, 116;
4, 219, 28, -722, 58, 32, 17, 855, 110;
3, 218, 27, -725, 46, 25, 14, 854, 108;
0, 214, 23, -752, 11, 7, -3, 837, 92;
3, 220, 28, -719, 35, 19, 15, 858, 113;
3, 219, 28, -721, 24, 13, 11, 856, 111;
4, 221, 30, -710, 26, 13, 16, 863, 118;
1, 219, 27, -725, 2, 0, 5, 854, 109;
-3, 214, 23, -751, -32, -17, -12, 838, 92;
0, 218, 27, -726, -16, -10, 0, 853, 108;
-5, 213, 22, -759, -58, -32, -21, 833, 87;
-7, 212, 21, -766, -76, -41, -28, 828, 82;
-1, 218, 27, -725, -45, -26, -6, 853, 107;
-3, 216, 25, -736, -65, -37, -15, 846, 100;
-5, 215, 24, -744, -84, -47, -23, 840, 94;
-8, 213, 21, -758, -109, -60, -34, 830, 84;
-9, 213, 21, -755, -117, -64, -36, 832, 84;
-4, 218, 26, -722, -94, -54, -18, 852, 104;
-1, 222, 30, -695, -78, -46, -4, 867, 119;
-6, 218, 26, -721, -115, -66, -24, 850, 101;
-8, 216, 24, -728, -133, -75, -32, 845, 95;
-12, 213, 20, -749, -166, -92, -48, 831, 81;
-10, 216, 23, -728, -156, -88, -39, 843, 92;
-4, 222, 29, -687, -127, -74, -17, 867, 115;
-8, 219, 26, -706, -157, -90, -32, 854, 102;
-12, 215, 22, -723, -187, -105, -47, 842, 89;
-12, 215, 22, -721, -197, -111, -50, 842, 88;
-10, 219, 25, -697, -184, -105, -39, 855, 101;
-6, 223, 29, -667, -167, -97, -24, 872, 116;
-13, 216, 22, -707, -220, -124, -54, 846, 89;
-12, 219, 25, -689, -214, -122, -47, 855, 98;
-12, 220, 25, -682, -220, -125, -47, 858, 99;
-11, 221, 26, -669, -220, -126, -44, 864, 104;
-16, 216, 21, -696, -260, -147, -65, 845, 84;
-8, 225, 30, -637, -214, -124, -33, 880, 118;
-15, 219, 24, -671, -261, -148, -59, 857, 93;
-11, 224, 28, -640, -243, -140, -44, 874, 109;
-17, 218, 22, -671, -288, -163, -69, 852, 86;
-14, 222, 25, -644, -274, -156, -57, 867, 100;
-19, 217, 20, -668, -312, -176, -77, 849, 81;
-16, 222, 25, -635, -292, -167, -62, 868, 97;
-14, 224, 26, -619, -290, -166, -58, 875, 103;
-18, 222, 23, -630, -315, -179, -70, 865, 92;
-12, 228, 30, -584, -282, -163, -47, 892, 117;
-17, 224, 25, -609, -322, -184, -68, 873, 97;
-20, 221, 22, -618, -345, -196, -79, 865, 87;
-15, 227, 27, -581, -321, -185, -62, 885, 106;
-21, 222, 22, -606, -361, -205, -83, 867, 86;
-23, 220, 20, -612, -380, -215, -93, 861, 78;
-20, 224, 23, -583, -366, -208, -81, 875, 91;
-21, 224, 23, -576, -374, -213, -83, 876, 90;
-22, 224, 22, -572, -384, -218, -86, 876, 88;
-18, 229, 26, -539, -365, -209, -72, 893, 103;
-16, 232, 29, -516, -357, -206, -64, 905, 113;
-18, 231, 27, -517, -372, -214, -70, 901, 107;
-26, 223, 19, -557, -426, -241, -102, 873, 77;
-22, 228, 23, -524, -408, -233, -88, 890, 92;
-24, 227, 22, -523, -422, -240, -94, 887, 87;
-18, 233, 28, -478, -391, -225, -72, 911, 110;
-26, 226, 20, -516, -444, -252, -103, 884, 80;
-27, 226, 20, -511, -454, -257, -106, 884, 78;
-20, 234, 27, -457, -414, -238, -79, 914, 106;
-22, 232, 24, -462, -433, -248, -89, 907, 97;
-28, 228, 19, -485, -471, -267, -110, 889, 77;
-20, 236, 27, -427, -429, -246, -81, 921, 106;
-29, 228, 19, -468, -484, -274, -113, 892, 75;
-29, 228, 18, -462, -492, -279, -116, 892, 73;
-25, 234, 23, -422, -467, -267, -99, 913, 91;
-29, 231, 19, -435, -495, -281, -114, 901, 77;
-28, 232, 20, -417, -492, -280, -110, 908, 81;
-25, 236, 24, -387, -476, -272, -98, 923, 94;
-26, 235, 22, -385, -489, -279, -104, 920, 88;
-26, 236, 22, -374, -492, -281, -104, 922, 89;
-22, 241, 27, -334, -467, -269, -87, 943, 107;
-31, 233, 18, -378, -526, -298, -121, 911, 73;
-32, 233, 17, -373, -535, -303, -125, 911, 69;
-24, 241, 25, -314, -490, -281, -96, 943, 99;
-29, 238, 21, -329, -520, -297, -113, 929, 83;
-23, 244, 27, -282, -487, -280, -91, 954, 105;
-25, 243, 25, -282, -502, -288, -98, 949, 98;
-23, 245, 26, -262, -495, -285, -93, 958, 104;
-33, 236, 17, -310, -558, -316, -130, 924, 67;
-32, 239, 18, -290, -552, -314, -125, 932, 72;
-31, 240, 19, -274, -550, -313, -122, 937, 75;
-30, 241, 20, -258, -548, -312, -120, 942, 78;
-26, 247, 24, -217, -521, -299, -102, 963, 96;
-34, 240, 16, -254, -572, -325, -132, 936, 65;
-26, 247, 24, -197, -529, -303, -105, 966, 93;
-30, 245, 20, -206, -551, -315, -117, 956, 81;
-27, 248, 23, -177, -536, -307, -107, 970, 91;
-28, 248, 22, -170, -542, -311, -110, 970, 88;
-28, 249, 22, -158, -544, -312, -110, 972, 88;
-29, 249, 21, -151, -550, -315, -113, 972, 85;
-29, 249, 21, -144, -557, -318, -116, 971, 82;
-26, 253, 24, -109, -535, -307, -102, 988, 96;
-25, 254, 24, -95, -534, -307, -101, 992, 97;
-29, 251, 20, -109, -560, -320, -116, 980, 81;
-28, 253, 22, -87, -551, -316, -110, 988, 87;
-34, 248, 16, -112, -589, -335, -134, 968, 63;
-26, 256, 24, -52, -541, -311, -103, 1001, 93;
-34, 249, 16, -88, -590, -336, -133, 973, 63;
-33, 251, 17, -70, -584, -333, -129, 980, 67;
-29, 255, 20, -38, -564, -323, -116, 995, 79;
-28, 256, 21, -20, -558, -320, -113, 1001, 82;
-33, 252, 16, -38, -589, -335, -132, 985, 63;
-32, 255, 17, -16, -578, -330, -125, 994, 69;
-33, 254, 16, -14, -588, -335, -131, 991, 63;
-33, 254, 16, -2, -588, -335, -131, 993, 62;
-31, 257, 18, 23, -572, -327, -121, 1005, 71;
-32, 256, 16, 24, -583, -332, -128, 1000, 63;
-34, 255, 14, 26, -592, -337, -134, 997, 57;
-33, 256, 15, 41, -588, -335, -132, 1001, 58;
-31, 259, 17, 67, -573, -327, -123, 1012, 67;
-27, 264, 21, 103, -547, -314, -107, 1030, 82;
-30, 262, 18, 98, -563, -322, -117, 1022, 70;
-30, 262, 17, 104, -567, -324, -120, 1022, 67;
-28, 265, 19, 131, -550, -315, -110, 1033, 76;
-29, 264, 18, 135, -556, -318, -115, 1031, 70;
-27, 267, 19, 158, -543, -311, -107, 1041, 77;
-35, 259, 11, 119, -592, -336, -138, 1012, 45;
-25, 270, 21, 193, -527, -303, -99, 1053, 84;
-27, 269, 19, 193, -536, -307, -105, 1049, 76;
-26, 270, 20, 210, -528, -303, -101, 1055, 79;
-26, 270, 19, 216, -531, -305, -104, 1054, 75;
-32, 264, 13, 189, -567, -322, -127, 1032, 51;
-30, 267, 14, 211, -553, -316, -120, 1041, 57;
-27, 271, 18, 244, -529, -303, -106, 1057, 70;
-33, 264, 10, 212, -569, -323, -132, 1032, 42;
-25, 273, 18, 273, -516, -296, -100, 1066, 73;
-32, 267, 11, 242, -555, -315, -125, 1042, 46;
-30, 269, 13, 261, -543, -309, -119, 1050, 51;
-27, 272, 15, 291, -521, -298, -107, 1064, 62;
-31, 269, 11, 275, -543, -309, -123, 1049, 45;
-29, 271, 13, 299, -527, -301, -114, 1060, 52;
-33, 268, 9, 282, -550, -312, -130, 1045, 35;
-29, 272, 12, 315, -524, -299, -115, 1061, 48;
-31, 270, 9, 311, -534, -303, -123, 1055, 38;
-26, 275, 14, 350, -501, -287, -104, 1074, 55;
-29, 273, 11, 344, -513, -292, -113, 1067, 45;
-29, 273, 10, 350, -513, -292, -115, 1066, 41;
-24, 279, 15, 392, -476, -273, -94, 1088, 61;
-29, 273, 9, 365, -509, -289, -116, 1067, 37;
-28, 275, 10, 382, -497, -283, -111, 1074, 41;
-27, 276, 11, 397, -487, -277, -106, 1079, 43;
-24, 279, 13, 420, -468, -268, -97, 1089, 51;
-27, 277, 10, 414, -478, -272, -105, 1082, 41;
-28, 276, 9, 416, -481, -273, -109, 1079, 35;
-25, 279, 11, 440, -461, -263, -99, 1090, 43;
-21, 283, 15, 474, -431, -247, -82, 1107, 58;
-21, 284, 14, 480, -428, -246, -83, 1107, 56;
-24, 280, 10, 465, -446, -255, -97, 1094, 40;
-28, 277, 6, 449, -465, -263, -111, 1081, 24;
-21, 284, 12, 498, -419, -240, -85, 1107, 48;
-23, 282, 10, 497, -423, -242, -89, 1103, 41;
-25, 280, 7, 489, -434, -246, -99, 1094, 30;
-22, 283, 10, 513, -411, -235, -87, 1106, 40;
-26, 280, 5, 496, -431, -244, -102, 1092, 23;
-26, 279, 4, 498, -431, -244, -104, 1090, 18;
-22, 283, 8, 529, -400, -228, -88, 1106, 32;
-19, 286, 10, 553, -378, -216, -77, 1117, 41;
-22, 284, 7, 541, -390, -222, -87, 1107, 28;
-24, 281, 4, 534, -399, -226, -95, 1099, 18;
-17, 288, 10, 581, -353, -202, -70, 1125, 42;
-19, 286, 8, 574, -360, -205, -77, 1118, 32;
-22, 284, 5, 564, -370, -210, -86, 1109, 21;
-15, 291, 11, 611, -323, -186, -60, 1135, 45;
-18, 287, 7, 594, -339, -194, -73, 1122, 29;
-22, 283, 3, 574, -358, -202, -88, 1107, 12;
-17, 288, 7, 610, -321, -183, -68, 1126, 30;
-14, 292, 10, 636, -295, -170, -54, 1140, 41;
-13, 292, 10, 643, -287, -165, -52, 1141, 41;
-12, 293, 11, 654, -274, -158, -48, 1146, 43;
-16, 289, 5, 629, -297, -169, -65, 1128, 23;
-19, 286, 2, 614, -310, -175, -76, 1116, 9;
-12, 293, 8, 661, -261, -150, -49, 1143, 34;
-14, 291, 6, 653, -266, -152, -56, 1136, 25;
-18, 286, 1, 628, -289, -163, -73, 1118, 6;
-11, 294, 8, 677, -237, -136, -44, 1146, 32;
-11, 293, 7, 676, -235, -135, -46, 1143, 27;
-17, 287, 0, 643, -265, -149, -68, 1121, 3;
-14, 289, 2, 661, -243, -137, -58, 1130, 11;
-9, 294, 7, 694, -206, -118, -38, 1149, 28;
-15, 288, 0, 658, -238, -134, -61, 1125, 2;
-14, 289, 0, 666, -226, -127, -58, 1128, 3;
-11, 292, 3, 690, -198, -112, -43, 1141, 15;
-8, 295, 5, 707, -176, -101, -33, 1150, 22;
-7, 295, 6, 714, -164, -94, -29, 1153, 24;
-9, 293, 3, 701, -172, -98, -38, 1143, 12;
-5, 297, 6, 728, -140, -81, -21, 1159, 26;
-6, 295, 4, 721, -141, -81, -26, 1153, 19;
-8, 293, 2, 707, -149, -85, -34, 1143, 8;
-8, 292, 1, 707, -144, -81, -34, 1142, 5;
-10, 290, -1, 694, -150, -84, -42, 1133, -4;
-2, 298, 6, 744, -94, -55, -10, 1163, 24;
-1, 299, 6, 752, -79, -47, -5, 1167, 26;
-3, 296, 3, 736, -88, -51, -14, 1156, 15;
-2, 297, 3, 740, -77, -45, -11, 1158, 15;
-3, 296, 3, 738, -72, -41, -11, 1156, 12;
-4, 295, 1, 730, -73, -41, -16, 1151, 5;
-3, 295, 1, 730, -65, -37, -14, 1150, 4;
-2, 295, 1, 734, -53, -30, -11, 1152, 5;
-5, 292, -2, 714, -65, -36, -22, 1139, -8;
0, 297, 2, 745, -26, -15, -1, 1158, 8;
3, 300, 5, 766, 2, 0, 12, 1171, 20;
-1, 295, 0, 737, -18, -10, -3, 1152, 1;
3, 299, 4, 764, 17, 8, 14, 1169, 17;