-2, 292, -2, 720, -17, -8, -10, 1142, -10;
2, 298, 2, 753, 24, 12, 11, 1162, 10;
-1, 292, -2, 720, 0, 1, -6, 1142, -9;
0, 294, 0, 731, 21, 12, 2, 1149, -1;
2, 295, 1, 738, 38, 21, 8, 1153, 4;
0, 293, 0, 724, 34, 20, 2, 1145, -2;
0, 292, -1, 717, 37, 22, 0, 1141, -5;
8, 300, 6, 762, 92, 50, 31, 1170, 23;
7, 298, 4, 751, 91, 50, 27, 1163, 18;
0, 290, -3, 699, 50, 30, -1, 1132, -11;
0, 290, -2, 699, 60, 36, 1, 1132, -10;
0, 290, -2, 698, 69, 42, 3, 1132, -9;
7, 296, 3, 733, 115, 65, 28, 1155, 14;
7, 295, 3, 727, 121, 69, 27, 1152, 13;
7, 295, 3, 724, 129, 73, 29, 1152, 14;
8, 295, 4, 725, 142, 80, 33, 1153, 17;
7, 293, 2, 711, 139, 79, 28, 1146, 10;
8, 294, 3, 710, 150, 85, 31, 1146, 12;
5, 290, 0, 689, 140, 81, 22, 1134, 2;
8, 293, 3, 703, 166, 95, 34, 1145, 14;
5, 289, 0, 672, 148, 87, 20, 1127, -1;
7, 290, 1, 678, 166, 96, 27, 1132, 4;
10, 293, 4, 696, 196, 112, 42, 1145, 18;
12, 294, 5, 697, 209, 119, 47, 1147, 22;
7, 288, 0, 658, 183, 106, 27, 1124, 1;
14, 294, 7, 695, 233, 132, 55, 1149, 28;
16, 296, 9, 702, 253, 142, 64, 1156, 36;
11, 290, 3, 661, 224, 129, 43, 1132, 14;
8, 287, 1, 639, 216, 125, 34, 1120, 4;
10, 288, 2, 641, 231, 133, 40, 1124, 9;
13, 290, 4, 650, 253, 145, 51, 1131, 19;
9, 286, 1, 620, 237, 137, 37, 1115, 5;
15, 290, 6, 646, 276, 158, 59, 1134, 25;
18, 293, 10, 661, 305, 172, 73, 1145, 39;
17, 291, 8, 643, 300, 171, 67, 1136, 32;
18, 291, 8, 640, 311, 177, 70, 1137, 34;
16, 288, 6, 619, 304, 173, 63, 1126, 26;
17, 289, 7, 615, 314, 179, 66, 1127, 28;
12, 284, 2, 580, 292, 169, 50, 1107, 11;
21, 291, 10, 622, 349, 198, 82, 1137, 42;
23, 292, 12, 626, 366, 207, 90, 1142, 49;
15, 284, 4, 567, 321, 185, 59, 1108, 18;
23, 291, 12, 607, 376, 213, 90, 1136, 48;
18, 286, 7, 570, 353, 202, 73, 1115, 30;
21, 287, 10, 576, 374, 213, 83, 1123, 39;
23, 289, 11, 578, 390, 221, 90, 1127, 46;
15, 280, 4, 522, 349, 201, 62, 1095, 17;
20, 285, 9, 544, 384, 219, 81, 1112, 35;
22, 285, 10, 543, 398, 227, 87, 1115, 41;
21, 284, 9, 529, 398, 227, 84, 1109, 37;
23, 285, 11, 529, 413, 235, 91, 1112, 43;
19, 280, 7, 495, 394, 226, 76, 1095, 28;
24, 285, 12, 516, 430, 244, 96, 1112, 47;
19, 279, 7, 475, 403, 232, 77, 1089, 28;
23, 282, 10, 487, 429, 245, 91, 1100, 41;
25, 283, 12, 489, 446, 254, 99, 1105, 49;
27, 284, 14, 489, 461, 262, 106, 1109, 55;
28, 285, 15, 487, 474, 269, 111, 1112, 60;
25, 281, 12, 455, 457, 260, 99, 1096, 47;
26, 281, 12, 450, 466, 266, 102, 1096, 50;
27, 282, 14, 450, 480, 273, 109, 1100, 56;
26, 280, 13, 431, 476, 271, 104, 1092, 51;
23, 275, 9, 396, 456, 261, 89, 1074, 36;
25, 277, 12, 403, 478, 273, 101, 1083, 47;
22, 273, 8, 368, 457, 263, 86, 1065, 32;
24, 275, 10, 373, 477, 273, 96, 1072, 42;
22, 272, 8, 349, 468, 269, 89, 1061, 34;
22, 270, 7, 333, 466, 268, 86, 1055, 31;
23, 271, 9, 329, 477, 274, 91, 1057, 35;
24, 271, 10, 323, 485, 279, 94, 1058, 39;
24, 270, 10, 312, 488, 280, 94, 1055, 39;
26, 272, 12, 316, 507, 290, 104, 1062, 48;
30, 275, 16, 329, 534, 304, 120, 1074, 64;
31, 275, 17, 323, 542, 308, 123, 1075, 67;
25, 268, 10, 270, 503, 289, 98, 1046, 41;
28, 271, 14, 281, 528, 302, 112, 1057, 55;
28, 270, 13, 266, 528, 302, 110, 1053, 54;
25, 266, 10, 236, 512, 294, 99, 1038, 42;
25, 265, 10, 222, 512, 294, 97, 1034, 41;
28, 268, 14, 232, 535, 306, 111, 1045, 54;
33, 271, 18, 249, 567, 322, 129, 1060, 73;
33, 271, 19, 239, 571, 324, 131, 1059, 74;
34, 271, 20, 232, 578, 328, 134, 1059, 78;
30, 267, 16, 198, 557, 318, 120, 1043, 64;
27, 263, 12, 164, 536, 308, 106, 1026, 50;
33, 269, 19, 194, 579, 329, 132, 1049, 76;
28, 262, 14, 148, 547, 313, 111, 1025, 55;
35, 269, 21, 180, 592, 336, 138, 1050, 83;
35, 267, 20, 164, 589, 335, 136, 1045, 81;
33, 266, 19, 145, 584, 332, 132, 1038, 77;
34, 265, 20, 136, 587, 334, 133, 1036, 79;
36, 266, 22, 135, 599, 340, 140, 1041, 86;
30, 260, 16, 86, 562, 322, 117, 1015, 63;
27, 257, 13, 57, 547, 314, 107, 1002, 53;
30, 259, 16, 65, 567, 324, 119, 1012, 66;
34, 263, 21, 80, 595, 338, 136, 1026, 83;
30, 258, 17, 44, 570, 326, 120, 1008, 68;
26, 253, 13, 5, 543, 312, 104, 989, 52;
34, 261, 21, 45, 596, 338, 136, 1018, 84;
27, 253, 14, -10, 551, 316, 108, 988, 57;
29, 254, 16, -13, 560, 321, 113, 991, 63;
31, 255, 18, -11, 573, 327, 122, 997, 72;
35, 258, 22, 0, 597, 339, 137, 1010, 88;
31, 254, 18, -36, 571, 326, 121, 991, 72;
28, 250, 15, -66, 552, 317, 109, 978, 61;
27, 249, 15, -84, 545, 313, 105, 971, 58;
29, 251, 17, -79, 560, 321, 115, 979, 69;
32, 253, 20, -74, 576, 329, 125, 987, 79;
27, 247, 16, -114, 546, 314, 107, 966, 62;
27, 247, 16, -125, 546, 313, 107, 964, 63;
33, 253, 22, -96, 585, 333, 132, 987, 88;
28, 247, 17, -142, 549, 314, 110, 963, 68;
31, 249, 20, -134, 567, 323, 122, 973, 80;
26, 244, 16, -175, 535, 307, 103, 952, 62;
29, 246, 19, -167, 553, 316, 115, 962, 75;
28, 245, 18, -186, 543, 311, 110, 955, 71;
34, 250, 24, -158, 580, 329, 133, 977, 95;
33, 249, 24, -174, 573, 326, 130, 972, 93;
26, 242, 17, -225, 531, 305, 105, 945, 69;
26, 241, 17, -235, 529, 303, 105, 943, 70;
27, 242, 19, -239, 533, 305, 108, 945, 75;
31, 245, 22, -228, 553, 315, 122, 957, 89;
27, 241, 19, -262, 526, 301, 107, 940, 75;
29, 242, 21, -259, 537, 307, 115, 946, 84;
27, 240, 19, -283, 521, 299, 106, 936, 77;
30, 243, 23, -271, 541, 308, 120, 948, 91;
28, 241, 22, -291, 527, 301, 113, 940, 85;
24, 235, 17, -330, 495, 285, 94, 920, 68;
30, 241, 24, -300, 532, 303, 119, 943, 94;
30, 241, 24, -311, 528, 300, 117, 940, 94;
26, 237, 21, -342, 504, 288, 104, 926, 82;
32, 243, 27, -314, 538, 305, 127, 947, 106;
25, 235, 20, -369, 488, 280, 98, 917, 78;
27, 236, 22, -366, 497, 284, 105, 923, 87;
27, 236, 22, -374, 495, 282, 106, 923, 89;
26, 235, 22, -387, 487, 278, 103, 918, 87;
26, 235, 23, -392, 487, 278, 104, 919, 90;
23, 231, 20, -423, 460, 264, 90, 904, 78;
26, 234, 23, -412, 476, 272, 102, 915, 91;
21, 229, 18, -453, 440, 253, 82, 894, 72;
21, 229, 18, -460, 437, 251, 82, 893, 73;
23, 230, 21, -454, 446, 256, 90, 900, 83;
23, 230, 21, -463, 442, 253, 89, 899, 84;
22, 230, 22, -470, 438, 251, 89, 898, 86;
21, 228, 20, -488, 424, 243, 83, 891, 81;
28, 236, 28, -446, 468, 265, 113, 920, 112;
21, 228, 21, -500, 417, 239, 83, 890, 84;
21, 227, 21, -510, 410, 235, 82, 888, 84;
24, 230, 25, -496, 426, 243, 94, 900, 98;
19, 226, 21, -531, 393, 226, 76, 882, 82;
17, 224, 19, -549, 377, 217, 69, 874, 76;
20, 226, 22, -539, 389, 223, 79, 884, 88;
25, 231, 28, -513, 416, 236, 98, 903, 109;
24, 230, 27, -524, 407, 231, 95, 900, 108;
15, 221, 19, -585, 347, 200, 61, 865, 75;
19, 225, 23, -565, 367, 210, 76, 880, 92;
15, 221, 20, -596, 337, 194, 60, 864, 78;
15, 222, 20, -598, 335, 193, 62, 866, 81;
17, 223, 22, -593, 340, 195, 68, 872, 89;
21, 227, 27, -575, 359, 204, 82, 886, 105;
14, 221, 21, -619, 314, 181, 57, 861, 82;
14, 220, 21, -627, 305, 176, 55, 859, 82;
14, 220, 21, -631, 301, 173, 55, 860, 84;
22, 228, 29, -585, 345, 195, 86, 891, 116;
15, 221, 23, -632, 298, 170, 59, 865, 92;
15, 221, 24, -635, 293, 168, 59, 865, 94;
20, 227, 30, -604, 322, 182, 81, 887, 117;
19, 225, 28, -619, 306, 173, 74, 880, 112;
18, 225, 28, -625, 296, 168, 71, 878, 111;
15, 222, 26, -644, 276, 157, 62, 869, 103;
11, 218, 22, -674, 242, 140, 44, 852, 88;
18, 226, 30, -630, 284, 160, 73, 882, 119;
12, 219, 24, -675, 236, 135, 47, 856, 94;
9, 217, 22, -692, 215, 124, 37, 847, 86;
9, 217, 22, -696, 208, 120, 36, 847, 87;
15, 223, 28, -662, 238, 134, 58, 870, 111;
15, 224, 29, -659, 237, 134, 61, 874, 116;
12, 220, 26, -683, 209, 119, 47, 861, 104;
15, 224, 30, -664, 224, 126, 60, 874, 119;
11, 221, 27, -686, 197, 111, 46, 862, 107;
10, 220, 26, -694, 184, 104, 42, 858, 105;
8, 217, 24, -712, 161, 92, 31, 849, 96;
8, 218, 25, -711, 157, 89, 32, 851, 99;
12, 222, 29, -687, 174, 98, 46, 867, 115;
11, 221, 29, -693, 163, 92, 43, 865, 114;
9, 220, 28, -703, 147, 83, 36, 859, 109;
7, 218, 26, -717, 127, 72, 28, 852, 102;
10, 222, 30, -696, 142, 79, 40, 866, 117;
4, 216, 25, -730, 101, 58, 19, 846, 97;
2, 215, 23, -743, 81, 47, 10, 838, 90;
4, 217, 25, -729, 88, 50, 18, 848, 100;
0, 212, 21, -761, 49, 30, -2, 829, 82;
7, 221, 29, -708, 94, 52, 29, 862, 116;
8, 222, 30, -703, 93, 51, 32, 866, 120;
6, 221, 29, -710, 78, 42, 26, 862, 116;
3, 218, 27, -728, 51, 28, 13, 851, 105;
7, 222, 31, -704, 68, 36, 27, 867, 121;
5, 221, 30, -711, 52, 28, 21, 863, 117;
4, 220, 29, -716, 38, 20, 16, 859, 114;
-2, 214, 23, -753, -6, -2, -7, 837, 92;
0, 217, 26, -735, 2, 1, 1, 848, 103;
-3, 214, 23, -755, -27, -14, -13, 835, 90;
-3, 215, 24, -750, -31, -16, -11, 839, 93;
3, 222, 31, -706, 3, 0, 13, 866, 121;
-3, 215, 24, -747, -47, -26, -14, 840, 94;
-1, 218, 27, -726, -36, -21, -4, 852, 107;
-7, 213, 21, -760, -80, -44, -27, 831, 85;
-3, 217, 26, -732, -61, -35, -12, 848, 102;
-4, 216, 25, -735, -75, -42, -17, 846, 99;
0, 221, 29, -706, -56, -34, -2, 863, 116;
-9, 213, 21, -754, -115, -64, -35, 832, 85;
-7, 215, 23, -741, -113, -64, -30, 839, 92;
-5, 218, 26, -721, -104, -59, -20, 851, 103;
-5, 219, 27, -715, -109, -63, -20, 854, 105;
-9, 215, 23, -734, -140, -78, -35, 841, 92;
-4, 220, 28, -701, -117, -68, -18, 861, 111;
-7, 218, 26, -712, -140, -80, -29, 853, 102;
-7, 219, 26, -706, -146, -84, -29, 855, 103;
-13, 214, 21, -738, -189, -106, -52, 834, 82;
-13, 214, 21, -734, -197, -110, -54, 835, 82;
-11, 217, 24, -712, -187, -106, -44, 848, 94;
-7, 222, 28, -680, -168, -97, -28, 866, 111;
-7, 222, 28, -673, -174, -100, -28, 868, 113;
-11, 218, 24, -694, -207, -118, -46, 853, 97;
-13, 218, 23, -698, -223, -126, -52, 850, 92;
-16, 215, 20, -711, -249, -140, -65, 840, 81;
-14, 218, 23, -689, -240, -136, -56, 851, 92;
-9, 224, 28, -651, -214, -124, -37, 873, 112;
-13, 220, 25, -669, -246, -140, -53, 860, 98;
-11, 223, 27, -648, -238, -137, -45, 871, 107;
-17, 218, 22, -675, -278, -157, -66, 852, 88;
-19, 217, 20, -680, -296, -167, -74, 847, 81;
-13, 224, 27, -633, -263, -151, -51, 873, 106;
-13, 224, 27, -626, -269, -155, -51, 876, 107;
-17, 220, 23, -645, -302, -172, -69, 861, 91;
-13, 225, 27, -611, -282, -162, -52, 880, 109;
-11, 228, 30, -591, -276, -159, -45, 890, 117;
-12, 228, 29, -587, -285, -165, -48, 890, 115;
-21, 220, 21, -633, -346, -196, -83, 858, 82;
-12, 229, 30, -570, -297, -172, -50, 895, 117;
-13, 229, 29, -564, -305, -176, -51, 896, 116;
-16, 227, 27, -575, -330, -189, -64, 886, 105;
-17, 226, 26, -574, -342, -196, -69, 884, 101;
-17, 227, 26, -563, -346, -199, -69, 888, 103;
-24, 221, 20, -595, -393, -222, -95, 865, 78;
-25, 221, 19, -592, -404, -228, -99, 864, 76;
-16, 231, 29, -524, -350, -202, -62, 903, 113;
-17, 230, 27, -524, -365, -210, -69, 899, 107;
-26, 222, 19, -569, -424, -240, -103, 868, 74;
-23, 226, 22, -541, -410, -233, -92, 883, 87;
-25, 225, 21, -540, -424, -241, -98, 880, 82;
-23, 227, 22, -520, -419, -239, -92, 889, 89;
-24, 227, 21, -517, -431, -245, -97, 887, 85;
-26, 226, 20, -518, -446, -253, -104, 883, 79;
-24, 229, 22, -494, -436, -249, -95, 894, 88;
-27, 227, 20, -501, -458, -260, -106, 886, 78;
-26, 228, 20, -486, -458, -260, -104, 892, 81;
-29, 226, 18, -492, -479, -271, -115, 884, 72;
-29, 227, 18, -483, -484, -274, -116, 886, 71;
-22, 235, 26, -426, -442, -253, -87, 918, 101;
-24, 234, 24, -425, -456, -261, -94, 915, 95;
-27, 232, 21, -433, -478, -272, -105, 906, 84;
-26, 233, 22, -418, -478, -273, -103, 911, 87;
-21, 239, 27, -377, -451, -260, -84, 933, 106;
-25, 236, 24, -386, -476, -272, -98, 923, 94;
-30, 232, 19, -405, -509, -289, -117, 907, 76;
-23, 240, 26, -351, -469, -270, -90, 937, 103;
-26, 238, 23, -358, -491, -281, -102, 928, 92;
-24, 240, 25, -334, -481, -276, -94, 939, 100;
-27, 238, 22, -344, -506, -289, -107, 928, 87;
-26, 239, 23, -326, -503, -288, -103, 935, 91;
-25, 241, 24, -307, -498, -286, -99, 943, 96;
-24, 243, 25, -290, -495, -284, -95, 949, 100;
-29, 239, 21, -307, -526, -300, -113, 934, 83;
-27, 241, 22, -287, -521, -298, -108, 942, 88;
-32, 238, 18, -302, -550, -313, -125, 928, 72;
-30, 241, 20, -276, -538, -307, -117, 940, 80;
-32, 239, 18, -278, -554, -315, -125, 934, 72;
-32, 239, 17, -271, -561, -319, -128, 934, 70;
-34, 238, 16, -269, -573, -325, -134, 931, 64;
-31, 242, 19, -237, -555, -316, -122, 946, 76;
-33, 241, 17, -239, -571, -324, -131, 940, 67;
-32, 243, 18, -217, -563, -320, -125, 949, 73;
-33, 243, 17, -212, -571, -325, -129, 948, 69;
-35, 241, 15, -214, -586, -333, -137, 942, 61;
-27, 250, 23, -150, -536, -307, -105, 977, 93;
-26, 251, 24, -135, -534, -307, -103, 982, 95;
-28, 250, 21, -138, -550, -315, -113, 975, 85;
-26, 253, 24, -108, -533, -307, -101, 989, 97;
-28, 252, 22, -111, -550, -315, -111, 983, 87;
-26, 254, 24, -86, -537, -309, -102, 993, 95;
-33, 248, 16, -121, -585, -333, -132, 967, 66;
-31, 251, 19, -94, -571, -326, -122, 979, 75;
-29, 253, 21, -69, -558, -320, -114, 990, 83;
-31, 252, 19, -68, -570, -325, -121, 986, 76;
-27, 256, 22, -36, -550, -316, -108, 1001, 87;
-34, 250, 15, -68, -594, -338, -135, 976, 60;
-33, 252, 16, -50, -588, -335, -132, 982, 63;
-26, 259, 23, 7, -543, -312, -103, 1013, 91;
-27, 259, 21, 9, -552, -317, -109, 1010, 85;
-35, 252, 14, -24, -598, -340, -137, 984, 56;
-27, 260, 22, 36, -549, -315, -106, 1017, 86;
-28, 260, 21, 41, -554, -318, -110, 1016, 82;
-33, 255, 15, 18, -589, -335, -132, 996, 60;
-29, 260, 19, 56, -562, -322, -115, 1015, 76;
-31, 259, 17, 55, -574, -328, -123, 1010, 67;
-29, 261, 18, 78, -562, -322, -116, 1019, 73;
-33, 258, 15, 68, -582, -332, -129, 1008, 60;
-35, 257, 13, 67, -594, -337, -136, 1003, 51;
-30, 262, 17, 108, -563, -322, -117, 1024, 69;
-34, 259, 13, 94, -587, -334, -133, 1010, 53;
-34, 259, 12, 101, -590, -335, -136, 1010, 50;
-29, 265, 18, 148, -553, -317, -114, 1034, 71;
-34, 260, 12, 125, -586, -333, -135, 1015, 49;
-30, 265, 16, 161, -559, -319, -119, 1033, 63;
-26, 269, 19, 194, -535, -307, -104, 1049, 77;
-28, 267, 17, 194, -544, -311, -111, 1044, 69;
-34, 262, 11, 168, -579, -329, -134, 1023, 45;
-29, 267, 16, 208, -548, -313, -115, 1044, 62;
-32, 265, 12, 200, -564, -321, -126, 1035, 50;
-32, 266, 13, 213, -560, -319, -125, 1038, 50;
-25, 273, 19, 265, -516, -297, -99, 1065, 75;
-34, 264, 10, 219, -570, -323, -134, 1032, 39;
-34, 265, 9, 229, -567, -322, -133, 1034, 38;
-34, 265, 9, 240, -564, -320, -132, 1037, 38;
-27, 272, 15, 290, -522, -298, -108, 1063, 61;
-33, 267, 9, 265, -554, -314, -129, 1043, 38;
-26, 274, 15, 314, -511, -293, -104, 1069, 62;
-31, 269, 10, 292, -540, -307, -123, 1051, 41;
-26, 275, 15, 337, -502, -287, -101, 1075, 62;
-31, 270, 10, 312, -533, -303, -122, 1055, 39;
-32, 270, 8, 316, -536, -304, -126, 1053, 34;
-28, 274, 12, 348, -509, -290, -111, 1069, 47;
-24, 278, 15, 381, -482, -276, -96, 1085, 61;
-27, 275, 12, 369, -499, -285, -108, 1074, 46;
-26, 277, 13, 387, -487, -278, -103, 1081, 51;
-30, 273, 8, 372, -507, -288, -117, 1067, 34;
-28, 275, 10, 391, -493, -280, -110, 1075, 39;
-23, 280, 14, 430, -459, -263, -91, 1095, 57;
-25, 279, 12, 425, -468, -267, -99, 1088, 47;
-22, 281, 14, 449, -448, -257, -89, 1099, 55;
-29, 275, 7, 414, -487, -276, -115, 1074, 27;
-22, 282, 13, 465, -439, -252, -88, 1102, 53;
-26, 278, 8, 446, -462, -263, -104, 1086, 34;
-23, 282, 12, 476, -436, -249, -90, 1101, 47;
-23, 282, 11, 483, -431, -246, -90, 1102, 45;
-26, 279, 8, 471, -446, -254, -101, 1091, 31;
-23, 282, 10, 497, -423, -241, -89, 1103, 41;
-21, 284, 11, 510, -412, -236, -85, 1108, 43;
-18, 288, 14, 540, -384, -221, -70, 1123, 56;
-20, 286, 12, 534, -392, -225, -78, 1116, 47;
-17, 288, 13, 555, -373, -215, -68, 1126, 54;
-19, 286, 11, 550, -380, -218, -75, 1119, 45;
-18, 287, 11, 561, -370, -212, -72, 1122, 46;
-23, 283, 6, 537, -394, -224, -90, 1105, 26;
-20, 286, 9, 562, -370, -212, -78, 1117, 36;
-17, 289, 11, 584, -349, -200, -67, 1128, 44;
-18, 288, 10, 584, -349, -200, -70, 1125, 39;
-15, 291, 12, 608, -326, -188, -59, 1136, 48;
-15, 290, 11, 608, -325, -187, -61, 1133, 43;
-22, 283, 3, 568, -365, -206, -89, 1106, 13;
-22, 284, 3, 575, -357, -202, -87, 1107, 13;
-14, 291, 10, 627, -305, -175, -57, 1137, 40;
-15, 291, 9, 628, -302, -173, -59, 1135, 36;
-21, 284, 2, 590, -339, -191, -85, 1108, 8;
-13, 293, 10, 649, -279, -161, -51, 1142, 40;
-20, 285, 2, 608, -318, -180, -78, 1114, 10;
-10, 295, 11, 671, -253, -146, -41, 1152, 45;
-15, 290, 6, 643, -279, -159, -60, 1132, 23;
-15, 290, 5, 645, -275, -156, -61, 1131, 20;
-10, 294, 9, 678, -239, -138, -42, 1149, 36;
-16, 289, 3, 646, -268, -152, -63, 1127, 13;
-10, 294, 8, 682, -229, -132, -42, 1147, 31;
-15, 289, 3, 657, -251, -142, -59, 1129, 12;
-17, 287, 0, 646, -258, -145, -67, 1121, 1;
-7, 296, 9, 708, -192, -111, -29, 1158, 36;
-15, 289, 1, 662, -234, -132, -59, 1127, 4;
-11, 292, 4, 687, -205, -117, -44, 1141, 16;
-8, 295, 6, 706, -181, -104, -33, 1151, 25;
-7, 296, 7, 715, -167, -97, -28, 1155, 27;
-7, 295, 6, 713, -164, -95, -30, 1153, 23;
-12, 290, 0, 682, -191, -107, -50, 1132, 1;
-12, 289, 0, 682, -185, -104, -50, 1130, -1;
-8, 293, 3, 709, -153, -87, -33, 1146, 12;
-12, 290, 0, 687, -169, -94, -47, 1131, -3;
-11, 290, -1, 689, -161, -90, -45, 1131, -5;
-7, 293, 1, 713, -131, -74, -30, 1144, 6;
-10, 290, -1, 698, -140, -78, -39, 1134, -4;
-7, 293, 1, 716, -115, -65, -28, 1145, 4;
-2, 297, 4, 743, -82, -48, -10, 1160, 18;
-5, 294, 1, 726, -92, -52, -20, 1149, 6;
-4, 294, 1, 728, -82, -47, -18, 1150, 6;
-1, 297, 3, 745, -58, -34, -7, 1159, 14;
-1, 297, 3, 747, -48, -28, -4, 1161, 14;
-3, 294, 0, 729, -58, -33, -14, 1149, 1;
-3, 294, 0, 729, -51, -28, -13, 1148, 0;
0, 297, 3, 751, -20, -12, 1, 1162, 12;
-3, 293, 0, 726, -36, -20, -11, 1146, -3;
0, 296, 1, 743, -12, -7, 0, 1156, 5;
-5, 290, -4, 708, -38, -19, -19, 1134, -17;
-1, 294, -1, 728, -9, -4, -5, 1147, -5;
-3, 291, -3, 714, -14, -6, -12, 1138, -15;
0, 294, -1, 733, 14, 8, 1, 1150, -4;
0, 293, -2, 724, 14, 9, -1, 1145, -10;
4, 298, 1, 751, 51, 28, 17, 1162, 6;
2, 295, 0, 737, 47, 27, 11, 1154, -2;
1, 294, -2, 728, 47, 27, 7, 1148, -8;
4, 296, 0, 737, 66, 37, 15, 1154, -3;
0, 290, -6, 703, 43, 26, -2, 1133, -24;
2, 293, -3, 717, 68, 39, 9, 1143, -15;
9, 299, 2, 756, 117, 65, 36, 1168, 9;
1, 290, -6, 701, 73, 43, 5, 1134, -24;
2, 291, -6, 700, 83, 49, 7, 1135, -24;
5, 293, -3, 717, 111, 63, 21, 1146, -13;
7, 294, -2, 721, 126, 72, 27, 1150, -10;
4, 291, -5, 699, 116, 67, 17, 1137, -22;
5, 291, -5, 699, 127, 73, 20, 1138, -22;
10, 296, -1, 724, 163, 92, 40, 1155, -5;
6, 292, -5, 696, 148, 85, 26, 1139, -21;
13, 297, 0, 728, 192, 108, 50, 1160, 0;
7, 291, -6, 684, 160, 92, 27, 1135, -26;
7, 290, -7, 680, 168, 97, 28, 1134, -27;
5, 288, -9, 662, 162, 95, 21, 1124, -37;
13, 295, -2, 703, 215, 122, 51, 1151, -10;
11, 292, -5, 682, 208, 119, 43, 1140, -21;
8, 289, -8, 662, 200, 115, 34, 1129, -31;
13, 293, -4, 683, 234, 133, 52, 1144, -16;
16, 295, -1, 696, 260, 146, 65, 1154, -6;
11, 289, -7, 654, 231, 133, 43, 1130, -30;
18, 296, 0, 694, 284, 160, 73, 1157, -3;
18, 295, -1, 683, 286, 161, 71, 1152, -7;
13, 289, -7, 645, 261, 150, 53, 1130, -28;
14, 289, -7, 639, 269, 154, 54, 1129, -29;
17, 292, -5, 651, 294, 167, 66, 1139, -19;
20, 294, -2, 665, 322, 181, 81, 1150, -8;
17, 290, -6, 635, 306, 174, 67, 1134, -23;
12, 285, -11, 596, 281, 162, 49, 1112, -44;
19, 291, -5, 631, 330, 187, 76, 1137, -19;
17, 288, -7, 608, 320, 183, 67, 1125, -31;
14, 285, -11, 581, 308, 177, 56, 1111, -44;
18, 287, -8, 594, 335, 191, 70, 1122, -32;
18, 287, -8, 587, 342, 195, 72, 1120, -33;
22, 290, -5, 602, 371, 210, 87, 1133, -20;
18, 285, -9, 568, 351, 201, 71, 1114, -38;
19, 286, -9, 565, 362, 207, 76, 1115, -36;
21, 287, -7, 568, 380, 216, 84, 1121, -30;
17, 282, -12, 531, 357, 205, 67, 1101, -49;
20, 284, -10, 539, 380, 217, 78, 1109, -40;
25, 289, -5, 564, 419, 237, 100, 1127, -21;
20, 283, -10, 523, 392, 224, 81, 1105, -42;
26, 288, -6, 546, 430, 244, 101, 1123, -23;
24, 285, -8, 525, 423, 241, 95, 1113, -32;
20, 281, -12, 492, 406, 232, 81, 1097, -48;
20, 279, -13, 478, 406, 233, 79, 1091, -52;
24, 283, -9, 496, 438, 250, 96, 1106, -36;
24, 283, -9, 486, 443, 252, 97, 1103, -38;
28, 285, -6, 499, 470, 267, 112, 1115, -25;
20, 277, -15, 437, 424, 244, 80, 1080, -58;
22, 278, -13, 440, 441, 253, 89, 1086, -51;
26, 281, -10, 452, 467, 266, 103, 1097, -39;
28, 282, -9, 451, 481, 274, 109, 1100, -35;
22, 275, -15, 404, 449, 258, 87, 1075, -59;
28, 281, -9, 433, 492, 280, 112, 1097, -36;
23, 275, -15, 387, 461, 265, 91, 1072, -59;
26, 277, -12, 397, 487, 278, 104, 1083, -47;
27, 277, -12, 389, 492, 281, 106, 1082, -47;
23, 272, -16, 353, 472, 271, 91, 1064, -64;
22, 270, -18, 334, 466, 269, 86, 1056, -70;
24, 272, -16, 336, 484, 277, 95, 1062, -63;
32, 279, -8, 373, 535, 304, 126, 1089, -34;
30, 276, -11, 350, 526, 299, 118, 1079, -43;
32, 278, -9, 352, 543, 308, 127, 1084, -36;
33, 278, -8, 345, 550, 312, 130, 1084, -34;
29, 273, -13, 310, 530, 302, 115, 1067, -50;
31, 274, -11, 311, 544, 310, 123, 1072, -44;
24, 266, -19, 251, 499, 287, 94, 1039, -75;
29, 270, -14, 270, 532, 304, 113, 1055, -57;
31, 272, -12, 272, 548, 312, 121, 1061, -50;
26, 266, -17, 232, 522, 300, 104, 1041, -69;
30, 270, -14, 244, 548, 313, 119, 1053, -55;
34, 273, -10, 256, 573, 325, 133, 1064, -42;
27, 265, -18, 200, 531, 305, 106, 1034, -70;
35, 272, -10, 236, 581, 330, 136, 1061, -42;
25, 261, -20, 164, 523, 301, 99, 1021, -80;
32, 268, -14, 195, 567, 323, 126, 1045, -54;
35, 270, -11, 202, 588, 333, 137, 1054, -44;
27, 261, -19, 140, 539, 309, 106, 1020, -76;
29, 263, -17, 144, 556, 318, 116, 1027, -67;
29, 262, -17, 130, 556, 318, 115, 1023, -69;
26, 258, -21, 96, 535, 307, 101, 1007, -84;
29, 261, -18, 106, 558, 319, 115, 1018, -71;
28, 259, -19, 86, 550, 316, 110, 1010, -77;
32, 262, -16, 98, 575, 328, 125, 1022, -63;
33, 262, -15, 92, 582, 331, 128, 1024, -60;
31, 260, -17, 69, 571, 326, 121, 1014, -68;
31, 260, -17, 61, 575, 328, 123, 1014, -67;
29, 257, -19, 35, 562, 321, 115, 1003, -76;
32, 259, -16, 43, 582, 332, 127, 1012, -64;
28, 254, -21, 2, 553, 317, 109, 992, -83;
34, 260, -14, 33, 595, 338, 135, 1015, -57;
33, 258, -16, 14, 588, 335, 131, 1008, -63;
31, 256, -18, -9, 575, 328, 123, 998, -71;
32, 256, -17, -17, 578, 330, 125, 998, -69;
34, 257, -15, -14, 593, 337, 134, 1005, -61;
31, 253, -19, -47, 570, 326, 121, 989, -75;
29, 251, -21, -72, 557, 319, 113, 979, -83;
32, 253, -18, -62, 578, 329, 126, 989, -71;
30, 251, -20, -84, 566, 324, 119, 980, -78;
28, 249, -22, -107, 553, 317, 111, 971, -86;
29, 249, -21, -112, 559, 320, 115, 973, -82;
26, 246, -24, -141, 540, 310, 104, 959, -94;
32, 251, -18, -116, 575, 327, 126, 979, -71;
32, 250, -18, -129, 572, 326, 125, 977, -72;
26, 243, -24, -177, 533, 306, 102, 951, -96;
33, 250, -17, -141, 579, 329, 131, 978, -67;
28, 245, -22, -184, 546, 312, 111, 956, -87;
31, 247, -20, -179, 559, 319, 121, 964, -78;
32, 247, -18, -182, 565, 322, 125, 966, -73;
30, 245, -20, -206, 550, 314, 117, 957, -81;
34, 249, -16, -190, 574, 326, 133, 971, -65;
30, 245, -20, -223, 550, 314, 119, 955, -79;
27, 241, -23, -251, 529, 303, 107, 942, -90;
27, 241, -23, -261, 528, 302, 107, 940, -90;
33, 246, -17, -235, 562, 319, 130, 961, -67;
30, 243, -19, -260, 544, 310, 120, 950, -77;
27, 240, -22, -289, 523, 299, 108, 937, -88;
31, 243, -19, -277, 541, 308, 121, 948, -75;
27, 239, -22, -308, 517, 296, 108, 934, -88;
24, 235, -26, -340, 492, 283, 94, 918, -102;
29, 240, -20, -314, 525, 299, 116, 939, -80;
32, 243, -17, -305, 540, 306, 127, 948, -68;
25, 235, -24, -361, 490, 281, 98, 918, -97;
29, 239, -20, -340, 517, 294, 116, 935, -78;
25, 235, -24, -377, 486, 278, 98, 916, -95;
25, 235, -23, -382, 486, 278, 101, 917, -92;
25, 235, -23, -390, 483, 276, 100, 916, -92;
29, 238, -19, -375, 504, 286, 115, 930, -76;
24, 232, -25, -417, 466, 267, 94, 908, -97;
26, 235, -22, -409, 479, 273, 104, 917, -86;
24, 232, -24, -430, 463, 265, 96, 908, -94;
26, 234, -21, -425, 472, 269, 104, 915, -85;
29, 237, -18, -413, 487, 276, 115, 926, -73;
27, 234, -21, -437, 467, 266, 105, 915, -82;
28, 235, -19, -436, 472, 268, 111, 920, -76;
19, 226, -28, -498, 413, 238, 76, 884, -110;
29, 236, -18, -446, 468, 265, 113, 921, -72;
20, 227, -26, -503, 414, 237, 81, 888, -102;
24, 231, -22, -488, 432, 246, 95, 901, -88;
18, 224, -28, -534, 388, 224, 70, 876, -112;
18, 225, -27, -537, 388, 223, 73, 878, -108;
18, 224, -28, -546, 380, 219, 70, 876, -109;
25, 231, -20, -508, 420, 238, 98, 903, -81;
18, 224, -27, -557, 373, 214, 71, 876, -106;
18, 225, -26, -560, 371, 213, 73, 877, -104;
22, 228, -22, -541, 391, 222, 88, 892, -87;
15, 221, -29, -593, 340, 196, 59, 863, -115;
17, 223, -27, -583, 350, 201, 68, 872, -105;
19, 226, -24, -573, 360, 206, 77, 882, -94;
22, 228, -21, -562, 372, 211, 87, 891, -83;
18, 224, -25, -592, 342, 195, 72, 876, -98;
13, 219, -29, -626, 307, 177, 53, 857, -115;
21, 227, -21, -582, 350, 199, 83, 887, -84;
14, 221, -27, -628, 303, 174, 57, 861, -108;
13, 220, -28, -637, 294, 169, 54, 859, -110;
16, 223, -25, -624, 305, 174, 64, 869, -98;
12, 219, -29, -653, 275, 159, 48, 854, -113;
18, 225, -22, -617, 309, 175, 73, 879, -87;
20, 227, -20, -609, 315, 177, 79, 886, -79;
17, 224, -22, -631, 291, 165, 68, 875, -89;
17, 225, -22, -631, 289, 163, 70, 877, -85;
15, 222, -24, -649, 268, 152, 60, 868, -94;
16, 224, -22, -644, 270, 153, 64, 873, -88;
11, 218, -27, -681, 230, 132, 43, 852, -108;
8, 215, -30, -702, 205, 119, 31, 841, -118;
10, 218, -27, -691, 213, 123, 39, 850, -108;
11, 219, -26, -684, 216, 123, 44, 856, -102;
7, 215, -30, -713, 183, 106, 27, 840, -117;
7, 215, -29, -715, 177, 103, 27, 841, -116;
10, 219, -25, -692, 195, 111, 42, 856, -99;
11, 220, -24, -688, 195, 110, 45, 861, -94;
7, 217, -27, -713, 165, 95, 30, 847, -108;
9, 219, -25, -702, 171, 97, 37, 855, -99;
8, 218, -25, -708, 159, 91, 33, 852, -101;
7, 217, -26, -715, 147, 84, 29, 849, -103;
9, 220, -24, -703, 153, 86, 37, 858, -94;
5, 215, -28, -731, 119, 69, 19, 842, -110;
4, 216, -28, -733, 111, 64, 18, 842, -109;
3, 215, -28, -737, 100, 58, 15, 840, -111;
3, 216, -27, -736, 95, 55, 15, 842, -108;
1, 213, -30, -753, 72, 43, 4, 832, -117;
4, 217, -26, -728, 90, 51, 19, 849, -101;
5, 218, -25, -724, 86, 48, 20, 852, -98;
8, 221, -21, -704, 98, 54, 32, 865, -84;
4, 218, -24, -725, 71, 40, 18, 853, -96;
7, 222, -21, -704, 83, 45, 29, 866, -83;
5, 220, -22, -715, 65, 35, 22, 860, -89;
-1, 214, -29, -755, 16, 10, -4, 835, -114;
6, 221, -21, -707, 56, 30, 23, 865, -83;
-1, 214, -28, -752, 3, 2, -5, 838, -111;
0, 216, -26, -742, 4, 2, 0, 844, -104;
0, 218, -25, -731, 6, 3, 3, 850, -98;
-3, 213, -29, -758, -29, -15, -14, 834, -114;
1, 219, -23, -723, -3, -3, 4, 855, -93;
0, 219, -24, -725, -15, -9, 1, 854, -94;
-1, 217, -25, -734, -34, -19, -6, 848, -100;
-6, 212, -30, -763, -73, -39, -27, 829, -119;
0, 220, -22, -713, -32, -20, 1, 860, -88;
-1, 219, -23, -718, -48, -28, -4, 857, -92;
-7, 214, -29, -751, -91, -51, -27, 835, -114;
-6, 215, -28, -744, -94, -53, -25, 840, -110;
-2, 219, -23, -714, -75, -44, -10, 857, -92;
-6, 216, -27, -735, -107, -60, -26, 844, -106;
-6, 217, -26, -725, -108, -61, -23, 849, -102;
-7, 217, -26, -728, -122, -69, -28, 846, -105;
-12, 212, -31, -752, -157, -87, -46, 830, -121;
-11, 213, -30, -745, -161, -90, -45, 834, -118;
-3, 223, -21, -685, -113, -67, -12, 869, -83;
-11, 215, -29, -732, -172, -97, -45, 839, -114;
-12, 214, -29, -734, -185, -104, -50, 837, -116;
-13, 214, -29, -729, -193, -108, -51, 838, -116;
-4, 224, -20, -670, -145, -85, -18, 874, -81;
-11, 218, -26, -704, -192, -109, -43, 851, -104;
-9, 220, -24, -688, -188, -108, -38, 859, -97;
-9, 221, -24, -681, -194, -111, -38, 862, -95;
-6, 224, -20, -655, -180, -105, -26, 876, -81;
-8, 223, -21, -657, -195, -113, -32, 873, -85;
-8, 224, -21, -651, -201, -117, -32, 875, -83;
-14, 219, -27, -681, -245, -139, -56, 854, -105;
-13, 221, -25, -665, -242, -138, -50, 862, -98;
-14, 220, -26, -669, -259, -147, -57, 858, -103;
-18, 217, -29, -683, -286, -161, -71, 847, -115;
-10, 225, -21, -628, -244, -141, -42, 879, -84;
-18, 218, -28, -665, -295, -167, -70, 853, -110;
-19, 218, -29, -664, -308, -174, -75, 852, -113;
-12, 226, -21, -611, -268, -155, -47, 882, -83;
-14, 225, -22, -615, -286, -164, -55, 878, -89;
-15, 224, -23, -615, -300, -172, -61, 875, -93;
-13, 227, -20, -590, -289, -167, -51, 888, -81;
-15, 226, -22, -594, -306, -176, -58, 883, -87;
-16, 225, -23, -595, -322, -184, -65, 879, -92;
-23, 219, -29, -627, -368, -208, -91, 857, -116;
-16, 227, -22, -574, -329, -189, -63, 887, -87;
-20, 223, -26, -592, -361, -205, -81, 873, -102;
-17, 228, -22, -560, -343, -197, -66, 890, -86;
-22, 223, -27, -584, -382, -217, -88, 871, -106;
-16, 230, -20, -537, -349, -201, -65, 898, -81;
-21, 225, -25, -559, -385, -220, -84, 881, -99;
-24, 223, -27, -568, -408, -231, -96, 872, -109;
-22, 226, -25, -544, -399, -227, -87, 884, -98;
-20, 229, -23, -523, -393, -225, -81, 894, -90;
-23, 227, -25, -529, -413, -235, -91, 887, -98;
-22, 228, -24, -515, -414, -236, -89, 892, -95;
-23, 228, -24, -510, -423, -241, -92, 892, -96;
-20, 232, -20, -477, -405, -233, -78, 908, -81;
-27, 226, -28, -514, -457, -259, -108, 882, -109;
-24, 229, -24, -485, -442, -252, -97, 896, -96;
-20, 235, -20, -447, -419, -241, -80, 916, -78;
-24, 232, -23, -459, -446, -255, -94, 905, -90;
-29, 228, -27, -478, -480, -272, -113, 889, -108;
-29, 228, -28, -472, -488, -277, -116, 889, -109;
-23, 234, -21, -424, -454, -260, -93, 916, -84;
-20, 239, -17, -391, -436, -251, -79, 932, -70;
-24, 235, -21, -406, -466, -267, -96, 918, -85;
-27, 233, -24, -415, -490, -279, -108, 909, -96;
-29, 232, -25, -414, -503, -286, -115, 906, -101;
-21, 240, -17, -353, -457, -263, -84, 939, -69;
-31, 232, -26, -401, -520, -295, -121, 905, -104;
-26, 237, -22, -362, -495, -283, -104, 926, -86;
-32, 232, -27, -387, -534, -303, -126, 906, -107;
-25, 240, -20, -331, -493, -282, -99, 937, -78;
-27, 238, -22, -333, -509, -291, -108, 931, -86;
-24, 243, -18, -298, -489, -281, -93, 948, -70;
-28, 239, -21, -312, -517, -296, -109, 935, -85;
-25, 243, -19, -285, -505, -289, -100, 948, -74;
-31, 237, -24, -311, -544, -310, -123, 927, -96;
-28, 241, -21, -281, -528, -302, -112, 942, -84;
-27, 243, -19, -260, -522, -299, -107, 950, -77;
-28, 242, -21, -258, -534, -305, -113, 947, -82;
-26, 246, -18, -230, -520, -298, -102, 960, -71;
-34, 238, -26, -271, -575, -326, -135, 930, -102;
-26, 247, -17, -208, -525, -301, -103, 965, -70;
-34, 240, -25, -243, -574, -326, -133, 938, -98;
-26, 248, -17, -183, -528, -303, -103, 971, -67;
-29, 246, -19, -189, -548, -313, -114, 962, -77;
-32, 244, -22, -197, -569, -324, -127, 953, -89;
-30, 246, -20, -174, -560, -320, -120, 962, -81;
-30, 248, -19, -158, -557, -318, -117, 968, -77;
-26, 252, -16, -124, -536, -308, -104, 984, -63;
-25, 254, -14, -105, -531, -305, -100, 991, -58;
-29, 250, -19, -120, -559, -320, -116, 977, -74;
-27, 254, -16, -91, -543, -312, -106, 990, -62;
-30, 251, -19, -100, -564, -322, -118, 980, -74;
-36, 246, -24, -124, -601, -341, -141, 960, -96;
-30, 253, -18, -74, -563, -322, -117, 987, -71;
-35, 248, -23, -96, -597, -339, -138, 969, -91;
-28, 256, -16, -38, -552, -317, -109, 1000, -62;
-33, 251, -21, -61, -587, -334, -131, 981, -83;
-26, 258, -14, -7, -545, -313, -105, 1009, -56;
-29, 257, -16, -8, -558, -320, -113, 1004, -64;
-34, 252, -21, -30, -592, -337, -134, 985, -84;
-28, 258, -16, 15, -558, -320, -112, 1009, -62;
-36, 252, -23, -19, -604, -343, -141, 983, -90;
-33, 255, -20, 8, -588, -335, -131, 995, -80;
-32, 257, -19, 27, -580, -331, -126, 1002, -74;
-26, 263, -13, 75, -543, -312, -104, 1027, -51;
-27, 263, -13, 83, -545, -313, -105, 1028, -53;
-33, 257, -19, 54, -585, -333, -130, 1005, -77;
-33, 258, -19, 67, -583, -332, -129, 1008, -76;
-32, 259, -19, 81, -580, -330, -128, 1012, -74;
-27, 265, -14, 123, -548, -314, -108, 1033, -54;
-34, 259, -20, 94, -587, -334, -134, 1010, -79;
-25, 268, -11, 159, -532, -306, -100, 1046, -45;
-30, 264, -16, 141, -560, -320, -118, 1030, -63;
-35, 259, -20, 121, -589, -335, -137, 1013, -81;
-35, 259, -21, 129, -591, -335, -138, 1013, -83;
-33, 263, -18, 156, -573, -326, -128, 1025, -72;
-31, 265, -16, 178, -560, -319, -121, 1035, -65;
-25, 271, -11, 222, -525, -302, -100, 1057, -44;
-26, 271, -11, 230, -526, -302, -102, 1058, -45;
-34, 263, -20, 188, -577, -327, -134, 1027, -78;
-29, 269, -14, 231, -542, -310, -114, 1049, -57;
-30, 268, -15, 233, -547, -312, -118, 1046, -62;
-32, 266, -18, 229, -559, -318, -127, 1039, -71;
-31, 268, -16, 249, -547, -312, -121, 1047, -64;
-29, 270, -14, 270, -534, -305, -114, 1055, -58;
-33, 266, -19, 253, -558, -317, -130, 1040, -74;
-32, 268, -18, 269, -550, -312, -127, 1045, -70;
-31, 270, -16, 288, -538, -306, -120, 1053, -64;
-32, 269, -17, 290, -542, -308, -125, 1050, -69;
-23, 278, -9, 354, -485, -279, -91, 1086, -35;
-23, 278, -9, 364, -482, -277, -90, 1087, -35;
-24, 277, -10, 363, -488, -280, -96, 1083, -41;
-26, 276, -12, 363, -495, -283, -102, 1078, -47;
-27, 275, -13, 362, -501, -286, -108, 1073, -53;
-31, 272, -17, 348, -521, -295, -122, 1060, -67;
-21, 281, -7, 415, -458, -264, -85, 1098, -30;
-29, 274, -15, 375, -503, -286, -115, 1069, -61;
-24, 279, -10, 416, -467, -268, -94, 1091, -41;
-29, 275, -15, 394, -494, -281, -113, 1073, -59;
-30, 274, -16, 396, -497, -282, -117, 1070, -64;
-25, 279, -11, 434, -463, -264, -98, 1090, -45;
-28, 276, -15, 420, -480, -273, -111, 1078, -59;
-27, 277, -14, 434, -471, -267, -107, 1082, -55;
-28, 276, -15, 432, -476, -270, -113, 1077, -61;
-21, 284, -8, 488, -423, -243, -82, 1108, -31;
-25, 279, -12, 466, -448, -255, -100, 1091, -50;
-20, 285, -7, 507, -410, -235, -79, 1113, -29;
-24, 281, -12, 485, -435, -248, -97, 1096, -48;
-27, 278, -14, 476, -446, -253, -106, 1086, -58;
-22, 283, -10, 511, -414, -236, -89, 1105, -41;
-21, 284, -9, 525, -402, -230, -84, 1110, -36;
-20, 286, -8, 539, -389, -223, -79, 1115, -32;
-17, 288, -5, 560, -369, -212, -69, 1125, -23;
-23, 282, -12, 528, -403, -229, -93, 1102, -47;
-19, 287, -7, 562, -370, -212, -75, 1120, -30;
-18, 287, -7, 571, -361, -207, -72, 1123, -28;
-24, 282, -13, 540, -393, -222, -95, 1100, -51;
-19, 287, -8, 576, -358, -204, -76, 1119, -33;
-19, 287, -8, 582, -351, -201, -75, 1120, -33;
-23, 283, -12, 561, -372, -210, -90, 1104, -49;
-23, 283, -12, 567, -366, -207, -90, 1105, -49;
-17, 288, -7, 605, -328, -187, -69, 1126, -29;
-18, 288, -8, 605, -326, -186, -71, 1123, -32;
-16, 289, -6, 620, -310, -177, -64, 1130, -26;
-12, 293, -2, 650, -279, -161, -48, 1146, -11;
-13, 293, -3, 649, -279, -161, -51, 1142, -15;
-14, 291, -5, 641, -285, -163, -58, 1135, -22;
-17, 288, -8, 627, -297, -168, -68, 1124, -34;
-11, 294, -2, 668, -254, -146, -45, 1147, -11;
-15, 290, -7, 646, -274, -156, -60, 1131, -28;
-15, 290, -6, 652, -265, -151, -58, 1133, -26;
-10, 294, -3, 680, -234, -135, -42, 1148, -11;
-14, 290, -7, 659, -252, -143, -57, 1133, -27;
-13, 291, -6, 666, -242, -138, -54, 1135, -25;
-11, 292, -4, 680, -224, -128, -46, 1142, -18;
-10, 294, -3, 692, -208, -119, -39, 1148, -12;
-12, 291, -5, 680, -217, -123, -48, 1138, -22;
-13, 290, -7, 673, -219, -124, -53, 1132, -28;
-9, 294, -2, 703, -184, -106, -35, 1149, -11;
-10, 293, -4, 695, -188, -107, -41, 1143, -18;
-13, 289, -8, 675, -203, -114, -54, 1128, -32;
-5, 297, 0, 730, -143, -83, -20, 1161, 0;
-12, 289, -7, 682, -185, -104, -50, 1130, -30;
-5, 297, 0, 732, -130, -76, -19, 1160, 0;
-11, 290, -6, 693, -164, -92, -43, 1134, -26;
-11, 290, -7, 691, -160, -89, -44, 1132, -28;
-9, 291, -6, 700, -144, -81, -38, 1136, -23;
-9, 292, -5, 705, -133, -75, -35, 1139, -21;
-9, 291, -6, 701, -130, -72, -37, 1136, -23;
-4, 296, -1, 733, -91, -53, -16, 1154, -4;
-7, 292, -5, 709, -108, -60, -30, 1139, -19;
-2, 297, 0, 745, -66, -38, -8, 1160, 1;
0, 300, 3, 761, -42, -26, 3, 1170, 12;
-1, 297, 0, 745, -50, -29, -5, 1159, 2;
-1, 296, 0, 741, -47, -27, -7, 1156, 0;
-4, 293, -3, 722, -57, -32, -17, 1144, -11;
1, 299, 3, 760, -11, -8, 7, 1167, 11;
-1, 296, 0, 739, -24, -14, -4, 1154, 0;
3, 300, 4, 766, 11, 4, 14, 1170, 16;
-5, 290, -5, 705, -41, -21, -21, 1132, -20;
0, 294, 0, 731, -5, -2, -3, 1149, -3;
5, 300, 5, 768, 39, 20, 21, 1172, 20;
-1, 292, -2, 719, 0, 1, -6, 1142, -9;
4, 298, 3, 754, 44, 24, 16, 1163, 13;
-2, 291, -3, 709, 9, 7, -9, 1135, -13;
7, 300, 6, 767, 76, 41, 29, 1172, 23;
0, 292, -1, 715, 35, 21, 0, 1140, -6;
5, 297, 3, 746, 76, 42, 21, 1160, 13;
2, 293, 0, 720, 60, 35, 8, 1144, 0;
1, 292, 0, 713, 63, 37, 6, 1140, -3;
5, 295, 2, 730, 91, 52, 20, 1152, 9;
3, 293, 0, 717, 89, 51, 15, 1145, 3;
8, 297, 4, 739, 121, 68, 31, 1159, 18;
10, 298, 6, 748, 142, 79, 40, 1165, 26;
10, 298, 6, 741, 146, 82, 40, 1162, 24;
3, 291, 0, 695, 112, 65, 14, 1135, -1;
4, 291, 0, 696, 124, 72, 19, 1136, 1;
4, 290, 0, 690, 130, 75, 19, 1134, 0;
6, 291, 1, 692, 144, 83, 24, 1137, 4;
5, 289, 0, 680, 143, 84, 20, 1130, 0;
9, 293, 3, 698, 174, 99, 36, 1143, 14;
8, 292, 2, 688, 176, 101, 33, 1138, 10;
10, 292, 4, 691, 191, 109, 39, 1142, 15;
7, 289, 1, 667, 180, 104, 29, 1128, 4;
11, 292, 4, 683, 209, 119, 43, 1140, 17;
7, 287, 0, 650, 188, 110, 27, 1122, 0;
13, 293, 6, 685, 236, 134, 53, 1145, 25;
13, 292, 5, 674, 238, 136, 51, 1140, 23;
10, 289, 3, 652, 229, 131, 42, 1128, 12;
8, 286, 0, 629, 219, 127, 33, 1117, 2;
17, 294, 8, 675, 278, 157, 66, 1147, 34;
15, 292, 7, 660, 276, 157, 62, 1140, 29;
17, 293, 8, 661, 291, 165, 68, 1143, 34;
12, 287, 3, 620, 263, 152, 47, 1119, 13;
18, 292, 9, 651, 308, 174, 72, 1141, 36;
17, 290, 7, 634, 305, 174, 67, 1133, 31;
19, 292, 10, 640, 325, 184, 76, 1140, 39;
19, 291, 9, 632, 330, 187, 76, 1137, 38;
18, 290, 8, 618, 330, 188, 73, 1131, 35;
15, 286, 5, 588, 314, 180, 60, 1115, 21;
22, 292, 12, 625, 365, 207, 89, 1141, 49;
22, 291, 11, 613, 367, 208, 87, 1136, 46;
18, 286, 7, 576, 344, 197, 70, 1116, 28;
18, 286, 7, 569, 352, 201, 72, 1115, 30;
24, 291, 13, 596, 393, 222, 95, 1134, 51;
15, 281, 4, 531, 343, 198, 61, 1098, 17;
23, 288, 11, 569, 395, 224, 91, 1124, 46;
24, 289, 13, 568, 409, 232, 96, 1127, 51;
25, 289, 14, 565, 420, 238, 100, 1128, 54;
23, 286, 11, 539, 408, 232, 90, 1115, 44;
24, 286, 12, 537, 421, 239, 96, 1117, 48;
23, 284, 11, 519, 418, 238, 91, 1110, 43;
18, 279, 6, 478, 392, 225, 72, 1088, 24;
23, 283, 11, 500, 428, 244, 93, 1105, 43;
19, 278, 6, 462, 404, 233, 75, 1085, 26;
26, 284, 13, 494, 451, 256, 102, 1108, 52;
26, 283, 13, 482, 454, 258, 101, 1105, 51;
21, 278, 8, 443, 430, 247, 84, 1084, 33;
24, 280, 11, 452, 453, 259, 96, 1093, 45;
20, 275, 7, 416, 432, 248, 81, 1075, 28;
28, 282, 14, 451, 481, 274, 109, 1100, 57;
26, 280, 13, 430, 476, 271, 104, 1092, 51;
22, 274, 8, 392, 452, 260, 87, 1072, 33;
28, 280, 14, 420, 495, 281, 112, 1093, 58;
30, 281, 16, 418, 508, 288, 117, 1096, 63;
31, 281, 17, 415, 519, 294, 123, 1098, 68;
24, 274, 10, 362, 481, 275, 97, 1069, 42;
29, 278, 15, 380, 513, 292, 115, 1085, 60;
28, 276, 14, 360, 507, 289, 110, 1076, 54;
26, 273, 11, 335, 497, 284, 101, 1065, 46;
32, 279, 18, 366, 542, 307, 128, 1089, 72;
31, 276, 17, 345, 536, 304, 122, 1080, 66;
32, 277, 18, 340, 545, 310, 127, 1081, 71;
33, 277, 19, 335, 555, 314, 131, 1082, 75;
31, 274, 16, 308, 542, 308, 122, 1070, 65;
25, 268, 11, 262, 510, 293, 100, 1046, 44;
27, 269, 13, 261, 523, 299, 107, 1050, 51;
27, 268, 13, 251, 527, 301, 108, 1048, 52;
25, 265, 10, 221, 511, 294, 97, 1034, 41;
32, 272, 18, 258, 562, 319, 127, 1061, 71;
26, 265, 11, 206, 524, 301, 103, 1033, 46;
26, 264, 12, 195, 526, 302, 103, 1031, 47;
28, 265, 13, 195, 540, 309, 110, 1035, 54;
31, 267, 17, 202, 560, 319, 122, 1044, 66;
31, 267, 17, 192, 565, 322, 124, 1043, 68;
26, 261, 12, 147, 532, 306, 103, 1020, 47;
33, 267, 19, 179, 578, 329, 130, 1044, 75;
27, 260, 12, 126, 538, 309, 105, 1016, 49;
34, 267, 20, 160, 585, 333, 133, 1042, 78;
34, 267, 20, 151, 590, 335, 136, 1041, 81;
25, 257, 11, 83, 535, 308, 101, 1004, 46;
30, 261, 16, 99, 563, 322, 118, 1018, 63;
29, 259, 15, 80, 556, 319, 113, 1011, 59;
29, 258, 15, 69, 559, 320, 114, 1009, 61;
26, 255, 12, 39, 541, 311, 103, 995, 49;
36, 264, 22, 89, 603, 342, 141, 1031, 89;
35, 263, 22, 72, 598, 340, 138, 1025, 86;
36, 263, 22, 64, 603, 342, 140, 1025, 89;
30, 256, 17, 18, 569, 325, 119, 1002, 68;
35, 261, 22, 37, 599, 340, 138, 1018, 87;
31, 256, 18, 2, 576, 329, 123, 1001, 73;
27, 251, 14, -38, 546, 314, 105, 980, 55;
28, 252, 15, -42, 554, 318, 110, 983, 61;
27, 251, 15, -55, 551, 316, 108, 979, 60;
35, 258, 23, -18, 600, 341, 139, 1007, 91;
31, 254, 19, -53, 576, 328, 124, 990, 77;
34, 256, 22, -46, 593, 337, 135, 999, 89;
33, 254, 22, -64, 587, 334, 131, 993, 86;
33, 253, 21, -79, 582, 331, 129, 989, 84;
33, 253, 22, -88, 583, 332, 130, 988, 86;
29, 248, 18, -124, 557, 319, 115, 970, 71;
27, 245, 16, -150, 541, 310, 105, 958, 63;
28, 246, 18, -151, 550, 315, 112, 963, 70;
31, 248, 20, -147, 564, 322, 121, 970, 80;
27, 245, 17, -178, 542, 311, 108, 955, 68;
34, 251, 24, -146, 583, 331, 134, 980, 95;
30, 247, 21, -180, 558, 319, 120, 963, 82;
27, 243, 18, -209, 538, 308, 108, 950, 71;
28, 243, 19, -215, 541, 310, 111, 951, 75;
25, 240, 16, -247, 518, 298, 98, 936, 63;
25, 239, 16, -255, 518, 298, 99, 935, 65;
29, 243, 21, -239, 542, 310, 115, 950, 82;
29, 243, 21, -248, 541, 309, 116, 949, 84;
27, 240, 19, -270, 526, 301, 108, 939, 77;
29, 242, 21, -269, 535, 305, 114, 944, 85;
32, 245, 25, -257, 555, 315, 128, 957, 100;
26, 238, 19, -308, 511, 293, 102, 929, 75;
25, 237, 18, -322, 504, 289, 99, 925, 74;
32, 244, 26, -285, 547, 310, 128, 952, 103;
25, 236, 19, -344, 495, 284, 97, 920, 74;
29, 240, 23, -325, 520, 296, 114, 936, 92;
28, 238, 22, -343, 509, 290, 109, 929, 88;
24, 234, 19, -373, 485, 278, 96, 915, 76;
22, 232, 17, -394, 469, 270, 88, 906, 70;
28, 238, 24, -363, 506, 288, 112, 929, 96;
27, 236, 23, -382, 492, 281, 106, 922, 90;
21, 230, 17, -427, 452, 260, 83, 898, 69;
22, 231, 19, -426, 457, 263, 88, 902, 76;
21, 230, 19, -440, 448, 258, 85, 898, 74;
22, 230, 19, -444, 448, 258, 87, 899, 77;
22, 230, 20, -450, 446, 256, 88, 899, 80;
28, 236, 26, -421, 480, 273, 111, 921, 104;
26, 233, 24, -444, 461, 262, 101, 911, 96;
22, 229, 21, -473, 435, 249, 87, 896, 84;
24, 231, 23, -468, 443, 253, 95, 903, 93;
25, 232, 25, -467, 448, 255, 100, 908, 100;
22, 229, 22, -496, 421, 241, 86, 893, 87;
19, 226, 20, -519, 401, 231, 76, 882, 79;
19, 226, 20, -525, 397, 228, 76, 882, 80;
20, 227, 22, -522, 402, 230, 81, 887, 87;
24, 231, 26, -503, 423, 240, 97, 902, 105;
21, 227, 23, -532, 396, 226, 83, 888, 92;
18, 224, 21, -558, 372, 214, 70, 875, 81;
20, 226, 23, -550, 381, 218, 79, 883, 91;
23, 229, 27, -535, 397, 225, 91, 896, 106;
22, 228, 26, -548, 384, 219, 87, 891, 103;
21, 227, 26, -558, 375, 214, 84, 888, 102;
17, 223, 22, -591, 342, 197, 66, 870, 86;
18, 224, 23, -588, 345, 197, 71, 875, 92;
17, 223, 23, -599, 334, 192, 67, 871, 90;
21, 227, 27, -580, 354, 201, 82, 886, 107;
15, 222, 22, -617, 315, 181, 61, 866, 88;
14, 220, 21, -629, 302, 174, 56, 861, 85;
21, 228, 29, -587, 343, 194, 84, 889, 115;
18, 224, 26, -613, 316, 180, 71, 876, 103;
17, 224, 26, -621, 307, 175, 68, 874, 102;
15, 222, 24, -637, 289, 165, 60, 866, 96;
17, 223, 26, -631, 294, 167, 66, 873, 104;
10, 217, 20, -675, 246, 143, 40, 847, 80;
18, 226, 29, -625, 295, 166, 73, 881, 115;
13, 221, 24, -660, 257, 147, 53, 862, 97;
8, 216, 20, -693, 221, 128, 34, 843, 80;
12, 220, 24, -673, 238, 136, 48, 858, 95;
11, 219, 24, -680, 227, 130, 45, 855, 94;
14, 222, 28, -661, 242, 137, 57, 869, 109;
13, 221, 27, -671, 229, 130, 52, 864, 105;
14, 222, 28, -670, 226, 128, 54, 867, 109;
8, 217, 23, -706, 186, 107, 32, 846, 89;
5, 214, 21, -723, 164, 96, 22, 837, 81;
8, 217, 24, -707, 176, 101, 33, 849, 94;
14, 223, 30, -673, 205, 115, 55, 872, 118;
5, 214, 21, -730, 143, 83, 19, 837, 84;
12, 222, 29, -686, 182, 102, 47, 867, 114;
5, 215, 22, -731, 131, 76, 19, 839, 88;
11, 222, 29, -689, 167, 93, 45, 867, 116;
4, 215, 22, -737, 113, 66, 16, 838, 88;
5, 216, 24, -730, 114, 66, 20, 844, 94;
10, 221, 29, -698, 140, 78, 39, 865, 116;
3, 215, 23, -738, 93, 54, 14, 841, 92;
2, 214, 22, -747, 77, 45, 7, 836, 88;
0, 213, 21, -755, 63, 38, 2, 832, 85;
7, 220, 28, -712, 98, 55, 28, 859, 112;
6, 219, 28, -717, 86, 48, 24, 857, 110;
2, 216, 24, -741, 54, 31, 8, 842, 96;
7, 222, 30, -704, 84, 45, 30, 866, 120;
-2, 212, 21, -764, 15, 11, -8, 829, 83;
1, 216, 25, -741, 31, 18, 4, 844, 98;
6, 221, 30, -708, 55, 29, 23, 864, 119;
4, 220, 29, -716, 38, 20, 16, 859, 114;
4, 221, 30, -711, 35, 18, 18, 863, 118;
0, 217, 26, -733, 4, 2, 2, 849, 104;
3, 220, 29, -713, 14, 6, 12, 861, 116;
0, 217, 26, -735, -16, -9, -2, 848, 102;
-5, 212, 21, -764, -54, -29, -23, 829, 84;
-4, 214, 23, -752, -52, -28, -17, 837, 91;
-6, 212, 21, -763, -73, -39, -27, 830, 84;
0, 219, 28, -719, -38, -23, -2, 857, 111;
-4, 216, 25, -737, -67, -38, -15, 845, 99;
-8, 212, 21, -760, -100, -55, -33, 830, 83;
0, 222, 30, -700, -50, -31, 1, 867, 120;
0, 222, 31, -697, -58, -35, 0, 868, 121;
-3, 219, 28, -713, -85, -49, -12, 857, 110;
-10, 213, 21, -753, -136, -75, -40, 832, 83;
-1, 222, 30, -693, -87, -52, -7, 867, 119;
-2, 222, 30, -691, -96, -57, -8, 868, 119;
-2, 223, 31, -684, -101, -60, -8, 871, 121;
-5, 220, 27, -702, -130, -75, -22, 859, 108;
-12, 214, 21, -739, -179, -100, -49, 834, 83;
-4, 223, 30, -679, -131, -77, -16, 871, 118;
-5, 222, 29, -682, -146, -85, -22, 867, 114;
-10, 218, 25, -704, -180, -102, -39, 852, 98;
-9, 220, 26, -693, -181, -103, -36, 858, 103;
-7, 222, 29, -673, -173, -100, -28, 869, 113;
-6, 224, 30, -661, -173, -101, -25, 874, 118;
-8, 222, 28, -667, -192, -111, -33, 869, 111;
-9, 222, 27, -668, -206, -118, -38, 866, 108;
-13, 219, 24, -683, -234, -133, -52, 855, 95;
-12, 221, 26, -669, -233, -133, -48, 862, 101;
-11, 222, 27, -654, -231, -133, -44, 869, 107;
-16, 218, 22, -680, -270, -153, -64, 851, 88;
-9, 226, 30, -627, -230, -133, -36, 882, 117;
-16, 220, 23, -662, -279, -158, -64, 858, 92;
-16, 220, 23, -655, -285, -162, -64, 860, 93;
-16, 221, 24, -644, -288, -164, -63, 864, 96;
-18, 220, 23, -648, -305, -173, -70, 859, 89;
-11, 228, 30, -597, -268, -155, -44, 889, 117;
-19, 221, 22, -636, -321, -182, -74, 862, 89;
-16, 224, 25, -613, -311, -178, -64, 874, 99;
-13, 228, 29, -583, -296, -171, -52, 889, 113;
-21, 220, 21, -625, -351, -199, -83, 861, 83;
-22, 220, 20, -621, -362, -205, -87, 860, 81;
-23, 220, 19, -621, -376, -212, -93, 858, 77;
-22, 222, 21, -601, -369, -210, -86, 867, 85;
-21, 224, 23, -585, -368, -209, -82, 874, 90;
-22, 223, 21, -584, -382, -217, -88, 871, 85;
-24, 222, 20, -589, -400, -226, -96, 866, 78;
-17, 229, 27, -535, -361, -207, -69, 896, 106;
-20, 227, 24, -542, -382, -219, -80, 888, 97;
-22, 227, 23, -541, -396, -226, -85, 886, 92;
-25, 224, 20, -554, -424, -240, -100, 874, 78;
-21, 229, 25, -514, -398, -228, -82, 896, 98;
-23, 227, 22, -520, -419, -239, -92, 888, 89;
-22, 229, 24, -504, -417, -238, -88, 895, 93;
-22, 231, 24, -489, -417, -239, -86, 901, 97;
-21, 232, 26, -473, -416, -238, -82, 907, 101;
-27, 227, 19, -502, -460, -261, -107, 885, 77;
-21, 233, 25, -455, -427, -245, -85, 911, 101;
-28, 228, 19, -485, -471, -267, -110, 889, 76;
-22, 234, 25, -439, -441, -252, -89, 913, 99;
-24, 233, 24, -437, -453, -259, -94, 911, 94;
-22, 236, 26, -413, -444, -255, -86, 922, 103;
-27, 231, 20, -438, -483, -275, -109, 903, 81;
-21, 239, 28, -383, -443, -255, -82, 933, 109;
-21, 239, 27, -374, -449, -258, -83, 935, 108;
-31, 230, 18, -424, -513, -291, -121, 899, 71;
-27, 235, 22, -390, -493, -281, -107, 917, 86;
-24, 239, 25, -358, -477, -273, -94, 932, 98;
-30, 234, 19, -382, -515, -293, -117, 913, 77;
-28, 236, 21, -361, -508, -290, -111, 922, 83;
-27, 238, 23, -341, -503, -287, -105, 930, 89;
-28, 237, 21, -339, -515, -294, -111, 927, 84;
-31, 236, 19, -343, -534, -303, -121, 921, 74;
-29, 238, 20, -321, -526, -300, -115, 930, 81;
-23, 245, 26, -273, -492, -283, -92, 955, 104;
-25, 244, 25, -269, -503, -289, -97, 953, 99;
-27, 242, 23, -273, -521, -298, -107, 947, 90;
-30, 240, 20, -281, -543, -309, -119, 937, 78;
-26, 245, 24, -241, -517, -296, -102, 958, 95;
-33, 239, 17, -274, -564, -320, -130, 933, 68;
-34, 238, 16, -271, -575, -326, -135, 930, 62;
-25, 248, 25, -201, -519, -298, -99, 969, 98;
-26, 248, 24, -193, -524, -301, -102, 969, 96;
-26, 249, 24, -181, -526, -302, -102, 972, 96;
-35, 241, 15, -225, -584, -331, -137, 940, 61;
-27, 249, 23, -165, -538, -308, -107, 972, 91;
-33, 243, 17, -194, -579, -329, -132, 950, 66;
-28, 249, 22, -150, -549, -314, -112, 973, 85;
-27, 251, 23, -129, -541, -310, -107, 981, 91;
-33, 246, 17, -153, -578, -329, -129, 961, 69;
-27, 252, 23, -108, -546, -313, -108, 985, 89;
-29, 252, 21, -104, -555, -318, -113, 983, 84;
-32, 249, 18, -114, -578, -330, -127, 971, 70;
-27, 255, 23, -67, -544, -312, -105, 996, 91;
-30, 253, 20, -73, -562, -322, -117, 987, 80;
-33, 250, 17, -82, -584, -333, -130, 977, 67;
-35, 249, 15, -83, -597, -339, -138, 971, 58;
-32, 252, 17, -56, -582, -332, -128, 984, 67;
-33, 251, 16, -50, -589, -335, -132, 982, 63;
-33, 252, 16, -38, -588, -335, -131, 985, 63;
-29, 257, 20, 0, -562, -322, -115, 1004, 79;
-30, 257, 19, 5, -568, -325, -118, 1003, 75;
-36, 252, 13, -19, -604, -343, -141, 983, 52;
-28, 260, 21, 41, -555, -318, -110, 1016, 82;
-34, 255, 15, 16, -590, -336, -133, 996, 59;
-26, 263, 22, 74, -544, -313, -104, 1027, 87;
-34, 256, 14, 40, -589, -335, -132, 1001, 58;
-30, 260, 18, 74, -566, -324, -118, 1017, 71;
-31, 260, 17, 80, -570, -326, -121, 1016, 67;
-29, 262, 18, 102, -558, -320, -114, 1025, 73;
-32, 260, 15, 92, -579, -330, -128, 1014, 59;
-35, 258, 12, 88, -593, -337, -137, 1007, 49;
-28, 265, 18, 139, -552, -316, -112, 1034, 73;
-27, 266, 19, 157, -544, -312, -108, 1040, 76;
-33, 261, 13, 132, -578, -329, -130, 1020, 53;
-27, 267, 19, 178, -542, -311, -108, 1044, 74;
-35, 261, 11, 143, -586, -332, -136, 1018, 45;
-33, 263, 13, 166, -572, -325, -128, 1027, 52;
-29, 267, 16, 201, -546, -313, -113, 1044, 65;
-25, 272, 20, 235, -521, -299, -98, 1061, 79;
-29, 268, 15, 219, -545, -311, -115, 1046, 62;
-26, 271, 18, 249, -524, -301, -102, 1060, 73;
-30, 268, 14, 236, -545, -311, -117, 1048, 57;
-28, 270, 15, 253, -535, -306, -112, 1054, 61;
-29, 269, 14, 257, -540, -308, -116, 1051, 55;
-29, 270, 14, 271, -533, -305, -113, 1056, 57;
-33, 267, 10, 255, -556, -316, -129, 1042, 40;
-27, 273, 15, 303, -516, -295, -105, 1067, 62;
-27, 273, 14, 308, -517, -296, -108, 1066, 58;
-30, 270, 11, 299, -533, -303, -119, 1056, 45;
-32, 269, 9, 299, -540, -306, -125, 1051, 38;
-31, 270, 10, 312, -534, -303, -123, 1055, 39;
-23, 278, 17, 368, -483, -277, -93, 1086, 67;
-27, 275, 13, 356, -501, -286, -106, 1074, 52;
-24, 278, 15, 382, -481, -276, -95, 1086, 61;
-29, 273, 9, 356, -512, -291, -116, 1066, 38;
-29, 274, 10, 370, -503, -286, -113, 1070, 40;
-31, 272, 7, 364, -515, -292, -122, 1062, 29;
-27, 276, 11, 398, -486, -277, -106, 1079, 44;
-21, 282, 16, 439, -449, -258, -85, 1101, 63;
-27, 277, 10, 412, -481, -274, -107, 1080, 39;
-26, 278, 10, 425, -472, -269, -104, 1084, 41;
-23, 281, 13, 452, -449, -257, -91, 1097, 51;
-25, 279, 10, 446, -458, -261, -100, 1090, 41;
-23, 282, 12, 470, -438, -251, -89, 1101, 49;
-21, 284, 14, 489, -422, -243, -82, 1109, 55;
-25, 280, 9, 468, -446, -254, -99, 1092, 36;
-26, 278, 7, 466, -451, -256, -104, 1088, 28;
-28, 277, 5, 465, -455, -258, -110, 1083, 21;
-26, 279, 6, 482, -441, -250, -103, 1090, 26;
-19, 286, 13, 533, -392, -225, -75, 1118, 51;
-25, 280, 6, 500, -426, -242, -99, 1094, 25;
-19, 287, 12, 546, -382, -219, -74, 1120, 48;
-23, 282, 7, 522, -407, -231, -92, 1102, 28;
-23, 282, 6, 528, -402, -229, -92, 1102, 26;
-18, 288, 11, 569, -363, -208, -70, 1124, 46;
-24, 282, 4, 535, -398, -225, -95, 1100, 19;
-22, 284, 6, 554, -379, -216, -86, 1108, 25;
-22, 283, 5, 556, -378, -214, -88, 1107, 21;
-22, 284, 5, 564, -370, -210, -86, 1109, 21;
-19, 286, 7, 583, -351, -200, -77, 1118, 28;
-16, 290, 10, 611, -322, -185, -62, 1133, 40;
-21, 285, 4, 583, -349, -198, -82, 1112, 18;
-21, 285, 4, 587, -345, -195, -83, 1112, 15;
-14, 292, 10, 635, -296, -170, -55, 1139, 40;
-19, 286, 4, 603, -326, -185, -77, 1117, 16;
-20, 286, 3, 604, -323, -183, -78, 1115, 12;
-12, 294, 10, 659, -267, -154, -46, 1146, 42;
-13, 292, 9, 656, -268, -154, -50, 1142, 35;
-16, 289, 4, 635, -287, -163, -65, 1127, 18;
-11, 294, 9, 672, -248, -143, -44, 1147, 37;
-12, 293, 8, 670, -247, -142, -47, 1144, 31;
-8, 296, 10, 694, -220, -128, -34, 1156, 42;
-17, 287, 1, 641, -270, -152, -68, 1122, 5;
-11, 293, 6, 679, -229, -131, -45, 1143, 25;
-11, 292, 5, 680, -224, -128, -46, 1142, 22;
-10, 294, 6, 692, -208, -120, -40, 1147, 26;
-10, 293, 5, 690, -206, -118, -42, 1144, 21;
-15, 288, 0, 663, -229, -129, -60, 1126, 1;
-8, 295, 7, 710, -178, -102, -31, 1153, 27;
-13, 289, 0, 674, -209, -117, -54, 1130, 2;
-14, 289, 0, 673, -205, -115, -55, 1127, -1;
-9, 293, 3, 705, -168, -96, -35, 1146, 15;
-9, 293, 3, 706, -161, -92, -35, 1145, 13;
-10, 292, 1, 700, -162, -92, -39, 1140, 6;
-12, 289, -1, 685, -171, -96, -48, 1130, -5;
-7, 293, 2, 713, -137, -78, -30, 1146, 9;
-6, 295, 3, 724, -120, -69, -23, 1152, 14;
-6, 294, 2, 718, -119, -68, -26, 1147, 8;
-7, 293, 1, 717, -114, -65, -27, 1145, 5;
0, 299, 7, 757, -67, -40, -1, 1169, 27;
-3, 296, 3, 739, -78, -45, -12, 1157, 14;
-3, 296, 2, 736, -74, -43, -13, 1155, 11;
-6, 292, 0, 716, -87, -48, -24, 1142, -3;
-3, 295, 1, 731, -64, -36, -14, 1150, 4;
0, 298, 4, 755, -33, -20, 1, 1165, 17;
-2, 295, 0, 733, -46, -26, -10, 1151, 2;
-5, 291, -2, 713, -59, -32, -22, 1138, -11;
-4, 292, -2, 716, -47, -25, -18, 1140, -10;
1, 298, 3, 754, -1, -1, 6, 1163, 12;
2, 298, 3, 756, 9, 4, 9, 1164, 12;
-1, 294, -1, 728, -9, -4, -5, 1147, -5;
0, 294, 0, 732, 4, 2, -1, 1149, -3;
5, 300, 4, 766, 46, 24, 21, 1170, 16;
5, 299, 3, 763, 53, 28, 22, 1169, 14;
1, 294, -1, 732, 32, 18, 5, 1150, -5;
1, 294, -1, 729, 39, 23, 6, 1149, -7;
0, 293, -3, 722, 41, 24, 3, 1144, -12;
2, 294, -2, 726, 56, 32, 9, 1147, -9;
3, 295, -1, 730, 70, 40, 14, 1150, -7;
0, 290, -6, 701, 51, 31, 0, 1133, -25;
7, 297, 0, 742, 103, 58, 27, 1159, 0;
1, 290, -6, 700, 72, 43, 5, 1134, -24;
3, 292, -4, 709, 92, 53, 13, 1140, -19;
3, 291, -5, 701, 95, 56, 11, 1136, -23;
3, 291, -6, 698, 103, 60, 13, 1136, -24;
3, 290, -6, 694, 110, 65, 14, 1134, -26;
10, 297, 0, 732, 160, 90, 41, 1159, -1;
10, 296, 0, 728, 168, 94, 42, 1157, -3;
11, 296, 0, 726, 178, 100, 45, 1158, -3;
4, 288, -8, 673, 137, 80, 16, 1126, -34;
9, 293, -4, 698, 173, 99, 35, 1143, -18;
13, 296, 0, 719, 207, 116, 52, 1157, -3;
13, 296, -1, 712, 212, 120, 52, 1155, -6;
6, 288, -8, 664, 176, 102, 27, 1126, -34;
15, 296, -1, 709, 235, 132, 59, 1157, -4;
15, 295, -1, 701, 239, 135, 58, 1153, -7;
8, 288, -9, 650, 200, 116, 31, 1123, -37;
14, 293, -3, 683, 247, 140, 57, 1146, -14;
8, 286, -10, 634, 211, 123, 31, 1118, -42;
14, 292, -5, 667, 257, 146, 56, 1140, -20;
12, 289, -8, 644, 247, 142, 47, 1127, -32;
16, 292, -4, 660, 277, 157, 62, 1140, -19;
19, 294, -2, 671, 301, 170, 74, 1149, -9;
14, 289, -7, 635, 278, 159, 57, 1129, -29;
13, 287, -9, 617, 274, 157, 51, 1120, -38;
14, 287, -9, 616, 287, 165, 56, 1122, -35;
21, 294, -2, 655, 339, 191, 85, 1149, -8;
14, 286, -10, 600, 298, 171, 57, 1117, -39;
19, 290, -5, 622, 334, 190, 76, 1133, -22;
18, 288, -7, 604, 331, 189, 71, 1125, -29;
13, 283, -12, 567, 308, 178, 53, 1105, -49;
22, 291, -4, 611, 366, 207, 87, 1135, -18;
23, 291, -4, 606, 375, 212, 89, 1135, -18;
21, 288, -7, 585, 368, 209, 82, 1125, -27;
22, 289, -6, 585, 382, 217, 88, 1128, -24;
24, 290, -4, 589, 401, 227, 97, 1134, -17;
23, 288, -6, 569, 395, 224, 91, 1124, -25;
23, 287, -7, 558, 398, 227, 90, 1121, -28;
24, 287, -6, 554, 409, 232, 93, 1121, -27;
19, 282, -11, 518, 387, 222, 77, 1102, -45;
23, 285, -8, 529, 413, 235, 91, 1112, -34;
24, 285, -8, 525, 424, 241, 95, 1114, -32;
24, 285, -8, 517, 430, 245, 96, 1112, -32;
26, 285, -7, 515, 443, 251, 102, 1114, -29;
23, 282, -10, 487, 429, 245, 91, 1100, -42;
20, 278, -14, 455, 413, 237, 78, 1084, -57;
21, 278, -13, 452, 424, 243, 83, 1086, -54;
21, 278, -13, 444, 431, 247, 85, 1085, -54;
24, 280, -11, 452, 453, 259, 96, 1093, -44;
25, 280, -11, 445, 461, 263, 99, 1093, -43;
20, 274, -16, 401, 432, 249, 79, 1069, -66;
28, 281, -9, 442, 487, 277, 111, 1099, -35;
26, 278, -11, 416, 476, 272, 102, 1087, -46;
28, 280, -10, 418, 492, 280, 110, 1092, -40;
22, 273, -16, 367, 456, 263, 86, 1064, -66;
24, 274, -15, 369, 472, 271, 94, 1069, -59;
24, 273, -15, 357, 476, 273, 94, 1066, -61;
28, 276, -12, 370, 503, 287, 109, 1078, -47;
23, 270, -17, 328, 475, 273, 90, 1056, -68;
23, 270, -17, 318, 480, 276, 91, 1054, -69;
29, 275, -11, 345, 521, 297, 115, 1075, -46;
28, 274, -13, 329, 520, 296, 112, 1070, -50;
30, 275, -11, 326, 531, 303, 118, 1073, -46;
24, 268, -17, 280, 499, 287, 97, 1048, -69;
33, 276, -9, 322, 555, 315, 130, 1078, -37;
30, 273, -12, 293, 540, 308, 119, 1065, -49;
30, 272, -13, 281, 543, 309, 120, 1062, -50;
29, 270, -15, 259, 535, 305, 113, 1053, -58;
31, 272, -12, 265, 555, 316, 124, 1061, -49;
28, 267, -16, 230, 534, 305, 110, 1044, -64;
29, 268, -15, 228, 546, 312, 116, 1047, -59;
32, 270, -12, 235, 566, 322, 128, 1056, -49;
28, 265, -17, 193, 538, 308, 109, 1034, -69;
29, 265, -16, 188, 547, 313, 114, 1036, -65;
28, 264, -18, 170, 543, 311, 110, 1030, -70;
35, 270, -11, 203, 589, 334, 138, 1055, -43;
32, 266, -14, 171, 570, 325, 125, 1039, -57;
35, 269, -11, 180, 592, 336, 138, 1050, -45;
29, 262, -18, 129, 554, 317, 114, 1023, -70;
31, 264, -15, 132, 570, 325, 123, 1029, -62;
32, 263, -15, 123, 575, 328, 126, 1029, -61;
31, 262, -16, 108, 572, 326, 123, 1024, -64;
32, 262, -15, 102, 579, 330, 127, 1025, -60;
28, 257, -20, 63, 552, 317, 110, 1005, -78;
31, 260, -16, 73, 575, 328, 124, 1017, -65;
35, 263, -13, 81, 596, 338, 136, 1026, -54;
28, 256, -20, 31, 557, 319, 112, 1000, -79;
30, 257, -19, 27, 566, 324, 117, 1002, -74;
26, 252, -23, -7, 542, 312, 103, 985, -89;
29, 254, -20, -3, 559, 320, 113, 993, -80;
30, 255, -19, -3, 569, 325, 119, 997, -74;
32, 256, -17, -5, 579, 330, 126, 1001, -68;
31, 255, -18, -21, 575, 328, 123, 996, -72;
31, 254, -19, -35, 572, 327, 121, 992, -74;
26, 249, -23, -73, 545, 313, 104, 973, -91;
28, 250, -21, -74, 555, 318, 111, 977, -84;
29, 250, -21, -83, 557, 319, 113, 977, -83;
27, 248, -23, -105, 545, 313, 106, 967, -91;
29, 250, -20, -100, 561, 321, 116, 975, -81;
35, 255, -14, -74, 597, 339, 139, 996, -58;
35, 254, -15, -89, 592, 336, 136, 992, -61;
26, 245, -24, -152, 539, 309, 104, 957, -94;
29, 248, -20, -143, 558, 319, 116, 968, -81;
35, 253, -15, -119, 591, 335, 138, 987, -60;
27, 245, -23, -178, 542, 311, 108, 955, -90;
30, 246, -20, -174, 555, 317, 117, 962, -81;
34, 251, -16, -154, 584, 331, 136, 979, -62;
34, 250, -16, -166, 581, 330, 135, 977, -63;
29, 244, -21, -210, 546, 312, 114, 954, -84;
29, 244, -21, -216, 548, 313, 116, 955, -81;
27, 241, -23, -244, 529, 303, 106, 942, -92;
28, 242, -22, -249, 532, 305, 109, 944, -89;
31, 244, -19, -238, 551, 314, 122, 955, -76;
29, 242, -21, -261, 536, 306, 114, 945, -84;
26, 239, -24, -288, 516, 296, 103, 933, -94;
26, 238, -24, -298, 514, 294, 103, 931, -94;
29, 241, -20, -285, 533, 304, 116, 943, -80;
26, 238, -23, -315, 510, 292, 103, 929, -93;
33, 244, -16, -282, 551, 312, 130, 954, -66;
23, 234, -27, -356, 483, 278, 89, 912, -106;
24, 235, -25, -355, 491, 282, 96, 918, -99;
28, 238, -21, -342, 509, 291, 109, 930, -85;
22, 232, -27, -386, 471, 271, 87, 907, -106;
24, 233, -25, -384, 479, 275, 94, 912, -100;
23, 232, -26, -397, 472, 271, 91, 908, -102;
23, 232, -25, -404, 469, 269, 92, 908, -101;
26, 235, -22, -394, 485, 277, 103, 918, -88;
27, 236, -21, -395, 488, 278, 107, 921, -83;
23, 232, -25, -429, 460, 263, 92, 905, -99;
21, 230, -26, -447, 446, 256, 85, 897, -104;
24, 232, -24, -439, 458, 262, 95, 906, -94;
26, 234, -21, -432, 469, 267, 104, 914, -84;
23, 231, -24, -460, 444, 254, 91, 900, -96;
20, 227, -27, -487, 421, 242, 79, 888, -107;
21, 228, -26, -489, 422, 243, 82, 890, -104;
24, 231, -23, -476, 438, 250, 94, 902, -91;
24, 231, -22, -480, 438, 249, 96, 903, -88;
26, 232, -20, -477, 442, 251, 102, 908, -81;
24, 231, -22, -492, 430, 245, 96, 902, -86;
26, 233, -20, -489, 436, 247, 102, 908, -78;
19, 226, -26, -538, 389, 223, 76, 881, -104;
26, 232, -19, -502, 426, 242, 102, 907, -77;
25, 232, -19, -509, 420, 238, 101, 905, -77;
21, 228, -23, -541, 390, 222, 84, 889, -92;
21, 228, -23, -546, 386, 220, 85, 889, -91;
16, 222, -28, -586, 346, 199, 63, 867, -111;
18, 224, -26, -577, 356, 204, 72, 876, -101;
18, 224, -25, -581, 352, 201, 72, 876, -100;
20, 226, -23, -574, 360, 205, 80, 884, -91;
18, 225, -24, -589, 345, 197, 73, 878, -96;
16, 222, -26, -608, 325, 186, 64, 869, -104;
15, 221, -27, -619, 313, 180, 60, 864, -107;
18, 224, -24, -605, 327, 186, 71, 876, -94;
21, 227, -21, -592, 339, 192, 82, 887, -82;
17, 224, -24, -618, 312, 178, 68, 873, -94;
18, 225, -22, -615, 313, 178, 72, 878, -89;
15, 221, -26, -640, 286, 164, 58, 864, -101;
11, 218, -29, -666, 258, 149, 44, 851, -114;
17, 224, -22, -629, 293, 166, 69, 876, -88;
14, 221, -25, -653, 267, 152, 56, 864, -99;
11, 218, -28, -673, 244, 140, 45, 853, -109;
15, 222, -24, -653, 261, 148, 59, 868, -93;
14, 221, -24, -661, 250, 142, 55, 865, -95;
13, 221, -24, -666, 242, 137, 54, 864, -95;
15, 223, -22, -654, 250, 141, 62, 873, -86;
9, 217, -28, -698, 202, 117, 36, 848, -110;
13, 222, -23, -673, 224, 127, 52, 865, -92;
8, 216, -28, -708, 184, 106, 32, 845, -111;
10, 219, -25, -695, 193, 110, 40, 855, -101;
10, 220, -25, -693, 190, 108, 42, 858, -97;
6, 215, -29, -722, 156, 90, 24, 841, -113;
11, 221, -23, -687, 185, 104, 46, 864, -90;
7, 217, -26, -713, 154, 88, 30, 849, -104;
9, 219, -24, -703, 159, 90, 37, 857, -96;
12, 222, -21, -688, 169, 94, 46, 868, -84;
8, 219, -24, -707, 144, 81, 34, 857, -94;
4, 216, -27, -732, 112, 65, 19, 843, -108;
5, 217, -26, -727, 111, 63, 21, 847, -104;
5, 217, -26, -726, 105, 60, 21, 848, -102;
9, 221, -22, -703, 122, 68, 35, 864, -86;
5, 218, -25, -723, 94, 53, 22, 852, -98;
2, 216, -27, -739, 71, 41, 11, 842, -107;
0, 213, -30, -759, 44, 27, -1, 831, -118;
0, 214, -29, -753, 43, 26, 1, 835, -114;
4, 218, -24, -727, 60, 34, 15, 852, -97;
2, 217, -26, -735, 44, 25, 9, 847, -102;
-1, 213, -30, -760, 11, 8, -7, 832, -117;
-2, 212, -30, -763, 0, 1, -11, 830, -118;
-4, 212, -31, -769, -13, -5, -15, 827, -121;
-3, 213, -30, -763, -17, -7, -14, 830, -118;
-1, 216, -27, -744, -6, -3, -3, 843, -105;
2, 220, -23, -719, 8, 3, 9, 858, -90;
-2, 215, -27, -747, -27, -15, -9, 841, -107;
-5, 213, -29, -761, -51, -27, -20, 832, -116;
-1, 217, -25, -733, -32, -19, -5, 849, -99;
-1, 217, -25, -732, -41, -24, -7, 849, -99;
-3, 216, -26, -737, -56, -32, -13, 846, -103;
-3, 217, -25, -730, -60, -34, -11, 849, -100;
-4, 216, -27, -738, -78, -44, -19, 844, -105;
-4, 217, -25, -728, -78, -45, -15, 850, -100;
0, 222, -21, -699, -60, -36, 0, 867, -83;
-6, 216, -27, -735, -107, -60, -26, 844, -106;
-10, 213, -30, -754, -137, -76, -41, 831, -120;
-6, 217, -26, -725, -119, -68, -26, 848, -103;
-3, 221, -22, -699, -105, -61, -14, 863, -88;
-5, 220, -23, -702, -119, -69, -19, 860, -92;
-2, 223, -20, -682, -110, -65, -10, 872, -80;
-4, 222, -21, -684, -124, -73, -15, 869, -84;
-10, 216, -28, -721, -173, -98, -42, 844, -109;
-14, 213, -30, -737, -200, -112, -56, 833, -120;
-8, 219, -25, -696, -172, -98, -34, 857, -97;
-10, 219, -25, -698, -186, -106, -39, 855, -100;
-7, 222, -22, -673, -173, -100, -28, 868, -87;
-9, 220, -24, -682, -195, -112, -38, 861, -95;
-7, 224, -21, -658, -184, -107, -28, 874, -83;
-12, 220, -25, -682, -220, -126, -47, 858, -100;
-11, 221, -24, -671, -222, -127, -44, 863, -96;
-13, 219, -26, -678, -242, -138, -54, 856, -103;
-16, 218, -28, -685, -262, -148, -63, 850, -110;
-17, 217, -29, -685, -275, -155, -68, 848, -113;
-18, 217, -29, -682, -285, -161, -71, 848, -114;
-17, 218, -28, -671, -287, -163, -69, 852, -111;
-18, 218, -28, -667, -296, -168, -71, 853, -111;
-20, 217, -30, -672, -316, -178, -80, 847, -118;
-12, 226, -21, -610, -267, -154, -47, 883, -83;
-14, 224, -23, -618, -289, -166, -57, 875, -91;
-17, 222, -26, -630, -314, -179, -70, 866, -102;
-17, 223, -25, -618, -317, -181, -68, 870, -98;
-20, 221, -27, -626, -338, -192, -78, 863, -107;
-22, 219, -29, -633, -360, -203, -89, 855, -116;
-19, 224, -25, -600, -340, -194, -74, 874, -99;
-23, 220, -29, -618, -373, -211, -91, 859, -114;
-16, 227, -22, -568, -337, -193, -66, 888, -87;
-21, 223, -26, -589, -372, -211, -85, 872, -104;
-18, 227, -23, -558, -356, -204, -71, 888, -89;
-23, 223, -27, -578, -390, -221, -90, 872, -106;
-17, 230, -21, -532, -358, -206, -67, 898, -82;
-19, 228, -23, -538, -378, -216, -77, 891, -90;
-20, 229, -22, -528, -383, -219, -78, 894, -89;
-19, 231, -21, -512, -381, -219, -74, 901, -83;
-23, 227, -24, -526, -410, -234, -89, 888, -97;
-25, 225, -27, -533, -431, -245, -100, 881, -106;
-20, 232, -21, -487, -400, -230, -78, 906, -82;
-26, 226, -27, -516, -444, -252, -103, 884, -105;
-24, 229, -24, -492, -435, -248, -94, 895, -95;
-27, 226, -27, -504, -461, -262, -108, 884, -108;
-24, 231, -23, -471, -442, -253, -94, 902, -92;
-25, 230, -24, -469, -456, -260, -100, 899, -97;
-28, 228, -27, -477, -478, -271, -112, 890, -107;
-26, 231, -25, -454, -469, -267, -104, 901, -98;
-25, 233, -23, -432, -462, -264, -97, 911, -89;
-28, 230, -26, -443, -488, -277, -112, 900, -102;
-24, 235, -21, -404, -464, -266, -95, 920, -84;
-22, 238, -19, -380, -454, -261, -86, 931, -74;
-22, 239, -19, -371, -461, -265, -88, 932, -74;
-29, 232, -25, -403, -507, -288, -115, 908, -100;
-30, 232, -26, -397, -515, -293, -118, 908, -102;
-30, 233, -25, -384, -517, -294, -118, 912, -100;
-27, 237, -22, -357, -505, -288, -108, 924, -89;
-31, 233, -26, -370, -532, -302, -124, 912, -103;
-32, 233, -27, -365, -541, -307, -127, 911, -105;
-33, 234, -27, -356, -547, -310, -129, 912, -106;
-32, 235, -26, -341, -546, -310, -127, 917, -103;
-29, 238, -23, -311, -531, -302, -116, 931, -90;
-32, 236, -25, -317, -551, -313, -127, 924, -100;
-28, 241, -21, -279, -527, -301, -111, 942, -83;
-25, 245, -18, -249, -511, -293, -100, 957, -70;
-32, 239, -24, -281, -557, -316, -127, 933, -96;
-33, 239, -25, -273, -563, -320, -130, 933, -98;
-26, 247, -17, -217, -520, -299, -102, 964, -69;
-31, 242, -22, -239, -557, -317, -123, 945, -89;
-24, 249, -15, -184, -516, -297, -97, 974, -62;
-28, 247, -19, -195, -540, -309, -111, 963, -75;
-26, 250, -16, -169, -528, -303, -102, 975, -65;
-25, 251, -15, -150, -523, -301, -98, 982, -60;
-32, 245, -22, -182, -567, -323, -125, 958, -86;
-28, 250, -18, -147, -546, -313, -110, 975, -71;
-26, 252, -15, -122, -534, -307, -102, 985, -62;
-33, 246, -22, -153, -579, -329, -129, 961, -88;
-35, 244, -25, -158, -597, -338, -140, 953, -97;
-31, 249, -20, -117, -568, -324, -121, 974, -78;
-32, 249, -20, -110, -574, -327, -124, 974, -80;
-33, 249, -21, -107, -583, -332, -130, 971, -85;
-27, 255, -15, -58, -547, -314, -107, 997, -61;
-35, 248, -23, -96, -597, -339, -138, 968, -92;
-34, 249, -22, -79, -593, -337, -135, 974, -88;
-30, 254, -18, -44, -570, -326, -120, 991, -72;
-31, 254, -18, -33, -571, -326, -121, 993, -72;
-35, 250, -23, -50, -600, -341, -139, 978, -90;
-32, 254, -19, -19, -581, -331, -127, 992, -77;
-30, 256, -18, 2, -570, -326, -120, 1001, -70;
-28, 259, -15, 27, -558, -320, -112, 1012, -61;
-31, 257, -18, 23, -573, -327, -122, 1005, -70;
-28, 260, -15, 50, -557, -319, -112, 1016, -60;
-26, 263, -12, 78, -540, -311, -102, 1029, -50;
-30, 260, -16, 65, -564, -323, -117, 1016, -64;
-31, 260, -17, 70, -570, -325, -121, 1015, -67;
-30, 261, -16, 86, -564, -323, -118, 1020, -64;
-35, 257, -21, 65, -596, -338, -138, 1002, -84;
-29, 263, -15, 111, -560, -320, -116, 1026, -62;
-27, 265, -13, 136, -545, -313, -107, 1036, -53;
-27, 267, -12, 151, -540, -310, -105, 1041, -50;
-30, 264, -16, 141, -560, -320, -118, 1030, -63;
-35, 259, -21, 121, -590, -335, -137, 1013, -81;
-35, 260, -21, 131, -589, -334, -137, 1015, -81;
-31, 264, -17, 163, -566, -323, -124, 1030, -68;
-33, 262, -19, 163, -575, -327, -131, 1025, -75;
-27, 269, -12, 214, -533, -306, -105, 1052, -49;
-32, 265, -17, 193, -563, -320, -124, 1035, -68;
-32, 265, -17, 203, -561, -320, -125, 1036, -68;
-24, 273, -10, 259, -513, -295, -96, 1067, -40;
-33, 265, -18, 217, -563, -320, -128, 1036, -72;
-28, 270, -14, 254, -535, -306, -112, 1054, -55;
-26, 273, -12, 278, -519, -298, -103, 1064, -47;
-34, 265, -19, 240, -564, -320, -132, 1037, -76;
-30, 269, -16, 269, -542, -309, -120, 1050, -64;
-28, 272, -13, 296, -522, -299, -109, 1063, -53;
-30, 270, -16, 291, -534, -304, -118, 1055, -62;
-31, 270, -16, 295, -537, -305, -122, 1053, -66;
-23, 277, -9, 350, -488, -281, -93, 1083, -37;
-30, 271, -16, 318, -527, -300, -118, 1059, -63;
-23, 278, -9, 370, -481, -277, -92, 1087, -36;
-25, 277, -11, 368, -489, -280, -98, 1082, -43;
-23, 279, -9, 387, -476, -273, -92, 1089, -37;
-32, 271, -18, 343, -525, -298, -125, 1058, -70;
-25, 277, -11, 391, -482, -276, -100, 1083, -45;
-27, 276, -13, 390, -489, -279, -106, 1078, -52;
-30, 274, -16, 380, -503, -286, -117, 1069, -63;
-21, 283, -7, 444, -444, -256, -82, 1104, -29;
-27, 277, -13, 412, -480, -273, -107, 1080, -54;
-29, 275, -16, 406, -491, -278, -115, 1072, -63;
-21, 283, -8, 465, -436, -250, -83, 1105, -31;
-27, 278, -13, 437, -468, -266, -105, 1084, -54;
-20, 284, -7, 484, -424, -244, -80, 1110, -29;
-27, 278, -14, 449, -463, -263, -107, 1084, -56;
-22, 282, -9, 485, -429, -246, -88, 1103, -38;
-19, 285, -7, 510, -408, -234, -77, 1114, -28;
-19, 286, -7, 517, -403, -232, -77, 1115, -28;
-25, 280, -13, 486, -437, -248, -100, 1092, -52;
-19, 286, -7, 530, -394, -226, -77, 1117, -28;
-20, 285, -8, 532, -394, -226, -79, 1114, -32;
-20, 285, -8, 538, -390, -223, -79, 1115, -32;
-22, 284, -10, 534, -396, -226, -85, 1109, -39;
-24, 282, -12, 527, -404, -229, -93, 1101, -48;
-20, 286, -8, 555, -377, -215, -79, 1116, -34;
-24, 282, -13, 535, -398, -225, -95, 1100, -51;
-22, 283, -11, 550, -383, -217, -89, 1106, -45;
-23, 283, -12, 550, -383, -217, -91, 1103, -49;
-23, 283, -12, 555, -378, -214, -91, 1103, -49;
-21, 284, -11, 571, -362, -206, -84, 1110, -43;
-15, 291, -4, 617, -317, -182, -59, 1136, -18;
-17, 289, -7, 607, -325, -186, -67, 1127, -27;
-13, 292, -3, 634, -298, -172, -53, 1141, -15;
-15, 291, -5, 628, -303, -174, -59, 1135, -21;
-14, 292, -4, 639, -291, -167, -55, 1139, -18;
-21, 284, -12, 596, -332, -187, -84, 1110, -47;
-11, 294, -2, 665, -261, -151, -43, 1150, -8;
-15, 290, -6, 642, -282, -161, -59, 1133, -25;
-16, 289, -8, 637, -285, -162, -64, 1128, -31;
-11, 294, -2, 673, -247, -142, -44, 1148, -11;
-9, 296, -1, 688, -229, -133, -36, 1155, -4;
-11, 293, -3, 676, -238, -137, -45, 1145, -14;
-9, 296, -1, 693, -217, -126, -35, 1154, -5;
-7, 297, 0, 704, -203, -118, -30, 1159, -1;
-14, 290, -7, 664, -240, -136, -56, 1132, -28;
-13, 290, -6, 669, -231, -131, -54, 1133, -27;
-14, 290, -7, 669, -227, -128, -54, 1132, -29;
-16, 287, -9, 657, -235, -132, -63, 1122, -38;
-7, 296, 0, 716, -171, -99, -27, 1157, -3;
-13, 290, -7, 676, -207, -117, -53, 1131, -30;
-6, 296, -1, 719, -159, -92, -26, 1156, -4;
-9, 293, -3, 704, -169, -96, -36, 1145, -15;
-7, 295, -2, 718, -150, -86, -28, 1152, -8;
-9, 292, -5, 701, -161, -91, -38, 1141, -20;
-12, 289, -8, 682, -174, -97, -50, 1128, -32;
-11, 290, -7, 689, -162, -90, -46, 1131, -29;
-2, 299, 1, 748, -96, -57, -8, 1167, 6;
-10, 290, -6, 697, -141, -78, -40, 1134, -25;
-7, 292, -4, 712, -119, -67, -30, 1142, -17;
-2, 297, 0, 743, -82, -48, -10, 1160, 1;
0, 300, 3, 760, -57, -35, 0, 1170, 11;
0, 299, 2, 754, -56, -33, -1, 1166, 8;
-7, 292, -4, 711, -92, -51, -27, 1139, -18;
1, 300, 3, 762, -33, -21, 4, 1170, 12;
2, 300, 3, 766, -21, -14, 8, 1172, 15;
-2, 295, -1, 735, -44, -25, -9, 1152, -3;
-4, 292, -3, 720, -51, -28, -17, 1142, -13;
-2, 294, -1, 730, -33, -18, -9, 1148, -6;
-4, 291, -4, 714, -40, -21, -17, 1138, -15;
2, 298, 2, 756, 10, 4, 9, 1164, 11;
1, 297, 1, 749, 12, 6, 7, 1160, 7;
-3, 291, -4, 709, -19, -8, -15, 1135, -16;
3, 297, 2, 750, 30, 16, 11, 1160, 9;
1, 295, 0, 737, 27, 15, 6, 1153, 2;
5, 299, 4, 759, 58, 32, 21, 1166, 17;
7, 300, 5, 765, 75, 40, 28, 1171, 22;
5, 298, 4, 752, 72, 40, 23, 1163, 16;
2, 294, 0, 727, 57, 33, 9, 1148, 2;
4, 296, 2, 736, 76, 43, 18, 1154, 9;
0, 290, -3, 699, 49, 30, -2, 1132, -12;
7, 297, 4, 744, 105, 59, 29, 1160, 17;
8, 297, 4, 743, 115, 64, 31, 1161, 19;
6, 295, 2, 725, 108, 61, 23, 1150, 10;
10, 298, 6, 745, 139, 77, 39, 1163, 24;
3, 291, 0, 697, 102, 60, 12, 1135, -2;
3, 290, -1, 691, 108, 63, 12, 1132, -3;
9, 296, 5, 726, 155, 87, 38, 1155, 20;
13, 299, 8, 744, 184, 102, 52, 1167, 33;
8, 293, 3, 706, 158, 90, 32, 1145, 13;
4, 288, -1, 672, 136, 80, 15, 1125, -5;
13, 297, 7, 723, 199, 112, 51, 1159, 29;
11, 295, 6, 708, 196, 111, 46, 1151, 23;
7, 289, 0, 671, 171, 99, 27, 1129, 3;
11, 293, 4, 690, 202, 115, 43, 1143, 18;
7, 289, 1, 663, 188, 109, 30, 1128, 4;
16, 296, 9, 708, 246, 138, 63, 1157, 36;
9, 289, 1, 655, 206, 119, 35, 1127, 7;
11, 291, 4, 665, 229, 131, 46, 1135, 17;
13, 292, 6, 669, 246, 140, 53, 1139, 23;
14, 292, 6, 669, 259, 147, 57, 1141, 27;
9, 286, 0, 625, 228, 132, 35, 1116, 3;
17, 294, 9, 670, 287, 162, 68, 1146, 36;
18, 293, 9, 665, 295, 167, 70, 1146, 37;
13, 287, 4, 625, 268, 154, 50, 1123, 16;
19, 293, 10, 658, 315, 178, 76, 1146, 41;
18, 292, 9, 644, 315, 179, 73, 1140, 37;
17, 290, 8, 629, 313, 178, 69, 1132, 32;
14, 286, 5, 601, 300, 172, 57, 1118, 19;
21, 292, 11, 634, 346, 196, 83, 1141, 45;
17, 287, 6, 597, 323, 185, 66, 1121, 26;
19, 289, 9, 603, 344, 196, 76, 1127, 35;
18, 286, 7, 584, 339, 194, 70, 1119, 29;
20, 288, 9, 592, 361, 205, 80, 1126, 38;
17, 284, 6, 560, 343, 197, 67, 1109, 24;
16, 282, 5, 545, 342, 197, 63, 1103, 20;
20, 286, 9, 563, 375, 214, 81, 1117, 36;
23, 288, 12, 570, 396, 225, 91, 1125, 46;
18, 282, 6, 526, 367, 211, 70, 1101, 25;
20, 283, 8, 531, 386, 221, 79, 1107, 33;
23, 286, 11, 540, 410, 233, 92, 1116, 45;
18, 280, 6, 501, 385, 221, 73, 1095, 26;
17, 278, 5, 483, 382, 220, 69, 1087, 21;
27, 288, 15, 535, 448, 254, 107, 1123, 59;
26, 285, 13, 515, 443, 252, 102, 1114, 53;
21, 280, 9, 477, 419, 240, 85, 1094, 35;
20, 278, 8, 460, 417, 240, 81, 1087, 31;
23, 280, 10, 463, 435, 249, 89, 1093, 39;
25, 281, 12, 467, 453, 258, 99, 1099, 47;
29, 285, 16, 484, 485, 275, 116, 1113, 64;
22, 277, 9, 429, 445, 255, 89, 1083, 37;
28, 282, 15, 455, 485, 276, 112, 1103, 59;
26, 280, 13, 432, 477, 272, 105, 1092, 52;
28, 281, 15, 432, 492, 280, 112, 1097, 58;
27, 278, 13, 411, 485, 277, 106, 1087, 52;
30, 281, 16, 419, 509, 289, 118, 1097, 64;
25, 275, 11, 377, 480, 275, 99, 1074, 44;
31, 280, 17, 403, 522, 296, 122, 1095, 68;
22, 271, 8, 335, 468, 269, 87, 1057, 32;
32, 279, 17, 383, 531, 301, 124, 1091, 69;
31, 278, 17, 369, 531, 301, 123, 1086, 67;
32, 278, 18, 362, 539, 306, 126, 1086, 70;
31, 276, 17, 345, 535, 304, 122, 1080, 66;
32, 277, 18, 341, 546, 310, 127, 1082, 71;
24, 268, 9, 276, 495, 285, 94, 1045, 38;
24, 267, 10, 266, 499, 287, 95, 1044, 39;
33, 275, 18, 308, 556, 316, 129, 1074, 73;
26, 268, 12, 256, 518, 297, 104, 1047, 48;
29, 270, 15, 264, 539, 308, 116, 1056, 59;
30, 270, 16, 256, 546, 311, 119, 1055, 62;
26, 265, 11, 216, 520, 298, 101, 1035, 45;
32, 271, 18, 245, 562, 320, 127, 1057, 70;
29, 267, 15, 216, 547, 313, 116, 1044, 60;
34, 271, 19, 230, 576, 327, 133, 1058, 76;
30, 267, 16, 198, 557, 318, 120, 1042, 64;
32, 268, 18, 199, 572, 325, 128, 1048, 72;
27, 262, 13, 155, 541, 310, 108, 1025, 52;
35, 269, 20, 190, 589, 334, 137, 1051, 81;
26, 259, 11, 120, 532, 306, 101, 1012, 46;
34, 267, 20, 160, 586, 333, 134, 1042, 78;
35, 267, 21, 154, 593, 337, 137, 1043, 83;
27, 258, 13, 91, 542, 311, 105, 1009, 51;
27, 258, 13, 81, 545, 313, 107, 1007, 52;
28, 258, 14, 73, 550, 315, 109, 1007, 55;
35, 265, 21, 108, 597, 339, 138, 1033, 85;
33, 262, 20, 85, 587, 334, 132, 1024, 78;
27, 255, 14, 34, 548, 315, 107, 997, 54;
30, 258, 17, 42, 569, 325, 119, 1007, 67;
34, 261, 20, 53, 591, 336, 133, 1018, 81;
28, 254, 15, 4, 555, 318, 110, 993, 59;
33, 259, 20, 26, 588, 335, 131, 1011, 81;
28, 253, 15, -18, 554, 318, 110, 988, 60;
35, 260, 23, 16, 602, 342, 139, 1015, 90;
27, 251, 14, -47, 549, 315, 107, 979, 57;
29, 252, 17, -46, 561, 321, 114, 985, 66;
35, 258, 23, -17, 601, 341, 140, 1008, 92;
28, 250, 16, -76, 553, 317, 110, 976, 63;
31, 252, 19, -70, 569, 325, 120, 984, 74;
29, 250, 17, -90, 560, 320, 115, 976, 69;
27, 247, 15, -117, 544, 312, 105, 965, 61;
29, 249, 18, -113, 558, 319, 115, 972, 71;
31, 250, 20, -110, 571, 326, 123, 978, 80;
29, 248, 18, -136, 555, 318, 114, 967, 72;
31, 249, 20, -136, 564, 322, 120, 972, 79;
31, 249, 21, -143, 568, 324, 123, 972, 82;
31, 248, 21, -156, 563, 321, 121, 969, 82;
33, 249, 23, -155, 574, 327, 129, 974, 90;
35, 251, 25, -152, 586, 333, 137, 981, 99;
33, 248, 23, -176, 571, 325, 129, 970, 92;
25, 240, 16, -234, 522, 300, 99, 939, 63;
32, 247, 23, -199, 566, 322, 127, 966, 93;
34, 248, 25, -198, 574, 326, 134, 970, 100;
25, 239, 17, -263, 518, 297, 100, 935, 67;
27, 240, 19, -263, 526, 301, 106, 939, 74;
30, 243, 22, -256, 540, 308, 117, 948, 86;
28, 241, 21, -272, 532, 304, 113, 943, 83;
29, 242, 22, -277, 535, 305, 116, 944, 88;
31, 243, 24, -277, 542, 308, 121, 948, 94;
30, 242, 23, -291, 535, 304, 119, 944, 93;
32, 243, 26, -287, 545, 309, 127, 951, 102;
30, 241, 24, -307, 531, 302, 120, 943, 96;
30, 240, 24, -320, 525, 299, 118, 939, 95;
26, 237, 21, -351, 501, 286, 104, 924, 83;
32, 242, 27, -324, 533, 302, 126, 945, 106;
23, 233, 18, -390, 473, 272, 90, 908, 72;
24, 234, 20, -390, 478, 274, 95, 912, 79;
30, 239, 26, -361, 512, 291, 118, 934, 103;
26, 235, 22, -397, 482, 275, 101, 916, 87;
27, 236, 24, -394, 489, 279, 108, 922, 95;
22, 231, 19, -434, 454, 261, 88, 901, 77;
30, 238, 27, -395, 497, 282, 117, 929, 108;
21, 229, 19, -458, 438, 252, 83, 894, 75;
29, 237, 28, -412, 489, 277, 116, 927, 110;
24, 232, 23, -450, 454, 259, 97, 907, 92;
28, 235, 27, -436, 472, 268, 110, 919, 107;
26, 233, 25, -458, 453, 258, 101, 909, 99;
18, 225, 18, -511, 403, 233, 72, 880, 72;
26, 233, 27, -467, 450, 256, 104, 911, 105;
23, 230, 24, -495, 425, 243, 91, 897, 93;
21, 228, 22, -513, 409, 234, 83, 889, 88;
26, 233, 28, -487, 438, 248, 104, 909, 110;
27, 233, 29, -489, 438, 248, 106, 912, 114;
26, 232, 28, -501, 427, 242, 102, 907, 112;
19, 225, 22, -550, 379, 218, 75, 880, 86;
18, 224, 21, -563, 368, 211, 71, 876, 84;
16, 222, 19, -582, 349, 202, 62, 866, 76;
16, 222, 20, -586, 347, 200, 63, 867, 79;
15, 221, 19, -597, 336, 194, 59, 864, 77;
17, 223, 22, -589, 345, 198, 68, 872, 87;
18, 224, 24, -585, 348, 199, 73, 877, 94;
14, 220, 20, -619, 314, 181, 54, 859, 78;
13, 220, 20, -625, 308, 178, 54, 858, 79;
15, 221, 22, -618, 315, 181, 61, 865, 88;
13, 219, 20, -638, 294, 170, 51, 856, 79;
16, 222, 24, -623, 308, 176, 63, 868, 93;
20, 227, 28, -598, 331, 187, 80, 885, 112;
11, 218, 20, -658, 270, 156, 45, 851, 79;
14, 220, 23, -645, 281, 161, 55, 861, 91;
20, 227, 30, -610, 314, 177, 79, 886, 117;
18, 225, 28, -624, 298, 168, 72, 879, 112;
17, 224, 27, -635, 284, 161, 67, 874, 108;
16, 223, 27, -643, 273, 155, 63, 872, 107;
10, 218, 22, -682, 232, 134, 41, 850, 86;
16, 224, 29, -645, 266, 150, 65, 875, 113;
9, 217, 22, -694, 214, 123, 36, 846, 85;
9, 217, 23, -692, 212, 122, 38, 849, 90;
10, 218, 24, -689, 211, 121, 41, 853, 94;
13, 222, 27, -671, 225, 127, 53, 866, 108;
12, 221, 27, -678, 214, 121, 50, 864, 107;
12, 221, 27, -683, 204, 116, 48, 862, 107;
5, 214, 20, -729, 154, 90, 20, 836, 81;
10, 220, 27, -694, 184, 105, 42, 859, 105;
10, 220, 27, -695, 177, 100, 41, 859, 106;
11, 221, 28, -693, 174, 98, 43, 862, 110;
12, 223, 30, -683, 179, 100, 49, 869, 118;
3, 213, 21, -742, 114, 67, 13, 834, 83;
8, 219, 26, -712, 139, 79, 31, 854, 104;
11, 222, 30, -692, 152, 85, 43, 867, 118;
5, 217, 25, -726, 112, 64, 22, 847, 98;
5, 217, 25, -727, 104, 59, 20, 847, 99;
0, 212, 21, -757, 67, 40, 1, 830, 82;
0, 213, 21, -755, 62, 37, 2, 832, 84;
1, 214, 22, -751, 59, 35, 4, 835, 88;
5, 218, 27, -722, 80, 45, 20, 853, 107;
5, 219, 28, -718, 77, 43, 22, 857, 111;
7, 221, 30, -705, 82, 45, 29, 865, 119;
5, 220, 29, -714, 65, 36, 22, 860, 114;
-2, 213, 21, -762, 10, 7, -8, 831, 85;
-3, 212, 21, -768, -4, 0, -13, 827, 82;
4, 220, 29, -718, 37, 19, 15, 859, 113;
5, 222, 31, -705, 41, 21, 21, 867, 121;
-3, 213, 22, -760, -23, -11, -14, 832, 87;
-3, 213, 22, -759, -30, -15, -15, 833, 88;
-5, 212, 21, -768, -49, -26, -23, 827, 82;
-2, 215, 24, -744, -35, -19, -10, 842, 96;
-1, 218, 27, -730, -30, -17, -3, 851, 105;
0, 220, 29, -714, -24, -15, 3, 860, 114;
1, 222, 30, -704, -24, -16, 6, 866, 120;
0, 221, 30, -707, -37, -23, 2, 863, 117;
-7, 213, 22, -757, -97, -53, -31, 832, 85;
-7, 214, 23, -748, -99, -55, -28, 837, 90;
-3, 218, 27, -722, -83, -48, -15, 852, 105;
-5, 217, 25, -730, -102, -58, -23, 847, 99;
-1, 222, 30, -697, -80, -47, -5, 866, 118;
-4, 219, 27, -711, -105, -61, -18, 856, 108;
-1, 223, 31, -688, -93, -55, -6, 870, 121;
-9, 216, 24, -728, -145, -82, -35, 844, 94;
-9, 216, 23, -727, -155, -88, -38, 843, 92;
-11, 214, 22, -734, -174, -97, -46, 838, 86;
-9, 217, 24, -714, -166, -94, -37, 849, 97;
-11, 216, 23, -721, -185, -104, -46, 843, 90;
-14, 214, 21, -728, -204, -114, -54, 837, 83;
-12, 216, 23, -714, -202, -114, -50, 844, 89;
-9, 220, 26, -686, -186, -107, -36, 860, 105;
-6, 224, 30, -661, -173, -101, -25, 875, 118;
-6, 224, 30, -656, -181, -105, -26, 876, 118;
-15, 216, 21, -705, -243, -137, -61, 844, 85;
-7, 225, 30, -647, -198, -115, -30, 877, 118;
-14, 219, 24, -680, -244, -139, -55, 855, 94;
-18, 216, 20, -697, -274, -154, -70, 842, 80;
-13, 221, 25, -660, -250, -143, -52, 864, 100;
-13, 222, 26, -651, -254, -145, -51, 867, 102;
-16, 219, 23, -664, -281, -159, -65, 856, 91;
-16, 220, 23, -658, -288, -163, -66, 858, 91;
-17, 220, 23, -652, -296, -168, -68, 859, 90;
-13, 224, 27, -622, -279, -160, -54, 876, 106;
-14, 224, 26, -619, -290, -166, -58, 875, 104;
-20, 219, 21, -645, -330, -187, -79, 856, 83;
-19, 221, 23, -628, -326, -185, -74, 864, 90;
-21, 220, 21, -632, -344, -195, -82, 859, 83;
-15, 226, 27, -589, -315, -181, -61, 883, 106;
-21, 221, 21, -618, -359, -203, -85, 862, 83;
-18, 225, 24, -589, -344, -196, -73, 877, 96;
-15, 229, 28, -557, -326, -188, -59, 894, 112;
-18, 226, 25, -569, -352, -201, -72, 884, 100;
-22, 224, 22, -581, -379, -215, -86, 873, 87;
-19, 227, 25, -557, -369, -211, -77, 885, 97;
-24, 223, 20, -576, -403, -228, -95, 870, 80;
-20, 228, 25, -540, -381, -218, -79, 890, 98;
-16, 232, 29, -505, -360, -208, -63, 908, 114;
-25, 224, 20, -553, -423, -240, -100, 875, 79;
-18, 232, 28, -495, -379, -218, -70, 908, 110;
-23, 228, 23, -517, -415, -237, -90, 891, 91;
-23, 229, 23, -508, -421, -240, -91, 893, 91;
-22, 230, 24, -492, -420, -240, -88, 899, 95;
-21, 232, 25, -477, -419, -240, -85, 905, 99;
-19, 235, 28, -448, -405, -234, -74, 919, 111;
-23, 232, 24, -465, -437, -250, -91, 905, 94;
-28, 228, 19, -484, -471, -267, -109, 889, 77;
-23, 233, 24, -443, -444, -254, -91, 911, 96;
-27, 230, 21, -457, -473, -269, -107, 898, 81;
-21, 237, 26, -410, -441, -253, -84, 924, 105;
-24, 235, 24, -415, -460, -263, -94, 917, 95;
-29, 230, 19, -437, -497, -282, -115, 899, 75;
-21, 239, 27, -377, -451, -260, -84, 933, 107;
-27, 234, 21, -401, -490, -279, -107, 914, 85;
-25, 236, 23, -380, -484, -277, -101, 923, 91;
-29, 233, 20, -391, -509, -290, -115, 912, 78;
-22, 242, 27, -333, -466, -268, -86, 944, 108;
-29, 235, 20, -368, -516, -293, -115, 918, 79;
-25, 240, 24, -332, -494, -283, -100, 936, 94;
-27, 239, 23, -329, -505, -289, -105, 934, 90;
-33, 234, 17, -355, -545, -309, -128, 913, 67;
-27, 240, 23, -307, -512, -293, -106, 939, 90;
-30, 237, 19, -318, -537, -306, -120, 928, 76;
-28, 240, 21, -292, -526, -300, -112, 939, 85;
-25, 244, 25, -261, -509, -292, -100, 954, 97;
-33, 237, 17, -299, -561, -319, -131, 926, 66;
-32, 239, 18, -279, -555, -316, -126, 934, 71;
-32, 240, 18, -268, -558, -317, -126, 936, 71;
-25, 247, 25, -213, -516, -297, -99, 966, 99;
-34, 239, 16, -258, -575, -326, -135, 934, 63;
-31, 243, 19, -227, -559, -318, -123, 948, 75;
-32, 243, 18, -219, -564, -321, -126, 948, 72;
-34, 241, 16, -221, -580, -329, -134, 943, 64;
-31, 245, 19, -192, -564, -321, -123, 956, 75;
-30, 247, 20, -173, -558, -319, -119, 963, 79;
-27, 251, 23, -138, -537, -308, -105, 980, 93;
-26, 252, 24, -126, -538, -309, -105, 983, 93;
-30, 249, 20, -133, -559, -319, -117, 974, 81;
-33, 246, 17, -145, -583, -332, -131, 962, 66;
-32, 249, 18, -122, -573, -327, -125, 971, 73;
-30, 251, 20, -99, -563, -322, -118, 981, 79;
-26, 256, 24, -64, -540, -311, -103, 998, 94;
-26, 257, 24, -50, -539, -310, -102, 1002, 95;
-30, 253, 20, -64, -565, -323, -118, 988, 78;
-34, 250, 16, -76, -591, -336, -133, 976, 62;
-32, 252, 17, -56, -582, -332, -128, 984, 68;
-34, 251, 16, -51, -590, -336, -132, 982, 63;
-30, 256, 19, -15, -566, -324, -117, 999, 77;
-32, 255, 17, -15, -577, -329, -124, 994, 70;
-27, 260, 22, 23, -550, -316, -107, 1014, 86;
-28, 260, 21, 31, -553, -317, -109, 1014, 83;
-26, 262, 22, 50, -545, -313, -105, 1022, 88;
-30, 258, 18, 37, -570, -326, -120, 1008, 71;
-34, 255, 14, 26, -592, -337, -134, 997, 57;
-35, 255, 13, 31, -598, -340, -138, 995, 52;
-29, 262, 19, 81, -559, -320, -114, 1021, 76;
-31, 260, 17, 81, -569, -325, -121, 1017, 68;
-27, 264, 20, 114, -546, -314, -107, 1033, 81;
-34, 258, 14, 84, -587, -334, -133, 1009, 54;
-34, 258, 13, 92, -589, -335, -134, 1009, 52;
-34, 259, 13, 104, -588, -334, -134, 1012, 51;
-34, 259, 12, 114, -587, -333, -134, 1013, 50;
-35, 259, 11, 120, -591, -335, -138, 1012, 45;
-25, 269, 21, 191, -529, -304, -100, 1052, 82;
-28, 267, 17, 181, -548, -314, -113, 1041, 69;
-32, 264, 14, 172, -567, -323, -125, 1031, 55;
-30, 266, 15, 195, -552, -315, -117, 1040, 62;
-34, 262, 10, 176, -580, -329, -135, 1024, 42;
-30, 267, 15, 216, -549, -313, -117, 1044, 60;
-32, 265, 12, 211, -561, -319, -126, 1037, 49;
-25, 273, 19, 264, -516, -297, -99, 1065, 75;
-30, 268, 14, 244, -544, -310, -118, 1048, 55;
-26, 272, 17, 277, -519, -298, -103, 1064, 68;
-32, 267, 11, 250, -554, -315, -126, 1043, 44;
-32, 268, 11, 261, -550, -313, -126, 1045, 43;
-33, 267, 9, 265, -554, -314, -129, 1043, 38;
-26, 274, 16, 317, -509, -292, -103, 1071, 63;
-25, 275, 16, 330, -502, -288, -100, 1075, 64;
-31, 270, 10, 302, -537, -305, -123, 1053, 40;
-32, 270, 9, 309, -537, -305, -125, 1053, 37;
-29, 272, 11, 332, -519, -296, -116, 1063, 44;
-31, 271, 9, 331, -526, -299, -122, 1058, 36;
-28, 274, 11, 355, -507, -289, -112, 1069, 45;
-26, 276, 13, 378, -490, -280, -103, 1079, 52;
-31, 271, 7, 353, -520, -295, -123, 1060, 30;
-30, 273, 8, 371, -508, -288, -118, 1067, 34;
-30, 273, 8, 378, -506, -287, -118, 1067, 31;
-29, 275, 8, 393, -496, -281, -114, 1072, 34;
-27, 276, 9, 409, -483, -275, -108, 1079, 38;
-29, 275, 7, 407, -490, -278, -115, 1073, 29;
-21, 283, 15, 464, -437, -251, -84, 1105, 58;
-25, 279, 10, 448, -457, -260, -98, 1091, 42;
-25, 279, 10, 453, -455, -259, -100, 1090, 39;
-24, 281, 10, 469, -442, -253, -94, 1096, 42;
-27, 278, 7, 455, -460, -261, -107, 1084, 27;
-21, 284, 13, 502, -415, -238, -82, 1110, 51;
-26, 279, 6, 473, -447, -254, -104, 1088, 26;
-27, 278, 6, 477, -445, -252, -106, 1087, 23;
-23, 282, 8, 505, -419, -239, -92, 1101, 34;
-19, 286, 12, 538, -389, -223, -76, 1118, 49;
-22, 283, 9, 524, -404, -230, -88, 1106, 35;
-20, 286, 10, 544, -386, -221, -79, 1115, 41;
-19, 287, 11, 555, -375, -215, -75, 1119, 43;
-18, 288, 11, 568, -364, -209, -71, 1124, 45;
-21, 284, 7, 552, -380, -216, -84, 1111, 30;
-23, 283, 5, 547, -386, -219, -90, 1105, 21;
-20, 285, 7, 567, -366, -209, -81, 1114, 28;
-16, 289, 10, 596, -337, -193, -66, 1129, 41;
-20, 285, 6, 578, -355, -202, -80, 1115, 25;
-14, 291, 11, 620, -314, -181, -57, 1138, 45;
-19, 287, 6, 595, -337, -192, -75, 1120, 25;
-21, 285, 4, 588, -343, -194, -82, 1113, 16;
-18, 287, 6, 607, -324, -184, -72, 1122, 23;
-17, 288, 6, 617, -312, -178, -68, 1126, 25;
-15, 291, 8, 637, -291, -167, -58, 1135, 33;
-14, 291, 8, 643, -283, -162, -57, 1136, 31;
-13, 292, 8, 650, -274, -157, -54, 1139, 32;
-15, 290, 6, 645, -277, -158, -59, 1133, 24;
-18, 287, 2, 629, -291, -164, -71, 1120, 10;
-16, 289, 4, 644, -273, -155, -63, 1128, 15;
-11, 294, 8, 679, -235, -135, -43, 1148, 33;
-15, 289, 3, 653, -258, -146, -60, 1129, 13;
-17, 287, 0, 642, -265, -149, -68, 1120, 2;
-13, 291, 4, 671, -233, -132, -51, 1137, 17;
-7, 297, 10, 712, -188, -110, -27, 1160, 39;
-9, 295, 7, 700, -196, -113, -35, 1151, 28;
-11, 292, 3, 685, -207, -118, -46, 1140, 15;
-7, 296, 7, 714, -174, -101, -29, 1156, 29;
-12, 291, 2, 684, -199, -113, -48, 1136, 8;
-12, 290, 1, 684, -194, -109, -48, 1134, 5;
-9, 293, 3, 701, -172, -98, -38, 1144, 13;
-13, 289, -1, 676, -191, -107, -53, 1127, -5;
-10, 292, 1, 698, -164, -93, -40, 1139, 5;
-11, 290, 0, 688, -168, -94, -46, 1132, -3;
-6, 295, 3, 720, -130, -75, -26, 1150, 13;
-5, 296, 4, 730, -114, -66, -20, 1155, 17;
-7, 293, 1, 714, -123, -70, -29, 1145, 5;
-3, 297, 4, 739, -92, -54, -13, 1159, 18;
-9, 290, -2, 698, -127, -70, -38, 1132, -8;
-3, 296, 3, 739, -78, -45, -12, 1158, 14;
-5, 293, 0, 720, -90, -51, -23, 1145, 1;
-3, 295, 1, 732, -71, -40, -14, 1152, 6;
-2, 296, 2, 738, -57, -33, -10, 1155, 8;
0, 297, 3, 748, -39, -23, -2, 1161, 13;
-4, 293, 0, 723, -57, -31, -17, 1144, -3;
2, 299, 5, 763, -9, -7, 9, 1169, 19;
0, 296, 1, 743, -20, -12, -1, 1156, 6;
-2, 293, -1, 726, -29, -15, -10, 1145, -5;
1, 297, 2, 751, 4, 1, 6, 1161, 9;