0, 309, 13, 6, 826, 4, 2, 1206, 53;
-1, 305, 10, -1, 793, -17, -6, 1192, 40;
2, 309, 13, 55, 824, 3, 11, 1205, 53;
8, 313, 17, 117, 860, 28, 31, 1221, 68;
3, 307, 11, 86, 803, -8, 13, 1197, 45;
4, 307, 12, 113, 803, -6, 18, 1198, 46;
2, 303, 8, 104, 767, -28, 9, 1183, 33;
9, 309, 14, 187, 821, 9, 38, 1206, 57;
7, 305, 10, 175, 781, -14, 27, 1190, 42;
11, 308, 13, 227, 805, 4, 43, 1201, 53;
6, 301, 8, 197, 746, -31, 25, 1177, 31;
12, 306, 12, 266, 786, -1, 49, 1195, 49;
11, 303, 10, 266, 757, -16, 43, 1184, 40;
18, 308, 16, 343, 803, 18, 70, 1204, 62;
11, 300, 7, 290, 720, -32, 43, 1171, 30;
14, 302, 10, 338, 738, -15, 57, 1179, 41;
20, 306, 15, 404, 774, 13, 80, 1195, 59;
16, 301, 10, 383, 722, -15, 66, 1175, 41;
19, 302, 12, 420, 727, -6, 76, 1179, 47;
23, 305, 15, 474, 750, 14, 93, 1190, 60;
20, 299, 10, 450, 695, -15, 78, 1169, 41;
25, 303, 15, 515, 728, 13, 100, 1184, 59;
28, 304, 16, 548, 729, 21, 109, 1186, 64;
24, 299, 12, 527, 676, -6, 96, 1166, 47;
26, 299, 13, 560, 677, 1, 105, 1169, 52;
28, 299, 13, 582, 667, 3, 109, 1166, 52;
29, 298, 13, 604, 657, 4, 114, 1164, 53;
27, 295, 11, 600, 621, -10, 108, 1151, 44;
31, 297, 13, 643, 632, 4, 121, 1158, 53;
32, 296, 14, 669, 625, 9, 128, 1158, 56;
36, 299, 17, 717, 641, 29, 143, 1166, 69;
34, 295, 14, 708, 600, 11, 136, 1152, 58;
30, 288, 9, 673, 533, -23, 117, 1127, 36;
36, 293, 14, 742, 570, 11, 142, 1144, 58;
36, 291, 14, 752, 548, 6, 142, 1138, 55;
39, 292, 15, 783, 548, 17, 152, 1140, 61;
35, 287, 11, 757, 490, -10, 137, 1119, 44;
34, 284, 10, 759, 461, -19, 135, 1110, 39;
42, 290, 16, 839, 509, 24, 164, 1132, 66;
34, 280, 8, 772, 412, -29, 133, 1095, 32;
36, 281, 9, 800, 409, -19, 142, 1096, 38;
42, 285, 15, 867, 445, 15, 167, 1114, 60;
42, 283, 14, 872, 420, 11, 166, 1107, 57;
44, 284, 16, 898, 416, 20, 174, 1108, 63;
41, 278, 12, 870, 359, -5, 160, 1087, 47;
39, 275, 9, 859, 318, -20, 153, 1074, 38;
39, 273, 9, 866, 296, -22, 153, 1068, 36;
38, 271, 8, 866, 267, -29, 151, 1059, 32;
46, 277, 15, 939, 312, 13, 179, 1081, 59;
40, 269, 8, 887, 233, -26, 156, 1051, 34;
41, 268, 9, 901, 219, -22, 160, 1049, 36;
46, 272, 14, 958, 249, 10, 182, 1064, 57;
46, 271, 14, 961, 226, 8, 182, 1058, 56;
42, 265, 10, 927, 165, -18, 166, 1036, 39;
48, 270, 15, 985, 197, 15, 189, 1053, 60;
44, 264, 11, 953, 141, -8, 175, 1033, 45;
46, 264, 12, 966, 129, -2, 179, 1031, 49;
46, 263, 12, 973, 112, 0, 181, 1027, 50;
46, 261, 12, 973, 89, -2, 180, 1021, 49;
47, 262, 14, 990, 82, 6, 187, 1022, 55;
50, 263, 16, 1018, 88, 24, 198, 1027, 66;
45, 257, 11, 972, 20, -7, 178, 1003, 46;
50, 260, 16, 1012, 39, 19, 195, 1014, 63;
44, 252, 10, 956, -37, -18, 172, 986, 39;
46, 254, 12, 979, -34, -2, 181, 990, 49;
47, 253, 13, 988, -44, 4, 185, 990, 53;
50, 254, 16, 1009, -42, 19, 195, 994, 63;
48, 252, 15, 995, -74, 12, 189, 984, 58;
47, 249, 13, 980, -106, 4, 184, 974, 53;
48, 250, 15, 992, -111, 14, 190, 975, 59;
48, 249, 15, 989, -130, 15, 189, 971, 60;
45, 244, 12, 955, -179, -4, 176, 954, 48;
50, 249, 18, 1002, -146, 31, 197, 971, 70;
40, 237, 8, 904, -259, -30, 158, 927, 32;
42, 238, 10, 916, -260, -17, 164, 930, 39;
41, 237, 9, 905, -282, -19, 162, 924, 38;
43, 238, 12, 923, -277, -2, 171, 930, 49;
40, 234, 10, 890, -320, -19, 159, 915, 39;
39, 232, 8, 870, -351, -26, 153, 906, 34;
39, 231, 9, 863, -366, -24, 152, 902, 35;
41, 233, 11, 879, -359, -6, 161, 908, 46;
39, 230, 10, 854, -391, -16, 153, 898, 40;
36, 226, 8, 822, -431, -30, 143, 885, 32;
41, 231, 13, 860, -399, 3, 161, 901, 52;
38, 227, 11, 826, -438, -11, 150, 888, 44;
41, 229, 14, 844, -425, 9, 160, 896, 56;
43, 231, 17, 858, -414, 27, 169, 903, 68;
35, 223, 10, 779, -497, -15, 139, 872, 41;
34, 221, 9, 755, -523, -22, 133, 864, 37;
34, 221, 10, 747, -532, -17, 133, 863, 40;
35, 222, 12, 752, -527, -3, 139, 868, 48;
30, 217, 8, 697, -583, -29, 119, 847, 32;
32, 219, 11, 706, -572, -12, 127, 854, 43;
30, 217, 10, 681, -595, -18, 120, 847, 39;
31, 217, 11, 676, -598, -9, 122, 848, 44;
36, 222, 16, 710, -560, 24, 140, 866, 66;
28, 214, 10, 630, -636, -16, 111, 837, 40;
30, 216, 12, 635, -625, 0, 118, 844, 50;
33, 220, 17, 658, -597, 27, 132, 858, 67;
28, 214, 12, 593, -655, -3, 109, 836, 48;
25, 212, 11, 560, -680, -11, 100, 827, 43;
30, 217, 17, 597, -635, 26, 120, 848, 67;
22, 209, 9, 507, -716, -20, 87, 816, 38;
21, 208, 9, 483, -730, -21, 82, 812, 37;
24, 211, 13, 502, -701, 4, 95, 826, 53;
25, 213, 15, 498, -693, 16, 98, 831, 61;
22, 211, 14, 463, -716, 7, 89, 823, 55;
15, 204, 7, 382, -785, -31, 60, 796, 31;
15, 205, 9, 372, -780, -23, 61, 800, 36;
20, 210, 14, 402, -736, 11, 79, 819, 58;
12, 203, 8, 318, -805, -29, 49, 792, 32;
11, 202, 8, 292, -816, -31, 43, 789, 31;
12, 204, 10, 294, -797, -13, 50, 798, 42;
10, 203, 9, 262, -812, -19, 42, 793, 38;
16, 209, 16, 299, -757, 20, 62, 816, 63;
15, 210, 17, 284, -754, 26, 62, 819, 67;
10, 205, 13, 222, -797, 0, 41, 801, 51;
10, 206, 14, 207, -792, 7, 41, 804, 55;
4, 201, 9, 139, -839, -21, 18, 785, 37;
11, 209, 17, 194, -764, 30, 46, 817, 70;
4, 203, 11, 112, -824, -7, 18, 793, 46;
5, 204, 13, 103, -810, 3, 20, 799, 52;
3, 204, 13, 73, -817, 0, 13, 796, 50;
1, 203, 12, 40, -827, -6, 5, 792, 47;
-3, 199, 7, -23, -867, -32, -15, 776, 30;
-1, 202, 11, -13, -833, -9, -5, 790, 45;
-1, 203, 12, -30, -825, -4, -7, 793, 48;
-2, 204, 13, -49, -818, 0, -9, 796, 51;
-7, 199, 8, -115, -858, -27, -30, 779, 33;
-2, 206, 14, -81, -797, 11, -11, 804, 58;
-7, 202, 11, -141, -830, -11, -30, 790, 43;
-11, 200, 8, -189, -851, -27, -44, 781, 33;
-5, 207, 15, -144, -779, 18, -20, 810, 62;
-9, 204, 12, -201, -807, -3, -38, 798, 49;
-9, 206, 14, -209, -788, 7, -36, 805, 55;
-15, 201, 8, -283, -832, -25, -61, 786, 34;
-9, 209, 16, -238, -758, 19, -37, 816, 63;
-15, 205, 11, -302, -793, -7, -58, 800, 46;
-11, 210, 17, -277, -738, 25, -43, 822, 66;
-12, 211, 16, -303, -733, 23, -48, 823, 65;
-15, 209, 14, -347, -747, 9, -61, 816, 56;
-16, 209, 14, -371, -740, 9, -66, 818, 56;
-24, 204, 8, -452, -790, -29, -94, 796, 32;
-18, 211, 15, -409, -716, 13, -71, 825, 59;
-24, 207, 10, -476, -752, -16, -94, 808, 40;
-27, 205, 8, -519, -763, -30, -107, 802, 32;
-18, 215, 17, -450, -663, 29, -73, 842, 69;
-24, 212, 13, -510, -691, 4, -93, 829, 53;
-28, 210, 10, -560, -709, -15, -109, 819, 41;
-29, 210, 10, -580, -697, -15, -113, 822, 41;
-22, 218, 17, -532, -617, 30, -88, 854, 69;
-24, 219, 17, -555, -608, 28, -93, 855, 68;
-29, 215, 13, -617, -637, 0, -115, 841, 51;
-28, 218, 14, -621, -609, 10, -112, 850, 57;
-27, 221, 17, -614, -571, 26, -105, 864, 67;
-36, 214, 8, -712, -637, -26, -142, 834, 34;
-31, 220, 14, -676, -569, 9, -123, 860, 56;
-30, 223, 16, -679, -539, 19, -119, 870, 63;
-35, 220, 12, -728, -556, -1, -136, 861, 49;
-34, 223, 14, -728, -524, 9, -132, 871, 56;
-38, 221, 10, -777, -541, -13, -149, 861, 42;
-32, 229, 18, -726, -459, 31, -124, 893, 70;
-40, 222, 10, -816, -517, -18, -158, 866, 39;
-39, 224, 11, -817, -488, -9, -155, 876, 44;
-41, 225, 10, -837, -476, -13, -160, 878, 42;
-37, 230, 15, -809, -417, 14, -146, 899, 59;
-39, 230, 14, -832, -410, 7, -152, 899, 55;
-36, 235, 17, -812, -360, 28, -141, 917, 68;
-42, 230, 11, -879, -397, -7, -166, 899, 46;
-37, 237, 17, -834, -323, 29, -145, 926, 69;
-38, 237, 16, -854, -313, 23, -151, 928, 65;
-47, 230, 8, -943, -373, -28, -185, 899, 32;
-42, 237, 13, -903, -305, 4, -167, 925, 53;
-45, 236, 11, -934, -307, -10, -177, 920, 44;
-39, 244, 18, -879, -224, 32, -152, 952, 71;
-40, 244, 17, -897, -215, 25, -158, 952, 66;
-40, 245, 17, -903, -194, 26, -159, 958, 67;
-49, 238, 8, -992, -256, -28, -194, 929, 33;
-47, 242, 11, -974, -213, -12, -186, 943, 43;
-43, 247, 15, -936, -149, 16, -169, 966, 61;
-46, 245, 12, -972, -160, -4, -183, 958, 48;
-47, 246, 11, -984, -147, -9, -186, 961, 45;
-45, 250, 14, -959, -98, 9, -175, 978, 57;
-47, 249, 12, -983, -98, -3, -184, 974, 48;
-42, 255, 17, -942, -34, 24, -167, 997, 66;
-44, 255, 15, -959, -29, 14, -174, 996, 60;
-43, 257, 16, -953, -1, 19, -171, 1004, 63;
-44, 258, 15, -957, 15, 17, -172, 1008, 61;
-50, 253, 9, -1014, -20, -20, -196, 989, 38;
-49, 256, 10, -1002, 11, -13, -191, 999, 42;
-49, 257, 10, -1002, 30, -13, -191, 1004, 42;
-49, 258, 10, -1001, 49, -14, -191, 1008, 41;
-42, 266, 17, -936, 133, 27, -165, 1040, 68;
-44, 265, 14, -959, 128, 10, -175, 1034, 57;
-41, 269, 18, -922, 181, 31, -161, 1052, 70;
-41, 270, 17, -924, 195, 28, -162, 1055, 68;
-45, 267, 13, -957, 177, 2, -177, 1044, 52;
-42, 272, 16, -921, 227, 22, -164, 1062, 64;
-42, 273, 16, -918, 244, 20, -164, 1066, 63;
-48, 267, 9, -975, 201, -21, -189, 1044, 37;
-46, 270, 11, -954, 233, -12, -182, 1054, 42;
-41, 276, 16, -899, 300, 18, -161, 1079, 62;
-38, 280, 18, -871, 340, 31, -151, 1092, 70;
-46, 273, 9, -939, 281, -19, -181, 1065, 38;
-38, 281, 17, -859, 371, 27, -150, 1099, 67;
-45, 275, 10, -916, 322, -17, -176, 1075, 40;
-42, 279, 13, -879, 367, 0, -164, 1091, 50;
-40, 282, 14, -855, 397, 7, -156, 1100, 55;
-39, 283, 14, -845, 414, 7, -155, 1104, 55;
-43, 279, 9, -874, 390, -20, -170, 1091, 38;
-39, 284, 12, -832, 436, -1, -155, 1108, 49;
-36, 288, 15, -792, 480, 16, -142, 1123, 61;
-36, 288, 15, -784, 492, 12, -142, 1125, 58;
-33, 292, 17, -746, 532, 28, -129, 1139, 68;
-37, 288, 13, -773, 506, 0, -144, 1125, 50;
-36, 289, 12, -761, 519, -2, -142, 1128, 49;
-36, 290, 12, -748, 531, -4, -141, 1131, 48;
-33, 292, 14, -714, 564, 7, -130, 1142, 55;
-30, 295, 16, -678, 598, 20, -119, 1153, 63;
-30, 296, 15, -667, 607, 15, -119, 1154, 60;
-34, 291, 10, -698, 572, -16, -136, 1138, 40;
-29, 297, 14, -638, 628, 11, -115, 1158, 57;
-35, 291, 8, -680, 581, -29, -136, 1137, 32;
-24, 302, 18, -568, 687, 32, -94, 1179, 71;
-24, 302, 17, -557, 690, 26, -94, 1178, 67;
-30, 295, 9, -607, 633, -19, -119, 1152, 38;
-30, 295, 9, -592, 640, -22, -118, 1153, 36;
-24, 301, 14, -521, 702, 10, -93, 1177, 57;
-27, 297, 9, -547, 666, -20, -109, 1160, 38;
-18, 306, 17, -450, 752, 29, -73, 1194, 69;
-23, 301, 12, -480, 711, -4, -91, 1176, 48;
-17, 306, 16, -416, 763, 23, -69, 1195, 65;
-15, 308, 17, -384, 782, 30, -61, 1202, 69;
-18, 304, 13, -402, 750, 3, -74, 1187, 52;
-20, 302, 11, -403, 735, -12, -79, 1179, 43;
-13, 308, 16, -328, 795, 22, -53, 1203, 64;
-16, 305, 13, -338, 769, 0, -63, 1191, 51;
-11, 309, 16, -281, 810, 23, -44, 1207, 65;
-16, 303, 10, -317, 757, -17, -65, 1184, 40;
-9, 310, 16, -235, 821, 21, -36, 1209, 64;
-9, 309, 15, -219, 818, 16, -35, 1207, 61;
-13, 303, 9, -252, 766, -21, -54, 1185, 37;
-6, 310, 16, -167, 831, 19, -24, 1211, 62;
-3, 312, 18, -124, 854, 31, -12, 1220, 70;
-3, 311, 16, -116, 841, 20, -14, 1214, 63;
-1, 312, 17, -83, 853, 26, -6, 1218, 67;
-9, 303, 8, -146, 767, -31, -38, 1183, 31;
-6, 305, 10, -102, 789, -18, -25, 1191, 39;
-1, 309, 13, -41, 827, 5, -5, 1207, 54;
-3, 306, 11, -42, 801, -11, -11, 1196, 43;
3, 312, 16, 33, 853, 22, 13, 1217, 64;
-2, 305, 9, -5, 789, -20, -7, 1191, 38;
4, 311, 15, 72, 841, 15, 18, 1213, 60;
4, 309, 14, 86, 829, 8, 18, 1208, 56;
1, 305, 9, 67, 784, -20, 5, 1190, 38;
0, 303, 7, 74, 764, -32, 2, 1181, 30;
9, 310, 15, 166, 828, 12, 35, 1209, 58;
3, 303, 8, 127, 762, -29, 13, 1182, 32;
13, 311, 16, 231, 837, 23, 50, 1214, 65;
14, 310, 16, 254, 832, 22, 55, 1212, 64;
14, 310, 16, 273, 822, 19, 57, 1209, 62;
13, 307, 13, 273, 793, 3, 51, 1198, 52;
19, 311, 18, 340, 831, 32, 74, 1214, 71;
14, 305, 12, 309, 770, -3, 56, 1190, 48;
15, 305, 12, 334, 765, -2, 61, 1189, 49;
13, 300, 8, 322, 722, -26, 51, 1173, 34;
20, 307, 15, 408, 777, 15, 81, 1197, 60;
17, 302, 11, 389, 727, -12, 68, 1178, 43;
18, 300, 10, 407, 714, -15, 70, 1173, 41;
24, 305, 16, 480, 755, 18, 95, 1192, 62;
22, 302, 12, 473, 717, 0, 88, 1178, 50;
18, 296, 8, 449, 662, -30, 73, 1157, 32;
26, 302, 14, 530, 710, 8, 101, 1179, 56;
22, 297, 9, 507, 656, -19, 87, 1158, 38;
27, 300, 14, 568, 685, 6, 108, 1172, 55;
29, 300, 15, 599, 684, 14, 116, 1173, 59;
32, 301, 16, 634, 687, 24, 126, 1177, 66;
31, 299, 15, 635, 656, 12, 122, 1166, 58;
35, 300, 17, 680, 668, 29, 136, 1173, 69;
30, 294, 11, 643, 599, -7, 117, 1147, 46;
30, 293, 11, 661, 585, -7, 120, 1143, 46;
36, 296, 16, 718, 610, 18, 140, 1156, 62;
30, 288, 9, 673, 533, -23, 117, 1126, 36;
35, 292, 13, 732, 560, 4, 138, 1140, 53;
31, 286, 8, 703, 499, -25, 122, 1117, 35;
32, 285, 9, 720, 484, -25, 125, 1114, 35;
37, 289, 13, 781, 514, 5, 147, 1129, 54;
41, 290, 16, 819, 521, 20, 159, 1134, 63;
39, 287, 14, 812, 482, 6, 153, 1121, 54;
39, 285, 13, 817, 457, 0, 152, 1113, 51;
38, 283, 11, 820, 428, -6, 150, 1104, 46;
41, 284, 14, 856, 434, 8, 162, 1110, 56;
41, 283, 14, 865, 413, 6, 163, 1104, 55;
44, 283, 15, 891, 409, 16, 171, 1105, 60;
46, 284, 17, 923, 411, 29, 182, 1109, 69;
45, 281, 15, 917, 376, 18, 177, 1098, 62;
40, 274, 10, 875, 305, -16, 157, 1071, 40;
42, 275, 11, 898, 300, -7, 165, 1072, 46;
45, 276, 14, 928, 302, 6, 175, 1076, 55;
40, 269, 9, 889, 234, -25, 157, 1052, 35;
43, 270, 11, 920, 238, -10, 168, 1056, 44;
45, 271, 13, 947, 237, 2, 177, 1059, 52;
41, 266, 9, 914, 178, -23, 162, 1038, 36;
49, 272, 16, 991, 230, 24, 193, 1063, 65;
47, 269, 14, 978, 191, 11, 186, 1050, 58;
43, 263, 10, 941, 128, -16, 169, 1027, 40;
50, 268, 16, 1005, 168, 23, 195, 1047, 65;
46, 263, 12, 970, 108, -2, 180, 1026, 49;
41, 257, 8, 931, 46, -30, 163, 1003, 31;
49, 263, 15, 1006, 98, 17, 193, 1028, 62;
51, 264, 17, 1026, 95, 29, 201, 1031, 69;
43, 254, 9, 949, -2, -22, 169, 993, 37;
43, 253, 9, 945, -27, -25, 167, 986, 35;
51, 260, 17, 1024, 30, 27, 200, 1014, 68;
50, 258, 16, 1018, 4, 23, 197, 1006, 65;
43, 249, 9, 945, -87, -23, 168, 972, 36;
49, 254, 15, 1004, -47, 16, 193, 992, 61;
45, 249, 12, 968, -101, -5, 178, 973, 47;
44, 247, 10, 954, -132, -13, 173, 963, 42;
45, 246, 12, 960, -143, -6, 176, 962, 46;
49, 250, 16, 1000, -118, 23, 194, 976, 65;
47, 246, 14, 972, -162, 7, 184, 961, 55;
43, 241, 10, 933, -215, -14, 169, 942, 41;
45, 242, 12, 947, -215, -1, 176, 946, 50;
41, 237, 9, 907, -269, -23, 161, 927, 36;
45, 240, 13, 938, -250, 2, 175, 938, 52;
48, 242, 16, 962, -237, 23, 187, 946, 65;
41, 235, 10, 893, -317, -16, 161, 916, 40;
45, 238, 15, 928, -292, 12, 177, 930, 58;
41, 233, 11, 884, -345, -10, 161, 911, 44;
42, 233, 12, 888, -350, -1, 165, 912, 50;
41, 232, 12, 875, -371, -2, 162, 907, 49;
39, 230, 11, 852, -401, -10, 155, 897, 44;
39, 229, 11, 845, -414, -6, 155, 895, 46;
42, 232, 15, 868, -397, 16, 167, 905, 61;
39, 228, 12, 828, -440, -1, 154, 890, 50;
40, 228, 14, 828, -445, 7, 156, 891, 55;
41, 229, 16, 833, -442, 20, 162, 894, 63;
39, 226, 14, 804, -474, 10, 153, 884, 57;
41, 228, 17, 812, -467, 26, 160, 890, 67;
32, 219, 9, 722, -558, -23, 126, 855, 36;
34, 221, 11, 731, -548, -6, 134, 861, 46;
36, 222, 14, 740, -538, 9, 141, 868, 57;
34, 220, 13, 712, -564, 2, 133, 860, 52;
38, 224, 18, 737, -536, 31, 148, 874, 70;
35, 221, 16, 703, -567, 20, 138, 863, 63;
28, 214, 10, 632, -634, -15, 112, 838, 41;
32, 218, 14, 652, -609, 10, 125, 851, 57;
34, 220, 18, 664, -591, 31, 134, 860, 70;
27, 214, 12, 590, -657, -4, 108, 835, 48;
28, 215, 14, 590, -651, 7, 112, 840, 55;
24, 210, 10, 535, -697, -14, 94, 822, 41;
21, 208, 8, 496, -727, -27, 83, 812, 33;
19, 206, 7, 467, -746, -32, 76, 806, 30;
27, 215, 17, 535, -668, 26, 109, 840, 67;
26, 214, 17, 511, -680, 25, 104, 837, 66;
18, 206, 9, 421, -758, -20, 71, 806, 38;
21, 210, 13, 438, -729, 5, 83, 819, 54;
23, 212, 16, 443, -710, 23, 90, 829, 65;
22, 211, 16, 418, -720, 22, 85, 826, 65;
17, 207, 13, 361, -762, 0, 67, 810, 50;
15, 206, 12, 332, -775, -4, 60, 805, 48;
12, 204, 10, 295, -796, -13, 50, 798, 42;
13, 205, 12, 284, -790, -5, 51, 802, 47;
17, 211, 18, 316, -740, 31, 69, 823, 70;
16, 210, 17, 285, -753, 27, 62, 819, 67;
8, 203, 11, 201, -817, -12, 33, 793, 43;
9, 205, 12, 195, -803, 0, 36, 799, 50;
11, 207, 15, 198, -780, 17, 42, 810, 61;
8, 206, 14, 159, -798, 7, 32, 803, 55;
10, 209, 17, 166, -769, 28, 40, 815, 68;
6, 206, 15, 119, -794, 13, 27, 805, 59;
5, 206, 15, 92, -798, 12, 21, 804, 58;
0, 202, 11, 33, -834, -10, 2, 789, 44;
0, 202, 11, 7, -836, -11, -2, 789, 44;
2, 206, 15, 25, -793, 17, 10, 806, 61;
1, 206, 15, 0, -793, 16, 5, 806, 61;
-6, 199, 8, -91, -860, -28, -26, 778, 33;
-5, 202, 11, -92, -835, -12, -21, 789, 43;
-8, 200, 9, -131, -848, -22, -32, 783, 37;
-6, 204, 12, -125, -815, -1, -24, 796, 49;
-9, 202, 10, -171, -834, -15, -37, 788, 41;
-7, 205, 13, -167, -802, 2, -30, 801, 52;
-11, 203, 10, -215, -822, -12, -44, 792, 42;
-9, 206, 14, -211, -789, 6, -37, 805, 54;
-13, 203, 10, -265, -814, -13, -54, 794, 42;
-15, 203, 10, -295, -816, -18, -61, 792, 39;
-17, 203, 10, -321, -811, -19, -66, 793, 39;
-18, 203, 9, -347, -808, -21, -72, 793, 37;
-17, 206, 12, -346, -776, -5, -66, 805, 47;
-19, 206, 11, -378, -778, -10, -74, 803, 44;
-17, 209, 14, -372, -741, 8, -66, 817, 56;
-18, 209, 13, -400, -739, 4, -73, 817, 53;
-21, 208, 12, -438, -745, -5, -83, 813, 47;
-20, 211, 14, -438, -714, 8, -78, 824, 56;
-23, 209, 12, -482, -727, -5, -92, 817, 47;
-25, 209, 11, -507, -720, -8, -97, 818, 45;
-22, 214, 15, -495, -676, 13, -87, 835, 59;
-26, 211, 12, -547, -696, -6, -104, 825, 46;
-25, 214, 14, -542, -659, 10, -97, 838, 57;
-26, 215, 14, -564, -649, 9, -102, 840, 56;
-31, 212, 10, -621, -674, -15, -121, 828, 41;
-34, 210, 8, -663, -683, -30, -134, 822, 32;
-32, 214, 11, -654, -642, -11, -126, 837, 43;
-31, 217, 13, -652, -608, 1, -121, 848, 52;
-36, 213, 8, -716, -640, -28, -143, 833, 33;
-31, 220, 14, -680, -572, 6, -124, 859, 55;
-34, 219, 12, -711, -571, -1, -133, 857, 49;
-31, 224, 16, -690, -519, 22, -121, 876, 65;
-37, 220, 11, -759, -555, -11, -145, 859, 43;
-33, 226, 16, -727, -492, 19, -128, 882, 63;
-39, 221, 10, -795, -528, -14, -153, 864, 41;
-41, 221, 9, -819, -521, -20, -160, 865, 38;
-42, 222, 9, -840, -510, -24, -165, 866, 35;
-36, 230, 16, -788, -427, 19, -140, 898, 62;
-35, 232, 17, -790, -399, 26, -138, 907, 67;
-42, 227, 10, -866, -444, -15, -166, 885, 41;
-36, 234, 17, -816, -364, 26, -143, 915, 67;
-43, 229, 10, -888, -406, -13, -170, 895, 42;
-37, 237, 17, -834, -322, 29, -145, 927, 69;
-45, 231, 10, -917, -376, -18, -177, 901, 39;
-46, 231, 9, -936, -366, -24, -183, 902, 35;
-40, 239, 15, -884, -286, 16, -159, 932, 61;
-44, 237, 12, -926, -299, -4, -174, 924, 47;
-40, 242, 16, -890, -235, 24, -157, 947, 66;
-41, 243, 16, -901, -218, 22, -160, 951, 65;
-46, 240, 12, -952, -243, -6, -179, 937, 46;
-41, 246, 17, -911, -175, 25, -161, 962, 66;
-49, 239, 8, -995, -233, -26, -194, 935, 34;
-42, 248, 16, -926, -139, 22, -165, 971, 65;
-46, 245, 12, -973, -160, -4, -183, 958, 48;
-50, 243, 8, -1013, -176, -28, -198, 948, 33;
-48, 247, 11, -988, -127, -9, -187, 966, 45;
-45, 251, 13, -970, -85, 4, -179, 979, 53;
-44, 254, 15, -958, -50, 14, -173, 991, 59;
-50, 249, 9, -1015, -85, -22, -197, 973, 37;
-43, 257, 16, -952, 0, 20, -170, 1004, 63;
-48, 254, 11, -994, -21, -7, -188, 992, 46;
-51, 252, 8, -1023, -30, -26, -200, 985, 34;
-49, 256, 10, -1005, 8, -14, -192, 998, 41;
-49, 256, 10, -1010, 22, -19, -194, 1000, 39;
-43, 264, 16, -944, 107, 23, -168, 1032, 65;
-44, 264, 15, -954, 114, 14, -173, 1032, 60;
-49, 260, 10, -1000, 86, -17, -192, 1017, 40;
-44, 266, 14, -954, 149, 10, -174, 1039, 57;
-41, 271, 17, -920, 199, 30, -161, 1057, 69;
-48, 264, 10, -989, 145, -18, -190, 1031, 39;
-49, 265, 9, -988, 160, -22, -192, 1034, 37;
-45, 270, 13, -949, 213, 0, -177, 1053, 50;
-47, 269, 10, -962, 213, -13, -184, 1049, 42;
-42, 275, 15, -909, 278, 17, -163, 1073, 61;
-47, 271, 10, -953, 246, -17, -183, 1057, 40;
-43, 275, 13, -918, 292, 0, -171, 1072, 51;
-40, 279, 15, -883, 337, 17, -158, 1088, 61;
-43, 276, 12, -905, 325, -3, -169, 1080, 48;
-45, 275, 9, -919, 319, -19, -178, 1074, 38;
-37, 284, 17, -837, 408, 27, -146, 1108, 68;
-37, 285, 17, -829, 423, 25, -146, 1111, 66;
-37, 285, 16, -820, 439, 23, -144, 1115, 65;
-40, 283, 13, -842, 423, 0, -156, 1105, 51;
-35, 288, 16, -794, 475, 24, -139, 1124, 65;
-36, 288, 15, -793, 480, 15, -142, 1123, 60;
-36, 288, 15, -784, 491, 12, -142, 1125, 58;
-34, 291, 16, -757, 521, 20, -134, 1134, 63;
-37, 288, 12, -775, 504, -1, -145, 1125, 50;
-40, 285, 8, -798, 481, -27, -158, 1112, 33;
-38, 287, 9, -771, 508, -19, -150, 1121, 38;
-34, 291, 12, -726, 552, 0, -135, 1137, 50;
-33, 293, 13, -700, 576, 5, -128, 1144, 54;
-37, 289, 9, -729, 544, -25, -144, 1129, 35;
-30, 295, 14, -659, 611, 9, -119, 1154, 56;
-36, 290, 7, -703, 563, -32, -142, 1132, 31;
-31, 295, 12, -645, 615, -6, -122, 1151, 47;
-29, 296, 12, -621, 634, -2, -116, 1157, 49;
-25, 300, 16, -569, 678, 18, -99, 1173, 62;
-27, 298, 13, -578, 663, 0, -107, 1164, 50;
-31, 294, 8, -604, 628, -30, -123, 1148, 31;
-27, 298, 11, -555, 668, -12, -107, 1163, 43;
-25, 300, 12, -524, 689, -5, -99, 1170, 47;
-24, 301, 12, -500, 703, -3, -94, 1174, 48;
-22, 302, 12, -475, 716, -1, -89, 1177, 50;
-24, 300, 10, -474, 705, -15, -93, 1171, 41;
-17, 306, 15, -404, 762, 17, -69, 1194, 61;
-21, 302, 11, -424, 729, -11, -83, 1178, 43;
-21, 301, 9, -414, 724, -19, -83, 1175, 38;
-22, 299, 7, -410, 713, -32, -87, 1169, 30;
-18, 303, 11, -356, 751, -11, -70, 1184, 43;
-18, 302, 9, -349, 742, -22, -72, 1179, 36;
-14, 305, 12, -297, 777, -3, -56, 1192, 48;
-15, 304, 10, -290, 766, -14, -59, 1187, 41;
-9, 308, 14, -226, 812, 12, -38, 1204, 58;
-7, 310, 15, -195, 823, 16, -30, 1209, 61;
-14, 302, 8, -240, 758, -29, -54, 1181, 32;
-8, 307, 13, -171, 807, 0, -32, 1200, 51;
-2, 312, 17, -106, 851, 27, -10, 1218, 67;
-3, 310, 15, -103, 832, 13, -14, 1210, 59;
-8, 304, 9, -132, 781, -22, -32, 1188, 36;
-2, 309, 14, -62, 829, 7, -8, 1208, 55;
-5, 305, 10, -74, 793, -16, -19, 1193, 40;
-4, 305, 9, -56, 787, -21, -17, 1190, 37;
-3, 304, 9, -37, 782, -24, -15, 1188, 35;
5, 312, 17, 65, 860, 27, 21, 1220, 67;
-2, 303, 8, 2, 772, -31, -10, 1184, 31;
3, 308, 12, 71, 814, -1, 12, 1202, 49;
0, 304, 9, 61, 778, -24, 3, 1187, 35;
9, 312, 17, 160, 850, 24, 38, 1217, 66;
4, 305, 10, 121, 784, -17, 16, 1190, 40;
10, 310, 15, 197, 832, 17, 42, 1211, 61;
9, 308, 13, 199, 806, 2, 38, 1201, 52;
12, 309, 14, 236, 815, 10, 47, 1205, 57;
13, 308, 14, 260, 810, 10, 52, 1204, 57;
10, 304, 10, 247, 767, -13, 41, 1187, 42;
12, 304, 11, 278, 769, -8, 48, 1189, 45;
17, 308, 15, 336, 796, 13, 67, 1201, 59;
14, 303, 11, 324, 754, -9, 57, 1185, 44;
22, 310, 18, 409, 809, 31, 87, 1209, 70;
17, 303, 12, 378, 747, -4, 69, 1184, 48;
18, 302, 11, 395, 733, -8, 70, 1180, 45;
15, 298, 8, 386, 693, -28, 62, 1165, 33;
22, 303, 14, 462, 738, 6, 88, 1185, 55;
21, 300, 11, 458, 702, -10, 81, 1172, 44;
18, 296, 7, 447, 659, -32, 72, 1156, 31;
25, 301, 14, 526, 707, 6, 100, 1177, 54;
21, 296, 9, 502, 651, -23, 85, 1156, 36;
29, 301, 15, 579, 696, 14, 113, 1176, 60;
28, 299, 14, 587, 672, 5, 111, 1168, 54;
30, 299, 14, 615, 668, 11, 118, 1169, 58;
33, 301, 17, 659, 679, 27, 132, 1176, 68;
27, 293, 10, 609, 597, -18, 107, 1144, 39;
34, 298, 16, 682, 639, 18, 133, 1163, 62;
27, 289, 8, 628, 552, -30, 106, 1129, 32;
36, 296, 16, 722, 614, 21, 142, 1158, 64;
29, 288, 9, 671, 531, -24, 116, 1126, 35;
34, 291, 12, 721, 549, -2, 133, 1135, 49;
34, 289, 12, 733, 530, -5, 135, 1130, 47;
40, 294, 17, 801, 565, 29, 159, 1147, 69;
40, 292, 16, 805, 538, 21, 157, 1139, 64;
33, 283, 9, 751, 452, -24, 131, 1106, 35;
40, 289, 15, 826, 496, 15, 159, 1127, 60;
38, 284, 12, 807, 447, -6, 148, 1109, 47;
36, 280, 9, 795, 404, -23, 140, 1094, 36;
42, 285, 15, 867, 445, 15, 167, 1114, 60;
39, 280, 11, 844, 392, -7, 155, 1095, 46;
41, 281, 13, 867, 385, 0, 161, 1095, 50;
39, 277, 10, 854, 342, -16, 153, 1080, 40;
46, 282, 17, 928, 387, 25, 181, 1102, 66;
45, 279, 15, 920, 350, 13, 176, 1090, 59;
40, 273, 10, 881, 282, -18, 157, 1065, 39;
42, 273, 11, 904, 277, -9, 165, 1066, 44;
41, 271, 10, 903, 248, -15, 163, 1057, 41;
46, 274, 15, 954, 272, 12, 182, 1070, 58;
44, 270, 12, 937, 227, -3, 173, 1055, 48;
49, 274, 17, 987, 252, 25, 192, 1069, 66;
43, 266, 10, 936, 174, -13, 170, 1040, 42;
40, 262, 7, 913, 125, -31, 159, 1023, 31;
51, 271, 17, 1012, 199, 30, 199, 1057, 70;
46, 265, 13, 975, 137, 3, 182, 1035, 52;
46, 263, 12, 970, 109, -2, 180, 1026, 49;
51, 267, 17, 1023, 138, 30, 201, 1042, 69;
46, 260, 12, 976, 68, -2, 181, 1016, 49;
43, 255, 9, 945, 15, -23, 168, 997, 36;
46, 257, 12, 976, 24, -4, 180, 1005, 48;
44, 254, 10, 955, -18, -18, 171, 990, 39;
43, 252, 9, 951, -42, -21, 170, 983, 37;
42, 249, 8, 941, -72, -27, 165, 974, 33;
50, 256, 16, 1016, -17, 22, 197, 1001, 65;
42, 247, 8, 935, -116, -29, 164, 963, 32;
46, 250, 13, 976, -93, 0, 182, 976, 50;
45, 248, 11, 963, -124, -7, 177, 967, 46;
46, 248, 13, 975, -128, 3, 182, 968, 52;
49, 249, 15, 993, -126, 18, 191, 973, 62;
44, 243, 11, 944, -190, -11, 172, 949, 43;
48, 246, 15, 977, -172, 14, 187, 960, 59;
42, 240, 10, 926, -236, -15, 167, 937, 41;
47, 244, 15, 969, -207, 17, 186, 952, 61;
40, 236, 8, 896, -292, -26, 158, 920, 34;
44, 239, 13, 931, -268, 2, 174, 933, 52;
48, 242, 17, 963, -247, 29, 190, 945, 69;
47, 241, 17, 951, -269, 28, 187, 940, 68;
41, 233, 11, 885, -345, -9, 161, 911, 44;
47, 239, 18, 937, -301, 31, 185, 932, 70;
41, 232, 12, 877, -369, -1, 163, 907, 50;
39, 229, 11, 849, -403, -12, 154, 896, 43;
46, 235, 18, 904, -355, 32, 179, 919, 71;
41, 230, 13, 851, -413, 5, 160, 898, 54;
38, 227, 11, 819, -450, -7, 150, 886, 46;
43, 231, 17, 855, -417, 25, 168, 902, 67;
35, 223, 9, 772, -503, -20, 137, 869, 38;
37, 224, 12, 783, -495, -3, 144, 875, 48;
40, 227, 16, 808, -471, 23, 158, 888, 65;
37, 224, 14, 771, -508, 9, 147, 875, 56;
31, 217, 8, 703, -577, -25, 122, 850, 34;
38, 225, 17, 764, -514, 26, 151, 878, 67;
35, 221, 14, 721, -555, 8, 137, 863, 56;
35, 222, 16, 718, -555, 18, 140, 866, 62;
33, 219, 14, 687, -583, 9, 131, 857, 56;
33, 219, 14, 671, -594, 11, 129, 854, 57;
28, 214, 11, 617, -644, -12, 110, 836, 42;
31, 217, 14, 635, -620, 12, 122, 848, 58;
28, 214, 12, 594, -654, -2, 110, 836, 49;
30, 216, 15, 600, -640, 15, 117, 844, 60;
25, 211, 11, 542, -690, -10, 97, 825, 44;
25, 212, 13, 539, -684, 1, 101, 830, 51;
25, 212, 13, 525, -688, 5, 99, 830, 54;
27, 215, 16, 531, -671, 24, 107, 839, 66;
22, 210, 12, 471, -720, -1, 87, 820, 49;
26, 214, 17, 498, -681, 30, 103, 838, 70;
16, 205, 9, 392, -774, -24, 64, 801, 35;
21, 210, 14, 424, -729, 11, 82, 821, 57;
19, 209, 14, 396, -742, 7, 76, 817, 55;
15, 205, 10, 340, -783, -14, 58, 801, 41;
16, 207, 13, 342, -765, 2, 64, 810, 52;
15, 206, 13, 315, -776, 0, 58, 806, 50;
14, 207, 14, 301, -773, 5, 58, 809, 54;
7, 201, 8, 220, -836, -31, 30, 784, 31;
6, 200, 8, 199, -838, -29, 26, 783, 32;
10, 205, 13, 223, -796, 1, 42, 802, 51;
7, 202, 10, 174, -824, -14, 27, 791, 41;
7, 204, 12, 163, -815, -5, 28, 795, 47;
9, 207, 15, 172, -785, 16, 37, 808, 61;
3, 201, 10, 98, -837, -16, 12, 787, 40;
0, 200, 9, 63, -850, -23, 3, 782, 36;
4, 204, 13, 80, -810, 4, 16, 799, 53;
3, 204, 13, 56, -811, 4, 12, 799, 54;
0, 203, 12, 15, -828, -6, 0, 792, 47;
0, 204, 13, 5, -814, 3, 2, 798, 53;
-2, 202, 11, -36, -831, -8, -9, 791, 45;
-4, 202, 10, -69, -839, -13, -17, 787, 42;
1, 209, 18, -25, -768, 32, 6, 816, 71;
-9, 199, 8, -144, -861, -30, -37, 778, 32;
-3, 207, 15, -99, -789, 15, -13, 807, 60;
-4, 207, 15, -121, -784, 17, -16, 809, 61;
-3, 210, 18, -123, -758, 32, -11, 819, 71;
-11, 203, 11, -215, -822, -12, -44, 792, 42;
-7, 208, 16, -191, -770, 19, -29, 813, 62;
-14, 203, 10, -269, -818, -16, -55, 792, 40;
-9, 209, 16, -232, -752, 23, -35, 818, 65;
-13, 206, 13, -287, -777, 3, -52, 807, 52;
-18, 203, 9, -345, -806, -19, -71, 794, 38;
-14, 208, 14, -325, -756, 8, -57, 814, 56;
-21, 203, 8, -405, -805, -28, -85, 792, 33;
-18, 208, 13, -385, -754, 0, -71, 812, 50;
-20, 208, 12, -413, -752, -4, -78, 811, 48;
-18, 211, 15, -408, -715, 14, -71, 825, 59;
-16, 214, 17, -408, -684, 28, -66, 836, 68;
-23, 209, 11, -484, -728, -6, -92, 817, 46;
-26, 208, 10, -522, -735, -17, -103, 812, 39;
-19, 216, 18, -469, -650, 31, -76, 846, 70;
-30, 208, 8, -579, -729, -28, -117, 811, 33;
-26, 213, 13, -557, -674, 0, -104, 832, 51;
-22, 219, 18, -529, -614, 32, -87, 855, 71;
-24, 219, 17, -558, -611, 26, -95, 854, 67;
-29, 216, 13, -612, -633, 3, -113, 843, 52;
-25, 221, 17, -594, -583, 27, -101, 861, 68;
-27, 220, 16, -622, -578, 21, -108, 861, 64;
-28, 222, 17, -634, -558, 26, -109, 867, 67;
-30, 221, 15, -670, -562, 13, -120, 863, 59;
-32, 221, 14, -692, -553, 10, -125, 865, 57;
-37, 217, 9, -755, -583, -19, -147, 849, 38;
-34, 223, 14, -730, -526, 7, -133, 870, 55;
-35, 223, 13, -753, -518, 2, -139, 871, 52;
-36, 224, 13, -772, -505, 0, -143, 874, 51;
-35, 227, 14, -770, -472, 11, -139, 885, 58;
-37, 226, 13, -795, -466, 4, -146, 885, 53;
-37, 229, 15, -797, -437, 12, -144, 894, 58;
-36, 231, 16, -799, -408, 20, -142, 903, 63;
-41, 228, 12, -851, -429, -5, -160, 891, 47;
-36, 234, 17, -817, -365, 25, -143, 915, 66;
-39, 233, 14, -851, -369, 10, -155, 910, 57;
-44, 230, 10, -898, -387, -13, -172, 900, 42;
-39, 236, 15, -864, -323, 17, -155, 923, 61;
-40, 237, 15, -877, -307, 14, -158, 927, 60;
-43, 236, 13, -906, -307, 2, -168, 924, 52;
-45, 235, 11, -936, -309, -11, -178, 920, 43;
-47, 236, 10, -954, -299, -17, -184, 920, 39;
-43, 241, 14, -919, -237, 10, -168, 943, 57;
-46, 240, 11, -953, -244, -7, -180, 937, 46;
-40, 247, 18, -900, -165, 32, -156, 966, 71;
-43, 245, 14, -938, -176, 11, -171, 958, 58;
-42, 248, 16, -928, -140, 22, -165, 970, 64;
-46, 246, 12, -968, -155, -1, -181, 960, 50;
-48, 245, 10, -992, -154, -14, -190, 957, 42;
-43, 252, 16, -941, -79, 22, -168, 985, 64;
-46, 250, 13, -976, -92, 0, -182, 977, 51;
-41, 256, 18, -931, -23, 32, -162, 1002, 71;
-49, 250, 10, -1004, -74, -15, -192, 977, 41;
-49, 252, 10, -1005, -53, -15, -192, 982, 41;
-50, 252, 9, -1015, -42, -21, -196, 984, 37;
-45, 258, 14, -969, 23, 9, -177, 1008, 56;
-51, 253, 8, -1026, -12, -29, -201, 989, 32;
-47, 259, 12, -984, 48, -2, -184, 1011, 49;
-43, 263, 16, -952, 99, 18, -171, 1029, 62;
-46, 262, 13, -976, 93, 0, -181, 1023, 51;
-41, 268, 17, -929, 157, 29, -163, 1046, 69;
-50, 261, 9, -1006, 97, -24, -196, 1018, 35;
-46, 265, 12, -972, 147, -4, -182, 1035, 48;
-44, 268, 14, -951, 183, 6, -175, 1047, 54;
-48, 266, 10, -981, 168, -16, -188, 1037, 40;
-44, 270, 13, -945, 218, 2, -175, 1054, 52;
-47, 268, 10, -965, 210, -15, -185, 1048, 41;
-44, 272, 13, -935, 253, 0, -174, 1063, 51;
-48, 269, 8, -968, 231, -27, -190, 1050, 33;
-39, 279, 17, -876, 334, 28, -153, 1090, 68;
-43, 275, 12, -914, 307, -2, -171, 1075, 49;
-41, 278, 14, -885, 344, 9, -162, 1088, 56;
-42, 279, 13, -885, 353, 3, -164, 1088, 52;
-43, 278, 11, -892, 353, -9, -169, 1085, 45;
-41, 280, 12, -871, 382, -2, -163, 1094, 49;
-37, 285, 16, -826, 433, 19, -147, 1112, 63;
-39, 284, 14, -831, 433, 7, -152, 1109, 55;
-37, 286, 14, -813, 456, 11, -147, 1116, 58;
-37, 286, 14, -805, 468, 7, -147, 1118, 55;
-36, 288, 15, -783, 492, 12, -141, 1125, 58;
-39, 285, 11, -807, 471, -12, -154, 1114, 43;
-32, 292, 17, -733, 546, 26, -127, 1142, 67;
-36, 289, 12, -762, 517, -3, -143, 1128, 49;
-32, 293, 15, -717, 562, 16, -128, 1143, 61;
-33, 293, 14, -711, 567, 9, -129, 1143, 56;
-32, 293, 14, -697, 580, 7, -127, 1146, 55;
-30, 295, 15, -670, 604, 14, -120, 1153, 59;
-33, 293, 12, -682, 588, -6, -129, 1144, 47;
-27, 299, 17, -615, 650, 26, -105, 1168, 67;
-33, 293, 9, -666, 594, -20, -131, 1143, 38;
-26, 300, 16, -584, 670, 21, -101, 1172, 64;
-31, 295, 10, -623, 625, -17, -122, 1151, 40;
-29, 296, 10, -598, 643, -13, -116, 1156, 42;
-25, 300, 14, -544, 688, 8, -98, 1173, 56;
-22, 303, 16, -505, 718, 21, -87, 1183, 64;
-29, 296, 8, -559, 654, -28, -114, 1155, 32;
-22, 302, 13, -488, 715, 4, -89, 1179, 53;
-24, 299, 10, -495, 696, -14, -97, 1169, 42;
-17, 307, 17, -409, 770, 28, -66, 1198, 68;
-22, 301, 10, -450, 717, -13, -88, 1174, 42;
-15, 307, 16, -371, 781, 23, -61, 1200, 65;
-17, 305, 13, -377, 761, 4, -68, 1190, 53;
-16, 305, 13, -354, 769, 5, -64, 1192, 54;
-16, 304, 12, -345, 763, -4, -65, 1188, 48;
-14, 306, 13, -307, 784, 5, -55, 1196, 54;
-11, 309, 15, -264, 810, 18, -43, 1206, 62;
-8, 311, 17, -227, 830, 27, -32, 1213, 68;
-11, 307, 13, -243, 795, 0, -45, 1198, 51;
-7, 310, 15, -194, 824, 17, -30, 1209, 61;
-9, 307, 12, -197, 801, 0, -37, 1199, 50;
-11, 304, 9, -204, 774, -21, -45, 1187, 37;
-5, 309, 14, -131, 826, 11, -20, 1208, 57;
-9, 304, 9, -161, 775, -25, -38, 1186, 35;
-4, 308, 13, -98, 816, 0, -18, 1203, 51;
0, 312, 16, -37, 854, 24, 1, 1218, 66;
2, 313, 17, -5, 862, 29, 8, 1221, 69;
-2, 307, 12, -32, 811, -5, -7, 1200, 47;
2, 311, 15, 21, 841, 14, 9, 1212, 60;
0, 307, 11, 12, 807, -8, 0, 1198, 45;
0, 305, 9, 18, 787, -20, -3, 1190, 38;
7, 312, 16, 109, 853, 23, 28, 1218, 65;
7, 310, 15, 122, 839, 16, 28, 1212, 60;
0, 303, 7, 74, 764, -32, 2, 1181, 30;
6, 307, 12, 145, 807, -1, 26, 1200, 49;
10, 310, 15, 195, 829, 15, 41, 1210, 60;
10, 308, 14, 207, 813, 7, 41, 1204, 55;
6, 303, 9, 186, 764, -22, 26, 1184, 36;
9, 305, 11, 228, 777, -10, 38, 1190, 44;
15, 308, 15, 288, 809, 13, 58, 1204, 59;
19, 311, 18, 340, 831, 32, 74, 1214, 71;
15, 306, 13, 317, 777, 1, 59, 1193, 51;
15, 304, 12, 330, 761, -5, 59, 1188, 47;
18, 306, 14, 374, 774, 8, 72, 1194, 56;
20, 306, 15, 407, 777, 15, 81, 1197, 60;
23, 307, 16, 441, 780, 22, 90, 1199, 65;
16, 299, 9, 392, 700, -24, 64, 1168, 35;
21, 302, 12, 447, 723, -2, 82, 1179, 49;
25, 305, 15, 500, 744, 17, 99, 1189, 61;
24, 302, 13, 504, 716, 5, 96, 1179, 54;
27, 303, 15, 540, 721, 16, 106, 1183, 60;
27, 302, 15, 556, 705, 12, 108, 1178, 58;
27, 300, 14, 567, 684, 6, 107, 1171, 54;
25, 296, 11, 561, 646, -11, 100, 1157, 43;
32, 301, 16, 630, 683, 21, 125, 1175, 64;
30, 298, 14, 627, 648, 6, 119, 1162, 55;
25, 291, 7, 587, 576, -32, 98, 1135, 30;
31, 295, 13, 658, 614, 2, 123, 1153, 52;
29, 291, 10, 646, 570, -17, 114, 1137, 39;
31, 292, 12, 681, 573, -6, 124, 1140, 46;
37, 296, 17, 746, 606, 25, 147, 1157, 66;
36, 293, 15, 744, 572, 12, 143, 1145, 58;
35, 290, 13, 741, 538, 0, 138, 1133, 50;
34, 288, 11, 744, 509, -8, 135, 1124, 45;
37, 289, 13, 777, 510, 2, 145, 1127, 52;
38, 288, 13, 793, 494, 3, 149, 1123, 52;
39, 287, 14, 814, 485, 7, 154, 1122, 55;
42, 288, 16, 845, 484, 18, 164, 1125, 62;
44, 288, 17, 872, 480, 27, 172, 1126, 68;
45, 288, 18, 889, 468, 31, 176, 1124, 70;
40, 281, 12, 852, 400, -2, 158, 1098, 49;
42, 281, 13, 874, 392, 4, 164, 1098, 53;
43, 281, 14, 896, 384, 11, 171, 1098, 58;
47, 283, 18, 937, 396, 31, 185, 1106, 70;
45, 280, 15, 926, 356, 17, 178, 1092, 61;
39, 272, 9, 873, 274, -24, 154, 1062, 35;
42, 273, 11, 906, 279, -8, 166, 1067, 45;
41, 270, 10, 899, 244, -18, 161, 1056, 39;
41, 268, 9, 901, 219, -22, 160, 1048, 36;
44, 270, 12, 933, 224, -6, 171, 1054, 47;
44, 269, 12, 944, 209, -3, 175, 1051, 49;
48, 271, 16, 983, 221, 18, 189, 1059, 62;
46, 267, 13, 962, 175, 0, 179, 1043, 51;
43, 263, 10, 938, 125, -18, 168, 1026, 39;
41, 260, 8, 928, 91, -27, 163, 1015, 33;
49, 266, 15, 1000, 139, 17, 192, 1039, 61;
42, 258, 9, 940, 55, -24, 167, 1007, 35;
49, 263, 15, 1007, 99, 18, 194, 1029, 62;
45, 258, 11, 968, 38, -8, 177, 1007, 45;
42, 253, 8, 940, -11, -28, 165, 989, 33;
43, 253, 9, 946, -27, -24, 167, 987, 35;
51, 260, 17, 1026, 33, 28, 201, 1015, 68;
48, 256, 15, 1001, -12, 12, 191, 999, 58;
45, 252, 12, 972, -61, -6, 179, 983, 47;
44, 249, 10, 958, -92, -13, 174, 973, 42;
45, 249, 11, 965, -103, -7, 177, 972, 46;
46, 248, 12, 970, -117, -2, 180, 970, 49;
45, 246, 12, 960, -143, -6, 176, 962, 46;
41, 242, 8, 924, -194, -27, 163, 944, 33;
44, 244, 11, 950, -184, -7, 174, 952, 46;
40, 239, 8, 910, -239, -30, 159, 932, 32;
42, 239, 9, 920, -243, -19, 164, 934, 38;
46, 243, 14, 959, -216, 11, 182, 948, 57;
43, 238, 11, 922, -265, -8, 169, 931, 45;
39, 234, 8, 882, -317, -29, 154, 913, 32;
40, 234, 9, 887, -323, -20, 158, 914, 37;
41, 234, 11, 894, -327, -10, 163, 916, 44;
47, 239, 17, 943, -287, 28, 185, 935, 68;
40, 231, 10, 868, -370, -14, 157, 904, 42;
45, 236, 16, 914, -332, 23, 178, 923, 65;
45, 235, 17, 906, -347, 25, 177, 920, 66;
36, 226, 8, 815, -444, -27, 142, 882, 34;
43, 232, 16, 871, -393, 18, 169, 906, 62;
44, 232, 17, 871, -397, 27, 172, 907, 68;
39, 228, 13, 824, -449, 4, 155, 889, 53;
36, 224, 11, 787, -488, -10, 143, 875, 44;
38, 225, 13, 791, -487, 2, 148, 879, 52;
36, 223, 12, 764, -515, -5, 140, 870, 47;
38, 225, 15, 776, -504, 12, 148, 877, 58;
33, 219, 10, 720, -559, -14, 129, 857, 42;
38, 224, 16, 760, -518, 23, 149, 876, 65;
29, 215, 8, 666, -610, -27, 114, 841, 33;
33, 219, 13, 698, -576, 4, 131, 857, 53;
36, 222, 17, 710, -560, 25, 141, 866, 66;
31, 217, 13, 659, -606, 2, 124, 849, 52;
33, 220, 16, 668, -592, 21, 132, 858, 64;
26, 212, 9, 587, -667, -19, 102, 828, 38;
29, 215, 13, 603, -645, 3, 113, 840, 53;
23, 210, 8, 539, -701, -25, 91, 819, 35;
23, 209, 9, 525, -707, -21, 90, 818, 37;
20, 207, 8, 491, -732, -30, 81, 810, 31;
20, 208, 9, 480, -733, -24, 81, 811, 35;
18, 206, 8, 448, -754, -30, 73, 804, 31;
24, 211, 14, 486, -705, 8, 93, 826, 56;
26, 214, 17, 493, -686, 27, 101, 836, 68;
16, 205, 8, 391, -775, -25, 64, 800, 34;
23, 213, 17, 448, -704, 27, 93, 831, 68;
16, 206, 11, 369, -770, -10, 65, 805, 44;
20, 210, 15, 388, -735, 17, 78, 821, 61;
20, 211, 17, 380, -727, 27, 80, 825, 68;
18, 209, 16, 344, -747, 19, 70, 818, 62;
10, 202, 9, 257, -817, -23, 39, 790, 36;
9, 202, 9, 235, -821, -21, 36, 790, 37;
6, 200, 8, 199, -839, -30, 26, 783, 32;
8, 203, 11, 204, -814, -10, 34, 794, 44;
6, 201, 9, 166, -833, -20, 24, 787, 38;
3, 199, 7, 123, -855, -32, 11, 779, 30;
10, 207, 16, 175, -782, 18, 39, 809, 62;
9, 208, 16, 157, -778, 22, 37, 811, 65;
9, 209, 17, 142, -771, 29, 36, 815, 69;
-1, 199, 8, 27, -864, -31, -5, 777, 31;
5, 207, 16, 82, -785, 21, 22, 809, 64;
4, 207, 16, 59, -785, 22, 18, 810, 65;
1, 205, 14, 17, -802, 11, 7, 803, 58;
-3, 202, 11, -41, -836, -11, -11, 789, 43;
2, 208, 17, -7, -776, 27, 8, 813, 68;
-3, 204, 13, -72, -816, 0, -13, 797, 51;
0, 209, 17, -54, -771, 29, 0, 815, 69;
-1, 208, 17, -84, -774, 25, -7, 813, 66;
-11, 200, 8, -191, -854, -29, -45, 780, 32;
-4, 209, 17, -133, -768, 25, -16, 815, 67;
-8, 206, 14, -187, -794, 6, -32, 803, 54;
-6, 209, 16, -183, -762, 24, -25, 816, 66;
-10, 206, 13, -236, -786, 5, -42, 805, 54;
-12, 206, 13, -265, -785, 2, -48, 805, 52;
-12, 207, 14, -282, -772, 6, -50, 809, 55;
-18, 203, 9, -348, -809, -22, -72, 793, 37;
-15, 207, 13, -333, -763, 3, -60, 810, 53;
-22, 202, 8, -407, -807, -30, -86, 791, 32;
-16, 210, 15, -365, -734, 12, -63, 820, 58;
-19, 209, 13, -404, -742, 2, -74, 815, 52;
-25, 204, 8, -472, -779, -28, -97, 798, 33;
-21, 209, 12, -455, -731, -2, -85, 817, 49;
-26, 206, 8, -513, -757, -26, -104, 804, 34;
-21, 213, 14, -478, -691, 11, -85, 830, 57;
-22, 213, 14, -499, -680, 11, -89, 833, 58;
-21, 217, 17, -494, -643, 28, -82, 847, 68;
-24, 215, 15, -537, -654, 13, -95, 840, 59;
-29, 212, 11, -596, -681, -12, -115, 827, 43;
-26, 216, 15, -578, -631, 12, -103, 846, 59;
-27, 217, 14, -599, -620, 11, -107, 848, 58;
-29, 217, 14, -622, -611, 9, -113, 850, 56;
-33, 215, 10, -677, -633, -14, -131, 838, 41;
-37, 213, 8, -718, -642, -30, -144, 832, 32;
-32, 219, 13, -688, -580, 1, -127, 856, 52;
-36, 217, 10, -736, -596, -18, -143, 847, 39;
-34, 221, 12, -726, -554, 0, -135, 861, 50;
-38, 219, 10, -770, -566, -18, -150, 854, 39;
-32, 227, 17, -719, -484, 25, -125, 885, 66;
-37, 223, 12, -782, -515, -6, -148, 870, 47;
-37, 225, 13, -787, -489, 0, -146, 878, 51;
-42, 222, 9, -839, -510, -24, -165, 866, 35;
-38, 227, 13, -813, -452, 2, -150, 887, 52;
-35, 232, 17, -789, -398, 27, -137, 907, 68;
-45, 224, 8, -889, -467, -30, -176, 876, 31;
-44, 227, 9, -887, -435, -21, -172, 886, 37;
-40, 232, 13, -861, -379, 4, -159, 906, 53;
-39, 235, 15, -854, -342, 16, -153, 918, 61;
-38, 238, 17, -849, -308, 27, -149, 930, 67;
-44, 233, 11, -912, -343, -8, -173, 912, 45;
-43, 236, 13, -910, -311, 0, -169, 922, 50;
-45, 236, 11, -929, -302, -6, -175, 923, 46;
-45, 237, 11, -942, -288, -10, -179, 925, 44;
-48, 236, 9, -968, -286, -22, -188, 923, 37;
-49, 237, 8, -983, -274, -27, -192, 924, 33;
-42, 246, 16, -918, -182, 20, -164, 959, 63;
-48, 241, 10, -978, -216, -14, -187, 942, 41;
-41, 249, 17, -920, -132, 27, -162, 973, 68;
-44, 248, 15, -946, -133, 13, -171, 970, 59;
-50, 244, 9, -1006, -169, -24, -196, 951, 35;
-51, 244, 8, -1016, -155, -28, -199, 954, 33;
-44, 252, 15, -954, -69, 15, -172, 986, 60;
-48, 249, 10, -999, -91, -13, -190, 973, 42;
-48, 251, 11, -994, -64, -8, -188, 981, 45;
-42, 259, 18, -936, 15, 31, -163, 1011, 70;
-43, 258, 16, -954, 18, 19, -171, 1009, 62;
-51, 252, 8, -1029, -35, -30, -202, 983, 31;
-46, 258, 13, -980, 33, 1, -182, 1008, 51;
-41, 264, 18, -933, 99, 32, -163, 1032, 71;
-46, 261, 13, -972, 79, 4, -179, 1020, 53;
-44, 264, 15, -955, 114, 14, -173, 1032, 60;
-44, 265, 15, -953, 133, 13, -173, 1036, 59;
-43, 267, 15, -947, 156, 15, -171, 1042, 60;
-45, 266, 13, -960, 159, 3, -177, 1040, 53;
-41, 272, 17, -917, 217, 28, -161, 1061, 68;
-44, 269, 14, -944, 204, 7, -173, 1052, 55;
-46, 269, 12, -955, 207, -3, -179, 1050, 48;
-48, 267, 9, -975, 201, -21, -189, 1044, 37;
-42, 275, 15, -911, 276, 15, -164, 1072, 60;
-40, 277, 16, -893, 306, 22, -158, 1081, 65;
-43, 275, 13, -914, 296, 2, -169, 1074, 52;
-41, 277, 14, -894, 326, 10, -163, 1083, 57;
-40, 279, 15, -880, 349, 13, -159, 1090, 59;
-38, 282, 17, -851, 387, 25, -150, 1102, 66;
-38, 283, 16, -842, 403, 24, -148, 1106, 66;
-38, 284, 16, -836, 416, 20, -149, 1108, 63;
-35, 287, 18, -807, 452, 32, -139, 1120, 71;
-44, 279, 9, -879, 385, -23, -172, 1089, 36;
-36, 287, 15, -802, 466, 18, -143, 1120, 62;
-38, 286, 13, -812, 461, 3, -150, 1115, 53;
-43, 281, 8, -848, 427, -30, -168, 1098, 32;
-32, 292, 18, -741, 537, 31, -127, 1141, 70;
-36, 288, 13, -771, 508, 1, -143, 1126, 51;
-35, 290, 13, -752, 527, 3, -139, 1132, 53;
-38, 288, 10, -766, 513, -16, -148, 1123, 40;
-31, 294, 15, -698, 580, 17, -124, 1148, 62;
-36, 290, 10, -732, 544, -16, -142, 1131, 40;
-29, 296, 16, -661, 613, 19, -116, 1157, 63;
-35, 291, 9, -703, 567, -20, -138, 1136, 38;
-30, 295, 13, -651, 614, 2, -120, 1153, 52;
-30, 295, 12, -639, 622, -1, -119, 1154, 49;
-29, 297, 13, -614, 640, 1, -114, 1159, 52;
-29, 296, 11, -609, 638, -7, -116, 1156, 46;
-23, 302, 17, -540, 700, 24, -92, 1180, 66;
-21, 304, 17, -512, 720, 30, -85, 1186, 69;
-21, 304, 17, -498, 725, 25, -84, 1186, 66;
-27, 297, 9, -546, 667, -19, -108, 1161, 38;
-24, 300, 12, -502, 700, -4, -95, 1173, 47;
-22, 301, 12, -476, 715, -1, -89, 1177, 49;
-25, 298, 8, -492, 687, -26, -101, 1164, 34;
-16, 307, 17, -392, 774, 24, -64, 1198, 66;
-23, 299, 9, -445, 708, -25, -91, 1169, 35;
-14, 308, 16, -348, 790, 24, -56, 1202, 66;
-19, 302, 10, -381, 742, -12, -75, 1181, 42;
-13, 308, 15, -314, 793, 16, -53, 1201, 61;
-13, 307, 14, -300, 791, 9, -52, 1199, 57;
-17, 303, 9, -321, 753, -19, -66, 1182, 38;
-16, 302, 9, -303, 753, -23, -64, 1181, 36;
-8, 310, 16, -213, 825, 20, -32, 1210, 64;
-11, 306, 12, -229, 790, -5, -44, 1195, 47;
-9, 307, 12, -201, 797, -3, -38, 1197, 48;
-4, 311, 16, -141, 838, 20, -19, 1213, 63;
-9, 305, 10, -171, 786, -16, -37, 1191, 40;
-3, 310, 15, -102, 834, 14, -14, 1210, 59;
-3, 309, 14, -85, 828, 8, -13, 1208, 56;
-2, 309, 14, -64, 827, 6, -9, 1207, 54;
-1, 309, 13, -41, 826, 5, -6, 1206, 54;
0, 309, 14, -12, 831, 7, 0, 1208, 55;
0, 308, 13, 0, 820, 0, 0, 1204, 51;
-1, 306, 10, 2, 797, -14, -4, 1194, 41;
2, 308, 13, 52, 821, 1, 10, 1204, 52;
6, 311, 16, 106, 849, 21, 27, 1216, 64;
4, 307, 12, 93, 810, -3, 16, 1200, 48;
8, 310, 15, 148, 838, 16, 33, 1212, 61;
2, 303, 8, 108, 770, -26, 11, 1185, 34;
12, 312, 17, 211, 846, 26, 48, 1216, 67;
11, 309, 15, 218, 825, 14, 45, 1208, 60;
11, 308, 13, 227, 805, 4, 44, 1201, 53;
6, 302, 8, 198, 748, -30, 26, 1178, 31;
9, 303, 9, 236, 756, -21, 36, 1182, 37;
13, 305, 12, 287, 777, -3, 52, 1192, 48;
10, 301, 8, 272, 732, -28, 40, 1175, 32;
19, 309, 16, 372, 802, 22, 77, 1205, 64;
14, 301, 9, 331, 731, -20, 54, 1176, 38;
21, 307, 16, 412, 782, 18, 83, 1199, 62;
22, 307, 16, 439, 777, 21, 89, 1198, 64;
24, 306, 16, 463, 770, 22, 93, 1197, 64;
17, 298, 8, 410, 686, -27, 67, 1163, 33;
23, 302, 13, 478, 723, 3, 90, 1180, 52;
28, 306, 18, 541, 754, 31, 111, 1195, 70;
29, 305, 17, 558, 739, 27, 113, 1190, 68;
28, 303, 16, 568, 717, 20, 113, 1183, 63;
29, 302, 16, 587, 705, 19, 116, 1180, 63;
32, 303, 17, 623, 708, 30, 126, 1183, 69;
24, 293, 9, 559, 612, -25, 95, 1146, 35;
26, 293, 9, 586, 607, -20, 102, 1146, 38;
25, 291, 8, 594, 582, -28, 101, 1137, 33;
35, 299, 17, 697, 653, 27, 139, 1169, 68;
27, 290, 8, 633, 557, -26, 108, 1131, 34;
31, 291, 11, 675, 567, -10, 122, 1138, 44;
38, 297, 17, 752, 612, 29, 150, 1159, 69;
32, 289, 11, 707, 535, -11, 127, 1130, 43;
34, 289, 11, 730, 526, -7, 133, 1129, 46;
39, 292, 16, 786, 551, 19, 153, 1141, 62;
32, 283, 8, 728, 461, -29, 125, 1107, 32;
33, 283, 9, 751, 453, -24, 131, 1106, 35;
33, 281, 8, 755, 425, -31, 130, 1098, 31;
38, 284, 11, 806, 446, -6, 148, 1109, 46;
35, 280, 8, 790, 399, -26, 138, 1092, 34;
39, 282, 11, 831, 409, -7, 152, 1099, 46;
36, 278, 8, 817, 365, -25, 143, 1084, 34;
39, 278, 10, 845, 363, -14, 152, 1086, 41;
44, 282, 15, 900, 388, 13, 172, 1100, 59;
47, 283, 17, 933, 392, 29, 184, 1104, 69;
42, 276, 12, 890, 320, -6, 163, 1078, 47;
39, 272, 9, 872, 274, -24, 154, 1062, 35;
47, 278, 16, 949, 322, 20, 184, 1085, 63;
45, 275, 14, 940, 286, 8, 178, 1073, 56;
40, 268, 8, 895, 213, -26, 157, 1046, 34;
48, 275, 16, 978, 269, 24, 190, 1073, 65;
50, 275, 18, 997, 262, 32, 197, 1073, 71;
48, 271, 16, 985, 224, 20, 190, 1060, 63;
41, 262, 8, 915, 127, -30, 160, 1024, 31;
42, 262, 9, 932, 119, -22, 166, 1024, 37;
46, 265, 13, 972, 135, 1, 182, 1034, 51;
42, 259, 8, 933, 72, -27, 164, 1011, 34;
48, 263, 14, 989, 104, 8, 187, 1028, 56;
50, 264, 16, 1016, 108, 24, 197, 1032, 66;
51, 264, 17, 1024, 94, 28, 200, 1030, 68;
44, 255, 10, 955, 3, -17, 172, 996, 39;
44, 254, 10, 957, -15, -17, 172, 991, 40;
41, 250, 7, 935, -58, -32, 163, 977, 30;
43, 250, 9, 949, -64, -22, 169, 978, 36;
46, 252, 12, 975, -57, -4, 180, 984, 48;
46, 251, 12, 974, -76, -3, 180, 980, 48;
48, 252, 14, 992, -76, 10, 188, 983, 57;
46, 249, 12, 972, -114, -1, 181, 971, 50;
48, 249, 15, 989, -114, 12, 189, 974, 58;
45, 245, 12, 958, -161, -5, 176, 958, 47;
41, 240, 8, 917, -217, -29, 161, 938, 32;
50, 248, 17, 997, -152, 27, 195, 968, 68;
40, 238, 8, 905, -258, -29, 158, 928, 32;
47, 243, 15, 963, -212, 14, 184, 950, 59;
42, 238, 10, 914, -274, -14, 165, 928, 42;
40, 234, 8, 887, -312, -26, 156, 915, 34;
45, 239, 14, 937, -274, 12, 178, 934, 58;
42, 235, 11, 899, -322, -7, 165, 918, 46;
43, 235, 13, 905, -325, 3, 170, 920, 53;
39, 231, 10, 864, -374, -17, 155, 902, 40;
45, 235, 16, 907, -339, 18, 175, 920, 62;
45, 235, 16, 902, -351, 23, 176, 918, 65;
43, 232, 15, 875, -383, 13, 167, 907, 59;
36, 226, 9, 811, -453, -21, 144, 882, 37;
44, 233, 18, 877, -392, 31, 174, 910, 70;
37, 225, 11, 798, -474, -12, 144, 878, 43;
37, 225, 12, 792, -483, -6, 145, 878, 46;
34, 221, 9, 757, -520, -20, 134, 865, 38;
34, 221, 10, 749, -530, -15, 134, 864, 41;
35, 222, 12, 755, -524, -1, 140, 869, 49;
31, 217, 8, 701, -578, -26, 121, 849, 34;
33, 220, 12, 717, -560, -4, 132, 859, 47;
35, 221, 14, 724, -552, 10, 138, 865, 57;
29, 216, 9, 662, -612, -19, 116, 842, 38;
29, 215, 10, 651, -619, -14, 116, 842, 41;
30, 216, 12, 646, -620, -5, 118, 844, 47;
26, 212, 8, 597, -664, -26, 102, 828, 34;
26, 212, 9, 584, -670, -21, 101, 827, 37;
27, 213, 11, 584, -663, -8, 106, 832, 45;
24, 210, 9, 547, -694, -20, 94, 822, 38;
29, 215, 15, 580, -652, 14, 113, 841, 60;
28, 215, 15, 560, -663, 15, 109, 838, 60;
24, 211, 12, 515, -698, 0, 95, 826, 50;
28, 216, 18, 541, -661, 30, 111, 843, 70;
21, 209, 11, 461, -730, -8, 83, 816, 45;
23, 211, 14, 466, -713, 9, 90, 824, 56;
15, 204, 8, 382, -784, -31, 60, 796, 31;
17, 206, 10, 387, -766, -13, 67, 806, 42;
14, 204, 8, 344, -794, -26, 55, 795, 34;
20, 210, 16, 390, -733, 18, 79, 822, 62;
20, 211, 16, 375, -733, 24, 78, 823, 66;
10, 202, 8, 275, -816, -27, 42, 790, 34;
9, 201, 8, 249, -825, -28, 36, 787, 33;
11, 204, 11, 257, -799, -7, 45, 799, 46;
8, 202, 9, 212, -826, -21, 32, 789, 37;
12, 207, 15, 238, -780, 12, 48, 808, 58;
11, 207, 15, 218, -781, 14, 45, 809, 60;
5, 202, 10, 146, -833, -17, 21, 788, 40;
8, 205, 14, 157, -800, 6, 31, 802, 55;
3, 201, 10, 96, -840, -18, 11, 786, 39;
3, 202, 11, 83, -830, -9, 12, 790, 44;
7, 207, 16, 106, -784, 21, 27, 810, 64;
-2, 199, 8, 7, -860, -27, -8, 779, 33;
-3, 199, 8, -18, -862, -28, -13, 778, 32;
0, 204, 13, 3, -816, 2, 1, 797, 52;
2, 207, 16, 8, -786, 22, 9, 810, 64;
2, 209, 18, -1, -770, 31, 10, 816, 70;
0, 207, 15, -47, -790, 18, -2, 807, 62;
0, 209, 18, -49, -766, 32, 1, 817, 71;
-9, 201, 9, -153, -843, -19, -35, 785, 38;
-8, 203, 11, -161, -823, -8, -33, 792, 45;
-5, 207, 15, -146, -781, 16, -21, 809, 61;
-13, 201, 8, -235, -842, -26, -52, 783, 34;
-8, 207, 15, -201, -779, 13, -33, 809, 59;
-10, 206, 13, -236, -785, 5, -42, 806, 54;
-17, 201, 8, -310, -830, -28, -67, 786, 33;
-11, 208, 15, -272, -762, 13, -46, 813, 59;
-12, 209, 15, -293, -754, 14, -49, 815, 60;
-15, 208, 14, -328, -758, 7, -58, 813, 55;
-19, 205, 10, -382, -782, -13, -76, 801, 42;
-20, 206, 11, -401, -770, -11, -78, 805, 44;
-22, 205, 9, -438, -776, -20, -88, 801, 38;
-15, 214, 18, -381, -688, 32, -59, 836, 71;
-22, 209, 12, -459, -735, -4, -87, 815, 47;
-27, 205, 8, -519, -763, -30, -107, 802, 32;
-28, 206, 8, -537, -750, -28, -110, 806, 33;
-28, 207, 8, -556, -737, -26, -112, 810, 34;
-29, 209, 9, -571, -720, -22, -114, 815, 37;
-31, 208, 8, -603, -720, -30, -122, 813, 32;
-26, 214, 13, -571, -656, 4, -104, 837, 53;
-24, 218, 17, -560, -613, 24, -96, 853, 66;
-26, 218, 15, -592, -612, 16, -104, 851, 61;
-31, 215, 11, -647, -636, -7, -123, 839, 46;
-29, 218, 14, -640, -596, 9, -116, 854, 57;
-28, 222, 17, -635, -559, 25, -109, 867, 66;
-30, 221, 15, -669, -562, 14, -120, 863, 59;
-35, 218, 11, -726, -586, -12, -139, 851, 43;
-35, 220, 12, -735, -563, -6, -139, 858, 46;
-31, 226, 17, -700, -497, 27, -121, 883, 67;
-40, 218, 8, -798, -562, -26, -158, 853, 34;
-33, 227, 16, -739, -472, 22, -130, 887, 64;
-41, 221, 9, -826, -527, -25, -162, 862, 35;
-42, 222, 9, -840, -510, -24, -165, 866, 35;
-41, 225, 11, -836, -475, -12, -160, 878, 43;
-38, 229, 14, -818, -427, 7, -150, 895, 55;
-44, 225, 9, -881, -459, -25, -173, 879, 35;
-40, 230, 13, -854, -402, 1, -158, 900, 51;
-42, 230, 11, -878, -396, -7, -166, 899, 46;
-38, 236, 16, -846, -335, 21, -150, 922, 64;
-40, 235, 14, -874, -333, 10, -159, 919, 57;
-39, 238, 16, -868, -298, 21, -154, 931, 64;
-43, 236, 13, -908, -309, 1, -169, 923, 51;
-43, 238, 13, -912, -286, 4, -168, 929, 53;
-41, 241, 15, -902, -247, 16, -162, 942, 61;
-49, 235, 8, -978, -296, -28, -192, 919, 33;
-43, 242, 14, -930, -221, 7, -170, 946, 55;
-45, 243, 13, -946, -211, 1, -176, 947, 52;
-41, 248, 17, -916, -154, 25, -162, 967, 67;
-48, 242, 10, -988, -201, -18, -190, 945, 39;
-42, 250, 17, -928, -115, 25, -164, 977, 66;
-44, 249, 14, -954, -117, 10, -174, 973, 57;
-43, 252, 16, -946, -85, 18, -170, 983, 62;
-48, 249, 11, -990, -105, -8, -187, 971, 45;
-46, 252, 13, -974, -66, 3, -180, 984, 53;
-48, 251, 11, -995, -64, -8, -188, 981, 45;
-49, 251, 10, -1010, -58, -18, -194, 980, 39;
-48, 254, 11, -995, -22, -8, -188, 992, 45;
-46, 257, 13, -980, 12, 1, -182, 1003, 52;
-45, 260, 14, -965, 48, 11, -176, 1015, 58;
-42, 264, 17, -938, 94, 28, -165, 1030, 68;
-42, 265, 17, -938, 112, 27, -165, 1034, 67;
-42, 266, 16, -940, 129, 24, -167, 1038, 66;
-47, 263, 12, -978, 108, -2, -183, 1026, 49;
-41, 269, 18, -923, 180, 31, -161, 1052, 70;
-42, 269, 16, -933, 186, 21, -166, 1051, 64;
-45, 268, 13, -954, 180, 4, -176, 1046, 53;
-46, 267, 12, -965, 184, -6, -182, 1044, 46;
-47, 267, 10, -970, 193, -13, -185, 1044, 42;
-50, 266, 8, -990, 185, -31, -195, 1038, 31;
-41, 275, 16, -903, 285, 21, -161, 1076, 64;
-39, 278, 17, -883, 316, 29, -154, 1086, 69;
-44, 274, 12, -922, 288, -2, -172, 1071, 49;
-43, 276, 12, -911, 309, -1, -170, 1076, 50;
-45, 275, 10, -921, 309, -14, -176, 1073, 42;
-43, 277, 12, -898, 340, -5, -169, 1083, 47;
-36, 285, 18, -830, 416, 32, -143, 1111, 71;
-39, 283, 15, -845, 408, 15, -152, 1105, 60;
-37, 285, 16, -825, 434, 20, -146, 1113, 63;
-36, 287, 17, -803, 461, 26, -140, 1121, 67;
-36, 287, 16, -799, 470, 20, -142, 1122, 63;
-38, 286, 13, -810, 463, 4, -149, 1116, 53;
-42, 282, 9, -837, 439, -22, -163, 1103, 36;
-38, 287, 12, -793, 484, -3, -149, 1119, 48;
-32, 293, 17, -729, 550, 29, -126, 1144, 69;
-38, 287, 10, -778, 501, -14, -150, 1121, 42;
-38, 288, 10, -766, 513, -16, -148, 1123, 40;
-38, 287, 8, -765, 513, -26, -151, 1121, 34;
-35, 290, 11, -726, 550, -12, -139, 1133, 43;
-32, 294, 13, -686, 587, 3, -126, 1147, 52;
-28, 298, 16, -637, 633, 23, -110, 1163, 65;
-36, 290, 7, -703, 563, -32, -142, 1132, 30;
-32, 293, 10, -658, 603, -14, -127, 1146, 41;
-25, 301, 17, -577, 677, 26, -98, 1175, 67;
-29, 297, 12, -602, 645, -3, -113, 1159, 48;
-29, 296, 11, -597, 643, -12, -115, 1156, 42;
-28, 297, 10, -577, 655, -13, -112, 1159, 42;
-27, 297, 10, -558, 665, -14, -108, 1162, 42;
-29, 296, 8, -557, 656, -27, -113, 1156, 33;
-28, 296, 8, -541, 662, -30, -111, 1157, 31;
-23, 301, 11, -484, 707, -7, -92, 1174, 46;
-16, 307, 18, -404, 775, 31, -64, 1200, 70;
-22, 301, 11, -445, 721, -10, -86, 1176, 44;
-15, 307, 16, -373, 780, 22, -61, 1199, 65;
-15, 307, 16, -354, 785, 20, -58, 1200, 63;
-12, 309, 17, -317, 806, 29, -49, 1207, 69;
-13, 307, 15, -316, 792, 15, -53, 1200, 60;
-16, 304, 11, -333, 758, -11, -66, 1185, 43;
-12, 308, 14, -275, 799, 10, -47, 1201, 57;
-17, 302, 8, -311, 745, -28, -68, 1178, 32;
-8, 310, 16, -213, 825, 20, -32, 1210, 63;
-7, 310, 16, -189, 829, 20, -28, 1211, 63;
-14, 302, 8, -240, 759, -29, -54, 1181, 32;
-7, 308, 13, -167, 811, 3, -30, 1202, 52;
-10, 304, 9, -178, 779, -20, -40, 1188, 38;
-6, 307, 12, -127, 808, -3, -24, 1200, 49;
-2, 310, 14, -82, 832, 11, -11, 1209, 57;
-6, 305, 10, -99, 792, -16, -24, 1192, 40;
-6, 304, 8, -90, 777, -27, -26, 1186, 33;
-5, 304, 8, -67, 776, -28, -22, 1185, 33;
3, 312, 17, 37, 856, 24, 15, 1219, 66;
-2, 304, 9, -12, 782, -24, -10, 1188, 35;
1, 307, 12, 39, 808, -6, 5, 1199, 46;
5, 310, 14, 89, 832, 10, 20, 1209, 57;
2, 305, 10, 74, 791, -15, 8, 1192, 41;
4, 307, 11, 111, 801, -7, 18, 1197, 46;
8, 309, 14, 157, 820, 6, 31, 1205, 54;
7, 306, 12, 163, 798, -5, 28, 1197, 47;
6, 304, 9, 165, 772, -20, 23, 1186, 38;
12, 309, 14, 237, 815, 11, 48, 1205, 57;
10, 306, 12, 237, 786, -4, 42, 1194, 48;
10, 304, 10, 245, 765, -15, 40, 1186, 41;
11, 303, 10, 266, 757, -17, 43, 1184, 40;
11, 302, 9, 281, 741, -22, 44, 1178, 36;
20, 309, 17, 379, 810, 27, 80, 1208, 67;
19, 307, 15, 384, 784, 14, 76, 1198, 60;
21, 307, 16, 417, 786, 21, 85, 1200, 64;
24, 308, 17, 451, 790, 29, 94, 1203, 69;
22, 304, 14, 444, 751, 9, 86, 1189, 57;
21, 302, 12, 446, 722, -3, 82, 1178, 48;
18, 298, 8, 435, 679, -25, 72, 1162, 34;
25, 303, 15, 515, 728, 13, 100, 1184, 59;
20, 296, 8, 475, 656, -27, 79, 1156, 34;
24, 299, 12, 530, 679, -4, 97, 1167, 47;
30, 302, 16, 590, 707, 21, 117, 1181, 64;
28, 299, 14, 589, 673, 7, 112, 1169, 55;
25, 295, 10, 571, 624, -17, 100, 1151, 40;
33, 301, 17, 656, 677, 26, 131, 1174, 67;
31, 297, 14, 646, 634, 6, 122, 1159, 55;
34, 298, 16, 682, 639, 18, 133, 1163, 62;
35, 298, 16, 708, 632, 23, 140, 1163, 65;
28, 289, 8, 648, 540, -28, 111, 1127, 33;
29, 288, 8, 666, 526, -27, 114, 1124, 33;
39, 296, 17, 770, 598, 30, 154, 1156, 69;
31, 287, 9, 706, 503, -23, 123, 1119, 36;
38, 292, 15, 783, 548, 17, 151, 1140, 61;
39, 290, 15, 792, 525, 12, 152, 1134, 59;
36, 286, 12, 781, 482, -4, 144, 1118, 47;
43, 291, 17, 848, 518, 30, 168, 1136, 69;
34, 281, 8, 775, 415, -27, 135, 1096, 33;
37, 281, 10, 807, 416, -15, 145, 1099, 41;
43, 286, 16, 872, 450, 19, 169, 1116, 62;
36, 277, 8, 814, 362, -27, 142, 1083, 33;
36, 276, 8, 821, 339, -31, 142, 1076, 31;
38, 276, 9, 848, 337, -20, 151, 1078, 38;
38, 274, 9, 853, 312, -24, 150, 1071, 35;
41, 275, 11, 882, 312, -12, 160, 1074, 43;
46, 279, 16, 938, 339, 19, 181, 1089, 62;
40, 271, 9, 882, 255, -24, 156, 1057, 35;
41, 270, 9, 895, 241, -21, 159, 1054, 37;
46, 273, 14, 948, 266, 8, 180, 1068, 56;
42, 268, 10, 915, 206, -18, 164, 1046, 39;
49, 274, 17, 992, 256, 28, 194, 1070, 68;
49, 272, 17, 992, 231, 24, 193, 1063, 66;
45, 267, 12, 959, 172, 0, 178, 1042, 50;
42, 262, 8, 927, 114, -25, 164, 1022, 34;
41, 259, 8, 924, 86, -30, 161, 1013, 31;
47, 264, 14, 985, 124, 7, 186, 1032, 55;
51, 267, 18, 1025, 140, 32, 202, 1042, 70;
45, 260, 12, 971, 63, -5, 179, 1014, 47;
43, 256, 9, 949, 18, -21, 169, 999, 37;
43, 254, 9, 950, -1, -21, 169, 994, 37;
51, 261, 17, 1025, 52, 28, 200, 1020, 68;
47, 256, 13, 991, -2, 5, 186, 1000, 54;
46, 254, 12, 981, -32, 0, 182, 991, 50;
47, 253, 13, 987, -45, 4, 185, 989, 53;
47, 252, 14, 988, -63, 5, 186, 985, 54;
51, 254, 17, 1018, -51, 27, 199, 994, 68;
43, 245, 9, 943, -143, -20, 169, 959, 38;
44, 246, 11, 955, -148, -10, 174, 960, 44;
49, 250, 16, 999, -120, 22, 193, 975, 64;
49, 248, 16, 992, -142, 20, 192, 969, 63;
50, 248, 17, 996, -153, 26, 195, 968, 67;
50, 247, 18, 996, -167, 31, 196, 966, 70;
49, 245, 17, 984, -191, 27, 193, 959, 68;
45, 240, 13, 941, -247, 3, 176, 939, 53;
45, 239, 13, 934, -265, 4, 176, 935, 53;
44, 238, 13, 924, -286, 3, 173, 929, 53;
41, 234, 10, 889, -331, -13, 161, 914, 42;
41, 234, 11, 889, -340, -7, 163, 913, 46;
37, 229, 8, 843, -395, -30, 146, 894, 31;
43, 234, 14, 889, -357, 6, 168, 912, 55;
40, 230, 11, 855, -397, -7, 156, 899, 46;
37, 226, 9, 821, -438, -23, 145, 885, 36;
44, 233, 16, 878, -386, 23, 171, 909, 65;
38, 227, 12, 820, -449, -6, 150, 886, 46;
38, 227, 12, 815, -458, -1, 151, 885, 50;
37, 225, 12, 797, -478, -3, 147, 879, 48;
33, 220, 8, 747, -530, -27, 130, 861, 34;
35, 222, 11, 755, -524, -12, 136, 866, 43;
35, 221, 11, 746, -534, -7, 136, 865, 46;
30, 217, 8, 695, -584, -30, 119, 847, 31;
29, 216, 8, 680, -597, -29, 116, 843, 32;
38, 224, 17, 751, -525, 28, 150, 876, 68;
30, 216, 10, 669, -604, -14, 120, 846, 42;
31, 217, 11, 662, -608, -7, 120, 846, 46;
34, 220, 15, 682, -584, 18, 133, 859, 62;
33, 219, 15, 661, -599, 16, 129, 854, 61;
33, 219, 17, 655, -599, 25, 130, 857, 66;
33, 219, 18, 645, -603, 31, 131, 857, 70;
28, 214, 13, 582, -658, 2, 109, 836, 52;
23, 210, 10, 531, -701, -17, 92, 820, 39;
24, 211, 11, 522, -701, -9, 94, 823, 44;
26, 213, 14, 529, -684, 8, 101, 831, 56;
26, 213, 15, 518, -684, 15, 102, 833, 60;
22, 210, 13, 474, -717, 0, 88, 821, 51;
22, 211, 14, 461, -718, 6, 88, 822, 55;
16, 205, 8, 390, -777, -26, 63, 800, 34;
22, 211, 15, 431, -722, 15, 85, 824, 60;
22, 212, 16, 419, -719, 23, 86, 826, 65;
19, 209, 15, 380, -743, 12, 75, 818, 58;
21, 212, 18, 387, -720, 32, 83, 828, 71;
17, 209, 15, 335, -756, 13, 67, 815, 59;
15, 208, 14, 309, -765, 11, 61, 812, 58;
11, 205, 12, 259, -797, -5, 46, 800, 47;
10, 204, 11, 234, -804, -6, 41, 798, 46;
11, 206, 13, 225, -793, 3, 43, 803, 53;
8, 204, 12, 192, -807, -2, 34, 798, 49;
5, 202, 10, 149, -829, -15, 22, 789, 41;
6, 204, 12, 146, -811, -1, 26, 797, 50;
9, 208, 16, 158, -778, 23, 37, 812, 65;
3, 202, 11, 84, -829, -9, 12, 791, 45;
2, 202, 11, 59, -831, -9, 7, 790, 44;
3, 205, 14, 58, -809, 5, 12, 800, 54;
1, 204, 13, 31, -812, 4, 7, 799, 53;
0, 205, 14, 9, -810, 6, 3, 799, 54;
-3, 202, 11, -41, -836, -11, -11, 789, 43;
2, 209, 18, -1, -771, 31, 10, 816, 70;
-2, 205, 14, -60, -804, 8, -8, 802, 56;
-6, 203, 11, -111, -828, -8, -23, 791, 45;
-6, 204, 12, -125, -815, -1, -23, 796, 50;
-2, 209, 18, -100, -762, 31, -7, 818, 70;
-5, 208, 16, -143, -778, 19, -20, 811, 62;
-5, 209, 16, -159, -766, 24, -21, 815, 66;
-14, 201, 9, -254, -832, -22, -55, 787, 36;
-9, 208, 15, -219, -768, 16, -35, 813, 61;
-13, 205, 12, -276, -796, -5, -53, 800, 47;
-15, 204, 11, -311, -801, -12, -62, 797, 43;
-17, 204, 11, -334, -795, -12, -66, 798, 42;
-12, 211, 16, -303, -733, 23, -48, 823, 65;
-16, 209, 14, -350, -750, 7, -62, 815, 55;
-19, 207, 11, -396, -765, -7, -76, 807, 46;
-14, 213, 18, -361, -699, 30, -56, 833, 70;
-24, 205, 9, -466, -773, -24, -95, 801, 35;
-21, 210, 13, -451, -727, 0, -83, 819, 51;
-19, 214, 16, -440, -685, 22, -74, 835, 64;
-19, 215, 17, -452, -665, 28, -74, 841, 68;
-26, 209, 11, -535, -716, -12, -104, 818, 43;
-30, 208, 8, -577, -726, -26, -117, 812, 34;
-27, 212, 12, -562, -679, -3, -105, 830, 49;
-28, 213, 12, -581, -666, -2, -109, 833, 49;
-28, 214, 13, -597, -650, 0, -111, 838, 50;
-30, 214, 11, -630, -651, -8, -120, 835, 45;
-26, 220, 17, -596, -585, 26, -102, 860, 67;
-36, 212, 8, -701, -657, -31, -141, 828, 31;
-33, 217, 12, -683, -607, -6, -129, 847, 46;
-35, 216, 10, -717, -609, -17, -139, 843, 39;
-38, 215, 8, -752, -612, -29, -150, 840, 32;
-35, 220, 12, -732, -560, -4, -138, 859, 48;
-34, 222, 13, -735, -531, 4, -135, 868, 53;
-39, 219, 9, -790, -554, -21, -154, 856, 37;
-31, 229, 18, -724, -457, 32, -123, 894, 71;
-38, 223, 11, -799, -501, -7, -151, 873, 46;
-36, 228, 15, -780, -451, 14, -140, 891, 60;
-41, 225, 11, -836, -475, -12, -160, 878, 43;
-41, 226, 11, -849, -458, -12, -162, 882, 43;
-36, 233, 17, -804, -383, 25, -141, 911, 66;
-38, 233, 15, -829, -377, 17, -148, 910, 62;
-36, 236, 17, -823, -341, 29, -143, 922, 69;
-41, 233, 13, -870, -358, 5, -160, 912, 54;
-44, 232, 11, -905, -364, -10, -172, 906, 44;
-44, 234, 11, -912, -342, -8, -173, 912, 45;
-47, 232, 9, -945, -346, -23, -184, 907, 36;
-44, 237, 12, -923, -296, -3, -173, 925, 48;
-48, 235, 9, -962, -308, -23, -187, 917, 36;
-40, 244, 17, -898, -216, 24, -159, 952, 66;
-47, 238, 10, -968, -259, -17, -186, 931, 40;
-50, 238, 8, -993, -257, -29, -195, 928, 32;
-50, 239, 8, -1003, -241, -31, -197, 932, 31;
-45, 245, 13, -957, -170, 2, -177, 958, 52;
-47, 245, 11, -979, -166, -8, -185, 956, 45;
-44, 250, 15, -949, -111, 14, -172, 975, 59;
-42, 253, 16, -938, -77, 23, -166, 986, 65;
-46, 250, 13, -973, -88, 2, -180, 978, 52;
-49, 248, 9, -1009, -101, -19, -194, 969, 38;
-43, 256, 16, -953, -22, 19, -171, 999, 62;
-51, 250, 8, -1024, -72, -27, -200, 975, 33;
-42, 260, 17, -938, 35, 30, -164, 1016, 69;
-42, 261, 17, -939, 53, 29, -165, 1020, 69;
-45, 259, 14, -969, 44, 9, -177, 1013, 56;
-45, 261, 14, -966, 66, 9, -177, 1018, 57;
-49, 258, 10, -1000, 51, -13, -191, 1009, 42;
-51, 257, 8, -1022, 47, -29, -200, 1004, 32;
-43, 266, 16, -945, 141, 19, -169, 1040, 62;
-43, 267, 15, -942, 160, 18, -169, 1044, 62;
-43, 269, 15, -938, 180, 18, -168, 1049, 62;
-44, 269, 14, -946, 188, 9, -173, 1049, 56;
-49, 265, 9, -988, 161, -21, -191, 1034, 37;
-47, 268, 11, -967, 195, -12, -184, 1045, 43;
-46, 270, 12, -951, 224, -5, -179, 1054, 47;
-39, 277, 18, -887, 301, 31, -154, 1082, 70;
-45, 272, 11, -939, 260, -7, -177, 1062, 46;
-45, 273, 11, -933, 277, -9, -177, 1066, 44;
-47, 272, 9, -946, 275, -24, -184, 1062, 35;
-42, 278, 14, -890, 340, 6, -163, 1086, 55;
-46, 274, 9, -925, 313, -23, -180, 1071, 36;
-41, 280, 14, -869, 377, 6, -159, 1095, 55;
-44, 277, 9, -897, 355, -19, -174, 1083, 38;
-39, 284, 14, -838, 421, 11, -152, 1107, 58;
-43, 280, 9, -873, 391, -20, -169, 1092, 38;
-42, 281, 10, -855, 414, -16, -165, 1099, 40;
-43, 281, 8, -857, 415, -27, -169, 1096, 34;
-42, 282, 8, -844, 432, -27, -166, 1100, 33;
-41, 283, 9, -825, 453, -24, -162, 1106, 35;
-36, 289, 13, -766, 513, 4, -141, 1129, 54;
-34, 291, 14, -743, 536, 9, -135, 1135, 56;
-32, 293, 15, -716, 564, 17, -127, 1144, 61;
-35, 290, 12, -734, 544, -5, -138, 1134, 47;
-30, 295, 16, -677, 599, 20, -119, 1154, 63;
-30, 296, 15, -663, 610, 18, -117, 1156, 62;
-34, 292, 11, -690, 580, -11, -132, 1141, 43;
-28, 297, 15, -633, 633, 14, -113, 1161, 60;
-30, 296, 13, -632, 628, 2, -117, 1157, 52;
-30, 296, 12, -625, 629, -5, -118, 1155, 47;
-30, 295, 11, -616, 632, -12, -119, 1154, 43;
-26, 300, 14, -564, 677, 9, -102, 1170, 56;
-27, 298, 12, -564, 668, -4, -106, 1165, 48;
-23, 302, 15, -518, 705, 12, -92, 1178, 58;
-24, 301, 13, -512, 701, 2, -94, 1175, 52;
-27, 297, 9, -533, 670, -25, -108, 1160, 35;
-26, 297, 8, -514, 677, -26, -105, 1161, 34;
-20, 303, 14, -442, 737, 6, -80, 1185, 54;
-17, 306, 16, -397, 770, 21, -66, 1196, 64;
-16, 306, 15, -381, 772, 17, -65, 1196, 61;
-21, 301, 9, -413, 725, -19, -83, 1175, 38;
-13, 308, 16, -329, 794, 21, -54, 1202, 64;
-14, 306, 14, -326, 782, 8, -58, 1196, 56;
-19, 301, 8, -357, 734, -27, -76, 1175, 33;
-15, 305, 11, -302, 772, -7, -58, 1190, 46;
-11, 307, 14, -257, 799, 7, -45, 1200, 55;
-14, 304, 10, -266, 771, -14, -54, 1188, 41;
-14, 303, 9, -258, 761, -24, -56, 1183, 35;
-13, 303, 8, -236, 762, -26, -53, 1183, 34;
-11, 304, 9, -202, 777, -19, -44, 1188, 38;
-2, 312, 17, -107, 850, 26, -11, 1218, 67;
-3, 311, 15, -97, 838, 17, -12, 1212, 61;
-6, 306, 11, -114, 799, -10, -24, 1196, 44;
-3, 308, 13, -72, 819, 1, -13, 1204, 51;
1, 312, 16, -14, 853, 23, 5, 1218, 65;
-1, 308, 12, -26, 817, -1, -5, 1202, 50;
-3, 304, 9, -37, 782, -24, -15, 1188, 35;
4, 312, 16, 56, 851, 21, 17, 1217, 64;
3, 309, 13, 55, 824, 4, 11, 1206, 53;
3, 308, 13, 74, 817, 0, 14, 1203, 51;
9, 312, 17, 139, 856, 27, 35, 1219, 68;
4, 306, 11, 110, 800, -8, 17, 1196, 45;
11, 312, 17, 191, 854, 29, 45, 1219, 69;
11, 311, 16, 203, 838, 21, 45, 1213, 64;
9, 308, 13, 200, 807, 2, 38, 1201, 52;
7, 304, 9, 190, 769, -19, 28, 1186, 38;
15, 311, 17, 283, 832, 26, 61, 1213, 67;
12, 305, 12, 260, 781, -5, 46, 1193, 47;
16, 308, 15, 312, 803, 13, 63, 1203, 59;
15, 306, 13, 323, 783, 5, 62, 1196, 54;
14, 303, 11, 320, 750, -12, 55, 1183, 43;
14, 302, 10, 335, 735, -17, 56, 1178, 40;
16, 302, 11, 368, 737, -11, 64, 1180, 44;
22, 307, 16, 440, 778, 21, 89, 1199, 64;
19, 302, 11, 417, 725, -7, 75, 1178, 45;
17, 298, 8, 410, 686, -27, 67, 1163, 33;
27, 306, 17, 516, 760, 28, 106, 1196, 68;
25, 303, 14, 509, 721, 9, 98, 1181, 56;
20, 296, 8, 475, 656, -27, 79, 1156, 33;
30, 305, 18, 584, 733, 31, 119, 1190, 70;
22, 295, 9, 521, 638, -24, 88, 1152, 35;
32, 303, 17, 623, 708, 30, 126, 1183, 69;
31, 300, 15, 623, 675, 16, 121, 1172, 61;
29, 297, 13, 621, 642, 2, 116, 1160, 52;
31, 297, 14, 646, 634, 6, 122, 1159, 55;
30, 294, 12, 649, 605, -3, 119, 1149, 48;
31, 294, 12, 669, 593, -2, 123, 1146, 49;
36, 297, 16, 723, 615, 21, 142, 1158, 64;
32, 291, 11, 698, 558, -6, 127, 1137, 46;
31, 288, 9, 692, 520, -22, 121, 1123, 37;
32, 287, 9, 710, 506, -21, 125, 1120, 37;
37, 290, 14, 768, 532, 6, 145, 1134, 55;
40, 292, 16, 809, 542, 23, 159, 1140, 65;
39, 289, 15, 808, 510, 13, 155, 1130, 59;
43, 291, 18, 851, 522, 32, 169, 1137, 71;
41, 287, 15, 836, 475, 12, 160, 1121, 59;
44, 288, 17, 873, 482, 28, 172, 1127, 68;
43, 286, 16, 875, 453, 21, 170, 1117, 64;
38, 279, 10, 830, 378, -17, 149, 1089, 40;
37, 276, 8, 825, 343, -28, 144, 1078, 33;
44, 282, 15, 901, 390, 15, 173, 1100, 60;
41, 278, 12, 884, 343, -3, 163, 1084, 48;
43, 277, 13, 903, 333, 2, 169, 1083, 52;
38, 271, 8, 862, 264, -31, 150, 1057, 31;
40, 271, 9, 889, 262, -19, 159, 1060, 38;
40, 270, 9, 894, 239, -22, 159, 1054, 37;
41, 269, 9, 903, 220, -21, 161, 1049, 37;
46, 272, 14, 953, 244, 6, 180, 1062, 55;
41, 266, 9, 917, 181, -21, 163, 1039, 37;
50, 273, 18, 1003, 241, 31, 197, 1067, 70;
47, 269, 15, 979, 192, 12, 187, 1050, 58;
51, 271, 18, 1013, 200, 31, 199, 1057, 70;
43, 262, 10, 945, 108, -16, 170, 1022, 40;
43, 260, 10, 945, 84, -19, 169, 1016, 39;
42, 257, 8, 936, 51, -27, 165, 1006, 34;
41, 255, 8, 932, 24, -31, 163, 998, 31;
47, 260, 13, 988, 58, 4, 186, 1015, 53;
43, 254, 9, 947, -4, -23, 168, 993, 36;
46, 256, 12, 982, 8, 0, 182, 1002, 50;
43, 252, 9, 954, -39, -19, 171, 985, 38;
41, 249, 7, 934, -79, -32, 163, 972, 30;
45, 251, 11, 969, -63, -8, 177, 982, 45;
44, 248, 10, 953, -98, -17, 171, 971, 39;
46, 250, 13, 977, -92, 0, 182, 976, 50;
45, 248, 11, 962, -124, -7, 177, 967, 46;
43, 244, 9, 938, -164, -21, 167, 953, 37;
42, 242, 9, 929, -190, -24, 164, 946, 35;
48, 248, 16, 988, -146, 18, 190, 968, 62;
49, 248, 17, 993, -156, 25, 193, 967, 66;
49, 246, 17, 987, -175, 25, 193, 962, 66;
47, 243, 15, 962, -214, 13, 184, 950, 59;
45, 240, 13, 938, -250, 1, 175, 938, 52;
44, 239, 13, 927, -272, 0, 173, 932, 50;
43, 237, 12, 918, -292, 0, 171, 926, 50;
48, 241, 17, 956, -265, 30, 188, 941, 70;
46, 238, 16, 928, -302, 18, 179, 929, 62;
43, 235, 14, 902, -336, 8, 171, 918, 56;
46, 236, 17, 916, -330, 24, 179, 924, 66;
36, 226, 7, 819, -434, -32, 141, 883, 30;
44, 234, 16, 887, -372, 20, 172, 912, 64;
44, 234, 17, 886, -378, 28, 175, 912, 68;
41, 230, 15, 851, -418, 13, 163, 899, 59;
38, 226, 12, 809, -464, -5, 149, 883, 47;
33, 221, 7, 754, -522, -32, 129, 862, 30;
38, 225, 13, 795, -482, 4, 150, 881, 53;
33, 221, 10, 745, -534, -18, 132, 862, 39;
33, 220, 10, 732, -547, -16, 131, 859, 40;
34, 220, 11, 730, -549, -7, 133, 861, 46;
32, 218, 10, 702, -576, -15, 125, 852, 41;
37, 223, 16, 742, -534, 22, 146, 872, 64;
36, 222, 16, 723, -550, 21, 142, 868, 64;
33, 219, 14, 686, -584, 8, 131, 856, 56;
26, 212, 8, 610, -655, -29, 103, 829, 32;
30, 216, 13, 636, -625, 0, 118, 844, 50;
32, 219, 16, 649, -606, 21, 128, 854, 64;
33, 219, 18, 645, -603, 31, 131, 857, 70;
28, 214, 13, 582, -659, 2, 109, 836, 52;
26, 213, 13, 560, -672, 1, 105, 833, 51;
30, 217, 17, 579, -644, 28, 117, 846, 68;
28, 215, 16, 552, -661, 23, 111, 841, 65;
23, 211, 13, 494, -708, 0, 92, 823, 50;
24, 212, 14, 490, -701, 10, 95, 828, 57;
26, 214, 17, 493, -686, 27, 101, 836, 68;
21, 210, 14, 440, -726, 6, 84, 820, 55;
21, 210, 15, 426, -726, 12, 84, 822, 58;
20, 210, 15, 404, -735, 12, 79, 820, 58;
16, 206, 12, 352, -772, -6, 63, 806, 46;
13, 204, 10, 315, -793, -15, 53, 798, 41;
20, 211, 18, 363, -728, 31, 78, 826, 70;
9, 201, 8, 245, -829, -31, 35, 786, 31;
7, 201, 8, 222, -834, -30, 31, 784, 31;
7, 201, 8, 204, -834, -26, 28, 785, 34;
11, 206, 14, 231, -787, 7, 45, 805, 55;
7, 203, 11, 177, -821, -12, 28, 792, 43;
12, 209, 17, 216, -762, 29, 50, 817, 69;
6, 204, 12, 144, -813, -2, 26, 796, 49;
1, 199, 8, 79, -857, -29, 4, 779, 32;
0, 199, 8, 54, -859, -29, 0, 778, 32;
3, 204, 12, 72, -818, -1, 13, 796, 50;
6, 208, 17, 88, -779, 25, 25, 812, 67;
-1, 201, 10, -4, -848, -19, -7, 784, 39;
1, 206, 15, 18, -801, 12, 7, 803, 58;
-1, 203, 12, -30, -825, -3, -7, 793, 48;
2, 208, 17, -6, -775, 28, 8, 814, 68;
-2, 205, 13, -65, -809, 5, -10, 800, 54;
-1, 207, 16, -70, -787, 18, -6, 808, 62;
-10, 200, 8, -162, -852, -26, -39, 781, 34;
-11, 200, 8, -187, -850, -26, -44, 781, 34;
-7, 205, 13, -169, -804, 1, -30, 800, 52;
-9, 205, 12, -197, -804, 0, -37, 799, 50;
-11, 204, 12, -228, -806, -5, -44, 797, 47;
-8, 208, 15, -217, -766, 18, -34, 813, 62;
-9, 209, 16, -239, -759, 19, -38, 815, 63;
-18, 202, 8, -333, -824, -27, -71, 788, 33;
-13, 208, 14, -298, -759, 11, -51, 813, 58;
-11, 212, 17, -292, -723, 30, -44, 827, 70;
-19, 205, 10, -381, -781, -13, -75, 802, 42;
-19, 207, 11, -396, -765, -7, -76, 807, 46;
-17, 210, 14, -390, -728, 11, -68, 821, 58;
-15, 214, 17, -383, -690, 30, -61, 835, 70;
-22, 208, 11, -462, -738, -6, -88, 814, 46;
-19, 214, 16, -440, -685, 22, -74, 835, 64;
-25, 209, 11, -514, -727, -12, -100, 815, 43;
-25, 211, 12, -522, -703, -3, -98, 824, 48;
-25, 212, 12, -539, -688, -1, -100, 828, 50;
-29, 210, 9, -588, -705, -20, -116, 819, 38;
-29, 212, 11, -595, -680, -11, -115, 827, 43;
-29, 213, 11, -611, -663, -8, -116, 832, 45;
-25, 219, 17, -578, -599, 25, -99, 857, 67;
-35, 211, 8, -683, -671, -31, -138, 825, 31;
-31, 217, 12, -657, -614, -1, -123, 846, 49;
-27, 223, 18, -626, -550, 31, -106, 870, 70;
-34, 217, 11, -708, -600, -11, -136, 847, 43;
-34, 219, 12, -712, -573, -2, -134, 856, 49;
-38, 217, 9, -757, -585, -21, -148, 848, 37;
-30, 226, 17, -697, -494, 29, -120, 884, 69;
-40, 218, 8, -802, -566, -29, -159, 851, 32;
-33, 227, 16, -743, -476, 19, -131, 886, 63;
-38, 224, 12, -794, -496, -4, -149, 875, 48;
-35, 229, 16, -772, -443, 20, -137, 894, 63;
-41, 225, 10, -838, -477, -14, -161, 877, 42;
-40, 227, 12, -838, -446, -5, -158, 887, 47;
-45, 224, 8, -888, -467, -30, -176, 876, 32;
-36, 235, 17, -810, -358, 29, -141, 918, 69;
-38, 235, 16, -835, -352, 21, -148, 917, 64;
-45, 229, 9, -910, -398, -20, -177, 895, 37;
-38, 238, 17, -852, -311, 25, -150, 928, 66;
-41, 237, 14, -884, -314, 10, -161, 924, 57;
-38, 241, 17, -863, -265, 30, -150, 941, 70;
-46, 234, 10, -947, -320, -18, -183, 915, 39;
-49, 233, 7, -976, -321, -32, -193, 911, 30;
-46, 238, 11, -953, -270, -11, -181, 929, 43;
-46, 239, 11, -960, -251, -11, -183, 934, 43;
-49, 238, 8, -992, -256, -28, -194, 928, 33;
-42, 247, 16, -927, -165, 18, -166, 963, 62;
-40, 250, 18, -913, -125, 32, -159, 976, 70;
-43, 249, 15, -940, -127, 17, -169, 972, 61;
-51, 242, 8, -1016, -179, -30, -200, 947, 31;
-48, 246, 10, -995, -133, -14, -190, 963, 42;
-43, 253, 16, -946, -61, 20, -169, 989, 63;
-47, 251, 12, -983, -75, -2, -184, 980, 49;
-43, 256, 16, -949, -18, 21, -169, 1000, 64;
-51, 249, 8, -1025, -73, -28, -201, 974, 33;
-43, 258, 16, -954, 19, 19, -171, 1009, 63;
-45, 258, 14, -971, 22, 7, -178, 1007, 55;
-43, 262, 16, -946, 67, 24, -168, 1022, 66;
-48, 258, 11, -995, 37, -9, -188, 1007, 45;
-46, 261, 13, -977, 74, 1, -181, 1018, 52;
-45, 263, 14, -962, 107, 10, -176, 1029, 57;
-41, 268, 18, -926, 160, 31, -161, 1047, 70;
-45, 265, 13, -965, 137, 3, -179, 1035, 52;
-41, 271, 17, -920, 199, 30, -161, 1057, 70;
-46, 266, 12, -967, 167, -4, -181, 1040, 48;
-46, 267, 11, -967, 181, -7, -183, 1043, 46;
-46, 268, 11, -960, 202, -7, -181, 1048, 46;
-40, 275, 17, -898, 277, 29, -157, 1076, 69;
-40, 277, 17, -891, 297, 29, -156, 1081, 69;
-43, 274, 14, -916, 283, 7, -168, 1072, 55;
-44, 274, 12, -924, 287, -3, -173, 1070, 48;
-40, 279, 16, -879, 341, 19, -157, 1089, 63;
-39, 280, 16, -870, 359, 19, -155, 1094, 63;
-39, 281, 15, -863, 375, 17, -154, 1097, 62;
-42, 279, 12, -880, 366, 0, -164, 1090, 50;
-41, 280, 12, -868, 384, 0, -162, 1095, 50;
-39, 283, 14, -844, 415, 7, -154, 1105, 55;
-45, 278, 8, -888, 376, -30, -176, 1086, 32;
-40, 283, 12, -836, 432, -4, -157, 1106, 48;
-39, 284, 12, -822, 450, -3, -154, 1111, 48;
-33, 291, 17, -759, 517, 29, -131, 1135, 69;
-36, 289, 14, -774, 503, 9, -141, 1127, 56;
-42, 283, 7, -821, 458, -31, -164, 1106, 31;
-40, 285, 8, -797, 482, -26, -157, 1113, 34;
-31, 294, 17, -703, 576, 25, -122, 1149, 66;
-33, 293, 14, -712, 566, 8, -130, 1142, 56;
-38, 288, 8, -750, 526, -27, -149, 1124, 33;
-27, 298, 18, -642, 631, 32, -108, 1165, 71;
-35, 291, 9, -706, 564, -21, -139, 1135, 37;
-35, 291, 9, -692, 573, -24, -137, 1136, 35;
-28, 298, 15, -616, 644, 12, -110, 1163, 59;
-29, 296, 12, -621, 634, -2, -116, 1157, 49;
-27, 298, 13, -591, 657, 4, -108, 1164, 53;
-22, 303, 17, -533, 708, 29, -89, 1183, 69;
-30, 296, 9, -590, 642, -21, -117, 1154, 37;
-25, 300, 12, -539, 684, -1, -100, 1170, 50;
-29, 296, 8, -558, 655, -28, -113, 1155, 33;
-21, 303, 15, -477, 726, 12, -84, 1183, 58;
-18, 305, 16, -438, 753, 23, -73, 1193, 65;
-25, 298, 9, -489, 690, -25, -100, 1165, 35;
-21, 302, 12, -438, 728, -5, -83, 1179, 47;
-23, 299, 8, -449, 704, -27, -93, 1168, 33;
-20, 302, 11, -404, 734, -12, -79, 1179, 42;
-18, 304, 12, -371, 752, -6, -71, 1185, 47;
-19, 302, 9, -368, 740, -19, -75, 1179, 38;
-14, 306, 13, -309, 782, 4, -56, 1195, 53;
-13, 306, 13, -287, 787, 2, -52, 1196, 52;
-12, 307, 13, -264, 792, 2, -48, 1197, 52;
-13, 304, 10, -265, 773, -13, -54, 1188, 42;
-10, 307, 12, -223, 796, -1, -42, 1197, 49;
-4, 312, 18, -148, 850, 31, -16, 1219, 70;
-13, 302, 7, -220, 758, -32, -52, 1180, 30;
-4, 310, 15, -126, 831, 14, -18, 1210, 59;
-4, 309, 14, -114, 822, 5, -19, 1205, 54;
0, 312, 17, -59, 854, 26, -2, 1219, 67;
-1, 311, 15, -50, 840, 15, -4, 1213, 60;
-7, 303, 8, -96, 771, -31, -28, 1184, 31;
0, 309, 14, -13, 830, 7, 0, 1208, 55;
-1, 307, 11, -10, 809, -6, -4, 1199, 46;
0, 307, 11, 10, 805, -9, -1, 1197, 45;
-1, 304, 9, 15, 784, -22, -4, 1189, 36;
2, 307, 12, 68, 812, -3, 11, 1201, 48;
0, 304, 9, 62, 779, -24, 3, 1187, 35;
2, 305, 10, 94, 784, -19, 11, 1190, 39;
11, 312, 17, 188, 851, 27, 44, 1218, 67;
3, 303, 8, 126, 761, -30, 13, 1181, 31;
11, 309, 14, 214, 821, 11, 44, 1207, 58;
12, 309, 15, 241, 819, 13, 49, 1207, 59;
6, 302, 8, 199, 749, -29, 27, 1178, 32;
17, 311, 17, 313, 833, 30, 68, 1214, 69;
15, 308, 14, 310, 800, 11, 61, 1202, 58;
10, 301, 8, 276, 737, -25, 42, 1177, 34;
13, 303, 10, 317, 748, -14, 54, 1182, 42;
21, 309, 17, 402, 802, 26, 84, 1206, 67;
23, 309, 18, 433, 802, 32, 91, 1207, 71;
23, 307, 16, 444, 782, 24, 91, 1200, 66;
25, 308, 17, 474, 781, 29, 98, 1201, 69;
23, 304, 14, 467, 743, 10, 90, 1187, 57;
24, 304, 15, 492, 737, 12, 96, 1186, 58;
27, 305, 16, 529, 742, 23, 106, 1190, 65;
23, 299, 11, 502, 683, -9, 90, 1167, 45;
29, 303, 16, 571, 720, 22, 114, 1184, 65;
30, 303, 16, 593, 710, 23, 118, 1182, 65;
27, 298, 12, 576, 661, 0, 107, 1164, 50;
31, 301, 16, 627, 679, 19, 123, 1173, 63;
30, 297, 13, 622, 643, 3, 117, 1160, 53;
29, 294, 11, 623, 612, -8, 113, 1150, 45;
27, 291, 9, 621, 578, -22, 108, 1138, 37;
27, 289, 8, 629, 553, -29, 107, 1130, 32;
36, 296, 16, 721, 613, 20, 141, 1157, 63;
32, 291, 11, 692, 552, -10, 125, 1134, 44;
31, 288, 9, 694, 523, -20, 122, 1125, 38;
31, 286, 8, 701, 497, -26, 121, 1117, 34;
38, 291, 15, 777, 542, 13, 149, 1138, 59;
39, 291, 15, 800, 533, 17, 155, 1137, 62;
41, 291, 17, 827, 529, 25, 163, 1138, 67;
38, 286, 13, 805, 475, 1, 150, 1118, 51;
37, 283, 11, 798, 437, -12, 144, 1105, 43;
40, 284, 13, 834, 443, 2, 156, 1110, 52;
40, 283, 12, 841, 419, -1, 156, 1103, 49;
44, 286, 16, 892, 440, 24, 174, 1115, 66;
37, 277, 9, 830, 348, -25, 146, 1080, 35;
42, 279, 13, 880, 368, 0, 164, 1091, 51;
42, 278, 13, 891, 350, 1, 166, 1087, 51;
39, 273, 9, 867, 297, -21, 154, 1068, 37;
44, 277, 14, 921, 323, 7, 174, 1082, 55;
41, 272, 10, 891, 264, -18, 159, 1061, 39;
41, 270, 9, 896, 241, -20, 160, 1054, 38;
45, 273, 14, 944, 262, 5, 178, 1066, 54;
45, 271, 13, 947, 238, 2, 177, 1059, 52;
44, 269, 12, 945, 209, -2, 175, 1051, 49;
45, 268, 12, 953, 191, -1, 177, 1047, 49;
42, 264, 9, 929, 141, -21, 165, 1029, 37;
45, 265, 12, 960, 147, -3, 177, 1035, 48;
42, 261, 9, 934, 97, -23, 166, 1018, 36;
42, 259, 9, 937, 75, -24, 166, 1012, 35;
48, 263, 14, 992, 107, 9, 188, 1029, 57;
51, 265, 17, 1025, 117, 30, 201, 1036, 70;
45, 257, 11, 963, 33, -11, 175, 1005, 43;
42, 254, 9, 945, -6, -25, 167, 991, 35;
50, 260, 16, 1016, 42, 21, 196, 1016, 64;
42, 250, 8, 936, -57, -31, 163, 977, 31;
46, 253, 12, 978, -35, -2, 181, 990, 49;
48, 254, 14, 996, -36, 9, 189, 993, 57;
47, 252, 14, 990, -61, 7, 187, 986, 55;
43, 247, 9, 944, -124, -21, 168, 963, 37;
48, 251, 15, 994, -92, 13, 190, 980, 59;
43, 245, 10, 947, -156, -15, 171, 957, 41;
47, 248, 14, 979, -139, 9, 185, 967, 56;
45, 244, 12, 955, -179, -3, 176, 954, 48;
43, 241, 10, 933, -215, -14, 169, 942, 41;
42, 239, 9, 917, -245, -21, 164, 933, 37;
43, 239, 11, 925, -250, -11, 168, 934, 43;
40, 236, 9, 898, -290, -24, 159, 921, 35;
40, 235, 9, 892, -307, -23, 158, 917, 36;
45, 239, 14, 932, -278, 9, 177, 932, 56;
45, 238, 15, 932, -289, 14, 178, 931, 60;
41, 234, 11, 888, -342, -8, 162, 912, 45;
39, 231, 9, 860, -378, -19, 153, 900, 38;
41, 232, 12, 871, -375, -5, 160, 905, 47;
40, 230, 11, 856, -397, -7, 157, 899, 46;
43, 232, 15, 877, -382, 14, 168, 908, 59;
40, 229, 12, 842, -422, 0, 156, 894, 50;
37, 226, 11, 813, -456, -11, 147, 883, 43;
37, 226, 11, 806, -467, -7, 147, 881, 46;
39, 226, 13, 808, -467, 3, 152, 884, 53;
33, 220, 8, 745, -533, -28, 129, 860, 33;
40, 227, 16, 808, -471, 23, 158, 888, 65;
34, 221, 11, 740, -539, -11, 134, 862, 43;
39, 226, 17, 779, -500, 25, 154, 881, 66;
34, 221, 13, 726, -552, 0, 135, 862, 51;
33, 219, 12, 704, -572, -2, 130, 856, 49;
30, 216, 10, 663, -610, -18, 117, 843, 39;
31, 217, 12, 670, -600, -2, 124, 850, 49;
28, 214, 10, 626, -639, -19, 110, 836, 39;
28, 214, 10, 614, -646, -14, 109, 835, 42;
27, 213, 10, 594, -660, -15, 105, 831, 41;
26, 212, 10, 577, -671, -13, 102, 829, 42;
29, 215, 14, 595, -646, 11, 114, 842, 58;
23, 210, 10, 530, -702, -18, 92, 820, 39;
22, 209, 9, 506, -717, -20, 87, 816, 38;
21, 209, 10, 489, -725, -18, 84, 815, 39;
27, 215, 17, 533, -669, 25, 108, 839, 66;
27, 215, 17, 520, -671, 30, 107, 840, 70;
25, 213, 16, 486, -693, 22, 98, 833, 65;
25, 214, 17, 476, -690, 30, 99, 835, 70;
20, 209, 13, 413, -739, 4, 78, 817, 53;
21, 211, 16, 415, -723, 20, 84, 825, 63;
12, 203, 8, 320, -803, -27, 50, 793, 33;
11, 202, 8, 294, -814, -29, 44, 789, 32;
13, 204, 11, 296, -795, -12, 50, 798, 42;
14, 206, 13, 293, -780, 1, 55, 806, 51;
13, 206, 13, 271, -785, 2, 51, 805, 52;
12, 206, 13, 248, -790, 2, 47, 803, 52;
10, 205, 13, 221, -797, 0, 41, 801, 51;
12, 208, 16, 230, -769, 22, 50, 814, 64;
10, 207, 15, 198, -781, 17, 42, 810, 61;
12, 209, 18, 194, -763, 31, 46, 817, 70;
6, 205, 13, 128, -807, 3, 25, 799, 53;
5, 205, 13, 105, -809, 4, 21, 799, 53;
2, 203, 11, 63, -827, -6, 9, 792, 46;
0, 202, 11, 33, -834, -10, 2, 789, 44;
3, 206, 15, 46, -798, 14, 13, 805, 59;
4, 209, 18, 46, -773, 30, 19, 815, 70;
-4, 201, 9, -53, -848, -19, -16, 784, 38;
-1, 204, 13, -42, -811, 4, -6, 799, 53;
-3, 204, 13, -74, -817, 0, -14, 796, 50;
-6, 202, 10, -118, -835, -13, -26, 788, 42;
-6, 204, 12, -124, -814, -1, -23, 797, 50;
-11, 200, 8, -191, -854, -29, -45, 780, 32;
-11, 201, 10, -200, -834, -18, -43, 787, 39;
-7, 206, 14, -182, -788, 9, -30, 806, 56;
-12, 203, 11, -239, -817, -12, -48, 793, 43;
-9, 208, 15, -219, -769, 16, -35, 812, 61;
-8, 210, 17, -226, -747, 27, -32, 821, 68;
-9, 210, 17, -253, -744, 25, -38, 821, 66;
-9, 212, 18, -267, -727, 32, -38, 827, 71;
-20, 202, 8, -379, -810, -27, -80, 791, 34;
-13, 211, 16, -325, -725, 24, -52, 825, 65;
-14, 212, 17, -347, -716, 25, -56, 828, 66;
-21, 207, 11, -422, -760, -9, -82, 808, 44;
-24, 205, 8, -470, -777, -27, -97, 799, 34;
-16, 215, 18, -404, -680, 31, -64, 838, 70;
-26, 206, 9, -512, -756, -25, -104, 805, 35;
-23, 211, 13, -493, -706, 1, -91, 824, 51;
-25, 211, 12, -521, -702, -3, -98, 824, 48;
-29, 208, 8, -577, -726, -26, -116, 812, 34;
-27, 213, 12, -561, -678, -2, -105, 830, 49;
-29, 212, 11, -593, -678, -10, -114, 828, 44;
-31, 212, 10, -624, -677, -17, -122, 827, 40;
-29, 215, 13, -617, -638, 0, -115, 841, 50;
-35, 211, 8, -681, -670, -30, -137, 825, 32;
-26, 222, 17, -611, -567, 29, -104, 866, 69;
-37, 213, 8, -718, -642, -30, -144, 832, 32;
-27, 224, 18, -642, -534, 32, -108, 874, 70;
-35, 218, 11, -725, -585, -11, -139, 851, 43;
-35, 220, 12, -735, -563, -6, -139, 858, 46;
-40, 217, 8, -786, -582, -29, -156, 847, 32;
-38, 220, 10, -778, -543, -13, -150, 861, 42;
-36, 224, 13, -765, -498, 5, -141, 877, 54;
-38, 224, 11, -798, -500, -6, -151, 873, 46;
-37, 226, 13, -799, -469, 2, -148, 883, 52;
-38, 228, 14, -807, -447, 6, -148, 890, 54;
-39, 228, 13, -826, -434, 2, -153, 892, 52;
-42, 227, 10, -865, -443, -14, -166, 886, 41;
-39, 232, 14, -841, -389, 9, -153, 905, 57;
-40, 233, 14, -855, -373, 8, -156, 909, 56;
-46, 228, 8, -921, -409, -28, -181, 891, 33;
-42, 234, 13, -889, -348, 0, -165, 913, 51;
-44, 233, 11, -918, -348, -11, -175, 910, 43;
-40, 240, 16, -877, -278, 21, -156, 936, 64;
-45, 236, 11, -931, -304, -8, -176, 922, 45;
-41, 241, 15, -903, -248, 15, -163, 942, 60;
-48, 236, 9, -966, -284, -20, -187, 924, 38;
-41, 245, 16, -909, -200, 22, -162, 955, 64;
-47, 240, 11, -966, -230, -11, -184, 939, 43;
-48, 241, 10, -978, -217, -15, -187, 942, 41;
-42, 248, 16, -930, -143, 20, -166, 969, 63;
-49, 243, 9, -999, -186, -21, -193, 948, 37;
-42, 251, 16, -936, -98, 22, -166, 981, 65;
-48, 247, 10, -993, -132, -13, -189, 963, 42;
-51, 245, 8, -1020, -135, -28, -200, 959, 33;
-50, 248, 9, -1013, -105, -22, -196, 968, 36;
-48, 251, 11, -994, -64, -8, -188, 981, 45;
-44, 256, 15, -959, -7, 15, -173, 1001, 60;
-48, 254, 12, -992, -19, -6, -187, 993, 47;
-50, 253, 9, -1015, -21, -21, -196, 989, 37;
-49, 255, 10, -1006, 7, -15, -193, 997, 41;
-49, 256, 10, -1009, 23, -18, -194, 1001, 39;
-47, 259, 12, -989, 62, -6, -186, 1013, 47;
-48, 260, 10, -997, 72, -13, -190, 1014, 42;
-51, 258, 8, -1020, 66, -30, -200, 1008, 31;
-49, 261, 9, -1000, 103, -19, -193, 1020, 38;
-50, 261, 8, -1009, 110, -28, -198, 1020, 33;
-47, 265, 11, -977, 157, -11, -186, 1036, 44;
-49, 264, 9, -993, 155, -25, -194, 1032, 35;
-47, 267, 10, -972, 190, -15, -186, 1043, 41;
-46, 270, 11, -954, 222, -7, -180, 1053, 46;
-45, 271, 11, -946, 242, -7, -179, 1058, 46;
-40, 277, 17, -888, 311, 25, -156, 1083, 67;
-39, 279, 17, -881, 329, 25, -155, 1088, 66;
-43, 276, 13, -907, 313, 1, -168, 1078, 51;
-40, 279, 15, -877, 352, 14, -158, 1091, 60;
-43, 277, 11, -900, 338, -7, -170, 1082, 46;
-38, 283, 16, -842, 404, 24, -148, 1106, 66;
-44, 277, 9, -898, 355, -20, -174, 1083, 38;
-43, 280, 10, -876, 383, -13, -168, 1092, 42;
-44, 279, 8, -883, 382, -26, -173, 1088, 34;
-35, 289, 17, -786, 483, 29, -136, 1127, 69;
-38, 285, 13, -814, 459, 1, -151, 1114, 52;
-37, 287, 13, -797, 479, 3, -147, 1120, 53;
-33, 291, 17, -748, 530, 26, -130, 1138, 67;
-36, 289, 13, -770, 509, 2, -142, 1127, 52;
-32, 293, 17, -719, 560, 25, -125, 1145, 66;
-33, 292, 14, -724, 556, 11, -130, 1141, 58;
-31, 294, 16, -694, 584, 20, -122, 1150, 63;
-37, 288, 9, -746, 530, -25, -147, 1125, 35;
-32, 294, 14, -681, 592, 6, -124, 1149, 54;
-35, 291, 10, -700, 570, -18, -136, 1137, 39;
-31, 294, 12, -660, 605, -3, -124, 1149, 48;
-26, 300, 17, -595, 666, 27, -101, 1172, 68;
-27, 299, 15, -593, 661, 15, -105, 1168, 60;
-30, 296, 11, -614, 634, -11, -118, 1155, 44;
-31, 294, 8, -617, 624, -25, -124, 1148, 34;
-24, 301, 14, -539, 693, 12, -96, 1175, 58;
-29, 296, 9, -571, 651, -23, -114, 1156, 36;
-23, 302, 14, -500, 713, 10, -89, 1179, 57;
-24, 300, 12, -502, 701, -4, -95, 1173, 48;
-24, 300, 10, -494, 697, -13, -97, 1170, 42;
-22, 302, 12, -459, 720, -4, -87, 1178, 47;
-23, 300, 10, -458, 708, -18, -91, 1171, 39;
-19, 303, 12, -410, 743, -1, -77, 1184, 49;
-13, 309, 17, -338, 800, 30, -52, 1206, 70;
-18, 303, 11, -372, 751, -6, -71, 1185, 46;
-14, 307, 14, -322, 786, 11, -56, 1198, 57;
-13, 307, 14, -299, 792, 10, -52, 1199, 57;
-11, 308, 15, -269, 805, 15, -45, 1204, 60;
-8, 311, 17, -226, 830, 27, -32, 1213, 68;
-14, 304, 10, -272, 766, -18, -57, 1185, 39;
-12, 304, 10, -243, 776, -15, -50, 1189, 41;
-6, 310, 15, -168, 830, 18, -25, 1211, 62;
-3, 312, 17, -125, 853, 30, -12, 1219, 70;
-7, 307, 12, -153, 804, -3, -29, 1199, 48;
-9, 305, 9, -153, 782, -20, -35, 1189, 38;
-2, 310, 15, -78, 835, 13, -10, 1211, 59;
-8, 303, 8, -118, 773, -29, -32, 1185, 32;
-3, 307, 11, -59, 808, -6, -13, 1199, 46;
-4, 305, 10, -51, 792, -18, -15, 1192, 39;