3, 312, 16, 35, 855, 23, 14, 1218, 65;
0, 307, 11, 10, 805, -9, -1, 1197, 45;
-1, 304, 8, 9, 778, -26, -7, 1187, 34;
4, 309, 14, 84, 827, 6, 18, 1207, 55;
3, 307, 11, 88, 805, -6, 14, 1198, 46;
9, 312, 17, 161, 851, 25, 38, 1218, 66;
2, 303, 8, 107, 769, -27, 10, 1184, 34;
13, 313, 18, 221, 856, 32, 52, 1221, 71;
8, 306, 12, 189, 796, -4, 33, 1196, 48;
8, 304, 10, 196, 775, -15, 31, 1188, 41;
15, 310, 16, 275, 825, 20, 58, 1210, 63;
7, 301, 8, 221, 741, -31, 30, 1176, 31;
10, 302, 9, 258, 748, -22, 40, 1180, 37;
13, 304, 11, 298, 759, -11, 51, 1185, 43;
15, 304, 12, 331, 762, -4, 60, 1188, 48;
15, 303, 11, 349, 749, -8, 62, 1184, 45;
16, 302, 11, 369, 738, -10, 65, 1181, 44;
21, 305, 15, 425, 764, 12, 83, 1193, 58;
20, 303, 13, 431, 738, 1, 80, 1184, 51;
23, 304, 14, 467, 743, 10, 90, 1187, 57;
25, 304, 15, 497, 742, 15, 98, 1188, 60;
20, 297, 9, 461, 674, -22, 78, 1162, 36;
26, 302, 14, 529, 710, 8, 101, 1178, 56;
29, 303, 16, 570, 719, 22, 113, 1184, 64;
29, 302, 16, 588, 705, 20, 116, 1180, 63;
31, 302, 16, 613, 698, 23, 122, 1179, 65;
30, 299, 15, 616, 669, 12, 119, 1169, 58;
28, 295, 11, 604, 625, -8, 109, 1153, 45;
33, 299, 16, 669, 657, 21, 132, 1169, 64;
35, 299, 16, 691, 647, 24, 137, 1167, 66;
32, 294, 13, 674, 599, 1, 126, 1149, 51;
36, 297, 16, 724, 616, 22, 142, 1158, 64;
32, 291, 11, 692, 552, -10, 125, 1134, 44;
29, 287, 8, 681, 509, -29, 116, 1119, 32;
37, 293, 15, 764, 560, 14, 147, 1143, 60;
34, 288, 11, 745, 510, -7, 136, 1125, 46;
33, 284, 9, 735, 468, -24, 128, 1110, 35;
33, 282, 8, 744, 446, -29, 128, 1103, 32;
42, 290, 17, 843, 513, 26, 166, 1134, 67;
34, 281, 8, 775, 415, -27, 135, 1096, 33;
43, 288, 16, 867, 475, 24, 170, 1124, 66;
35, 278, 7, 795, 373, -31, 137, 1085, 31;
36, 277, 8, 814, 362, -27, 142, 1083, 33;
40, 279, 11, 857, 375, -6, 157, 1091, 46;
38, 275, 9, 842, 331, -24, 148, 1076, 35;
41, 277, 12, 882, 341, -4, 162, 1083, 47;
44, 278, 14, 909, 339, 6, 171, 1086, 54;
48, 281, 18, 956, 357, 30, 189, 1096, 70;
39, 270, 8, 876, 249, -28, 153, 1055, 33;
46, 275, 14, 943, 288, 10, 179, 1074, 57;
47, 274, 15, 957, 275, 14, 183, 1072, 59;
48, 274, 16, 972, 263, 20, 188, 1070, 63;
40, 265, 8, 906, 170, -28, 159, 1035, 33;
50, 273, 17, 999, 237, 28, 196, 1066, 68;
46, 267, 13, 962, 175, 1, 179, 1043, 51;
44, 264, 11, 952, 139, -9, 174, 1032, 45;
46, 264, 12, 968, 131, -1, 180, 1032, 50;
42, 259, 8, 933, 71, -27, 164, 1011, 33;
43, 259, 9, 946, 61, -20, 169, 1010, 38;
46, 260, 12, 974, 66, -3, 180, 1015, 48;
50, 263, 16, 1015, 85, 22, 197, 1026, 64;
48, 259, 14, 992, 40, 6, 187, 1011, 55;
49, 259, 15, 1010, 37, 18, 194, 1013, 62;
44, 252, 10, 955, -38, -18, 171, 985, 39;
45, 252, 11, 966, -46, -10, 176, 985, 44;
49, 255, 15, 1005, -27, 16, 193, 997, 60;
45, 250, 11, 966, -85, -9, 177, 976, 45;
47, 250, 13, 981, -88, 2, 183, 978, 52;
48, 251, 15, 992, -94, 12, 189, 979, 58;
43, 244, 9, 941, -162, -19, 169, 954, 38;
47, 247, 13, 974, -144, 5, 183, 965, 54;
40, 240, 7, 913, -221, -31, 159, 936, 31;
47, 245, 14, 970, -179, 9, 184, 957, 56;
40, 238, 8, 907, -255, -27, 159, 929, 33;
44, 240, 12, 936, -239, -3, 173, 939, 48;
44, 240, 13, 936, -252, 0, 174, 937, 51;
39, 234, 8, 881, -318, -30, 154, 913, 32;
39, 233, 8, 880, -330, -25, 155, 911, 35;
47, 240, 17, 951, -269, 27, 186, 939, 68;
45, 237, 15, 921, -308, 14, 176, 926, 59;
41, 232, 11, 878, -360, -7, 161, 908, 46;
46, 237, 17, 918, -328, 26, 180, 924, 67;
44, 234, 15, 892, -361, 16, 171, 914, 61;
44, 234, 16, 889, -370, 22, 173, 913, 64;
44, 233, 17, 883, -381, 26, 173, 911, 67;
34, 223, 8, 785, -483, -29, 136, 872, 32;
37, 225, 11, 797, -475, -12, 144, 878, 42;
35, 223, 10, 779, -496, -15, 140, 872, 41;
42, 230, 18, 837, -441, 32, 167, 898, 71;
34, 222, 11, 754, -525, -12, 136, 866, 43;
40, 227, 17, 802, -478, 29, 159, 888, 69;
33, 220, 11, 725, -554, -11, 131, 859, 44;
35, 221, 13, 728, -550, 2, 136, 863, 52;
34, 220, 13, 712, -564, 2, 133, 860, 52;
29, 216, 9, 661, -612, -19, 116, 842, 38;
27, 213, 8, 629, -641, -29, 107, 833, 32;
29, 215, 11, 637, -628, -11, 115, 840, 43;
31, 217, 14, 646, -614, 7, 123, 848, 55;
25, 211, 9, 580, -674, -24, 99, 826, 35;
30, 217, 15, 619, -629, 14, 120, 847, 59;
29, 215, 14, 594, -647, 10, 114, 841, 57;
28, 215, 14, 575, -657, 11, 111, 839, 58;
21, 208, 8, 494, -728, -28, 82, 811, 33;
24, 211, 12, 511, -702, -3, 94, 824, 48;
27, 215, 16, 531, -672, 23, 107, 838, 65;
20, 208, 10, 453, -738, -13, 80, 813, 42;
17, 205, 8, 409, -770, -28, 66, 801, 33;
15, 204, 8, 383, -784, -31, 60, 797, 31;
20, 209, 13, 412, -740, 3, 78, 816, 53;
21, 211, 16, 414, -724, 19, 84, 824, 63;
16, 206, 11, 350, -773, -7, 62, 805, 46;
12, 203, 9, 307, -801, -21, 50, 795, 37;
12, 204, 10, 295, -796, -13, 50, 798, 42;
13, 205, 12, 283, -791, -5, 51, 801, 47;
14, 207, 14, 284, -772, 10, 56, 810, 57;
10, 204, 12, 234, -803, -6, 41, 798, 46;
11, 206, 14, 230, -788, 6, 45, 805, 55;
5, 200, 8, 156, -842, -26, 20, 783, 34;
10, 207, 15, 195, -784, 15, 41, 808, 60;
6, 203, 12, 138, -819, -6, 23, 794, 47;
4, 202, 11, 106, -830, -11, 15, 790, 43;
8, 207, 16, 131, -782, 21, 32, 810, 64;
-1, 199, 8, 28, -862, -30, -4, 777, 32;
-2, 199, 8, 2, -865, -31, -10, 776, 31;
-3, 199, 8, -19, -863, -29, -13, 777, 32;
-4, 199, 8, -45, -865, -30, -18, 777, 32;
2, 207, 16, 11, -783, 23, 10, 811, 65;
-3, 202, 11, -64, -833, -10, -15, 790, 44;
1, 209, 17, -29, -772, 29, 4, 815, 69;
-3, 205, 14, -84, -801, 9, -12, 803, 56;
-1, 208, 17, -83, -773, 26, -6, 814, 67;
-10, 201, 9, -180, -842, -21, -40, 785, 37;
-12, 200, 8, -215, -850, -28, -50, 781, 33;
-14, 200, 7, -244, -851, -32, -56, 780, 31;
-13, 202, 10, -249, -827, -19, -53, 789, 39;
-6, 210, 17, -198, -748, 30, -26, 821, 70;
-14, 204, 11, -284, -804, -10, -56, 797, 44;
-16, 203, 10, -316, -807, -16, -64, 795, 40;
-20, 201, 7, -363, -824, -31, -78, 787, 31;
-14, 208, 14, -325, -756, 8, -57, 814, 56;
-20, 204, 9, -395, -795, -22, -81, 796, 37;
-17, 208, 13, -378, -747, 4, -69, 815, 53;
-17, 210, 15, -388, -726, 12, -68, 822, 58;
-23, 206, 10, -457, -764, -18, -91, 805, 39;
-17, 214, 17, -411, -687, 26, -67, 835, 67;
-23, 209, 11, -486, -730, -8, -93, 816, 45;
-26, 208, 10, -518, -731, -15, -102, 814, 41;
-28, 207, 9, -554, -735, -25, -112, 810, 35;
-24, 213, 14, -528, -677, 6, -96, 832, 54;
-31, 208, 8, -602, -719, -29, -122, 813, 32;
-29, 212, 11, -591, -676, -9, -113, 829, 45;
-32, 210, 8, -639, -692, -27, -128, 820, 33;
-25, 219, 16, -582, -602, 23, -100, 855, 65;
-28, 218, 14, -619, -607, 11, -111, 851, 58;
-27, 220, 16, -622, -579, 21, -108, 861, 64;
-28, 222, 17, -634, -558, 26, -109, 867, 67;
-31, 220, 14, -677, -569, 8, -123, 860, 56;
-37, 216, 9, -739, -599, -20, -145, 845, 38;
-39, 216, 8, -772, -600, -31, -154, 842, 31;
-35, 221, 12, -744, -540, -1, -139, 865, 49;
-37, 221, 11, -768, -532, -7, -145, 865, 46;
-33, 228, 17, -736, -469, 24, -128, 889, 66;
-38, 224, 12, -797, -499, -6, -150, 874, 47;
-33, 231, 17, -757, -427, 30, -130, 901, 69;
-39, 226, 12, -819, -459, -1, -153, 885, 49;
-36, 231, 16, -801, -410, 19, -142, 902, 62;
-36, 233, 16, -808, -386, 23, -142, 909, 65;
-45, 226, 8, -899, -447, -28, -177, 881, 32;
-37, 235, 17, -829, -347, 25, -145, 919, 66;
-43, 231, 12, -888, -377, -6, -168, 904, 46;
-43, 232, 11, -902, -361, -8, -171, 908, 45;
-42, 236, 13, -893, -323, 4, -165, 920, 53;
-45, 234, 11, -926, -327, -10, -176, 915, 44;
-38, 242, 18, -870, -243, 32, -151, 947, 70;
-41, 242, 16, -896, -242, 20, -160, 944, 63;
-48, 236, 9, -972, -290, -24, -189, 921, 35;
-46, 239, 11, -957, -248, -10, -182, 935, 44;
-41, 246, 16, -915, -179, 22, -163, 960, 65;
-48, 241, 10, -980, -219, -16, -188, 941, 40;
-41, 249, 17, -919, -131, 27, -161, 974, 68;
-44, 248, 15, -945, -133, 13, -171, 970, 59;
-47, 246, 11, -982, -145, -7, -185, 961, 46;
-46, 249, 13, -972, -111, 1, -181, 972, 51;
-43, 254, 16, -943, -58, 22, -168, 991, 65;
-43, 255, 16, -944, -36, 23, -167, 996, 65;
-48, 251, 11, -993, -63, -7, -187, 982, 46;
-49, 252, 11, -1002, -50, -12, -191, 984, 42;
-46, 256, 13, -980, -7, 2, -182, 998, 52;
-43, 260, 16, -949, 44, 22, -169, 1016, 64;
-42, 263, 17, -936, 76, 30, -164, 1026, 70;
-46, 260, 13, -976, 56, 3, -180, 1015, 53;
-47, 260, 12, -988, 63, -5, -186, 1014, 47;
-43, 265, 16, -946, 123, 20, -169, 1035, 63;
-46, 263, 13, -972, 114, 1, -180, 1028, 51;
-49, 262, 10, -996, 107, -17, -191, 1022, 40;
-50, 262, 8, -1004, 115, -25, -196, 1022, 34;
-46, 266, 12, -970, 164, -5, -183, 1039, 47;
-49, 265, 9, -990, 159, -23, -192, 1033, 36;
-43, 271, 14, -933, 230, 10, -170, 1059, 57;
-44, 271, 13, -939, 237, 2, -174, 1059, 52;
-39, 277, 18, -886, 302, 32, -154, 1083, 71;
-44, 273, 13, -926, 274, 0, -172, 1068, 51;
-42, 276, 14, -904, 306, 9, -165, 1078, 56;
-42, 277, 13, -901, 319, 5, -166, 1080, 54;
-38, 281, 17, -861, 369, 26, -151, 1098, 67;
-38, 283, 17, -848, 390, 27, -148, 1104, 68;
-45, 276, 9, -915, 331, -23, -178, 1076, 36;
-46, 276, 8, -913, 340, -30, -180, 1077, 32;
-42, 280, 11, -873, 386, -11, -166, 1093, 43;
-40, 283, 12, -845, 419, -1, -158, 1103, 49;
-38, 285, 14, -817, 452, 8, -149, 1114, 56;
-39, 284, 12, -824, 448, -5, -155, 1110, 47;
-36, 288, 15, -784, 492, 12, -142, 1125, 58;
-36, 288, 14, -776, 502, 7, -142, 1126, 55;
-39, 285, 10, -800, 479, -17, -155, 1114, 39;
-37, 288, 11, -771, 508, -9, -147, 1124, 45;
-32, 293, 16, -711, 568, 19, -125, 1146, 63;
-34, 291, 12, -726, 551, -1, -135, 1137, 50;
-32, 294, 14, -692, 584, 10, -125, 1148, 57;
-35, 290, 10, -718, 556, -18, -140, 1133, 39;
-27, 298, 17, -633, 637, 26, -109, 1165, 67;
-32, 294, 12, -664, 602, -6, -126, 1148, 47;
-31, 295, 12, -645, 616, -5, -122, 1151, 47;
-31, 294, 10, -640, 614, -15, -124, 1149, 41;
-27, 299, 14, -584, 664, 8, -106, 1167, 56;
-32, 293, 7, -626, 614, -32, -127, 1144, 30;
-27, 298, 11, -570, 662, -8, -109, 1162, 45;
-25, 300, 13, -537, 686, 0, -100, 1170, 50;
-25, 299, 12, -526, 687, -6, -100, 1169, 46;
-19, 305, 16, -459, 744, 23, -77, 1191, 65;
-20, 304, 15, -453, 738, 13, -79, 1187, 59;
-16, 307, 17, -405, 774, 30, -65, 1200, 70;
-17, 306, 16, -399, 767, 20, -67, 1196, 63;
-22, 301, 10, -434, 718, -18, -87, 1174, 39;
-15, 307, 15, -360, 778, 16, -61, 1197, 60;
-18, 304, 12, -369, 754, -4, -70, 1186, 47;
-18, 303, 10, -361, 746, -15, -72, 1181, 41;
-16, 304, 11, -327, 764, -7, -63, 1188, 46;
-10, 309, 16, -257, 817, 22, -40, 1208, 65;
-11, 307, 14, -258, 798, 6, -46, 1200, 55;
-8, 309, 16, -216, 821, 18, -34, 1208, 62;
-12, 305, 11, -235, 783, -9, -47, 1192, 44;
-9, 307, 12, -198, 800, -1, -37, 1198, 49;
-11, 304, 9, -205, 773, -22, -45, 1187, 37;
-11, 303, 8, -189, 769, -27, -44, 1184, 33;
-10, 303, 8, -165, 770, -28, -40, 1184, 33;
-1, 311, 16, -68, 845, 19, -6, 1215, 63;
-2, 309, 13, -65, 825, 5, -10, 1206, 54;
0, 311, 16, -20, 847, 19, 2, 1215, 63;
0, 310, 15, -5, 839, 13, 3, 1211, 59;
-1, 306, 11, -17, 802, -11, -7, 1196, 43;
-2, 305, 9, -9, 785, -22, -9, 1189, 36;
6, 312, 16, 84, 853, 23, 23, 1217, 65;
4, 309, 14, 83, 826, 6, 17, 1207, 54;
9, 313, 17, 143, 860, 29, 36, 1221, 69;
3, 306, 10, 102, 792, -13, 14, 1193, 42;
12, 313, 18, 196, 858, 32, 47, 1221, 71;
8, 307, 12, 170, 805, -1, 31, 1199, 50;
6, 304, 9, 167, 774, -19, 24, 1187, 38;
10, 307, 12, 218, 796, -1, 40, 1197, 50;
12, 308, 14, 256, 805, 7, 50, 1202, 55;
9, 303, 9, 233, 753, -23, 35, 1181, 36;
14, 307, 13, 300, 790, 5, 57, 1198, 54;
20, 310, 18, 362, 823, 31, 78, 1212, 70;
13, 302, 10, 314, 745, -16, 53, 1181, 40;
12, 300, 8, 318, 718, -29, 49, 1171, 32;
21, 307, 15, 410, 779, 17, 82, 1198, 61;
22, 307, 16, 437, 776, 20, 88, 1198, 63;
21, 304, 13, 436, 744, 4, 83, 1186, 53;
20, 301, 11, 441, 717, -6, 80, 1176, 46;
25, 305, 15, 501, 745, 18, 99, 1190, 62;
27, 305, 16, 531, 744, 24, 107, 1191, 65;
28, 304, 16, 552, 733, 24, 111, 1188, 65;
22, 296, 9, 506, 655, -20, 87, 1157, 38;
23, 296, 10, 529, 646, -18, 92, 1156, 39;
29, 300, 14, 592, 677, 9, 113, 1170, 56;
31, 300, 16, 626, 679, 18, 123, 1173, 62;
32, 299, 15, 641, 662, 16, 125, 1168, 61;
30, 295, 12, 633, 621, -2, 117, 1154, 49;
29, 293, 11, 636, 592, -12, 114, 1144, 43;
28, 290, 8, 634, 558, -26, 109, 1132, 34;
29, 289, 9, 653, 545, -25, 113, 1129, 35;
32, 290, 11, 691, 551, -11, 125, 1134, 43;
30, 287, 9, 687, 515, -25, 119, 1122, 35;
38, 294, 16, 773, 569, 21, 151, 1147, 64;
32, 285, 8, 718, 482, -26, 124, 1113, 34;
36, 288, 12, 769, 502, -2, 142, 1124, 49;
36, 286, 11, 776, 477, -8, 141, 1116, 45;
40, 289, 15, 826, 496, 15, 159, 1127, 60;
44, 290, 18, 863, 502, 30, 171, 1132, 70;
43, 288, 17, 869, 478, 26, 171, 1125, 67;
43, 286, 16, 874, 452, 20, 170, 1117, 63;
39, 280, 11, 843, 391, -8, 154, 1095, 45;
39, 278, 10, 847, 365, -13, 153, 1087, 42;
43, 281, 14, 890, 379, 7, 168, 1096, 55;
42, 278, 12, 887, 346, -1, 165, 1085, 50;
39, 273, 9, 864, 294, -23, 153, 1067, 36;
40, 273, 10, 884, 285, -17, 159, 1066, 40;
48, 279, 17, 965, 338, 30, 190, 1091, 70;
39, 269, 8, 883, 228, -29, 154, 1049, 32;
46, 274, 14, 950, 268, 10, 180, 1069, 57;
49, 275, 17, 986, 276, 28, 193, 1076, 68;
50, 275, 18, 998, 262, 32, 197, 1073, 71;
46, 269, 13, 959, 197, 2, 179, 1049, 52;
42, 264, 9, 930, 142, -20, 166, 1030, 38;
45, 265, 12, 961, 148, -3, 178, 1036, 48;
43, 261, 10, 942, 104, -19, 169, 1021, 39;
47, 264, 13, 980, 119, 4, 184, 1030, 53;
46, 261, 12, 972, 87, -3, 180, 1021, 48;
44, 258, 10, 955, 47, -16, 172, 1007, 40;
49, 262, 16, 1009, 79, 18, 194, 1024, 62;
44, 255, 10, 955, 3, -18, 171, 996, 39;
48, 258, 14, 997, 23, 9, 189, 1008, 56;
48, 257, 14, 997, 3, 9, 189, 1003, 56;
44, 252, 10, 961, -52, -14, 174, 983, 42;
51, 257, 17, 1023, -10, 27, 200, 1004, 68;
45, 250, 11, 965, -86, -9, 176, 976, 44;
47, 251, 13, 982, -86, 3, 184, 979, 53;
45, 247, 11, 960, -126, -9, 175, 966, 45;
42, 244, 9, 936, -167, -22, 166, 952, 36;
44, 244, 10, 946, -173, -13, 171, 953, 42;
49, 248, 16, 991, -143, 19, 191, 969, 63;
49, 247, 16, 991, -157, 24, 193, 966, 65;
46, 243, 13, 957, -206, 5, 180, 950, 54;
40, 236, 8, 897, -278, -30, 157, 923, 32;
43, 239, 12, 927, -260, -5, 171, 933, 47;
39, 234, 8, 885, -315, -28, 155, 914, 33;
48, 242, 17, 960, -251, 27, 188, 944, 68;
44, 237, 13, 918, -303, 5, 173, 925, 54;
44, 236, 14, 914, -316, 9, 173, 923, 56;
39, 230, 9, 858, -380, -21, 152, 899, 37;
42, 233, 13, 884, -362, 3, 166, 910, 53;
40, 231, 12, 861, -392, -4, 159, 901, 48;
40, 230, 13, 855, -403, 0, 159, 899, 50;
42, 231, 15, 863, -401, 13, 165, 903, 59;
37, 226, 10, 810, -459, -13, 146, 882, 42;
35, 223, 9, 782, -490, -22, 138, 872, 36;
34, 222, 9, 768, -508, -23, 135, 867, 36;
40, 228, 16, 818, -460, 19, 159, 890, 63;
33, 220, 9, 737, -541, -23, 129, 859, 36;
31, 218, 8, 714, -565, -28, 123, 852, 32;
38, 224, 15, 768, -511, 17, 149, 877, 62;
30, 217, 9, 688, -589, -24, 120, 847, 35;
29, 215, 8, 666, -610, -27, 114, 841, 33;
33, 219, 13, 698, -575, 4, 131, 857, 53;
33, 219, 14, 687, -583, 9, 131, 857, 56;
33, 219, 14, 672, -593, 11, 129, 855, 58;
33, 219, 16, 665, -595, 19, 130, 856, 63;
32, 218, 15, 640, -614, 15, 124, 851, 60;
24, 210, 8, 559, -689, -25, 95, 822, 34;
25, 212, 11, 560, -680, -11, 100, 827, 43;
25, 211, 11, 543, -689, -9, 97, 825, 44;
21, 208, 8, 498, -725, -25, 84, 813, 34;
24, 211, 12, 510, -703, -4, 93, 823, 48;
24, 211, 13, 501, -702, 4, 94, 826, 53;
27, 215, 18, 522, -669, 32, 108, 841, 70;
20, 208, 11, 441, -738, -7, 79, 814, 46;
18, 207, 10, 409, -757, -13, 71, 808, 42;
14, 203, 8, 362, -791, -30, 57, 795, 32;
20, 210, 15, 406, -732, 14, 80, 821, 59;
22, 212, 18, 409, -714, 31, 87, 830, 70;
19, 211, 16, 373, -734, 23, 77, 823, 65;
16, 208, 14, 327, -764, 7, 63, 811, 55;
11, 204, 10, 271, -803, -14, 45, 796, 42;
13, 206, 13, 274, -782, 3, 52, 806, 53;
11, 205, 13, 244, -794, 0, 45, 802, 50;
11, 206, 13, 227, -792, 4, 43, 804, 53;
7, 203, 10, 176, -823, -13, 28, 791, 42;
4, 201, 9, 136, -843, -24, 17, 784, 36;
6, 203, 12, 140, -817, -4, 24, 795, 47;
2, 201, 9, 90, -846, -21, 9, 784, 37;
2, 202, 10, 77, -837, -14, 9, 788, 42;
7, 208, 17, 112, -779, 25, 29, 812, 66;
4, 206, 15, 68, -799, 12, 17, 804, 58;
3, 206, 15, 45, -798, 13, 13, 804, 59;
0, 204, 13, 1, -817, 1, 0, 796, 51;
-3, 201, 10, -50, -845, -17, -15, 785, 40;
0, 206, 15, -26, -795, 15, 0, 805, 60;
-2, 205, 14, -63, -806, 7, -9, 801, 55;
0, 208, 17, -59, -775, 26, -2, 813, 67;
-3, 207, 15, -96, -785, 18, -11, 809, 62;
-9, 201, 10, -175, -837, -18, -38, 787, 39;
-4, 208, 16, -135, -770, 24, -16, 814, 66;
-11, 203, 11, -214, -821, -12, -44, 792, 43;
-10, 205, 13, -216, -794, 2, -39, 803, 52;
-6, 210, 17, -198, -747, 30, -26, 821, 70;
-10, 208, 15, -248, -768, 13, -41, 812, 59;
-16, 204, 10, -312, -802, -13, -62, 796, 42;
-16, 205, 11, -326, -786, -6, -63, 802, 46;
-12, 211, 17, -301, -731, 25, -47, 824, 66;
-16, 208, 14, -352, -752, 6, -63, 814, 54;
-19, 207, 12, -390, -760, -3, -74, 809, 48;
-22, 205, 9, -437, -776, -20, -88, 801, 38;
-21, 208, 12, -436, -743, -4, -82, 813, 48;
-23, 207, 10, -471, -747, -13, -92, 810, 42;
-27, 205, 8, -520, -764, -30, -107, 802, 31;
-22, 212, 14, -483, -695, 8, -87, 828, 56;
-24, 212, 13, -510, -691, 4, -93, 829, 53;
-25, 212, 13, -535, -684, 1, -99, 830, 51;
-27, 212, 11, -569, -686, -7, -108, 827, 46;
-31, 209, 8, -619, -704, -27, -124, 818, 34;
-25, 218, 16, -568, -621, 19, -99, 850, 63;
-28, 217, 14, -603, -623, 9, -109, 847, 56;
-25, 221, 17, -591, -580, 29, -100, 863, 69;
-34, 214, 10, -681, -637, -17, -132, 837, 40;
-27, 222, 17, -629, -553, 29, -107, 869, 69;
-31, 221, 15, -672, -565, 12, -121, 862, 58;
-33, 220, 13, -708, -568, 0, -132, 858, 50;
-34, 221, 13, -723, -551, 1, -134, 863, 51;
-30, 226, 17, -697, -494, 29, -120, 884, 69;
-41, 218, 8, -802, -567, -29, -159, 851, 32;
-41, 219, 8, -814, -547, -27, -161, 857, 33;
-34, 228, 16, -756, -458, 21, -133, 891, 64;
-38, 225, 12, -805, -476, -1, -150, 881, 49;
-34, 231, 17, -775, -414, 27, -135, 903, 68;
-37, 230, 14, -813, -421, 11, -147, 897, 58;
-43, 226, 9, -873, -452, -20, -169, 882, 38;
-43, 227, 10, -882, -430, -18, -170, 888, 39;
-42, 230, 11, -878, -396, -6, -166, 899, 46;
-40, 234, 14, -868, -356, 7, -159, 912, 55;
-42, 233, 12, -893, -352, -2, -167, 911, 49;
-40, 238, 16, -871, -301, 19, -156, 929, 62;
-39, 240, 17, -871, -272, 25, -153, 938, 67;
-43, 238, 13, -914, -287, 3, -169, 929, 53;
-48, 235, 9, -962, -307, -23, -187, 917, 36;
-44, 240, 12, -936, -254, 0, -175, 936, 50;
-44, 242, 13, -935, -226, 5, -172, 945, 54;
-49, 239, 9, -984, -248, -22, -191, 932, 36;
-40, 249, 18, -908, -146, 31, -158, 971, 70;
-48, 242, 10, -985, -198, -16, -189, 946, 40;
-48, 244, 10, -989, -176, -15, -189, 952, 41;
-50, 244, 9, -1005, -168, -23, -195, 952, 36;
-46, 249, 13, -968, -107, 3, -179, 974, 53;
-44, 253, 15, -953, -68, 16, -172, 986, 60;
-43, 255, 16, -944, -36, 23, -168, 996, 65;
-44, 255, 15, -959, -28, 15, -173, 996, 60;
-43, 258, 16, -948, 3, 22, -169, 1006, 65;
-44, 258, 15, -960, 12, 15, -173, 1006, 60;
-45, 258, 14, -972, 21, 7, -178, 1007, 55;
-51, 254, 8, -1024, -10, -27, -200, 990, 33;
-45, 261, 14, -969, 63, 8, -177, 1017, 56;
-49, 258, 10, -1004, 46, -16, -193, 1007, 40;
-51, 257, 8, -1020, 49, -28, -200, 1005, 33;
-51, 258, 8, -1018, 68, -29, -200, 1009, 32;
-51, 260, 8, -1013, 89, -28, -199, 1015, 32;
-47, 264, 11, -977, 142, -7, -185, 1033, 46;
-45, 267, 13, -956, 178, 3, -177, 1045, 52;
-50, 263, 7, -1003, 145, -32, -198, 1028, 31;
-48, 266, 9, -982, 180, -22, -190, 1039, 37;
-41, 275, 16, -906, 270, 24, -160, 1073, 66;
-46, 270, 11, -954, 234, -12, -182, 1055, 43;
-49, 268, 8, -973, 227, -30, -191, 1048, 32;
-39, 279, 17, -874, 336, 29, -153, 1091, 69;
-40, 278, 15, -886, 335, 15, -159, 1087, 60;
-41, 279, 15, -880, 349, 12, -159, 1090, 58;
-39, 281, 16, -861, 377, 19, -154, 1098, 62;
-38, 283, 16, -848, 397, 20, -151, 1103, 63;
-38, 283, 15, -840, 413, 18, -150, 1107, 62;
-37, 285, 16, -826, 433, 19, -147, 1112, 63;
-35, 287, 17, -802, 462, 27, -140, 1121, 68;
-42, 281, 10, -856, 413, -17, -165, 1098, 40;
-42, 282, 10, -845, 427, -18, -164, 1101, 39;
-33, 291, 18, -754, 521, 32, -129, 1137, 70;
-32, 292, 18, -741, 537, 31, -127, 1141, 70;
-34, 291, 15, -748, 531, 16, -134, 1136, 61;
-38, 287, 10, -778, 502, -13, -149, 1121, 42;
-37, 288, 10, -761, 518, -13, -146, 1125, 42;
-38, 287, 9, -762, 515, -25, -150, 1122, 35;
-33, 292, 13, -706, 570, 1, -131, 1142, 51;
-28, 298, 17, -645, 629, 30, -109, 1164, 70;
-34, 292, 10, -696, 574, -15, -135, 1139, 41;
-32, 293, 11, -668, 598, -8, -127, 1146, 45;
-31, 294, 11, -648, 612, -8, -123, 1150, 45;
-30, 295, 11, -628, 626, -7, -119, 1154, 46;
-29, 296, 12, -607, 640, -6, -115, 1157, 46;
-24, 301, 16, -549, 692, 19, -95, 1176, 62;
-24, 301, 14, -542, 690, 10, -97, 1174, 57;
-23, 302, 15, -513, 709, 15, -90, 1180, 60;
-25, 299, 12, -526, 687, -6, -100, 1169, 46;
-25, 299, 10, -516, 686, -14, -101, 1167, 42;
-17, 307, 17, -428, 763, 30, -69, 1197, 69;
-22, 301, 11, -462, 717, -7, -88, 1176, 46;
-19, 304, 13, -422, 744, 5, -76, 1186, 54;
-18, 304, 13, -402, 751, 3, -73, 1187, 53;
-19, 303, 12, -392, 746, -5, -75, 1184, 47;
-20, 302, 10, -387, 736, -17, -78, 1178, 40;
-12, 309, 16, -304, 804, 23, -48, 1205, 65;
-13, 307, 15, -296, 795, 12, -50, 1201, 59;
-18, 301, 8, -337, 737, -30, -73, 1175, 32;
-14, 305, 11, -282, 774, -9, -55, 1190, 45;
-8, 309, 15, -217, 821, 18, -34, 1208, 62;
-13, 304, 9, -250, 769, -19, -53, 1186, 38;
-13, 303, 9, -233, 765, -24, -52, 1184, 35;
-11, 304, 9, -204, 775, -21, -45, 1187, 37;
-4, 310, 15, -124, 833, 15, -17, 1211, 60;
-5, 309, 13, -116, 820, 4, -20, 1205, 53;
-8, 304, 9, -132, 782, -22, -32, 1188, 37;
-7, 304, 9, -108, 782, -22, -28, 1189, 36;
-5, 305, 9, -80, 787, -21, -22, 1190, 37;
3, 313, 17, 18, 862, 28, 13, 1221, 68;
0, 308, 12, -4, 815, -3, -1, 1201, 49;
0, 306, 11, 5, 800, -12, -3, 1195, 43;
3, 309, 14, 58, 827, 5, 12, 1207, 54;
0, 305, 9, 41, 784, -21, 0, 1189, 37;
3, 307, 11, 86, 803, -7, 13, 1197, 46;
2, 304, 9, 92, 782, -20, 10, 1189, 38;
9, 310, 15, 167, 830, 13, 35, 1209, 59;
4, 304, 9, 137, 772, -22, 17, 1186, 36;
13, 311, 17, 233, 840, 24, 52, 1215, 66;
10, 307, 13, 222, 800, 1, 42, 1199, 51;
13, 308, 14, 259, 808, 9, 51, 1203, 57;
14, 308, 14, 280, 800, 8, 55, 1201, 56;
9, 301, 8, 246, 737, -30, 35, 1175, 32;
16, 306, 14, 324, 785, 5, 62, 1196, 54;
20, 309, 16, 375, 805, 24, 78, 1206, 65;
13, 300, 8, 323, 723, -25, 51, 1173, 35;
13, 299, 8, 338, 708, -30, 52, 1168, 31;
22, 306, 15, 432, 771, 16, 86, 1196, 61;
22, 305, 15, 451, 758, 14, 89, 1192, 59;
24, 305, 16, 480, 756, 18, 96, 1192, 62;
24, 304, 14, 491, 736, 12, 95, 1186, 58;
18, 296, 8, 449, 661, -30, 73, 1156, 31;
28, 304, 16, 551, 732, 23, 110, 1188, 65;
22, 296, 9, 505, 654, -21, 86, 1157, 37;
30, 303, 16, 594, 711, 24, 119, 1182, 65;
27, 298, 12, 577, 662, 0, 107, 1164, 50;
29, 298, 13, 602, 655, 2, 113, 1163, 52;
32, 300, 16, 648, 669, 20, 128, 1171, 63;
27, 293, 9, 606, 594, -19, 106, 1143, 38;
27, 291, 9, 617, 573, -25, 106, 1136, 35;
28, 290, 9, 635, 559, -25, 109, 1132, 35;
30, 291, 10, 670, 563, -13, 120, 1136, 42;
31, 289, 10, 681, 541, -18, 120, 1130, 39;
37, 294, 15, 748, 576, 15, 144, 1147, 60;
30, 285, 8, 697, 493, -29, 119, 1115, 32;
34, 287, 11, 741, 506, -10, 134, 1123, 44;
36, 288, 12, 770, 503, -1, 143, 1124, 49;
37, 287, 13, 789, 491, 0, 147, 1122, 51;
38, 286, 13, 806, 476, 2, 151, 1119, 52;
40, 286, 14, 826, 465, 6, 156, 1117, 54;
40, 284, 13, 834, 442, 2, 156, 1110, 52;
38, 281, 10, 823, 401, -13, 148, 1096, 42;
40, 281, 12, 853, 401, -1, 158, 1099, 49;
42, 281, 13, 873, 391, 3, 164, 1098, 53;
41, 279, 12, 874, 362, -3, 162, 1089, 49;
40, 276, 11, 873, 332, -11, 159, 1079, 43;
39, 274, 9, 869, 299, -20, 155, 1069, 38;
39, 272, 9, 875, 276, -23, 155, 1063, 36;
47, 278, 16, 952, 325, 22, 185, 1086, 64;
43, 272, 11, 914, 260, -8, 167, 1062, 45;
49, 276, 17, 976, 293, 27, 191, 1079, 67;
45, 271, 13, 942, 233, 0, 175, 1058, 50;
44, 268, 11, 938, 202, -7, 172, 1048, 46;
43, 266, 11, 938, 177, -11, 171, 1041, 44;
47, 269, 14, 976, 188, 10, 185, 1049, 57;
44, 264, 11, 949, 136, -11, 173, 1031, 44;
49, 268, 16, 1000, 162, 19, 193, 1045, 63;
44, 261, 10, 953, 92, -13, 173, 1019, 42;
50, 265, 16, 1009, 125, 21, 195, 1036, 64;
45, 259, 11, 965, 57, -9, 176, 1011, 45;
46, 259, 12, 980, 50, 0, 182, 1012, 50;
50, 261, 16, 1016, 64, 22, 197, 1021, 64;
50, 260, 16, 1015, 42, 21, 196, 1015, 64;
46, 255, 12, 977, -16, -4, 180, 994, 48;
51, 258, 17, 1023, 9, 27, 200, 1009, 67;
48, 255, 15, 999, -33, 12, 190, 994, 58;
49, 254, 16, 1008, -43, 18, 194, 993, 62;
49, 253, 15, 1004, -65, 17, 193, 988, 62;
50, 253, 17, 1012, -74, 25, 197, 987, 66;
50, 251, 16, 1005, -98, 23, 195, 981, 65;
50, 251, 17, 1008, -111, 28, 197, 979, 68;
50, 249, 17, 1001, -133, 26, 195, 973, 67;
44, 242, 11, 943, -205, -7, 173, 946, 46;
43, 241, 11, 934, -228, -9, 171, 940, 44;
40, 237, 8, 904, -272, -25, 159, 925, 34;
45, 240, 13, 941, -247, 3, 176, 939, 53;
39, 234, 8, 880, -319, -31, 153, 912, 31;
40, 234, 10, 891, -320, -18, 159, 915, 39;
40, 233, 10, 883, -338, -17, 158, 911, 39;
41, 233, 11, 883, -347, -11, 160, 910, 43;
46, 238, 17, 931, -307, 27, 183, 930, 68;
43, 234, 15, 897, -349, 12, 171, 916, 58;
38, 229, 10, 841, -411, -17, 151, 893, 40;
44, 234, 16, 890, -369, 23, 174, 913, 65;
39, 228, 12, 838, -427, -3, 155, 892, 48;
35, 223, 8, 787, -481, -28, 137, 873, 33;
36, 224, 10, 792, -480, -16, 142, 876, 40;
35, 222, 9, 772, -504, -20, 136, 869, 38;
40, 227, 15, 812, -466, 15, 156, 887, 60;
31, 218, 7, 724, -554, -32, 124, 853, 30;
35, 222, 11, 747, -532, -6, 137, 865, 46;
32, 219, 10, 715, -564, -17, 127, 855, 40;
37, 223, 15, 748, -530, 15, 144, 871, 60;
36, 222, 15, 732, -545, 15, 141, 868, 60;
28, 214, 8, 646, -627, -29, 110, 836, 32;
33, 219, 14, 687, -583, 9, 131, 857, 56;
33, 219, 14, 672, -593, 11, 129, 855, 58;
28, 214, 10, 614, -646, -14, 109, 835, 41;
27, 213, 11, 600, -654, -11, 108, 834, 43;
27, 213, 11, 585, -663, -8, 106, 833, 45;
30, 217, 16, 606, -634, 19, 119, 846, 62;
30, 217, 17, 598, -634, 26, 120, 848, 67;
26, 213, 13, 545, -678, 5, 103, 832, 54;
21, 208, 9, 482, -731, -22, 82, 812, 36;
18, 206, 7, 447, -755, -31, 72, 804, 31;
23, 211, 14, 486, -706, 8, 93, 826, 56;
19, 207, 10, 428, -751, -15, 74, 809, 41;
23, 212, 16, 459, -707, 19, 92, 829, 63;
17, 206, 11, 388, -765, -12, 68, 806, 42;
23, 213, 18, 431, -707, 31, 91, 831, 70;
14, 204, 10, 333, -790, -18, 55, 798, 39;
12, 203, 9, 301, -807, -25, 47, 793, 35;
17, 208, 15, 334, -757, 12, 66, 814, 58;
14, 206, 13, 292, -782, 0, 54, 805, 51;
8, 201, 8, 223, -833, -29, 31, 785, 32;
9, 203, 10, 222, -816, -14, 36, 793, 41;
6, 201, 9, 184, -834, -23, 26, 786, 36;
12, 207, 15, 222, -777, 17, 47, 810, 61;
5, 202, 10, 149, -829, -14, 22, 789, 41;
10, 208, 16, 179, -778, 21, 40, 811, 64;
8, 206, 15, 144, -791, 14, 31, 806, 59;
2, 202, 11, 82, -831, -10, 11, 790, 44;
-1, 199, 7, 25, -866, -32, -6, 776, 30;
2, 204, 13, 53, -815, 2, 10, 797, 52;
-3, 199, 8, -21, -865, -31, -14, 776, 31;
-1, 202, 11, -15, -835, -10, -6, 789, 44;
0, 206, 15, -5, -800, 12, 3, 804, 58;
-2, 204, 13, -48, -817, 0, -8, 796, 51;
-1, 206, 15, -52, -796, 14, -5, 805, 59;
-8, 200, 9, -130, -847, -21, -31, 783, 37;
-8, 201, 10, -148, -838, -17, -33, 787, 40;
-10, 201, 9, -178, -841, -20, -40, 785, 38;
-8, 204, 12, -176, -811, -2, -33, 797, 49;
-11, 203, 11, -212, -819, -10, -43, 793, 44;
-6, 209, 16, -185, -763, 23, -26, 816, 65;
-16, 200, 8, -292, -841, -31, -65, 782, 31;
-14, 204, 11, -284, -804, -10, -56, 797, 44;
-8, 211, 18, -245, -735, 31, -35, 824, 70;
-13, 208, 14, -299, -759, 11, -51, 813, 57;
-17, 205, 11, -355, -785, -10, -69, 801, 44;
-18, 206, 11, -373, -773, -7, -72, 805, 46;
-21, 205, 9, -414, -783, -19, -83, 800, 38;
-22, 206, 10, -433, -772, -17, -86, 803, 40;
-17, 212, 16, -397, -704, 21, -66, 830, 64;
-24, 207, 10, -479, -755, -18, -95, 807, 39;
-18, 214, 17, -436, -681, 24, -72, 836, 66;
-21, 213, 14, -477, -690, 11, -85, 831, 58;
-22, 214, 15, -492, -673, 15, -86, 836, 60;
-22, 215, 16, -506, -655, 20, -87, 841, 63;
-23, 216, 15, -530, -647, 18, -92, 843, 62;
-27, 213, 12, -580, -665, -1, -108, 834, 50;
-24, 219, 17, -557, -609, 27, -94, 855, 67;
-31, 213, 10, -639, -659, -14, -124, 832, 41;
-26, 220, 16, -602, -591, 22, -104, 858, 64;
-34, 214, 10, -682, -638, -18, -133, 836, 39;
-35, 215, 10, -699, -624, -17, -136, 840, 39;
-36, 216, 10, -719, -611, -18, -140, 843, 39;
-35, 218, 11, -723, -583, -9, -138, 852, 44;
-32, 223, 15, -707, -535, 12, -127, 869, 58;
-39, 218, 9, -775, -571, -22, -152, 852, 37;
-39, 220, 10, -784, -549, -17, -152, 858, 39;
-41, 219, 8, -815, -548, -27, -161, 856, 33;
-37, 225, 13, -783, -485, 3, -145, 880, 52;
-38, 226, 13, -799, -470, 2, -148, 883, 52;
-40, 225, 11, -830, -469, -8, -157, 880, 45;
-40, 227, 12, -835, -444, -3, -156, 888, 48;
-36, 233, 17, -804, -382, 26, -141, 911, 67;
-46, 225, 7, -904, -452, -32, -179, 879, 30;
-44, 228, 10, -894, -412, -18, -173, 892, 39;
-39, 235, 15, -857, -345, 14, -154, 917, 60;
-40, 236, 15, -866, -325, 15, -156, 922, 60;
-43, 234, 12, -908, -338, -5, -171, 914, 47;
-42, 237, 13, -902, -303, 4, -166, 925, 54;
-45, 235, 11, -936, -309, -11, -178, 920, 43;
-39, 243, 18, -881, -226, 30, -153, 951, 70;
-47, 237, 10, -958, -276, -15, -184, 927, 41;
-48, 237, 9, -977, -268, -23, -190, 927, 36;
-42, 245, 15, -925, -190, 15, -167, 956, 60;
-45, 243, 12, -958, -196, -1, -179, 950, 50;
-49, 241, 9, -995, -208, -23, -193, 942, 36;
-42, 250, 17, -928, -115, 25, -164, 977, 66;
-47, 247, 12, -978, -140, -5, -184, 963, 47;
-41, 254, 18, -926, -64, 31, -161, 991, 70;
-44, 253, 15, -953, -68, 15, -172, 986, 60;
-45, 252, 13, -971, -63, 5, -179, 985, 54;
-48, 251, 11, -995, -64, -8, -188, 981, 45;
-47, 253, 12, -992, -40, -6, -187, 988, 47;
-43, 258, 16, -954, 18, 19, -171, 1009, 62;
-52, 251, 7, -1032, -38, -32, -203, 982, 30;
-50, 255, 9, -1013, 0, -20, -196, 994, 38;
-42, 264, 17, -939, 93, 28, -165, 1030, 68;
-49, 257, 9, -1008, 42, -19, -194, 1005, 38;
-43, 265, 16, -947, 122, 19, -170, 1035, 63;
-42, 267, 16, -939, 147, 22, -167, 1042, 65;
-42, 269, 17, -929, 174, 27, -163, 1050, 68;
-42, 270, 16, -929, 190, 24, -164, 1053, 66;
-47, 266, 11, -974, 160, -9, -184, 1037, 45;
-45, 268, 12, -958, 191, -1, -179, 1047, 49;
-50, 265, 8, -996, 167, -31, -196, 1033, 31;
-46, 269, 11, -958, 217, -10, -182, 1051, 44;
-43, 274, 14, -920, 268, 9, -168, 1069, 57;
-45, 272, 12, -935, 265, -5, -176, 1064, 47;
-47, 271, 9, -956, 254, -24, -186, 1057, 35;
-41, 277, 14, -894, 326, 10, -163, 1083, 57;
-42, 278, 14, -891, 339, 5, -164, 1085, 54;
-43, 277, 12, -896, 342, -4, -168, 1083, 48;
-42, 279, 12, -880, 366, 0, -164, 1090, 50;
-43, 279, 11, -883, 370, -10, -168, 1089, 44;
-36, 287, 17, -809, 449, 30, -140, 1119, 70;
-42, 281, 11, -861, 403, -12, -164, 1097, 43;
-37, 286, 15, -810, 458, 13, -146, 1117, 59;
-40, 284, 12, -825, 447, -5, -156, 1109, 47;
-34, 290, 16, -770, 505, 21, -136, 1131, 64;
-32, 292, 17, -743, 534, 29, -128, 1140, 69;
-35, 289, 14, -763, 515, 6, -140, 1129, 54;
-39, 286, 9, -788, 492, -20, -153, 1117, 38;
-34, 292, 14, -728, 551, 8, -132, 1139, 56;
-35, 290, 11, -736, 542, -7, -139, 1133, 46;
-33, 292, 13, -707, 569, 0, -131, 1141, 51;
-34, 292, 11, -705, 569, -9, -134, 1139, 45;
-35, 291, 10, -700, 570, -18, -136, 1137, 39;
-28, 298, 15, -627, 639, 18, -110, 1163, 62;
-28, 298, 14, -619, 641, 11, -111, 1162, 57;
-28, 298, 14, -607, 647, 6, -111, 1162, 54;
-24, 301, 17, -560, 687, 24, -96, 1177, 66;
-30, 295, 9, -607, 633, -19, -119, 1152, 38;
-27, 298, 12, -563, 669, -3, -106, 1165, 48;
-20, 305, 17, -491, 731, 30, -81, 1189, 69;
-23, 301, 14, -506, 707, 6, -92, 1177, 55;
-24, 300, 12, -504, 698, -6, -96, 1172, 47;
-18, 306, 16, -437, 755, 24, -73, 1193, 66;
-23, 300, 11, -470, 709, -12, -92, 1173, 43;
-21, 302, 12, -437, 729, -4, -83, 1180, 47;
-22, 300, 9, -440, 713, -21, -89, 1171, 37;
-22, 300, 8, -426, 712, -27, -89, 1170, 33;
-20, 301, 10, -390, 733, -18, -79, 1177, 39;
-14, 306, 14, -324, 783, 9, -57, 1197, 56;
-16, 304, 11, -332, 759, -11, -65, 1186, 44;
-13, 306, 13, -291, 783, 0, -54, 1195, 51;
-10, 308, 15, -249, 807, 12, -42, 1204, 59;
-7, 311, 17, -201, 836, 28, -27, 1215, 68;
-9, 308, 14, -210, 808, 6, -37, 1202, 55;
-8, 308, 13, -188, 810, 5, -33, 1202, 54;
-12, 303, 9, -209, 769, -25, -47, 1185, 35;
-4, 311, 16, -119, 839, 19, -15, 1213, 62;
-6, 307, 11, -133, 802, -6, -27, 1198, 46;
-3, 310, 14, -83, 830, 10, -12, 1209, 57;
-6, 305, 9, -106, 785, -21, -27, 1190, 37;
0, 311, 16, -19, 848, 20, 3, 1216, 63;
2, 311, 16, 6, 850, 20, 8, 1216, 63;
1, 310, 14, 13, 833, 9, 5, 1209, 56;
3, 310, 15, 44, 839, 13, 12, 1212, 59;
4, 310, 15, 70, 839, 14, 17, 1212, 59;
8, 313, 17, 117, 860, 28, 31, 1221, 68;
0, 304, 8, 57, 773, -27, 1, 1185, 33;
7, 309, 14, 135, 825, 8, 28, 1207, 56;
6, 307, 12, 144, 807, -2, 26, 1200, 49;
10, 310, 15, 193, 828, 14, 40, 1209, 59;
9, 308, 13, 200, 806, 2, 38, 1201, 52;
7, 304, 9, 189, 767, -20, 28, 1185, 38;
16, 311, 17, 289, 838, 29, 64, 1215, 69;
14, 308, 14, 284, 804, 10, 56, 1202, 57;
14, 306, 13, 293, 783, 0, 54, 1195, 51;
10, 301, 8, 275, 736, -26, 42, 1176, 34;
20, 309, 17, 376, 806, 24, 78, 1206, 66;
14, 301, 9, 332, 732, -19, 55, 1177, 38;
23, 309, 18, 431, 800, 31, 91, 1206, 70;
18, 302, 11, 393, 732, -9, 70, 1179, 45;
21, 303, 13, 434, 741, 3, 82, 1185, 52;
26, 307, 17, 494, 770, 28, 101, 1198, 68;
21, 301, 11, 462, 706, -7, 83, 1173, 46;
23, 300, 12, 489, 702, -3, 89, 1173, 48;
22, 298, 10, 496, 677, -13, 88, 1165, 42;
23, 298, 11, 519, 668, -11, 92, 1163, 43;
29, 302, 15, 585, 702, 18, 115, 1179, 62;
30, 301, 15, 600, 685, 14, 117, 1174, 60;
24, 293, 8, 554, 607, -28, 93, 1144, 33;
28, 296, 12, 609, 630, -5, 111, 1155, 47;
26, 292, 9, 598, 587, -25, 103, 1139, 35;
32, 296, 14, 665, 621, 7, 126, 1156, 55;
35, 297, 16, 702, 626, 19, 137, 1160, 62;
31, 291, 11, 674, 566, -11, 121, 1137, 43;
37, 296, 17, 746, 606, 25, 148, 1157, 66;
38, 296, 17, 765, 593, 26, 152, 1154, 67;
38, 293, 15, 766, 562, 16, 148, 1144, 61;
38, 292, 15, 781, 546, 16, 151, 1139, 60;
40, 292, 16, 808, 541, 23, 158, 1140, 65;
38, 288, 13, 791, 493, 2, 148, 1123, 52;
38, 286, 12, 799, 470, -2, 148, 1116, 49;
37, 283, 11, 800, 440, -10, 145, 1106, 44;
35, 279, 8, 788, 396, -28, 137, 1091, 33;
38, 281, 11, 828, 406, -10, 151, 1098, 44;
41, 282, 13, 858, 406, 2, 160, 1101, 52;
46, 285, 17, 914, 432, 30, 181, 1115, 70;
47, 284, 18, 925, 414, 31, 183, 1110, 70;
46, 282, 17, 926, 385, 24, 181, 1102, 66;
39, 274, 9, 870, 300, -19, 155, 1069, 38;
44, 277, 13, 917, 318, 4, 172, 1080, 54;
41, 272, 10, 893, 266, -16, 160, 1062, 40;
48, 277, 16, 963, 309, 24, 188, 1082, 65;
47, 275, 15, 960, 278, 16, 185, 1073, 61;
42, 269, 10, 921, 212, -13, 167, 1049, 42;
46, 271, 14, 961, 225, 7, 182, 1058, 55;
48, 271, 16, 983, 221, 18, 189, 1059, 62;
50, 272, 17, 1005, 217, 29, 197, 1061, 69;
43, 263, 9, 936, 123, -19, 167, 1025, 38;
48, 267, 15, 994, 157, 16, 191, 1043, 60;
45, 262, 12, 965, 104, -5, 178, 1024, 47;
47, 263, 14, 988, 103, 7, 187, 1027, 55;
51, 265, 17, 1018, 110, 25, 198, 1034, 67;
51, 263, 17, 1019, 89, 25, 198, 1028, 66;
44, 255, 10, 958, 6, -16, 173, 997, 40;
43, 253, 9, 945, -27, -25, 167, 986, 35;
51, 259, 17, 1021, 27, 25, 199, 1013, 66;
50, 257, 16, 1011, -2, 19, 195, 1004, 62;
46, 253, 13, 981, -51, 0, 182, 987, 50;
42, 247, 8, 937, -113, -27, 165, 964, 33;
41, 245, 8, 930, -138, -30, 163, 957, 31;
43, 245, 9, 943, -143, -20, 169, 959, 38;
50, 252, 17, 1009, -94, 25, 197, 982, 67;
50, 250, 16, 1003, -116, 24, 195, 977, 66;
44, 244, 12, 951, -183, -6, 175, 952, 46;
50, 248, 18, 1002, -147, 30, 197, 971, 70;
42, 239, 9, 920, -243, -19, 164, 934, 38;
43, 240, 11, 932, -244, -6, 171, 937, 46;
44, 239, 12, 932, -256, -2, 173, 935, 49;
48, 243, 17, 967, -233, 26, 189, 948, 67;
47, 241, 17, 956, -254, 25, 187, 942, 66;
42, 235, 12, 903, -317, -3, 167, 920, 48;
37, 230, 7, 851, -379, -32, 147, 897, 30;
46, 237, 16, 924, -314, 22, 180, 927, 65;
43, 234, 14, 893, -352, 9, 170, 914, 57;
45, 235, 16, 902, -350, 23, 176, 918, 65;
42, 231, 14, 867, -392, 7, 164, 904, 55;
45, 234, 18, 889, -375, 31, 176, 914, 70;
36, 225, 10, 802, -466, -18, 143, 879, 39;
34, 223, 8, 777, -495, -26, 136, 870, 34;
36, 223, 10, 782, -494, -13, 141, 873, 42;
33, 220, 8, 746, -532, -28, 129, 860, 33;
32, 220, 8, 734, -545, -25, 128, 858, 34;
40, 227, 17, 801, -479, 28, 159, 888, 68;
35, 222, 13, 744, -535, 1, 139, 867, 51;
34, 220, 12, 724, -554, 0, 134, 861, 50;
30, 216, 9, 678, -598, -19, 119, 846, 38;
37, 223, 17, 735, -539, 29, 147, 873, 69;
33, 219, 14, 685, -584, 8, 130, 856, 56;
29, 215, 10, 634, -632, -13, 113, 839, 42;
29, 215, 12, 628, -632, -5, 115, 841, 47;
26, 212, 10, 589, -666, -18, 103, 829, 39;
30, 216, 14, 611, -637, 9, 117, 843, 56;
28, 215, 14, 587, -654, 5, 111, 838, 54;
31, 218, 17, 602, -630, 29, 122, 850, 69;
24, 211, 11, 525, -698, -7, 95, 824, 46;
29, 216, 18, 563, -650, 31, 115, 846, 70;
20, 207, 9, 462, -740, -21, 78, 810, 37;
23, 211, 14, 486, -705, 8, 93, 826, 56;
19, 207, 10, 431, -748, -13, 75, 810, 42;
23, 212, 15, 456, -710, 17, 91, 827, 62;
21, 210, 14, 422, -731, 9, 82, 820, 57;
20, 210, 15, 406, -733, 14, 80, 821, 59;
17, 207, 12, 361, -763, 0, 67, 809, 50;
17, 208, 14, 348, -760, 6, 67, 812, 54;
13, 205, 11, 301, -790, -9, 53, 801, 45;
18, 211, 17, 337, -737, 30, 73, 824, 69;
14, 207, 14, 285, -772, 11, 56, 810, 57;
11, 205, 13, 245, -793, 0, 45, 802, 51;
13, 207, 15, 243, -775, 15, 50, 810, 60;
8, 204, 12, 187, -811, -5, 33, 796, 47;
8, 205, 13, 179, -799, 4, 35, 802, 53;
6, 204, 12, 141, -816, -4, 24, 795, 48;
5, 203, 12, 116, -819, -4, 20, 795, 48;
5, 205, 13, 105, -808, 4, 21, 799, 53;
2, 203, 12, 64, -826, -6, 9, 792, 47;
0, 202, 11, 32, -836, -11, 2, 789, 43;
-1, 201, 9, -4, -848, -19, -7, 784, 38;
0, 204, 12, 0, -820, 0, 0, 795, 50;
-5, 199, 8, -68, -863, -29, -22, 777, 32;
0, 205, 14, -34, -804, 9, -3, 802, 57;
-4, 202, 11, -86, -829, -8, -18, 791, 45;
-5, 204, 12, -101, -818, -1, -19, 795, 49;
-9, 200, 9, -159, -849, -24, -38, 782, 35;
-3, 208, 16, -113, -776, 22, -13, 812, 65;
-9, 203, 11, -186, -821, -9, -38, 793, 45;
-4, 210, 17, -150, -756, 30, -17, 819, 70;
-9, 206, 14, -208, -786, 8, -36, 806, 56;
-7, 210, 17, -200, -749, 29, -27, 820, 69;
-8, 210, 17, -228, -748, 26, -33, 820, 67;
-9, 211, 18, -245, -735, 31, -35, 824, 70;
-19, 202, 8, -359, -819, -28, -76, 788, 32;
-17, 206, 12, -346, -777, -5, -66, 805, 47;
-20, 204, 9, -395, -795, -22, -81, 796, 37;
-20, 206, 11, -402, -772, -11, -79, 805, 43;
-21, 206, 11, -427, -765, -12, -84, 806, 42;
-24, 205, 9, -466, -774, -24, -95, 801, 35;
-17, 214, 17, -412, -688, 26, -67, 835, 67;
-27, 205, 7, -522, -766, -32, -108, 801, 30;
-18, 216, 17, -450, -662, 30, -73, 842, 69;
-27, 209, 10, -543, -724, -18, -107, 815, 39;
-25, 212, 13, -535, -684, 1, -99, 830, 51;
-26, 214, 13, -551, -668, 4, -101, 834, 53;
-25, 216, 15, -555, -640, 15, -98, 844, 60;
-33, 209, 7, -645, -698, -31, -131, 818, 31;
-26, 218, 15, -591, -612, 17, -104, 852, 61;
-26, 220, 16, -602, -590, 22, -104, 858, 65;
-35, 213, 9, -690, -647, -23, -136, 833, 36;
-32, 217, 12, -678, -602, -3, -127, 849, 48;
-34, 217, 11, -707, -599, -10, -135, 848, 44;
-37, 216, 9, -739, -599, -20, -145, 845, 37;
-39, 216, 8, -773, -601, -31, -155, 842, 31;
-40, 217, 8, -787, -583, -30, -157, 847, 32;
-36, 223, 12, -758, -523, 0, -141, 869, 50;
-35, 226, 14, -755, -488, 11, -136, 881, 58;
-36, 226, 14, -779, -481, 5, -143, 881, 54;
-35, 229, 16, -770, -441, 21, -136, 895, 64;
-40, 225, 11, -831, -470, -9, -158, 880, 45;
-38, 229, 13, -822, -431, 5, -151, 893, 54;
-45, 224, 8, -889, -467, -30, -176, 876, 31;
-43, 228, 10, -876, -424, -13, -168, 890, 42;
-36, 236, 18, -821, -339, 31, -142, 923, 70;
-45, 229, 9, -908, -397, -19, -176, 896, 38;
-39, 237, 16, -856, -315, 22, -152, 926, 64;
-40, 237, 15, -875, -305, 16, -157, 928, 61;
-41, 238, 14, -894, -295, 10, -163, 928, 57;
-46, 234, 10, -945, -318, -17, -182, 916, 39;
-46, 237, 11, -945, -291, -12, -180, 924, 43;
-44, 240, 13, -934, -252, 0, -174, 937, 51;
-48, 237, 9, -976, -267, -22, -189, 927, 36;
-41, 247, 17, -909, -173, 26, -160, 963, 67;
-43, 245, 14, -938, -176, 11, -171, 958, 58;
-40, 250, 18, -912, -125, 32, -159, 976, 71;
-42, 249, 16, -935, -122, 20, -167, 974, 63;
-50, 243, 9, -1008, -171, -25, -196, 951, 35;
-48, 247, 11, -990, -129, -10, -188, 965, 44;
-48, 249, 11, -989, -104, -8, -187, 971, 45;
-42, 255, 16, -942, -35, 24, -167, 997, 66;
-49, 250, 10, -1009, -79, -18, -194, 975, 39;
-51, 249, 8, -1026, -74, -29, -201, 974, 32;
-49, 253, 10, -1007, -34, -16, -193, 987, 40;
-48, 255, 11, -1000, -7, -11, -190, 995, 43;
-42, 262, 17, -942, 70, 26, -166, 1024, 67;
-43, 262, 16, -953, 79, 18, -171, 1024, 62;
-49, 258, 10, -1004, 47, -16, -193, 1007, 40;
-48, 260, 10, -998, 71, -13, -190, 1014, 42;
-50, 259, 9, -1011, 75, -25, -197, 1012, 35;
-45, 266, 14, -960, 143, 6, -176, 1037, 55;
-45, 266, 13, -963, 156, 1, -179, 1039, 52;
-49, 264, 9, -993, 141, -21, -192, 1029, 37;
-44, 269, 14, -944, 205, 7, -173, 1052, 55;
-42, 272, 15, -925, 238, 16, -167, 1063, 61;
-45, 270, 12, -949, 227, -4, -178, 1055, 48;
-46, 271, 11, -948, 240, -8, -179, 1057, 45;
-46, 271, 10, -949, 251, -14, -182, 1058, 41;
-45, 273, 11, -929, 281, -7, -175, 1068, 46;
-39, 279, 16, -875, 345, 22, -155, 1091, 65;
-47, 272, 8, -946, 284, -30, -187, 1063, 31;
-45, 276, 10, -913, 325, -15, -175, 1077, 41;
-38, 283, 16, -847, 399, 21, -150, 1104, 64;
-39, 282, 14, -851, 402, 11, -155, 1102, 57;
-39, 283, 14, -843, 416, 8, -154, 1105, 56;
-38, 285, 14, -827, 437, 10, -150, 1111, 57;
-39, 284, 13, -828, 441, 1, -154, 1110, 51;
-35, 289, 16, -782, 490, 22, -138, 1127, 65;
-41, 283, 10, -828, 447, -17, -160, 1107, 40;
-41, 283, 8, -828, 450, -26, -163, 1105, 34;
-37, 288, 12, -778, 501, -3, -146, 1123, 48;
-35, 290, 13, -754, 525, 1, -140, 1131, 52;
-31, 294, 17, -704, 576, 25, -122, 1149, 66;
-37, 288, 10, -753, 525, -19, -147, 1125, 39;
-37, 289, 9, -740, 536, -21, -145, 1127, 37;
-35, 291, 10, -714, 559, -15, -138, 1135, 41;
-37, 289, 8, -718, 552, -30, -144, 1129, 32;
-34, 291, 9, -688, 577, -22, -136, 1138, 36;
-35, 291, 8, -683, 577, -31, -138, 1135, 31;
-33, 293, 9, -651, 603, -22, -129, 1144, 36;
-31, 294, 10, -626, 622, -18, -123, 1150, 39;
-30, 295, 9, -607, 634, -19, -119, 1152, 38;
-22, 304, 17, -514, 718, 29, -85, 1186, 69;
-24, 301, 13, -529, 694, 5, -96, 1174, 54;
-26, 298, 11, -536, 678, -12, -104, 1165, 42;
-25, 299, 11, -511, 691, -10, -99, 1169, 44;
-19, 305, 16, -444, 747, 19, -76, 1190, 63;
-24, 299, 9, -481, 698, -19, -96, 1168, 38;
-15, 308, 17, -386, 780, 28, -62, 1201, 68;
-22, 301, 10, -433, 720, -17, -86, 1174, 40;
-18, 303, 12, -389, 749, -3, -73, 1185, 48;
-19, 302, 10, -383, 740, -14, -76, 1180, 42;
-17, 304, 11, -350, 757, -7, -68, 1186, 46;
-13, 307, 14, -300, 791, 10, -52, 1199, 57;
-16, 303, 10, -317, 757, -16, -65, 1184, 40;
-13, 305, 12, -276, 780, -5, -53, 1192, 47;
-9, 309, 15, -219, 818, 16, -35, 1207, 61;
-7, 310, 16, -191, 827, 19, -29, 1210, 63;
-10, 306, 12, -205, 794, -5, -40, 1196, 47;
-9, 306, 11, -185, 793, -8, -37, 1195, 45;
-6, 308, 13, -141, 816, 4, -24, 1204, 53;
-7, 307, 11, -133, 802, -7, -27, 1197, 46;
-1, 311, 16, -69, 844, 19, -6, 1214, 63;
-6, 305, 10, -102, 789, -18, -25, 1191, 39;
0, 310, 15, -30, 837, 12, -1, 1211, 58;
1, 310, 15, -3, 840, 14, 4, 1212, 59;
-3, 305, 9, -30, 789, -20, -12, 1191, 38;
4, 311, 16, 53, 848, 19, 16, 1215, 63;
-1, 305, 9, 16, 785, -21, -4, 1190, 37;
0, 305, 10, 49, 792, -16, 3, 1193, 40;
7, 311, 15, 124, 841, 17, 29, 1213, 61;
6, 308, 13, 126, 816, 2, 24, 1203, 52;
12, 313, 18, 196, 858, 32, 47, 1221, 71;
6, 305, 10, 151, 786, -13, 23, 1192, 42;
7, 306, 11, 181, 788, -9, 30, 1193, 44;
12, 309, 15, 241, 819, 14, 49, 1207, 59;
9, 304, 10, 224, 773, -13, 37, 1189, 42;
16, 310, 16, 300, 820, 21, 63, 1209, 64;
14, 306, 13, 295, 785, 2, 55, 1195, 52;
18, 309, 16, 345, 805, 19, 71, 1205, 63;
20, 310, 17, 382, 812, 28, 81, 1209, 68;
21, 309, 17, 402, 802, 27, 84, 1206, 67;
16, 302, 11, 369, 738, -10, 65, 1181, 44;
15, 299, 8, 366, 704, -27, 58, 1168, 33;
16, 299, 8, 390, 697, -26, 63, 1166, 34;
23, 304, 14, 465, 741, 9, 89, 1186, 56;
17, 297, 8, 428, 672, -30, 69, 1159, 32;
26, 304, 15, 522, 735, 18, 103, 1187, 62;
29, 305, 18, 563, 744, 31, 115, 1192, 70;
29, 304, 16, 574, 723, 24, 115, 1185, 66;
26, 298, 12, 553, 670, -3, 102, 1166, 49;
25, 296, 10, 558, 643, -13, 99, 1156, 42;
27, 297, 12, 590, 643, -4, 108, 1158, 48;
33, 300, 16, 652, 672, 23, 129, 1173, 65;
25, 291, 7, 588, 576, -32, 98, 1135, 30;
26, 290, 8, 610, 566, -29, 103, 1133, 32;
33, 295, 14, 682, 606, 6, 129, 1152, 54;
34, 294, 14, 702, 594, 7, 133, 1149, 55;
38, 297, 17, 749, 609, 27, 149, 1158, 68;
37, 294, 15, 751, 579, 17, 146, 1148, 61;
37, 292, 14, 756, 552, 9, 144, 1139, 57;
34, 287, 11, 739, 504, -12, 133, 1122, 43;
37, 288, 13, 776, 509, 1, 145, 1127, 52;
36, 286, 12, 779, 481, -5, 143, 1118, 47;
39, 288, 14, 817, 487, 9, 155, 1123, 56;
36, 282, 10, 792, 432, -16, 142, 1103, 40;
36, 281, 10, 802, 411, -18, 143, 1097, 39;
35, 278, 8, 801, 379, -27, 140, 1087, 33;
39, 281, 11, 845, 393, -6, 155, 1096, 46;
37, 276, 8, 828, 346, -26, 145, 1079, 34;
44, 282, 15, 900, 388, 14, 172, 1100, 59;
45, 281, 15, 917, 376, 18, 177, 1098, 62;
46, 280, 16, 930, 360, 20, 180, 1094, 63;
40, 272, 9, 877, 278, -21, 156, 1063, 37;
42, 273, 11, 901, 274, -11, 164, 1065, 43;
42, 272, 11, 914, 259, -9, 167, 1062, 45;
48, 276, 16, 972, 290, 24, 189, 1078, 66;
41, 267, 9, 909, 200, -22, 162, 1044, 37;
47, 271, 14, 966, 231, 11, 184, 1060, 58;
50, 273, 17, 998, 237, 28, 196, 1066, 68;
49, 271, 16, 996, 209, 23, 193, 1057, 65;
48, 268, 15, 984, 172, 12, 187, 1045, 58;
50, 269, 17, 1010, 173, 26, 197, 1049, 67;
46, 263, 12, 968, 107, -3, 179, 1025, 48;
50, 266, 16, 1012, 127, 23, 196, 1037, 65;
43, 257, 9, 945, 37, -22, 168, 1003, 36;
42, 255, 8, 941, 11, -26, 166, 996, 34;
49, 261, 15, 1007, 55, 16, 193, 1017, 61;
51, 261, 17, 1027, 53, 28, 201, 1020, 68;
51, 259, 17, 1022, 28, 26, 199, 1013, 67;
49, 256, 15, 1006, -7, 15, 193, 1002, 60;
46, 252, 12, 978, -54, -1, 181, 985, 49;
49, 254, 15, 1003, -48, 15, 192, 991, 60;
49, 253, 15, 1004, -65, 18, 193, 988, 62;
43, 245, 9, 944, -143, -20, 169, 959, 38;
46, 247, 13, 970, -133, 0, 181, 966, 50;
44, 245, 11, 951, -168, -10, 173, 955, 44;
44, 243, 11, 942, -192, -12, 171, 949, 43;
48, 247, 16, 985, -163, 19, 190, 964, 63;
46, 243, 13, 955, -207, 3, 179, 949, 53;
45, 241, 13, 946, -230, 2, 177, 943, 52;
41, 237, 10, 907, -281, -18, 162, 925, 39;
42, 237, 11, 911, -288, -10, 166, 925, 44;
40, 234, 9, 884, -327, -23, 156, 912, 36;
40, 233, 9, 880, -340, -19, 157, 910, 38;
41, 233, 11, 884, -345, -10, 161, 911, 44;
45, 236, 15, 915, -323, 17, 176, 923, 61;
40, 231, 11, 864, -382, -9, 157, 902, 44;
40, 230, 11, 857, -396, -7, 157, 899, 46;
38, 227, 10, 830, -429, -17, 148, 888, 40;
41, 230, 14, 854, -410, 7, 161, 899, 55;
44, 233, 17, 876, -393, 30, 173, 909, 69;
41, 229, 15, 840, -433, 15, 161, 896, 60;
34, 221, 8, 763, -513, -26, 133, 865, 34;
42, 229, 17, 831, -446, 28, 165, 896, 68;
31, 219, 7, 725, -554, -31, 124, 854, 31;
34, 221, 11, 744, -535, -8, 135, 864, 45;
35, 221, 12, 740, -539, 0, 138, 865, 50;
30, 217, 9, 689, -589, -24, 120, 847, 36;
32, 219, 12, 699, -577, -6, 128, 854, 47;
36, 222, 16, 721, -553, 20, 141, 867, 63;
35, 222, 16, 708, -562, 23, 140, 866, 65;
29, 215, 11, 638, -627, -10, 115, 841, 44;
33, 219, 16, 668, -593, 21, 131, 857, 64;
26, 212, 9, 586, -668, -20, 102, 828, 38;
25, 211, 9, 564, -684, -22, 97, 824, 37;
31, 217, 16, 614, -626, 24, 122, 850, 66;
23, 210, 10, 531, -701, -17, 93, 821, 39;
26, 213, 14, 547, -676, 6, 104, 833, 55;
19, 206, 7, 467, -746, -32, 76, 806, 30;
23, 211, 12, 494, -709, 0, 91, 823, 50;
21, 209, 11, 462, -729, -7, 83, 816, 46;
23, 212, 15, 474, -705, 14, 93, 828, 60;
21, 210, 13, 437, -730, 4, 83, 819, 53;
19, 208, 12, 404, -748, -1, 74, 813, 49;
22, 211, 16, 419, -720, 22, 85, 826, 65;
12, 202, 8, 315, -808, -30, 48, 791, 31;
17, 208, 14, 348, -759, 6, 67, 812, 54;
13, 205, 11, 302, -789, -8, 53, 801, 45;
11, 204, 10, 271, -803, -13, 46, 796, 42;
11, 204, 11, 256, -800, -7, 45, 799, 46;
14, 208, 15, 271, -766, 18, 56, 813, 62;
10, 205, 13, 220, -798, 0, 41, 801, 51;
7, 202, 10, 175, -824, -14, 27, 791, 42;
10, 206, 14, 188, -790, 11, 39, 806, 57;
11, 208, 17, 187, -770, 26, 44, 814, 67;
8, 207, 15, 147, -788, 16, 33, 807, 61;
2, 201, 10, 73, -841, -16, 7, 786, 40;
-1, 199, 8, 28, -862, -30, -4, 777, 32;
6, 207, 16, 85, -783, 23, 23, 811, 65;
2, 205, 14, 40, -803, 10, 11, 802, 57;
4, 208, 17, 41, -778, 27, 17, 813, 68;
0, 205, 14, -10, -805, 9, 1, 801, 56;
1, 208, 16, -13, -782, 23, 5, 811, 65;
1, 209, 18, -25, -768, 32, 6, 816, 71;
-9, 199, 7, -146, -863, -32, -38, 777, 31;
-1, 208, 17, -82, -772, 27, -6, 814, 67;
-2, 209, 18, -101, -763, 31, -8, 817, 70;
-11, 201, 10, -200, -835, -18, -43, 787, 39;
-6, 207, 15, -172, -778, 16, -26, 810, 61;
-11, 204, 11, -233, -812, -8, -46, 795, 45;
-11, 205, 12, -246, -795, -1, -46, 801, 50;
-15, 203, 10, -292, -812, -16, -60, 793, 40;
-12, 207, 14, -280, -771, 7, -49, 810, 55;
-12, 209, 15, -294, -755, 14, -50, 815, 59;
-21, 202, 8, -386, -816, -31, -82, 788, 31;
-21, 203, 8, -402, -802, -26, -84, 793, 34;
-17, 208, 13, -379, -748, 3, -69, 814, 53;
-14, 213, 17, -363, -701, 29, -57, 832, 69;
-22, 207, 10, -451, -758, -14, -88, 807, 42;
-16, 215, 18, -404, -680, 31, -64, 838, 70;
-20, 213, 15, -449, -693, 16, -78, 831, 61;
-24, 210, 12, -499, -712, -2, -94, 822, 49;
-25, 211, 12, -522, -703, -3, -98, 824, 48;
-25, 212, 13, -535, -684, 1, -99, 830, 51;
-22, 217, 16, -522, -639, 23, -89, 846, 65;
-30, 211, 10, -605, -690, -18, -119, 823, 39;
-25, 218, 16, -565, -618, 21, -98, 851, 64;
-29, 215, 13, -616, -636, 0, -114, 841, 51;
-26, 220, 16, -602, -591, 22, -104, 858, 64;
-26, 222, 18, -606, -562, 32, -102, 868, 71;
-35, 215, 9, -703, -628, -20, -138, 838, 38;
-30, 221, 15, -665, -557, 17, -118, 865, 61;
-30, 223, 16, -673, -533, 23, -117, 873, 65;
-34, 221, 13, -722, -550, 1, -134, 863, 52;
-39, 218, 9, -778, -574, -24, -153, 851, 35;
-34, 224, 14, -743, -507, 9, -135, 876, 57;
-33, 227, 16, -738, -471, 23, -129, 888, 65;
-42, 220, 8, -835, -537, -31, -166, 858, 31;
-39, 224, 11, -816, -486, -8, -155, 876, 45;
-38, 227, 13, -815, -455, 0, -151, 886, 51;
-40, 227, 12, -838, -447, -5, -158, 887, 47;
-39, 230, 14, -833, -411, 6, -153, 899, 55;
-38, 232, 15, -836, -384, 13, -151, 907, 59;
-40, 232, 13, -860, -378, 5, -158, 907, 54;
-47, 227, 7, -927, -416, -32, -184, 888, 30;
-43, 233, 11, -900, -359, -7, -170, 908, 46;
-44, 234, 11, -911, -341, -7, -172, 913, 46;
-40, 239, 16, -882, -283, 18, -158, 934, 62;
-47, 234, 9, -949, -322, -20, -184, 914, 38;
-46, 236, 10, -950, -295, -15, -182, 922, 41;
-44, 240, 13, -935, -253, 0, -174, 936, 50;
-39, 246, 18, -894, -185, 32, -155, 962, 71;
-43, 244, 15, -930, -195, 12, -169, 954, 58;
-50, 238, 7, -1004, -242, -32, -198, 931, 30;
-47, 243, 11, -975, -187, -9, -185, 950, 45;
-51, 241, 7, -1014, -201, -32, -200, 941, 30;
-42, 252, 17, -931, -93, 26, -164, 983, 67;
-41, 254, 18, -927, -66, 31, -162, 991, 70;
-51, 245, 8, -1024, -139, -31, -201, 957, 31;
-46, 252, 13, -975, -67, 2, -180, 983, 52;
-44, 255, 15, -958, -28, 15, -173, 996, 60;
-50, 250, 9, -1020, -68, -24, -198, 976, 35;
-51, 251, 8, -1026, -53, -28, -201, 979, 33;
-42, 261, 17, -941, 51, 27, -166, 1019, 68;
-47, 257, 12, -989, 23, -4, -186, 1004, 48;
-49, 257, 10, -1005, 28, -15, -192, 1003, 41;
-50, 257, 9, -1012, 39, -21, -196, 1004, 37;
-47, 262, 12, -980, 89, -1, -183, 1021, 49;
-43, 266, 15, -946, 140, 18, -170, 1039, 62;
-50, 260, 8, -1011, 92, -27, -197, 1016, 34;
-43, 268, 15, -942, 176, 15, -170, 1047, 60;
-44, 269, 14, -945, 189, 10, -172, 1049, 57;
-46, 268, 12, -960, 189, -2, -180, 1046, 49;
-44, 271, 14, -939, 223, 6, -172, 1057, 55;
-44, 272, 14, -933, 242, 5, -172, 1061, 54;
-42, 274, 15, -914, 273, 13, -165, 1071, 59;
-46, 272, 11, -943, 257, -10, -179, 1061, 44;
-48, 270, 8, -958, 252, -26, -187, 1056, 34;
-44, 275, 11, -921, 300, -7, -174, 1072, 46;
-43, 277, 12, -903, 327, -2, -169, 1080, 49;
-43, 277, 12, -897, 341, -4, -169, 1083, 47;
-38, 283, 16, -848, 397, 20, -151, 1103, 63;
-41, 280, 12, -871, 382, -2, -163, 1094, 49;
-43, 279, 10, -884, 375, -18, -171, 1088, 39;
-36, 286, 16, -811, 453, 21, -144, 1117, 64;
-44, 279, 8, -877, 391, -31, -174, 1089, 31;
-42, 282, 9, -846, 427, -19, -164, 1101, 38;
-34, 290, 16, -769, 506, 22, -135, 1131, 64;
-36, 289, 14, -775, 503, 8, -141, 1127, 56;
-36, 289, 13, -764, 515, 5, -140, 1129, 54;
-36, 289, 12, -763, 516, -3, -143, 1127, 48;
-30, 295, 17, -699, 580, 28, -120, 1151, 68;
-37, 288, 10, -752, 526, -18, -146, 1126, 39;
-34, 291, 12, -717, 559, -5, -135, 1137, 47;
-28, 297, 17, -650, 624, 27, -111, 1162, 67;
-27, 299, 17, -627, 643, 30, -106, 1167, 70;
-32, 294, 12, -663, 603, -5, -125, 1148, 47;
-28, 298, 15, -614, 647, 14, -109, 1164, 60;
-25, 301, 17, -575, 680, 28, -97, 1176, 68;
-25, 300, 15, -572, 676, 17, -100, 1172, 61;
-24, 301, 16, -548, 692, 19, -95, 1177, 63;
-22, 303, 17, -518, 714, 26, -87, 1184, 67;
-25, 300, 13, -538, 685, 0, -100, 1170, 50;
-29, 295, 7, -564, 649, -32, -116, 1153, 31;
-27, 298, 9, -528, 675, -21, -105, 1162, 37;
-25, 299, 10, -497, 694, -15, -98, 1168, 41;
-25, 298, 8, -491, 688, -26, -100, 1164, 34;
-23, 300, 10, -454, 712, -16, -90, 1173, 40;
-22, 300, 9, -436, 716, -19, -88, 1173, 38;
-21, 301, 9, -415, 724, -20, -84, 1175, 38;
-13, 309, 17, -322, 801, 26, -51, 1205, 67;
-14, 307, 14, -323, 785, 10, -56, 1197, 57;
-16, 304, 12, -325, 766, -6, -62, 1189, 47;
-14, 306, 12, -293, 781, 0, -55, 1194, 50;
-10, 309, 15, -246, 810, 14, -41, 1205, 60;
-11, 307, 13, -239, 798, 3, -43, 1199, 53;
-12, 304, 10, -242, 776, -14, -50, 1189, 41;
-13, 303, 8, -237, 762, -27, -53, 1182, 33;
-4, 311, 16, -140, 839, 21, -18, 1214, 64;
-2, 312, 17, -105, 852, 28, -9, 1219, 68;
-5, 308, 13, -119, 816, 2, -21, 1203, 52;
-3, 309, 14, -89, 824, 6, -14, 1206, 54;
-1, 310, 14, -57, 833, 11, -6, 1210, 57;
2, 313, 17, -4, 863, 29, 9, 1222, 69;
0, 309, 13, -20, 823, 2, -2, 1205, 52;
-2, 305, 10, -27, 792, -18, -11, 1192, 39;
-1, 305, 10, -1, 793, -17, -6, 1193, 40;
-1, 304, 8, 9, 778, -26, -7, 1186, 34;
4, 309, 14, 86, 829, 8, 19, 1208, 56;
5, 309, 13, 105, 822, 4, 21, 1205, 53;
1, 304, 8, 84, 774, -25, 6, 1186, 34;
8, 309, 14, 159, 822, 8, 32, 1206, 55;
13, 313, 18, 221, 855, 32, 52, 1220, 71;
13, 311, 17, 233, 840, 24, 52, 1215, 66;
8, 305, 11, 202, 781, -11, 33, 1191, 43;
12, 308, 14, 256, 805, 7, 50, 1202, 55;
12, 306, 12, 264, 784, -2, 48, 1194, 49;
13, 305, 12, 283, 774, -5, 51, 1191, 47;
12, 303, 10, 295, 756, -13, 50, 1184, 42;
16, 305, 13, 342, 773, 2, 64, 1192, 52;
17, 305, 13, 368, 768, 4, 70, 1192, 53;
17, 303, 12, 379, 749, -3, 69, 1185, 48;
15, 300, 9, 374, 712, -22, 62, 1171, 37;
22, 305, 14, 446, 753, 11, 87, 1190, 57;
25, 306, 16, 487, 763, 23, 98, 1195, 65;
26, 306, 17, 514, 758, 26, 105, 1195, 67;
26, 304, 16, 526, 738, 20, 105, 1188, 63;
23, 300, 12, 508, 689, -5, 93, 1170, 47;
23, 298, 10, 516, 665, -13, 91, 1162, 42;
31, 303, 17, 599, 716, 27, 121, 1185, 68;
27, 298, 12, 577, 662, 0, 107, 1164, 50;
26, 296, 11, 580, 633, -11, 104, 1154, 43;
24, 292, 8, 572, 593, -29, 96, 1140, 32;
25, 291, 8, 592, 580, -29, 100, 1137, 32;
32, 296, 14, 666, 622, 7, 126, 1156, 55;
32, 295, 13, 678, 602, 3, 127, 1150, 52;
36, 297, 16, 724, 616, 22, 142, 1158, 64;
36, 294, 15, 730, 590, 14, 141, 1150, 59;
38, 295, 17, 764, 592, 26, 151, 1154, 67;
38, 293, 15, 769, 565, 18, 149, 1145, 62;
35, 288, 12, 749, 514, -5, 138, 1126, 47;
36, 288, 12, 767, 500, -3, 141, 1123, 48;
36, 286, 12, 779, 480, -6, 143, 1118, 47;
39, 287, 13, 810, 480, 4, 152, 1120, 53;
38, 284, 12, 807, 447, -6, 148, 1109, 47;
42, 287, 15, 857, 466, 17, 166, 1120, 62;
40, 283, 12, 841, 419, -1, 156, 1104, 50;
39, 280, 11, 839, 387, -11, 152, 1093, 44;
44, 283, 15, 895, 413, 18, 173, 1107, 62;
40, 278, 11, 865, 353, -9, 158, 1085, 45;
41, 277, 11, 876, 335, -9, 160, 1081, 45;
40, 274, 10, 876, 306, -16, 157, 1072, 40;
48, 280, 17, 953, 354, 28, 187, 1095, 68;
43, 274, 12, 914, 287, -3, 169, 1070, 49;
47, 277, 16, 961, 306, 22, 187, 1081, 65;
45, 273, 14, 945, 263, 6, 178, 1067, 55;
48, 274, 16, 974, 265, 21, 189, 1071, 64;
48, 273, 16, 982, 247, 22, 190, 1066, 64;
46, 269, 13, 961, 199, 3, 180, 1050, 53;
48, 270, 15, 987, 199, 17, 190, 1053, 61;
48, 268, 15, 987, 174, 13, 188, 1046, 59;
43, 262, 10, 946, 109, -15, 171, 1023, 41;
49, 266, 15, 998, 136, 15, 191, 1037, 60;
49, 265, 16, 1006, 122, 19, 194, 1035, 63;
47, 261, 13, 985, 77, 3, 184, 1020, 53;
41, 254, 8, 934, 4, -31, 163, 993, 31;
45, 257, 11, 972, 20, -7, 178, 1003, 46;
51, 261, 17, 1025, 52, 27, 200, 1019, 68;
42, 251, 8, 943, -50, -26, 166, 980, 34;
48, 255, 14, 993, -20, 7, 187, 996, 55;
45, 251, 11, 968, -64, -8, 177, 981, 45;
48, 252, 14, 990, -61, 7, 187, 986, 55;
42, 246, 9, 940, -129, -24, 167, 961, 35;
48, 251, 15, 995, -91, 14, 190, 980, 59;
44, 246, 11, 956, -147, -9, 175, 961, 45;
50, 250, 17, 1004, -115, 25, 195, 977, 66;
45, 245, 12, 958, -176, -1, 178, 955, 49;
42, 240, 9, 924, -225, -21, 165, 938, 37;
42, 240, 10, 924, -239, -16, 166, 936, 40;
41, 238, 9, 912, -263, -19, 163, 929, 38;
46, 242, 14, 952, -236, 11, 181, 943, 57;
42, 236, 10, 906, -293, -13, 164, 923, 42;
48, 242, 17, 960, -250, 27, 188, 944, 68;
47, 240, 16, 945, -275, 23, 184, 937, 65;
38, 230, 8, 858, -372, -28, 150, 900, 33;
44, 236, 15, 909, -329, 12, 174, 921, 58;
46, 237, 17, 923, -323, 29, 182, 926, 69;
44, 234, 15, 892, -361, 16, 172, 914, 61;
44, 233, 16, 886, -373, 20, 172, 912, 63;
35, 224, 8, 796, -468, -31, 137, 875, 31;
44, 233, 17, 874, -394, 29, 173, 909, 69;
41, 229, 15, 838, -434, 14, 161, 895, 59;
40, 228, 15, 825, -450, 15, 159, 891, 60;
36, 224, 11, 777, -500, -7, 142, 873, 46;
31, 218, 7, 724, -555, -32, 123, 853, 30;
38, 225, 15, 776, -503, 12, 149, 877, 58;
38, 224, 15, 768, -511, 17, 149, 877, 61;
37, 224, 15, 752, -526, 18, 146, 873, 62;
30, 216, 9, 675, -601, -21, 118, 845, 37;
37, 223, 17, 732, -541, 27, 146, 872, 68;
29, 215, 9, 643, -627, -19, 113, 839, 38;
31, 217, 13, 656, -610, 0, 122, 848, 51;
27, 213, 10, 608, -653, -18, 107, 832, 39;
27, 213, 10, 594, -661, -15, 105, 831, 41;
28, 214, 13, 597, -651, 0, 111, 838, 50;
22, 209, 7, 530, -711, -32, 87, 815, 31;
24, 210, 10, 535, -697, -15, 94, 822, 41;
21, 208, 8, 497, -726, -26, 83, 812, 34;
23, 211, 12, 509, -704, -4, 93, 823, 47;
21, 209, 11, 476, -726, -12, 84, 816, 43;
20, 208, 10, 450, -741, -15, 78, 811, 41;
17, 205, 8, 411, -769, -27, 67, 801, 33;
15, 204, 8, 386, -780, -29, 62, 798, 32;
19, 209, 13, 410, -742, 2, 77, 815, 52;
19, 209, 13, 393, -745, 5, 75, 815, 54;
15, 205, 10, 340, -783, -14, 58, 801, 42;
19, 210, 16, 371, -737, 21, 76, 821, 64;
16, 207, 14, 324, -767, 6, 62, 810, 54;
11, 203, 10, 267, -807, -16, 44, 794, 40;
12, 205, 12, 263, -793, -3, 48, 801, 49;
10, 204, 12, 235, -802, -5, 41, 798, 47;
14, 209, 17, 261, -758, 26, 57, 818, 67;
5, 201, 8, 157, -842, -26, 20, 783, 34;
12, 209, 17, 212, -766, 26, 48, 816, 67;
5, 203, 11, 134, -823, -8, 22, 793, 45;
7, 206, 14, 140, -796, 11, 30, 804, 57;
6, 206, 15, 117, -796, 12, 26, 805, 58;
3, 203, 12, 69, -822, -3, 11, 794, 48;
6, 207, 16, 84, -783, 23, 23, 810, 65;
4, 207, 16, 57, -786, 22, 18, 809, 64;
-5, 199, 7, -48, -867, -32, -19, 776, 30;
0, 205, 14, -10, -804, 9, 1, 802, 57;
-2, 204, 13, -49, -818, 0, -9, 796, 50;
-8, 199, 8, -119, -863, -30, -32, 777, 31;
-5, 203, 12, -105, -822, -4, -21, 794, 48;
-4, 205, 14, -112, -802, 7, -18, 802, 55;
-7, 204, 12, -149, -812, -1, -28, 797, 50;
-4, 209, 17, -133, -768, 25, -16, 815, 67;
-11, 202, 10, -218, -825, -14, -45, 791, 41;
-11, 204, 11, -231, -809, -7, -45, 796, 46;
-14, 203, 10, -270, -819, -16, -56, 791, 40;
-16, 202, 8, -306, -826, -25, -65, 787, 35;
-12, 208, 14, -275, -766, 11, -47, 812, 57;
-18, 203, 9, -351, -812, -24, -73, 791, 36;
-11, 211, 17, -297, -728, 27, -46, 825, 68;
-16, 208, 14, -352, -752, 6, -63, 814, 54;
-13, 213, 18, -337, -706, 31, -51, 832, 70;
-17, 210, 14, -393, -731, 9, -70, 820, 56;
-22, 207, 10, -452, -759, -14, -89, 807, 41;
-17, 214, 17, -409, -685, 28, -66, 836, 68;
-23, 209, 12, -482, -726, -5, -91, 817, 47;
-19, 215, 17, -453, -666, 27, -75, 841, 68;
-24, 212, 13, -513, -694, 1, -95, 827, 52;
-28, 210, 10, -559, -708, -14, -109, 820, 41;
-29, 210, 10, -584, -701, -17, -115, 821, 40;
-32, 209, 8, -625, -710, -31, -127, 815, 31;
-24, 219, 17, -554, -607, 28, -93, 856, 68;
-29, 215, 12, -621, -641, -2, -116, 839, 49;
-28, 218, 14, -620, -609, 10, -112, 851, 57;
-28, 220, 15, -629, -585, 17, -111, 858, 61;
-27, 222, 17, -629, -553, 29, -107, 869, 69;
-38, 214, 8, -738, -630, -31, -148, 835, 31;
-32, 221, 13, -699, -559, 5, -128, 862, 54;
-33, 222, 14, -713, -541, 7, -130, 867, 55;
-40, 216, 7, -789, -586, -31, -158, 846, 31;
-39, 219, 9, -787, -552, -20, -153, 857, 38;
-40, 220, 9, -808, -541, -23, -158, 859, 36;
-39, 223, 11, -802, -503, -9, -152, 872, 45;
-43, 221, 8, -848, -518, -30, -168, 863, 32;
-39, 226, 12, -822, -462, -3, -154, 883, 48;
-43, 224, 9, -865, -474, -23, -169, 876, 36;
-36, 233, 17, -804, -382, 26, -140, 911, 67;
-44, 227, 9, -884, -432, -19, -171, 887, 38;
-39, 233, 15, -848, -366, 13, -153, 912, 59;
-41, 233, 13, -877, -366, 0, -163, 909, 51;
-46, 230, 9, -923, -382, -22, -179, 899, 37;
-46, 232, 9, -931, -361, -20, -180, 904, 38;
-39, 240, 17, -871, -273, 25, -153, 938, 66;
-41, 240, 15, -897, -270, 14, -162, 936, 59;
-45, 238, 12, -934, -279, -4, -175, 929, 48;
-49, 235, 7, -983, -301, -31, -194, 917, 31;
-48, 237, 9, -977, -267, -22, -190, 927, 36;
-43, 244, 14, -933, -197, 10, -170, 953, 57;
-41, 247, 16, -920, -158, 23, -163, 966, 65;
-44, 246, 14, -948, -160, 8, -174, 962, 56;
-44, 248, 14, -950, -137, 10, -173, 968, 57;
-46, 248, 13, -966, -129, 2, -179, 968, 52;
-47, 248, 12, -979, -117, -3, -183, 969, 48;
-48, 248, 11, -996, -111, -12, -190, 969, 43;
-44, 254, 15, -955, -47, 16, -172, 992, 61;
-45, 254, 14, -964, -34, 11, -175, 994, 58;
-47, 253, 12, -988, -36, -3, -185, 990, 48;
-51, 251, 8, -1028, -55, -29, -202, 978, 32;
-43, 260, 16, -948, 45, 23, -168, 1017, 65;
-50, 254, 9, -1015, -1, -21, -196, 994, 37;
-42, 263, 17, -941, 91, 26, -166, 1029, 67;
-50, 257, 9, -1014, 37, -23, -197, 1003, 36;
-43, 265, 16, -942, 126, 22, -168, 1037, 65;
-43, 267, 16, -940, 146, 22, -167, 1041, 64;
-41, 269, 18, -923, 180, 31, -161, 1052, 70;
-43, 268, 15, -943, 175, 14, -170, 1047, 60;
-50, 263, 8, -1003, 131, -28, -196, 1025, 33;
-45, 268, 12, -956, 192, 0, -178, 1047, 50;
-41, 274, 17, -909, 254, 26, -160, 1069, 67;
-48, 268, 9, -972, 203, -19, -188, 1045, 38;
-46, 271, 11, -947, 241, -8, -179, 1057, 45;
-39, 278, 17, -883, 317, 29, -154, 1086, 69;
-43, 275, 13, -911, 300, 5, -168, 1075, 54;
-43, 275, 12, -912, 308, -1, -170, 1076, 49;
-46, 273, 9, -935, 294, -23, -182, 1067, 36;
-43, 277, 11, -902, 336, -8, -171, 1081, 45;
-42, 278, 12, -887, 359, -5, -167, 1088, 47;
-43, 278, 10, -889, 364, -14, -170, 1087, 42;
-44, 278, 9, -888, 371, -21, -173, 1087, 37;
-37, 286, 15, -816, 448, 17, -146, 1115, 61;
-40, 283, 12, -836, 433, -3, -157, 1106, 48;
-35, 289, 16, -780, 492, 24, -137, 1128, 65;
-40, 284, 11, -822, 454, -12, -157, 1109, 42;
-33, 291, 17, -748, 530, 26, -130, 1138, 67;
-31, 293, 18, -724, 555, 32, -124, 1146, 71;
-35, 290, 14, -746, 533, 7, -136, 1134, 55;
-40, 286, 8, -785, 494, -29, -156, 1115, 32;
-29, 296, 18, -678, 600, 31, -115, 1157, 70;
-34, 292, 12, -713, 563, -3, -134, 1139, 49;
-35, 291, 10, -715, 559, -16, -138, 1135, 40;
-35, 291, 9, -702, 567, -19, -137, 1136, 38;
-35, 291, 8, -695, 571, -26, -138, 1135, 34;
-31, 295, 12, -645, 615, -6, -122, 1151, 47;
-34, 292, 8, -661, 594, -29, -133, 1140, 32;
-29, 297, 12, -603, 645, -3, -113, 1159, 48;
-28, 297, 12, -584, 656, -4, -110, 1162, 48;
-24, 302, 15, -533, 699, 16, -93, 1178, 61;
-26, 299, 12, -540, 683, -2, -101, 1169, 49;
-22, 302, 15, -498, 715, 12, -88, 1181, 58;
-22, 302, 13, -488, 715, 4, -89, 1179, 53;
-24, 299, 10, -494, 697, -14, -97, 1169, 42;
-22, 302, 12, -459, 720, -5, -87, 1177, 47;
-24, 299, 9, -465, 701, -23, -94, 1168, 36;
-18, 304, 13, -402, 751, 3, -73, 1187, 53;
-21, 301, 10, -410, 729, -16, -82, 1177, 40;
-13, 309, 17, -322, 802, 26, -50, 1206, 67;
-15, 306, 14, -329, 778, 6, -59, 1195, 54;
-12, 308, 15, -293, 798, 14, -49, 1202, 60;
-17, 303, 9, -322, 752, -20, -67, 1181, 38;
-13, 306, 12, -274, 782, -4, -52, 1193, 48;
-13, 305, 11, -260, 777, -10, -52, 1190, 44;
-10, 307, 13, -221, 798, 0, -41, 1198, 50;
-7, 309, 14, -179, 820, 11, -29, 1206, 58;
-6, 309, 14, -157, 821, 9, -26, 1206, 57;
-9, 306, 11, -166, 791, -12, -35, 1193, 43;
-8, 305, 10, -145, 790, -14, -32, 1193, 41;
-4, 309, 13, -92, 822, 4, -15, 1205, 53;
-7, 304, 9, -109, 781, -23, -28, 1188, 36;
-4, 306, 11, -65, 802, -10, -15, 1196, 44;
1, 311, 16, 3, 847, 18, 6, 1215, 62;
1, 310, 14, 13, 832, 8, 5, 1209, 56;
5, 313, 17, 66, 861, 27, 21, 1221, 68;
-2, 303, 8, 3, 772, -30, -10, 1184, 31;
2, 307, 12, 68, 811, -3, 11, 1200, 48;
4, 308, 12, 95, 812, -2, 17, 1201, 49;
9, 312, 17, 160, 850, 25, 38, 1217, 66;
6, 307, 12, 141, 804, -3, 25, 1199, 48;
6, 306, 11, 154, 789, -11, 24, 1193, 43;
6, 304, 10, 168, 775, -18, 25, 1188, 39;
6, 303, 9, 184, 762, -24, 26, 1183, 35;
11, 306, 12, 240, 789, -2, 43, 1195, 49;
10, 304, 10, 247, 767, -13, 41, 1187, 42;
16, 309, 16, 320, 810, 18, 66, 1206, 62;
10, 301, 8, 273, 733, -28, 41, 1175, 33;
13, 303, 10, 316, 746, -15, 53, 1181, 41;
19, 307, 15, 381, 781, 12, 75, 1197, 58;
22, 308, 17, 423, 793, 26, 87, 1203, 67;
14, 299, 8, 364, 702, -28, 58, 1167, 33;
22, 305, 14, 447, 754, 11, 87, 1190, 58;
26, 307, 17, 497, 772, 29, 102, 1199, 69;
23, 303, 14, 485, 729, 7, 93, 1183, 55;
22, 300, 11, 481, 694, -9, 86, 1170, 45;
27, 304, 16, 546, 727, 19, 108, 1185, 63;
24, 298, 11, 522, 671, -9, 94, 1164, 44;
25, 298, 11, 546, 663, -7, 99, 1163, 46;
29, 300, 14, 595, 680, 11, 115, 1172, 58;
30, 299, 14, 614, 667, 10, 118, 1168, 57;
28, 296, 12, 607, 628, -6, 111, 1154, 46;
30, 296, 13, 636, 625, 0, 118, 1155, 51;
30, 294, 12, 646, 603, -5, 118, 1148, 47;
31, 293, 12, 664, 588, -6, 121, 1144, 47;
29, 289, 9, 656, 548, -22, 114, 1130, 36;
33, 292, 12, 703, 563, -3, 129, 1139, 48;
31, 288, 9, 692, 520, -22, 121, 1123, 37;
39, 294, 16, 778, 574, 24, 153, 1149, 66;
35, 288, 12, 749, 514, -5, 137, 1126, 47;
34, 285, 10, 747, 480, -17, 133, 1115, 40;
38, 288, 13, 795, 496, 4, 149, 1124, 53;
39, 287, 14, 813, 483, 6, 154, 1122, 55;
39, 285, 13, 819, 459, 1, 153, 1114, 52;
36, 281, 10, 803, 412, -18, 143, 1097, 39;
44, 287, 17, 886, 464, 28, 175, 1122, 68;
44, 285, 16, 891, 439, 23, 174, 1115, 65;
42, 281, 13, 873, 391, 3, 164, 1098, 53;
39, 277, 10, 858, 347, -13, 155, 1083, 42;
43, 279, 14, 901, 360, 7, 170, 1091, 55;
45, 279, 15, 922, 352, 14, 177, 1091, 60;
39, 272, 9, 871, 273, -25, 154, 1061, 35;
46, 277, 15, 944, 317, 16, 181, 1083, 61;
46, 275, 15, 947, 292, 13, 181, 1076, 59;
45, 273, 13, 943, 261, 5, 177, 1066, 54;
41, 268, 9, 913, 204, -19, 163, 1045, 38;
46, 271, 14, 958, 223, 6, 180, 1057, 54;
49, 272, 17, 993, 231, 25, 193, 1063, 66;
48, 269, 15, 983, 196, 14, 188, 1052, 60;
45, 265, 12, 961, 148, -3, 178, 1036, 48;
46, 265, 13, 971, 134, 0, 181, 1033, 51;
42, 259, 9, 940, 78, -22, 167, 1013, 36;
42, 257, 8, 932, 47, -29, 163, 1004, 32;
48, 262, 14, 994, 86, 9, 188, 1024, 57;
46, 259, 12, 975, 45, -4, 180, 1010, 48;
46, 257, 12, 978, 26, -2, 181, 1005, 49;
48, 258, 14, 998, 24, 9, 189, 1008, 57;
44, 253, 10, 962, -31, -14, 174, 988, 42;
51, 258, 17, 1024, 10, 27, 200, 1009, 68;
42, 248, 8, 936, -96, -30, 164, 968, 32;
45, 250, 12, 970, -81, -6, 178, 978, 47;
44, 247, 10, 952, -116, -16, 172, 966, 40;
50, 252, 16, 1009, -77, 23, 196, 986, 65;
45, 247, 12, 966, -137, -2, 179, 965, 49;
45, 246, 12, 963, -156, -1, 179, 960, 49;
41, 240, 8, 915, -219, -30, 160, 937, 31;
41, 239, 8, 916, -232, -25, 162, 935, 34;
45, 243, 13, 951, -211, 1, 178, 947, 51;
42, 238, 10, 917, -258, -16, 165, 931, 40;
49, 244, 17, 976, -212, 27, 191, 953, 67;
44, 239, 13, 931, -269, 2, 174, 933, 52;
41, 234, 10, 892, -318, -17, 160, 916, 40;
43, 236, 13, 912, -308, 1, 170, 923, 51;
46, 239, 16, 936, -293, 24, 183, 933, 66;
47, 239, 18, 937, -301, 31, 185, 933, 70;
41, 232, 12, 871, -375, -5, 160, 905, 47;
36, 227, 8, 824, -429, -29, 143, 885, 32;
40, 229, 12, 848, -411, -4, 156, 896, 47;
35, 224, 8, 799, -465, -29, 139, 876, 32;
39, 228, 13, 832, -437, 1, 155, 891, 51;
35, 223, 9, 779, -494, -25, 136, 870, 35;
36, 224, 11, 788, -487, -9, 143, 876, 45;
42, 229, 17, 829, -448, 27, 164, 895, 68;
33, 220, 9, 741, -538, -21, 131, 860, 37;
33, 220, 10, 730, -549, -18, 130, 858, 39;
39, 225, 16, 777, -502, 24, 153, 881, 65;
35, 222, 14, 736, -542, 7, 139, 866, 55;
29, 215, 8, 664, -612, -29, 114, 840, 32;
37, 223, 17, 728, -545, 24, 144, 870, 66;
31, 217, 12, 668, -602, -3, 123, 849, 48;
35, 221, 17, 693, -573, 25, 138, 863, 66;
30, 216, 12, 633, -628, -2, 117, 843, 49;
31, 218, 15, 640, -614, 15, 124, 850, 60;
29, 216, 14, 608, -640, 7, 116, 842, 55;
28, 215, 14, 590, -651, 7, 112, 839, 55;
28, 215, 14, 574, -658, 10, 110, 838, 57;
22, 209, 9, 506, -717, -20, 87, 816, 38;
24, 211, 12, 510, -704, -4, 93, 823, 48;
23, 211, 13, 497, -705, 1, 93, 824, 51;
21, 209, 11, 463, -728, -7, 84, 816, 46;
19, 207, 10, 429, -750, -14, 75, 809, 41;
22, 210, 14, 444, -722, 9, 86, 822, 57;
23, 212, 16, 443, -709, 24, 90, 829, 65;
17, 207, 12, 375, -763, -6, 67, 808, 47;
15, 205, 11, 344, -779, -11, 60, 803, 43;
17, 209, 14, 355, -753, 10, 69, 815, 57;
15, 207, 13, 323, -768, 5, 62, 810, 54;
16, 209, 16, 320, -754, 18, 66, 816, 62;
12, 206, 13, 268, -788, 0, 50, 804, 51;
14, 208, 16, 272, -766, 18, 57, 813, 62;
5, 200, 7, 171, -847, -32, 20, 781, 30;
7, 203, 11, 177, -822, -12, 28, 792, 43;
12, 209, 17, 214, -764, 28, 49, 816, 68;
4, 201, 10, 120, -838, -18, 16, 786, 39;
9, 208, 16, 159, -776, 24, 38, 812, 66;
6, 206, 15, 117, -796, 12, 26, 804, 58;
7, 207, 16, 106, -784, 21, 27, 810, 64;
-1, 199, 8, 8, -859, -26, -7, 779, 34;
1, 204, 13, 28, -816, 2, 6, 797, 52;
2, 206, 15, 22, -797, 14, 9, 805, 60;
0, 206, 15, -4, -798, 13, 3, 804, 59;
-6, 200, 9, -83, -853, -23, -23, 782, 36;
-2, 205, 14, -59, -803, 9, -7, 802, 56;
-1, 207, 16, -65, -782, 21, -4, 810, 64;
-6, 203, 12, -131, -821, -5, -26, 794, 47;
-3, 208, 17, -110, -773, 24, -12, 813, 66;
-11, 202, 10, -198, -833, -17, -42, 788, 40;
-10, 204, 11, -206, -813, -6, -40, 796, 46;
-11, 204, 12, -226, -804, -3, -43, 799, 48;
-6, 210, 17, -199, -748, 30, -26, 821, 69;
-14, 204, 11, -287, -807, -12, -57, 796, 43;
-17, 203, 9, -321, -812, -19, -66, 793, 38;
-14, 207, 13, -307, -768, 5, -55, 810, 54;
-11, 212, 18, -289, -720, 32, -42, 828, 71;
-15, 210, 15, -340, -740, 14, -58, 819, 59;
-19, 207, 12, -394, -764, -6, -75, 808, 46;
-14, 213, 17, -362, -701, 29, -57, 832, 69;
-25, 204, 8, -473, -780, -28, -98, 798, 33;
-18, 213, 16, -422, -698, 19, -72, 831, 63;
-17, 215, 17, -428, -673, 30, -69, 840, 69;
-26, 208, 10, -517, -730, -14, -101, 814, 41;
-28, 208, 9, -549, -730, -21, -109, 813, 37;
-27, 210, 10, -558, -707, -13, -108, 820, 42;
-27, 212, 12, -564, -681, -4, -106, 829, 48;
-31, 210, 9, -616, -701, -25, -123, 819, 35;
-32, 210, 9, -635, -688, -25, -127, 822, 35;
-28, 216, 14, -606, -627, 7, -110, 845, 55;
-30, 216, 13, -636, -624, 0, -118, 844, 51;
-36, 212, 7, -703, -659, -32, -142, 827, 30;
-36, 214, 9, -710, -634, -24, -141, 835, 35;
-36, 215, 9, -727, -619, -24, -143, 839, 35;
-38, 215, 7, -756, -616, -31, -151, 838, 31;
-32, 222, 14, -707, -535, 11, -127, 869, 58;
-35, 222, 13, -741, -537, 0, -138, 866, 51;
-33, 225, 15, -733, -498, 16, -131, 880, 61;
-39, 221, 10, -795, -528, -14, -153, 864, 41;
-39, 223, 11, -800, -502, -8, -152, 872, 45;
-38, 225, 12, -805, -476, -1, -150, 881, 49;
-34, 232, 17, -771, -410, 30, -133, 905, 69;
-36, 231, 16, -800, -409, 19, -142, 903, 63;
-37, 232, 16, -813, -391, 19, -144, 907, 63;
-35, 235, 18, -807, -355, 32, -139, 919, 70;
-43, 230, 11, -882, -400, -9, -167, 898, 45;
-44, 230, 10, -905, -393, -17, -174, 897, 40;
-46, 230, 9, -925, -384, -23, -180, 898, 36;
-40, 237, 15, -879, -309, 13, -159, 926, 59;
-41, 238, 15, -887, -288, 14, -160, 931, 60;
-40, 241, 16, -884, -257, 23, -157, 941, 65;
-44, 238, 13, -927, -272, 0, -173, 932, 50;
-48, 236, 9, -973, -291, -25, -190, 921, 35;
-47, 239, 10, -965, -256, -15, -185, 932, 41;
-43, 244, 14, -933, -197, 10, -170, 953, 57;
-42, 246, 15, -929, -168, 17, -167, 962, 61;
-48, 242, 10, -984, -196, -15, -188, 947, 41;
-46, 246, 13, -966, -154, 0, -180, 961, 50;
-50, 243, 8, -1010, -173, -26, -197, 950, 34;
-47, 248, 11, -984, -123, -7, -186, 967, 46;
-50, 247, 9, -1009, -124, -21, -195, 963, 37;
-46, 252, 13, -976, -68, 2, -181, 983, 52;
-51, 248, 8, -1024, -94, -28, -201, 969, 33;
-44, 256, 15, -962, -10, 13, -174, 1000, 59;
-51, 251, 8, -1025, -52, -28, -201, 979, 33;
-50, 253, 9, -1018, -24, -23, -197, 988, 36;
-45, 260, 15, -964, 49, 12, -175, 1015, 58;
-47, 259, 12, -988, 45, -4, -185, 1010, 48;
-49, 258, 10, -1006, 45, -17, -193, 1006, 40;
-48, 260, 11, -994, 75, -11, -189, 1015, 43;
-51, 258, 8, -1020, 66, -30, -200, 1008, 31;
-45, 265, 13, -962, 140, 5, -177, 1036, 54;
-47, 264, 11, -980, 139, -9, -186, 1032, 45;
-45, 268, 13, -954, 180, 4, -176, 1045, 53;
-46, 267, 12, -965, 183, -6, -182, 1044, 46;
-46, 269, 12, -956, 207, -4, -179, 1050, 48;
-42, 273, 15, -919, 257, 15, -166, 1067, 60;
-44, 273, 13, -930, 258, 3, -172, 1064, 52;
-43, 274, 13, -923, 276, 2, -171, 1069, 52;
-45, 273, 11, -932, 279, -8, -176, 1067, 45;
-39, 280, 16, -873, 347, 24, -154, 1092, 66;
-39, 281, 16, -863, 366, 24, -152, 1097, 66;
-43, 277, 12, -896, 342, -4, -168, 1083, 48;
-46, 275, 8, -920, 326, -27, -181, 1074, 33;
-38, 283, 15, -841, 411, 17, -151, 1106, 61;
-37, 285, 16, -822, 437, 22, -145, 1114, 64;
-42, 280, 10, -867, 398, -15, -167, 1095, 41;
-41, 283, 11, -843, 426, -8, -160, 1104, 45;
-34, 290, 17, -770, 502, 30, -133, 1132, 70;
-41, 283, 9, -832, 444, -19, -161, 1105, 38;
-38, 287, 12, -793, 484, -3, -149, 1119, 48;
-35, 290, 14, -757, 522, 10, -137, 1132, 57;
-39, 286, 9, -788, 491, -20, -154, 1117, 38;
-36, 289, 11, -754, 525, -8, -143, 1128, 45;
-30, 295, 16, -689, 589, 24, -120, 1152, 65;
-36, 290, 10, -732, 544, -16, -142, 1131, 40;
-29, 297, 16, -654, 619, 24, -113, 1160, 66;
-29, 296, 15, -651, 619, 14, -116, 1157, 59;
-33, 293, 11, -671, 595, -10, -128, 1145, 44;
-32, 294, 11, -652, 608, -10, -125, 1148, 44;
-29, 297, 13, -614, 641, 2, -113, 1160, 52;
-32, 293, 8, -637, 611, -26, -127, 1145, 34;
-32, 294, 8, -621, 619, -28, -125, 1147, 33;
-31, 295, 8, -599, 633, -27, -121, 1150, 33;
-24, 301, 14, -523, 700, 9, -94, 1176, 56;
-22, 303, 15, -494, 719, 14, -87, 1182, 60;
-25, 299, 10, -514, 688, -13, -100, 1167, 42;
-24, 300, 11, -488, 703, -9, -94, 1172, 45;
-22, 301, 12, -460, 719, -5, -87, 1177, 47;
-25, 298, 7, -477, 689, -31, -100, 1163, 31;
-24, 299, 8, -453, 699, -30, -95, 1166, 31;
-20, 302, 10, -404, 734, -13, -80, 1179, 42;
-16, 305, 13, -357, 766, 2, -65, 1191, 52;
-21, 300, 7, -387, 720, -32, -83, 1171, 30;
-16, 304, 11, -329, 762, -9, -64, 1187, 45;
-16, 303, 10, -314, 760, -14, -63, 1185, 41;
-8, 310, 17, -229, 827, 25, -33, 1212, 67;
-9, 309, 15, -225, 813, 13, -37, 1205, 59;
-6, 310, 16, -186, 832, 22, -27, 1212, 64;
-13, 303, 8, -236, 762, -26, -53, 1183, 34;
-6, 309, 14, -155, 823, 10, -25, 1207, 57;
-7, 307, 12, -151, 807, -2, -28, 1200, 49;
-3, 310, 15, -104, 832, 12, -15, 1210, 58;
-9, 303, 8, -143, 770, -29, -37, 1184, 32;
-7, 304, 8, -115, 775, -27, -30, 1186, 33;
1, 312, 16, -12, 855, 24, 6, 1218, 66;
0, 309, 13, -19, 824, 3, -2, 1205, 53;
4, 312, 17, 37, 857, 25, 15, 1219, 66;
4, 311, 16, 55, 849, 20, 17, 1216, 63;
0, 306, 10, 26, 795, -15, 0, 1194, 41;
5, 310, 15, 95, 838, 14, 22, 1212, 59;
2, 306, 10, 77, 794, -14, 9, 1194, 42;
9, 311, 16, 155, 844, 21, 36, 1215, 64;
10, 311, 16, 179, 841, 21, 40, 1214, 64;
11, 310, 16, 200, 835, 18, 43, 1212, 62;
8, 306, 12, 187, 794, -5, 33, 1196, 47;
8, 305, 11, 203, 781, -11, 33, 1191, 43;
8, 303, 9, 212, 761, -21, 32, 1184, 37;
10, 304, 10, 247, 767, -13, 41, 1187, 42;
10, 302, 9, 258, 749, -22, 40, 1180, 37;
18, 309, 16, 350, 811, 23, 73, 1207, 65;
17, 306, 14, 352, 782, 8, 68, 1196, 56;
21, 309, 17, 404, 804, 28, 85, 1207, 68;
20, 306, 15, 403, 773, 12, 79, 1195, 58;
14, 299, 8, 361, 699, -30, 56, 1166, 31;
23, 306, 15, 454, 762, 16, 90, 1193, 61;
20, 301, 11, 441, 717, -6, 80, 1176, 46;
26, 305, 16, 506, 750, 21, 101, 1192, 64;
19, 297, 9, 459, 672, -23, 77, 1161, 36;
29, 305, 17, 558, 739, 27, 113, 1190, 68;
21, 296, 8, 498, 647, -26, 83, 1154, 34;
23, 296, 10, 529, 646, -18, 92, 1156, 39;
28, 299, 13, 584, 669, 4, 110, 1167, 53;
24, 293, 8, 558, 611, -26, 95, 1145, 34;
32, 299, 15, 640, 661, 15, 124, 1168, 60;
33, 298, 15, 661, 649, 16, 128, 1165, 61;
31, 295, 13, 660, 616, 3, 124, 1154, 53;
37, 299, 17, 718, 643, 30, 144, 1167, 69;
33, 293, 13, 692, 584, 0, 129, 1145, 51;
35, 294, 15, 726, 586, 12, 139, 1149, 58;
30, 287, 9, 688, 516, -24, 120, 1122, 35;
33, 288, 11, 724, 520, -11, 130, 1126, 43;
31, 285, 8, 717, 482, -26, 124, 1113, 34;
38, 290, 14, 788, 521, 10, 150, 1132, 57;
33, 283, 9, 751, 453, -24, 131, 1106, 35;
40, 288, 14, 819, 490, 11, 156, 1124, 57;
35, 282, 9, 784, 423, -21, 138, 1099, 37;
38, 283, 11, 817, 425, -8, 149, 1103, 45;
35, 278, 7, 795, 373, -31, 137, 1085, 31;
42, 283, 14, 871, 419, 10, 165, 1106, 57;
41, 280, 12, 863, 381, -3, 159, 1094, 49;
42, 279, 13, 879, 367, 0, 164, 1091, 51;
39, 275, 9, 857, 316, -21, 152, 1073, 37;
46, 281, 16, 934, 364, 22, 182, 1096, 65;
45, 278, 15, 932, 333, 15, 179, 1086, 60;
46, 277, 15, 940, 314, 14, 180, 1081, 60;
39, 268, 7, 879, 224, -32, 152, 1047, 30;
48, 275, 16, 967, 285, 21, 187, 1076, 64;
49, 275, 17, 982, 273, 26, 192, 1074, 67;
44, 269, 12, 944, 208, -3, 174, 1050, 48;
42, 265, 9, 924, 162, -20, 165, 1035, 37;
46, 268, 13, 968, 180, 4, 182, 1046, 53;
48, 268, 15, 991, 178, 16, 190, 1048, 61;
43, 261, 9, 939, 102, -20, 168, 1020, 38;
46, 263, 13, 976, 115, 1, 182, 1029, 52;
47, 262, 13, 979, 94, 1, 183, 1024, 51;
44, 259, 11, 961, 53, -12, 175, 1010, 43;
47, 260, 13, 985, 55, 2, 184, 1014, 52;
43, 254, 9, 949, -2, -22, 169, 993, 37;
42, 252, 8, 938, -34, -29, 164, 983, 32;
42, 251, 8, 944, -49, -26, 167, 981, 34;
49, 257, 15, 1008, -5, 17, 194, 1002, 61;
44, 250, 10, 958, -74, -15, 173, 977, 41;
42, 247, 8, 935, -116, -29, 164, 963, 32;
51, 254, 17, 1017, -52, 26, 199, 993, 67;
50, 253, 17, 1011, -75, 24, 197, 987, 66;
41, 243, 8, 927, -176, -28, 163, 949, 33;
45, 245, 12, 958, -160, -4, 177, 958, 47;
48, 247, 15, 982, -152, 13, 187, 965, 59;
45, 243, 12, 949, -200, -4, 175, 949, 48;
46, 244, 14, 962, -201, 8, 182, 952, 56;
45, 241, 13, 945, -231, 1, 176, 942, 51;
47, 242, 15, 960, -228, 16, 184, 947, 61;
45, 240, 14, 942, -258, 9, 179, 938, 57;
46, 240, 15, 940, -270, 14, 180, 936, 59;
44, 237, 13, 916, -304, 4, 172, 925, 53;
46, 238, 16, 930, -300, 19, 180, 930, 63;
45, 237, 16, 920, -318, 20, 178, 925, 63;
43, 234, 14, 891, -355, 8, 169, 913, 56;
42, 232, 14, 877, -376, 6, 165, 908, 54;
44, 233, 16, 884, -374, 19, 171, 911, 62;
35, 225, 8, 801, -463, -27, 140, 877, 33;
42, 231, 15, 856, -413, 17, 165, 901, 61;
34, 222, 8, 776, -497, -27, 135, 869, 34;
38, 226, 13, 805, -470, 1, 150, 883, 52;
39, 226, 14, 802, -476, 9, 152, 883, 56;
39, 226, 15, 792, -487, 12, 152, 882, 58;
32, 219, 9, 722, -558, -23, 126, 855, 36;
37, 223, 14, 757, -522, 10, 144, 872, 57;
30, 216, 8, 684, -594, -27, 118, 845, 33;
37, 223, 16, 743, -533, 23, 146, 873, 65;
35, 222, 15, 718, -556, 18, 140, 866, 62;
27, 214, 8, 633, -637, -26, 109, 834, 34;
33, 219, 14, 672, -593, 11, 129, 855, 58;
27, 213, 10, 608, -653, -18, 107, 832, 39;
28, 214, 12, 610, -645, -4, 112, 838, 48;
33, 219, 17, 643, -605, 30, 130, 856, 69;
27, 213, 12, 573, -668, -3, 105, 832, 48;
22, 209, 8, 517, -715, -27, 87, 815, 34;
24, 211, 11, 525, -698, -7, 95, 824, 46;
21, 209, 10, 490, -723, -17, 85, 815, 40;
19, 207, 9, 458, -745, -24, 77, 808, 35;
27, 215, 17, 518, -673, 29, 107, 839, 69;
22, 210, 13, 456, -723, 3, 86, 820, 52;
19, 208, 11, 416, -750, -8, 74, 811, 45;
22, 211, 15, 432, -721, 16, 86, 824, 61;
22, 212, 17, 427, -711, 28, 89, 830, 68;
13, 204, 9, 328, -795, -22, 53, 796, 37;
11, 202, 8, 296, -812, -28, 45, 790, 33;
13, 205, 11, 299, -792, -10, 52, 800, 44;
15, 208, 14, 309, -765, 11, 61, 812, 58;
12, 206, 13, 269, -787, 0, 50, 804, 51;
9, 203, 11, 225, -812, -12, 37, 794, 43;
14, 209, 16, 255, -764, 23, 55, 815, 65;
13, 209, 17, 234, -764, 25, 52, 816, 66;
4, 201, 9, 138, -840, -22, 18, 785, 37;
6, 204, 12, 143, -814, -2, 25, 796, 49;
2, 201, 9, 92, -844, -20, 10, 784, 38;
8, 208, 16, 135, -779, 24, 33, 812, 66;
0, 201, 10, 46, -845, -18, 2, 785, 39;
4, 206, 15, 73, -794, 15, 19, 806, 60;
1, 204, 13, 25, -818, 0, 4, 796, 51;
-1, 202, 11, -13, -833, -8, -5, 790, 45;
2, 207, 16, 10, -784, 23, 9, 810, 65;
0, 206, 15, -25, -794, 15, 0, 806, 60;
-7, 199, 8, -115, -858, -27, -30, 779, 33;
-2, 207, 15, -73, -790, 16, -8, 807, 61;
-5, 205, 13, -116, -806, 4, -20, 800, 53;
-2, 208, 17, -108, -770, 26, -11, 814, 67;
-13, 200, 8, -218, -852, -30, -51, 780, 31;
-10, 204, 12, -204, -811, -5, -40, 796, 47;
-13, 202, 10, -246, -824, -17, -51, 790, 40;
-7, 210, 17, -204, -753, 26, -29, 819, 67;
-9, 209, 16, -236, -756, 21, -36, 817, 64;
-15, 204, 11, -306, -797, -9, -60, 799, 44;
-17, 204, 10, -340, -800, -16, -68, 796, 40;
-15, 207, 13, -335, -765, 2, -61, 810, 52;
-18, 206, 12, -370, -770, -5, -70, 807, 47;
-19, 207, 12, -392, -761, -4, -74, 809, 47;
-20, 207, 12, -417, -755, -6, -80, 810, 46;
-20, 209, 13, -425, -732, 3, -78, 818, 53;
-19, 211, 14, -434, -710, 11, -76, 826, 58;
-25, 207, 10, -502, -746, -18, -100, 809, 39;
-22, 211, 13, -488, -701, 4, -89, 826, 53;
-25, 210, 11, -526, -707, -6, -100, 822, 46;
-30, 208, 8, -577, -727, -27, -117, 812, 34;
-26, 213, 13, -552, -669, 3, -101, 834, 53;
-27, 214, 13, -577, -662, 0, -107, 835, 51;
-31, 212, 10, -621, -673, -15, -121, 828, 41;
-31, 213, 10, -638, -658, -13, -123, 832, 42;
-26, 220, 16, -603, -592, 21, -105, 858, 64;
-26, 222, 18, -606, -562, 32, -101, 868, 71;
-31, 219, 13, -665, -589, 5, -122, 854, 54;
-28, 223, 17, -647, -539, 29, -110, 873, 69;
-34, 219, 12, -718, -578, -6, -136, 854, 46;
-33, 222, 14, -711, -539, 9, -129, 868, 56;
-35, 222, 13, -737, -534, 2, -136, 867, 52;
-36, 222, 12, -764, -528, -4, -143, 867, 48;
-33, 227, 16, -741, -474, 21, -131, 887, 64;
-36, 226, 14, -773, -475, 9, -140, 884, 57;
-35, 229, 15, -776, -446, 17, -138, 893, 61;
-43, 222, 8, -862, -502, -30, -171, 867, 31;
-41, 226, 11, -845, -454, -10, -161, 884, 44;
-37, 232, 16, -813, -391, 20, -144, 907, 63;
-35, 235, 18, -806, -354, 32, -139, 919, 71;
-45, 227, 9, -905, -423, -25, -177, 888, 35;
-47, 227, 8, -926, -414, -31, -183, 888, 31;
-41, 235, 14, -879, -338, 7, -161, 917, 55;
-40, 238, 15, -873, -303, 17, -156, 928, 61;
-43, 236, 12, -911, -312, 0, -170, 922, 50;
-43, 238, 13, -910, -283, 5, -168, 930, 54;
-45, 237, 11, -939, -285, -8, -178, 926, 45;
-40, 244, 17, -895, -212, 26, -157, 953, 67;
-46, 240, 12, -952, -243, -6, -179, 937, 47;
-46, 241, 12, -958, -223, -6, -180, 942, 47;
-46, 242, 11, -966, -204, -7, -182, 947, 46;
-44, 246, 14, -948, -161, 8, -174, 961, 56;
-44, 248, 14, -950, -137, 10, -173, 968, 57;
-46, 248, 13, -968, -131, 1, -180, 967, 51;
-43, 252, 16, -946, -84, 18, -170, 983, 62;
-51, 245, 8, -1023, -138, -30, -201, 957, 31;
-42, 256, 17, -937, -29, 28, -165, 999, 68;
-44, 255, 15, -960, -30, 14, -174, 996, 59;
-46, 254, 13, -978, -26, 2, -181, 994, 52;
-45, 256, 14, -972, 1, 7, -178, 1002, 55;
-51, 252, 8, -1024, -30, -27, -200, 985, 33;
-51, 254, 8, -1021, -7, -25, -199, 991, 35;
-48, 258, 11, -997, 36, -10, -189, 1006, 44;
-45, 262, 14, -966, 85, 9, -177, 1023, 56;
-47, 261, 12, -982, 87, -3, -184, 1021, 49;
-41, 268, 18, -926, 160, 31, -162, 1047, 70;
-47, 263, 11, -981, 122, -7, -185, 1028, 46;
-44, 268, 15, -945, 174, 13, -171, 1046, 59;
-48, 264, 10, -985, 149, -16, -189, 1033, 40;
-47, 266, 10, -975, 173, -13, -186, 1039, 42;
-48, 266, 9, -980, 182, -20, -190, 1040, 38;
-47, 268, 10, -969, 206, -17, -186, 1047, 39;
-43, 273, 14, -923, 265, 8, -169, 1068, 56;
-44, 273, 12, -931, 268, -2, -174, 1066, 49;
-49, 269, 7, -967, 243, -32, -191, 1052, 30;
-41, 278, 14, -893, 328, 11, -162, 1084, 57;
-44, 275, 11, -917, 313, -11, -175, 1075, 43;
-44, 276, 11, -907, 331, -11, -173, 1079, 43;
-46, 275, 8, -918, 327, -26, -180, 1074, 34;
-43, 278, 10, -890, 362, -15, -171, 1086, 41;
-44, 278, 9, -886, 373, -20, -172, 1087, 38;
-45, 278, 7, -891, 373, -31, -177, 1085, 31;
-43, 280, 8, -870, 399, -26, -171, 1092, 34;
-33, 290, 18, -768, 504, 32, -132, 1133, 71;
-34, 290, 17, -762, 514, 27, -132, 1134, 67;
-33, 292, 17, -747, 530, 27, -130, 1138, 67;
-38, 287, 11, -788, 491, -10, -150, 1119, 44;
-35, 290, 14, -749, 531, 5, -137, 1133, 54;
-31, 294, 16, -706, 574, 23, -123, 1148, 65;
-35, 290, 12, -732, 546, -4, -138, 1134, 48;
-34, 292, 12, -711, 565, -2, -133, 1139, 49;
-33, 293, 12, -693, 580, -1, -130, 1143, 49;
-33, 293, 11, -687, 583, -9, -131, 1142, 45;
-28, 298, 16, -624, 641, 20, -109, 1164, 63;
-32, 293, 10, -659, 601, -15, -128, 1145, 41;
-24, 302, 18, -568, 686, 32, -95, 1178, 71;
-32, 293, 9, -635, 613, -25, -127, 1146, 35;
-29, 296, 11, -596, 644, -12, -115, 1157, 43;
-21, 304, 18, -509, 723, 32, -83, 1188, 71;
-22, 303, 16, -502, 721, 23, -85, 1185, 65;
-25, 300, 12, -520, 693, -2, -98, 1171, 49;
-27, 298, 9, -528, 675, -22, -106, 1162, 37;
-18, 306, 17, -430, 761, 28, -70, 1196, 68;
-24, 299, 9, -483, 696, -21, -97, 1167, 37;
-23, 300, 9, -459, 707, -19, -92, 1171, 38;
-24, 299, 8, -450, 703, -28, -93, 1167, 33;
-21, 301, 9, -416, 722, -20, -84, 1174, 37;
-20, 302, 10, -388, 736, -17, -78, 1178, 40;
-18, 303, 10, -362, 746, -15, -72, 1181, 41;
-15, 305, 12, -321, 770, -3, -61, 1190, 48;
-8, 311, 18, -243, 831, 32, -34, 1214, 71;
-12, 307, 13, -265, 791, 1, -48, 1197, 52;
-9, 309, 15, -224, 814, 13, -37, 1205, 59;
-13, 304, 10, -244, 775, -15, -50, 1188, 41;
-9, 307, 12, -198, 801, -1, -37, 1199, 50;
-10, 305, 11, -191, 787, -12, -40, 1192, 43;
-7, 307, 12, -154, 803, -4, -30, 1198, 48;
-6, 307, 12, -130, 805, -4, -25, 1199, 47;
-5, 307, 12, -104, 810, -3, -20, 1200, 48;
0, 312, 16, -37, 853, 24, 1, 1218, 66;
-4, 306, 11, -67, 801, -11, -16, 1196, 43;
-5, 304, 8, -64, 779, -26, -21, 1187, 34;