5, 313, 18, 47, 867, 31, 19, 1223, 70;
0, 307, 11, 13, 807, -7, 0, 1199, 46;
6, 312, 16, 86, 855, 24, 24, 1218, 66;
4, 309, 14, 82, 826, 5, 17, 1206, 54;
1, 304, 9, 64, 780, -23, 4, 1188, 36;
9, 311, 16, 154, 843, 20, 35, 1215, 63;
7, 308, 13, 149, 811, 0, 28, 1202, 51;
3, 302, 7, 123, 757, -32, 11, 1180, 30;
14, 312, 17, 241, 848, 30, 55, 1218, 69;
13, 310, 16, 248, 826, 18, 52, 1210, 62;
15, 310, 16, 281, 830, 24, 60, 1212, 66;
9, 303, 9, 235, 755, -21, 36, 1182, 37;
16, 309, 15, 317, 808, 16, 65, 1205, 61;
20, 310, 18, 363, 824, 31, 78, 1212, 70;
13, 303, 10, 316, 746, -15, 53, 1181, 41;
22, 310, 18, 410, 810, 32, 87, 1209, 71;
13, 299, 8, 340, 709, -29, 53, 1169, 32;
18, 303, 12, 402, 740, -3, 73, 1183, 48;
20, 303, 13, 431, 738, 1, 80, 1184, 51;
26, 307, 18, 500, 776, 32, 104, 1201, 71;
19, 298, 9, 441, 686, -21, 75, 1165, 37;
21, 298, 10, 470, 682, -16, 81, 1165, 40;
24, 300, 13, 516, 697, 0, 96, 1173, 50;
30, 304, 17, 580, 729, 28, 117, 1188, 68;
26, 299, 13, 559, 676, 0, 104, 1168, 51;
22, 293, 8, 532, 617, -30, 89, 1146, 32;
23, 293, 8, 553, 606, -29, 93, 1143, 32;
27, 295, 11, 599, 620, -11, 107, 1151, 43;
26, 292, 9, 602, 591, -22, 104, 1141, 37;
32, 296, 13, 661, 618, 4, 124, 1154, 53;
30, 292, 11, 655, 579, -12, 118, 1141, 43;
37, 298, 17, 735, 627, 29, 147, 1163, 69;
33, 292, 12, 702, 562, -3, 129, 1138, 48;
33, 290, 11, 712, 540, -8, 129, 1132, 45;
32, 287, 10, 713, 509, -19, 126, 1121, 39;
34, 288, 11, 745, 509, -8, 136, 1124, 45;
34, 286, 10, 748, 481, -16, 134, 1115, 40;
33, 283, 9, 751, 453, -24, 131, 1106, 35;
42, 290, 17, 840, 510, 24, 165, 1133, 66;
44, 290, 18, 865, 505, 32, 172, 1133, 71;
39, 284, 13, 832, 441, 1, 155, 1110, 51;
37, 280, 10, 815, 393, -18, 145, 1093, 39;
43, 285, 16, 883, 431, 18, 171, 1111, 62;
44, 284, 16, 898, 416, 20, 174, 1108, 63;
40, 278, 11, 867, 355, -8, 159, 1086, 45;
40, 276, 10, 869, 328, -13, 157, 1078, 42;
47, 281, 17, 940, 370, 27, 184, 1098, 67;
43, 275, 12, 907, 308, -1, 168, 1076, 49;
45, 276, 14, 933, 306, 9, 177, 1078, 57;
46, 276, 15, 948, 294, 14, 181, 1076, 59;
49, 277, 17, 978, 295, 28, 192, 1080, 68;
49, 275, 17, 980, 271, 25, 191, 1073, 66;
50, 274, 17, 994, 259, 30, 195, 1071, 69;
43, 266, 10, 933, 171, -14, 169, 1039, 41;
49, 271, 16, 997, 210, 24, 194, 1058, 66;
50, 270, 17, 1009, 196, 28, 198, 1056, 68;
47, 266, 14, 985, 147, 9, 187, 1039, 56;
43, 260, 10, 949, 87, -16, 171, 1017, 40;
43, 259, 10, 950, 65, -18, 171, 1011, 39;
44, 258, 10, 955, 47, -16, 172, 1007, 40;
49, 261, 15, 1002, 72, 14, 191, 1021, 59;
49, 260, 15, 1005, 53, 14, 192, 1016, 60;
44, 254, 10, 960, -12, -15, 174, 993, 41;
42, 250, 8, 938, -55, -30, 164, 978, 32;
48, 256, 14, 999, -14, 11, 190, 999, 57;
45, 251, 11, 970, -62, -7, 178, 982, 46;
42, 247, 8, 938, -113, -27, 165, 965, 33;
49, 252, 15, 1000, -69, 15, 191, 986, 60;
42, 245, 8, 935, -151, -25, 165, 955, 35;
45, 246, 11, 957, -146, -8, 175, 961, 45;
48, 248, 15, 986, -133, 13, 188, 970, 59;
47, 247, 14, 978, -156, 11, 186, 963, 58;
40, 239, 8, 909, -240, -30, 159, 932, 31;
46, 243, 14, 959, -204, 6, 181, 950, 55;
49, 246, 17, 987, -188, 29, 194, 960, 69;
41, 236, 9, 901, -286, -22, 160, 923, 37;
48, 242, 16, 963, -237, 23, 187, 946, 65;
45, 239, 14, 933, -277, 9, 177, 933, 57;
48, 241, 18, 958, -262, 32, 189, 942, 70;
46, 238, 16, 932, -297, 21, 181, 931, 64;
40, 232, 11, 873, -365, -11, 159, 906, 44;
40, 231, 11, 865, -381, -9, 158, 902, 45;
39, 230, 11, 852, -401, -10, 155, 897, 44;
42, 232, 14, 869, -390, 8, 165, 905, 56;
36, 226, 9, 811, -453, -20, 144, 882, 37;
35, 224, 8, 789, -479, -26, 138, 873, 34;
35, 223, 9, 784, -489, -21, 138, 872, 37;
36, 224, 10, 783, -492, -13, 141, 874, 42;
37, 224, 12, 782, -496, -4, 144, 875, 48;
35, 222, 11, 756, -523, -11, 137, 866, 43;
31, 217, 7, 709, -570, -32, 121, 850, 30;
40, 227, 18, 789, -490, 32, 158, 886, 70;
33, 220, 12, 717, -561, -5, 131, 858, 47;
29, 215, 8, 668, -608, -26, 115, 842, 34;
28, 214, 8, 645, -628, -30, 110, 836, 32;
27, 214, 8, 633, -637, -26, 109, 834, 34;
31, 217, 13, 659, -607, 2, 123, 849, 52;
31, 217, 13, 644, -616, 5, 122, 848, 54;
31, 217, 14, 634, -620, 11, 122, 848, 58;
28, 215, 13, 600, -648, 1, 112, 839, 52;
22, 209, 8, 534, -707, -29, 89, 816, 32;
25, 211, 11, 544, -688, -8, 98, 826, 45;
28, 215, 16, 566, -657, 19, 112, 841, 62;
22, 210, 11, 499, -714, -11, 89, 819, 43;
23, 210, 12, 491, -712, -2, 90, 822, 49;
20, 208, 11, 457, -734, -10, 81, 814, 44;
19, 208, 11, 436, -743, -10, 77, 812, 44;
19, 208, 11, 419, -747, -6, 76, 812, 46;
20, 209, 14, 417, -735, 6, 80, 818, 55;
13, 203, 8, 337, -801, -31, 52, 792, 31;
14, 204, 9, 331, -792, -20, 54, 797, 38;
19, 210, 16, 370, -737, 21, 76, 821, 64;
10, 201, 8, 268, -823, -31, 39, 787, 31;
15, 207, 14, 302, -772, 6, 58, 809, 55;
13, 207, 14, 279, -777, 7, 54, 808, 55;
10, 204, 12, 236, -802, -5, 42, 798, 47;
14, 209, 16, 257, -762, 24, 56, 816, 66;
10, 205, 13, 203, -795, 4, 39, 803, 53;
7, 204, 12, 168, -810, -2, 30, 797, 49;
12, 209, 18, 194, -763, 31, 47, 817, 70;
7, 205, 14, 136, -800, 8, 28, 803, 56;
6, 206, 14, 115, -798, 11, 25, 804, 58;
5, 206, 15, 96, -794, 14, 23, 805, 60;
-2, 199, 7, 0, -867, -32, -10, 776, 30;
-2, 200, 9, -8, -852, -22, -9, 782, 37;
1, 205, 14, 11, -807, 7, 4, 800, 55;
-1, 203, 12, -28, -823, -2, -6, 794, 49;
2, 209, 17, -3, -772, 30, 9, 815, 70;
-3, 204, 13, -74, -817, 0, -14, 796, 50;
0, 208, 16, -63, -779, 23, -3, 811, 65;
-3, 206, 15, -101, -791, 14, -13, 806, 60;
-9, 202, 10, -168, -831, -13, -36, 789, 42;
-5, 207, 15, -145, -780, 17, -20, 810, 62;
-7, 206, 14, -183, -789, 8, -31, 805, 56;
-14, 201, 9, -255, -834, -23, -55, 786, 36;
-7, 210, 17, -203, -753, 27, -28, 819, 67;
-11, 207, 14, -259, -779, 6, -46, 807, 54;
-17, 203, 9, -323, -813, -20, -67, 792, 38;
-19, 202, 8, -359, -820, -29, -77, 788, 32;
-11, 211, 17, -295, -725, 29, -45, 826, 69;
-12, 212, 17, -317, -717, 29, -49, 828, 69;
-14, 212, 17, -347, -716, 25, -56, 827, 66;
-21, 206, 11, -424, -763, -11, -83, 807, 43;
-21, 208, 12, -437, -744, -4, -83, 813, 47;
-24, 206, 10, -480, -756, -19, -96, 807, 39;
-24, 208, 11, -490, -735, -11, -95, 814, 43;
-20, 214, 16, -461, -674, 22, -78, 837, 64;
-26, 209, 11, -535, -716, -12, -104, 818, 43;
-24, 213, 14, -527, -676, 6, -95, 833, 55;
-28, 211, 11, -575, -692, -11, -111, 824, 43;
-32, 208, 7, -626, -711, -32, -127, 815, 30;
-26, 217, 15, -576, -629, 14, -102, 846, 59;
-31, 213, 10, -638, -658, -13, -123, 832, 42;
-28, 218, 15, -614, -602, 14, -109, 853, 60;
-36, 212, 8, -702, -659, -31, -141, 828, 31;
-29, 221, 15, -647, -571, 17, -114, 862, 61;
-28, 224, 17, -644, -537, 30, -109, 874, 70;
-34, 219, 12, -711, -571, -1, -133, 857, 49;
-30, 225, 16, -688, -516, 24, -119, 877, 66;
-33, 224, 15, -720, -516, 14, -129, 874, 59;
-40, 218, 8, -797, -561, -26, -157, 853, 34;
-33, 227, 16, -743, -476, 19, -131, 886, 63;
-34, 227, 15, -762, -464, 17, -136, 888, 61;
-42, 222, 9, -840, -510, -24, -165, 866, 35;
-41, 224, 10, -842, -482, -17, -163, 875, 40;
-35, 232, 17, -788, -396, 28, -137, 908, 68;
-38, 231, 14, -828, -406, 10, -151, 901, 57;
-42, 229, 11, -869, -417, -8, -165, 894, 45;
-40, 232, 14, -857, -375, 6, -157, 908, 55;
-45, 229, 10, -907, -395, -18, -175, 896, 39;
-40, 236, 15, -870, -329, 13, -157, 921, 59;
-46, 232, 9, -930, -360, -20, -180, 905, 38;
-44, 235, 12, -915, -316, -3, -171, 920, 48;
-42, 239, 14, -901, -275, 11, -164, 934, 58;
-46, 236, 10, -947, -293, -13, -181, 923, 42;
-46, 238, 11, -947, -265, -8, -179, 931, 45;
-45, 241, 12, -944, -234, 0, -176, 941, 50;
-49, 238, 9, -987, -251, -25, -192, 931, 35;
-46, 242, 11, -966, -205, -7, -182, 947, 46;
-47, 243, 11, -979, -192, -12, -187, 949, 43;
-41, 251, 17, -923, -110, 28, -162, 979, 68;
-44, 250, 15, -948, -111, 14, -171, 975, 60;
-51, 244, 7, -1022, -161, -32, -201, 951, 30;
-41, 255, 18, -930, -45, 31, -162, 996, 70;
-44, 254, 15, -958, -50, 14, -173, 991, 59;
-42, 257, 17, -943, -13, 25, -167, 1003, 66;
-49, 251, 10, -1006, -54, -15, -192, 982, 41;
-51, 251, 8, -1027, -53, -29, -201, 979, 32;
-42, 261, 17, -942, 51, 27, -166, 1019, 67;
-44, 261, 15, -956, 57, 17, -172, 1018, 61;
-43, 263, 16, -945, 87, 24, -168, 1027, 65;
-48, 259, 11, -997, 54, -11, -189, 1010, 43;
-45, 263, 14, -968, 101, 6, -178, 1026, 54;
-48, 261, 10, -994, 92, -13, -190, 1019, 42;
-41, 269, 18, -923, 180, 31, -161, 1052, 70;
-45, 266, 13, -961, 158, 3, -178, 1040, 53;
-49, 264, 9, -993, 141, -21, -192, 1029, 37;
-43, 271, 15, -933, 216, 15, -168, 1057, 60;
-40, 275, 18, -902, 260, 31, -157, 1072, 70;
-44, 271, 13, -936, 239, 4, -173, 1060, 53;
-41, 275, 15, -908, 279, 17, -163, 1074, 61;
-49, 268, 8, -973, 226, -30, -192, 1048, 31;
-41, 277, 15, -899, 312, 13, -163, 1080, 59;
-45, 273, 10, -933, 288, -15, -179, 1067, 41;
-38, 281, 17, -858, 372, 27, -150, 1099, 68;
-47, 273, 8, -937, 301, -31, -185, 1067, 31;
-41, 280, 13, -871, 375, 5, -160, 1094, 54;
-46, 276, 8, -911, 342, -28, -179, 1077, 32;
-40, 282, 13, -852, 407, 2, -158, 1101, 52;
-42, 281, 11, -860, 404, -11, -164, 1097, 43;
-39, 284, 13, -829, 439, 0, -154, 1109, 51;
-36, 287, 15, -796, 476, 13, -143, 1122, 59;
-37, 287, 14, -792, 483, 7, -145, 1122, 55;
-33, 292, 17, -746, 532, 28, -129, 1139, 68;
-39, 286, 10, -798, 481, -16, -154, 1115, 40;
-33, 292, 15, -733, 546, 16, -131, 1140, 61;
-32, 293, 15, -716, 563, 16, -127, 1144, 61;
-39, 287, 8, -768, 510, -28, -152, 1120, 33;
-29, 297, 17, -665, 611, 28, -114, 1159, 68;
-36, 290, 9, -724, 550, -22, -142, 1131, 37;
-27, 298, 17, -631, 639, 27, -108, 1165, 68;
-36, 290, 8, -702, 564, -31, -141, 1132, 31;
-33, 292, 9, -667, 593, -20, -131, 1142, 37;
-32, 294, 10, -644, 611, -17, -126, 1147, 39;
-28, 298, 13, -592, 656, 3, -109, 1164, 53;
-30, 296, 10, -602, 638, -16, -117, 1154, 40;
-25, 300, 13, -549, 683, 5, -100, 1171, 54;
-23, 302, 15, -513, 710, 15, -90, 1180, 60;
-29, 296, 8, -561, 652, -30, -115, 1154, 32;
-23, 301, 12, -496, 706, -1, -93, 1175, 50;
-26, 298, 9, -510, 681, -24, -103, 1163, 35;
-21, 303, 13, -447, 732, 3, -82, 1182, 52;
-17, 306, 16, -399, 767, 20, -67, 1196, 63;
-16, 306, 16, -379, 774, 18, -64, 1197, 62;
-16, 305, 14, -371, 767, 9, -66, 1193, 56;
-15, 306, 14, -349, 774, 8, -62, 1194, 56;
-18, 303, 10, -358, 749, -13, -71, 1183, 42;
-11, 309, 16, -283, 808, 21, -45, 1206, 64;
-17, 303, 9, -323, 751, -20, -67, 1181, 38;
-8, 310, 16, -231, 825, 24, -34, 1211, 66;
-7, 311, 17, -205, 832, 25, -29, 1213, 67;
-12, 305, 11, -239, 779, -12, -49, 1190, 43;
-8, 308, 13, -187, 811, 5, -33, 1203, 54;
-10, 305, 10, -196, 782, -16, -42, 1190, 40;
-10, 304, 9, -178, 780, -20, -40, 1189, 38;
-4, 309, 14, -112, 823, 6, -18, 1206, 55;
-3, 309, 14, -85, 828, 8, -13, 1208, 56;
-1, 310, 14, -56, 835, 11, -6, 1210, 58;
2, 313, 18, 0, 867, 32, 10, 1223, 71;
-4, 304, 9, -60, 783, -23, -19, 1189, 36;
0, 307, 12, -8, 811, -5, -3, 1200, 47;
0, 307, 12, 17, 812, -4, 1, 1200, 48;
6, 313, 17, 92, 861, 28, 27, 1221, 68;
1, 306, 10, 51, 794, -15, 4, 1193, 41;
7, 310, 15, 120, 837, 14, 27, 1211, 60;
10, 312, 17, 165, 855, 28, 40, 1219, 68;
6, 307, 12, 141, 804, -3, 25, 1199, 48;
12, 311, 16, 208, 843, 24, 47, 1215, 66;
13, 312, 17, 238, 845, 28, 54, 1217, 68;
6, 303, 9, 183, 761, -24, 25, 1183, 35;
12, 307, 13, 251, 801, 4, 48, 1200, 53;
13, 307, 13, 272, 792, 2, 51, 1197, 52;
16, 308, 15, 312, 803, 13, 63, 1203, 59;
14, 305, 12, 311, 772, -2, 57, 1191, 49;
17, 306, 14, 348, 779, 6, 67, 1195, 54;
17, 305, 13, 367, 767, 3, 69, 1191, 53;
14, 300, 9, 347, 716, -25, 56, 1171, 35;
21, 305, 15, 426, 764, 12, 83, 1193, 58;
20, 303, 13, 431, 738, 1, 80, 1184, 51;
18, 299, 10, 423, 699, -19, 72, 1169, 39;
24, 303, 14, 489, 734, 10, 94, 1185, 57;
22, 300, 12, 486, 699, -5, 88, 1172, 47;
28, 305, 17, 556, 737, 26, 112, 1190, 67;
30, 305, 18, 585, 734, 32, 120, 1190, 71;
24, 297, 10, 538, 655, -13, 95, 1159, 42;
30, 301, 15, 602, 687, 16, 117, 1175, 61;
28, 297, 13, 598, 651, 0, 111, 1162, 51;
27, 295, 11, 602, 623, -10, 108, 1152, 44;
29, 295, 11, 626, 614, -6, 114, 1151, 46;
31, 295, 13, 656, 612, 0, 122, 1152, 51;
33, 295, 14, 682, 606, 6, 129, 1152, 54;
34, 295, 14, 707, 599, 10, 135, 1151, 57;
29, 288, 8, 669, 529, -26, 115, 1125, 34;
39, 296, 18, 774, 602, 32, 155, 1157, 71;
33, 289, 11, 725, 522, -10, 131, 1127, 44;
40, 294, 17, 800, 565, 28, 159, 1147, 68;
41, 293, 17, 818, 551, 30, 163, 1144, 69;
34, 284, 10, 760, 461, -18, 135, 1110, 39;
38, 286, 12, 801, 471, -1, 149, 1117, 50;
38, 284, 12, 811, 451, -3, 150, 1111, 48;
35, 280, 8, 792, 400, -25, 139, 1093, 35;
42, 285, 15, 863, 442, 13, 165, 1113, 59;
36, 277, 8, 812, 360, -28, 141, 1082, 33;
41, 281, 13, 871, 388, 2, 163, 1097, 52;
46, 284, 17, 919, 407, 26, 180, 1107, 67;
37, 273, 8, 843, 302, -31, 146, 1067, 31;
46, 280, 16, 927, 357, 18, 179, 1093, 62;
40, 273, 10, 885, 286, -16, 159, 1067, 40;
46, 277, 15, 942, 315, 15, 181, 1082, 60;
49, 278, 18, 975, 320, 32, 192, 1087, 70;
45, 273, 14, 945, 262, 6, 178, 1066, 54;
49, 275, 17, 981, 272, 25, 191, 1074, 67;
45, 269, 12, 947, 211, -1, 176, 1052, 49;
48, 271, 15, 977, 215, 14, 187, 1057, 60;
43, 264, 10, 934, 146, -17, 168, 1032, 39;
47, 267, 14, 981, 168, 10, 186, 1044, 57;
47, 265, 13, 977, 139, 4, 183, 1035, 53;
48, 265, 15, 995, 134, 14, 190, 1036, 59;
46, 262, 13, 978, 94, 1, 182, 1023, 51;
51, 265, 17, 1022, 114, 28, 200, 1035, 68;
44, 257, 10, 956, 26, -16, 172, 1002, 40;
43, 254, 9, 950, -1, -21, 169, 994, 37;
43, 253, 9, 950, -22, -21, 169, 989, 37;
49, 258, 15, 1007, 13, 15, 193, 1007, 60;
42, 249, 8, 939, -74, -28, 165, 974, 32;
43, 250, 10, 952, -80, -19, 171, 975, 39;
52, 256, 18, 1028, -23, 32, 202, 1002, 71;
42, 246, 9, 939, -130, -25, 166, 961, 35;
46, 249, 13, 977, -109, 1, 182, 973, 52;
46, 248, 13, 973, -130, 1, 182, 967, 52;
50, 250, 17, 1006, -113, 26, 197, 978, 67;
48, 247, 15, 984, -150, 15, 188, 966, 60;
47, 246, 15, 977, -172, 14, 187, 960, 59;
46, 244, 14, 964, -198, 9, 183, 952, 57;
49, 245, 17, 984, -192, 27, 193, 959, 68;
44, 239, 12, 930, -258, -3, 172, 934, 48;
46, 241, 15, 951, -249, 15, 182, 941, 60;
42, 236, 11, 907, -303, -7, 166, 922, 46;
38, 231, 8, 862, -358, -31, 150, 902, 31;
41, 233, 11, 882, -347, -11, 160, 910, 43;
38, 229, 8, 850, -388, -26, 149, 896, 34;
40, 230, 11, 860, -386, -12, 156, 900, 43;
43, 233, 14, 883, -369, 10, 168, 910, 57;
43, 232, 15, 876, -383, 13, 168, 907, 59;
39, 229, 12, 839, -425, -2, 155, 893, 49;
39, 228, 12, 828, -440, -1, 154, 890, 50;
38, 227, 12, 815, -457, 0, 151, 886, 50;
41, 229, 16, 832, -444, 19, 161, 894, 63;
41, 229, 17, 825, -452, 24, 162, 893, 66;
39, 227, 16, 801, -478, 18, 155, 885, 62;
35, 222, 12, 754, -526, -2, 139, 868, 49;
32, 219, 10, 715, -564, -17, 127, 855, 40;
36, 223, 15, 745, -533, 13, 143, 870, 59;
29, 215, 8, 667, -609, -27, 115, 841, 34;
36, 222, 16, 720, -553, 19, 141, 867, 63;
32, 218, 13, 673, -597, 0, 125, 851, 51;
30, 216, 12, 649, -616, -3, 119, 845, 48;
32, 218, 14, 651, -610, 9, 124, 850, 57;
30, 217, 14, 630, -625, 8, 120, 846, 56;
24, 211, 9, 562, -686, -23, 96, 823, 36;
24, 211, 10, 551, -689, -17, 96, 824, 40;
22, 209, 9, 521, -711, -24, 88, 816, 35;
30, 217, 18, 585, -638, 32, 120, 849, 70;
28, 215, 16, 551, -662, 23, 110, 840, 65;
26, 213, 15, 521, -682, 17, 103, 834, 61;
23, 211, 14, 483, -708, 6, 92, 825, 54;
22, 210, 13, 460, -719, 5, 87, 822, 54;
25, 213, 17, 472, -694, 28, 97, 834, 68;
23, 212, 16, 441, -711, 22, 90, 828, 65;
21, 211, 16, 415, -723, 20, 84, 825, 63;
14, 205, 10, 337, -786, -16, 57, 800, 40;
21, 212, 18, 385, -723, 30, 82, 827, 70;
12, 204, 10, 292, -799, -15, 49, 797, 41;
15, 208, 14, 307, -767, 10, 60, 811, 57;
16, 209, 16, 299, -757, 20, 63, 816, 63;
8, 202, 9, 215, -823, -19, 33, 790, 38;
12, 207, 15, 243, -776, 15, 50, 810, 60;
6, 201, 9, 165, -834, -20, 23, 787, 38;
9, 205, 14, 180, -798, 5, 35, 802, 54;
3, 201, 9, 115, -843, -21, 14, 784, 37;
4, 203, 11, 111, -825, -7, 18, 792, 46;
5, 205, 14, 109, -804, 7, 22, 801, 55;
-1, 199, 8, 28, -862, -30, -5, 777, 32;
6, 208, 17, 91, -776, 27, 26, 813, 68;
6, 209, 18, 72, -771, 31, 24, 815, 70;
-3, 200, 9, -33, -852, -22, -13, 782, 37;
-5, 199, 8, -67, -862, -28, -22, 778, 33;
-6, 199, 8, -89, -858, -26, -25, 779, 34;
-4, 203, 12, -82, -825, -5, -17, 793, 47;
-6, 202, 11, -113, -829, -9, -24, 791, 44;
-8, 202, 10, -143, -833, -13, -31, 789, 42;
-9, 202, 10, -170, -833, -15, -37, 788, 41;
-8, 205, 13, -171, -805, 0, -31, 799, 51;
-7, 206, 14, -182, -789, 9, -30, 805, 56;
-8, 207, 15, -198, -776, 14, -32, 810, 60;
-7, 210, 17, -201, -750, 28, -27, 820, 68;
-10, 208, 15, -245, -765, 15, -40, 813, 60;
-11, 208, 15, -268, -759, 15, -44, 814, 60;
-16, 205, 12, -324, -785, -5, -62, 803, 47;
-16, 207, 12, -341, -771, -1, -64, 807, 50;
-13, 212, 17, -321, -721, 27, -50, 827, 67;
-21, 205, 10, -412, -781, -18, -83, 800, 39;
-16, 211, 15, -381, -719, 17, -65, 825, 61;
-18, 211, 15, -406, -714, 15, -70, 826, 60;
-21, 209, 12, -454, -730, -1, -85, 817, 49;
-20, 212, 15, -451, -695, 14, -79, 830, 60;
-27, 207, 9, -529, -741, -22, -106, 809, 36;
-29, 206, 7, -565, -746, -32, -116, 806, 30;
-21, 216, 16, -501, -650, 23, -85, 844, 65;
-27, 212, 11, -568, -685, -7, -108, 827, 46;
-23, 218, 17, -536, -621, 28, -90, 852, 68;
-28, 214, 12, -601, -654, -2, -112, 836, 49;
-29, 215, 12, -619, -640, -1, -115, 840, 50;
-33, 213, 10, -662, -650, -17, -129, 833, 40;
-27, 221, 17, -615, -571, 26, -105, 864, 67;
-33, 216, 11, -686, -610, -8, -131, 845, 45;
-35, 216, 10, -714, -606, -15, -138, 845, 41;
-36, 217, 10, -732, -592, -16, -142, 848, 40;
-31, 224, 16, -691, -519, 22, -121, 876, 65;
-34, 223, 14, -729, -526, 7, -133, 871, 55;
-37, 222, 12, -766, -531, -5, -144, 866, 47;
-41, 219, 8, -814, -547, -27, -161, 857, 34;
-32, 229, 17, -743, -445, 29, -128, 896, 69;
-37, 227, 13, -795, -465, 5, -146, 885, 54;
-37, 228, 14, -804, -443, 8, -147, 891, 56;
-44, 224, 8, -871, -480, -27, -171, 873, 33;
-35, 234, 18, -796, -375, 31, -138, 914, 70;
-45, 226, 8, -896, -444, -27, -176, 882, 33;
-42, 230, 12, -877, -395, -6, -165, 900, 46;
-42, 232, 12, -887, -375, -5, -167, 905, 47;
-44, 232, 11, -906, -365, -10, -172, 906, 44;
-44, 234, 11, -911, -341, -7, -172, 913, 46;
-43, 236, 13, -907, -308, 1, -168, 923, 51;
-46, 234, 10, -946, -319, -18, -182, 915, 39;
-49, 234, 8, -973, -319, -30, -192, 912, 31;
-46, 238, 10, -955, -273, -13, -182, 928, 42;
-43, 243, 14, -925, -216, 11, -168, 949, 58;
-40, 247, 17, -905, -169, 29, -158, 965, 69;
-45, 244, 13, -952, -190, 2, -176, 953, 52;
-48, 242, 10, -984, -197, -15, -189, 946, 41;
-50, 242, 8, -1005, -192, -26, -196, 945, 34;
-47, 247, 12, -977, -140, -4, -184, 963, 47;
-42, 253, 17, -931, -70, 28, -164, 989, 68;
-43, 253, 16, -945, -60, 21, -169, 990, 64;
-49, 248, 10, -1007, -99, -18, -194, 970, 39;
-42, 257, 17, -940, -9, 27, -165, 1004, 68;
-51, 249, 8, -1025, -73, -28, -200, 974, 33;
-48, 254, 11, -996, -23, -8, -189, 991, 45;
-49, 254, 10, -1003, -10, -13, -191, 994, 42;
-51, 254, 8, -1022, -8, -26, -199, 991, 34;
-48, 258, 11, -994, 38, -8, -188, 1007, 45;
-49, 257, 9, -1009, 42, -19, -194, 1005, 38;
-44, 264, 14, -959, 109, 11, -175, 1030, 58;
-41, 268, 17, -929, 157, 29, -163, 1046, 69;
-43, 268, 16, -939, 163, 20, -168, 1045, 63;
-44, 267, 14, -952, 167, 9, -174, 1043, 56;
-46, 266, 12, -968, 166, -5, -182, 1040, 47;
-45, 269, 13, -950, 199, 3, -176, 1050, 53;
-48, 266, 9, -980, 182, -20, -190, 1040, 38;
-48, 268, 10, -970, 205, -18, -187, 1046, 39;
-45, 271, 12, -944, 244, -6, -178, 1059, 47;
-43, 274, 14, -917, 282, 6, -168, 1071, 55;
-43, 275, 13, -918, 292, 0, -171, 1072, 51;
-45, 273, 10, -932, 288, -14, -179, 1068, 41;
-43, 276, 12, -905, 325, -3, -170, 1079, 48;
-45, 275, 10, -916, 322, -17, -177, 1075, 39;
-43, 277, 11, -897, 349, -12, -171, 1083, 43;
-46, 276, 8, -912, 340, -29, -180, 1077, 32;
-38, 284, 15, -835, 423, 13, -151, 1108, 59;
-37, 286, 16, -815, 449, 18, -145, 1116, 62;
-37, 286, 15, -811, 458, 12, -146, 1117, 58;
-39, 285, 13, -816, 456, 0, -152, 1113, 51;
-41, 283, 9, -833, 442, -20, -162, 1104, 38;
-39, 285, 11, -807, 471, -12, -154, 1114, 43;
-37, 288, 12, -779, 500, -4, -146, 1123, 48;
-34, 291, 14, -745, 534, 8, -136, 1135, 56;
-31, 294, 17, -702, 577, 26, -121, 1150, 67;
-35, 290, 12, -735, 543, -6, -139, 1133, 46;
-34, 291, 12, -717, 559, -5, -135, 1137, 47;
-31, 295, 14, -674, 599, 10, -122, 1151, 57;
-30, 296, 14, -658, 612, 9, -119, 1154, 57;
-30, 296, 14, -643, 622, 7, -117, 1156, 55;
-31, 295, 12, -642, 618, -4, -121, 1152, 48;
-30, 296, 12, -622, 632, -3, -117, 1156, 48;
-23, 303, 18, -549, 699, 32, -91, 1181, 70;
-25, 300, 14, -562, 679, 10, -101, 1171, 57;
-26, 299, 13, -554, 678, 2, -102, 1169, 52;
-26, 299, 12, -541, 682, -2, -102, 1168, 49;
-27, 297, 10, -544, 669, -18, -108, 1161, 39;
-19, 306, 17, -452, 750, 28, -74, 1193, 68;
-25, 299, 10, -502, 689, -18, -100, 1166, 39;
-25, 298, 8, -491, 688, -26, -100, 1164, 34;
-20, 303, 13, -427, 739, 1, -79, 1184, 51;
-15, 308, 17, -368, 784, 25, -60, 1201, 66;
-18, 304, 12, -386, 752, -1, -72, 1186, 50;
-16, 305, 13, -354, 769, 5, -64, 1192, 54;
-21, 300, 7, -386, 721, -31, -83, 1171, 31;
-18, 302, 9, -345, 746, -20, -71, 1180, 38;
-9, 310, 17, -249, 825, 28, -36, 1212, 68;
-14, 305, 11, -280, 776, -7, -55, 1191, 46;
-11, 307, 13, -241, 796, 1, -44, 1198, 52;
-8, 309, 15, -201, 818, 12, -33, 1206, 58;
-7, 310, 15, -173, 825, 14, -27, 1209, 60;
-5, 310, 16, -143, 835, 18, -20, 1212, 62;
-3, 311, 16, -112, 845, 23, -12, 1216, 65;
-6, 308, 12, -124, 811, 0, -23, 1201, 50;
-2, 310, 14, -81, 832, 11, -11, 1209, 58;
-5, 307, 11, -88, 802, -9, -19, 1197, 44;
-5, 305, 10, -78, 789, -19, -21, 1191, 39;
-2, 307, 12, -32, 811, -5, -7, 1200, 47;
3, 312, 17, 37, 856, 24, 15, 1219, 66;
-3, 304, 8, -16, 778, -27, -12, 1186, 34;
2, 309, 13, 53, 822, 2, 10, 1205, 52;
0, 305, 10, 47, 790, -17, 2, 1192, 39;
6, 309, 14, 110, 827, 8, 23, 1207, 56;
1, 303, 8, 77, 767, -30, 3, 1183, 31;
5, 306, 11, 132, 794, -10, 21, 1195, 44;
8, 307, 13, 173, 808, 0, 32, 1201, 51;
6, 304, 9, 164, 771, -21, 23, 1186, 37;
7, 303, 9, 187, 766, -21, 27, 1185, 37;
8, 303, 9, 212, 761, -21, 32, 1183, 37;
14, 308, 14, 281, 801, 8, 55, 1201, 56;
15, 307, 14, 302, 792, 6, 58, 1198, 55;
12, 303, 10, 294, 755, -13, 50, 1184, 42;
14, 304, 11, 326, 757, -8, 58, 1186, 45;
21, 309, 17, 403, 803, 27, 84, 1206, 68;
21, 307, 15, 410, 779, 16, 82, 1198, 61;
21, 306, 15, 430, 768, 14, 85, 1194, 60;
18, 301, 11, 413, 720, -10, 73, 1176, 44;
22, 303, 13, 457, 733, 3, 86, 1183, 53;
24, 304, 14, 491, 735, 11, 95, 1185, 58;
18, 296, 8, 448, 661, -31, 72, 1156, 31;
26, 303, 15, 537, 718, 13, 105, 1182, 59;
24, 298, 11, 523, 672, -9, 94, 1164, 45;
22, 295, 8, 519, 636, -25, 87, 1151, 34;
24, 295, 9, 545, 630, -21, 94, 1151, 37;
28, 297, 12, 596, 649, 0, 110, 1161, 50;
26, 294, 10, 589, 610, -18, 103, 1147, 39;
30, 296, 12, 635, 623, 0, 118, 1154, 50;
34, 298, 16, 684, 641, 19, 134, 1164, 63;
33, 296, 14, 688, 612, 10, 131, 1154, 57;
37, 298, 17, 733, 625, 27, 146, 1162, 68;
38, 296, 17, 747, 607, 26, 148, 1157, 67;
36, 293, 14, 737, 566, 8, 140, 1142, 56;
39, 294, 17, 779, 575, 24, 153, 1149, 66;
36, 289, 13, 758, 522, 0, 141, 1130, 51;
34, 286, 10, 750, 483, -15, 134, 1116, 41;
34, 284, 10, 761, 463, -17, 135, 1110, 39;
40, 288, 15, 823, 493, 13, 158, 1126, 59;
43, 290, 17, 862, 501, 30, 171, 1132, 69;
41, 286, 15, 851, 459, 13, 163, 1117, 59;
38, 280, 10, 821, 399, -14, 148, 1095, 41;
42, 283, 14, 867, 415, 7, 164, 1105, 55;
46, 285, 17, 911, 429, 28, 179, 1113, 68;
38, 276, 9, 849, 337, -19, 151, 1078, 38;
45, 281, 15, 913, 372, 15, 175, 1096, 60;
43, 278, 13, 906, 336, 4, 170, 1084, 53;
39, 272, 9, 872, 273, -25, 154, 1061, 35;
46, 278, 16, 947, 320, 19, 183, 1084, 62;
44, 273, 12, 924, 269, -2, 171, 1066, 49;
49, 277, 18, 983, 301, 32, 194, 1082, 70;
45, 271, 13, 943, 234, 0, 176, 1058, 51;
47, 272, 15, 970, 234, 13, 185, 1061, 59;
43, 266, 10, 934, 172, -14, 169, 1039, 42;
49, 271, 16, 995, 208, 22, 193, 1057, 65;
46, 266, 13, 967, 154, 0, 180, 1038, 51;
50, 268, 16, 1005, 168, 23, 195, 1047, 65;
49, 266, 15, 997, 136, 15, 191, 1037, 60;
49, 265, 15, 1004, 119, 18, 193, 1034, 62;
48, 263, 15, 999, 91, 13, 190, 1026, 59;
49, 262, 15, 1004, 73, 14, 192, 1022, 60;
42, 254, 9, 944, -7, -25, 167, 991, 35;
45, 255, 11, 966, -6, -11, 176, 995, 43;
43, 252, 9, 948, -44, -23, 169, 983, 36;
48, 256, 15, 1001, -12, 12, 190, 999, 58;
44, 250, 10, 956, -76, -16, 172, 976, 40;
46, 251, 12, 975, -76, -3, 180, 980, 49;
42, 246, 8, 938, -131, -26, 166, 960, 34;
49, 251, 15, 999, -87, 16, 192, 982, 61;
46, 248, 13, 974, -129, 2, 182, 968, 52;
43, 244, 10, 944, -175, -14, 171, 952, 41;
41, 240, 8, 919, -215, -27, 162, 939, 33;
41, 239, 8, 912, -236, -28, 160, 934, 33;
40, 238, 8, 906, -256, -28, 159, 928, 33;
42, 238, 10, 918, -257, -15, 165, 932, 41;
41, 237, 10, 907, -281, -18, 163, 925, 39;
40, 235, 9, 890, -309, -24, 157, 916, 35;
45, 239, 14, 934, -276, 10, 177, 933, 57;
47, 240, 17, 948, -273, 25, 185, 938, 66;
48, 240, 18, 946, -283, 31, 187, 937, 70;
39, 230, 9, 858, -380, -21, 152, 900, 37;
39, 230, 10, 858, -387, -13, 155, 900, 42;
38, 228, 9, 835, -417, -21, 148, 890, 37;
42, 232, 14, 871, -387, 10, 166, 906, 57;
44, 233, 16, 878, -386, 23, 172, 909, 65;
38, 226, 11, 817, -452, -8, 149, 885, 45;
38, 226, 11, 806, -466, -6, 148, 882, 46;
40, 228, 15, 826, -449, 15, 159, 892, 60;
42, 229, 17, 829, -449, 27, 164, 895, 67;
33, 220, 9, 742, -537, -20, 131, 861, 38;
39, 225, 15, 784, -495, 17, 152, 881, 62;
32, 218, 9, 710, -569, -20, 125, 853, 37;
32, 219, 11, 708, -570, -11, 128, 855, 43;
38, 224, 17, 753, -523, 30, 150, 877, 69;
35, 221, 15, 715, -558, 16, 139, 865, 61;
27, 213, 8, 630, -640, -28, 107, 833, 33;
26, 212, 8, 609, -656, -30, 103, 829, 32;
34, 220, 16, 670, -590, 22, 132, 858, 65;
34, 220, 17, 659, -595, 28, 132, 858, 68;
27, 214, 12, 590, -658, -4, 108, 835, 47;
31, 217, 16, 612, -628, 22, 122, 849, 65;
24, 211, 11, 538, -694, -12, 96, 824, 42;
30, 216, 17, 578, -645, 27, 117, 846, 67;
25, 212, 13, 523, -690, 4, 99, 829, 53;
25, 213, 15, 516, -687, 13, 101, 832, 59;
26, 214, 17, 513, -678, 26, 104, 837, 67;
18, 206, 9, 419, -760, -21, 70, 805, 37;
15, 204, 8, 386, -780, -28, 62, 798, 33;
22, 211, 16, 435, -717, 18, 87, 826, 62;
14, 204, 8, 346, -793, -25, 55, 796, 34;
12, 203, 8, 318, -805, -28, 49, 792, 32;
17, 208, 14, 352, -756, 8, 68, 814, 56;
17, 209, 15, 341, -750, 16, 69, 817, 61;
13, 206, 12, 289, -785, -1, 53, 804, 49;
13, 206, 13, 273, -783, 3, 52, 805, 53;
13, 207, 14, 262, -775, 12, 53, 810, 58;
13, 208, 15, 245, -773, 16, 51, 811, 61;
12, 208, 16, 229, -770, 21, 50, 813, 64;
6, 203, 11, 158, -820, -9, 26, 793, 45;
9, 207, 15, 169, -788, 14, 36, 807, 59;
2, 201, 9, 93, -843, -19, 10, 785, 38;
3, 202, 11, 85, -828, -8, 12, 791, 45;
3, 203, 12, 71, -820, -1, 12, 795, 49;
-2, 199, 8, 2, -865, -31, -10, 776, 31;
0, 203, 11, 14, -829, -6, 0, 791, 46;
-3, 200, 9, -31, -851, -20, -13, 783, 37;
0, 206, 14, -7, -801, 11, 2, 803, 58;
-3, 203, 12, -57, -826, -5, -12, 793, 47;
-6, 201, 10, -99, -842, -16, -24, 786, 40;
-3, 205, 14, -84, -801, 9, -12, 803, 56;
-10, 200, 8, -162, -852, -26, -39, 781, 34;
-9, 202, 11, -167, -829, -12, -35, 790, 42;
-13, 199, 7, -220, -855, -32, -52, 779, 31;
-10, 204, 12, -206, -812, -6, -40, 796, 46;
-9, 206, 13, -211, -790, 5, -37, 804, 54;
-7, 210, 17, -201, -751, 28, -27, 820, 68;
-15, 203, 10, -295, -815, -17, -61, 792, 39;
-12, 207, 14, -280, -771, 7, -49, 810, 55;
-10, 211, 17, -274, -734, 27, -41, 824, 68;
-13, 210, 16, -309, -740, 19, -51, 820, 63;
-21, 203, 8, -401, -801, -26, -83, 793, 34;
-16, 210, 15, -365, -735, 12, -63, 820, 58;
-19, 208, 12, -409, -747, -1, -76, 813, 50;
-19, 210, 13, -422, -729, 5, -77, 819, 54;
-19, 212, 15, -429, -705, 14, -75, 828, 60;
-25, 208, 10, -497, -741, -15, -98, 811, 41;
-21, 213, 15, -473, -686, 14, -83, 832, 59;
-26, 209, 10, -536, -717, -13, -104, 818, 42;
-21, 217, 17, -495, -644, 27, -82, 846, 68;
-30, 210, 9, -589, -706, -20, -117, 819, 37;
-24, 217, 16, -544, -629, 22, -93, 849, 64;
-24, 218, 16, -562, -615, 23, -96, 852, 65;
-32, 212, 10, -643, -663, -17, -125, 830, 40;
-33, 213, 10, -664, -652, -18, -130, 833, 39;
-26, 222, 17, -611, -567, 29, -104, 865, 69;
-28, 222, 16, -637, -561, 24, -110, 866, 65;
-33, 219, 12, -692, -584, 0, -129, 854, 50;
-31, 222, 15, -683, -543, 16, -121, 869, 61;
-36, 219, 11, -743, -571, -11, -142, 854, 43;
-31, 226, 17, -701, -497, 26, -121, 882, 67;
-34, 225, 15, -739, -504, 12, -133, 877, 58;
-34, 226, 15, -752, -485, 13, -135, 882, 59;
-41, 221, 9, -825, -527, -24, -162, 862, 35;
-35, 228, 15, -777, -447, 16, -139, 892, 61;
-37, 229, 14, -800, -440, 10, -145, 893, 57;
-41, 226, 10, -851, -460, -14, -163, 881, 42;
-43, 226, 9, -876, -454, -21, -171, 881, 37;
-37, 234, 16, -820, -368, 23, -145, 914, 65;
-44, 228, 9, -897, -415, -19, -174, 891, 38;
-39, 235, 16, -851, -339, 18, -152, 920, 62;
-37, 239, 18, -843, -302, 30, -146, 932, 70;
-38, 239, 17, -857, -287, 28, -150, 935, 68;
-48, 231, 8, -953, -354, -29, -187, 904, 32;
-41, 239, 15, -898, -271, 13, -162, 935, 59;
-41, 241, 15, -900, -246, 17, -162, 943, 61;
-45, 239, 12, -938, -256, -2, -175, 935, 49;
-42, 244, 15, -917, -208, 16, -165, 952, 61;
-48, 239, 9, -980, -244, -20, -189, 934, 38;
-45, 244, 13, -954, -192, 0, -177, 952, 51;
-42, 248, 16, -929, -142, 20, -166, 969, 63;
-46, 246, 12, -969, -157, -2, -181, 960, 49;
-48, 245, 10, -992, -154, -14, -189, 957, 42;
-49, 246, 10, -1002, -141, -18, -193, 960, 39;
-49, 248, 10, -998, -114, -14, -191, 968, 42;
-45, 253, 14, -967, -59, 8, -177, 987, 55;
-48, 251, 11, -999, -69, -11, -190, 979, 43;
-41, 259, 18, -933, 18, 32, -163, 1012, 71;
-50, 252, 9, -1017, -44, -22, -197, 983, 36;
-44, 259, 15, -956, 36, 17, -172, 1013, 61;
-51, 254, 8, -1021, -8, -26, -199, 991, 34;
-50, 255, 9, -1018, 14, -24, -198, 997, 35;
-45, 262, 14, -964, 87, 10, -176, 1024, 57;
-50, 258, 9, -1011, 58, -22, -196, 1008, 36;
-42, 268, 17, -931, 155, 28, -163, 1045, 68;
-43, 267, 15, -944, 159, 17, -170, 1043, 61;
-47, 264, 11, -980, 138, -9, -186, 1032, 44;
-44, 269, 14, -945, 189, 10, -172, 1049, 57;
-50, 264, 8, -997, 152, -27, -195, 1031, 33;
-41, 273, 16, -914, 249, 23, -162, 1067, 65;
-44, 271, 13, -940, 236, 1, -174, 1059, 52;
-43, 273, 14, -924, 264, 7, -169, 1067, 55;
-43, 274, 13, -922, 277, 3, -170, 1069, 53;
-41, 277, 15, -896, 314, 14, -162, 1081, 60;
-43, 275, 12, -914, 307, -2, -171, 1075, 49;
-43, 276, 12, -906, 324, -4, -170, 1079, 48;
-44, 277, 11, -905, 333, -10, -172, 1080, 44;
-37, 284, 17, -838, 408, 27, -146, 1108, 68;
-39, 282, 14, -850, 403, 11, -154, 1103, 58;
-41, 281, 12, -860, 399, -3, -161, 1098, 49;
-41, 281, 11, -855, 409, -8, -162, 1099, 45;
-44, 280, 8, -871, 397, -27, -172, 1092, 33;
-36, 287, 15, -794, 479, 15, -143, 1122, 60;
-35, 289, 16, -774, 501, 18, -138, 1129, 62;
-35, 289, 15, -769, 509, 12, -139, 1129, 58;
-34, 291, 15, -750, 528, 14, -134, 1135, 60;
-37, 288, 12, -764, 515, -4, -144, 1127, 48;
-32, 293, 15, -718, 561, 15, -128, 1143, 60;
-33, 292, 14, -714, 564, 7, -130, 1142, 55;
-38, 287, 8, -755, 521, -31, -151, 1121, 31;
-33, 293, 12, -694, 579, -2, -130, 1143, 49;
-29, 297, 16, -644, 626, 19, -113, 1160, 62;
-31, 295, 12, -656, 610, 0, -122, 1151, 50;
-25, 300, 17, -593, 667, 28, -101, 1173, 68;
-25, 301, 17, -577, 678, 26, -98, 1175, 67;
-32, 293, 9, -636, 612, -25, -127, 1146, 35;
-26, 299, 13, -569, 671, 5, -104, 1168, 54;
-25, 300, 13, -550, 682, 5, -100, 1171, 54;
-26, 299, 12, -540, 683, -1, -101, 1169, 49;
-23, 302, 14, -501, 712, 9, -90, 1179, 57;
-27, 297, 9, -532, 671, -24, -107, 1160, 35;
-22, 302, 13, -473, 718, 0, -88, 1178, 51;
-19, 305, 15, -431, 748, 13, -75, 1189, 59;
-24, 299, 8, -470, 697, -26, -96, 1166, 34;
-16, 306, 15, -380, 773, 18, -64, 1196, 62;
-19, 303, 12, -391, 747, -4, -74, 1184, 48;
-15, 307, 15, -342, 781, 13, -59, 1197, 59;
-16, 305, 12, -340, 768, 0, -63, 1190, 50;
-11, 309, 16, -279, 812, 24, -43, 1208, 66;
-18, 301, 8, -337, 737, -29, -73, 1176, 32;
-7, 311, 18, -221, 835, 31, -30, 1215, 70;
-16, 302, 8, -285, 752, -27, -62, 1180, 33;
-7, 310, 16, -189, 830, 20, -28, 1211, 64;
-8, 308, 13, -192, 806, 2, -35, 1201, 52;
-6, 309, 14, -160, 819, 8, -27, 1205, 55;
-11, 303, 8, -189, 768, -27, -44, 1184, 33;
-5, 308, 13, -121, 814, 0, -22, 1202, 51;
-7, 305, 10, -121, 792, -15, -27, 1193, 41;
-7, 304, 9, -110, 781, -23, -28, 1188, 36;
-5, 305, 10, -77, 791, -18, -20, 1192, 39;
0, 309, 13, -19, 824, 3, -2, 1205, 52;
0, 308, 13, 0, 819, 0, 0, 1204, 51;
2, 309, 14, 36, 831, 7, 9, 1208, 55;
-1, 305, 9, 17, 786, -21, -3, 1190, 37;
0, 304, 8, 34, 777, -26, -2, 1186, 34;
2, 306, 11, 79, 796, -12, 10, 1194, 42;
1, 303, 8, 81, 771, -27, 5, 1184, 33;
2, 303, 8, 106, 768, -27, 10, 1184, 33;
8, 308, 13, 176, 811, 3, 34, 1202, 52;
7, 305, 11, 179, 785, -11, 29, 1192, 43;
10, 307, 13, 220, 798, 0, 41, 1198, 50;
10, 305, 11, 229, 778, -10, 39, 1191, 44;
11, 305, 11, 257, 777, -7, 45, 1191, 46;
18, 310, 17, 331, 822, 26, 70, 1210, 67;
15, 306, 13, 321, 782, 4, 61, 1195, 53;
19, 308, 16, 369, 799, 20, 75, 1203, 63;
12, 300, 8, 320, 720, -27, 50, 1172, 33;
16, 302, 11, 366, 736, -12, 64, 1180, 43;
17, 302, 11, 389, 727, -12, 68, 1177, 43;
20, 303, 13, 432, 740, 1, 81, 1184, 52;
20, 301, 11, 441, 717, -6, 79, 1176, 46;
19, 299, 9, 444, 688, -19, 76, 1166, 38;
28, 305, 17, 536, 749, 27, 109, 1193, 68;
26, 303, 15, 536, 717, 13, 104, 1181, 59;
24, 298, 11, 522, 671, -9, 94, 1164, 44;
30, 302, 16, 591, 708, 22, 117, 1181, 64;
29, 300, 15, 596, 681, 12, 115, 1172, 58;
32, 301, 16, 630, 682, 21, 124, 1175, 64;
31, 299, 15, 639, 660, 14, 124, 1167, 60;
29, 295, 12, 628, 616, -5, 115, 1152, 47;
30, 294, 12, 649, 605, -3, 119, 1149, 48;
37, 299, 17, 719, 643, 30, 144, 1167, 70;
35, 296, 15, 717, 609, 17, 139, 1155, 61;
36, 295, 15, 731, 591, 15, 141, 1150, 60;
39, 296, 17, 768, 596, 28, 153, 1155, 68;
30, 285, 8, 694, 490, -31, 118, 1114, 31;
39, 293, 16, 791, 556, 22, 155, 1143, 64;
32, 284, 8, 733, 466, -26, 127, 1109, 34;
42, 292, 17, 832, 534, 29, 165, 1140, 69;
42, 290, 16, 839, 510, 24, 165, 1133, 66;
40, 287, 14, 833, 473, 11, 159, 1120, 57;
41, 285, 14, 843, 452, 8, 160, 1114, 56;
38, 281, 10, 821, 400, -14, 148, 1095, 41;
41, 283, 13, 864, 412, 5, 163, 1103, 54;
37, 276, 8, 828, 346, -26, 145, 1079, 34;
46, 284, 17, 918, 406, 26, 180, 1107, 67;
41, 277, 12, 881, 340, -5, 162, 1083, 47;
41, 276, 11, 887, 317, -8, 162, 1076, 45;
43, 276, 13, 912, 313, 1, 170, 1078, 52;
41, 272, 11, 899, 272, -12, 163, 1064, 42;
49, 278, 18, 975, 320, 31, 192, 1087, 70;
46, 274, 15, 953, 271, 12, 182, 1070, 58;
46, 273, 14, 959, 250, 10, 182, 1064, 57;
49, 274, 17, 989, 253, 26, 193, 1069, 67;
43, 266, 10, 935, 173, -13, 169, 1039, 42;
41, 263, 9, 923, 135, -25, 163, 1027, 35;
47, 267, 14, 978, 165, 7, 185, 1043, 55;
48, 267, 15, 992, 155, 14, 190, 1042, 60;
44, 261, 10, 951, 89, -15, 172, 1018, 41;
42, 258, 9, 940, 56, -24, 167, 1007, 35;
46, 260, 12, 973, 65, -4, 180, 1015, 48;
44, 257, 10, 960, 30, -14, 174, 1004, 42;
44, 256, 11, 963, 11, -12, 175, 999, 43;
43, 253, 9, 952, -20, -20, 170, 989, 38;
48, 257, 14, 995, 1, 7, 188, 1002, 55;
44, 251, 10, 956, -57, -17, 172, 981, 39;
50, 256, 16, 1012, -20, 20, 195, 999, 63;
47, 252, 13, 987, -63, 5, 186, 985, 54;
43, 247, 10, 950, -119, -17, 171, 965, 39;
46, 248, 12, 970, -116, -2, 180, 970, 49;
42, 244, 9, 934, -169, -24, 165, 951, 35;
50, 251, 17, 1008, -111, 28, 197, 979, 68;
49, 248, 16, 989, -145, 19, 191, 968, 62;
50, 249, 18, 1002, -146, 31, 197, 971, 70;
48, 246, 16, 980, -183, 20, 189, 959, 63;
48, 245, 16, 978, -197, 23, 190, 956, 65;
46, 242, 14, 953, -235, 11, 181, 944, 58;
44, 239, 13, 931, -269, 2, 174, 933, 52;
43, 236, 12, 910, -300, -5, 167, 923, 47;
46, 239, 16, 940, -280, 20, 182, 935, 63;
38, 230, 8, 859, -371, -27, 150, 900, 33;
39, 231, 10, 864, -374, -16, 155, 902, 40;
37, 228, 8, 834, -412, -29, 145, 889, 32;
40, 231, 12, 861, -392, -4, 159, 901, 48;
35, 225, 7, 806, -452, -32, 139, 879, 30;
45, 234, 18, 890, -374, 31, 176, 914, 70;
40, 229, 13, 837, -431, 4, 157, 893, 53;
42, 230, 16, 848, -424, 21, 165, 899, 64;
43, 231, 18, 849, -426, 31, 169, 901, 70;
39, 227, 15, 807, -470, 12, 155, 886, 58;
31, 218, 7, 724, -555, -32, 123, 853, 30;
39, 225, 15, 785, -495, 18, 152, 881, 62;
38, 225, 16, 773, -506, 20, 151, 879, 63;
34, 221, 13, 726, -552, 0, 135, 862, 51;
38, 224, 17, 748, -528, 26, 148, 875, 67;
28, 214, 8, 647, -626, -29, 110, 836, 32;
31, 217, 12, 667, -603, -3, 123, 848, 48;
27, 213, 9, 621, -645, -22, 108, 833, 36;
33, 219, 15, 661, -599, 16, 129, 855, 61;
31, 217, 14, 633, -621, 11, 122, 848, 57;
25, 211, 9, 566, -682, -21, 98, 824, 37;
22, 209, 8, 534, -707, -29, 89, 816, 32;
28, 215, 15, 578, -654, 13, 112, 840, 59;
24, 210, 11, 521, -702, -10, 93, 822, 44;
24, 211, 12, 509, -704, -4, 93, 823, 48;
28, 216, 18, 542, -661, 31, 111, 843, 70;
21, 209, 12, 466, -725, -4, 85, 818, 48;
24, 212, 15, 478, -701, 17, 95, 830, 62;
22, 211, 15, 449, -717, 12, 88, 824, 58;
18, 207, 12, 398, -755, -6, 72, 810, 47;
19, 208, 13, 391, -747, 4, 74, 815, 53;
13, 204, 9, 329, -794, -21, 54, 797, 37;
15, 206, 12, 335, -772, -2, 61, 807, 49;
13, 205, 11, 303, -788, -7, 54, 802, 46;
13, 205, 12, 287, -787, -3, 52, 803, 49;
17, 210, 17, 311, -745, 28, 68, 821, 68;
7, 201, 9, 208, -830, -24, 30, 787, 35;
10, 205, 13, 220, -798, 0, 41, 801, 51;
10, 206, 13, 204, -795, 5, 39, 803, 54;
13, 209, 17, 217, -761, 30, 51, 818, 69;
4, 202, 10, 126, -831, -14, 18, 789, 42;
9, 207, 16, 153, -782, 20, 35, 810, 63;
8, 208, 17, 138, -776, 26, 34, 813, 67;
3, 204, 13, 75, -816, 0, 14, 797, 51;
-2, 199, 8, 7, -860, -28, -8, 778, 33;
5, 208, 17, 64, -779, 26, 21, 812, 67;
-4, 199, 8, -41, -861, -27, -17, 778, 33;
2, 207, 16, 11, -783, 23, 10, 811, 65;
1, 207, 16, -14, -784, 22, 5, 810, 65;
-1, 205, 14, -59, -802, 9, -7, 802, 57;
-7, 201, 10, -126, -843, -18, -29, 785, 39;
-10, 200, 8, -164, -854, -27, -39, 780, 33;
-6, 205, 13, -145, -807, 1, -26, 799, 52;
-7, 206, 14, -160, -795, 7, -27, 804, 55;
-8, 205, 13, -191, -798, 3, -34, 802, 53;
-8, 207, 15, -198, -776, 14, -32, 810, 60;
-9, 208, 15, -222, -771, 14, -36, 811, 60;
-16, 202, 9, -299, -819, -20, -62, 791, 38;
-9, 211, 17, -248, -739, 28, -36, 823, 68;
-19, 202, 9, -353, -814, -25, -74, 791, 35;
-21, 202, 8, -384, -814, -30, -82, 789, 32;
-12, 212, 17, -319, -719, 28, -49, 828, 68;
-20, 206, 11, -403, -773, -12, -79, 804, 43;
-16, 211, 15, -382, -720, 16, -65, 824, 61;
-22, 207, 11, -444, -751, -9, -86, 810, 45;
-17, 213, 16, -417, -692, 23, -69, 833, 65;
-18, 214, 17, -436, -680, 25, -72, 837, 66;
-24, 210, 12, -504, -717, -6, -96, 820, 47;
-23, 212, 14, -506, -687, 6, -92, 830, 55;
-25, 212, 12, -539, -688, -1, -101, 828, 50;
-30, 210, 9, -589, -706, -21, -117, 819, 37;
-25, 216, 15, -555, -640, 15, -98, 844, 60;
-32, 210, 8, -637, -690, -26, -127, 821, 34;
-33, 211, 8, -656, -677, -26, -131, 824, 34;
-25, 221, 17, -590, -579, 30, -99, 863, 69;
-31, 217, 13, -655, -611, 0, -122, 847, 50;
-31, 218, 13, -668, -592, 3, -123, 853, 52;
-34, 218, 11, -701, -593, -6, -133, 850, 46;
-28, 225, 18, -659, -519, 32, -111, 878, 71;
-35, 220, 12, -731, -559, -3, -137, 859, 48;
-37, 220, 11, -757, -553, -10, -144, 859, 44;
-31, 227, 17, -716, -480, 27, -124, 887, 68;
-42, 218, 7, -822, -555, -32, -164, 853, 30;
-38, 224, 12, -791, -492, -1, -148, 876, 49;
-40, 224, 11, -819, -489, -10, -156, 875, 44;
-42, 223, 9, -849, -489, -21, -166, 872, 37;
-42, 225, 10, -857, -466, -18, -166, 879, 39;
-43, 225, 9, -877, -455, -22, -171, 880, 36;
-44, 226, 9, -891, -439, -23, -174, 884, 36;
-37, 235, 17, -829, -347, 25, -146, 919, 66;
-40, 234, 14, -868, -356, 7, -159, 913, 55;
-40, 236, 15, -869, -328, 13, -157, 921, 59;
-43, 234, 12, -905, -336, -3, -170, 915, 48;
-40, 239, 16, -878, -279, 21, -156, 935, 64;
-39, 242, 17, -874, -247, 29, -152, 945, 69;
-40, 242, 16, -892, -238, 23, -158, 946, 65;
-48, 236, 9, -966, -284, -20, -187, 924, 38;
-47, 238, 10, -967, -258, -16, -186, 931, 40;
-44, 243, 13, -942, -207, 4, -174, 949, 53;
-47, 242, 11, -973, -211, -11, -185, 944, 43;
-44, 246, 14, -947, -160, 9, -173, 962, 56;
-50, 242, 8, -1007, -194, -27, -197, 944, 33;
-48, 245, 10, -992, -155, -14, -190, 957, 41;
-46, 249, 13, -972, -111, 1, -180, 972, 51;
-45, 251, 13, -968, -83, 5, -178, 980, 54;
-41, 256, 18, -932, -24, 31, -163, 1001, 70;
-48, 251, 11, -992, -62, -7, -187, 982, 46;
-42, 259, 18, -935, 16, 31, -163, 1011, 70;
-47, 255, 12, -986, -12, -1, -184, 996, 49;
-45, 258, 14, -973, 20, 6, -179, 1006, 55;
-42, 263, 18, -936, 77, 31, -163, 1027, 70;
-42, 264, 17, -935, 97, 30, -164, 1031, 69;
-41, 266, 18, -930, 120, 32, -162, 1038, 71;
-48, 260, 11, -992, 77, -10, -188, 1016, 44;
-41, 268, 18, -926, 160, 32, -161, 1047, 70;
-42, 268, 16, -938, 165, 21, -167, 1046, 64;
-44, 267, 14, -953, 166, 8, -175, 1043, 56;
-50, 262, 8, -1007, 127, -30, -198, 1024, 31;
-48, 266, 10, -981, 168, -16, -188, 1037, 40;
-47, 268, 11, -965, 198, -10, -183, 1046, 44;
-48, 267, 9, -975, 200, -21, -189, 1044, 37;
-44, 273, 13, -931, 257, 2, -172, 1064, 52;
-44, 273, 12, -931, 269, -2, -174, 1066, 49;
-40, 278, 16, -888, 323, 20, -158, 1085, 63;
-48, 271, 8, -953, 267, -28, -187, 1059, 32;
-48, 272, 8, -947, 282, -31, -187, 1062, 31;
-40, 281, 15, -866, 372, 15, -156, 1096, 60;
-43, 278, 11, -894, 352, -10, -170, 1085, 44;
-45, 277, 9, -902, 350, -23, -176, 1081, 36;
-35, 287, 18, -808, 450, 31, -140, 1119, 70;
-42, 281, 11, -862, 402, -12, -165, 1097, 43;
-36, 287, 16, -801, 467, 19, -143, 1121, 62;
-36, 287, 15, -795, 477, 14, -143, 1122, 59;
-42, 282, 9, -839, 436, -24, -164, 1102, 35;
-33, 291, 17, -750, 527, 25, -131, 1137, 66;
-38, 287, 11, -786, 493, -8, -149, 1120, 45;
-35, 290, 13, -753, 526, 2, -139, 1131, 52;
-38, 287, 10, -770, 509, -19, -150, 1122, 39;
-34, 291, 13, -725, 553, 0, -135, 1137, 50;
-33, 293, 13, -701, 575, 4, -129, 1144, 54;
-33, 293, 13, -691, 582, 0, -129, 1144, 50;
-37, 289, 8, -720, 549, -31, -145, 1128, 31;
-35, 290, 8, -697, 568, -28, -139, 1134, 33;
-26, 300, 16, -599, 661, 24, -103, 1170, 66;
-33, 292, 8, -656, 598, -26, -131, 1142, 34;
-24, 302, 17, -555, 693, 28, -93, 1179, 68;
-28, 297, 12, -587, 653, -6, -111, 1160, 46;
-30, 295, 8, -596, 636, -25, -120, 1151, 34;
-26, 299, 12, -540, 683, -2, -101, 1169, 49;
-22, 303, 15, -492, 721, 16, -86, 1183, 60;
-24, 301, 12, -498, 704, -2, -93, 1174, 49;
-21, 303, 13, -466, 725, 5, -85, 1181, 54;
-21, 303, 13, -446, 733, 3, -82, 1183, 53;
-23, 300, 10, -458, 708, -18, -91, 1171, 39;
-20, 302, 12, -417, 736, -6, -80, 1181, 46;
-17, 305, 13, -377, 762, 5, -68, 1190, 54;
-21, 300, 8, -404, 719, -28, -85, 1171, 33;
-18, 303, 11, -356, 752, -11, -70, 1184, 43;
-14, 306, 13, -307, 784, 5, -55, 1196, 54;
-12, 307, 14, -278, 796, 8, -48, 1200, 56;
-8, 311, 17, -225, 831, 28, -32, 1213, 68;
-9, 309, 15, -224, 814, 13, -37, 1205, 59;
-6, 311, 17, -180, 838, 26, -24, 1215, 67;
-9, 307, 12, -200, 799, -2, -38, 1198, 49;
-6, 309, 14, -154, 824, 11, -24, 1207, 58;
-5, 309, 14, -131, 826, 10, -20, 1208, 57;
-5, 308, 13, -117, 819, 4, -20, 1204, 53;
0, 312, 17, -60, 853, 25, -2, 1218, 66;
-3, 308, 13, -70, 821, 2, -12, 1204, 52;
-3, 307, 12, -58, 809, -6, -13, 1199, 47;
2, 312, 16, 8, 853, 22, 9, 1217, 64;
-3, 304, 9, -35, 784, -23, -14, 1189, 36;
-2, 304, 9, -11, 782, -24, -10, 1188, 35;
5, 312, 16, 81, 850, 21, 22, 1216, 64;
2, 307, 11, 60, 803, -9, 8, 1197, 45;
6, 309, 14, 111, 828, 8, 23, 1208, 56;
4, 307, 12, 113, 803, -6, 19, 1198, 47;
9, 310, 15, 170, 832, 15, 36, 1210, 60;
8, 308, 13, 177, 812, 3, 34, 1203, 53;
10, 308, 14, 205, 812, 6, 40, 1203, 54;
10, 307, 13, 222, 800, 1, 41, 1199, 51;
7, 302, 8, 204, 754, -26, 29, 1180, 34;
7, 301, 8, 222, 742, -30, 30, 1176, 31;
15, 308, 14, 309, 800, 11, 61, 1201, 58;
15, 306, 13, 322, 783, 4, 61, 1196, 53;
13, 303, 10, 315, 746, -15, 53, 1181, 41;
13, 301, 9, 326, 726, -23, 52, 1174, 36;
22, 308, 17, 425, 795, 27, 88, 1204, 67;
16, 301, 10, 380, 718, -18, 64, 1174, 39;
23, 306, 15, 455, 762, 16, 90, 1193, 61;
23, 305, 15, 472, 748, 13, 92, 1189, 59;
18, 298, 9, 437, 681, -24, 73, 1163, 35;
22, 300, 11, 480, 693, -9, 86, 1170, 44;
25, 301, 14, 526, 707, 6, 100, 1177, 55;
24, 299, 12, 528, 677, -6, 96, 1166, 47;
28, 301, 15, 578, 696, 13, 112, 1176, 59;
24, 295, 10, 551, 636, -17, 96, 1153, 40;
30, 299, 14, 611, 663, 8, 117, 1167, 56;
26, 294, 10, 589, 610, -18, 103, 1147, 39;
31, 297, 14, 649, 637, 8, 124, 1160, 56;
27, 291, 9, 620, 576, -23, 107, 1137, 36;
32, 295, 13, 680, 604, 4, 128, 1151, 53;
28, 289, 8, 649, 541, -27, 111, 1127, 33;
35, 294, 14, 725, 585, 11, 139, 1148, 58;
31, 288, 9, 695, 523, -19, 122, 1125, 38;
32, 287, 10, 713, 509, -18, 126, 1122, 39;
33, 286, 10, 729, 494, -18, 129, 1118, 39;
32, 284, 8, 734, 467, -25, 128, 1109, 34;
37, 287, 13, 787, 489, 0, 146, 1121, 50;
33, 282, 8, 761, 431, -27, 132, 1100, 33;
39, 285, 13, 818, 458, 1, 153, 1114, 51;
44, 288, 17, 871, 479, 27, 171, 1126, 67;
44, 287, 17, 884, 462, 27, 174, 1122, 68;
43, 284, 15, 879, 427, 15, 169, 1110, 60;
42, 282, 14, 879, 397, 7, 166, 1100, 55;
41, 279, 12, 878, 366, 0, 163, 1090, 50;
46, 282, 17, 929, 388, 26, 182, 1103, 67;
44, 278, 14, 909, 339, 6, 171, 1085, 54;
40, 273, 10, 882, 283, -18, 158, 1065, 39;
45, 276, 14, 931, 304, 8, 176, 1077, 56;
47, 276, 15, 952, 297, 16, 183, 1078, 61;
43, 271, 11, 924, 241, -7, 169, 1058, 46;
45, 271, 13, 943, 234, 0, 176, 1058, 51;
45, 270, 13, 950, 215, 0, 177, 1053, 51;
42, 265, 10, 929, 167, -17, 167, 1037, 40;
43, 265, 10, 938, 151, -15, 169, 1033, 41;
43, 263, 9, 936, 123, -19, 167, 1025, 38;
45, 264, 12, 964, 127, -4, 178, 1030, 48;
47, 264, 14, 984, 123, 7, 186, 1032, 55;
51, 267, 18, 1024, 139, 31, 201, 1042, 70;
47, 262, 14, 989, 81, 6, 186, 1022, 55;
47, 259, 13, 983, 53, 1, 183, 1013, 51;
46, 257, 12, 975, 23, -4, 180, 1004, 47;
52, 262, 18, 1030, 57, 31, 203, 1022, 70;
43, 251, 9, 945, -48, -25, 167, 981, 35;
51, 259, 17, 1028, 14, 30, 202, 1011, 69;
46, 252, 12, 976, -56, -3, 180, 984, 48;
52, 256, 18, 1028, -23, 32, 202, 1002, 71;
42, 246, 8, 935, -134, -28, 164, 959, 33;
48, 251, 15, 993, -94, 12, 189, 979, 58;
42, 244, 9, 936, -167, -22, 166, 952, 36;
43, 244, 10, 942, -177, -15, 170, 951, 41;
48, 247, 15, 984, -150, 15, 188, 966, 60;
49, 247, 16, 988, -161, 21, 191, 965, 64;
42, 240, 10, 924, -238, -16, 166, 936, 40;
44, 241, 12, 938, -237, -2, 174, 940, 49;
48, 243, 16, 966, -222, 20, 187, 949, 63;
44, 239, 13, 931, -269, 2, 174, 933, 52;
43, 237, 12, 915, -295, -2, 170, 925, 49;
39, 232, 9, 872, -348, -25, 154, 907, 35;
46, 238, 16, 929, -301, 19, 180, 929, 63;
46, 237, 16, 923, -315, 22, 179, 926, 64;
43, 234, 14, 893, -353, 9, 170, 914, 56;
36, 226, 8, 821, -432, -31, 142, 884, 31;
39, 229, 11, 842, -417, -9, 154, 893, 45;
36, 225, 9, 807, -457, -23, 142, 880, 36;
41, 229, 14, 845, -424, 10, 161, 896, 57;
35, 223, 9, 785, -488, -21, 139, 873, 37;
42, 230, 17, 845, -430, 28, 167, 899, 68;
41, 229, 17, 827, -451, 25, 163, 894, 67;
40, 227, 16, 808, -471, 23, 158, 888, 65;
33, 220, 10, 736, -544, -14, 132, 861, 41;
37, 223, 14, 758, -521, 11, 145, 873, 58;
34, 220, 12, 724, -554, 0, 134, 861, 50;
35, 221, 14, 722, -554, 9, 137, 864, 56;
28, 214, 8, 650, -623, -27, 112, 838, 34;
32, 218, 13, 672, -598, 0, 125, 851, 50;
28, 214, 10, 628, -638, -17, 111, 836, 39;
33, 219, 16, 667, -593, 20, 131, 857, 63;
29, 215, 13, 616, -638, 0, 114, 841, 50;
31, 217, 15, 622, -626, 16, 121, 848, 61;
28, 215, 14, 590, -650, 8, 113, 840, 56;
27, 214, 14, 567, -665, 6, 107, 835, 54;
26, 212, 13, 540, -683, 1, 101, 830, 52;
28, 215, 16, 553, -660, 24, 111, 841, 66;
26, 214, 16, 525, -677, 20, 105, 836, 63;
22, 210, 12, 468, -723, -3, 86, 819, 48;
21, 209, 12, 451, -728, 0, 84, 818, 50;
20, 209, 13, 429, -737, 0, 80, 816, 50;
23, 212, 16, 441, -711, 22, 90, 828, 65;
22, 212, 16, 421, -718, 24, 86, 827, 65;
21, 211, 17, 399, -724, 24, 82, 825, 66;
20, 211, 17, 382, -726, 28, 81, 826, 68;
13, 205, 11, 302, -789, -9, 53, 801, 45;
15, 208, 14, 309, -764, 11, 61, 812, 58;
7, 201, 7, 220, -836, -31, 30, 784, 31;
7, 201, 8, 201, -836, -28, 27, 784, 33;
14, 209, 17, 260, -759, 26, 57, 817, 67;
13, 209, 17, 236, -763, 26, 53, 816, 67;
3, 200, 8, 128, -850, -29, 14, 781, 32;
9, 207, 15, 170, -787, 14, 36, 807, 60;
1, 200, 9, 85, -851, -25, 7, 781, 35;
0, 200, 9, 63, -850, -23, 3, 782, 36;
5, 205, 14, 89, -801, 10, 20, 803, 57;
-2, 199, 7, 1, -866, -31, -10, 776, 31;
-1, 201, 10, 1, -842, -15, -5, 786, 41;
-2, 201, 10, -20, -840, -13, -8, 787, 42;
-6, 199, 8, -70, -864, -30, -23, 777, 32;
-5, 201, 10, -74, -843, -16, -19, 786, 40;
0, 207, 16, -39, -783, 22, 0, 810, 65;
-6, 202, 10, -119, -836, -14, -27, 788, 42;
-1, 209, 17, -81, -771, 28, -5, 815, 68;
-3, 208, 16, -112, -775, 23, -12, 813, 65;
-7, 205, 13, -163, -798, 5, -28, 802, 54;
-13, 201, 9, -233, -839, -24, -51, 784, 35;
-9, 206, 14, -206, -785, 9, -35, 806, 56;
-9, 208, 15, -221, -770, 15, -36, 812, 60;
-8, 210, 17, -228, -749, 26, -33, 820, 67;
-9, 210, 17, -251, -741, 27, -37, 822, 68;
-10, 211, 17, -275, -735, 26, -42, 823, 67;
-11, 212, 17, -293, -724, 30, -44, 827, 69;
-21, 203, 8, -403, -803, -27, -84, 793, 33;
-23, 203, 8, -430, -799, -30, -90, 793, 32;
-15, 213, 17, -366, -705, 27, -59, 831, 67;
-21, 208, 11, -442, -749, -8, -85, 811, 45;
-26, 204, 7, -501, -777, -32, -104, 798, 30;
-22, 210, 12, -474, -719, 0, -88, 820, 50;
-27, 207, 9, -527, -739, -21, -105, 810, 37;
-23, 213, 14, -503, -684, 8, -91, 831, 56;
-22, 216, 16, -504, -653, 21, -86, 842, 64;
-26, 213, 12, -559, -676, 0, -104, 831, 50;
-32, 209, 7, -626, -710, -31, -127, 815, 31;
-23, 219, 17, -551, -604, 30, -92, 857, 70;
-30, 214, 12, -625, -646, -5, -118, 837, 47;
-30, 216, 13, -632, -621, 2, -117, 846, 52;
-35, 213, 8, -695, -651, -26, -138, 831, 34;
-29, 221, 15, -646, -570, 17, -114, 862, 62;
-30, 221, 15, -665, -557, 16, -118, 865, 61;
-37, 216, 9, -738, -598, -19, -144, 846, 38;
-31, 224, 16, -696, -524, 19, -123, 874, 62;
-37, 219, 10, -765, -561, -15, -148, 856, 41;
-35, 223, 13, -751, -516, 3, -138, 872, 53;
-33, 227, 16, -741, -474, 20, -131, 887, 64;
-40, 222, 10, -810, -511, -14, -156, 869, 41;
-42, 222, 9, -838, -509, -23, -164, 867, 36;
-35, 230, 16, -784, -423, 21, -138, 900, 64;
-41, 226, 11, -844, -453, -9, -160, 884, 45;
-43, 226, 10, -871, -450, -18, -169, 883, 39;
-40, 231, 13, -849, -397, 4, -156, 902, 53;
-39, 233, 14, -852, -370, 9, -155, 910, 57;
-41, 233, 14, -870, -358, 6, -160, 912, 54;
-46, 230, 9, -925, -384, -23, -180, 898, 36;
-46, 231, 9, -933, -363, -21, -181, 904, 37;
-42, 237, 14, -897, -299, 8, -164, 927, 56;
-44, 237, 12, -920, -294, -1, -172, 926, 50;
-45, 237, 11, -939, -284, -7, -177, 927, 46;
-46, 238, 11, -950, -268, -9, -180, 930, 44;
-48, 238, 10, -970, -261, -18, -187, 930, 39;
-46, 241, 12, -959, -223, -6, -181, 942, 47;
-41, 248, 17, -916, -155, 25, -162, 967, 67;
-47, 244, 11, -972, -185, -7, -184, 952, 46;
-44, 247, 14, -954, -142, 7, -175, 966, 55;
-41, 252, 18, -922, -85, 31, -161, 986, 70;
-45, 250, 14, -959, -98, 9, -175, 977, 57;
-46, 250, 13, -973, -89, 2, -180, 978, 52;
-42, 256, 17, -938, -30, 27, -165, 999, 68;
-43, 256, 16, -947, -17, 22, -169, 1001, 64;
-49, 251, 10, -1006, -54, -15, -192, 982, 41;
-46, 256, 14, -973, 0, 6, -179, 1001, 54;
-44, 260, 16, -955, 38, 18, -171, 1014, 62;
-46, 258, 13, -979, 33, 2, -182, 1008, 52;
-42, 263, 17, -941, 91, 26, -166, 1029, 67;
-49, 258, 10, -1006, 45, -17, -193, 1006, 39;
-41, 267, 17, -931, 138, 30, -163, 1042, 70;
-47, 262, 11, -986, 100, -8, -186, 1023, 45;
-51, 259, 8, -1017, 86, -31, -200, 1013, 31;
-50, 262, 9, -1003, 115, -25, -195, 1022, 35;
-49, 264, 9, -990, 144, -19, -191, 1031, 38;
-50, 263, 7, -1003, 145, -32, -198, 1028, 31;
-40, 275, 18, -901, 262, 32, -157, 1073, 71;
-43, 272, 14, -929, 246, 8, -170, 1063, 56;
-45, 272, 12, -939, 248, -2, -176, 1061, 49;
-40, 277, 16, -892, 308, 23, -158, 1082, 65;
-39, 279, 17, -878, 332, 27, -154, 1089, 67;
-38, 281, 18, -861, 359, 32, -149, 1097, 70;
-41, 279, 15, -881, 349, 12, -160, 1089, 58;
-42, 278, 12, -892, 346, -1, -167, 1085, 49;
-44, 276, 10, -906, 340, -18, -175, 1080, 39;
-44, 277, 9, -899, 353, -21, -175, 1082, 37;
-45, 277, 8, -896, 363, -27, -176, 1083, 34;
-43, 280, 10, -871, 393, -18, -169, 1093, 39;
-44, 279, 8, -874, 395, -29, -173, 1091, 32;
-40, 283, 11, -832, 440, -10, -159, 1106, 44;
-41, 283, 10, -831, 445, -18, -161, 1106, 39;
-40, 284, 10, -813, 464, -16, -157, 1111, 40;
-39, 286, 10, -795, 484, -14, -153, 1116, 41;
-33, 292, 16, -728, 551, 19, -129, 1141, 63;
-33, 293, 15, -719, 561, 15, -128, 1143, 60;
-32, 293, 14, -707, 571, 11, -128, 1144, 58;
-36, 289, 10, -735, 542, -17, -143, 1130, 39;
-31, 295, 14, -677, 597, 9, -123, 1150, 56;
-30, 296, 14, -658, 612, 10, -119, 1154, 57;
-33, 293, 10, -676, 589, -14, -131, 1143, 42;
-26, 300, 16, -600, 660, 23, -103, 1170, 65;
-31, 295, 11, -635, 620, -11, -122, 1151, 43;
-25, 301, 16, -565, 683, 21, -97, 1175, 64;
-25, 301, 15, -556, 684, 14, -98, 1173, 60;
-29, 296, 10, -585, 647, -18, -115, 1156, 39;
-23, 302, 15, -514, 708, 14, -90, 1180, 60;
-24, 301, 13, -515, 699, 0, -95, 1174, 51;
-21, 303, 15, -473, 729, 14, -83, 1185, 59;
-20, 304, 15, -454, 738, 13, -80, 1186, 59;
-20, 303, 13, -444, 735, 5, -81, 1184, 54;
-15, 308, 18, -381, 785, 32, -60, 1203, 70;
-23, 300, 9, -444, 708, -24, -91, 1170, 35;
-14, 308, 16, -348, 790, 24, -56, 1202, 65;
-13, 309, 17, -322, 802, 26, -50, 1206, 67;
-18, 303, 11, -356, 752, -11, -70, 1184, 43;
-15, 305, 12, -323, 768, -5, -62, 1189, 47;
-13, 307, 13, -283, 791, 5, -51, 1198, 54;
-13, 305, 12, -276, 780, -5, -53, 1192, 47;
-9, 309, 15, -226, 812, 12, -37, 1205, 58;
-9, 308, 13, -214, 804, 4, -38, 1201, 53;
-10, 306, 12, -205, 793, -6, -40, 1195, 47;
-12, 304, 9, -207, 771, -23, -46, 1185, 36;
-11, 304, 9, -185, 772, -25, -43, 1185, 35;
-5, 308, 13, -121, 815, 1, -22, 1203, 51;
-4, 308, 13, -98, 816, 0, -18, 1203, 51;
-4, 307, 11, -87, 804, -8, -19, 1197, 45;
-6, 304, 8, -89, 778, -27, -26, 1186, 34;
-6, 303, 7, -73, 770, -32, -24, 1183, 30;
2, 311, 15, 25, 844, 16, 10, 1214, 61;
-2, 305, 9, -6, 788, -20, -8, 1190, 38;
6, 313, 17, 91, 860, 28, 26, 1221, 68;
3, 308, 13, 77, 820, 1, 15, 1204, 52;
5, 309, 13, 105, 821, 4, 21, 1205, 53;
8, 311, 16, 152, 842, 19, 34, 1214, 62;
9, 310, 15, 167, 830, 13, 35, 1209, 59;
3, 303, 8, 129, 764, -28, 14, 1183, 33;
13, 311, 16, 232, 839, 24, 51, 1214, 66;
15, 312, 17, 264, 842, 29, 59, 1216, 69;
16, 312, 18, 293, 842, 32, 65, 1217, 71;
16, 310, 16, 300, 820, 21, 63, 1209, 64;
11, 303, 10, 270, 760, -14, 45, 1185, 41;
12, 303, 10, 292, 752, -15, 49, 1183, 41;
19, 309, 16, 372, 802, 22, 77, 1205, 64;
21, 309, 17, 403, 803, 27, 84, 1206, 68;
19, 305, 14, 394, 763, 6, 75, 1191, 54;
22, 306, 15, 431, 770, 16, 86, 1195, 60;
18, 300, 10, 406, 713, -15, 70, 1173, 41;
23, 304, 15, 471, 747, 12, 92, 1189, 59;
21, 300, 11, 461, 706, -8, 83, 1173, 45;
24, 302, 13, 500, 713, 3, 94, 1178, 53;
20, 296, 8, 476, 656, -27, 79, 1156, 34;
23, 297, 10, 514, 663, -15, 90, 1161, 41;
24, 296, 10, 533, 650, -16, 94, 1157, 40;
32, 303, 18, 626, 711, 32, 128, 1185, 71;
29, 298, 13, 605, 658, 5, 114, 1165, 54;
25, 292, 8, 576, 596, -27, 98, 1141, 33;
34, 300, 16, 671, 660, 23, 133, 1170, 65;
28, 292, 9, 625, 581, -19, 109, 1139, 38;
36, 299, 17, 718, 642, 30, 144, 1167, 69;
31, 291, 11, 675, 568, -10, 122, 1138, 44;
34, 292, 13, 710, 570, 1, 132, 1142, 51;
39, 296, 17, 770, 598, 29, 153, 1156, 69;
35, 290, 13, 742, 539, 0, 138, 1134, 51;
38, 292, 15, 783, 547, 16, 151, 1140, 61;
38, 290, 14, 786, 519, 8, 149, 1131, 56;
32, 282, 8, 742, 444, -30, 128, 1102, 32;
40, 288, 15, 825, 495, 14, 159, 1126, 60;
41, 287, 15, 838, 477, 14, 161, 1122, 59;
37, 282, 10, 809, 417, -14, 146, 1100, 42;
39, 282, 12, 839, 417, -2, 155, 1103, 49;
40, 282, 13, 856, 404, 0, 159, 1100, 51;
39, 279, 11, 852, 370, -10, 155, 1089, 44;
46, 284, 17, 921, 409, 27, 181, 1108, 68;
42, 278, 12, 887, 346, -1, 164, 1085, 49;
45, 280, 15, 926, 356, 17, 178, 1093, 61;
48, 281, 17, 954, 356, 29, 188, 1095, 69;
38, 269, 7, 870, 244, -32, 151, 1052, 31;
48, 278, 17, 969, 314, 27, 190, 1085, 68;
45, 273, 14, 945, 263, 6, 178, 1067, 55;
46, 272, 14, 952, 243, 6, 180, 1062, 55;
42, 267, 10, 922, 186, -18, 165, 1041, 39;
42, 265, 10, 927, 165, -18, 166, 1036, 39;
46, 267, 13, 964, 176, 1, 180, 1044, 52;
47, 267, 13, 974, 162, 5, 183, 1041, 54;
44, 262, 10, 948, 111, -14, 172, 1024, 42;
45, 262, 12, 964, 102, -6, 177, 1023, 46;
48, 263, 14, 991, 106, 9, 188, 1028, 56;
49, 263, 16, 1007, 100, 18, 194, 1029, 62;
46, 258, 12, 974, 44, -4, 180, 1009, 48;
45, 256, 11, 968, 16, -9, 177, 1001, 45;
47, 257, 13, 988, 15, 3, 185, 1004, 52;
47, 256, 13, 986, -7, 1, 184, 998, 52;
49, 256, 15, 1002, -11, 12, 191, 1000, 58;
47, 253, 13, 988, -45, 4, 185, 989, 53;
41, 246, 8, 933, -118, -30, 163, 962, 31;
42, 246, 8, 938, -131, -26, 166, 960, 34;
45, 248, 12, 964, -122, -6, 177, 967, 46;
42, 244, 9, 934, -169, -24, 165, 951, 35;
46, 246, 12, 964, -154, 0, 179, 961, 50;
42, 241, 9, 925, -209, -24, 164, 941, 36;
42, 240, 9, 925, -223, -20, 165, 939, 38;
46, 243, 13, 958, -205, 5, 180, 950, 54;
45, 241, 13, 942, -234, 0, 175, 941, 50;
48, 244, 17, 973, -214, 25, 190, 952, 66;
45, 240, 14, 941, -258, 9, 178, 938, 56;
46, 240, 15, 940, -271, 14, 180, 936, 59;
47, 240, 17, 948, -272, 25, 185, 938, 66;
40, 232, 10, 877, -352, -14, 158, 908, 41;
43, 234, 13, 894, -344, 2, 167, 914, 52;
43, 234, 14, 888, -357, 6, 168, 912, 54;
40, 230, 12, 859, -394, -5, 158, 900, 47;
36, 226, 8, 815, -444, -27, 142, 882, 34;
42, 231, 15, 862, -403, 12, 165, 902, 58;
36, 224, 9, 797, -472, -22, 141, 876, 37;
34, 222, 8, 773, -499, -28, 134, 868, 32;
33, 221, 8, 760, -515, -28, 132, 864, 33;
39, 227, 15, 807, -471, 12, 154, 885, 58;
39, 226, 15, 795, -484, 14, 153, 883, 60;
34, 221, 11, 744, -535, -8, 136, 864, 45;
31, 218, 9, 706, -573, -23, 123, 851, 36;
38, 224, 16, 760, -518, 23, 149, 876, 65;
33, 219, 12, 702, -574, -4, 129, 855, 48;
37, 223, 17, 734, -539, 28, 146, 872, 68;
35, 222, 16, 708, -562, 23, 140, 866, 65;
28, 214, 9, 626, -640, -19, 110, 835, 38;
34, 220, 17, 674, -586, 25, 134, 860, 66;
32, 219, 16, 649, -606, 21, 128, 854, 64;
24, 211, 9, 563, -685, -23, 97, 823, 36;
22, 208, 7, 529, -712, -32, 87, 814, 30;
24, 211, 10, 537, -695, -13, 95, 823, 42;
22, 209, 10, 509, -714, -18, 88, 817, 39;
26, 213, 14, 530, -683, 9, 102, 832, 56;
25, 212, 14, 508, -695, 8, 97, 829, 56;
21, 209, 11, 463, -728, -6, 84, 817, 46;
22, 210, 14, 461, -718, 6, 88, 822, 54;
23, 212, 16, 458, -709, 18, 91, 828, 62;
17, 206, 11, 390, -763, -11, 68, 807, 43;
23, 213, 18, 432, -706, 31, 91, 832, 70;
14, 204, 10, 333, -790, -18, 55, 798, 39;
18, 209, 14, 356, -752, 11, 70, 815, 58;
18, 209, 16, 344, -747, 19, 70, 818, 62;
13, 205, 12, 284, -790, -5, 51, 802, 47;
17, 210, 17, 312, -744, 29, 68, 822, 69;
9, 203, 11, 227, -810, -11, 38, 795, 43;
11, 206, 14, 231, -787, 7, 45, 805, 55;
13, 209, 17, 233, -766, 24, 52, 815, 66;
9, 206, 14, 182, -796, 7, 36, 803, 55;
8, 206, 14, 163, -794, 10, 33, 804, 57;
3, 202, 10, 102, -833, -13, 14, 789, 42;
1, 200, 9, 66, -847, -21, 5, 783, 37;
6, 206, 15, 97, -793, 15, 23, 806, 60;
-1, 199, 8, 9, -858, -26, -7, 779, 34;
0, 202, 10, 4, -839, -13, -3, 787, 42;
0, 203, 12, -5, -825, -3, -2, 793, 48;
1, 207, 16, 4, -790, 19, 7, 808, 62;
-2, 204, 12, -50, -819, 0, -9, 795, 50;
-1, 205, 14, -58, -801, 10, -7, 803, 57;
0, 208, 17, -61, -778, 24, -3, 812, 66;
-5, 205, 13, -115, -805, 5, -19, 800, 54;
-2, 208, 17, -107, -770, 26, -10, 815, 67;
-11, 201, 9, -202, -837, -20, -44, 786, 38;
-10, 204, 11, -206, -813, -7, -41, 795, 46;
-6, 209, 17, -181, -759, 25, -24, 817, 67;
-8, 209, 16, -212, -761, 21, -32, 815, 64;
-9, 209, 16, -238, -758, 20, -37, 816, 63;
-17, 202, 9, -329, -819, -24, -69, 789, 35;
-15, 206, 12, -319, -779, -2, -60, 805, 49;
-12, 211, 17, -300, -730, 25, -47, 824, 66;
-13, 211, 17, -323, -723, 25, -51, 826, 66;
-23, 203, 8, -429, -798, -29, -90, 794, 32;
-23, 204, 9, -445, -784, -25, -91, 798, 35;
-21, 208, 12, -438, -745, -5, -83, 813, 47;
-25, 205, 8, -490, -766, -25, -100, 802, 34;
-19, 213, 15, -446, -691, 18, -77, 832, 62;
-19, 215, 16, -459, -671, 24, -77, 838, 66;
-29, 206, 8, -563, -744, -30, -115, 807, 31;
-28, 210, 10, -561, -710, -16, -110, 819, 40;
-30, 209, 8, -597, -714, -26, -120, 815, 34;
-27, 214, 13, -573, -658, 2, -106, 836, 52;
-30, 213, 11, -614, -667, -10, -118, 831, 44;
-24, 220, 17, -574, -594, 28, -97, 859, 68;
-33, 213, 10, -663, -652, -18, -129, 833, 39;
-31, 217, 13, -652, -608, 1, -121, 849, 52;
-36, 214, 9, -709, -633, -24, -140, 836, 35;
-31, 220, 14, -678, -570, 8, -123, 860, 56;
-37, 216, 8, -746, -606, -25, -148, 842, 35;
-30, 225, 17, -685, -513, 26, -118, 878, 67;
-31, 225, 16, -706, -503, 23, -123, 880, 65;
-41, 218, 8, -804, -568, -30, -160, 850, 31;
-35, 225, 14, -756, -489, 10, -137, 880, 57;
-36, 225, 13, -780, -482, 5, -143, 881, 54;
-33, 230, 17, -759, -429, 28, -131, 900, 68;
-41, 224, 10, -843, -482, -17, -163, 875, 40;
-41, 227, 11, -842, -451, -8, -160, 885, 45;
-37, 232, 15, -819, -398, 15, -147, 904, 60;
-44, 227, 9, -888, -436, -21, -173, 886, 37;
-38, 234, 15, -843, -361, 16, -151, 914, 61;
-39, 235, 16, -851, -339, 18, -152, 920, 62;
-45, 231, 10, -914, -373, -16, -176, 903, 40;
-45, 233, 10, -920, -350, -13, -176, 909, 42;
-42, 237, 14, -898, -299, 7, -164, 927, 55;
-45, 235, 11, -937, -310, -12, -178, 919, 43;
-48, 234, 8, -970, -315, -28, -190, 914, 33;
-39, 245, 17, -890, -208, 29, -155, 955, 69;
-45, 241, 12, -944, -235, -1, -176, 941, 50;
-43, 245, 15, -927, -191, 14, -167, 956, 60;
-41, 248, 17, -915, -153, 26, -161, 968, 67;
-42, 248, 16, -927, -140, 22, -165, 970, 64;
-48, 244, 11, -983, -170, -11, -187, 954, 43;
-46, 247, 13, -971, -133, 0, -181, 966, 50;
-45, 250, 13, -965, -104, 5, -178, 975, 54;
-43, 254, 16, -944, -59, 21, -168, 990, 64;
-44, 254, 15, -956, -48, 15, -173, 991, 60;
-47, 252, 12, -983, -53, -1, -183, 986, 50;
-46, 254, 13, -982, -30, 0, -183, 992, 51;
-52, 250, 7, -1032, -58, -32, -203, 977, 30;
-49, 254, 10, -1010, -17, -18, -194, 991, 39;
-45, 259, 14, -972, 41, 7, -178, 1012, 55;
-46, 259, 13, -979, 53, 1, -182, 1013, 51;
-43, 264, 16, -945, 106, 22, -168, 1032, 65;
-45, 263, 14, -962, 107, 9, -176, 1029, 57;
-51, 258, 8, -1020, 67, -30, -200, 1009, 31;
-47, 264, 12, -977, 126, -4, -183, 1030, 48;
-48, 263, 10, -989, 130, -15, -189, 1028, 41;
-47, 266, 11, -974, 160, -8, -184, 1037, 45;
-42, 272, 16, -923, 226, 21, -164, 1061, 64;
-43, 271, 14, -935, 227, 9, -171, 1058, 56;
-40, 276, 18, -894, 281, 31, -156, 1077, 70;
-42, 275, 15, -909, 278, 17, -163, 1073, 61;
-49, 268, 7, -976, 223, -32, -193, 1047, 30;
-46, 272, 10, -942, 268, -15, -181, 1062, 41;
-40, 279, 15, -883, 338, 17, -158, 1088, 62;
-41, 278, 14, -889, 340, 6, -163, 1086, 55;
-44, 276, 11, -908, 330, -12, -173, 1079, 43;
-45, 276, 9, -911, 335, -21, -177, 1078, 37;
-45, 276, 8, -909, 344, -27, -179, 1078, 33;
-39, 283, 14, -839, 420, 10, -152, 1107, 57;
-35, 287, 17, -801, 463, 27, -139, 1122, 68;
-40, 283, 11, -840, 428, -6, -159, 1104, 46;
-41, 282, 10, -843, 430, -17, -163, 1102, 40;
-38, 286, 12, -806, 469, -2, -151, 1116, 49;
-36, 289, 14, -774, 503, 9, -141, 1127, 56;
-37, 288, 12, -776, 503, -2, -145, 1124, 49;
-36, 289, 13, -757, 522, 0, -141, 1130, 51;
-36, 289, 12, -750, 530, -5, -141, 1130, 47;
-37, 288, 9, -754, 524, -19, -147, 1125, 38;
-31, 294, 15, -689, 587, 12, -124, 1149, 58;
-36, 290, 9, -724, 549, -22, -142, 1131, 37;
-35, 290, 9, -707, 562, -23, -139, 1134, 36;
-35, 290, 8, -697, 568, -28, -139, 1134, 33;
-25, 301, 18, -588, 672, 31, -98, 1175, 70;
-30, 295, 11, -627, 627, -7, -119, 1154, 46;
-28, 298, 13, -593, 655, 3, -109, 1163, 52;
-30, 296, 10, -602, 639, -15, -117, 1155, 41;
-22, 303, 16, -521, 711, 24, -89, 1182, 65;
-24, 301, 14, -524, 699, 8, -95, 1175, 56;
-29, 295, 7, -564, 649, -31, -116, 1153, 31;
-26, 298, 10, -522, 680, -18, -103, 1164, 39;
-22, 302, 12, -474, 717, 0, -88, 1178, 50;
-18, 306, 16, -420, 759, 20, -71, 1193, 63;
-20, 303, 12, -431, 735, -1, -80, 1182, 50;
-19, 303, 12, -410, 743, -1, -77, 1184, 49;
-15, 307, 15, -359, 779, 16, -61, 1197, 61;
-22, 299, 7, -410, 713, -32, -87, 1169, 30;
-13, 308, 15, -312, 795, 17, -52, 1202, 61;
-13, 307, 14, -299, 792, 10, -52, 1199, 57;
-14, 306, 12, -295, 779, -1, -55, 1193, 49;
-10, 308, 15, -248, 808, 13, -41, 1204, 59;
-13, 304, 10, -265, 773, -13, -54, 1188, 42;
-5, 312, 17, -176, 843, 29, -22, 1217, 69;
-4, 312, 18, -148, 850, 31, -16, 1219, 70;
-5, 310, 15, -146, 832, 17, -21, 1211, 61;
-6, 308, 13, -145, 813, 1, -26, 1202, 52;
-8, 305, 10, -147, 788, -16, -33, 1192, 40;
0, 313, 17, -54, 859, 29, 0, 1221, 69;
0, 311, 15, -47, 844, 17, -2, 1214, 62;
-6, 304, 8, -91, 776, -28, -26, 1186, 33;
0, 310, 15, -4, 839, 13, 3, 1212, 59;
0, 309, 13, 7, 827, 4, 3, 1206, 54;
1, 308, 12, 23, 818, 0, 4, 1203, 50;
0, 305, 10, 21, 790, -18, -2, 1191, 39;
2, 307, 11, 59, 803, -9, 7, 1197, 45;
5, 309, 14, 110, 827, 7, 23, 1207, 55;
2, 305, 10, 94, 784, -19, 11, 1190, 39;
6, 307, 12, 141, 804, -3, 25, 1199, 48;
11, 310, 16, 201, 836, 19, 44, 1212, 63;
11, 309, 15, 214, 821, 12, 44, 1207, 58;
8, 305, 11, 203, 782, -11, 34, 1191, 44;
8, 303, 9, 211, 760, -22, 31, 1183, 37;
14, 308, 14, 281, 801, 8, 55, 1201, 56;
16, 309, 15, 318, 809, 17, 65, 1205, 61;
13, 304, 11, 298, 758, -11, 51, 1185, 43;
20, 309, 17, 377, 808, 25, 79, 1207, 67;
14, 301, 9, 332, 732, -19, 55, 1177, 38;
16, 302, 11, 366, 735, -12, 64, 1179, 43;
21, 305, 14, 422, 761, 10, 82, 1191, 57;
19, 302, 11, 417, 724, -8, 74, 1178, 45;
24, 305, 15, 474, 750, 15, 93, 1190, 60;
20, 299, 10, 449, 693, -16, 78, 1168, 40;
21, 299, 10, 471, 684, -15, 82, 1166, 41;
27, 303, 15, 538, 719, 14, 105, 1182, 60;
22, 296, 9, 504, 653, -21, 86, 1157, 37;
30, 302, 16, 590, 707, 21, 117, 1181, 64;
27, 298, 12, 572, 656, -4, 105, 1162, 48;
25, 294, 9, 568, 621, -19, 99, 1149, 38;
34, 301, 17, 661, 682, 29, 133, 1177, 69;
27, 293, 10, 612, 601, -15, 108, 1145, 41;
26, 290, 8, 612, 568, -28, 104, 1134, 33;
36, 299, 17, 718, 642, 29, 144, 1167, 69;
33, 294, 13, 698, 590, 4, 131, 1148, 53;
32, 291, 12, 698, 558, -6, 128, 1137, 46;
30, 287, 8, 684, 512, -27, 118, 1120, 34;
31, 287, 9, 708, 504, -22, 124, 1119, 37;
34, 287, 10, 738, 502, -13, 133, 1121, 42;
39, 291, 15, 796, 529, 15, 153, 1135, 60;
33, 283, 8, 747, 448, -27, 130, 1104, 33;
39, 287, 13, 810, 480, 4, 152, 1120, 54;
40, 287, 14, 831, 471, 9, 158, 1119, 57;
35, 279, 8, 786, 395, -29, 136, 1091, 32;
36, 278, 8, 802, 381, -27, 140, 1088, 34;
38, 279, 10, 835, 383, -13, 151, 1091, 42;
43, 282, 14, 882, 400, 10, 168, 1102, 57;
38, 276, 9, 849, 337, -20, 151, 1078, 38;
45, 281, 16, 918, 377, 19, 178, 1098, 62;
43, 277, 13, 904, 334, 2, 169, 1083, 52;
45, 278, 15, 930, 331, 13, 178, 1085, 59;
47, 278, 16, 955, 328, 24, 186, 1087, 65;
49, 278, 17, 972, 317, 29, 191, 1086, 69;
47, 275, 16, 964, 281, 19, 186, 1074, 62;
42, 268, 10, 918, 208, -16, 165, 1047, 40;
41, 266, 9, 914, 178, -23, 162, 1038, 36;
44, 267, 11, 944, 182, -7, 173, 1043, 46;
45, 267, 12, 958, 171, -1, 178, 1042, 49;
42, 262, 9, 929, 116, -24, 164, 1022, 35;
43, 261, 9, 939, 102, -20, 168, 1020, 38;
48, 265, 15, 992, 131, 12, 189, 1035, 58;
42, 257, 8, 932, 48, -29, 163, 1004, 32;
49, 263, 15, 1000, 92, 13, 191, 1026, 59;
44, 257, 10, 956, 26, -16, 172, 1002, 40;
46, 257, 12, 978, 26, -3, 181, 1005, 49;
42, 252, 8, 942, -30, -27, 166, 985, 34;
49, 258, 15, 1009, 15, 16, 194, 1008, 61;
51, 258, 17, 1025, 11, 28, 201, 1009, 68;
47, 253, 13, 984, -48, 2, 184, 988, 52;
47, 252, 13, 987, -64, 5, 185, 985, 54;
44, 248, 11, 960, -109, -11, 175, 969, 43;
42, 244, 8, 933, -153, -26, 165, 955, 34;
45, 247, 12, 963, -139, -4, 178, 964, 48;
50, 250, 17, 1006, -112, 27, 197, 978, 67;
45, 244, 12, 955, -179, -4, 176, 954, 48;
45, 243, 12, 950, -199, -3, 176, 949, 48;
45, 243, 13, 954, -208, 3, 179, 949, 53;
42, 239, 10, 920, -256, -15, 166, 932, 41;
40, 235, 8, 894, -294, -27, 157, 919, 33;
47, 241, 15, 954, -246, 17, 184, 943, 61;
43, 237, 12, 912, -298, -4, 168, 924, 48;
38, 231, 8, 862, -358, -31, 150, 902, 31;
45, 237, 15, 919, -310, 12, 175, 925, 59;
42, 233, 12, 888, -350, -1, 165, 912, 50;
46, 237, 17, 918, -327, 26, 180, 925, 67;
40, 230, 12, 859, -393, -5, 158, 900, 47;
36, 226, 9, 817, -442, -25, 143, 883, 35;
44, 233, 17, 881, -383, 25, 173, 910, 66;
37, 225, 10, 806, -462, -15, 145, 880, 41;
41, 229, 14, 835, -438, 12, 159, 893, 58;
37, 225, 12, 796, -480, -4, 146, 879, 48;
39, 227, 15, 808, -469, 13, 155, 886, 59;
42, 229, 18, 822, -457, 32, 164, 894, 71;
32, 219, 9, 722, -557, -23, 126, 855, 36;
36, 223, 14, 754, -525, 8, 143, 871, 56;
38, 225, 17, 762, -516, 25, 150, 877, 66;
33, 219, 12, 704, -572, -2, 130, 857, 49;
32, 218, 12, 686, -588, -3, 126, 852, 48;
33, 219, 14, 687, -583, 9, 131, 857, 56;
31, 217, 13, 660, -606, 3, 124, 850, 53;
27, 213, 10, 608, -652, -18, 107, 833, 39;
25, 212, 9, 582, -672, -23, 100, 826, 36;
27, 214, 12, 590, -657, -4, 108, 835, 48;
28, 215, 14, 588, -653, 6, 111, 839, 55;
26, 212, 12, 553, -679, -2, 102, 830, 49;
21, 208, 8, 498, -725, -26, 83, 812, 34;
27, 214, 15, 539, -674, 15, 105, 835, 60;
19, 206, 8, 453, -749, -27, 75, 806, 33;
21, 209, 12, 465, -726, -5, 85, 817, 47;
19, 208, 11, 435, -744, -10, 77, 812, 44;
23, 212, 15, 457, -709, 18, 91, 827, 62;
15, 204, 8, 366, -787, -27, 58, 797, 33;
23, 213, 17, 429, -709, 29, 90, 830, 69;
18, 209, 14, 373, -750, 7, 72, 815, 55;
15, 206, 12, 332, -775, -4, 60, 805, 48;
11, 203, 9, 284, -807, -20, 45, 793, 37;
14, 206, 13, 295, -779, 2, 55, 806, 52;
8, 201, 8, 226, -830, -27, 32, 786, 33;
9, 203, 10, 221, -816, -15, 36, 793, 41;
10, 205, 13, 222, -797, 1, 41, 801, 51;
12, 208, 15, 223, -776, 17, 47, 811, 61;
10, 207, 15, 196, -782, 16, 42, 809, 61;
5, 203, 11, 131, -826, -10, 21, 791, 44;
5, 204, 12, 120, -815, -1, 21, 796, 49;
2, 202, 10, 77, -837, -14, 9, 788, 41;
3, 204, 12, 72, -818, -1, 13, 796, 50;
1, 203, 11, 38, -829, -7, 4, 791, 46;
2, 205, 14, 37, -806, 8, 9, 801, 56;
4, 208, 17, 40, -779, 26, 16, 812, 67;
-5, 200, 9, -61, -855, -24, -19, 781, 35;
-1, 204, 13, -43, -812, 3, -6, 798, 53;
-6, 200, 9, -105, -848, -21, -26, 783, 37;
-9, 199, 7, -146, -863, -32, -38, 777, 30;
-6, 204, 12, -124, -814, -1, -23, 797, 50;
-5, 206, 14, -135, -797, 8, -22, 803, 56;
-12, 200, 9, -209, -844, -24, -47, 783, 35;
-12, 201, 9, -229, -835, -21, -50, 786, 37;
-13, 202, 10, -246, -824, -17, -51, 790, 40;
-8, 208, 16, -215, -765, 19, -33, 814, 62;
-16, 202, 9, -299, -819, -20, -63, 790, 37;
-12, 207, 14, -282, -772, 6, -50, 809, 55;
-17, 204, 11, -333, -794, -11, -66, 799, 43;
-11, 211, 17, -296, -727, 28, -45, 826, 68;
-16, 208, 14, -352, -752, 6, -63, 814, 54;
-20, 206, 11, -400, -769, -10, -78, 805, 44;
-20, 208, 12, -415, -753, -5, -79, 811, 47;
-17, 212, 15, -405, -712, 16, -70, 826, 61;
-22, 209, 12, -458, -734, -4, -86, 816, 48;
-19, 213, 16, -446, -690, 18, -76, 832, 62;
-28, 206, 8, -541, -754, -30, -111, 804, 31;
-24, 211, 13, -516, -697, 0, -96, 826, 51;
-23, 215, 15, -514, -663, 15, -90, 838, 60;
-23, 216, 16, -530, -647, 18, -92, 843, 62;
-22, 219, 18, -529, -614, 32, -87, 855, 71;
-24, 218, 16, -561, -614, 24, -96, 853, 66;
-34, 211, 8, -660, -681, -28, -133, 823, 33;
-27, 219, 15, -611, -599, 16, -108, 854, 61;
-26, 222, 17, -609, -566, 30, -103, 866, 69;
-31, 218, 13, -668, -592, 3, -123, 853, 52;
-35, 216, 10, -716, -608, -16, -139, 844, 40;
-34, 219, 11, -718, -578, -6, -136, 854, 46;
-38, 216, 8, -764, -592, -26, -151, 845, 34;
-34, 223, 14, -732, -528, 6, -134, 870, 54;
-31, 227, 17, -715, -479, 28, -123, 887, 68;
-34, 226, 15, -753, -486, 13, -136, 882, 59;
-42, 220, 8, -835, -537, -31, -166, 858, 31;
-42, 222, 9, -838, -509, -23, -164, 867, 36;
-40, 225, 11, -831, -471, -9, -158, 880, 44;
-41, 226, 11, -849, -458, -12, -162, 882, 42;
-35, 233, 17, -802, -380, 27, -140, 912, 67;
-43, 228, 10, -880, -428, -16, -169, 889, 40;
-38, 234, 15, -841, -359, 17, -150, 915, 61;
-38, 236, 16, -845, -333, 22, -149, 922, 65;
-43, 233, 11, -900, -359, -6, -170, 908, 46;
-45, 232, 10, -924, -354, -15, -177, 907, 41;
-41, 238, 14, -892, -293, 11, -162, 929, 58;
-42, 239, 14, -904, -278, 9, -165, 933, 56;
-45, 237, 11, -937, -283, -6, -177, 927, 46;
-49, 235, 8, -975, -293, -26, -191, 920, 34;
-48, 237, 9, -976, -266, -22, -189, 928, 37;
-48, 239, 9, -982, -246, -21, -190, 933, 37;
-44, 245, 14, -945, -183, 6, -174, 955, 55;
-47, 244, 12, -971, -183, -6, -183, 952, 46;
-48, 244, 10, -986, -173, -13, -188, 953, 42;
-49, 244, 9, -1003, -166, -21, -194, 953, 37;
-50, 245, 9, -1011, -150, -24, -197, 956, 35;
-46, 250, 13, -975, -91, 1, -181, 977, 51;
-44, 254, 15, -958, -50, 14, -173, 990, 59;
-49, 250, 10, -1009, -79, -18, -194, 975, 39;
-47, 254, 12, -985, -33, -1, -184, 991, 49;
-46, 256, 13, -977, -4, 4, -180, 999, 53;
-51, 252, 8, -1029, -36, -30, -202, 983, 31;
-44, 260, 15, -959, 54, 15, -173, 1017, 60;
-42, 263, 17, -942, 91, 26, -166, 1029, 67;
-51, 256, 8, -1023, 28, -29, -200, 999, 32;
-48, 260, 11, -990, 79, -8, -187, 1017, 45;
-43, 267, 16, -941, 145, 21, -168, 1041, 64;
-50, 260, 8, -1010, 93, -26, -197, 1016, 34;
-48, 263, 10, -988, 131, -14, -189, 1028, 41;
-48, 264, 10, -986, 148, -17, -189, 1032, 40;
-43, 271, 15, -931, 218, 16, -168, 1058, 61;
-48, 266, 9, -980, 182, -20, -189, 1040, 38;
-46, 269, 11, -959, 216, -11, -182, 1051, 43;
-40, 276, 17, -898, 290, 24, -159, 1078, 66;
-40, 277, 16, -894, 305, 21, -159, 1081, 64;
-46, 272, 10, -942, 268, -15, -181, 1062, 41;
-41, 278, 15, -889, 331, 13, -161, 1085, 59;
-41, 279, 14, -882, 348, 11, -160, 1089, 58;
-40, 281, 15, -867, 371, 14, -156, 1095, 60;
-40, 281, 14, -862, 384, 11, -156, 1098, 57;
-45, 276, 8, -907, 346, -26, -178, 1079, 34;
-43, 279, 10, -877, 382, -14, -168, 1091, 42;
-44, 278, 8, -884, 380, -27, -174, 1087, 33;
-34, 289, 17, -785, 483, 29, -136, 1127, 69;
-36, 288, 15, -789, 483, 18, -141, 1124, 62;
-33, 291, 17, -757, 518, 30, -131, 1136, 69;
-33, 292, 17, -745, 532, 28, -129, 1139, 68;
-39, 286, 10, -796, 483, -15, -153, 1116, 41;
-41, 284, 8, -803, 477, -30, -160, 1111, 32;
-35, 290, 12, -743, 536, 0, -138, 1133, 50;
-37, 289, 10, -750, 528, -16, -145, 1127, 40;
-35, 291, 11, -722, 554, -9, -138, 1135, 44;
-28, 298, 17, -649, 625, 27, -111, 1162, 68;
-34, 292, 10, -693, 577, -13, -133, 1140, 42;
-33, 293, 11, -671, 594, -11, -129, 1145, 44;
-29, 297, 14, -623, 637, 8, -113, 1160, 56;
-25, 300, 16, -580, 674, 24, -100, 1173, 66;
-27, 298, 13, -589, 659, 5, -108, 1165, 54;
-32, 293, 8, -625, 616, -31, -127, 1145, 31;
-27, 298, 12, -562, 670, -3, -106, 1165, 48;
-23, 302, 15, -512, 711, 16, -90, 1180, 61;
-23, 302, 14, -503, 710, 8, -91, 1178, 56;
-20, 304, 15, -468, 734, 17, -81, 1187, 61;
-26, 298, 9, -508, 683, -23, -102, 1164, 36;
-25, 298, 9, -488, 691, -24, -99, 1165, 35;
-20, 303, 13, -425, 741, 3, -78, 1185, 52;
-23, 299, 8, -448, 704, -27, -93, 1168, 33;
-21, 301, 9, -417, 722, -21, -85, 1174, 37;
-16, 306, 14, -350, 774, 7, -62, 1194, 55;
-14, 307, 14, -320, 787, 12, -55, 1198, 58;
-17, 303, 10, -341, 750, -17, -69, 1182, 40;
-18, 302, 8, -332, 742, -27, -71, 1177, 34;
-8, 311, 17, -227, 829, 27, -32, 1213, 68;
-8, 309, 16, -216, 821, 18, -34, 1208, 62;
-10, 307, 12, -221, 798, 0, -41, 1198, 50;
-12, 304, 9, -228, 770, -21, -50, 1186, 37;
-12, 303, 9, -208, 770, -24, -47, 1185, 35;
-2, 312, 17, -108, 849, 26, -11, 1217, 67;
-1, 312, 17, -82, 854, 27, -6, 1219, 67;
-1, 312, 16, -63, 850, 23, -3, 1217, 65;
-3, 308, 12, -75, 815, -1, -14, 1202, 50;
1, 312, 16, -17, 850, 21, 4, 1216, 64;
3, 313, 17, 19, 863, 29, 13, 1221, 69;
-3, 304, 9, -36, 783, -24, -15, 1188, 35;
3, 310, 15, 45, 840, 14, 13, 1212, 59;
3, 309, 14, 59, 828, 6, 13, 1207, 55;
2, 307, 11, 62, 805, -7, 9, 1198, 46;
5, 309, 14, 110, 827, 7, 23, 1207, 55;
4, 306, 11, 108, 798, -10, 16, 1196, 44;
5, 306, 11, 131, 793, -10, 20, 1194, 44;
10, 310, 15, 192, 827, 13, 40, 1209, 59;
10, 308, 13, 202, 809, 4, 39, 1202, 53;
12, 309, 14, 236, 815, 10, 47, 1205, 57;
11, 307, 13, 245, 795, 0, 46, 1197, 51;
11, 305, 12, 259, 779, -5, 46, 1192, 47;
12, 304, 11, 275, 766, -10, 47, 1187, 44;
20, 310, 18, 362, 823, 31, 78, 1212, 70;
11, 300, 7, 290, 720, -32, 42, 1171, 30;
14, 302, 10, 337, 737, -16, 57, 1179, 40;
17, 304, 12, 380, 750, -2, 70, 1185, 49;
21, 306, 15, 429, 768, 14, 85, 1194, 60;
20, 303, 12, 429, 736, 0, 79, 1182, 50;
19, 300, 10, 431, 707, -13, 75, 1172, 42;
24, 304, 14, 490, 735, 11, 95, 1185, 58;
20, 298, 10, 468, 681, -18, 81, 1164, 39;
24, 300, 12, 510, 691, -4, 93, 1171, 48;
25, 299, 12, 533, 682, -2, 98, 1169, 49;
27, 299, 13, 560, 678, 1, 105, 1169, 52;
27, 298, 12, 575, 660, -1, 106, 1163, 49;
26, 295, 10, 577, 630, -13, 102, 1153, 42;
24, 292, 8, 574, 594, -28, 97, 1140, 33;
34, 300, 17, 677, 666, 27, 135, 1172, 68;
32, 296, 14, 669, 625, 9, 128, 1158, 56;
35, 297, 16, 702, 626, 19, 137, 1160, 63;
30, 291, 10, 671, 563, -13, 120, 1136, 42;
35, 294, 15, 726, 587, 12, 139, 1149, 58;
34, 291, 12, 723, 551, -1, 134, 1136, 49;
34, 290, 12, 737, 533, -3, 136, 1131, 48;
33, 287, 10, 734, 498, -15, 131, 1120, 41;
40, 292, 16, 807, 540, 22, 158, 1139, 64;
34, 284, 10, 762, 464, -17, 136, 1111, 40;
41, 289, 16, 834, 504, 20, 162, 1130, 63;
43, 290, 17, 859, 498, 28, 169, 1131, 68;
36, 281, 9, 801, 409, -19, 142, 1097, 38;
35, 278, 8, 802, 380, -27, 140, 1087, 33;
40, 281, 12, 848, 396, -4, 156, 1097, 48;
38, 278, 10, 843, 361, -16, 151, 1085, 40;
36, 274, 7, 830, 319, -32, 143, 1071, 30;
44, 280, 14, 906, 365, 11, 173, 1093, 57;
40, 274, 10, 872, 302, -18, 156, 1070, 39;
47, 280, 17, 950, 351, 26, 186, 1094, 67;
48, 279, 17, 965, 338, 30, 190, 1091, 70;
39, 269, 8, 885, 230, -28, 155, 1050, 33;
46, 274, 14, 950, 268, 9, 180, 1069, 57;
49, 275, 17, 983, 273, 26, 192, 1074, 67;
44, 269, 12, 943, 207, -4, 174, 1050, 48;
45, 268, 13, 957, 195, 0, 178, 1048, 51;
45, 266, 12, 952, 164, -5, 175, 1039, 47;
42, 262, 9, 934, 121, -21, 166, 1024, 37;
48, 266, 15, 988, 151, 12, 188, 1040, 58;
44, 261, 10, 953, 92, -13, 173, 1019, 42;
51, 266, 17, 1017, 133, 27, 199, 1039, 67;
45, 260, 12, 970, 62, -6, 179, 1014, 47;
47, 260, 13, 988, 58, 4, 186, 1015, 53;
47, 259, 14, 992, 40, 6, 187, 1011, 54;
49, 259, 15, 1006, 32, 15, 192, 1011, 60;
42, 250, 8, 938, -55, -30, 164, 978, 32;
47, 255, 13, 988, -24, 4, 185, 994, 53;
46, 252, 12, 977, -55, -2, 181, 985, 49;
46, 251, 12, 972, -79, -4, 179, 979, 48;
47, 251, 14, 988, -81, 7, 186, 981, 55;
43, 245, 9, 943, -143, -20, 169, 959, 38;
51, 253, 18, 1019, -84, 32, 201, 986, 71;
43, 244, 10, 941, -178, -16, 170, 951, 40;
45, 244, 12, 954, -180, -4, 176, 953, 48;
49, 247, 17, 992, -156, 24, 193, 967, 66;
42, 239, 10, 920, -242, -19, 165, 934, 39;
41, 237, 9, 908, -267, -22, 161, 927, 36;
47, 243, 16, 963, -224, 18, 186, 948, 62;
46, 241, 15, 947, -253, 13, 181, 940, 59;
46, 239, 15, 938, -272, 12, 179, 935, 58;
41, 234, 10, 888, -332, -14, 160, 913, 42;
48, 240, 18, 949, -281, 32, 188, 938, 71;
42, 234, 13, 890, -348, 0, 166, 913, 51;
40, 231, 11, 861, -385, -12, 156, 901, 43;
43, 233, 14, 884, -369, 11, 168, 910, 57;
41, 230, 13, 857, -402, 0, 160, 900, 51;
37, 226, 10, 814, -450, -19, 145, 883, 39;
42, 231, 16, 859, -409, 19, 167, 902, 63;
41, 229, 15, 836, -436, 13, 160, 894, 59;
34, 222, 9, 768, -507, -23, 135, 867, 36;
38, 226, 14, 798, -479, 6, 151, 882, 55;
33, 220, 9, 736, -542, -24, 129, 858, 35;
35, 221, 11, 747, -532, -6, 137, 865, 46;
39, 226, 17, 783, -496, 27, 155, 883, 68;
29, 215, 7, 676, -602, -32, 115, 842, 30;
34, 220, 13, 714, -562, 4, 134, 861, 53;
35, 221, 15, 714, -559, 15, 138, 864, 60;
28, 214, 9, 635, -635, -25, 109, 835, 35;
27, 213, 9, 619, -647, -23, 107, 833, 36;
26, 212, 8, 595, -666, -27, 101, 827, 33;
25, 211, 8, 576, -678, -27, 98, 824, 34;
26, 212, 10, 574, -674, -15, 101, 828, 41;
27, 214, 13, 577, -663, 0, 107, 834, 50;
23, 210, 10, 531, -701, -17, 93, 821, 40;
22, 209, 9, 504, -719, -22, 86, 815, 37;
28, 215, 16, 550, -663, 22, 110, 840, 64;
19, 207, 9, 458, -745, -24, 77, 808, 35;
24, 212, 15, 495, -696, 14, 97, 830, 59;
25, 213, 16, 487, -692, 23, 98, 833, 65;
21, 210, 13, 436, -730, 4, 82, 819, 53;
18, 207, 11, 394, -759, -8, 70, 808, 45;
15, 205, 10, 357, -781, -18, 60, 801, 39;
14, 205, 10, 339, -784, -15, 58, 801, 41;
16, 207, 13, 342, -766, 2, 64, 809, 52;
18, 209, 16, 344, -747, 19, 70, 818, 62;
15, 207, 14, 302, -772, 7, 58, 809, 55;
8, 201, 8, 228, -828, -26, 33, 787, 34;
9, 203, 11, 225, -812, -12, 37, 794, 43;
5, 200, 8, 175, -844, -30, 22, 782, 32;
9, 205, 13, 197, -801, 0, 37, 800, 51;
11, 208, 16, 205, -774, 21, 45, 812, 64;
3, 200, 9, 111, -846, -24, 12, 783, 35;
4, 203, 11, 110, -825, -8, 17, 792, 45;
2, 202, 10, 76, -837, -14, 9, 788, 41;
1, 202, 10, 52, -838, -14, 5, 787, 42;
0, 201, 10, 23, -844, -17, -1, 785, 40;
4, 207, 16, 59, -784, 23, 19, 810, 65;
3, 207, 16, 34, -785, 22, 14, 810, 65;
-5, 200, 9, -60, -855, -24, -19, 781, 36;
-5, 201, 9, -78, -848, -19, -21, 784, 38;
-1, 205, 14, -59, -802, 9, -7, 802, 57;
-6, 203, 11, -110, -827, -8, -23, 792, 45;
-8, 202, 10, -144, -834, -13, -31, 789, 42;
-5, 206, 14, -133, -796, 9, -21, 804, 56;
-12, 200, 8, -214, -849, -28, -49, 781, 33;
-7, 206, 14, -182, -789, 8, -31, 805, 56;
-7, 208, 16, -190, -769, 19, -28, 813, 63;
-14, 202, 10, -272, -821, -18, -57, 791, 39;
-11, 207, 14, -255, -775, 8, -44, 809, 56;
-12, 208, 14, -276, -766, 10, -47, 811, 57;
-13, 208, 14, -298, -759, 11, -51, 813, 57;
-12, 210, 16, -305, -735, 22, -49, 822, 64;
-16, 208, 13, -355, -755, 4, -64, 813, 53;
-13, 212, 17, -341, -710, 28, -53, 830, 69;
-17, 211, 15, -385, -724, 14, -67, 823, 59;
-24, 205, 8, -469, -776, -26, -96, 800, 34;
-16, 214, 17, -408, -684, 29, -66, 837, 69;
-24, 208, 10, -495, -739, -14, -97, 812, 42;
-28, 206, 8, -538, -751, -28, -110, 805, 32;
-25, 211, 12, -521, -702, -3, -98, 824, 48;
-28, 210, 10, -560, -709, -15, -109, 819, 41;
-31, 208, 8, -600, -717, -28, -121, 814, 33;
-24, 217, 15, -550, -635, 18, -96, 846, 62;
-28, 214, 12, -599, -652, -1, -112, 837, 50;
-31, 214, 11, -632, -652, -9, -121, 835, 44;
-30, 216, 12, -640, -629, -2, -120, 842, 49;
-33, 215, 10, -674, -631, -13, -130, 839, 42;
-29, 221, 15, -646, -570, 18, -114, 862, 62;
-29, 222, 16, -661, -553, 19, -116, 867, 63;
-38, 215, 8, -748, -608, -26, -148, 841, 34;
-38, 217, 9, -761, -589, -24, -150, 847, 36;
-32, 224, 15, -716, -512, 16, -127, 876, 61;
-36, 223, 13, -757, -522, 0, -141, 870, 51;
-35, 225, 14, -760, -493, 8, -138, 879, 56;
-38, 224, 12, -793, -494, -3, -149, 876, 48;
-38, 226, 13, -800, -470, 1, -148, 883, 52;
-35, 230, 16, -784, -423, 21, -138, 900, 64;
-36, 231, 16, -796, -405, 22, -140, 904, 64;
-37, 232, 15, -817, -395, 17, -146, 905, 61;
-39, 231, 14, -844, -392, 7, -155, 904, 55;
-36, 236, 17, -822, -340, 30, -142, 922, 69;
-39, 235, 15, -857, -345, 14, -154, 917, 60;
-39, 236, 15, -863, -322, 17, -154, 924, 62;
-46, 232, 9, -929, -359, -19, -180, 905, 38;
-48, 231, 7, -958, -359, -32, -189, 902, 30;
-39, 242, 17, -876, -249, 28, -153, 944, 68;
-40, 243, 17, -887, -232, 26, -156, 948, 67;
-42, 242, 15, -910, -227, 16, -163, 947, 61;
-45, 241, 12, -945, -236, -2, -177, 940, 49;
-44, 243, 14, -939, -203, 6, -172, 951, 55;
-46, 243, 12, -963, -201, -5, -181, 948, 47;
-47, 243, 11, -979, -192, -12, -187, 949, 43;
-48, 244, 11, -985, -172, -12, -188, 953, 43;
-42, 251, 16, -936, -99, 22, -166, 980, 65;
-48, 247, 11, -991, -129, -11, -188, 964, 43;
-49, 248, 10, -1000, -115, -15, -191, 967, 41;
-52, 246, 7, -1028, -120, -32, -202, 962, 30;
-49, 250, 10, -1006, -76, -16, -193, 976, 40;
-45, 255, 14, -972, -20, 7, -178, 996, 55;
-49, 253, 10, -1003, -30, -13, -191, 989, 42;
-42, 261, 17, -938, 55, 30, -164, 1021, 69;
-51, 253, 8, -1026, -12, -28, -201, 989, 33;
-45, 261, 14, -965, 67, 10, -176, 1019, 57;
-42, 265, 17, -935, 116, 29, -164, 1036, 69;
-51, 257, 7, -1025, 44, -32, -202, 1002, 30;
-42, 267, 16, -939, 147, 23, -167, 1042, 65;
-45, 265, 13, -964, 138, 3, -178, 1035, 53;
-44, 267, 14, -950, 169, 10, -173, 1044, 57;
-41, 271, 17, -918, 216, 28, -161, 1060, 68;
-49, 264, 9, -991, 157, -23, -193, 1033, 36;
-41, 273, 16, -915, 248, 22, -162, 1067, 65;
-44, 272, 13, -934, 241, 5, -172, 1061, 54;
-42, 274, 15, -914, 274, 14, -165, 1071, 59;
-40, 277, 16, -891, 309, 24, -157, 1082, 66;
-43, 275, 13, -915, 295, 2, -170, 1074, 52;
-46, 273, 9, -939, 281, -19, -182, 1065, 38;
-39, 280, 16, -868, 361, 20, -154, 1095, 63;
-42, 279, 13, -886, 352, 2, -164, 1088, 52;
-46, 275, 8, -920, 326, -27, -180, 1074, 33;
-44, 277, 9, -899, 354, -21, -174, 1082, 37;
-42, 280, 11, -870, 389, -9, -165, 1094, 44;
-40, 283, 12, -846, 419, -1, -158, 1103, 49;
-39, 284, 13, -829, 439, 0, -154, 1109, 51;
-35, 289, 16, -783, 490, 22, -138, 1127, 65;
-33, 291, 17, -758, 517, 29, -131, 1136, 69;
-39, 285, 11, -805, 472, -11, -154, 1114, 43;
-38, 287, 11, -785, 494, -7, -149, 1121, 46;
-34, 291, 14, -741, 538, 10, -134, 1136, 57;
-38, 287, 10, -770, 509, -18, -150, 1122, 39;
-36, 290, 11, -740, 538, -10, -141, 1131, 44;
-31, 295, 15, -682, 594, 17, -121, 1152, 61;
-35, 291, 10, -713, 560, -15, -138, 1135, 41;
-36, 290, 8, -711, 559, -25, -141, 1132, 35;
-28, 298, 16, -624, 642, 20, -109, 1164, 63;
-26, 300, 17, -598, 663, 25, -102, 1171, 66;
-25, 301, 17, -577, 678, 26, -98, 1175, 67;
-30, 295, 10, -620, 628, -14, -120, 1152, 41;
-31, 294, 9, -615, 625, -24, -123, 1149, 35;
-29, 296, 9, -587, 645, -19, -116, 1155, 38;
-25, 300, 12, -538, 685, 0, -100, 1170, 50;
-24, 301, 13, -512, 701, 2, -94, 1175, 52;
-18, 306, 18, -447, 755, 31, -72, 1195, 70;
-18, 306, 16, -437, 754, 23, -73, 1193, 65;
-24, 299, 9, -482, 697, -20, -96, 1168, 38;
-19, 304, 13, -424, 743, 3, -77, 1185, 53;
-24, 298, 8, -454, 698, -31, -95, 1165, 31;
-23, 299, 7, -433, 706, -32, -91, 1167, 30;
-13, 308, 16, -327, 796, 23, -53, 1203, 65;
-19, 302, 9, -369, 738, -20, -75, 1178, 38;
-15, 305, 13, -315, 776, 0, -58, 1193, 51;
-18, 301, 8, -337, 737, -30, -73, 1175, 32;
-8, 310, 17, -231, 825, 24, -34, 1211, 66;
-7, 311, 17, -203, 834, 27, -28, 1214, 67;
-12, 305, 11, -234, 785, -9, -46, 1192, 45;
-6, 310, 16, -167, 832, 19, -24, 1211, 62;
-12, 304, 9, -208, 770, -24, -47, 1185, 36;
-7, 307, 12, -150, 807, -1, -28, 1200, 49;
-10, 303, 8, -167, 769, -29, -41, 1184, 32;
-3, 309, 13, -91, 822, 4, -15, 1205, 54;
-4, 307, 11, -87, 804, -8, -19, 1197, 45;
-4, 306, 10, -71, 796, -14, -18, 1194, 41;
0, 309, 13, -18, 825, 3, -2, 1206, 53;