3, 312, 16, 33, 853, 22, 14, 1217, 65;
1, 308, 13, 27, 822, 1, 5, 1204, 52;
0, 305, 9, 19, 788, -20, -3, 1191, 38;
6, 311, 15, 98, 841, 16, 24, 1213, 61;
0, 303, 8, 51, 768, -31, -1, 1183, 31;
9, 311, 16, 154, 844, 21, 36, 1215, 64;
9, 310, 15, 170, 832, 14, 36, 1210, 60;
5, 305, 10, 150, 785, -14, 23, 1191, 41;
6, 304, 9, 165, 772, -20, 23, 1186, 38;
8, 304, 10, 196, 775, -15, 31, 1188, 41;
15, 310, 16, 276, 825, 20, 58, 1210, 63;
11, 304, 11, 251, 772, -11, 43, 1189, 44;
16, 308, 15, 311, 802, 12, 62, 1202, 59;
10, 301, 8, 274, 735, -27, 41, 1176, 34;
12, 302, 9, 308, 739, -20, 50, 1178, 38;
21, 309, 17, 403, 803, 27, 84, 1206, 68;
20, 306, 14, 401, 770, 11, 78, 1194, 57;
18, 303, 12, 399, 738, -5, 72, 1182, 47;
15, 298, 8, 382, 689, -31, 60, 1163, 31;
19, 300, 10, 431, 707, -13, 75, 1172, 42;
26, 306, 17, 511, 755, 25, 103, 1194, 66;
28, 306, 18, 542, 755, 31, 111, 1195, 70;
20, 296, 8, 477, 658, -26, 80, 1157, 34;
29, 304, 17, 575, 724, 25, 116, 1186, 66;
22, 295, 9, 522, 639, -23, 89, 1152, 36;
28, 299, 14, 587, 672, 6, 111, 1168, 54;
29, 298, 13, 605, 658, 4, 114, 1164, 54;
27, 294, 10, 594, 615, -15, 105, 1149, 41;
34, 299, 16, 670, 658, 22, 132, 1169, 64;
29, 293, 11, 639, 595, -10, 115, 1145, 44;
31, 293, 12, 665, 589, -5, 122, 1145, 47;
32, 293, 12, 685, 577, -3, 126, 1142, 48;
33, 291, 12, 700, 560, -5, 128, 1137, 47;
37, 294, 15, 750, 579, 17, 145, 1148, 61;
33, 289, 11, 727, 523, -9, 132, 1127, 45;
37, 291, 14, 773, 538, 10, 147, 1136, 57;
36, 288, 12, 771, 505, 0, 143, 1125, 50;
37, 287, 12, 785, 487, -1, 145, 1120, 49;
35, 284, 10, 778, 449, -16, 139, 1107, 40;
34, 280, 8, 771, 410, -30, 133, 1094, 32;
35, 280, 8, 791, 400, -26, 138, 1093, 34;
44, 287, 17, 883, 461, 26, 173, 1121, 67;
44, 285, 16, 888, 436, 21, 173, 1114, 64;
39, 279, 11, 850, 368, -11, 154, 1088, 43;
42, 280, 13, 881, 369, 1, 164, 1092, 51;
47, 283, 18, 937, 396, 31, 185, 1106, 70;
40, 274, 10, 875, 305, -16, 157, 1071, 40;
45, 277, 14, 926, 327, 10, 176, 1084, 57;
39, 270, 8, 873, 246, -30, 152, 1053, 31;
45, 274, 14, 937, 282, 6, 177, 1071, 55;
49, 277, 18, 982, 300, 31, 193, 1082, 70;
41, 267, 9, 904, 195, -25, 160, 1042, 35;
41, 266, 9, 912, 176, -24, 161, 1037, 35;
49, 272, 16, 991, 229, 23, 193, 1063, 65;
51, 272, 18, 1008, 221, 31, 199, 1062, 70;
49, 269, 16, 998, 185, 21, 193, 1051, 64;
50, 269, 17, 1010, 173, 26, 197, 1049, 67;
45, 262, 12, 967, 106, -4, 179, 1025, 48;
45, 260, 11, 962, 77, -9, 176, 1016, 44;
45, 259, 11, 967, 59, -8, 177, 1012, 45;
42, 255, 8, 939, 9, -28, 165, 995, 33;
51, 263, 17, 1027, 75, 29, 201, 1026, 69;
48, 258, 14, 997, 23, 9, 189, 1008, 56;
47, 256, 13, 988, -5, 3, 185, 999, 53;
48, 256, 15, 1001, -12, 12, 190, 999, 58;
44, 250, 10, 960, -73, -14, 174, 978, 42;
48, 253, 14, 997, -54, 11, 190, 989, 58;
51, 255, 18, 1026, -43, 32, 202, 997, 71;
48, 251, 15, 995, -91, 13, 190, 980, 59;
41, 243, 8, 927, -175, -28, 163, 949, 33;
42, 243, 9, 932, -187, -22, 166, 947, 37;
41, 240, 8, 919, -215, -27, 161, 939, 33;
44, 242, 11, 942, -207, -9, 172, 946, 45;
41, 239, 9, 915, -247, -22, 163, 932, 37;
41, 238, 9, 910, -266, -21, 162, 928, 37;
46, 242, 15, 955, -233, 13, 182, 945, 59;
40, 235, 9, 893, -307, -22, 158, 917, 36;
43, 236, 12, 911, -300, -5, 168, 924, 47;
47, 240, 16, 945, -276, 23, 184, 937, 65;
44, 237, 14, 915, -314, 10, 174, 924, 57;
39, 231, 10, 861, -377, -18, 154, 901, 39;
39, 230, 10, 856, -390, -15, 154, 899, 41;
46, 236, 17, 911, -342, 28, 179, 922, 68;
38, 228, 10, 835, -424, -13, 151, 891, 42;
43, 232, 15, 869, -395, 17, 168, 906, 61;
41, 230, 15, 848, -420, 12, 162, 898, 58;
35, 224, 9, 786, -486, -20, 139, 873, 38;
40, 228, 14, 820, -455, 11, 157, 889, 58;
33, 221, 8, 749, -528, -25, 130, 861, 34;
40, 227, 16, 808, -471, 23, 158, 888, 65;
39, 225, 15, 783, -496, 17, 152, 880, 61;
38, 224, 15, 768, -511, 17, 149, 877, 61;
35, 221, 13, 732, -546, 4, 138, 865, 54;
37, 223, 16, 740, -536, 21, 145, 871, 64;
31, 217, 11, 675, -599, -10, 122, 848, 44;
33, 219, 14, 686, -584, 8, 130, 856, 56;
27, 213, 9, 619, -647, -23, 107, 833, 36;
28, 214, 11, 617, -644, -12, 110, 836, 42;
28, 214, 12, 607, -647, -6, 111, 837, 47;
25, 211, 9, 565, -682, -21, 98, 824, 37;
25, 212, 11, 559, -681, -12, 100, 827, 43;
28, 214, 14, 571, -661, 9, 109, 837, 56;
27, 214, 14, 551, -672, 9, 106, 835, 56;
24, 211, 12, 510, -703, -4, 93, 823, 48;
22, 209, 11, 479, -723, -10, 85, 817, 44;
23, 211, 14, 483, -708, 6, 92, 825, 54;
20, 208, 11, 440, -739, -7, 79, 814, 46;
17, 206, 10, 403, -764, -17, 69, 805, 39;
19, 209, 13, 410, -742, 2, 77, 815, 52;
17, 207, 12, 376, -762, -5, 68, 808, 47;
17, 207, 13, 362, -761, 0, 67, 810, 51;
13, 205, 10, 317, -791, -14, 54, 799, 42;
17, 208, 15, 334, -757, 12, 66, 814, 58;
13, 206, 12, 290, -784, -1, 53, 804, 50;
13, 206, 13, 276, -780, 5, 53, 807, 54;
9, 203, 10, 224, -814, -13, 37, 794, 42;
13, 208, 16, 250, -768, 19, 53, 813, 63;
5, 201, 9, 160, -838, -23, 21, 785, 36;
12, 208, 16, 208, -771, 23, 47, 814, 65;
2, 200, 8, 107, -850, -26, 11, 781, 34;
3, 202, 11, 104, -832, -12, 15, 789, 43;
2, 202, 10, 77, -836, -14, 9, 788, 42;
3, 204, 13, 73, -817, 0, 13, 796, 50;
-1, 200, 9, 14, -853, -23, -5, 781, 36;
6, 209, 17, 70, -773, 30, 23, 815, 69;
3, 207, 16, 34, -784, 23, 14, 810, 65;
0, 205, 14, -9, -804, 10, 1, 802, 57;
-4, 202, 11, -67, -837, -12, -16, 788, 43;
0, 207, 16, -41, -785, 21, 0, 810, 64;
-3, 205, 14, -87, -803, 7, -13, 802, 55;
-1, 209, 17, -79, -769, 28, -5, 815, 68;
-11, 199, 8, -193, -856, -30, -46, 779, 31;
-10, 203, 11, -189, -824, -11, -39, 792, 43;
-12, 202, 10, -221, -828, -16, -47, 789, 40;
-6, 209, 17, -179, -757, 27, -23, 818, 68;
-9, 208, 15, -221, -770, 15, -35, 812, 60;
-16, 202, 9, -300, -820, -21, -63, 790, 37;
-10, 210, 16, -256, -746, 23, -39, 820, 65;
-13, 208, 14, -303, -764, 8, -53, 811, 56;
-12, 211, 17, -301, -731, 25, -47, 824, 66;
-18, 206, 12, -371, -771, -6, -71, 806, 46;
-23, 203, 7, -433, -802, -32, -91, 792, 30;
-16, 212, 16, -375, -714, 21, -62, 827, 64;
-16, 213, 17, -392, -699, 25, -64, 832, 66;
-16, 214, 17, -407, -683, 29, -65, 837, 69;
-17, 215, 17, -429, -673, 29, -69, 839, 69;
-20, 214, 16, -466, -679, 19, -80, 835, 62;
-25, 210, 12, -526, -707, -6, -100, 822, 47;
-22, 215, 16, -505, -654, 21, -87, 842, 64;
-25, 214, 14, -543, -660, 9, -98, 838, 57;
-22, 219, 17, -531, -616, 30, -88, 854, 70;
-23, 219, 18, -551, -604, 31, -92, 857, 70;
-34, 211, 8, -660, -680, -28, -132, 823, 33;
-33, 213, 9, -665, -654, -19, -130, 832, 38;
-26, 222, 18, -607, -563, 32, -102, 867, 70;
-31, 218, 13, -669, -593, 2, -123, 853, 52;
-36, 216, 10, -719, -611, -19, -140, 843, 39;
-32, 221, 14, -692, -552, 10, -125, 865, 57;
-30, 225, 17, -682, -510, 28, -117, 880, 68;
-32, 224, 15, -714, -510, 18, -127, 877, 62;
-33, 226, 16, -730, -494, 18, -129, 881, 62;
-41, 219, 8, -815, -548, -28, -161, 856, 33;
-33, 229, 17, -747, -449, 27, -130, 895, 67;
-34, 230, 17, -765, -436, 24, -134, 897, 66;
-40, 225, 11, -831, -471, -9, -158, 880, 44;
-43, 225, 9, -861, -470, -21, -167, 877, 37;
-37, 231, 15, -820, -399, 15, -147, 904, 60;
-40, 231, 13, -850, -398, 3, -157, 901, 53;
-39, 234, 15, -845, -363, 14, -152, 913, 60;
-40, 234, 15, -860, -349, 12, -156, 916, 58;
-45, 231, 10, -915, -374, -17, -176, 902, 40;
-44, 234, 12, -909, -339, -6, -171, 913, 46;
-42, 237, 13, -902, -304, 4, -166, 925, 53;
-47, 234, 9, -953, -327, -23, -185, 912, 36;
-44, 239, 13, -925, -270, 1, -172, 933, 51;
-45, 239, 12, -943, -261, -5, -177, 933, 47;
-42, 244, 15, -915, -206, 17, -164, 953, 62;
-40, 247, 18, -902, -166, 31, -157, 966, 70;
-50, 239, 8, -999, -237, -28, -196, 933, 32;
-43, 247, 15, -942, -154, 12, -171, 964, 58;
-48, 244, 10, -989, -177, -15, -189, 952, 41;
-46, 247, 13, -970, -133, 0, -181, 966, 50;
-43, 252, 16, -941, -80, 21, -168, 985, 64;
-51, 246, 8, -1019, -134, -27, -199, 959, 33;
-49, 249, 10, -1003, -95, -15, -192, 972, 41;
-42, 257, 17, -940, -10, 27, -166, 1004, 67;
-48, 252, 11, -998, -46, -10, -190, 985, 44;
-43, 259, 17, -945, 27, 25, -167, 1013, 66;
-48, 256, 12, -993, 0, -6, -187, 998, 46;
-41, 263, 18, -935, 78, 31, -163, 1027, 70;
-45, 261, 14, -963, 69, 11, -175, 1020, 58;
-49, 258, 10, -1007, 44, -18, -194, 1006, 39;
-48, 260, 11, -992, 77, -10, -188, 1016, 44;
-50, 259, 8, -1012, 74, -25, -197, 1012, 35;
-50, 261, 9, -1005, 98, -23, -195, 1018, 36;
-48, 263, 10, -990, 129, -16, -190, 1028, 40;
-48, 265, 10, -982, 152, -14, -188, 1034, 42;
-40, 273, 18, -908, 240, 31, -158, 1067, 70;
-42, 272, 15, -922, 240, 17, -166, 1064, 62;
-45, 270, 12, -949, 226, -4, -178, 1055, 48;
-41, 275, 16, -907, 281, 18, -162, 1074, 62;
-48, 269, 8, -969, 231, -27, -190, 1050, 33;
-46, 272, 10, -946, 264, -18, -183, 1061, 39;
-39, 280, 17, -872, 348, 24, -154, 1092, 66;
-38, 282, 17, -857, 373, 28, -150, 1099, 68;
-43, 278, 12, -894, 344, -3, -167, 1084, 49;
-46, 275, 8, -921, 325, -27, -181, 1074, 33;
-42, 280, 12, -876, 376, -6, -165, 1092, 47;
-40, 282, 13, -854, 405, 0, -159, 1101, 51;
-41, 282, 11, -855, 409, -7, -162, 1099, 46;
-43, 280, 9, -868, 400, -25, -170, 1093, 35;
-43, 281, 8, -858, 415, -27, -169, 1096, 33;
-35, 289, 15, -779, 496, 15, -140, 1127, 60;
-37, 287, 12, -791, 487, -1, -148, 1120, 49;
-36, 288, 13, -771, 508, 1, -143, 1126, 51;
-35, 290, 13, -754, 526, 2, -139, 1131, 52;
-31, 295, 17, -701, 579, 27, -121, 1150, 67;
-31, 294, 15, -699, 579, 17, -124, 1148, 61;
-28, 297, 18, -661, 615, 31, -112, 1160, 70;
-36, 290, 9, -721, 553, -20, -141, 1132, 38;
-37, 289, 7, -721, 549, -32, -145, 1128, 30;
-30, 296, 14, -644, 621, 6, -117, 1156, 55;
-33, 293, 10, -663, 598, -17, -129, 1144, 39;
-25, 301, 17, -576, 678, 27, -98, 1175, 67;
-23, 302, 17, -551, 697, 30, -92, 1181, 70;
-27, 298, 13, -576, 664, 0, -107, 1165, 51;
-30, 295, 9, -592, 640, -22, -118, 1153, 36;
-27, 298, 11, -556, 667, -12, -108, 1162, 42;
-24, 301, 13, -515, 698, 0, -95, 1173, 51;
-23, 301, 13, -493, 709, 1, -91, 1176, 51;
-19, 305, 15, -446, 745, 18, -77, 1189, 62;
-21, 302, 13, -451, 728, 0, -84, 1181, 51;
-25, 298, 8, -471, 695, -27, -97, 1166, 33;
-21, 302, 11, -424, 728, -11, -83, 1178, 43;
-20, 302, 11, -402, 736, -11, -78, 1180, 43;
-22, 299, 8, -409, 714, -31, -87, 1169, 31;
-19, 301, 9, -372, 735, -22, -77, 1177, 37;
-14, 306, 13, -312, 779, 2, -57, 1194, 52;
-15, 305, 12, -302, 772, -6, -58, 1190, 46;
-13, 306, 12, -274, 782, -3, -52, 1193, 48;
-16, 302, 8, -288, 749, -29, -63, 1179, 32;
-9, 308, 13, -214, 805, 4, -38, 1201, 53;
-13, 303, 9, -231, 768, -23, -51, 1185, 36;
-8, 307, 12, -174, 804, -1, -33, 1199, 49;
-11, 303, 8, -189, 768, -27, -44, 1184, 33;
-7, 306, 11, -138, 797, -10, -29, 1195, 44;
-8, 304, 8, -137, 777, -25, -34, 1186, 35;
0, 311, 16, -41, 849, 21, 0, 1216, 64;
0, 311, 16, -19, 848, 19, 3, 1215, 63;
0, 309, 14, -13, 830, 7, 0, 1208, 55;
0, 308, 12, -2, 816, -1, -1, 1202, 49;
-1, 305, 10, -3, 791, -18, -6, 1192, 39;
5, 311, 16, 80, 849, 20, 22, 1216, 63;
0, 304, 9, 36, 780, -24, -1, 1187, 35;
5, 308, 13, 102, 819, 2, 19, 1204, 52;
4, 306, 11, 110, 800, -8, 17, 1196, 45;
11, 312, 17, 188, 851, 27, 44, 1218, 67;
10, 309, 15, 192, 826, 13, 40, 1208, 59;
10, 308, 14, 208, 815, 8, 41, 1204, 56;
10, 307, 13, 221, 799, 0, 41, 1199, 51;
9, 304, 10, 224, 773, -13, 37, 1189, 42;
14, 308, 14, 282, 802, 9, 55, 1202, 56;
9, 301, 8, 245, 736, -31, 35, 1175, 31;
16, 306, 14, 324, 785, 6, 62, 1196, 54;
15, 304, 12, 330, 761, -5, 59, 1187, 47;
21, 309, 17, 405, 805, 29, 85, 1207, 69;
15, 301, 10, 357, 726, -18, 60, 1176, 39;
19, 303, 12, 406, 744, 0, 75, 1185, 50;
19, 302, 12, 423, 730, -4, 77, 1180, 48;
24, 305, 15, 476, 752, 16, 94, 1191, 61;
26, 306, 17, 511, 756, 25, 104, 1194, 66;
20, 298, 10, 467, 680, -18, 80, 1164, 39;
22, 298, 10, 491, 672, -16, 85, 1162, 40;
29, 304, 17, 574, 723, 24, 115, 1186, 66;
23, 296, 9, 526, 643, -21, 90, 1154, 37;
28, 299, 13, 585, 670, 4, 110, 1168, 54;
23, 292, 7, 549, 602, -32, 91, 1141, 31;
25, 293, 9, 583, 604, -22, 101, 1144, 36;
34, 299, 16, 671, 660, 23, 133, 1169, 65;
33, 297, 14, 671, 628, 11, 129, 1159, 57;
30, 292, 11, 654, 578, -12, 117, 1140, 42;
30, 291, 10, 669, 561, -14, 119, 1136, 42;
35, 293, 14, 720, 581, 8, 137, 1146, 56;
34, 291, 12, 720, 548, -3, 133, 1135, 48;
38, 293, 16, 770, 567, 19, 150, 1145, 62;
36, 290, 13, 764, 528, 4, 144, 1132, 53;
41, 293, 17, 814, 547, 27, 161, 1142, 67;
35, 285, 10, 765, 467, -15, 137, 1112, 41;
40, 288, 14, 819, 490, 11, 156, 1124, 57;
38, 284, 12, 808, 447, -5, 148, 1110, 47;
41, 286, 14, 847, 455, 11, 161, 1116, 57;
38, 281, 11, 826, 404, -11, 150, 1097, 43;
36, 277, 8, 815, 363, -26, 143, 1083, 34;
39, 279, 11, 850, 368, -11, 154, 1088, 43;
42, 279, 13, 880, 368, 0, 164, 1091, 51;
44, 280, 14, 903, 362, 9, 171, 1092, 56;
42, 277, 12, 895, 325, -2, 166, 1080, 49;
47, 280, 17, 947, 349, 25, 185, 1093, 66;
48, 279, 17, 963, 336, 29, 189, 1091, 69;
43, 272, 11, 916, 262, -7, 168, 1063, 46;
39, 267, 8, 888, 205, -31, 154, 1043, 31;
45, 271, 13, 943, 234, 0, 176, 1058, 51;
46, 270, 13, 955, 220, 4, 179, 1055, 53;
40, 264, 8, 911, 149, -29, 159, 1029, 32;
48, 270, 15, 986, 199, 16, 189, 1053, 61;
50, 270, 17, 1003, 191, 25, 195, 1053, 66;
45, 264, 12, 965, 128, -3, 179, 1031, 49;
45, 262, 12, 966, 105, -5, 178, 1024, 47;
47, 262, 13, 979, 94, 1, 183, 1024, 51;
44, 258, 10, 953, 45, -17, 171, 1007, 40;
44, 257, 10, 959, 28, -15, 173, 1003, 41;
48, 259, 14, 997, 45, 9, 189, 1013, 57;
51, 261, 17, 1021, 48, 25, 199, 1018, 66;
43, 251, 9, 946, -47, -24, 168, 982, 35;
50, 258, 16, 1019, 5, 24, 198, 1007, 65;
41, 247, 7, 933, -99, -32, 163, 967, 30;
49, 254, 15, 1006, -45, 17, 193, 993, 62;
48, 252, 14, 995, -74, 11, 189, 984, 58;
44, 247, 11, 956, -130, -12, 174, 964, 43;
48, 250, 15, 993, -109, 15, 190, 976, 60;
50, 251, 17, 1007, -112, 27, 197, 978, 68;
46, 245, 13, 962, -172, 0, 179, 957, 51;
49, 247, 16, 991, -158, 23, 193, 966, 65;
43, 240, 10, 927, -235, -14, 168, 937, 41;
47, 243, 15, 963, -212, 13, 184, 950, 59;
49, 244, 17, 976, -212, 27, 191, 954, 68;
39, 234, 8, 882, -317, -29, 154, 913, 32;
44, 238, 13, 927, -283, 5, 174, 930, 54;
38, 231, 8, 866, -354, -28, 151, 904, 33;
39, 232, 9, 869, -361, -20, 155, 905, 38;
42, 234, 13, 891, -347, 0, 166, 913, 51;
46, 237, 17, 924, -322, 30, 182, 927, 69;
36, 226, 8, 822, -431, -30, 142, 885, 32;
36, 226, 8, 813, -445, -28, 142, 882, 33;
44, 233, 17, 884, -380, 27, 174, 912, 67;
40, 228, 13, 833, -435, 2, 156, 892, 52;
35, 223, 9, 780, -492, -24, 137, 871, 35;
36, 224, 10, 782, -493, -13, 141, 873, 42;
40, 228, 16, 817, -461, 19, 158, 889, 62;
33, 220, 9, 740, -539, -21, 130, 860, 37;
33, 220, 10, 729, -550, -18, 129, 858, 39;
32, 219, 10, 714, -565, -18, 127, 854, 39;
37, 224, 16, 753, -525, 18, 146, 873, 62;
34, 220, 13, 715, -561, 4, 135, 861, 54;
30, 216, 10, 662, -611, -18, 117, 843, 39;
33, 219, 14, 687, -583, 9, 131, 857, 56;
36, 222, 18, 701, -564, 31, 141, 867, 70;
35, 221, 17, 682, -579, 30, 137, 863, 70;
28, 214, 11, 605, -650, -8, 110, 836, 45;
24, 211, 9, 562, -686, -23, 96, 823, 36;
32, 218, 17, 622, -619, 29, 126, 853, 69;
30, 217, 17, 596, -636, 25, 120, 848, 67;
27, 214, 14, 551, -672, 9, 105, 834, 56;
20, 207, 8, 477, -736, -25, 80, 810, 34;
28, 216, 18, 544, -659, 32, 112, 844, 71;
20, 208, 11, 454, -737, -12, 80, 813, 43;
19, 208, 11, 435, -744, -11, 77, 812, 44;
16, 205, 9, 395, -772, -23, 65, 802, 36;
15, 204, 8, 366, -787, -27, 58, 797, 33;
23, 212, 17, 428, -711, 28, 89, 830, 68;
22, 212, 17, 407, -716, 30, 86, 829, 69;
12, 204, 9, 308, -799, -20, 50, 796, 38;
19, 211, 17, 359, -732, 29, 76, 824, 69;
17, 209, 16, 324, -750, 21, 67, 818, 64;
17, 210, 17, 309, -747, 27, 66, 820, 67;
15, 209, 17, 282, -756, 24, 61, 818, 66;
5, 200, 7, 171, -847, -32, 20, 781, 30;
13, 209, 17, 235, -764, 25, 52, 816, 66;
3, 199, 8, 124, -854, -31, 12, 779, 31;
4, 201, 10, 120, -837, -18, 16, 787, 39;
3, 201, 10, 97, -838, -17, 12, 787, 40;
6, 206, 14, 116, -797, 12, 25, 804, 58;
4, 205, 14, 84, -806, 6, 18, 801, 55;
0, 200, 9, 19, -848, -20, -3, 783, 38;
0, 202, 10, 4, -839, -13, -3, 787, 42;
2, 206, 15, 26, -793, 17, 10, 807, 61;
0, 204, 13, -22, -817, 1, -3, 797, 51;
0, 207, 16, -19, -788, 20, 3, 808, 63;
0, 208, 17, -35, -778, 25, 2, 812, 66;
-4, 205, 13, -91, -808, 4, -15, 799, 53;
-11, 199, 7, -171, -861, -32, -43, 777, 30;
-7, 204, 12, -148, -811, 0, -27, 798, 50;
-11, 201, 9, -205, -840, -22, -45, 785, 37;
-9, 204, 12, -201, -808, -3, -38, 798, 48;
-8, 207, 14, -204, -783, 10, -34, 807, 57;
-14, 202, 10, -272, -821, -18, -57, 791, 39;
-10, 208, 15, -245, -765, 15, -40, 813, 60;
-16, 203, 10, -316, -806, -16, -64, 795, 40;
-17, 204, 10, -339, -800, -15, -68, 797, 41;
-13, 209, 15, -315, -745, 15, -53, 818, 60;
-21, 203, 9, -399, -799, -24, -83, 794, 35;
-21, 204, 9, -416, -785, -21, -84, 799, 37;
-15, 212, 16, -372, -711, 23, -61, 828, 65;
-18, 211, 15, -405, -713, 16, -70, 826, 60;
-20, 211, 14, -438, -714, 9, -78, 824, 56;
-20, 212, 14, -457, -701, 10, -81, 828, 57;
-27, 207, 9, -527, -740, -21, -105, 810, 37;
-29, 206, 7, -564, -745, -31, -116, 806, 31;
-22, 215, 16, -508, -657, 19, -88, 841, 63;
-24, 215, 15, -535, -652, 15, -94, 841, 60;
-32, 209, 8, -621, -706, -28, -125, 817, 32;
-32, 211, 9, -630, -683, -21, -124, 824, 37;
-28, 216, 14, -605, -626, 7, -110, 846, 55;
-28, 218, 14, -619, -608, 11, -111, 851, 57;
-35, 212, 8, -697, -653, -28, -139, 830, 33;
-31, 218, 13, -669, -594, 2, -124, 852, 52;
-34, 217, 11, -703, -596, -8, -134, 849, 45;
-32, 221, 14, -697, -557, 7, -127, 863, 55;
-32, 222, 14, -709, -537, 10, -128, 868, 57;
-30, 227, 18, -693, -489, 32, -118, 886, 71;
-33, 225, 15, -735, -500, 14, -132, 879, 60;
-38, 222, 11, -786, -519, -9, -149, 868, 45;
-41, 221, 9, -821, -523, -22, -160, 864, 37;
-39, 224, 11, -816, -486, -8, -155, 876, 45;
-36, 230, 15, -790, -429, 17, -141, 897, 61;
-44, 223, 8, -872, -481, -28, -172, 873, 33;
-36, 233, 16, -807, -385, 23, -142, 909, 65;
-42, 228, 11, -871, -419, -10, -166, 892, 44;
-42, 231, 12, -872, -390, -3, -163, 901, 48;
-46, 228, 8, -920, -408, -27, -181, 891, 33;
-43, 232, 11, -902, -361, -8, -171, 907, 45;
-46, 231, 9, -934, -364, -22, -182, 903, 36;
-46, 233, 9, -939, -341, -19, -182, 910, 38;
-41, 240, 15, -893, -267, 16, -161, 937, 61;
-49, 234, 8, -972, -318, -30, -191, 913, 32;
-46, 238, 10, -955, -273, -13, -182, 928, 42;
-49, 237, 9, -979, -270, -24, -191, 926, 35;
-48, 239, 10, -977, -241, -18, -188, 935, 39;
-42, 246, 15, -929, -167, 17, -167, 962, 61;
-42, 249, 17, -923, -136, 24, -163, 972, 66;
-48, 244, 10, -986, -173, -13, -188, 953, 42;
-51, 242, 7, -1019, -182, -32, -201, 946, 30;
-47, 247, 11, -986, -124, -7, -186, 966, 46;
-42, 254, 17, -935, -51, 27, -165, 994, 68;
-50, 248, 9, -1011, -103, -20, -195, 969, 38;
-46, 253, 13, -976, -46, 3, -180, 989, 53;
-45, 256, 15, -964, -12, 12, -175, 999, 58;
-43, 259, 16, -949, 23, 22, -169, 1011, 65;
-45, 258, 14, -973, 20, 6, -179, 1006, 55;
-51, 254, 8, -1022, -8, -26, -199, 991, 34;
-50, 256, 9, -1015, 17, -22, -197, 998, 36;
-45, 261, 13, -971, 80, 5, -179, 1021, 54;
-48, 260, 11, -993, 76, -10, -188, 1016, 44;
-47, 263, 12, -978, 108, -2, -183, 1026, 49;
-44, 266, 14, -956, 147, 9, -175, 1038, 56;
-43, 268, 15, -944, 175, 14, -171, 1047, 59;
-49, 264, 9, -992, 142, -20, -192, 1030, 37;
-41, 272, 16, -919, 229, 24, -163, 1063, 65;
-41, 273, 16, -914, 248, 23, -162, 1067, 65;
-41, 274, 16, -912, 263, 20, -163, 1070, 63;
-40, 276, 16, -900, 288, 23, -159, 1077, 65;
-43, 275, 14, -916, 284, 7, -168, 1072, 55;
-41, 277, 15, -896, 314, 14, -162, 1081, 60;
-40, 279, 16, -880, 340, 19, -157, 1089, 62;
-43, 276, 12, -907, 322, -5, -171, 1079, 47;
-44, 277, 11, -903, 335, -9, -171, 1081, 45;
-43, 278, 12, -888, 358, -6, -167, 1087, 47;
-36, 286, 18, -820, 433, 31, -142, 1115, 70;
-43, 279, 10, -882, 377, -17, -170, 1089, 39;
-37, 286, 16, -812, 452, 20, -144, 1117, 63;
-42, 281, 10, -855, 414, -16, -165, 1098, 40;
-37, 287, 14, -801, 472, 10, -145, 1120, 57;
-40, 284, 10, -822, 453, -13, -157, 1109, 42;
-40, 284, 9, -818, 460, -20, -159, 1109, 38;
-32, 292, 17, -735, 544, 25, -128, 1141, 66;
-38, 287, 10, -777, 502, -13, -149, 1121, 42;
-34, 291, 14, -729, 550, 7, -133, 1138, 55;
-35, 291, 12, -731, 547, -4, -137, 1135, 48;
-36, 289, 10, -735, 541, -17, -143, 1130, 39;
-33, 292, 12, -698, 575, -5, -132, 1141, 47;
-31, 295, 13, -667, 603, 4, -123, 1151, 53;
-33, 293, 10, -675, 591, -13, -130, 1143, 42;
-26, 300, 17, -595, 665, 27, -101, 1172, 67;
-34, 292, 8, -661, 594, -29, -133, 1140, 32;
-24, 301, 16, -563, 685, 23, -97, 1176, 65;
-27, 299, 13, -572, 668, 3, -105, 1167, 53;
-22, 303, 17, -518, 714, 26, -87, 1184, 67;
-23, 301, 14, -521, 702, 10, -93, 1177, 57;
-24, 300, 12, -519, 695, -1, -97, 1172, 49;
-18, 306, 18, -448, 755, 31, -72, 1195, 70;
-19, 305, 16, -445, 747, 19, -76, 1190, 62;
-23, 300, 10, -473, 706, -14, -93, 1171, 41;
-15, 308, 17, -386, 780, 28, -62, 1201, 68;
-14, 309, 18, -360, 793, 31, -56, 1205, 70;
-15, 307, 15, -360, 778, 16, -61, 1197, 61;
-17, 304, 12, -366, 757, -3, -69, 1187, 48;
-21, 300, 7, -387, 720, -32, -83, 1171, 30;
-13, 307, 14, -300, 791, 10, -52, 1199, 57;
-19, 301, 8, -339, 735, -31, -74, 1174, 31;
-11, 308, 14, -255, 801, 8, -44, 1201, 56;
-8, 310, 16, -211, 827, 22, -31, 1211, 64;
-7, 310, 16, -191, 827, 19, -29, 1210, 62;
-9, 307, 12, -197, 802, 0, -37, 1199, 50;
-11, 304, 9, -202, 776, -20, -44, 1188, 38;
-2, 312, 17, -108, 849, 26, -11, 1217, 67;
-7, 306, 11, -135, 800, -8, -28, 1197, 45;
-8, 304, 8, -137, 777, -25, -34, 1186, 35;
-4, 307, 11, -85, 806, -7, -18, 1198, 46;
2, 313, 17, -4, 863, 30, 9, 1222, 69;
-4, 305, 9, -54, 789, -20, -17, 1191, 38;
-3, 305, 9, -33, 786, -22, -13, 1190, 37;
3, 311, 15, 48, 843, 16, 14, 1213, 61;
1, 307, 11, 37, 806, -7, 4, 1198, 46;
3, 308, 12, 71, 814, -1, 12, 1202, 49;
0, 303, 7, 51, 767, -31, -1, 1183, 31;
7, 309, 14, 136, 826, 8, 28, 1207, 56;
3, 304, 9, 110, 773, -24, 12, 1186, 35;
5, 305, 10, 147, 782, -16, 22, 1190, 40;
11, 309, 14, 214, 821, 11, 44, 1207, 58;
13, 310, 16, 250, 829, 20, 53, 1211, 63;
12, 307, 13, 250, 799, 4, 48, 1199, 53;
15, 309, 15, 293, 813, 16, 60, 1206, 61;
12, 305, 11, 279, 770, -8, 49, 1189, 45;
10, 301, 8, 275, 736, -26, 42, 1176, 34;
19, 308, 15, 365, 796, 17, 74, 1202, 62;
15, 302, 10, 340, 740, -14, 58, 1180, 42;
20, 306, 14, 400, 769, 10, 78, 1193, 57;
19, 304, 13, 408, 746, 0, 76, 1185, 51;
22, 305, 15, 450, 758, 13, 88, 1192, 59;
20, 301, 11, 438, 714, -9, 78, 1175, 45;
24, 304, 15, 492, 737, 12, 96, 1186, 58;
28, 306, 17, 539, 752, 29, 110, 1194, 69;
21, 297, 9, 482, 663, -22, 82, 1159, 36;
24, 298, 11, 521, 670, -10, 93, 1164, 44;
23, 296, 9, 525, 642, -21, 90, 1154, 37;
24, 295, 9, 547, 632, -20, 95, 1152, 38;
27, 296, 11, 585, 638, -8, 106, 1156, 45;
33, 301, 17, 657, 678, 27, 131, 1175, 67;
29, 295, 12, 630, 618, -4, 116, 1152, 48;
35, 299, 17, 692, 649, 25, 137, 1167, 66;
29, 291, 10, 648, 572, -16, 115, 1138, 40;
37, 298, 17, 737, 629, 30, 148, 1164, 70;
36, 295, 15, 730, 590, 14, 141, 1150, 60;
35, 292, 13, 730, 558, 3, 137, 1139, 53;
35, 290, 12, 737, 534, -2, 136, 1132, 49;
38, 292, 15, 780, 544, 14, 150, 1139, 60;
33, 285, 9, 741, 474, -21, 130, 1112, 37;
37, 287, 12, 783, 484, -3, 144, 1119, 48;
34, 282, 8, 762, 432, -27, 132, 1100, 34;
42, 289, 16, 850, 489, 22, 166, 1127, 64;
43, 288, 17, 868, 477, 25, 170, 1125, 66;
39, 282, 12, 836, 414, -4, 154, 1102, 48;
41, 282, 13, 860, 408, 3, 161, 1102, 52;
38, 278, 10, 841, 359, -17, 150, 1085, 40;
46, 284, 17, 918, 407, 26, 180, 1107, 67;
38, 274, 9, 851, 310, -25, 150, 1071, 35;
41, 276, 11, 886, 316, -9, 162, 1076, 45;
45, 278, 15, 931, 333, 14, 178, 1086, 60;
42, 273, 11, 903, 277, -10, 165, 1066, 44;
39, 269, 8, 884, 229, -28, 155, 1050, 33;
48, 275, 16, 966, 284, 20, 187, 1076, 63;
47, 273, 15, 967, 258, 16, 186, 1068, 61;
49, 274, 17, 988, 253, 26, 193, 1069, 67;
44, 267, 11, 942, 180, -9, 172, 1042, 45;
41, 263, 8, 922, 135, -25, 163, 1027, 34;
50, 270, 17, 1004, 191, 25, 196, 1054, 66;
45, 264, 12, 963, 126, -4, 178, 1030, 48;
42, 259, 8, 931, 70, -28, 164, 1010, 33;
47, 262, 13, 983, 98, 3, 184, 1025, 53;
47, 261, 13, 983, 75, 2, 184, 1019, 52;
44, 257, 10, 958, 28, -15, 173, 1003, 41;
42, 253, 8, 938, -13, -29, 164, 989, 32;
51, 261, 17, 1023, 50, 26, 199, 1019, 67;
50, 258, 16, 1011, 18, 18, 195, 1009, 62;
44, 252, 10, 961, -52, -14, 174, 983, 41;
47, 253, 13, 986, -46, 3, 185, 989, 53;
49, 254, 15, 1001, -49, 14, 191, 991, 60;
50, 254, 17, 1016, -53, 25, 198, 993, 67;
41, 244, 8, 930, -156, -28, 163, 953, 32;
42, 243, 8, 931, -172, -25, 164, 950, 34;
43, 243, 9, 936, -182, -19, 168, 949, 38;
41, 240, 8, 917, -217, -28, 161, 938, 33;
45, 243, 12, 952, -197, -2, 176, 950, 49;
40, 238, 8, 905, -258, -29, 158, 928, 32;
47, 244, 15, 968, -208, 16, 186, 952, 61;
45, 241, 13, 943, -245, 5, 177, 940, 54;
42, 237, 11, 914, -286, -8, 167, 926, 45;
41, 235, 10, 898, -312, -13, 162, 918, 42;
43, 236, 12, 907, -313, -1, 168, 921, 49;
44, 236, 14, 913, -316, 8, 173, 923, 56;
41, 232, 11, 876, -362, -9, 160, 907, 45;
39, 230, 10, 858, -388, -13, 155, 899, 42;
38, 228, 9, 837, -416, -20, 149, 891, 38;
46, 235, 18, 904, -355, 32, 179, 919, 70;
37, 227, 10, 820, -444, -15, 147, 885, 41;
43, 232, 16, 864, -405, 22, 169, 904, 65;
42, 230, 16, 845, -427, 19, 164, 898, 62;
42, 230, 17, 845, -431, 28, 167, 899, 68;
42, 229, 17, 830, -448, 27, 164, 895, 68;
38, 225, 14, 790, -489, 11, 151, 880, 57;
32, 219, 9, 720, -559, -24, 126, 854, 35;
30, 217, 8, 699, -580, -28, 120, 848, 33;
34, 220, 12, 720, -558, -3, 133, 860, 48;
35, 222, 15, 727, -549, 12, 139, 866, 58;
31, 217, 11, 675, -598, -10, 122, 848, 44;
34, 221, 15, 699, -571, 17, 136, 862, 61;
29, 215, 10, 633, -633, -14, 113, 838, 41;
35, 221, 17, 681, -580, 29, 137, 863, 69;
34, 220, 18, 664, -590, 31, 134, 860, 70;
25, 211, 9, 569, -679, -19, 99, 826, 38;
22, 209, 8, 534, -707, -29, 89, 816, 32;
21, 208, 7, 509, -723, -32, 84, 812, 30;
30, 217, 17, 579, -644, 27, 117, 846, 68;
21, 209, 10, 489, -724, -18, 84, 815, 39;
28, 215, 17, 537, -665, 28, 110, 841, 68;
21, 209, 11, 458, -733, -9, 82, 815, 44;
22, 211, 14, 464, -715, 8, 89, 823, 55;
18, 207, 10, 409, -757, -13, 71, 808, 42;
23, 212, 17, 446, -706, 26, 92, 830, 67;
14, 204, 8, 344, -794, -26, 55, 795, 34;
19, 209, 15, 381, -742, 13, 75, 818, 59;
13, 204, 10, 315, -792, -15, 53, 799, 41;
16, 208, 14, 328, -763, 8, 64, 812, 56;
11, 203, 10, 265, -809, -17, 43, 794, 39;
14, 207, 14, 285, -771, 11, 56, 810, 57;
9, 204, 11, 228, -810, -10, 38, 795, 44;
10, 205, 13, 222, -796, 1, 41, 802, 51;
12, 208, 16, 225, -774, 19, 48, 812, 62;
11, 207, 15, 198, -780, 17, 42, 810, 61;
9, 206, 15, 168, -789, 13, 36, 806, 59;
10, 209, 17, 166, -770, 28, 40, 815, 68;
3, 202, 11, 83, -830, -10, 12, 790, 44;
1, 202, 10, 53, -837, -13, 5, 788, 42;
3, 205, 13, 57, -811, 5, 12, 799, 54;
2, 205, 14, 40, -803, 10, 11, 802, 57;
3, 207, 16, 33, -786, 22, 13, 810, 64;
-1, 204, 12, -25, -820, 0, -4, 795, 50;
-6, 199, 8, -92, -861, -28, -27, 778, 33;
-8, 199, 8, -116, -859, -28, -31, 779, 33;
-3, 205, 13, -91, -808, 4, -15, 800, 53;
-1, 208, 17, -84, -774, 25, -6, 813, 67;
-6, 204, 13, -146, -808, 0, -26, 799, 51;
-4, 208, 16, -138, -773, 22, -18, 813, 65;
-6, 207, 15, -172, -778, 16, -26, 810, 61;
-6, 209, 16, -186, -764, 22, -27, 815, 65;
-15, 202, 9, -279, -828, -23, -60, 788, 36;
-17, 201, 8, -308, -828, -26, -66, 787, 34;
-15, 205, 11, -303, -794, -7, -59, 800, 46;
-16, 205, 11, -326, -786, -7, -63, 802, 46;
-17, 206, 12, -347, -777, -5, -66, 805, 47;
-13, 211, 16, -325, -725, 24, -52, 825, 66;
-21, 205, 10, -413, -782, -18, -83, 800, 39;
-19, 208, 12, -408, -747, 0, -76, 813, 50;
-20, 209, 13, -427, -734, 1, -79, 817, 51;
-22, 208, 11, -462, -738, -6, -88, 814, 46;
-18, 214, 16, -437, -681, 24, -73, 836, 66;
-25, 209, 11, -512, -725, -11, -99, 816, 43;
-29, 206, 7, -565, -746, -32, -116, 806, 30;
-24, 213, 13, -529, -678, 5, -96, 832, 54;
-25, 214, 14, -544, -661, 9, -98, 837, 56;
-27, 214, 13, -573, -658, 3, -105, 837, 53;
-31, 212, 10, -621, -673, -15, -121, 828, 41;
-26, 218, 15, -592, -613, 16, -104, 851, 61;
-25, 221, 18, -587, -575, 32, -98, 864, 71;
-35, 212, 8, -697, -653, -28, -139, 830, 33;
-33, 217, 12, -682, -606, -5, -129, 847, 47;
-30, 221, 15, -669, -562, 14, -120, 863, 59;
-30, 223, 16, -678, -538, 19, -119, 870, 63;
-34, 221, 13, -719, -547, 4, -132, 864, 53;
-38, 219, 10, -765, -562, -15, -148, 856, 41;
-32, 226, 16, -726, -491, 20, -128, 882, 63;
-38, 222, 11, -789, -522, -10, -150, 867, 44;
-34, 228, 16, -757, -459, 20, -134, 890, 63;
-43, 221, 8, -847, -518, -29, -168, 863, 32;
-42, 223, 9, -848, -488, -21, -165, 873, 37;
-39, 228, 13, -830, -438, 0, -154, 890, 51;
-35, 234, 18, -794, -373, 32, -137, 915, 71;
-42, 229, 11, -871, -419, -10, -165, 893, 44;
-38, 234, 15, -843, -361, 16, -151, 914, 61;
-44, 230, 10, -906, -394, -18, -175, 897, 39;
-44, 232, 11, -908, -367, -12, -173, 905, 43;
-42, 235, 13, -895, -325, 3, -165, 919, 52;
-43, 236, 13, -909, -310, 0, -169, 922, 51;
-39, 241, 17, -879, -253, 26, -155, 943, 67;
-47, 235, 9, -957, -302, -20, -185, 919, 38;
-48, 236, 9, -968, -286, -21, -188, 923, 37;
-45, 241, 12, -945, -236, -1, -176, 940, 49;
-41, 246, 17, -911, -176, 25, -161, 962, 66;
-41, 248, 17, -916, -155, 25, -162, 967, 67;
-42, 248, 16, -932, -144, 19, -167, 968, 62;
-49, 243, 10, -994, -181, -18, -191, 950, 39;
-46, 247, 12, -974, -137, -2, -182, 965, 49;
-43, 252, 16, -945, -84, 18, -169, 983, 62;
-47, 250, 12, -981, -96, -2, -184, 975, 49;
-45, 252, 13, -971, -63, 5, -179, 985, 54;
-50, 250, 9, -1010, -80, -19, -195, 975, 38;
-42, 258, 17, -943, 8, 25, -167, 1008, 67;
-42, 259, 17, -944, 28, 25, -167, 1013, 66;
-46, 257, 13, -978, 15, 3, -181, 1004, 53;
-48, 257, 11, -993, 20, -6, -187, 1003, 46;
-43, 263, 16, -950, 83, 21, -170, 1025, 64;
-44, 263, 15, -958, 93, 14, -173, 1026, 59;
-50, 258, 9, -1010, 58, -22, -196, 1009, 37;
-49, 260, 9, -1005, 81, -21, -194, 1014, 37;
-50, 261, 9, -1005, 98, -23, -195, 1018, 36;
-45, 266, 13, -961, 157, 2, -178, 1040, 52;
-47, 265, 11, -976, 158, -10, -185, 1036, 44;
-49, 264, 9, -993, 156, -25, -193, 1032, 35;
-43, 271, 14, -934, 229, 10, -170, 1059, 57;
-40, 276, 18, -895, 280, 31, -156, 1077, 70;
-45, 272, 12, -938, 250, -2, -175, 1061, 49;
-39, 278, 17, -881, 318, 30, -154, 1086, 69;
-41, 277, 15, -896, 314, 14, -162, 1081, 60;
-39, 280, 17, -871, 349, 25, -153, 1093, 66;
-43, 277, 13, -900, 330, 0, -167, 1082, 50;
-44, 277, 11, -904, 334, -9, -171, 1080, 45;
-44, 277, 10, -903, 343, -16, -174, 1081, 40;
-44, 277, 9, -900, 353, -21, -175, 1082, 37;
-42, 280, 11, -873, 386, -11, -167, 1093, 43;
-39, 284, 14, -833, 431, 6, -153, 1108, 55;
-38, 286, 14, -814, 454, 10, -148, 1115, 57;
-43, 281, 9, -853, 419, -24, -167, 1098, 35;
-33, 291, 17, -761, 514, 27, -132, 1134, 68;
-41, 283, 8, -828, 450, -26, -163, 1105, 34;
-36, 289, 13, -764, 515, 5, -140, 1129, 54;
-39, 286, 9, -787, 493, -19, -153, 1117, 38;
-35, 291, 13, -739, 540, 1, -137, 1134, 52;
-30, 295, 17, -687, 591, 25, -119, 1153, 66;
-37, 289, 9, -739, 537, -20, -144, 1128, 38;
-31, 295, 15, -672, 602, 12, -121, 1152, 58;
-36, 290, 8, -712, 558, -25, -141, 1132, 34;
-33, 292, 10, -679, 586, -16, -132, 1141, 40;
-35, 291, 8, -684, 577, -31, -138, 1135, 31;
-33, 293, 9, -651, 603, -22, -129, 1144, 36;
-32, 293, 8, -638, 610, -26, -128, 1145, 34;
-25, 301, 15, -555, 686, 15, -98, 1174, 60;
-30, 295, 9, -591, 641, -22, -117, 1154, 37;
-29, 296, 9, -573, 650, -24, -115, 1155, 35;
-27, 297, 10, -544, 669, -18, -108, 1161, 39;
-24, 300, 12, -503, 699, -5, -95, 1172, 47;
-25, 299, 9, -503, 688, -19, -100, 1166, 38;
-23, 300, 11, -469, 710, -11, -91, 1173, 43;
-17, 306, 16, -399, 767, 20, -67, 1195, 63;
-15, 307, 16, -371, 781, 23, -61, 1200, 65;
-22, 300, 8, -423, 715, -25, -87, 1171, 34;
-15, 307, 15, -341, 782, 13, -58, 1198, 59;
-13, 308, 15, -313, 795, 17, -52, 1202, 61;
-13, 307, 14, -300, 791, 9, -52, 1199, 57;
-9, 310, 17, -254, 820, 25, -38, 1210, 66;
-10, 308, 15, -249, 807, 12, -42, 1203, 58;
-8, 310, 16, -212, 826, 21, -32, 1210, 64;
-7, 309, 15, -195, 823, 16, -30, 1208, 61;
-4, 312, 17, -153, 845, 28, -18, 1217, 68;
-7, 308, 14, -162, 816, 6, -28, 1204, 54;
-9, 305, 10, -167, 790, -13, -35, 1193, 42;
-6, 307, 12, -129, 807, -3, -25, 1199, 48;
-3, 309, 14, -89, 825, 6, -14, 1206, 54;
-5, 306, 11, -92, 798, -12, -21, 1195, 43;
-3, 307, 11, -63, 804, -9, -14, 1197, 45;
1, 311, 15, 2, 846, 18, 6, 1215, 62;
5, 313, 18, 48, 868, 32, 20, 1224, 71;
6, 313, 17, 70, 864, 30, 23, 1222, 69;
3, 310, 14, 64, 833, 10, 15, 1209, 57;
3, 308, 13, 74, 817, 0, 13, 1203, 51;
3, 306, 11, 84, 801, -9, 12, 1196, 45;
3, 306, 11, 105, 795, -12, 15, 1194, 43;
10, 311, 16, 178, 841, 20, 40, 1214, 63;
6, 306, 11, 159, 793, -8, 26, 1195, 45;
6, 304, 10, 170, 777, -17, 26, 1189, 40;
11, 308, 14, 229, 808, 6, 45, 1202, 54;
7, 302, 8, 204, 753, -26, 28, 1180, 34;
9, 303, 10, 240, 760, -18, 38, 1184, 39;
12, 304, 11, 278, 768, -9, 48, 1188, 45;
13, 304, 11, 298, 759, -11, 51, 1186, 43;
17, 306, 14, 352, 782, 8, 68, 1196, 56;
18, 305, 13, 369, 769, 5, 70, 1192, 54;
16, 302, 10, 364, 734, -13, 63, 1179, 42;
21, 306, 15, 428, 766, 13, 84, 1194, 59;
20, 303, 13, 430, 737, 0, 80, 1183, 51;
18, 299, 10, 424, 700, -18, 72, 1169, 39;
18, 298, 8, 435, 679, -25, 72, 1162, 34;
24, 302, 14, 507, 720, 8, 97, 1181, 55;
20, 296, 8, 474, 655, -27, 79, 1156, 33;
21, 296, 8, 498, 647, -26, 84, 1154, 34;
31, 304, 17, 601, 718, 28, 121, 1185, 68;
26, 298, 12, 571, 656, -4, 105, 1162, 48;
30, 299, 15, 616, 669, 12, 119, 1169, 58;
26, 293, 9, 585, 606, -21, 101, 1145, 37;
25, 291, 8, 593, 582, -28, 101, 1137, 33;
28, 292, 9, 624, 580, -20, 109, 1139, 38;
27, 290, 8, 631, 555, -28, 108, 1131, 33;
32, 293, 12, 687, 579, -2, 127, 1143, 49;
34, 293, 13, 715, 575, 4, 135, 1144, 53;
32, 289, 10, 704, 533, -13, 126, 1129, 42;
33, 288, 11, 724, 520, -11, 131, 1126, 43;
39, 293, 16, 791, 556, 22, 155, 1144, 65;
33, 285, 9, 739, 473, -22, 130, 1112, 37;
39, 289, 15, 808, 510, 13, 155, 1130, 59;
40, 288, 15, 821, 492, 12, 157, 1125, 58;
39, 286, 13, 824, 464, 5, 155, 1116, 54;
41, 286, 14, 845, 454, 9, 161, 1115, 57;
38, 281, 10, 823, 401, -13, 149, 1096, 42;
35, 276, 7, 807, 355, -32, 139, 1080, 30;
43, 283, 15, 891, 409, 15, 171, 1105, 60;
43, 281, 14, 894, 382, 10, 170, 1097, 57;
46, 282, 16, 924, 383, 23, 180, 1101, 65;
44, 279, 14, 918, 348, 11, 175, 1089, 58;
42, 275, 12, 902, 304, -4, 166, 1074, 48;
45, 276, 14, 932, 306, 9, 177, 1078, 56;
47, 277, 16, 959, 305, 21, 186, 1081, 64;
43, 271, 11, 921, 239, -9, 168, 1057, 45;
40, 266, 8, 899, 190, -28, 157, 1040, 33;
42, 267, 10, 924, 188, -16, 166, 1042, 40;
49, 272, 16, 987, 225, 21, 191, 1061, 64;
49, 270, 16, 993, 205, 21, 192, 1056, 64;
49, 269, 16, 994, 181, 18, 191, 1049, 62;
47, 266, 14, 983, 146, 8, 186, 1038, 56;
48, 265, 15, 994, 132, 13, 189, 1036, 59;
46, 262, 13, 979, 94, 1, 183, 1023, 51;
47, 261, 13, 982, 74, 1, 184, 1019, 52;
42, 254, 8, 936, 6, -29, 164, 994, 32;
49, 260, 15, 1005, 53, 15, 192, 1017, 60;
51, 261, 17, 1026, 52, 28, 201, 1020, 68;
50, 258, 16, 1013, 19, 19, 195, 1009, 63;
49, 257, 15, 1010, -3, 18, 194, 1003, 62;
43, 249, 9, 950, -82, -20, 170, 974, 37;
49, 254, 16, 1007, -44, 18, 194, 993, 62;
41, 245, 7, 928, -141, -32, 162, 956, 30;
43, 245, 9, 942, -144, -20, 168, 958, 37;
49, 251, 16, 1003, -100, 21, 194, 980, 64;
47, 247, 14, 974, -144, 5, 183, 965, 54;
44, 244, 11, 950, -184, -7, 174, 952, 46;
50, 248, 17, 997, -151, 28, 195, 969, 68;
44, 242, 12, 943, -220, -4, 174, 944, 48;
46, 243, 14, 958, -217, 10, 182, 948, 57;
48, 244, 17, 974, -214, 25, 190, 953, 67;
48, 242, 16, 963, -236, 24, 187, 947, 65;
48, 241, 17, 958, -252, 26, 187, 943, 67;
44, 237, 14, 919, -301, 6, 173, 926, 55;
45, 237, 15, 921, -309, 14, 176, 926, 59;
43, 235, 14, 901, -337, 7, 170, 917, 55;
46, 236, 17, 916, -330, 24, 179, 924, 66;
44, 234, 15, 893, -360, 17, 172, 914, 61;
39, 228, 11, 839, -420, -10, 152, 892, 44;
43, 232, 16, 876, -389, 21, 170, 908, 64;
38, 227, 11, 818, -451, -8, 149, 885, 45;
38, 226, 12, 811, -461, -3, 150, 884, 48;
36, 223, 10, 781, -494, -14, 140, 873, 42;
33, 221, 9, 753, -525, -23, 132, 863, 36;
33, 220, 9, 742, -537, -20, 131, 861, 38;
32, 219, 9, 720, -559, -24, 125, 854, 35;
38, 224, 15, 768, -511, 17, 149, 877, 62;
32, 218, 10, 700, -578, -16, 124, 851, 40;
32, 218, 11, 691, -585, -11, 125, 851, 43;
36, 222, 16, 722, -551, 21, 142, 868, 64;
28, 214, 9, 639, -630, -22, 111, 837, 37;
27, 213, 9, 621, -644, -22, 108, 834, 37;
27, 213, 9, 605, -656, -20, 105, 831, 38;
32, 218, 16, 647, -607, 20, 127, 853, 63;
27, 213, 11, 587, -661, -7, 107, 833, 46;
26, 213, 12, 571, -669, -4, 105, 832, 48;
24, 210, 10, 533, -699, -16, 93, 821, 40;
20, 207, 7, 489, -734, -32, 80, 809, 30;
25, 213, 14, 527, -686, 7, 100, 830, 55;
22, 209, 11, 483, -720, -8, 87, 818, 45;
27, 215, 18, 520, -671, 31, 107, 840, 70;
26, 214, 17, 495, -684, 29, 102, 836, 69;
18, 207, 11, 414, -752, -10, 73, 810, 44;
23, 212, 16, 441, -712, 22, 89, 828, 64;
20, 210, 15, 405, -733, 13, 80, 821, 59;
14, 205, 10, 338, -785, -15, 57, 800, 41;
16, 207, 13, 339, -768, 0, 63, 808, 51;
19, 211, 17, 360, -731, 29, 77, 825, 69;
9, 202, 8, 253, -821, -25, 38, 789, 34;
13, 207, 14, 277, -779, 6, 53, 807, 54;
11, 205, 13, 244, -793, 0, 45, 802, 51;
15, 210, 17, 264, -754, 29, 59, 819, 69;
13, 209, 17, 239, -760, 28, 54, 818, 68;
6, 203, 11, 155, -823, -10, 25, 792, 44;
2, 199, 8, 100, -857, -31, 8, 778, 31;
1, 200, 9, 85, -851, -25, 7, 781, 35;
1, 201, 10, 70, -843, -18, 6, 785, 39;
8, 209, 17, 119, -771, 30, 32, 815, 69;
-1, 199, 8, 9, -858, -26, -7, 779, 34;
5, 208, 17, 68, -775, 29, 22, 814, 69;
0, 204, 13, 6, -813, 4, 2, 798, 53;
-5, 199, 8, -68, -863, -29, -22, 778, 32;
-4, 202, 11, -66, -835, -11, -16, 789, 44;
-8, 199, 8, -116, -860, -28, -31, 778, 33;
-5, 203, 12, -106, -823, -5, -21, 793, 47;
-8, 202, 10, -144, -834, -14, -31, 789, 42;
-5, 206, 14, -132, -794, 10, -21, 804, 57;
-4, 208, 16, -139, -774, 21, -18, 812, 64;
-8, 205, 13, -189, -796, 4, -33, 803, 53;
-6, 209, 17, -183, -761, 25, -25, 816, 66;
-9, 208, 15, -220, -769, 16, -35, 812, 61;
-12, 206, 13, -265, -785, 1, -48, 805, 52;
-11, 208, 15, -270, -761, 14, -45, 814, 59;
-12, 209, 15, -290, -751, 16, -48, 817, 61;
-18, 205, 11, -356, -786, -11, -70, 801, 43;
-12, 212, 17, -319, -719, 28, -49, 828, 68;
-21, 204, 9, -418, -787, -22, -85, 798, 37;
-23, 204, 8, -447, -786, -26, -92, 797, 34;
-22, 207, 10, -449, -757, -13, -88, 808, 42;
-17, 213, 17, -414, -690, 25, -68, 834, 66;
-19, 213, 16, -442, -686, 20, -75, 834, 64;
-21, 213, 15, -475, -688, 13, -84, 832, 59;
-26, 210, 11, -531, -712, -9, -102, 820, 44;
-29, 208, 8, -575, -725, -25, -116, 813, 34;
-22, 217, 16, -523, -640, 23, -89, 846, 65;
-31, 210, 9, -615, -700, -25, -123, 819, 35;
-24, 218, 17, -560, -613, 24, -96, 853, 66;
-25, 219, 17, -577, -598, 26, -98, 857, 67;
-30, 216, 12, -638, -626, -1, -119, 843, 50;
-34, 214, 10, -683, -639, -18, -133, 836, 39;
-35, 215, 9, -702, -626, -19, -137, 839, 38;
-28, 223, 17, -649, -541, 27, -111, 872, 68;
-28, 225, 18, -660, -520, 31, -112, 878, 70;
-30, 225, 17, -683, -511, 27, -118, 879, 68;
-32, 225, 16, -712, -508, 19, -126, 878, 63;
-34, 224, 14, -742, -507, 9, -135, 876, 57;
-38, 222, 11, -789, -522, -10, -151, 867, 44;
-33, 229, 17, -746, -447, 28, -129, 895, 68;
-36, 228, 15, -780, -451, 14, -140, 891, 60;
-39, 226, 12, -824, -464, -5, -155, 883, 47;
-43, 224, 9, -864, -472, -22, -168, 876, 37;
-39, 230, 14, -832, -410, 7, -152, 899, 55;
-41, 229, 12, -862, -410, -4, -162, 896, 48;
-44, 228, 9, -899, -417, -20, -174, 891, 37;
-40, 234, 14, -861, -350, 11, -156, 915, 58;
-41, 235, 14, -879, -338, 6, -161, 917, 55;
-40, 237, 15, -876, -306, 15, -157, 927, 60;
-47, 232, 8, -951, -353, -27, -187, 905, 33;
-40, 241, 17, -881, -255, 24, -156, 942, 66;
-45, 238, 12, -934, -279, -4, -175, 929, 48;
-45, 239, 12, -943, -261, -5, -178, 933, 47;
-44, 242, 13, -934, -225, 5, -172, 945, 54;
-41, 246, 16, -913, -177, 24, -162, 961, 66;
-49, 240, 9, -993, -231, -25, -194, 936, 35;
-42, 248, 16, -931, -144, 19, -167, 968, 63;
-44, 248, 15, -945, -132, 13, -171, 970, 59;
-49, 245, 10, -997, -160, -18, -192, 955, 39;
-44, 251, 15, -950, -88, 16, -171, 981, 60;
-49, 247, 10, -1002, -117, -16, -192, 966, 40;
-45, 252, 14, -971, -63, 5, -179, 985, 54;
-45, 254, 14, -965, -35, 10, -176, 993, 57;
-44, 257, 15, -958, -6, 16, -173, 1002, 61;
-47, 255, 12, -987, -14, -2, -185, 995, 49;
-49, 254, 10, -1003, -9, -13, -191, 994, 42;
-50, 254, 9, -1017, -4, -23, -197, 993, 36;
-49, 257, 10, -1004, 28, -15, -192, 1003, 41;
-48, 259, 11, -995, 56, -10, -189, 1011, 44;
-50, 258, 9, -1010, 59, -22, -196, 1009, 37;
-45, 265, 14, -960, 126, 8, -176, 1033, 56;
-51, 259, 8, -1017, 86, -31, -200, 1013, 31;
-49, 262, 9, -997, 122, -20, -193, 1025, 37;
-47, 266, 11, -974, 160, -8, -184, 1037, 45;
-50, 263, 8, -1002, 146, -31, -197, 1028, 31;
-40, 275, 18, -900, 262, 32, -156, 1073, 71;
-40, 275, 17, -903, 272, 25, -159, 1074, 67;
-46, 270, 11, -954, 234, -12, -182, 1055, 43;
-41, 276, 15, -902, 298, 16, -162, 1078, 61;
-48, 270, 8, -957, 253, -25, -187, 1056, 34;
-38, 281, 17, -864, 356, 30, -150, 1096, 69;
-38, 281, 17, -860, 369, 26, -151, 1098, 67;
-44, 277, 11, -905, 333, -10, -172, 1080, 44;
-45, 276, 9, -910, 336, -20, -176, 1078, 38;
-42, 280, 12, -876, 377, -5, -165, 1092, 47;
-41, 281, 12, -858, 400, -1, -160, 1099, 49;
-37, 286, 16, -814, 450, 19, -145, 1116, 62;
-38, 285, 14, -820, 448, 6, -150, 1113, 54;
-34, 290, 17, -771, 502, 30, -133, 1132, 70;
-33, 291, 17, -759, 516, 28, -131, 1135, 68;
-35, 289, 15, -767, 510, 13, -138, 1130, 59;
-33, 291, 16, -743, 536, 20, -131, 1138, 63;
-32, 293, 16, -722, 557, 23, -126, 1144, 65;
-30, 295, 18, -693, 586, 32, -118, 1153, 71;
-38, 287, 8, -765, 513, -26, -152, 1120, 34;
-36, 290, 10, -730, 546, -14, -141, 1132, 41;
-29, 296, 16, -661, 613, 20, -116, 1157, 63;
-32, 293, 12, -678, 592, -3, -127, 1146, 48;
-32, 294, 12, -664, 601, -6, -126, 1148, 46;
-28, 298, 15, -613, 647, 15, -109, 1164, 60;
-29, 296, 12, -621, 634, -2, -116, 1157, 49;
-27, 299, 14, -587, 661, 7, -107, 1166, 55;
-30, 296, 10, -601, 639, -15, -117, 1155, 41;
-24, 301, 14, -540, 692, 11, -96, 1175, 58;
-26, 299, 12, -547, 676, -6, -104, 1166, 46;
-23, 301, 13, -509, 704, 4, -93, 1176, 53;
-19, 305, 16, -459, 743, 23, -77, 1190, 65;
-26, 298, 9, -506, 685, -21, -102, 1165, 37;
-25, 299, 9, -484, 696, -21, -97, 1167, 37;
-21, 302, 12, -438, 728, -5, -83, 1179, 47;
-20, 303, 12, -413, 739, -4, -78, 1182, 48;
-22, 300, 8, -425, 713, -26, -88, 1170, 34;
-17, 304, 12, -365, 758, -2, -68, 1188, 49;
-16, 305, 13, -339, 768, 0, -63, 1191, 50;
-19, 301, 8, -360, 731, -29, -77, 1174, 32;
-15, 304, 11, -307, 767, -10, -60, 1188, 44;
-10, 308, 15, -247, 809, 14, -41, 1204, 59;
-11, 307, 13, -240, 797, 2, -44, 1199, 52;
-5, 312, 18, -172, 847, 32, -21, 1218, 70;
-8, 308, 13, -187, 811, 5, -33, 1203, 54;
-9, 306, 11, -183, 795, -7, -36, 1195, 46;
-9, 305, 10, -167, 790, -13, -35, 1193, 42;
-4, 310, 14, -106, 829, 11, -16, 1209, 57;
0, 312, 17, -60, 854, 25, -2, 1218, 66;
0, 311, 15, -47, 844, 17, -2, 1214, 62;
-6, 304, 9, -84, 783, -23, -23, 1188, 36;
1, 311, 15, -1, 842, 15, 4, 1213, 60;
-4, 304, 8, -42, 777, -28, -17, 1186, 33;
6, 313, 18, 73, 868, 32, 24, 1223, 71;
-1, 304, 9, 12, 782, -24, -5, 1188, 35;
-1, 303, 8, 30, 773, -29, -4, 1185, 32;
6, 310, 14, 114, 831, 10, 25, 1209, 57;
8, 310, 15, 147, 837, 16, 33, 1212, 61;
5, 306, 11, 132, 795, -10, 21, 1195, 44;
6, 306, 11, 160, 794, -8, 27, 1195, 45;
7, 306, 11, 183, 789, -8, 31, 1194, 45;
14, 311, 17, 258, 836, 25, 56, 1214, 66;
6, 302, 8, 199, 748, -30, 26, 1178, 32;
10, 304, 10, 245, 765, -15, 40, 1186, 41;
17, 310, 17, 329, 819, 24, 69, 1210, 66;
10, 300, 8, 268, 728, -31, 39, 1173, 31;
16, 305, 13, 338, 769, 0, 63, 1191, 50;
18, 306, 14, 375, 775, 9, 73, 1195, 56;
19, 306, 14, 399, 768, 9, 77, 1193, 56;
21, 306, 15, 427, 765, 13, 84, 1193, 59;
25, 308, 17, 473, 780, 29, 98, 1201, 69;
17, 298, 9, 414, 690, -25, 68, 1165, 35;
24, 304, 14, 490, 735, 11, 95, 1185, 58;
22, 300, 11, 480, 693, -9, 86, 1170, 44;
24, 300, 12, 511, 692, -3, 94, 1171, 48;
30, 304, 17, 579, 728, 28, 117, 1188, 68;
26, 299, 13, 559, 676, 0, 104, 1168, 51;
26, 297, 12, 569, 654, -5, 104, 1161, 47;
29, 298, 14, 608, 660, 6, 115, 1166, 55;
28, 295, 11, 603, 624, -9, 109, 1153, 45;
29, 295, 12, 630, 619, -3, 116, 1153, 48;
28, 292, 10, 632, 588, -15, 112, 1142, 41;
33, 295, 14, 683, 607, 6, 129, 1152, 55;
31, 291, 11, 674, 566, -10, 122, 1138, 44;
38, 297, 17, 754, 614, 30, 151, 1160, 70;
31, 288, 9, 692, 520, -22, 121, 1123, 37;
34, 289, 12, 734, 530, -4, 135, 1130, 47;
35, 289, 12, 751, 515, -4, 138, 1127, 48;
36, 288, 12, 767, 500, -4, 141, 1123, 48;
34, 284, 10, 760, 462, -18, 135, 1110, 39;
34, 282, 9, 764, 435, -25, 133, 1101, 35;
40, 286, 14, 827, 467, 7, 156, 1117, 55;
37, 282, 10, 808, 417, -14, 145, 1100, 41;
45, 287, 17, 887, 465, 29, 175, 1123, 69;
37, 279, 10, 827, 375, -18, 148, 1088, 39;
43, 282, 14, 882, 400, 9, 167, 1101, 56;
40, 278, 11, 866, 354, -8, 158, 1085, 45;
43, 279, 13, 898, 357, 5, 169, 1090, 54;
38, 273, 8, 861, 291, -25, 151, 1065, 34;
45, 277, 14, 925, 326, 10, 176, 1083, 57;
44, 275, 13, 927, 300, 5, 174, 1076, 54;
41, 271, 10, 902, 247, -16, 162, 1057, 40;
49, 277, 17, 980, 298, 29, 193, 1081, 69;
50, 276, 18, 991, 282, 32, 196, 1078, 71;
50, 275, 18, 998, 262, 32, 197, 1073, 71;
47, 271, 15, 976, 214, 13, 186, 1056, 59;
48, 269, 15, 984, 197, 15, 189, 1052, 60;
44, 264, 10, 946, 133, -13, 171, 1029, 42;
51, 269, 17, 1015, 178, 29, 199, 1051, 69;
45, 262, 12, 965, 104, -5, 178, 1024, 47;
47, 263, 13, 985, 100, 5, 185, 1026, 54;
44, 258, 10, 953, 45, -17, 171, 1007, 40;
48, 261, 15, 999, 69, 12, 190, 1020, 58;
45, 256, 11, 969, 17, -8, 177, 1002, 45;
51, 261, 17, 1027, 54, 29, 201, 1020, 69;
51, 259, 17, 1021, 27, 25, 199, 1013, 66;
51, 259, 17, 1027, 13, 29, 201, 1010, 69;
48, 254, 14, 996, -36, 10, 189, 993, 57;
50, 255, 16, 1013, -38, 22, 196, 996, 65;
47, 251, 13, 984, -85, 4, 185, 980, 53;
46, 249, 13, 976, -111, 1, 182, 972, 51;
51, 252, 17, 1013, -90, 28, 198, 984, 68;
42, 242, 9, 930, -189, -23, 165, 946, 36;
48, 248, 15, 986, -148, 17, 189, 967, 61;
45, 243, 12, 954, -195, 0, 177, 951, 50;
47, 244, 15, 969, -194, 13, 185, 954, 59;
44, 240, 12, 935, -241, -5, 172, 938, 47;
46, 241, 14, 949, -239, 9, 180, 942, 56;
46, 241, 15, 951, -248, 16, 183, 942, 61;
47, 241, 16, 954, -256, 23, 186, 942, 65;
46, 239, 16, 941, -279, 21, 182, 935, 64;
41, 234, 11, 887, -342, -8, 162, 912, 45;
39, 231, 10, 865, -373, -16, 155, 903, 40;
45, 236, 16, 915, -331, 23, 178, 923, 65;
44, 235, 16, 899, -353, 21, 175, 917, 64;
44, 234, 16, 889, -370, 22, 173, 913, 64;
36, 226, 9, 811, -453, -21, 144, 882, 37;
39, 228, 13, 832, -436, 1, 155, 891, 51;
35, 223, 9, 782, -490, -22, 138, 872, 36;
39, 227, 14, 812, -464, 6, 153, 886, 54;
39, 226, 14, 800, -477, 8, 152, 883, 55;
37, 224, 13, 779, -500, 4, 146, 876, 53;
37, 224, 14, 772, -508, 9, 147, 876, 56;
33, 220, 11, 727, -552, -9, 132, 860, 45;
39, 226, 18, 774, -504, 32, 155, 882, 71;
31, 217, 10, 682, -594, -17, 121, 847, 40;
28, 214, 8, 649, -624, -27, 111, 837, 33;
27, 213, 8, 627, -643, -30, 106, 832, 31;
27, 213, 9, 620, -645, -22, 108, 833, 36;
25, 211, 7, 587, -673, -32, 98, 824, 30;
29, 216, 13, 620, -634, 2, 116, 842, 52;
29, 215, 13, 604, -644, 4, 114, 840, 53;
26, 212, 11, 565, -676, -8, 102, 829, 45;
24, 211, 10, 536, -696, -14, 95, 823, 41;
30, 217, 18, 585, -638, 31, 119, 848, 70;
22, 210, 11, 498, -715, -11, 89, 819, 43;
22, 210, 12, 485, -718, -6, 88, 819, 46;
22, 210, 12, 471, -720, -1, 87, 820, 49;
19, 207, 10, 430, -749, -14, 75, 810, 42;
23, 212, 16, 459, -707, 19, 92, 828, 63;
21, 211, 15, 429, -723, 14, 85, 823, 60;
22, 212, 17, 425, -713, 27, 88, 829, 67;
17, 208, 13, 364, -759, 1, 68, 811, 51;
15, 206, 12, 330, -777, -5, 59, 805, 47;
13, 205, 11, 301, -790, -9, 52, 801, 45;
17, 210, 16, 327, -747, 23, 69, 819, 65;
12, 206, 13, 268, -788, 0, 49, 803, 50;
7, 201, 9, 207, -831, -24, 30, 787, 35;
9, 204, 11, 208, -810, -7, 36, 796, 46;
5, 201, 9, 163, -836, -22, 22, 786, 37;
9, 206, 14, 185, -793, 8, 37, 804, 56;
10, 207, 16, 176, -782, 18, 39, 810, 62;
9, 208, 16, 156, -780, 21, 36, 811, 64;
1, 201, 10, 70, -843, -18, 6, 785, 39;
4, 204, 13, 80, -811, 4, 16, 799, 53;
3, 205, 14, 62, -805, 8, 14, 801, 56;
2, 205, 14, 39, -804, 9, 10, 802, 57;
-4, 199, 8, -44, -864, -29, -18, 777, 32;
-5, 199, 8, -69, -864, -29, -23, 777, 32;
1, 207, 16, -17, -786, 21, 3, 809, 64;
0, 208, 17, -36, -780, 24, 1, 812, 66;
-3, 206, 14, -83, -799, 10, -11, 803, 57;
-7, 203, 11, -136, -826, -9, -28, 792, 45;
-11, 200, 8, -190, -852, -28, -45, 780, 33;
-10, 202, 10, -193, -828, -14, -40, 790, 42;
-6, 208, 16, -165, -772, 20, -23, 812, 63;
-11, 204, 11, -231, -809, -6, -45, 796, 46;
-9, 208, 15, -219, -768, 16, -35, 812, 61;
-8, 210, 17, -224, -744, 29, -31, 822, 69;
-12, 207, 14, -280, -770, 7, -49, 810, 55;
-17, 204, 10, -338, -798, -15, -68, 797, 41;
-15, 208, 14, -329, -760, 6, -59, 812, 54;
-14, 210, 15, -336, -736, 16, -57, 820, 61;
-17, 208, 13, -380, -750, 2, -70, 814, 52;
-20, 208, 12, -412, -751, -3, -78, 812, 48;
-15, 214, 18, -381, -688, 32, -60, 836, 70;
-20, 210, 13, -445, -721, 4, -81, 821, 53;
-26, 206, 8, -514, -758, -26, -105, 804, 34;
-23, 211, 13, -493, -706, 1, -91, 824, 51;
-23, 213, 14, -506, -687, 7, -91, 830, 55;
-29, 209, 9, -568, -718, -21, -113, 816, 37;
-24, 215, 15, -533, -650, 16, -93, 842, 61;
-27, 214, 13, -577, -662, 0, -107, 835, 51;
-25, 218, 16, -566, -619, 21, -98, 851, 64;
-25, 220, 17, -576, -596, 27, -98, 858, 68;
-30, 216, 13, -635, -624, 0, -118, 844, 51;
-33, 215, 10, -677, -633, -14, -131, 838, 41;
-36, 214, 8, -713, -637, -26, -142, 834, 34;
-37, 214, 8, -736, -628, -30, -147, 836, 32;
-29, 224, 17, -665, -525, 28, -114, 876, 68;
-33, 222, 14, -711, -539, 9, -129, 868, 56;
-33, 224, 15, -720, -517, 13, -129, 874, 59;
-32, 227, 17, -718, -483, 26, -125, 886, 67;
-38, 222, 11, -791, -524, -12, -151, 866, 43;
-34, 228, 16, -753, -455, 22, -132, 892, 65;
-38, 225, 12, -807, -478, -3, -151, 880, 48;
-35, 231, 16, -781, -420, 23, -137, 901, 65;
-38, 229, 13, -823, -432, 4, -152, 893, 53;
-37, 232, 15, -819, -397, 16, -147, 905, 61;
-39, 232, 14, -841, -389, 9, -153, 905, 57;
-38, 234, 15, -842, -360, 16, -151, 914, 61;
-42, 232, 12, -880, -368, 0, -164, 907, 50;
-39, 236, 15, -864, -323, 17, -155, 923, 61;
-48, 230, 7, -949, -379, -32, -188, 897, 30;
-46, 233, 9, -940, -341, -20, -182, 909, 38;
-48, 232, 8, -964, -337, -30, -190, 908, 32;
-49, 234, 8, -971, -317, -29, -191, 913, 32;
-45, 239, 12, -938, -256, -2, -175, 935, 49;
-41, 244, 16, -912, -203, 20, -163, 954, 63;
-47, 240, 10, -971, -236, -14, -186, 937, 41;
-49, 240, 9, -989, -228, -22, -192, 937, 36;
-51, 240, 8, -1008, -221, -31, -199, 937, 31;
-41, 251, 18, -919, -106, 31, -160, 981, 70;
-48, 245, 11, -988, -151, -11, -188, 959, 43;
-41, 254, 18, -925, -64, 32, -161, 992, 71;
-48, 249, 11, -990, -105, -8, -187, 971, 45;
-49, 249, 10, -1003, -96, -15, -192, 972, 41;
-42, 257, 17, -940, -10, 27, -166, 1004, 67;
-51, 249, 8, -1025, -73, -28, -201, 974, 33;
-47, 255, 12, -985, -11, -1, -184, 996, 50;
-47, 256, 12, -989, 4, -3, -185, 1000, 48;
-42, 263, 17, -938, 75, 29, -164, 1026, 69;
-49, 257, 10, -1003, 29, -14, -192, 1003, 41;
-47, 259, 12, -989, 62, -6, -186, 1013, 46;
-43, 265, 15, -950, 118, 17, -171, 1033, 61;
-42, 267, 16, -937, 149, 24, -166, 1043, 66;
-46, 265, 13, -968, 135, 1, -180, 1034, 51;
-50, 261, 8, -1005, 114, -26, -196, 1021, 34;
-47, 266, 11, -974, 160, -9, -185, 1037, 45;
-49, 265, 9, -986, 162, -20, -191, 1035, 38;
-48, 267, 10, -978, 185, -18, -188, 1041, 39;
-47, 268, 10, -966, 210, -15, -185, 1048, 41;
-43, 273, 14, -922, 265, 8, -169, 1068, 56;
-48, 269, 9, -965, 234, -25, -188, 1052, 35;
-47, 271, 9, -952, 259, -22, -185, 1058, 37;
-48, 271, 8, -956, 264, -30, -188, 1058, 31;
-46, 274, 10, -928, 302, -18, -179, 1070, 39;
-44, 276, 10, -912, 326, -15, -175, 1077, 41;
-39, 282, 15, -856, 390, 15, -154, 1100, 60;
-39, 283, 15, -845, 407, 14, -152, 1105, 60;
-39, 283, 14, -842, 417, 9, -153, 1106, 56;
-41, 282, 12, -851, 413, -5, -160, 1101, 47;
-35, 288, 17, -793, 476, 24, -139, 1124, 66;
-41, 283, 10, -840, 433, -15, -162, 1103, 41;
-33, 291, 17, -757, 519, 30, -130, 1136, 69;
-40, 284, 10, -815, 462, -18, -158, 1110, 39;
-34, 291, 15, -748, 531, 16, -133, 1136, 61;
-34, 291, 15, -738, 541, 12, -133, 1137, 58;
-32, 293, 16, -711, 568, 20, -125, 1146, 63;
-31, 294, 15, -699, 579, 17, -124, 1148, 61;
-29, 297, 17, -662, 614, 30, -113, 1160, 69;
-33, 292, 12, -696, 577, -3, -131, 1142, 48;
-27, 299, 17, -629, 641, 29, -107, 1166, 69;
-33, 292, 10, -679, 587, -16, -132, 1142, 40;
-34, 292, 8, -675, 585, -26, -134, 1139, 34;
-32, 293, 9, -647, 607, -20, -127, 1146, 38;
-29, 296, 12, -607, 641, -6, -115, 1157, 46;
-31, 294, 9, -614, 626, -24, -122, 1149, 35;
-25, 300, 14, -544, 688, 9, -98, 1173, 56;
-30, 295, 8, -585, 638, -31, -119, 1151, 31;
-26, 299, 11, -534, 679, -11, -103, 1166, 43;
-22, 302, 14, -483, 719, 7, -87, 1180, 55;
-20, 304, 15, -454, 737, 12, -80, 1186, 58;
-23, 300, 11, -470, 709, -12, -91, 1173, 43;
-20, 303, 13, -429, 737, 0, -79, 1183, 51;
-14, 308, 17, -363, 789, 29, -57, 1203, 69;
-17, 305, 13, -379, 759, 3, -69, 1189, 53;
-12, 310, 18, -313, 811, 32, -47, 1209, 71;
-18, 303, 10, -359, 748, -13, -71, 1182, 42;
-15, 305, 12, -322, 769, -4, -61, 1190, 47;
-17, 302, 9, -325, 749, -22, -68, 1180, 37;
-10, 308, 15, -249, 807, 12, -42, 1204, 58;
-14, 304, 10, -270, 768, -17, -56, 1186, 40;
-10, 307, 12, -221, 797, 0, -41, 1198, 50;
-12, 304, 10, -222, 776, -17, -47, 1188, 39;
-13, 302, 8, -219, 760, -31, -51, 1181, 31;
-2, 312, 17, -106, 852, 27, -10, 1218, 68;
-2, 311, 16, -91, 844, 20, -9, 1215, 64;
0, 312, 17, -56, 857, 28, 0, 1220, 68;
-1, 310, 15, -55, 835, 12, -6, 1210, 58;
-5, 305, 9, -81, 786, -21, -22, 1190, 37;
-2, 307, 11, -36, 807, -7, -9, 1198, 46;
3, 312, 16, 36, 856, 24, 15, 1219, 66;
6, 313, 18, 71, 865, 30, 23, 1223, 70;
6, 313, 17, 92, 861, 28, 27, 1221, 68;
7, 312, 17, 112, 855, 25, 29, 1219, 66;
0, 304, 8, 58, 775, -26, 1, 1186, 34;
1, 304, 8, 83, 773, -26, 6, 1185, 34;
4, 305, 10, 125, 787, -14, 18, 1192, 41;
13, 313, 18, 221, 856, 32, 52, 1221, 71;
5, 303, 8, 158, 764, -25, 20, 1183, 35;
7, 304, 9, 190, 768, -20, 28, 1186, 38;
13, 309, 15, 264, 814, 13, 53, 1205, 59;
15, 309, 15, 291, 811, 15, 59, 1205, 60;
8, 301, 7, 243, 733, -32, 34, 1174, 30;
17, 308, 15, 335, 795, 13, 67, 1201, 59;
18, 307, 15, 357, 788, 12, 71, 1199, 58;
17, 305, 13, 363, 763, 0, 67, 1189, 51;
22, 309, 17, 427, 796, 28, 89, 1205, 68;
15, 299, 8, 369, 707, -25, 60, 1169, 35;
21, 304, 14, 439, 746, 6, 84, 1187, 55;
23, 305, 15, 473, 748, 14, 93, 1189, 59;
25, 305, 16, 501, 746, 18, 99, 1190, 62;
27, 305, 16, 528, 741, 22, 106, 1189, 64;
20, 296, 9, 479, 660, -24, 80, 1158, 35;
27, 301, 14, 550, 699, 8, 105, 1175, 56;
21, 294, 7, 509, 626, -32, 83, 1147, 30;
30, 301, 16, 607, 692, 19, 120, 1177, 63;
25, 295, 10, 571, 624, -17, 100, 1150, 39;
24, 292, 8, 570, 591, -30, 95, 1139, 31;
34, 299, 16, 670, 659, 22, 132, 1169, 65;
30, 294, 12, 647, 603, -5, 119, 1148, 47;
30, 292, 10, 652, 576, -13, 117, 1140, 42;
29, 289, 9, 653, 545, -24, 113, 1129, 35;
35, 294, 15, 727, 587, 12, 139, 1149, 58;
29, 286, 8, 678, 506, -31, 115, 1118, 31;
31, 286, 9, 704, 501, -24, 123, 1118, 35;
35, 288, 12, 749, 514, -5, 137, 1126, 47;
40, 292, 16, 810, 543, 24, 159, 1141, 66;
38, 288, 14, 798, 499, 6, 151, 1125, 54;
39, 287, 13, 809, 480, 4, 152, 1120, 53;
43, 289, 17, 855, 495, 25, 168, 1129, 67;
42, 287, 15, 857, 466, 18, 166, 1120, 62;
39, 282, 12, 839, 418, -2, 155, 1103, 49;
43, 284, 15, 879, 427, 15, 169, 1110, 60;
36, 275, 7, 819, 337, -32, 141, 1075, 30;
38, 276, 9, 844, 332, -23, 149, 1077, 36;
41, 277, 12, 882, 341, -5, 162, 1083, 47;
48, 282, 18, 948, 378, 32, 188, 1102, 71;
38, 271, 8, 864, 266, -29, 151, 1058, 32;
42, 273, 11, 908, 281, -6, 167, 1068, 46;
39, 268, 8, 881, 227, -30, 154, 1048, 31;
48, 276, 16, 972, 289, 24, 189, 1078, 66;
46, 273, 14, 958, 249, 10, 182, 1064, 57;
48, 272, 15, 974, 238, 16, 187, 1063, 61;
47, 270, 14, 968, 206, 8, 183, 1053, 56;
45, 267, 12, 957, 169, -2, 177, 1041, 49;
48, 268, 15, 991, 178, 16, 190, 1048, 61;
50, 268, 16, 1006, 169, 24, 195, 1048, 65;
51, 268, 18, 1021, 159, 31, 201, 1047, 70;
42, 257, 8, 935, 50, -28, 164, 1005, 33;
45, 259, 11, 966, 59, -8, 177, 1012, 45;
46, 259, 12, 975, 45, -3, 180, 1010, 48;
51, 262, 17, 1020, 68, 25, 198, 1023, 66;
41, 251, 7, 934, -38, -32, 163, 982, 30;
50, 259, 16, 1017, 24, 22, 197, 1011, 65;
42, 250, 8, 943, -69, -25, 167, 976, 34;
44, 251, 11, 962, -70, -12, 175, 979, 42;
49, 254, 15, 1004, -47, 16, 193, 992, 61;
47, 251, 13, 983, -86, 3, 184, 979, 53;
49, 252, 16, 1004, -82, 20, 194, 984, 63;
48, 250, 15, 991, -112, 14, 189, 975, 59;
49, 250, 16, 998, -121, 21, 193, 975, 64;
47, 246, 14, 973, -161, 8, 184, 962, 56;
50, 248, 17, 999, -150, 29, 196, 969, 69;
46, 244, 14, 961, -201, 8, 182, 951, 55;
41, 238, 9, 911, -265, -21, 162, 928, 37;
42, 237, 10, 913, -275, -14, 165, 927, 41;
44, 239, 13, 932, -267, 3, 175, 934, 53;
38, 232, 8, 871, -339, -31, 151, 907, 31;
48, 241, 18, 957, -263, 31, 189, 942, 70;
47, 239, 17, 942, -288, 28, 185, 935, 68;
47, 239, 17, 936, -302, 30, 185, 932, 70;
43, 234, 14, 894, -352, 10, 170, 914, 57;
38, 228, 9, 838, -414, -19, 149, 891, 38;
45, 234, 17, 894, -365, 25, 175, 915, 66;
42, 231, 14, 860, -404, 11, 164, 902, 58;
40, 228, 13, 834, -435, 2, 156, 892, 52;
34, 222, 8, 771, -502, -30, 133, 867, 32;
38, 226, 12, 802, -474, 0, 149, 881, 50;
40, 228, 16, 816, -461, 18, 158, 889, 62;
32, 219, 8, 728, -550, -29, 125, 855, 32;
31, 217, 7, 709, -571, -32, 121, 849, 30;
32, 219, 10, 716, -563, -16, 127, 855, 40;
35, 222, 14, 735, -543, 6, 139, 866, 55;
29, 215, 8, 667, -609, -27, 115, 841, 33;
29, 216, 9, 662, -612, -19, 116, 842, 38;
27, 213, 8, 629, -640, -28, 107, 833, 32;
35, 221, 17, 693, -572, 25, 138, 863, 66;
31, 217, 14, 647, -613, 7, 123, 849, 55;
28, 214, 12, 607, -648, -6, 111, 837, 46;
25, 211, 9, 566, -682, -21, 98, 825, 37;
26, 213, 12, 571, -670, -4, 104, 832, 48;
27, 213, 13, 561, -671, 2, 105, 833, 52;
26, 213, 13, 541, -681, 3, 102, 831, 52;
29, 216, 17, 562, -651, 30, 115, 845, 69;
26, 213, 15, 517, -685, 15, 101, 833, 60;
22, 210, 12, 469, -722, -2, 86, 819, 49;
24, 213, 16, 483, -696, 20, 97, 831, 63;
20, 209, 12, 427, -739, -1, 79, 815, 49;
15, 204, 8, 365, -788, -28, 58, 796, 33;
17, 207, 12, 376, -762, -5, 68, 808, 47;
12, 203, 8, 318, -805, -28, 49, 792, 33;
20, 211, 16, 374, -733, 23, 78, 823, 65;
18, 210, 16, 349, -742, 22, 73, 821, 65;
12, 205, 11, 281, -792, -6, 50, 801, 46;
17, 211, 18, 315, -741, 31, 69, 823, 70;
15, 209, 17, 281, -756, 24, 61, 817, 66;
6, 201, 8, 179, -840, -27, 24, 784, 33;
8, 204, 11, 185, -814, -7, 32, 795, 46;
6, 203, 11, 160, -818, -7, 27, 794, 46;
3, 201, 9, 118, -840, -19, 15, 786, 38;
2, 200, 9, 88, -847, -23, 8, 783, 36;
3, 203, 12, 91, -822, -4, 15, 794, 48;
8, 209, 18, 122, -768, 32, 34, 816, 71;
-1, 200, 9, 16, -852, -22, -4, 782, 37;
-2, 200, 9, -12, -856, -24, -10, 780, 35;
0, 204, 13, 5, -814, 3, 2, 798, 53;
1, 207, 15, 2, -792, 18, 6, 807, 62;
-2, 203, 12, -53, -823, -2, -11, 794, 49;
-1, 206, 14, -57, -801, 10, -7, 803, 57;
0, 208, 17, -56, -773, 27, -1, 814, 68;
-8, 202, 10, -143, -833, -13, -31, 789, 42;
-2, 209, 17, -107, -769, 26, -10, 815, 67;
-13, 200, 8, -217, -852, -30, -50, 780, 32;
-11, 202, 10, -220, -827, -15, -46, 790, 41;
-12, 203, 10, -243, -821, -15, -50, 791, 41;
-15, 201, 8, -284, -833, -26, -62, 786, 34;
-13, 205, 11, -278, -799, -6, -54, 799, 46;
-19, 201, 7, -341, -831, -32, -74, 785, 30;
-18, 203, 9, -351, -811, -23, -73, 792, 36;
-18, 205, 10, -360, -791, -14, -72, 799, 41;
-14, 210, 15, -336, -736, 17, -56, 821, 61;
-15, 210, 15, -360, -729, 16, -61, 822, 61;
-18, 209, 13, -402, -740, 3, -73, 816, 53;
-18, 211, 15, -410, -718, 12, -72, 824, 58;
-22, 209, 12, -461, -737, -6, -88, 815, 47;
-27, 205, 8, -521, -765, -31, -108, 801, 31;
-20, 214, 16, -465, -678, 20, -79, 836, 63;
-22, 213, 14, -498, -679, 11, -88, 833, 58;
-21, 217, 17, -494, -643, 28, -82, 846, 68;
-23, 216, 16, -524, -641, 22, -90, 845, 64;
-30, 211, 10, -602, -687, -16, -117, 825, 40;
-32, 210, 8, -638, -691, -26, -128, 821, 34;
-27, 217, 14, -600, -620, 11, -108, 848, 58;
-33, 213, 9, -666, -654, -19, -131, 832, 38;
-27, 220, 16, -623, -579, 21, -108, 861, 64;
-27, 223, 17, -628, -552, 29, -107, 869, 69;
-31, 221, 15, -672, -564, 12, -121, 862, 58;
-30, 223, 16, -680, -540, 18, -120, 870, 62;
-35, 220, 12, -732, -560, -4, -138, 859, 47;
-40, 217, 8, -785, -581, -29, -156, 848, 32;
-39, 220, 10, -785, -549, -18, -152, 858, 39;
-39, 221, 10, -794, -527, -14, -153, 865, 42;
-40, 222, 10, -814, -516, -17, -157, 867, 40;
-33, 230, 17, -760, -431, 28, -132, 899, 68;
-42, 223, 9, -852, -492, -23, -167, 871, 36;
-37, 230, 14, -814, -422, 10, -148, 897, 57;
-40, 229, 12, -847, -425, -2, -159, 893, 49;
-36, 234, 17, -816, -364, 26, -143, 915, 67;
-40, 232, 13, -859, -377, 5, -158, 907, 54;
-39, 235, 15, -859, -347, 13, -155, 916, 59;
-40, 236, 14, -872, -331, 11, -158, 920, 58;
-44, 234, 11, -910, -340, -6, -172, 913, 46;
-41, 238, 15, -888, -290, 14, -160, 931, 59;
-40, 240, 16, -890, -263, 18, -159, 939, 62;
-45, 238, 12, -934, -279, -4, -175, 929, 48;
-43, 241, 14, -925, -243, 6, -170, 941, 55;
-50, 236, 8, -990, -281, -31, -195, 922, 31;
-43, 244, 14, -933, -197, 10, -170, 953, 57;
-46, 243, 12, -961, -199, -3, -180, 949, 48;
-49, 241, 9, -994, -207, -22, -193, 942, 37;
-43, 249, 15, -943, -130, 15, -170, 971, 60;
-48, 245, 10, -990, -153, -13, -189, 958, 42;
-50, 245, 9, -1006, -145, -21, -195, 958, 37;
-43, 253, 16, -949, -64, 18, -170, 988, 62;
-44, 253, 15, -959, -51, 13, -174, 990, 59;
-44, 255, 15, -962, -32, 12, -175, 995, 58;
-45, 255, 14, -971, -19, 7, -178, 997, 55;
-44, 258, 15, -958, 14, 16, -173, 1007, 61;
-48, 255, 11, -996, -2, -8, -188, 997, 45;
-42, 262, 17, -943, 70, 26, -166, 1024, 67;
-47, 258, 12, -990, 42, -5, -186, 1009, 47;
-51, 256, 8, -1019, 32, -26, -199, 1001, 34;
-43, 265, 15, -951, 118, 17, -171, 1033, 61;
-47, 262, 12, -980, 106, -4, -184, 1025, 48;
-50, 260, 9, -1007, 95, -24, -196, 1017, 35;
-47, 264, 11, -981, 138, -10, -186, 1031, 44;
-45, 267, 13, -957, 177, 2, -177, 1044, 52;
-47, 266, 10, -975, 174, -13, -186, 1040, 42;
-40, 275, 18, -902, 260, 31, -157, 1072, 70;
-50, 266, 8, -989, 187, -30, -195, 1038, 31;
-44, 273, 13, -929, 259, 3, -172, 1065, 53;
-39, 278, 17, -884, 316, 28, -155, 1085, 68;
-46, 272, 10, -947, 264, -18, -183, 1061, 39;
-39, 280, 17, -868, 352, 27, -152, 1094, 68;
-38, 282, 18, -853, 377, 31, -148, 1101, 70;
-44, 276, 11, -908, 330, -12, -173, 1079, 43;
-46, 275, 8, -917, 329, -25, -179, 1075, 35;
-36, 285, 17, -824, 429, 28, -143, 1113, 68;
-37, 285, 16, -822, 436, 21, -145, 1114, 64;
-45, 278, 8, -888, 376, -29, -175, 1086, 32;
-36, 287, 16, -799, 470, 20, -142, 1122, 63;
-39, 285, 12, -820, 452, -2, -154, 1111, 49;
-36, 288, 15, -781, 494, 14, -140, 1126, 59;
-39, 285, 11, -804, 474, -10, -153, 1115, 44;
-38, 287, 11, -786, 493, -8, -149, 1120, 45;
-36, 289, 13, -757, 523, 0, -141, 1130, 51;
-36, 289, 12, -751, 528, -6, -142, 1129, 47;
-33, 292, 14, -713, 565, 8, -130, 1142, 55;
-29, 297, 17, -663, 613, 30, -113, 1160, 69;
-34, 292, 11, -703, 570, -8, -134, 1139, 45;
-28, 297, 16, -642, 627, 20, -113, 1161, 63;
-28, 298, 16, -627, 639, 18, -110, 1163, 62;
-31, 295, 12, -641, 619, -3, -120, 1153, 48;
-30, 295, 11, -628, 627, -7, -119, 1154, 46;
-26, 299, 14, -580, 668, 11, -104, 1169, 58;
-31, 294, 9, -613, 628, -23, -122, 1150, 36;
-24, 302, 15, -533, 699, 16, -94, 1177, 60;
-24, 301, 14, -526, 697, 7, -95, 1175, 55;
-23, 301, 13, -508, 705, 5, -92, 1176, 54;
-18, 306, 18, -446, 756, 32, -72, 1196, 71;
-23, 301, 12, -483, 708, -6, -92, 1174, 46;
-25, 298, 8, -490, 689, -25, -100, 1165, 34;
-17, 306, 16, -400, 766, 19, -67, 1195, 63;
-18, 304, 13, -398, 754, 5, -72, 1189, 54;
-23, 299, 8, -431, 708, -30, -90, 1168, 31;
-14, 308, 16, -332, 791, 19, -55, 1201, 63;
-11, 309, 17, -297, 810, 27, -46, 1208, 67;
-12, 308, 15, -288, 803, 18, -47, 1204, 62;
-14, 305, 12, -296, 777, -3, -56, 1192, 48;
-12, 307, 13, -260, 796, 5, -46, 1199, 54;
-9, 309, 15, -221, 816, 15, -36, 1206, 60;
-14, 303, 9, -257, 761, -24, -56, 1183, 35;
-4, 312, 17, -152, 846, 29, -18, 1217, 69;
-5, 311, 16, -142, 836, 19, -19, 1213, 63;
-8, 306, 11, -164, 793, -11, -34, 1194, 43;
-8, 305, 10, -147, 788, -16, -33, 1192, 40;
-8, 304, 9, -133, 780, -23, -32, 1188, 36;
-6, 305, 10, -99, 792, -16, -24, 1192, 40;
0, 311, 15, -23, 844, 17, 1, 1214, 61;
-1, 308, 13, -23, 820, 0, -4, 1204, 51;
2, 311, 15, 22, 841, 14, 9, 1213, 60;
0, 306, 10, 4, 799, -13, -3, 1195, 42;
3, 310, 14, 63, 833, 9, 15, 1209, 56;
3, 308, 12, 73, 816, 0, 13, 1202, 50;
0, 303, 8, 54, 771, -29, 0, 1184, 32;
1, 304, 8, 83, 773, -26, 6, 1185, 34;
10, 311, 16, 181, 843, 22, 41, 1215, 64;
3, 302, 8, 126, 760, -30, 13, 1181, 31;
6, 304, 9, 165, 771, -20, 23, 1186, 38;
13, 309, 15, 244, 822, 15, 50, 1208, 60;
15, 310, 16, 275, 825, 20, 58, 1210, 63;
11, 305, 11, 255, 776, -8, 44, 1190, 45;
16, 308, 15, 312, 802, 13, 62, 1202, 59;
11, 302, 9, 286, 747, -19, 46, 1180, 38;
19, 308, 16, 371, 802, 21, 76, 1204, 64;
18, 306, 14, 371, 771, 6, 71, 1193, 54;
22, 308, 17, 424, 794, 26, 88, 1204, 67;
17, 302, 11, 391, 729, -10, 69, 1178, 44;
17, 300, 9, 400, 707, -19, 67, 1171, 38;
25, 306, 16, 485, 761, 22, 98, 1195, 64;
26, 306, 17, 512, 756, 25, 104, 1194, 66;
23, 301, 12, 491, 704, -2, 90, 1174, 49;
28, 304, 16, 552, 733, 24, 111, 1188, 65;
27, 302, 15, 557, 706, 13, 108, 1178, 59;
23, 296, 9, 528, 645, -19, 91, 1155, 38;
28, 299, 13, 581, 666, 2, 109, 1166, 52;
29, 298, 13, 602, 654, 2, 113, 1163, 52;
30, 297, 13, 624, 644, 4, 117, 1161, 53;
33, 299, 15, 663, 651, 17, 129, 1166, 62;
34, 299, 16, 689, 645, 22, 136, 1166, 65;
37, 299, 18, 720, 645, 31, 145, 1168, 70;
33, 294, 13, 695, 588, 3, 130, 1147, 52;
38, 297, 17, 751, 611, 28, 149, 1159, 68;
33, 290, 11, 713, 541, -8, 130, 1132, 45;
30, 286, 8, 698, 494, -29, 120, 1115, 32;
31, 284, 8, 710, 475, -31, 121, 1110, 31;
39, 291, 15, 798, 531, 16, 154, 1136, 61;
41, 291, 16, 823, 524, 23, 161, 1136, 65;
42, 291, 17, 844, 514, 27, 167, 1134, 68;
44, 290, 18, 864, 503, 31, 172, 1133, 70;
38, 282, 11, 814, 423, -10, 148, 1102, 44;
35, 278, 8, 801, 379, -28, 139, 1087, 33;
42, 284, 14, 873, 421, 11, 166, 1107, 58;
38, 278, 10, 840, 358, -18, 150, 1084, 39;
37, 275, 8, 835, 324, -28, 146, 1073, 33;
43, 279, 13, 898, 357, 5, 169, 1090, 54;
40, 274, 10, 874, 304, -17, 157, 1071, 40;
42, 275, 12, 903, 305, -4, 167, 1074, 48;
41, 272, 10, 891, 264, -18, 160, 1061, 39;
39, 268, 8, 880, 225, -31, 153, 1048, 31;
49, 277, 18, 983, 301, 31, 194, 1082, 70;
44, 271, 12, 940, 231, -1, 174, 1057, 50;
49, 274, 17, 991, 255, 27, 194, 1070, 68;
41, 264, 9, 920, 158, -23, 163, 1033, 36;
50, 272, 17, 1006, 218, 29, 197, 1061, 69;
47, 267, 13, 974, 162, 5, 183, 1041, 54;
49, 267, 16, 999, 161, 19, 192, 1044, 62;
44, 261, 11, 958, 97, -10, 175, 1021, 44;
48, 264, 14, 995, 110, 12, 189, 1030, 58;
45, 259, 11, 968, 60, -7, 178, 1013, 46;
46, 258, 12, 974, 44, -4, 180, 1009, 47;
44, 255, 10, 957, 5, -16, 173, 997, 40;
42, 252, 8, 938, -34, -29, 164, 983, 32;
43, 252, 9, 951, -42, -21, 170, 983, 37;
41, 249, 7, 934, -79, -32, 163, 972, 30;
43, 249, 9, 945, -87, -24, 167, 972, 35;
45, 250, 11, 968, -83, -7, 178, 977, 46;
46, 249, 12, 971, -98, -3, 179, 974, 48;
47, 250, 13, 981, -105, 4, 184, 975, 54;
43, 245, 10, 946, -157, -16, 171, 956, 40;
46, 246, 13, 965, -153, 0, 180, 961, 50;
43, 242, 10, 934, -200, -17, 168, 945, 39;
48, 247, 16, 983, -165, 18, 189, 963, 62;
47, 244, 14, 965, -198, 10, 183, 953, 57;
44, 240, 12, 937, -238, -3, 173, 939, 48;
48, 243, 16, 969, -218, 23, 188, 951, 65;
40, 235, 9, 890, -310, -24, 157, 916, 35;
45, 239, 14, 931, -279, 8, 176, 932, 56;
47, 240, 16, 945, -275, 23, 184, 937, 65;
45, 237, 15, 923, -307, 15, 177, 927, 60;
44, 235, 14, 904, -334, 9, 172, 919, 57;
47, 238, 18, 927, -318, 32, 184, 928, 71;
45, 235, 16, 902, -351, 22, 176, 918, 65;
42, 232, 15, 874, -385, 12, 167, 907, 58;
40, 229, 12, 841, -423, -1, 156, 894, 50;
38, 226, 11, 816, -453, -9, 148, 884, 45;
36, 224, 10, 789, -483, -18, 141, 875, 39;
37, 225, 12, 795, -481, -5, 146, 879, 47;
33, 220, 8, 744, -533, -28, 129, 860, 32;
40, 227, 16, 808, -471, 23, 158, 888, 65;
33, 220, 10, 729, -551, -19, 129, 858, 39;
37, 223, 14, 759, -520, 11, 145, 873, 58;
36, 222, 14, 741, -537, 10, 142, 869, 57;
38, 224, 17, 750, -526, 28, 149, 876, 68;
34, 220, 14, 701, -572, 6, 133, 859, 55;
37, 223, 18, 721, -549, 32, 145, 871, 70;
33, 219, 15, 675, -591, 13, 130, 856, 59;
27, 213, 9, 607, -654, -19, 106, 832, 38;
25, 211, 8, 578, -676, -25, 99, 825, 34;
26, 213, 11, 580, -667, -11, 104, 831, 43;
32, 218, 17, 620, -620, 28, 125, 852, 68;
28, 215, 15, 576, -656, 12, 111, 839, 58;
22, 209, 10, 509, -714, -18, 88, 817, 39;
29, 216, 17, 559, -654, 28, 114, 844, 68;
22, 210, 11, 485, -718, -6, 88, 819, 46;
20, 208, 11, 454, -737, -12, 80, 813, 42;
18, 207, 10, 426, -753, -16, 73, 808, 40;
23, 212, 16, 460, -706, 20, 92, 829, 63;
23, 212, 17, 445, -707, 25, 91, 830, 66;
15, 205, 10, 361, -778, -15, 61, 802, 41;
21, 212, 17, 403, -720, 27, 84, 827, 68;
13, 204, 10, 314, -793, -16, 53, 798, 40;
19, 211, 17, 361, -730, 30, 77, 825, 70;
14, 207, 13, 300, -774, 5, 57, 808, 54;
16, 209, 16, 301, -755, 22, 63, 817, 64;
12, 206, 13, 252, -785, 5, 49, 805, 54;
11, 206, 13, 228, -790, 5, 44, 804, 54;
10, 206, 14, 209, -789, 8, 42, 805, 56;
6, 202, 10, 151, -827, -13, 23, 790, 42;
10, 208, 16, 181, -776, 22, 41, 812, 65;
4, 203, 11, 112, -824, -7, 18, 793, 46;
0, 200, 8, 59, -854, -25, 2, 781, 34;
4, 205, 14, 87, -804, 8, 19, 802, 56;
0, 202, 10, 28, -839, -13, 0, 787, 42;
0, 203, 12, 21, -822, -2, 3, 794, 49;
-1, 202, 11, -18, -837, -12, -7, 788, 43;
-1, 203, 12, -29, -823, -2, -6, 794, 49;
2, 209, 18, -1, -770, 32, 10, 816, 70;
0, 207, 16, -42, -785, 20, 0, 809, 64;
-7, 201, 10, -124, -841, -17, -29, 786, 40;
-3, 206, 15, -100, -790, 15, -13, 807, 60;
-6, 205, 13, -142, -805, 3, -25, 800, 52;
-7, 205, 13, -168, -803, 2, -30, 800, 52;
-10, 204, 12, -205, -812, -6, -40, 796, 47;
-12, 203, 10, -241, -819, -13, -49, 792, 42;
-14, 203, 10, -268, -818, -16, -55, 792, 40;
-8, 210, 17, -226, -746, 28, -32, 821, 68;
-9, 210, 17, -250, -740, 28, -37, 822, 68;
-15, 206, 12, -322, -783, -4, -61, 804, 48;
-15, 208, 13, -331, -761, 5, -60, 811, 54;
-12, 212, 18, -314, -714, 31, -47, 830, 70;
-14, 212, 16, -349, -718, 23, -57, 827, 65;
-20, 207, 12, -417, -755, -6, -80, 810, 46;
-17, 212, 15, -402, -709, 18, -68, 827, 62;
-18, 213, 16, -419, -695, 21, -70, 832, 64;
-20, 212, 15, -452, -696, 14, -79, 830, 60;
-27, 207, 9, -532, -745, -24, -107, 808, 35;
-26, 210, 11, -529, -710, -8, -101, 820, 45;
-24, 214, 14, -521, -671, 10, -93, 835, 57;
-29, 210, 10, -583, -700, -17, -114, 821, 40;
-26, 215, 14, -564, -649, 9, -102, 840, 56;
-26, 216, 15, -579, -631, 12, -103, 845, 58;
-30, 214, 11, -630, -651, -8, -120, 835, 45;
-32, 214, 11, -654, -643, -12, -126, 836, 43;
-31, 216, 12, -659, -616, -3, -124, 845, 49;
-35, 215, 9, -704, -628, -20, -138, 838, 38;
-33, 218, 12, -696, -588, -3, -131, 852, 48;
-38, 215, 7, -756, -616, -31, -152, 838, 31;
-33, 222, 14, -712, -540, 8, -130, 867, 56;
-33, 224, 15, -719, -515, 14, -129, 875, 60;
-37, 222, 12, -766, -531, -5, -144, 866, 47;
-36, 224, 13, -773, -506, 0, -144, 874, 51;
-38, 224, 12, -795, -496, -4, -149, 875, 48;
-42, 222, 9, -840, -511, -25, -165, 866, 35;
-41, 225, 11, -835, -474, -12, -160, 878, 43;
-35, 232, 16, -794, -403, 24, -139, 905, 65;
-39, 230, 14, -834, -412, 5, -153, 898, 54;
-43, 227, 10, -882, -430, -17, -170, 888, 39;
-36, 236, 18, -820, -338, 31, -142, 923, 70;
-40, 234, 14, -865, -353, 9, -158, 914, 56;
-41, 235, 13, -881, -340, 5, -162, 916, 54;
-41, 237, 14, -883, -313, 10, -161, 924, 57;
-41, 239, 15, -886, -287, 15, -160, 932, 60;
-45, 236, 11, -931, -304, -7, -176, 922, 45;
-47, 235, 9, -958, -303, -20, -185, 919, 38;
-44, 240, 13, -936, -253, 0, -174, 936, 50;
-45, 240, 12, -948, -239, -4, -178, 939, 48;
-46, 241, 11, -963, -227, -9, -182, 940, 45;
-48, 241, 10, -977, -215, -14, -187, 942, 41;
-50, 240, 8, -1005, -218, -29, -197, 938, 32;
-50, 242, 8, -1004, -192, -25, -196, 945, 35;
-47, 246, 11, -982, -145, -8, -186, 961, 45;
-48, 247, 11, -989, -128, -10, -188, 965, 44;
-45, 251, 13, -970, -85, 4, -179, 979, 53;
-46, 251, 13, -979, -71, 0, -182, 982, 51;
-50, 249, 9, -1012, -81, -20, -195, 974, 38;
-51, 250, 8, -1021, -69, -25, -199, 976, 34;
-52, 250, 8, -1030, -57, -31, -202, 977, 31;
-45, 258, 14, -965, 28, 11, -176, 1010, 58;
-42, 262, 17, -943, 69, 25, -167, 1023, 67;
-49, 257, 10, -1001, 31, -13, -191, 1004, 42;
-50, 257, 9, -1013, 38, -22, -196, 1003, 36;
-42, 267, 17, -932, 136, 29, -163, 1041, 69;
-44, 266, 15, -951, 135, 15, -172, 1037, 60;
-41, 269, 18, -924, 179, 30, -161, 1052, 70;
-47, 264, 11, -981, 138, -10, -186, 1031, 44;
-50, 263, 8, -1002, 132, -27, -196, 1026, 33;
-44, 269, 14, -944, 204, 7, -173, 1052, 55;
-41, 273, 16, -916, 247, 22, -163, 1067, 64;
-48, 267, 9, -973, 202, -20, -188, 1045, 38;
-42, 275, 15, -910, 278, 16, -164, 1073, 61;
-47, 271, 10, -953, 246, -17, -183, 1056, 40;
-40, 278, 16, -885, 325, 22, -157, 1086, 64;
-46, 273, 10, -935, 285, -16, -180, 1066, 40;
-39, 280, 16, -870, 359, 19, -155, 1094, 63;
-40, 280, 15, -870, 368, 12, -158, 1094, 58;
-47, 274, 7, -926, 319, -31, -183, 1071, 31;
-42, 279, 12, -877, 375, -6, -165, 1091, 46;
-43, 279, 10, -881, 377, -17, -170, 1089, 40;
-44, 279, 8, -882, 382, -26, -173, 1088, 34;
-38, 285, 13, -823, 446, 4, -151, 1112, 53;
-43, 281, 8, -858, 414, -27, -169, 1096, 33;
-34, 290, 17, -763, 513, 26, -133, 1134, 67;
-36, 288, 14, -778, 500, 6, -142, 1126, 55;
-38, 287, 11, -787, 492, -9, -150, 1120, 45;
-33, 292, 15, -735, 544, 14, -132, 1139, 60;
-38, 287, 9, -774, 505, -21, -151, 1120, 37;
-37, 289, 10, -748, 530, -15, -144, 1128, 41;
-31, 294, 15, -687, 589, 14, -123, 1150, 59;
-33, 292, 12, -699, 574, -5, -132, 1141, 47;
-30, 296, 15, -652, 617, 13, -117, 1157, 59;
-30, 296, 13, -647, 619, 5, -118, 1155, 54;
-28, 298, 15, -614, 647, 14, -109, 1164, 60;
-24, 302, 17, -571, 684, 30, -96, 1177, 70;
-25, 300, 15, -570, 677, 18, -100, 1173, 62;
-22, 303, 18, -530, 710, 31, -88, 1184, 70;
-31, 295, 8, -599, 633, -27, -121, 1150, 33;
-30, 295, 8, -583, 640, -30, -119, 1151, 31;
-29, 295, 8, -563, 650, -31, -115, 1154, 31;
-23, 301, 12, -496, 706, 0, -92, 1175, 50;
-17, 306, 17, -429, 762, 29, -69, 1197, 69;
-26, 297, 7, -500, 679, -32, -104, 1160, 30;
-18, 305, 15, -408, 759, 14, -71, 1192, 60;
-19, 303, 12, -409, 743, -1, -76, 1184, 50;
-14, 308, 17, -344, 794, 26, -55, 1204, 67;
-14, 307, 15, -337, 787, 16, -57, 1199, 61;
-16, 305, 12, -339, 768, 0, -63, 1191, 50;
-15, 305, 12, -323, 768, -5, -62, 1189, 47;
-11, 308, 15, -270, 804, 14, -45, 1203, 59;
-12, 307, 13, -262, 794, 4, -47, 1198, 53;
-10, 308, 14, -234, 804, 6, -41, 1201, 55;
-11, 306, 12, -227, 792, -4, -43, 1195, 48;
-10, 306, 12, -203, 795, -4, -39, 1196, 47;
-12, 303, 8, -214, 764, -28, -49, 1183, 33;
-4, 310, 15, -125, 832, 14, -18, 1210, 60;
-4, 310, 14, -105, 830, 11, -15, 1209, 58;
-6, 306, 10, -118, 795, -13, -26, 1194, 42;
-2, 309, 14, -61, 829, 8, -8, 1208, 56;
1, 312, 16, -14, 853, 23, 5, 1218, 65;
0, 309, 13, -19, 824, 3, -2, 1205, 53;
-2, 306, 10, -25, 794, -16, -10, 1193, 40;
5, 313, 17, 68, 863, 29, 22, 1222, 69;
-2, 303, 8, 1, 771, -31, -10, 1183, 31;
8, 313, 18, 123, 866, 32, 34, 1223, 71;
4, 308, 13, 98, 815, 0, 18, 1202, 51;
2, 305, 9, 93, 783, -19, 10, 1190, 38;
9, 310, 15, 166, 828, 12, 35, 1209, 58;
3, 303, 8, 129, 764, -28, 14, 1183, 33;
13, 311, 17, 235, 842, 26, 52, 1216, 67;
6, 303, 9, 182, 760, -25, 25, 1182, 35;
9, 304, 10, 224, 773, -13, 37, 1189, 42;
13, 307, 13, 271, 791, 1, 51, 1197, 52;
10, 302, 9, 256, 746, -23, 39, 1179, 36;
10, 301, 8, 275, 735, -26, 42, 1176, 34;
20, 310, 17, 383, 814, 29, 81, 1210, 69;
19, 307, 15, 381, 781, 13, 75, 1197, 59;
16, 302, 10, 364, 733, -13, 63, 1179, 42;
14, 299, 8, 362, 701, -29, 57, 1167, 32;
20, 303, 13, 431, 738, 0, 80, 1183, 51;
16, 297, 8, 406, 682, -30, 65, 1162, 32;
24, 304, 14, 491, 735, 11, 95, 1185, 58;
25, 303, 14, 512, 725, 11, 99, 1183, 58;
26, 302, 14, 530, 711, 9, 102, 1179, 56;
23, 298, 11, 520, 669, -11, 93, 1163, 43;
24, 297, 10, 535, 652, -14, 94, 1158, 41;
24, 295, 9, 546, 631, -20, 94, 1151, 37;
24, 293, 8, 556, 609, -27, 94, 1144, 33;
29, 297, 12, 616, 637, 0, 114, 1158, 50;
29, 294, 11, 623, 611, -8, 113, 1149, 45;
33, 297, 14, 671, 628, 11, 129, 1159, 57;
32, 294, 13, 675, 599, 1, 126, 1149, 51;
34, 295, 14, 708, 600, 11, 136, 1152, 58;
30, 289, 9, 676, 536, -21, 118, 1128, 37;
31, 288, 10, 699, 527, -17, 124, 1126, 40;
37, 293, 15, 763, 559, 14, 147, 1142, 59;
39, 293, 16, 789, 553, 20, 154, 1142, 63;
39, 290, 15, 793, 526, 13, 152, 1134, 59;
40, 290, 15, 814, 515, 17, 157, 1132, 61;
36, 285, 11, 789, 459, -9, 144, 1112, 45;
43, 289, 17, 857, 496, 26, 169, 1130, 67;
38, 283, 12, 822, 431, -5, 151, 1106, 47;
44, 287, 17, 881, 459, 25, 173, 1120, 66;
39, 280, 11, 844, 392, -7, 155, 1095, 46;
38, 278, 10, 839, 357, -18, 150, 1084, 39;
38, 276, 9, 848, 337, -20, 151, 1078, 38;
38, 274, 8, 848, 307, -27, 148, 1069, 33;
47, 281, 17, 942, 372, 28, 185, 1099, 68;
47, 280, 16, 946, 347, 24, 184, 1092, 65;
42, 273, 11, 905, 278, -8, 165, 1067, 45;
41, 270, 10, 900, 246, -17, 161, 1056, 39;
42, 269, 10, 909, 227, -17, 163, 1052, 40;
47, 273, 15, 967, 258, 16, 186, 1068, 61;
41, 266, 9, 913, 177, -24, 162, 1038, 36;
47, 270, 14, 973, 211, 11, 185, 1055, 58;
49, 270, 16, 993, 205, 21, 192, 1056, 64;
49, 269, 15, 992, 180, 17, 191, 1049, 62;
49, 268, 16, 999, 162, 19, 193, 1045, 63;
42, 259, 9, 940, 78, -22, 167, 1013, 36;
43, 259, 9, 946, 61, -20, 169, 1010, 38;
47, 261, 13, 988, 80, 5, 186, 1021, 54;
51, 264, 17, 1023, 93, 27, 200, 1030, 68;
43, 254, 9, 950, -1, -21, 169, 994, 37;
47, 257, 13, 988, 14, 3, 185, 1004, 52;
47, 256, 13, 989, -3, 4, 186, 1000, 53;
43, 251, 9, 952, -60, -19, 170, 979, 38;
43, 249, 9, 948, -84, -22, 169, 973, 37;
50, 255, 17, 1017, -34, 24, 198, 997, 66;
45, 249, 11, 966, -102, -6, 177, 972, 46;
48, 251, 15, 994, -93, 13, 189, 980, 59;
41, 243, 8, 927, -175, -28, 163, 949, 33;
47, 247, 14, 976, -143, 6, 184, 965, 55;
44, 243, 11, 943, -191, -11, 172, 949, 43;
47, 245, 14, 973, -175, 12, 185, 959, 58;
41, 238, 9, 911, -251, -25, 161, 931, 35;
49, 246, 17, 985, -190, 28, 193, 959, 68;
43, 239, 12, 928, -260, -4, 171, 934, 48;
41, 235, 10, 899, -301, -19, 161, 920, 39;
41, 234, 10, 892, -318, -17, 160, 916, 39;
38, 231, 7, 861, -359, -32, 149, 902, 31;
43, 235, 13, 904, -326, 2, 169, 919, 52;
42, 234, 13, 890, -348, 0, 166, 913, 51;
41, 232, 12, 877, -368, 0, 163, 907, 50;
40, 230, 12, 859, -393, -5, 158, 900, 47;
37, 227, 9, 826, -433, -19, 147, 887, 38;
45, 234, 18, 892, -372, 32, 177, 915, 71;
36, 225, 9, 799, -470, -20, 141, 877, 37;
36, 224, 10, 794, -479, -15, 142, 876, 41;
40, 227, 14, 819, -457, 10, 156, 888, 57;
37, 224, 12, 783, -495, -3, 144, 875, 48;
34, 221, 10, 751, -528, -14, 135, 864, 41;
40, 227, 17, 802, -477, 29, 159, 888, 69;
39, 226, 17, 783, -496, 27, 155, 883, 68;
32, 218, 10, 700, -578, -16, 125, 852, 40;
30, 217, 10, 681, -595, -18, 120, 847, 39;
30, 216, 10, 669, -605, -14, 119, 845, 41;
36, 222, 17, 716, -554, 28, 143, 869, 68;
27, 213, 9, 620, -645, -22, 108, 833, 36;
26, 212, 9, 601, -659, -23, 104, 830, 36;
32, 218, 16, 646, -609, 19, 127, 853, 62;
27, 213, 11, 585, -663, -8, 106, 832, 45;
26, 213, 12, 570, -670, -5, 104, 831, 47;
27, 214, 13, 566, -666, 5, 107, 835, 54;
23, 209, 10, 512, -711, -16, 89, 818, 40;
21, 209, 10, 489, -724, -18, 85, 815, 39;
26, 214, 16, 522, -680, 18, 103, 835, 62;
23, 211, 13, 478, -713, 3, 90, 823, 52;
21, 209, 12, 447, -732, -3, 82, 816, 48;
16, 205, 8, 389, -778, -27, 63, 799, 34;
22, 211, 15, 434, -719, 17, 87, 825, 62;
17, 207, 12, 381, -758, -2, 70, 810, 49;
14, 204, 10, 335, -789, -17, 56, 799, 39;
20, 211, 17, 379, -728, 27, 80, 825, 67;
10, 201, 8, 268, -823, -31, 39, 787, 31;
16, 209, 15, 317, -757, 16, 64, 815, 61;
15, 208, 15, 294, -762, 17, 60, 814, 61;
8, 202, 9, 213, -824, -20, 32, 789, 38;
13, 208, 16, 248, -770, 18, 52, 812, 62;
11, 207, 15, 215, -783, 12, 44, 808, 59;
5, 202, 10, 146, -833, -17, 21, 788, 40;
10, 208, 16, 183, -774, 23, 42, 813, 65;
7, 206, 14, 137, -799, 9, 28, 803, 56;
2, 201, 10, 75, -838, -15, 8, 787, 41;
4, 205, 14, 83, -807, 6, 17, 800, 54;
6, 208, 17, 89, -779, 26, 25, 812, 67;
5, 208, 17, 62, -781, 25, 20, 812, 66;
3, 207, 16, 34, -785, 22, 14, 810, 65;
0, 205, 14, -8, -802, 11, 2, 803, 57;
-1, 205, 13, -41, -810, 5, -5, 799, 54;
-4, 203, 12, -79, -822, -3, -16, 794, 48;
-8, 200, 9, -135, -852, -24, -33, 781, 35;
-4, 205, 14, -113, -803, 6, -18, 801, 55;
-10, 201, 9, -177, -840, -19, -39, 786, 38;
-7, 205, 13, -167, -802, 3, -30, 801, 52;
-7, 207, 15, -176, -782, 13, -28, 808, 59;
-13, 202, 10, -246, -825, -17, -52, 790, 40;
-7, 209, 17, -206, -755, 25, -29, 818, 66;
-7, 211, 18, -221, -741, 31, -30, 823, 70;
-8, 211, 18, -243, -734, 32, -34, 825, 71;
-12, 209, 15, -290, -751, 16, -48, 817, 61;
-12, 211, 16, -302, -732, 24, -48, 823, 66;
-15, 209, 14, -346, -746, 10, -61, 816, 57;
-14, 212, 17, -345, -715, 26, -55, 828, 67;
-19, 209, 13, -405, -744, 1, -75, 815, 51;
-17, 212, 15, -403, -710, 17, -69, 827, 62;
-22, 208, 11, -462, -738, -7, -88, 814, 46;
-23, 209, 12, -483, -728, -6, -92, 817, 46;
-20, 214, 16, -463, -676, 20, -79, 836, 64;
-23, 212, 13, -508, -689, 5, -93, 829, 54;
-25, 212, 13, -537, -686, 0, -100, 829, 51;
-25, 214, 14, -545, -662, 8, -98, 837, 56;
-28, 213, 12, -587, -672, -6, -111, 831, 47;
-30, 213, 11, -615, -668, -11, -118, 830, 43;
-24, 220, 18, -570, -591, 31, -95, 860, 70;
-31, 215, 12, -644, -632, -5, -121, 841, 47;
-26, 222, 17, -610, -567, 29, -103, 866, 69;
-30, 219, 14, -660, -584, 8, -120, 856, 56;
-35, 216, 10, -713, -605, -14, -138, 845, 41;
-30, 223, 16, -672, -532, 23, -117, 873, 65;
-37, 217, 9, -755, -583, -20, -147, 849, 38;
-31, 226, 17, -701, -497, 26, -121, 882, 67;
-34, 225, 15, -737, -501, 13, -132, 878, 59;
-41, 219, 8, -820, -553, -31, -163, 854, 31;
-41, 221, 9, -819, -521, -20, -160, 865, 37;
-39, 224, 11, -815, -485, -8, -154, 877, 45;
-41, 225, 10, -837, -476, -13, -160, 878, 42;
-37, 230, 15, -808, -417, 14, -145, 899, 60;
-45, 224, 8, -890, -468, -31, -176, 875, 31;
-38, 232, 15, -834, -382, 14, -150, 908, 59;
-41, 231, 12, -869, -386, 0, -162, 903, 50;
-39, 235, 15, -858, -346, 13, -155, 917, 59;
-41, 235, 14, -877, -336, 8, -160, 918, 56;
-45, 232, 10, -923, -353, -15, -177, 908, 41;
-41, 238, 14, -895, -296, 9, -163, 928, 56;
-49, 232, 7, -967, -340, -32, -191, 907, 30;
-48, 234, 8, -965, -311, -25, -188, 916, 35;
-40, 244, 17, -892, -210, 28, -156, 954, 68;
-48, 237, 9, -978, -268, -23, -190, 927, 36;
-48, 239, 9, -978, -242, -19, -189, 934, 38;
-42, 247, 16, -921, -159, 23, -163, 966, 65;
-48, 243, 10, -982, -194, -14, -188, 947, 42;
-49, 243, 9, -998, -185, -21, -193, 948, 37;
-43, 250, 15, -944, -106, 17, -170, 977, 61;
-50, 245, 9, -1008, -147, -23, -196, 957, 36;
-48, 248, 11, -991, -107, -9, -188, 970, 44;
-43, 255, 16, -945, -37, 23, -168, 996, 65;
-49, 250, 10, -1008, -78, -17, -194, 976, 39;
-49, 252, 10, -1005, -53, -14, -192, 983, 41;
-46, 255, 13, -982, -9, 0, -183, 997, 51;
-50, 253, 9, -1017, -23, -22, -197, 988, 36;
-49, 255, 10, -1010, 3, -18, -194, 996, 39;
-43, 262, 16, -951, 81, 19, -170, 1025, 63;
-50, 257, 9, -1010, 41, -20, -195, 1005, 38;
-44, 264, 15, -955, 114, 14, -173, 1031, 59;
-43, 266, 16, -942, 144, 21, -168, 1041, 64;
-42, 268, 16, -938, 165, 21, -167, 1046, 64;
-42, 269, 16, -932, 187, 22, -166, 1052, 64;
-43, 269, 15, -942, 192, 12, -171, 1051, 58;
-41, 272, 17, -916, 233, 26, -161, 1064, 67;
-41, 273, 16, -913, 249, 23, -162, 1068, 65;
-49, 267, 8, -982, 193, -26, -192, 1041, 34;
-44, 273, 13, -928, 259, 4, -171, 1065, 53;
-42, 276, 15, -905, 294, 14, -164, 1076, 59;
-42, 276, 14, -908, 302, 6, -167, 1076, 55;
-44, 275, 11, -921, 299, -7, -174, 1072, 46;
-46, 273, 9, -936, 294, -24, -182, 1067, 35;
-43, 277, 12, -896, 342, -4, -168, 1084, 48;
-42, 279, 12, -881, 364, -1, -165, 1090, 49;
-38, 284, 16, -839, 414, 18, -150, 1107, 62;
-43, 279, 10, -877, 382, -14, -168, 1091, 42;
-43, 280, 10, -870, 394, -18, -168, 1093, 39;
-41, 282, 11, -844, 425, -9, -160, 1103, 45;
-34, 289, 17, -777, 495, 26, -136, 1129, 67;
-41, 283, 10, -828, 448, -16, -160, 1107, 40;
-42, 282, 8, -835, 442, -31, -166, 1102, 31;
-40, 285, 9, -806, 473, -22, -158, 1112, 37;
-40, 285, 8, -801, 478, -29, -159, 1111, 32;
-36, 289, 12, -750, 530, -5, -141, 1130, 47;
-31, 294, 15, -698, 580, 17, -124, 1148, 62;
-35, 291, 11, -722, 554, -9, -138, 1135, 45;
-28, 298, 17, -646, 627, 29, -110, 1163, 69;
-34, 292, 11, -690, 580, -11, -132, 1141, 43;
-34, 291, 9, -689, 577, -22, -136, 1137, 36;
-27, 298, 15, -611, 649, 16, -108, 1165, 61;
-27, 298, 14, -601, 653, 10, -108, 1165, 57;
-27, 298, 13, -591, 656, 4, -109, 1164, 53;
-24, 301, 16, -548, 692, 19, -95, 1177, 63;
-26, 299, 13, -557, 675, 0, -104, 1167, 50;
-21, 303, 16, -502, 721, 23, -85, 1185, 65;
-24, 300, 12, -517, 696, 0, -96, 1173, 50;
-26, 298, 9, -526, 677, -20, -105, 1163, 38;
-24, 299, 10, -494, 697, -13, -97, 1169, 42;
-21, 303, 13, -448, 731, 2, -82, 1182, 52;
-19, 304, 14, -419, 747, 6, -76, 1187, 55;
-14, 308, 17, -363, 790, 29, -57, 1203, 69;
-17, 305, 13, -378, 760, 4, -69, 1190, 53;
-22, 299, 7, -410, 713, -32, -87, 1169, 30;
-11, 310, 17, -292, 815, 30, -44, 1210, 70;
-13, 307, 14, -300, 791, 9, -52, 1199, 57;
-9, 310, 17, -253, 821, 26, -38, 1210, 67;
-11, 307, 14, -259, 797, 6, -46, 1199, 54;
-9, 308, 14, -227, 811, 11, -38, 1204, 58;
-5, 311, 17, -177, 842, 28, -23, 1216, 68;
-13, 303, 8, -235, 764, -25, -52, 1183, 34;
-6, 309, 14, -154, 824, 11, -24, 1208, 58;
-7, 307, 12, -156, 801, -5, -31, 1197, 47;
-10, 303, 8, -165, 771, -28, -40, 1184, 33;
-8, 304, 9, -136, 777, -25, -34, 1187, 35;
0, 312, 17, -35, 856, 25, 2, 1219, 67;
0, 310, 14, -33, 834, 10, -2, 1210, 57;
-3, 306, 10, -46, 797, -14, -13, 1194, 41;