-2, 306, 10, -21, 798, -14, -8, 1195, 42;
3, 310, 14, 42, 837, 12, 12, 1211, 58;
0, 305, 10, 21, 790, -18, -2, 1191, 39;
4, 309, 13, 78, 821, 3, 15, 1205, 52;
5, 309, 14, 109, 826, 7, 23, 1207, 55;
1, 303, 8, 81, 771, -27, 5, 1185, 33;
2, 303, 8, 100, 763, -31, 8, 1182, 31;
5, 305, 10, 146, 781, -16, 21, 1190, 40;
10, 308, 14, 209, 815, 8, 41, 1205, 56;
6, 303, 8, 181, 760, -25, 25, 1182, 34;
15, 310, 16, 278, 827, 22, 59, 1211, 64;
7, 301, 8, 222, 742, -30, 31, 1177, 32;
16, 308, 15, 311, 801, 12, 62, 1202, 58;
16, 307, 14, 330, 790, 9, 64, 1199, 57;
11, 300, 8, 296, 727, -28, 45, 1173, 33;
20, 308, 16, 393, 793, 20, 80, 1202, 63;
15, 301, 10, 357, 726, -18, 60, 1176, 39;
23, 308, 17, 446, 785, 26, 92, 1201, 67;
19, 302, 12, 421, 728, -5, 76, 1179, 47;
26, 307, 18, 498, 774, 31, 103, 1200, 70;
22, 301, 12, 467, 712, -3, 85, 1176, 48;
19, 296, 8, 451, 663, -29, 74, 1157, 32;
24, 300, 12, 511, 692, -3, 94, 1171, 48;
24, 299, 12, 528, 677, -6, 96, 1167, 47;
28, 300, 14, 572, 689, 9, 110, 1173, 56;
29, 300, 14, 591, 676, 8, 113, 1170, 56;
26, 296, 11, 580, 633, -11, 104, 1154, 43;
28, 295, 11, 604, 625, -8, 109, 1153, 45;
30, 296, 13, 636, 625, 0, 118, 1155, 51;
32, 296, 13, 662, 619, 5, 125, 1155, 54;
27, 290, 8, 631, 555, -27, 108, 1131, 33;
36, 297, 16, 726, 618, 23, 143, 1159, 65;
30, 289, 9, 676, 537, -21, 119, 1128, 37;
34, 291, 13, 724, 552, 0, 135, 1137, 50;
33, 288, 11, 723, 519, -12, 130, 1126, 43;
35, 288, 11, 746, 511, -7, 136, 1125, 46;
35, 286, 11, 755, 488, -11, 136, 1118, 43;
34, 284, 10, 761, 462, -18, 135, 1110, 39;
33, 281, 8, 758, 429, -29, 131, 1099, 32;
40, 287, 14, 834, 474, 11, 159, 1120, 58;
42, 287, 15, 855, 464, 17, 165, 1119, 61;
44, 287, 16, 879, 457, 24, 172, 1119, 65;
42, 284, 15, 874, 422, 12, 167, 1108, 58;
40, 279, 11, 857, 375, -6, 157, 1091, 46;
37, 275, 8, 837, 325, -27, 146, 1074, 33;
44, 280, 14, 904, 363, 9, 172, 1092, 57;
38, 272, 8, 857, 287, -28, 150, 1064, 33;
46, 279, 15, 935, 337, 17, 180, 1088, 61;
40, 271, 9, 889, 262, -19, 159, 1060, 38;
48, 277, 16, 964, 309, 24, 188, 1083, 66;
48, 276, 16, 970, 288, 23, 189, 1077, 65;
44, 270, 12, 935, 225, -5, 172, 1054, 47;
40, 265, 8, 907, 172, -27, 159, 1035, 33;
41, 264, 9, 920, 158, -23, 163, 1033, 36;
46, 268, 13, 966, 179, 3, 181, 1045, 53;
48, 268, 15, 991, 179, 17, 190, 1048, 61;
41, 259, 7, 922, 84, -32, 160, 1013, 30;
43, 261, 10, 949, 88, -16, 171, 1017, 40;
43, 259, 9, 947, 63, -19, 170, 1010, 38;
48, 262, 14, 991, 83, 7, 187, 1022, 55;
46, 259, 12, 977, 47, -2, 181, 1010, 49;
46, 257, 12, 974, 22, -5, 179, 1004, 47;
45, 255, 11, 967, -6, -10, 176, 995, 44;
45, 254, 11, 967, -26, -10, 176, 990, 44;
42, 249, 8, 939, -73, -28, 165, 974, 33;
44, 250, 10, 960, -72, -13, 174, 978, 42;
46, 251, 13, 980, -71, 0, 182, 982, 51;
43, 247, 9, 945, -124, -21, 169, 963, 37;
41, 244, 7, 926, -161, -32, 161, 951, 30;
49, 250, 15, 996, -107, 17, 191, 977, 61;
44, 244, 11, 950, -169, -10, 173, 955, 44;
46, 245, 13, 962, -172, 0, 179, 957, 51;
43, 241, 10, 935, -214, -13, 169, 943, 42;
40, 237, 7, 901, -261, -31, 157, 927, 31;
42, 239, 10, 921, -254, -14, 167, 933, 42;
49, 244, 17, 976, -212, 27, 191, 954, 67;
42, 237, 11, 909, -290, -11, 165, 924, 43;
46, 239, 15, 939, -271, 13, 179, 935, 59;
45, 238, 15, 931, -290, 14, 178, 931, 59;
41, 234, 11, 889, -341, -7, 163, 913, 46;
46, 238, 17, 928, -310, 25, 182, 929, 67;
44, 235, 15, 905, -340, 17, 175, 919, 61;
38, 228, 10, 840, -413, -18, 150, 892, 39;
42, 232, 14, 869, -390, 8, 165, 905, 56;
43, 233, 16, 877, -387, 22, 171, 909, 64;
38, 226, 11, 814, -455, -10, 148, 884, 44;
36, 224, 10, 792, -481, -16, 142, 876, 40;
37, 225, 12, 798, -478, -3, 147, 880, 48;
39, 227, 15, 808, -469, 13, 155, 886, 59;
39, 226, 15, 799, -480, 17, 155, 884, 61;
38, 225, 15, 777, -502, 13, 149, 878, 59;
31, 218, 9, 707, -572, -22, 124, 851, 36;
32, 218, 10, 700, -578, -16, 125, 852, 40;
29, 215, 8, 668, -608, -26, 115, 841, 34;
34, 220, 14, 703, -570, 8, 134, 860, 56;
32, 218, 13, 675, -594, 1, 126, 852, 52;
30, 216, 12, 647, -619, -5, 118, 844, 47;
28, 214, 11, 617, -643, -12, 110, 836, 43;
30, 216, 13, 623, -631, 4, 117, 843, 53;
25, 211, 9, 565, -683, -21, 97, 824, 37;
30, 217, 16, 606, -634, 18, 119, 846, 62;
30, 217, 17, 596, -636, 25, 119, 847, 66;
24, 211, 11, 524, -699, -8, 94, 823, 45;
21, 208, 9, 484, -729, -21, 82, 813, 37;
22, 209, 11, 482, -720, -8, 87, 818, 45;
21, 209, 12, 465, -726, -5, 84, 817, 47;
17, 206, 9, 417, -762, -22, 70, 804, 36;
16, 205, 9, 394, -772, -23, 65, 801, 36;
16, 206, 10, 381, -771, -17, 65, 803, 40;
20, 210, 15, 406, -732, 14, 80, 821, 59;
20, 210, 15, 388, -735, 17, 78, 821, 61;
15, 206, 12, 330, -777, -5, 59, 805, 47;
14, 206, 12, 307, -784, -5, 55, 803, 47;
9, 201, 8, 248, -826, -29, 36, 787, 32;
17, 210, 17, 312, -744, 29, 68, 822, 69;
9, 204, 11, 228, -810, -10, 38, 795, 44;
15, 210, 18, 269, -749, 32, 61, 821, 71;
8, 203, 11, 183, -816, -8, 31, 794, 45;
4, 201, 9, 136, -842, -23, 17, 784, 36;
7, 204, 13, 148, -809, 0, 28, 798, 51;
10, 208, 17, 164, -772, 27, 39, 814, 67;
6, 206, 15, 117, -797, 12, 26, 804, 58;
2, 203, 12, 64, -827, -6, 9, 792, 46;
5, 207, 15, 76, -791, 17, 20, 807, 62;
-1, 200, 9, -5, -849, -19, -7, 783, 38;
0, 203, 12, -1, -821, -1, 0, 795, 50;
0, 205, 14, -12, -806, 8, 0, 801, 56;
-4, 202, 11, -66, -835, -11, -16, 789, 43;
-4, 203, 12, -80, -823, -4, -16, 794, 48;
-3, 205, 14, -88, -805, 6, -14, 801, 55;
-7, 202, 11, -137, -827, -9, -29, 791, 44;
-2, 209, 17, -103, -766, 29, -9, 816, 69;
-5, 207, 15, -146, -781, 17, -21, 809, 61;
-12, 202, 10, -221, -828, -16, -46, 789, 40;
-11, 204, 11, -233, -811, -8, -46, 796, 45;
-13, 204, 11, -258, -808, -9, -51, 796, 45;
-12, 206, 13, -268, -788, 0, -49, 803, 51;
-16, 203, 10, -317, -808, -17, -65, 794, 40;
-20, 201, 8, -362, -823, -31, -78, 787, 31;
-12, 210, 16, -305, -736, 22, -49, 822, 64;
-18, 206, 11, -377, -777, -10, -74, 803, 44;
-19, 207, 12, -393, -762, -5, -75, 808, 47;
-16, 211, 15, -381, -720, 17, -65, 825, 61;
-19, 210, 14, -415, -723, 9, -74, 822, 56;
-20, 210, 13, -444, -720, 5, -81, 822, 54;
-21, 211, 13, -465, -710, 5, -85, 824, 54;
-22, 212, 13, -487, -700, 5, -89, 827, 54;
-21, 215, 16, -482, -663, 22, -82, 840, 65;
-21, 216, 16, -502, -651, 23, -85, 843, 65;
-31, 208, 8, -603, -720, -30, -123, 813, 32;
-28, 213, 12, -583, -668, -3, -110, 832, 48;
-31, 211, 9, -628, -681, -20, -124, 825, 38;
-25, 220, 17, -575, -596, 27, -97, 858, 68;
-26, 220, 16, -604, -592, 21, -105, 858, 64;
-27, 221, 16, -619, -575, 23, -107, 862, 65;
-30, 220, 14, -656, -580, 11, -118, 858, 58;
-28, 223, 17, -652, -544, 26, -112, 871, 67;
-31, 222, 15, -682, -542, 17, -121, 869, 61;
-35, 220, 12, -730, -558, -3, -137, 860, 48;
-35, 222, 13, -741, -538, 0, -138, 866, 51;
-36, 222, 12, -762, -526, -2, -143, 868, 49;
-34, 226, 15, -750, -483, 15, -134, 883, 60;
-36, 226, 14, -778, -480, 6, -143, 882, 54;
-40, 224, 11, -821, -492, -12, -157, 874, 43;
-36, 230, 16, -788, -428, 18, -140, 898, 62;
-38, 230, 14, -814, -423, 10, -148, 897, 57;
-42, 227, 10, -863, -441, -13, -165, 887, 42;
-42, 228, 11, -872, -420, -11, -166, 892, 43;
-44, 229, 10, -891, -409, -15, -171, 894, 41;
-45, 229, 9, -916, -404, -24, -179, 893, 35;
-40, 235, 14, -875, -334, 9, -159, 919, 57;
-38, 240, 17, -855, -285, 29, -149, 936, 69;
-48, 232, 8, -952, -353, -28, -187, 904, 33;
-47, 234, 9, -950, -323, -20, -184, 914, 38;
-41, 241, 15, -899, -245, 18, -161, 943, 62;
-47, 237, 10, -960, -278, -16, -184, 926, 40;
-42, 244, 15, -916, -207, 17, -165, 952, 61;
-43, 244, 14, -935, -199, 9, -171, 952, 56;
-45, 243, 12, -957, -195, -1, -178, 951, 50;
-43, 247, 15, -938, -151, 14, -169, 966, 60;
-51, 241, 8, -1013, -200, -31, -199, 942, 31;
-43, 251, 16, -939, -102, 20, -168, 979, 63;
-51, 244, 7, -1022, -161, -32, -201, 951, 30;
-51, 245, 8, -1021, -136, -29, -200, 958, 32;
-42, 256, 17, -938, -30, 27, -165, 999, 68;
-44, 255, 15, -960, -30, 14, -174, 995, 59;
-47, 253, 12, -991, -39, -5, -186, 988, 47;
-44, 258, 15, -961, 11, 14, -174, 1006, 60;
-49, 254, 10, -1007, -13, -16, -193, 992, 40;
-44, 261, 15, -956, 56, 17, -172, 1018, 61;
-51, 254, 8, -1027, 5, -30, -202, 993, 31;
-50, 257, 9, -1011, 40, -21, -195, 1004, 37;
-47, 261, 12, -982, 87, -3, -184, 1020, 48;
-41, 268, 18, -925, 161, 32, -161, 1048, 71;
-51, 259, 8, -1017, 86, -31, -200, 1013, 31;
-42, 269, 16, -932, 186, 22, -166, 1052, 64;
-41, 271, 17, -922, 213, 26, -163, 1059, 67;
-44, 269, 14, -944, 204, 7, -173, 1052, 55;
-45, 269, 12, -953, 209, -2, -178, 1051, 49;
-43, 272, 14, -931, 245, 7, -171, 1062, 55;
-49, 267, 8, -981, 207, -30, -193, 1043, 31;
-46, 272, 11, -943, 257, -10, -179, 1061, 44;
-43, 275, 13, -919, 291, 0, -171, 1072, 50;
-46, 273, 9, -939, 281, -19, -182, 1065, 38;
-46, 273, 9, -933, 296, -22, -181, 1068, 36;
-45, 276, 10, -913, 325, -15, -175, 1077, 41;
-41, 280, 13, -874, 372, 3, -161, 1093, 53;
-43, 279, 11, -884, 369, -10, -168, 1089, 44;
-38, 284, 15, -833, 426, 15, -150, 1109, 60;
-44, 279, 8, -882, 383, -25, -173, 1088, 34;
-38, 285, 14, -820, 448, 6, -150, 1113, 55;
-38, 285, 13, -816, 457, 0, -152, 1113, 51;
-39, 285, 12, -809, 466, -4, -152, 1115, 48;
-35, 289, 15, -769, 509, 12, -139, 1129, 58;
-40, 285, 9, -805, 474, -21, -157, 1112, 37;
-40, 285, 9, -794, 485, -24, -156, 1114, 35;
-32, 293, 15, -717, 562, 16, -128, 1144, 61;
-37, 288, 9, -755, 523, -20, -147, 1125, 38;
-30, 296, 16, -672, 604, 23, -117, 1156, 65;
-35, 291, 10, -711, 562, -13, -137, 1136, 42;
-33, 293, 11, -686, 583, -9, -131, 1142, 45;
-34, 292, 10, -681, 585, -17, -133, 1141, 40;
-27, 299, 15, -609, 651, 17, -107, 1166, 61;
-27, 299, 14, -599, 656, 11, -107, 1166, 58;
-23, 302, 18, -551, 697, 30, -92, 1181, 70;
-25, 300, 15, -557, 683, 13, -99, 1173, 59;
-24, 301, 15, -538, 694, 13, -95, 1176, 59;
-30, 295, 8, -583, 639, -31, -119, 1151, 31;
-24, 301, 13, -514, 699, 1, -95, 1174, 51;
-19, 306, 17, -453, 749, 27, -75, 1193, 68;
-17, 307, 18, -427, 765, 31, -69, 1198, 70;
-25, 299, 9, -483, 696, -21, -97, 1167, 37;
-19, 304, 13, -424, 742, 3, -77, 1185, 53;
-20, 303, 12, -413, 739, -4, -78, 1182, 48;
-19, 303, 12, -391, 747, -4, -74, 1184, 48;
-19, 302, 10, -384, 739, -15, -76, 1180, 41;
-16, 304, 12, -343, 764, -3, -65, 1189, 48;
-19, 301, 8, -357, 734, -27, -76, 1175, 33;
-10, 309, 16, -258, 816, 22, -40, 1208, 64;
-15, 303, 10, -294, 762, -17, -60, 1185, 40;
-16, 301, 7, -293, 745, -32, -65, 1177, 30;
-13, 304, 10, -246, 772, -17, -51, 1187, 40;
-12, 304, 9, -226, 773, -19, -49, 1187, 38;
-11, 304, 9, -204, 775, -21, -45, 1187, 37;
-2, 312, 17, -104, 853, 28, -9, 1219, 68;
-4, 309, 14, -110, 826, 8, -17, 1207, 56;
-7, 305, 10, -124, 789, -17, -29, 1192, 40;
0, 312, 16, -40, 851, 22, 0, 1217, 65;
-2, 308, 13, -48, 819, 0, -9, 1203, 51;
-2, 307, 12, -34, 809, -6, -8, 1199, 47;
0, 308, 13, 2, 821, 1, 0, 1204, 51;
-1, 305, 9, -4, 789, -19, -7, 1191, 38;
-1, 304, 9, 12, 781, -24, -6, 1188, 35;
6, 311, 16, 103, 846, 19, 26, 1215, 63;
0, 304, 9, 61, 778, -24, 3, 1187, 35;
3, 305, 10, 97, 787, -17, 12, 1191, 40;
6, 307, 12, 140, 802, -5, 24, 1198, 47;
4, 304, 9, 139, 774, -21, 18, 1187, 37;
7, 305, 10, 176, 783, -13, 28, 1191, 42;
8, 305, 11, 202, 780, -12, 33, 1191, 43;
16, 311, 17, 290, 839, 30, 64, 1216, 70;
15, 308, 15, 289, 809, 13, 58, 1204, 59;
17, 309, 16, 322, 813, 20, 67, 1207, 63;
16, 307, 14, 329, 790, 9, 64, 1199, 56;
18, 307, 15, 358, 789, 13, 71, 1199, 59;
17, 304, 12, 360, 760, -1, 66, 1188, 50;
14, 301, 9, 352, 721, -21, 58, 1174, 37;
20, 304, 13, 415, 753, 5, 79, 1188, 54;
23, 306, 15, 455, 762, 16, 90, 1193, 61;
21, 302, 12, 449, 725, -1, 83, 1180, 49;
26, 305, 16, 506, 750, 21, 101, 1192, 64;
23, 301, 12, 493, 706, -1, 91, 1175, 50;
22, 298, 10, 492, 673, -15, 86, 1163, 41;
28, 303, 16, 566, 715, 19, 112, 1182, 63;
31, 304, 18, 607, 724, 32, 124, 1188, 71;
28, 299, 13, 586, 671, 5, 111, 1168, 54;
29, 298, 13, 604, 656, 4, 114, 1164, 53;
29, 297, 13, 617, 638, 0, 115, 1158, 51;
33, 299, 15, 663, 652, 18, 130, 1166, 62;
33, 297, 15, 675, 631, 13, 130, 1160, 59;
33, 295, 14, 683, 607, 6, 129, 1152, 55;
33, 294, 13, 697, 589, 4, 131, 1147, 53;
35, 294, 14, 724, 584, 10, 138, 1148, 57;
36, 293, 14, 739, 567, 9, 141, 1143, 56;
32, 287, 9, 709, 505, -21, 124, 1120, 37;
34, 288, 11, 743, 508, -9, 135, 1124, 45;
40, 292, 16, 809, 542, 24, 159, 1140, 65;
38, 288, 13, 792, 493, 2, 148, 1123, 52;
33, 281, 7, 755, 425, -31, 129, 1097, 31;
35, 281, 9, 781, 421, -23, 137, 1098, 36;
38, 283, 12, 823, 432, -4, 151, 1106, 47;
41, 284, 13, 850, 428, 4, 160, 1107, 53;
39, 280, 11, 842, 390, -8, 154, 1094, 45;
39, 279, 11, 849, 367, -12, 154, 1088, 43;
47, 284, 18, 926, 414, 31, 183, 1110, 70;
43, 279, 13, 894, 353, 2, 167, 1088, 52;
40, 275, 10, 877, 307, -15, 158, 1072, 41;
38, 271, 8, 865, 267, -29, 151, 1059, 32;
46, 277, 15, 945, 318, 17, 182, 1083, 61;
44, 273, 12, 925, 270, -1, 172, 1067, 50;
48, 276, 16, 970, 287, 23, 188, 1077, 65;
45, 271, 12, 941, 232, 0, 175, 1057, 50;
50, 274, 17, 992, 257, 28, 195, 1071, 68;
45, 268, 12, 951, 189, -2, 176, 1046, 49;
47, 268, 14, 971, 184, 7, 183, 1047, 55;
46, 266, 13, 970, 157, 2, 181, 1039, 52;
47, 265, 14, 980, 143, 6, 185, 1037, 55;
49, 266, 16, 1005, 144, 21, 194, 1041, 64;
45, 261, 12, 970, 85, -4, 179, 1019, 47;
50, 264, 16, 1014, 106, 23, 197, 1032, 65;
45, 258, 11, 970, 40, -7, 178, 1008, 46;
42, 253, 8, 936, -15, -31, 164, 988, 31;
50, 260, 16, 1017, 44, 22, 197, 1016, 65;
48, 257, 14, 996, 3, 8, 189, 1003, 56;
49, 257, 15, 1007, -6, 16, 193, 1002, 61;
48, 254, 14, 994, -39, 8, 188, 992, 56;
41, 246, 8, 933, -117, -30, 163, 963, 31;
47, 251, 13, 984, -85, 4, 185, 980, 53;
44, 247, 11, 958, -128, -10, 175, 965, 44;
50, 252, 17, 1009, -93, 26, 197, 983, 67;
45, 246, 12, 963, -156, -2, 178, 960, 49;
42, 242, 9, 930, -204, -20, 166, 944, 38;
41, 239, 8, 911, -238, -29, 159, 933, 32;
48, 245, 15, 974, -189, 16, 187, 957, 61;
45, 241, 13, 943, -232, 0, 176, 942, 51;
42, 238, 11, 917, -271, -12, 167, 929, 43;
44, 239, 13, 931, -268, 2, 174, 933, 52;
42, 235, 11, 901, -309, -11, 164, 919, 43;
48, 241, 17, 954, -266, 29, 188, 940, 69;
46, 238, 16, 930, -300, 19, 180, 930, 63;
45, 237, 16, 921, -317, 21, 179, 926, 64;
42, 232, 13, 878, -367, 0, 163, 908, 50;
41, 231, 13, 868, -385, 0, 162, 904, 51;
44, 234, 16, 890, -369, 23, 174, 913, 65;
39, 228, 12, 837, -428, -4, 154, 892, 48;
44, 233, 17, 875, -394, 29, 173, 909, 69;
44, 232, 18, 863, -409, 31, 171, 905, 70;
35, 223, 10, 774, -501, -18, 138, 870, 39;
33, 220, 8, 748, -529, -26, 130, 861, 34;
41, 228, 17, 813, -466, 26, 161, 890, 67;
32, 219, 9, 724, -556, -22, 127, 856, 37;
30, 216, 7, 693, -586, -32, 118, 846, 31;
32, 218, 10, 703, -575, -14, 126, 853, 41;
28, 215, 8, 661, -616, -31, 112, 838, 31;
37, 223, 17, 730, -544, 26, 145, 871, 67;
31, 217, 12, 663, -606, -6, 121, 847, 47;
34, 221, 16, 689, -577, 22, 136, 862, 65;
33, 219, 16, 666, -595, 19, 131, 856, 63;
26, 213, 10, 591, -663, -16, 104, 830, 40;
28, 214, 12, 593, -655, -2, 109, 836, 49;
23, 210, 9, 540, -700, -25, 92, 819, 35;
26, 213, 13, 560, -672, 1, 105, 833, 52;
24, 211, 11, 522, -701, -9, 94, 823, 44;
21, 208, 9, 485, -728, -20, 83, 813, 38;
27, 215, 17, 532, -670, 24, 107, 839, 66;
27, 215, 17, 518, -673, 29, 106, 839, 69;
26, 214, 17, 493, -686, 27, 101, 836, 68;
19, 208, 11, 417, -749, -8, 75, 811, 45;
19, 208, 12, 405, -747, -1, 75, 813, 50;
23, 213, 17, 429, -709, 29, 90, 830, 69;
17, 208, 13, 366, -758, 2, 69, 812, 52;
16, 207, 13, 341, -767, 1, 64, 809, 51;
17, 209, 15, 342, -749, 18, 70, 818, 62;
17, 210, 16, 325, -749, 22, 68, 819, 64;
14, 207, 14, 284, -772, 10, 56, 810, 57;
13, 207, 14, 258, -780, 9, 51, 808, 56;
9, 204, 11, 208, -811, -8, 35, 796, 45;
5, 201, 9, 162, -836, -22, 22, 786, 36;
12, 209, 17, 216, -762, 29, 50, 817, 69;
11, 208, 17, 187, -770, 26, 44, 814, 67;
0, 199, 8, 77, -859, -30, 3, 778, 31;
7, 207, 15, 125, -788, 17, 29, 808, 61;
6, 207, 16, 105, -785, 21, 27, 809, 64;
0, 202, 11, 34, -833, -9, 3, 790, 44;
1, 204, 13, 26, -817, 1, 5, 796, 51;
-3, 200, 9, -37, -856, -24, -15, 780, 35;
3, 209, 17, 21, -773, 30, 14, 815, 70;
1, 208, 17, -9, -778, 26, 7, 813, 67;
-5, 202, 11, -91, -835, -11, -21, 789, 43;
0, 209, 18, -51, -768, 31, 1, 816, 70;
-4, 205, 14, -112, -802, 7, -18, 802, 55;
-9, 202, 11, -166, -829, -12, -35, 790, 43;
-13, 199, 8, -219, -854, -31, -51, 779, 31;
-14, 200, 8, -241, -848, -30, -55, 781, 32;
-14, 201, 8, -262, -840, -27, -58, 784, 33;
-16, 201, 8, -286, -836, -28, -63, 785, 33;
-17, 200, 7, -316, -836, -32, -70, 783, 30;
-12, 207, 14, -280, -770, 7, -49, 810, 55;
-14, 207, 13, -314, -775, 0, -58, 807, 51;
-12, 211, 17, -299, -729, 26, -46, 824, 67;
-20, 204, 9, -393, -793, -20, -80, 797, 38;
-23, 203, 8, -428, -798, -29, -90, 794, 32;
-15, 213, 17, -365, -703, 28, -58, 831, 68;
-24, 205, 9, -467, -774, -24, -95, 801, 35;
-18, 212, 15, -426, -702, 16, -73, 829, 61;
-27, 205, 8, -519, -764, -30, -107, 802, 31;
-26, 208, 9, -524, -737, -19, -104, 811, 38;
-28, 208, 9, -553, -734, -24, -111, 811, 35;
-23, 214, 15, -519, -668, 12, -92, 836, 58;
-25, 214, 14, -544, -661, 8, -98, 837, 56;
-31, 210, 9, -612, -697, -23, -122, 820, 36;
-30, 213, 11, -611, -664, -8, -117, 832, 45;
-29, 215, 12, -618, -639, -1, -115, 840, 50;
-26, 220, 17, -595, -583, 27, -101, 861, 68;
-35, 212, 8, -697, -653, -28, -139, 830, 33;
-29, 220, 15, -651, -576, 14, -116, 860, 59;
-33, 219, 13, -690, -583, 0, -128, 855, 51;
-35, 218, 11, -723, -583, -9, -138, 852, 44;
-31, 224, 16, -691, -519, 22, -121, 876, 65;
-31, 225, 16, -708, -504, 22, -124, 880, 64;
-34, 224, 14, -739, -504, 11, -133, 877, 58;
-37, 223, 12, -780, -514, -5, -147, 870, 47;
-38, 224, 12, -796, -498, -5, -150, 874, 47;
-42, 222, 9, -839, -510, -24, -165, 866, 35;
-43, 222, 8, -860, -499, -28, -170, 868, 33;
-35, 232, 17, -791, -400, 25, -138, 906, 67;
-42, 227, 11, -860, -438, -11, -164, 888, 43;
-42, 229, 11, -866, -414, -7, -164, 894, 46;
-39, 234, 15, -844, -362, 15, -152, 913, 60;
-45, 229, 9, -910, -399, -21, -177, 895, 37;
-44, 231, 10, -911, -370, -14, -174, 904, 42;
-38, 240, 17, -854, -284, 30, -149, 936, 69;
-46, 233, 10, -938, -339, -18, -181, 910, 39;
-42, 239, 14, -901, -275, 11, -164, 934, 58;
-45, 237, 11, -938, -283, -7, -177, 927, 46;
-44, 240, 12, -937, -255, -1, -175, 936, 49;
-47, 239, 10, -966, -257, -15, -185, 932, 41;
-50, 237, 7, -998, -262, -32, -197, 926, 30;
-47, 242, 11, -968, -206, -8, -183, 946, 45;
-45, 245, 13, -955, -167, 4, -176, 959, 53;
-46, 246, 13, -965, -152, 0, -179, 962, 51;
-42, 251, 16, -934, -97, 23, -166, 981, 65;
-44, 251, 14, -956, -94, 12, -174, 979, 58;
-48, 248, 11, -991, -107, -9, -188, 970, 44;
-43, 255, 16, -947, -39, 21, -169, 995, 64;
-44, 255, 15, -962, -31, 13, -175, 995, 59;
-48, 253, 11, -994, -42, -7, -188, 987, 46;
-44, 258, 15, -959, 14, 16, -173, 1007, 61;
-46, 257, 13, -975, 17, 5, -180, 1005, 54;
-45, 260, 14, -965, 48, 11, -176, 1014, 58;
-42, 264, 17, -940, 92, 27, -166, 1029, 68;
-48, 259, 11, -991, 60, -7, -187, 1012, 46;
-50, 258, 9, -1010, 59, -21, -195, 1009, 37;
-44, 265, 15, -952, 134, 14, -172, 1037, 60;
-42, 268, 16, -936, 167, 22, -167, 1047, 64;
-45, 266, 13, -959, 160, 4, -177, 1041, 53;
-44, 268, 14, -949, 185, 8, -174, 1048, 55;
-44, 270, 14, -940, 208, 10, -172, 1054, 57;
-48, 266, 9, -981, 181, -21, -190, 1039, 37;
-40, 275, 17, -900, 275, 27, -158, 1075, 68;
-48, 268, 9, -972, 215, -24, -189, 1047, 35;
-42, 275, 14, -912, 288, 10, -166, 1074, 57;
-48, 270, 8, -958, 252, -26, -187, 1056, 34;
-45, 274, 11, -927, 293, -11, -176, 1070, 43;
-42, 277, 13, -898, 332, 1, -167, 1083, 51;
-45, 275, 10, -916, 322, -17, -177, 1075, 39;
-39, 282, 15, -858, 387, 13, -155, 1099, 59;
-43, 278, 10, -888, 364, -14, -170, 1087, 42;
-42, 280, 11, -874, 385, -12, -167, 1092, 43;
-42, 281, 10, -863, 401, -13, -165, 1096, 42;
-41, 282, 11, -848, 421, -12, -162, 1101, 43;
-36, 288, 15, -791, 482, 17, -141, 1124, 61;
-35, 289, 16, -773, 502, 19, -137, 1129, 63;
-38, 286, 12, -796, 482, -5, -150, 1118, 47;
-37, 288, 12, -776, 503, -2, -145, 1124, 49;
-41, 284, 8, -803, 477, -30, -160, 1111, 32;
-35, 291, 13, -738, 541, 2, -136, 1135, 52;
-33, 293, 14, -712, 566, 8, -129, 1143, 56;
-29, 297, 17, -667, 609, 27, -115, 1158, 67;
-28, 298, 17, -649, 624, 27, -111, 1162, 68;
-28, 298, 16, -636, 634, 24, -110, 1163, 66;
-32, 293, 11, -669, 597, -9, -128, 1146, 45;
-26, 299, 16, -602, 658, 22, -104, 1169, 64;
-30, 296, 12, -626, 629, -5, -118, 1154, 47;
-25, 301, 16, -568, 680, 19, -99, 1174, 63;
-29, 296, 10, -598, 642, -13, -116, 1156, 42;
-25, 300, 13, -550, 682, 4, -101, 1170, 53;
-25, 300, 13, -535, 688, 1, -99, 1171, 51;
-20, 304, 16, -480, 733, 23, -81, 1188, 65;
-19, 305, 16, -458, 744, 24, -77, 1191, 66;
-17, 307, 17, -427, 764, 30, -69, 1197, 70;
-23, 301, 11, -468, 711, -10, -91, 1174, 44;
-23, 300, 10, -452, 714, -15, -89, 1173, 41;
-17, 306, 15, -385, 767, 14, -66, 1194, 60;
-16, 305, 14, -371, 768, 9, -66, 1193, 56;
-13, 308, 16, -327, 797, 23, -53, 1204, 65;
-15, 306, 13, -332, 775, 4, -60, 1193, 53;
-15, 305, 12, -320, 771, -3, -60, 1191, 49;
-13, 307, 13, -285, 789, 4, -51, 1197, 53;
-9, 309, 16, -237, 819, 20, -37, 1208, 63;
-8, 310, 16, -213, 824, 20, -32, 1210, 63;
-9, 308, 14, -209, 809, 7, -36, 1203, 55;
-14, 302, 8, -242, 757, -30, -55, 1180, 31;
-12, 303, 8, -210, 768, -25, -48, 1184, 35;
-2, 312, 17, -104, 854, 29, -9, 1219, 69;
-7, 306, 11, -141, 794, -12, -30, 1194, 43;
-9, 303, 8, -141, 772, -28, -36, 1185, 33;
-2, 309, 14, -63, 828, 7, -9, 1207, 55;
0, 311, 16, -17, 850, 21, 3, 1216, 64;
0, 309, 14, -14, 829, 6, 0, 1208, 55;
-2, 306, 10, -23, 795, -15, -9, 1194, 41;
2, 310, 14, 37, 832, 8, 9, 1209, 56;
6, 312, 17, 87, 856, 25, 25, 1219, 66;
5, 310, 15, 95, 838, 14, 22, 1212, 59;
3, 306, 11, 83, 800, -10, 12, 1196, 44;
10, 313, 17, 168, 857, 29, 41, 1220, 69;
12, 313, 18, 194, 857, 31, 47, 1221, 70;
9, 308, 14, 180, 815, 5, 35, 1204, 54;
5, 304, 9, 162, 769, -22, 22, 1185, 36;
9, 305, 11, 206, 784, -9, 35, 1192, 45;
6, 301, 7, 196, 745, -32, 25, 1177, 30;
14, 308, 15, 288, 808, 13, 58, 1204, 59;
9, 301, 8, 247, 738, -29, 36, 1176, 32;
12, 303, 10, 292, 752, -15, 49, 1183, 41;
11, 300, 8, 294, 725, -29, 44, 1173, 32;
15, 303, 11, 347, 747, -9, 61, 1183, 45;
20, 306, 14, 402, 772, 12, 79, 1195, 58;
20, 304, 13, 415, 754, 5, 79, 1188, 54;
17, 300, 9, 399, 706, -20, 67, 1170, 38;
17, 298, 8, 412, 688, -26, 68, 1164, 34;
25, 304, 15, 498, 742, 16, 98, 1188, 61;
24, 302, 14, 506, 719, 7, 97, 1180, 55;
25, 302, 14, 527, 708, 7, 100, 1178, 55;
26, 301, 14, 546, 695, 6, 104, 1174, 54;
28, 301, 14, 574, 691, 11, 110, 1174, 57;
30, 301, 15, 604, 689, 17, 118, 1175, 61;
28, 297, 12, 596, 649, 0, 111, 1161, 50;
31, 298, 14, 634, 655, 11, 122, 1165, 58;
28, 294, 10, 615, 603, -14, 109, 1146, 42;
27, 291, 9, 619, 575, -24, 107, 1137, 36;
32, 294, 13, 677, 601, 2, 127, 1150, 52;
32, 293, 12, 688, 580, -1, 127, 1144, 49;
31, 289, 10, 682, 542, -17, 121, 1130, 40;
30, 287, 8, 685, 514, -26, 118, 1121, 34;
40, 295, 18, 789, 586, 32, 158, 1153, 70;
32, 286, 9, 726, 490, -21, 128, 1116, 37;
38, 289, 14, 783, 516, 6, 148, 1129, 54;
35, 285, 11, 769, 470, -12, 139, 1113, 43;
37, 285, 11, 792, 463, -6, 145, 1113, 46;
42, 289, 16, 853, 493, 24, 167, 1128, 66;
40, 285, 14, 840, 449, 6, 159, 1113, 55;
42, 285, 15, 867, 445, 15, 167, 1114, 60;
38, 279, 10, 832, 380, -15, 150, 1090, 41;
43, 282, 14, 885, 403, 11, 169, 1103, 58;
46, 284, 17, 920, 408, 27, 181, 1108, 68;
46, 282, 16, 924, 383, 23, 180, 1101, 65;
40, 275, 10, 878, 308, -14, 158, 1073, 41;
42, 275, 12, 902, 304, -4, 166, 1074, 47;
41, 272, 10, 896, 269, -15, 161, 1063, 41;
49, 278, 18, 974, 319, 31, 192, 1087, 70;
46, 273, 14, 947, 265, 8, 179, 1068, 56;
47, 274, 15, 970, 260, 18, 187, 1069, 62;
46, 270, 13, 956, 220, 4, 179, 1055, 53;
48, 271, 15, 980, 218, 16, 188, 1058, 61;
49, 270, 16, 991, 204, 20, 191, 1055, 63;
45, 265, 11, 955, 142, -7, 175, 1033, 46;
47, 265, 13, 979, 141, 5, 184, 1036, 54;
46, 263, 12, 973, 112, 0, 181, 1027, 50;
44, 259, 10, 953, 68, -15, 172, 1013, 41;
44, 258, 11, 960, 52, -12, 174, 1009, 42;
49, 261, 15, 1002, 72, 14, 191, 1021, 59;
52, 263, 18, 1030, 78, 31, 203, 1027, 70;
43, 253, 9, 946, -26, -24, 168, 987, 35;
47, 255, 13, 983, -10, 0, 183, 997, 50;
50, 257, 16, 1011, -2, 19, 195, 1004, 62;
49, 255, 15, 1007, -25, 17, 193, 997, 61;
43, 248, 9, 950, -101, -19, 170, 970, 38;
51, 255, 17, 1020, -49, 28, 200, 994, 68;
43, 246, 10, 948, -138, -17, 171, 961, 40;
43, 244, 9, 940, -163, -20, 168, 954, 38;
45, 245, 11, 955, -163, -6, 176, 957, 46;
44, 243, 11, 943, -191, -11, 171, 949, 43;
41, 239, 8, 913, -236, -28, 160, 934, 33;
49, 246, 17, 987, -175, 25, 192, 962, 66;
46, 242, 14, 956, -219, 9, 181, 947, 56;
45, 240, 13, 937, -250, 1, 175, 938, 51;
42, 236, 10, 906, -293, -14, 164, 923, 42;
39, 233, 8, 878, -332, -27, 154, 910, 34;
42, 235, 11, 899, -322, -7, 165, 918, 46;
47, 239, 17, 938, -291, 25, 183, 933, 66;
43, 234, 13, 897, -341, 4, 169, 916, 53;
45, 236, 16, 915, -331, 24, 178, 923, 65;
39, 230, 11, 853, -400, -9, 155, 897, 44;
38, 228, 10, 834, -425, -14, 150, 890, 42;
35, 224, 7, 795, -469, -32, 137, 875, 31;
42, 231, 15, 857, -412, 17, 165, 901, 61;
35, 223, 9, 781, -491, -23, 137, 871, 36;
42, 230, 17, 841, -434, 25, 165, 898, 67;
32, 220, 8, 742, -535, -30, 128, 859, 32;
31, 218, 7, 724, -555, -32, 124, 853, 30;
33, 220, 10, 736, -543, -14, 132, 861, 42;
35, 222, 13, 742, -537, 0, 138, 866, 51;
31, 218, 10, 697, -581, -18, 123, 850, 39;
28, 215, 8, 660, -616, -31, 112, 838, 31;
32, 218, 12, 681, -592, -6, 125, 851, 47;
29, 215, 10, 649, -621, -16, 115, 841, 40;
32, 218, 14, 668, -598, 8, 127, 853, 56;
31, 217, 14, 646, -614, 7, 123, 848, 55;
33, 219, 17, 656, -598, 26, 131, 857, 67;
24, 211, 9, 562, -686, -23, 96, 823, 36;
27, 213, 12, 575, -665, -1, 106, 834, 49;
25, 212, 11, 546, -686, -7, 99, 827, 46;
30, 217, 17, 583, -640, 30, 119, 848, 69;
26, 214, 15, 536, -677, 13, 104, 834, 59;
28, 215, 17, 538, -665, 28, 110, 841, 68;
26, 213, 16, 505, -686, 21, 101, 834, 64;
18, 206, 9, 422, -757, -19, 72, 806, 38;
17, 206, 10, 405, -762, -16, 69, 806, 40;
23, 213, 17, 448, -704, 27, 93, 831, 68;
20, 210, 14, 401, -737, 11, 78, 819, 57;
14, 204, 9, 331, -792, -20, 54, 797, 38;
17, 208, 13, 347, -761, 5, 66, 811, 54;
15, 207, 13, 317, -774, 1, 59, 807, 51;
17, 209, 16, 323, -751, 20, 67, 818, 63;
11, 205, 11, 258, -798, -6, 45, 799, 46;
8, 202, 9, 210, -827, -22, 31, 788, 36;
6, 200, 8, 178, -841, -28, 23, 783, 33;
14, 210, 18, 242, -756, 30, 55, 819, 70;
4, 201, 9, 140, -838, -21, 18, 786, 37;
8, 206, 14, 161, -796, 9, 33, 804, 56;
8, 207, 15, 148, -788, 16, 33, 808, 61;
5, 205, 14, 108, -806, 6, 22, 801, 54;
2, 202, 11, 59, -831, -9, 7, 790, 45;
3, 205, 13, 56, -811, 5, 12, 799, 54;
-3, 199, 8, -14, -859, -26, -11, 779, 34;
-1, 202, 11, -18, -838, -12, -7, 788, 43;
-4, 201, 9, -54, -848, -19, -16, 784, 38;
-4, 202, 11, -67, -836, -11, -16, 789, 43;
1, 209, 18, -27, -770, 31, 5, 816, 70;
0, 209, 17, -53, -769, 30, 0, 816, 69;
-9, 201, 9, -153, -843, -20, -35, 785, 38;
-2, 209, 17, -102, -765, 30, -8, 817, 69;
-13, 200, 8, -218, -853, -30, -51, 780, 31;
-12, 202, 10, -224, -830, -18, -48, 788, 39;
-7, 208, 16, -192, -770, 18, -29, 812, 62;
-13, 203, 11, -261, -810, -11, -52, 795, 43;
-17, 201, 8, -315, -835, -31, -69, 784, 31;
-16, 204, 10, -313, -804, -14, -63, 796, 42;
-13, 208, 14, -298, -758, 11, -51, 814, 58;
-19, 203, 9, -373, -803, -22, -77, 794, 36;
-20, 204, 9, -396, -796, -22, -81, 796, 36;
-23, 203, 8, -429, -798, -29, -90, 793, 32;
-21, 206, 11, -426, -764, -12, -83, 806, 43;
-18, 211, 15, -407, -715, 14, -71, 825, 60;
-26, 205, 8, -496, -771, -29, -102, 800, 32;
-20, 212, 15, -452, -697, 14, -79, 830, 59;
-25, 209, 11, -513, -726, -12, -99, 816, 43;
-26, 210, 11, -533, -714, -11, -103, 819, 44;
-23, 214, 15, -518, -667, 12, -92, 836, 58;
-24, 215, 14, -541, -658, 11, -97, 839, 57;
-29, 212, 11, -594, -679, -10, -114, 828, 44;
-33, 210, 8, -641, -694, -28, -129, 820, 32;
-29, 216, 13, -613, -633, 2, -113, 843, 52;
-25, 221, 17, -593, -582, 28, -101, 862, 68;
-35, 213, 8, -694, -650, -26, -138, 831, 34;
-34, 216, 11, -691, -615, -12, -133, 843, 43;
-33, 218, 12, -696, -588, -3, -131, 852, 48;
-38, 215, 8, -749, -609, -27, -148, 841, 34;
-32, 223, 15, -702, -530, 15, -125, 871, 60;
-33, 223, 14, -724, -521, 11, -131, 873, 58;
-40, 219, 9, -794, -558, -24, -156, 854, 35;
-32, 228, 17, -734, -467, 25, -128, 889, 66;
-38, 224, 12, -795, -497, -4, -149, 875, 48;
-37, 227, 14, -793, -463, 6, -145, 886, 54;
-43, 223, 8, -857, -496, -26, -169, 869, 34;
-42, 225, 10, -856, -465, -17, -165, 879, 40;
-43, 226, 10, -869, -447, -17, -168, 884, 40;
-40, 230, 13, -853, -401, 1, -158, 900, 51;
-44, 228, 10, -896, -414, -18, -173, 892, 39;
-41, 233, 13, -873, -361, 3, -161, 911, 53;
-40, 235, 14, -873, -332, 10, -159, 919, 57;
-38, 239, 17, -859, -289, 27, -150, 934, 67;
-45, 235, 11, -923, -325, -9, -175, 916, 45;
-44, 237, 12, -924, -297, -3, -173, 925, 48;
-49, 233, 7, -975, -321, -32, -193, 912, 30;
-47, 237, 10, -958, -276, -15, -184, 927, 41;
-40, 246, 18, -895, -186, 31, -156, 961, 70;
-46, 241, 11, -962, -226, -8, -182, 941, 45;
-43, 245, 14, -938, -176, 11, -170, 959, 58;
-46, 244, 12, -965, -178, -2, -181, 955, 49;
-48, 244, 10, -990, -177, -16, -190, 951, 40;
-45, 249, 14, -959, -122, 7, -176, 971, 55;
-48, 247, 11, -991, -130, -11, -188, 964, 43;
-41, 255, 17, -932, -47, 30, -163, 995, 69;
-42, 256, 17, -938, -30, 27, -165, 999, 68;
-49, 250, 10, -1003, -73, -14, -192, 978, 41;
-47, 253, 12, -990, -38, -4, -186, 989, 47;
-48, 254, 11, -995, -22, -8, -188, 992, 45;
-45, 258, 14, -965, 28, 12, -175, 1010, 58;
-48, 257, 11, -994, 19, -7, -188, 1002, 46;
-47, 258, 12, -988, 44, -4, -185, 1009, 48;
-46, 261, 13, -979, 72, 0, -182, 1018, 51;
-48, 260, 11, -991, 78, -9, -188, 1017, 45;
-47, 262, 12, -981, 105, -4, -184, 1025, 47;
-45, 265, 13, -962, 140, 5, -177, 1036, 54;
-41, 271, 18, -919, 200, 31, -160, 1057, 70;
-44, 268, 14, -951, 183, 6, -175, 1047, 55;
-45, 268, 13, -956, 193, 0, -178, 1047, 50;
-49, 265, 8, -988, 174, -25, -193, 1037, 34;
-43, 272, 14, -930, 245, 8, -170, 1063, 56;
-46, 270, 10, -956, 232, -14, -183, 1054, 42;
-45, 272, 11, -941, 258, -9, -178, 1061, 45;
-48, 270, 8, -958, 252, -26, -187, 1056, 34;
-41, 278, 15, -886, 334, 15, -159, 1087, 60;
-44, 275, 11, -916, 313, -11, -174, 1075, 44;
-43, 277, 12, -900, 338, -6, -170, 1082, 46;
-43, 278, 11, -895, 351, -10, -170, 1084, 44;
-37, 284, 16, -833, 420, 22, -147, 1110, 65;
-41, 281, 12, -865, 394, -6, -163, 1096, 46;
-36, 287, 17, -804, 460, 26, -141, 1121, 67;
-39, 284, 13, -825, 444, 3, -152, 1111, 53;
-35, 288, 16, -786, 486, 20, -139, 1126, 63;
-35, 289, 16, -771, 504, 20, -136, 1130, 64;
-33, 291, 16, -752, 526, 24, -132, 1136, 65;
-40, 285, 9, -804, 474, -20, -157, 1112, 37;
-37, 288, 11, -770, 510, -8, -146, 1124, 45;
-32, 293, 16, -713, 566, 18, -126, 1145, 62;
-35, 290, 12, -733, 545, -5, -138, 1134, 47;
-37, 289, 9, -740, 536, -21, -145, 1127, 37;
-36, 290, 9, -724, 549, -22, -142, 1131, 36;
-35, 291, 9, -704, 566, -20, -138, 1135, 37;
-31, 295, 13, -653, 612, 1, -121, 1152, 51;
-27, 299, 15, -608, 652, 18, -107, 1166, 62;
-30, 296, 12, -625, 630, -5, -118, 1155, 47;
-26, 300, 15, -574, 674, 15, -101, 1171, 60;
-32, 293, 8, -623, 617, -30, -126, 1146, 32;
-24, 301, 15, -537, 695, 13, -95, 1176, 59;
-29, 296, 9, -572, 651, -23, -114, 1156, 36;
-20, 305, 17, -473, 741, 29, -78, 1191, 69;
-23, 301, 13, -493, 710, 1, -91, 1177, 51;
-19, 305, 16, -442, 749, 20, -75, 1191, 63;
-21, 303, 13, -447, 732, 2, -82, 1182, 52;
-25, 298, 8, -473, 693, -29, -98, 1165, 32;
-22, 301, 10, -435, 718, -18, -87, 1174, 39;
-16, 306, 14, -367, 772, 11, -64, 1194, 58;
-19, 303, 11, -380, 743, -12, -75, 1181, 43;
-12, 308, 16, -307, 801, 21, -50, 1204, 64;
-11, 309, 16, -280, 811, 23, -44, 1207, 65;
-16, 303, 10, -316, 758, -16, -64, 1184, 40;
-10, 308, 15, -247, 809, 14, -41, 1204, 59;
-15, 303, 9, -281, 756, -24, -60, 1182, 35;
-6, 310, 16, -187, 832, 22, -27, 1212, 64;
-10, 306, 11, -210, 789, -9, -42, 1194, 45;
-9, 307, 12, -179, 799, -4, -35, 1197, 47;
-9, 306, 11, -166, 791, -12, -35, 1193, 43;
0, 313, 18, -75, 861, 32, -3, 1222, 70;
-9, 303, 8, -142, 771, -29, -36, 1184, 32;
0, 313, 17, -31, 859, 28, 3, 1220, 68;
-6, 304, 8, -88, 779, -26, -25, 1187, 34;
2, 311, 16, 6, 850, 20, 8, 1216, 63;
4, 312, 17, 39, 859, 26, 16, 1220, 67;
1, 308, 13, 25, 820, 0, 4, 1204, 51;
-2, 303, 7, 0, 770, -32, -10, 1183, 30;
0, 305, 9, 45, 788, -19, 1, 1191, 38;
0, 303, 7, 50, 767, -32, -1, 1182, 31;
6, 308, 13, 124, 814, 1, 23, 1202, 51;
2, 303, 8, 102, 765, -29, 8, 1182, 32;
7, 306, 11, 161, 795, -7, 27, 1196, 46;
6, 304, 9, 164, 771, -21, 23, 1186, 37;
15, 312, 18, 269, 847, 32, 61, 1218, 71;
16, 311, 17, 290, 839, 30, 64, 1216, 70;
15, 309, 15, 291, 812, 15, 59, 1205, 60;
17, 310, 16, 328, 819, 24, 69, 1209, 66;
14, 305, 12, 309, 770, -4, 56, 1190, 48;
20, 309, 17, 381, 811, 28, 80, 1208, 68;
21, 308, 16, 398, 798, 24, 82, 1204, 66;
18, 304, 12, 384, 753, 0, 71, 1187, 50;
18, 303, 12, 401, 739, -4, 73, 1182, 48;
24, 307, 16, 465, 772, 23, 94, 1198, 65;
20, 301, 12, 443, 719, -5, 80, 1177, 47;
27, 306, 17, 518, 763, 29, 106, 1197, 69;
21, 299, 10, 474, 686, -14, 83, 1167, 42;
24, 300, 12, 514, 695, -1, 95, 1172, 50;
24, 298, 11, 523, 672, -9, 94, 1165, 45;
23, 296, 10, 531, 648, -17, 93, 1156, 39;
24, 295, 10, 550, 635, -18, 96, 1153, 39;
29, 298, 14, 607, 659, 6, 115, 1165, 54;
27, 295, 11, 599, 620, -11, 107, 1151, 43;
29, 295, 12, 628, 616, -5, 115, 1151, 47;
28, 292, 10, 632, 588, -15, 112, 1142, 41;
30, 292, 11, 657, 581, -10, 118, 1141, 44;
29, 290, 9, 660, 552, -20, 116, 1132, 38;
38, 297, 17, 752, 612, 29, 150, 1159, 69;
31, 288, 10, 698, 526, -18, 124, 1126, 39;
30, 285, 7, 692, 489, -32, 118, 1113, 30;
32, 286, 9, 727, 491, -20, 128, 1117, 38;
33, 285, 9, 740, 473, -21, 130, 1112, 37;
38, 288, 13, 795, 497, 5, 150, 1125, 54;
42, 291, 17, 844, 514, 27, 166, 1134, 68;
41, 288, 15, 844, 483, 18, 163, 1124, 62;
44, 288, 17, 871, 479, 27, 171, 1126, 67;
43, 286, 16, 874, 452, 20, 170, 1117, 63;
43, 284, 15, 875, 423, 13, 167, 1108, 59;
38, 278, 10, 839, 357, -18, 150, 1084, 39;
44, 282, 15, 905, 393, 17, 174, 1102, 61;
41, 278, 12, 884, 343, -3, 163, 1084, 48;
47, 282, 17, 942, 372, 28, 185, 1099, 68;
42, 274, 11, 896, 298, -8, 164, 1071, 45;
39, 270, 8, 874, 247, -29, 153, 1054, 32;
43, 273, 12, 921, 266, -3, 170, 1065, 48;
40, 268, 9, 899, 217, -23, 159, 1048, 36;
46, 273, 14, 959, 250, 11, 182, 1065, 58;
40, 265, 8, 904, 169, -29, 158, 1034, 32;
50, 273, 18, 1002, 240, 31, 197, 1067, 70;
46, 268, 13, 966, 179, 3, 181, 1045, 53;
44, 264, 11, 950, 138, -10, 173, 1031, 44;
48, 266, 14, 987, 149, 11, 187, 1040, 57;
45, 262, 11, 961, 100, -8, 176, 1023, 45;
46, 261, 12, 970, 85, -4, 179, 1020, 48;
42, 256, 8, 939, 31, -26, 166, 1001, 34;
48, 261, 14, 996, 66, 9, 189, 1019, 57;
46, 257, 12, 974, 22, -5, 179, 1004, 47;
49, 259, 15, 1005, 31, 14, 192, 1011, 59;
52, 260, 18, 1031, 37, 31, 203, 1017, 70;
48, 255, 14, 993, -20, 6, 187, 996, 55;
45, 251, 11, 970, -62, -7, 178, 982, 46;
48, 253, 14, 994, -56, 10, 189, 988, 57;
45, 249, 11, 963, -106, -9, 176, 971, 45;
49, 252, 16, 1005, -81, 20, 194, 984, 63;
43, 244, 9, 938, -164, -21, 167, 953, 37;
42, 242, 9, 928, -191, -25, 164, 946, 35;
46, 245, 13, 963, -171, 1, 180, 957, 51;
41, 240, 9, 918, -231, -24, 162, 936, 35;
47, 244, 15, 969, -193, 13, 185, 955, 59;
40, 237, 8, 900, -275, -27, 158, 924, 33;
47, 243, 16, 965, -223, 19, 186, 949, 63;
47, 241, 15, 952, -247, 16, 183, 942, 61;
41, 235, 11, 900, -310, -12, 163, 919, 43;
38, 231, 8, 862, -358, -31, 150, 902, 31;
44, 236, 14, 914, -315, 9, 173, 923, 57;
37, 229, 8, 846, -392, -29, 147, 895, 32;
41, 232, 12, 877, -369, -1, 163, 907, 50;
44, 235, 16, 898, -355, 20, 174, 916, 63;
39, 229, 11, 840, -419, -10, 153, 893, 44;
39, 228, 11, 832, -432, -7, 152, 890, 46;
44, 232, 17, 872, -397, 27, 172, 908, 68;
39, 227, 13, 817, -455, 0, 152, 886, 51;
43, 231, 17, 848, -427, 30, 168, 901, 69;
39, 226, 14, 801, -476, 8, 152, 883, 56;
37, 224, 13, 776, -503, 1, 145, 875, 52;
35, 222, 12, 750, -529, -4, 138, 867, 48;
33, 219, 10, 719, -561, -15, 128, 856, 41;
29, 216, 8, 679, -599, -30, 116, 843, 32;
36, 222, 15, 732, -544, 15, 142, 868, 60;
37, 223, 17, 734, -539, 29, 147, 873, 69;
28, 214, 9, 637, -633, -23, 110, 836, 36;
30, 216, 12, 649, -616, -3, 119, 845, 48;
31, 217, 14, 648, -613, 7, 123, 849, 55;
27, 213, 11, 599, -656, -12, 107, 833, 43;
30, 216, 14, 611, -636, 9, 117, 843, 56;
30, 216, 15, 600, -640, 15, 117, 844, 60;
29, 215, 15, 581, -651, 15, 113, 841, 60;
28, 215, 16, 566, -657, 19, 112, 841, 62;
24, 212, 13, 518, -696, 1, 96, 827, 51;
24, 212, 14, 504, -699, 5, 96, 827, 54;
24, 212, 14, 488, -703, 9, 94, 827, 57;
18, 206, 9, 423, -756, -19, 72, 806, 38;
21, 210, 13, 436, -730, 4, 82, 819, 53;
21, 211, 15, 429, -724, 14, 84, 823, 59;
21, 210, 15, 409, -729, 16, 82, 822, 61;
17, 207, 13, 363, -761, 0, 67, 810, 51;
20, 212, 17, 383, -725, 29, 81, 827, 69;
12, 203, 10, 287, -804, -18, 47, 795, 39;
9, 202, 8, 251, -823, -26, 37, 788, 34;
13, 206, 13, 273, -783, 3, 52, 806, 53;
8, 202, 10, 217, -821, -18, 34, 791, 39;
12, 207, 14, 236, -782, 10, 47, 808, 57;
6, 201, 9, 165, -834, -20, 23, 787, 37;
12, 209, 17, 214, -764, 28, 49, 816, 68;
4, 202, 10, 122, -835, -16, 17, 787, 40;
8, 206, 15, 145, -790, 14, 32, 806, 60;
1, 201, 9, 69, -844, -19, 6, 785, 38;
1, 202, 10, 53, -837, -13, 5, 788, 42;
0, 202, 10, 29, -838, -13, 0, 788, 42;
1, 204, 13, 26, -817, 1, 5, 796, 51;
2, 206, 15, 22, -796, 15, 9, 805, 60;
-3, 201, 10, -46, -840, -14, -13, 787, 42;
2, 208, 17, -6, -775, 28, 8, 814, 68;
-2, 205, 14, -61, -804, 8, -8, 802, 56;
-8, 201, 9, -130, -847, -20, -31, 784, 37;
-4, 206, 14, -108, -798, 10, -16, 804, 57;
-5, 206, 14, -133, -796, 9, -21, 804, 56;
-3, 209, 17, -128, -762, 29, -13, 817, 69;
-9, 205, 13, -195, -801, 0, -36, 800, 51;
-10, 205, 13, -219, -797, 0, -40, 801, 51;
-14, 202, 10, -272, -822, -18, -57, 790, 39;
-10, 208, 15, -248, -768, 13, -41, 812, 59;
-10, 210, 16, -256, -747, 23, -39, 820, 65;
-17, 204, 10, -339, -800, -15, -68, 797, 41;
-20, 202, 8, -383, -813, -29, -81, 790, 32;
-17, 207, 12, -363, -763, -1, -68, 809, 50;
-13, 212, 17, -341, -711, 28, -53, 830, 68;
-17, 211, 15, -386, -724, 14, -67, 823, 59;
-16, 213, 16, -394, -702, 23, -65, 831, 65;
-18, 213, 16, -420, -696, 21, -71, 832, 64;
-22, 210, 13, -472, -717, 0, -87, 821, 51;
-21, 213, 15, -473, -686, 14, -83, 832, 60;
-25, 211, 12, -519, -700, -1, -97, 825, 49;
-28, 209, 10, -564, -714, -18, -111, 817, 39;
-22, 217, 17, -519, -636, 25, -88, 848, 67;
-32, 209, 7, -626, -711, -32, -127, 815, 31;
-24, 218, 17, -559, -612, 25, -95, 854, 66;
-33, 212, 9, -651, -672, -22, -129, 827, 36;
-29, 217, 13, -630, -618, 4, -116, 847, 53;
-30, 218, 14, -645, -602, 6, -118, 851, 54;
-32, 218, 12, -674, -598, 0, -126, 850, 50;
-29, 223, 17, -654, -546, 24, -113, 870, 66;
-32, 221, 14, -694, -554, 9, -126, 864, 56;
-30, 225, 17, -684, -512, 27, -118, 879, 68;
-31, 226, 17, -699, -496, 28, -120, 883, 68;
-32, 226, 16, -722, -486, 23, -126, 884, 65;
-36, 224, 13, -765, -498, 5, -141, 877, 54;
-33, 229, 17, -746, -448, 27, -129, 895, 68;
-39, 225, 12, -809, -479, -4, -152, 879, 48;
-34, 232, 18, -769, -408, 31, -132, 906, 70;
-36, 231, 16, -798, -407, 21, -141, 904, 64;
-40, 228, 12, -848, -426, -3, -159, 892, 48;
-39, 231, 14, -845, -393, 6, -155, 903, 55;
-36, 236, 17, -823, -341, 29, -143, 922, 69;
-37, 237, 17, -832, -321, 30, -144, 927, 70;
-42, 234, 13, -886, -345, 2, -164, 914, 52;
-41, 237, 14, -883, -313, 11, -160, 924, 57;
-47, 232, 8, -950, -351, -26, -186, 905, 34;
-41, 240, 16, -891, -264, 18, -159, 938, 62;
-41, 242, 16, -898, -243, 19, -161, 944, 62;
-48, 236, 9, -967, -285, -21, -187, 923, 37;
-46, 240, 11, -954, -245, -7, -180, 936, 46;
-50, 238, 8, -994, -258, -29, -195, 928, 32;
-45, 244, 13, -949, -187, 4, -175, 954, 53;
-44, 246, 14, -951, -163, 6, -175, 960, 55;
-50, 242, 9, -1003, -191, -24, -195, 946, 35;
-43, 251, 16, -941, -103, 19, -168, 979, 63;
-47, 248, 12, -983, -122, -6, -185, 968, 47;
-49, 247, 10, -1002, -117, -16, -192, 966, 40;
-43, 255, 16, -945, -37, 22, -168, 996, 65;
-41, 258, 18, -934, -4, 31, -163, 1006, 70;
-49, 251, 10, -1009, -57, -17, -194, 981, 40;
-42, 260, 17, -942, 30, 27, -166, 1014, 67;
-48, 255, 11, -995, -1, -7, -188, 997, 46;
-43, 261, 16, -953, 60, 19, -171, 1019, 63;
-49, 256, 10, -1009, 23, -18, -194, 1001, 39;
-43, 264, 16, -947, 104, 21, -169, 1031, 64;
-42, 266, 17, -939, 130, 25, -166, 1038, 66;
-41, 268, 18, -927, 159, 31, -162, 1047, 70;
-49, 261, 9, -1002, 101, -21, -194, 1019, 37;
-49, 263, 10, -993, 126, -18, -191, 1026, 39;
-47, 265, 11, -978, 156, -11, -186, 1035, 43;
-41, 273, 17, -912, 236, 28, -160, 1066, 68;
-47, 268, 11, -965, 197, -10, -183, 1046, 44;
-41, 274, 16, -909, 266, 21, -162, 1071, 64;
-47, 269, 10, -959, 228, -16, -184, 1052, 40;
-46, 271, 10, -952, 248, -16, -183, 1057, 40;
-48, 270, 8, -961, 249, -28, -188, 1055, 33;
-42, 277, 14, -896, 324, 8, -164, 1082, 56;
-43, 277, 12, -901, 328, -1, -168, 1081, 50;
-39, 281, 15, -864, 374, 16, -155, 1097, 61;
-40, 281, 15, -860, 385, 12, -156, 1098, 58;
-43, 279, 11, -884, 369, -11, -168, 1089, 44;
-40, 282, 13, -848, 411, 5, -156, 1103, 54;
-39, 284, 14, -832, 432, 7, -152, 1109, 55;
-40, 283, 12, -835, 434, -3, -157, 1107, 48;
-42, 281, 9, -853, 419, -24, -167, 1098, 35;
-41, 283, 10, -831, 445, -18, -161, 1106, 39;
-42, 283, 8, -828, 449, -27, -163, 1105, 34;
-41, 284, 8, -816, 463, -28, -162, 1108, 33;
-40, 285, 9, -793, 487, -23, -156, 1115, 36;
-37, 288, 11, -758, 521, -11, -145, 1126, 43;
-39, 287, 8, -768, 510, -28, -153, 1119, 33;
-30, 295, 16, -678, 598, 20, -119, 1153, 63;
-34, 291, 11, -706, 567, -10, -135, 1138, 44;
-32, 294, 13, -671, 599, 1, -124, 1149, 51;
-28, 298, 16, -623, 642, 20, -109, 1164, 63;
-32, 294, 10, -657, 604, -13, -127, 1146, 42;
-25, 301, 17, -577, 677, 26, -98, 1175, 67;
-24, 301, 17, -560, 687, 24, -96, 1177, 66;
-26, 299, 14, -568, 673, 6, -103, 1169, 55;
-21, 304, 18, -511, 721, 31, -84, 1187, 70;
-27, 298, 10, -557, 666, -13, -108, 1162, 42;
-25, 300, 12, -524, 689, -5, -99, 1170, 47;
-26, 299, 10, -518, 684, -15, -102, 1166, 41;
-19, 305, 16, -441, 750, 21, -75, 1192, 64;
-20, 304, 14, -441, 739, 7, -79, 1185, 55;
-23, 300, 10, -454, 712, -16, -90, 1173, 40;
-23, 299, 8, -446, 707, -25, -92, 1169, 34;
-20, 302, 10, -408, 730, -15, -81, 1177, 41;
-13, 308, 16, -326, 797, 23, -52, 1204, 65;
-11, 310, 17, -295, 812, 28, -45, 1209, 68;
-17, 303, 10, -341, 750, -17, -69, 1182, 40;
-10, 309, 16, -259, 815, 21, -40, 1208, 64;
-10, 309, 15, -245, 811, 15, -40, 1205, 60;
-7, 310, 17, -207, 830, 24, -30, 1212, 66;
-12, 305, 11, -234, 784, -9, -47, 1192, 45;
-10, 306, 12, -204, 794, -5, -40, 1196, 47;
-12, 303, 9, -208, 770, -24, -47, 1185, 35;
-6, 308, 13, -146, 811, 0, -27, 1201, 51;
-6, 307, 12, -132, 804, -5, -26, 1198, 47;
-3, 309, 14, -87, 826, 7, -13, 1207, 55;
-7, 304, 8, -114, 777, -26, -30, 1186, 34;
-1, 309, 13, -41, 826, 5, -5, 1207, 54;
-1, 308, 12, -27, 816, -2, -5, 1202, 49;
-1, 307, 11, -10, 809, -6, -4, 1199, 46;
4, 311, 15, 51, 845, 17, 15, 1214, 61;
-2, 303, 8, 3, 772, -30, -9, 1184, 31;
4, 309, 14, 85, 828, 7, 18, 1207, 55;
4, 308, 13, 99, 815, 0, 18, 1202, 51;
4, 307, 11, 112, 802, -6, 18, 1197, 46;
7, 308, 13, 152, 814, 2, 29, 1203, 52;
12, 311, 16, 208, 843, 24, 47, 1215, 66;
12, 310, 16, 227, 834, 20, 49, 1212, 63;
5, 302, 8, 173, 751, -31, 21, 1179, 31;
16, 311, 17, 289, 838, 29, 64, 1216, 69;
8, 302, 8, 225, 745, -28, 32, 1178, 33;
15, 307, 14, 302, 793, 7, 58, 1199, 55;
16, 307, 14, 332, 792, 10, 65, 1199, 57;
17, 306, 14, 350, 780, 7, 67, 1196, 55;
16, 304, 12, 353, 753, -6, 63, 1185, 47;
16, 302, 11, 368, 738, -10, 65, 1180, 44;
19, 304, 13, 408, 747, 0, 76, 1186, 51;
17, 300, 10, 402, 709, -18, 68, 1171, 39;
16, 298, 8, 406, 682, -30, 65, 1162, 32;
27, 307, 18, 520, 765, 31, 107, 1198, 70;
26, 304, 15, 521, 734, 17, 103, 1186, 61;
23, 299, 11, 504, 685, -8, 91, 1168, 45;
21, 295, 8, 496, 645, -27, 83, 1153, 34;
26, 298, 12, 552, 669, -3, 101, 1165, 48;
25, 297, 11, 562, 647, -10, 101, 1158, 44;
24, 294, 9, 562, 615, -23, 96, 1147, 36;
33, 300, 16, 651, 672, 22, 129, 1172, 65;
25, 291, 7, 588, 576, -32, 98, 1135, 30;
33, 297, 14, 672, 629, 11, 129, 1159, 58;
27, 289, 8, 628, 552, -29, 107, 1130, 32;
28, 289, 8, 652, 544, -26, 112, 1128, 34;
35, 294, 15, 727, 587, 12, 140, 1149, 59;
36, 293, 14, 742, 570, 11, 142, 1144, 58;
34, 289, 11, 731, 527, -6, 134, 1129, 46;
32, 285, 9, 721, 486, -24, 126, 1114, 35;
38, 289, 14, 783, 516, 6, 148, 1130, 55;
40, 290, 15, 815, 517, 18, 158, 1133, 62;
40, 288, 15, 823, 494, 13, 158, 1126, 59;
39, 286, 13, 823, 462, 4, 155, 1116, 53;
39, 284, 13, 832, 441, 1, 155, 1110, 51;
43, 286, 15, 870, 449, 18, 168, 1116, 62;
37, 279, 10, 827, 375, -18, 147, 1088, 39;
43, 282, 15, 886, 404, 12, 169, 1103, 58;
38, 276, 9, 848, 337, -20, 151, 1078, 38;
42, 278, 13, 890, 349, 0, 166, 1087, 51;
45, 279, 15, 922, 352, 15, 177, 1091, 60;
43, 276, 13, 913, 314, 2, 171, 1078, 52;
48, 279, 17, 958, 331, 26, 187, 1088, 67;
41, 271, 10, 901, 247, -17, 162, 1057, 40;
49, 277, 18, 982, 300, 31, 193, 1082, 70;
49, 275, 17, 983, 274, 27, 192, 1075, 67;
43, 267, 10, 927, 191, -15, 167, 1043, 41;
50, 273, 18, 1004, 242, 32, 198, 1068, 71;
44, 266, 11, 950, 162, -7, 174, 1038, 46;
41, 261, 8, 920, 107, -30, 161, 1019, 32;
43, 262, 10, 945, 108, -16, 170, 1022, 40;
44, 261, 10, 950, 89, -15, 171, 1018, 41;
48, 264, 14, 995, 110, 12, 189, 1030, 58;
49, 263, 15, 1001, 93, 14, 191, 1026, 59;
45, 257, 11, 964, 34, -11, 176, 1005, 43;
44, 255, 10, 960, 8, -15, 174, 998, 41;
43, 253, 9, 947, -25, -24, 168, 987, 35;
50, 259, 16, 1018, 24, 23, 198, 1012, 65;
52, 259, 18, 1031, 17, 32, 203, 1012, 71;
49, 255, 15, 1007, -25, 17, 193, 998, 61;
45, 250, 11, 966, -85, -8, 177, 976, 45;
49, 253, 15, 1002, -67, 16, 192, 987, 61;
42, 244, 8, 934, -152, -26, 165, 955, 34;
43, 245, 10, 946, -157, -15, 171, 956, 41;
48, 248, 15, 987, -132, 14, 189, 970, 59;
45, 244, 12, 954, -180, -4, 176, 954, 48;
41, 240, 9, 918, -231, -24, 162, 936, 35;
43, 240, 10, 929, -234, -13, 168, 938, 42;
42, 238, 10, 916, -259, -17, 164, 931, 40;
44, 239, 12, 930, -258, -3, 172, 934, 48;
43, 238, 12, 923, -277, -2, 171, 930, 49;
39, 233, 8, 879, -331, -26, 154, 910, 34;
41, 234, 11, 893, -327, -10, 163, 915, 44;
41, 233, 11, 887, -343, -8, 162, 912, 45;
44, 235, 14, 905, -333, 10, 172, 919, 57;
45, 236, 16, 909, -337, 20, 176, 921, 63;
36, 226, 8, 821, -431, -30, 142, 884, 31;
43, 233, 15, 882, -377, 17, 170, 910, 62;
38, 227, 11, 824, -441, -12, 149, 887, 42;
38, 227, 12, 821, -448, -6, 151, 886, 47;
43, 231, 17, 857, -416, 26, 169, 903, 67;
40, 228, 15, 822, -453, 13, 157, 890, 59;
39, 226, 14, 800, -477, 8, 152, 883, 56;
33, 220, 9, 736, -543, -24, 129, 858, 35;
36, 223, 13, 764, -516, 4, 143, 872, 53;
34, 221, 12, 734, -545, -4, 135, 863, 47;
30, 216, 8, 681, -597, -29, 117, 844, 32;
36, 222, 15, 733, -543, 16, 142, 868, 61;
35, 221, 15, 712, -561, 14, 137, 863, 60;
36, 222, 17, 716, -554, 28, 143, 869, 68;
28, 214, 10, 631, -634, -15, 112, 838, 41;
26, 212, 9, 602, -659, -22, 104, 830, 36;
28, 214, 12, 609, -645, -5, 111, 838, 47;
32, 219, 17, 639, -609, 27, 128, 855, 68;
23, 210, 9, 542, -699, -23, 92, 820, 36;
25, 212, 11, 546, -686, -7, 99, 827, 46;
28, 215, 16, 565, -658, 18, 112, 841, 62;
21, 208, 10, 488, -726, -18, 84, 814, 39;
19, 206, 8, 452, -751, -28, 74, 806, 33;
18, 206, 8, 433, -758, -26, 71, 804, 34;
18, 207, 10, 426, -753, -17, 73, 808, 40;
22, 211, 15, 449, -717, 12, 88, 824, 58;
24, 213, 17, 450, -703, 28, 93, 832, 68;
22, 212, 17, 426, -712, 27, 89, 829, 68;
17, 208, 13, 364, -760, 1, 68, 811, 51;
17, 209, 14, 355, -752, 10, 70, 815, 57;
14, 205, 11, 305, -786, -6, 54, 802, 46;
17, 210, 16, 326, -748, 22, 68, 819, 65;
16, 209, 16, 299, -757, 20, 62, 816, 63;
7, 201, 8, 201, -836, -28, 27, 784, 33;
11, 206, 14, 230, -789, 6, 45, 805, 54;
8, 204, 12, 192, -807, -2, 34, 798, 49;
4, 201, 9, 135, -843, -24, 16, 783, 35;
4, 202, 10, 124, -834, -15, 17, 788, 41;
1, 200, 8, 83, -853, -26, 6, 781, 34;
0, 200, 9, 62, -851, -23, 3, 782, 36;
4, 205, 13, 80, -810, 4, 16, 799, 53;
4, 206, 14, 66, -801, 11, 16, 803, 58;
0, 203, 12, 19, -824, -3, 2, 794, 48;
0, 204, 13, 3, -815, 2, 1, 797, 52;
1, 207, 16, 3, -791, 18, 6, 807, 62;
0, 206, 15, -23, -792, 17, 1, 807, 61;
-6, 201, 9, -103, -846, -19, -25, 784, 38;
-3, 205, 14, -84, -801, 9, -12, 802, 56;
-10, 199, 8, -167, -857, -29, -41, 779, 32;
-7, 204, 13, -147, -810, 0, -27, 798, 50;
-6, 206, 15, -152, -787, 12, -24, 807, 58;
-4, 210, 18, -149, -756, 31, -17, 819, 70;
-14, 201, 8, -261, -839, -27, -58, 784, 33;
-9, 207, 14, -226, -775, 12, -38, 810, 58;
-7, 211, 18, -220, -740, 32, -30, 823, 70;
-10, 209, 16, -263, -753, 19, -42, 817, 63;
-20, 201, 8, -362, -823, -31, -78, 787, 31;
-13, 210, 16, -310, -740, 19, -51, 820, 62;
-19, 206, 11, -377, -777, -10, -74, 803, 44;
-18, 208, 13, -383, -753, 0, -71, 812, 51;
-20, 208, 12, -412, -751, -3, -78, 812, 48;
-25, 204, 8, -475, -782, -30, -98, 797, 32;
-22, 208, 11, -463, -739, -7, -89, 814, 46;
-18, 214, 17, -432, -677, 27, -71, 838, 68;
-20, 214, 16, -466, -679, 19, -80, 835, 62;
-27, 209, 10, -542, -723, -17, -107, 815, 40;
-25, 213, 13, -531, -680, 3, -97, 831, 53;
-28, 211, 11, -572, -689, -9, -110, 825, 44;
-29, 211, 10, -598, -683, -13, -116, 826, 42;
-23, 220, 18, -549, -602, 32, -91, 858, 71;
-34, 210, 7, -666, -686, -32, -135, 821, 30;
-25, 221, 18, -589, -577, 31, -99, 864, 70;
-33, 215, 10, -677, -633, -14, -131, 838, 41;
-28, 222, 17, -635, -559, 25, -109, 867, 66;
-28, 223, 17, -648, -540, 28, -111, 872, 68;
-31, 222, 15, -686, -547, 14, -123, 867, 59;
-35, 220, 12, -734, -562, -6, -139, 858, 47;
-30, 226, 17, -699, -495, 28, -120, 883, 68;
-38, 220, 10, -782, -547, -16, -151, 859, 40;
-37, 223, 12, -776, -509, -2, -145, 872, 49;
-38, 224, 12, -796, -498, -5, -150, 874, 47;
-42, 222, 9, -838, -508, -23, -164, 867, 36;
-38, 227, 13, -811, -451, 3, -150, 888, 53;
-35, 232, 16, -795, -403, 23, -140, 905, 65;
-41, 228, 11, -855, -433, -7, -162, 890, 46;
-41, 230, 12, -856, -404, 0, -159, 899, 50;
-46, 226, 8, -915, -433, -31, -181, 884, 31;
-43, 231, 11, -896, -384, -11, -171, 901, 43;
-37, 238, 17, -846, -305, 28, -148, 931, 68;
-40, 237, 15, -876, -306, 15, -158, 927, 60;
-41, 238, 14, -892, -294, 11, -162, 929, 58;
-43, 238, 13, -914, -287, 2, -169, 929, 52;
-46, 237, 11, -944, -289, -11, -180, 925, 43;
-45, 239, 12, -939, -256, -2, -176, 935, 49;
-44, 242, 13, -936, -227, 4, -173, 944, 53;
-44, 243, 13, -943, -207, 4, -174, 949, 53;
-44, 245, 14, -943, -181, 8, -173, 957, 56;
-45, 246, 13, -954, -167, 4, -176, 959, 53;
-42, 249, 16, -934, -122, 20, -167, 974, 63;
-49, 244, 9, -1002, -165, -21, -194, 953, 37;
-46, 249, 13, -968, -107, 3, -179, 974, 53;
-42, 255, 17, -933, -48, 29, -164, 995, 69;
-43, 254, 16, -950, -42, 19, -170, 994, 63;
-45, 254, 14, -970, -40, 7, -178, 991, 55;
-45, 255, 14, -968, -16, 9, -177, 998, 57;
-42, 260, 17, -937, 35, 30, -164, 1016, 70;
-41, 262, 18, -935, 57, 31, -163, 1022, 70;
-50, 254, 9, -1015, -1, -21, -196, 994, 37;
-51, 254, 8, -1026, 6, -30, -201, 994, 32;
-47, 260, 12, -986, 65, -4, -185, 1015, 48;
-43, 265, 16, -945, 124, 21, -169, 1036, 64;
-49, 260, 10, -1000, 86, -17, -192, 1017, 40;
-49, 262, 10, -996, 107, -17, -191, 1022, 40;
-48, 263, 10, -987, 132, -14, -188, 1029, 42;
-46, 266, 12, -968, 166, -4, -182, 1040, 48;
-46, 268, 12, -961, 187, -3, -180, 1045, 48;
-40, 274, 18, -903, 260, 30, -157, 1072, 70;
-50, 266, 8, -990, 186, -31, -195, 1038, 31;
-41, 275, 15, -908, 280, 18, -163, 1074, 62;
-45, 272, 11, -937, 262, -6, -177, 1063, 46;
-45, 273, 11, -935, 275, -10, -178, 1065, 44;
-45, 273, 10, -932, 289, -14, -178, 1068, 41;
-44, 276, 12, -910, 320, -6, -172, 1078, 46;
-43, 278, 12, -895, 343, -3, -168, 1084, 48;
-41, 280, 13, -872, 373, 4, -161, 1093, 53;
-37, 285, 17, -828, 425, 26, -145, 1112, 67;
-39, 283, 14, -846, 413, 6, -155, 1104, 55;
-45, 278, 8, -889, 375, -30, -176, 1085, 31;
-43, 280, 8, -870, 399, -26, -171, 1092, 34;
-36, 288, 16, -788, 485, 19, -140, 1125, 62;
-35, 289, 16, -771, 504, 20, -136, 1130, 63;
-38, 287, 12, -791, 487, -1, -148, 1120, 49;
-37, 288, 12, -778, 500, -3, -146, 1123, 48;
-36, 289, 12, -759, 521, 0, -141, 1129, 50;
-38, 287, 10, -768, 511, -17, -149, 1122, 39;
-31, 294, 15, -699, 579, 17, -124, 1148, 61;
-37, 289, 9, -741, 535, -22, -146, 1127, 37;
-37, 289, 8, -729, 544, -25, -144, 1129, 35;
-36, 289, 8, -716, 554, -28, -143, 1130, 33;
-29, 297, 14, -639, 626, 10, -115, 1158, 57;
-28, 298, 15, -618, 643, 12, -111, 1163, 58;
-30, 296, 12, -621, 633, -3, -117, 1156, 49;
-27, 298, 14, -588, 660, 6, -107, 1165, 55;
-31, 294, 8, -617, 624, -26, -124, 1148, 34;
-27, 298, 11, -569, 663, -7, -108, 1163, 46;
-26, 299, 12, -543, 680, -4, -102, 1168, 48;
-26, 298, 10, -536, 677, -13, -104, 1165, 42;
-19, 305, 17, -457, 746, 25, -76, 1191, 66;
-18, 306, 17, -433, 759, 27, -71, 1195, 67;
-23, 300, 11, -471, 708, -12, -92, 1173, 42;
-17, 306, 15, -404, 762, 16, -69, 1193, 61;
-14, 308, 18, -360, 792, 31, -56, 1204, 70;
-21, 301, 10, -410, 728, -17, -82, 1176, 40;
-22, 300, 8, -406, 717, -29, -85, 1171, 32;
-18, 302, 10, -362, 745, -15, -73, 1181, 41;
-18, 302, 10, -344, 747, -19, -70, 1181, 39;
-18, 301, 8, -333, 741, -27, -71, 1177, 33;
-11, 308, 14, -253, 803, 10, -43, 1202, 57;
-12, 306, 12, -248, 789, -2, -47, 1195, 49;
-12, 305, 10, -241, 777, -13, -49, 1189, 42;
-9, 307, 12, -198, 801, -1, -37, 1199, 50;
-5, 310, 15, -145, 833, 17, -21, 1211, 61;
-9, 305, 10, -171, 787, -15, -37, 1191, 41;
0, 313, 18, -75, 861, 31, -3, 1222, 70;
-1, 311, 15, -71, 842, 18, -7, 1214, 62;
-8, 303, 8, -119, 772, -30, -32, 1184, 32;
-5, 305, 9, -80, 787, -20, -22, 1190, 37;
-4, 305, 10, -51, 792, -17, -15, 1192, 39;
-4, 304, 8, -41, 778, -27, -17, 1186, 33;
5, 313, 17, 68, 863, 29, 22, 1222, 69;
1, 307, 12, 43, 812, -4, 6, 1201, 48;
0, 305, 9, 44, 787, -19, 1, 1191, 38;
0, 303, 8, 53, 770, -30, 0, 1184, 32;
10, 313, 18, 170, 860, 31, 42, 1221, 70;
5, 306, 11, 130, 793, -11, 20, 1194, 43;
5, 305, 10, 148, 783, -15, 22, 1191, 41;
7, 305, 10, 174, 780, -14, 27, 1190, 41;
13, 310, 16, 249, 827, 19, 53, 1210, 62;
14, 309, 15, 271, 820, 17, 56, 1208, 61;
11, 305, 12, 260, 780, -5, 46, 1192, 47;
10, 303, 10, 263, 754, -18, 42, 1182, 39;
18, 309, 16, 348, 809, 21, 72, 1206, 64;
20, 309, 16, 375, 806, 24, 78, 1206, 66;
18, 306, 14, 374, 774, 8, 72, 1194, 55;
16, 302, 10, 363, 732, -14, 62, 1178, 41;
22, 306, 15, 434, 772, 17, 87, 1196, 61;
22, 305, 15, 449, 756, 13, 88, 1191, 59;
18, 299, 9, 423, 699, -19, 72, 1169, 38;
26, 306, 17, 510, 755, 24, 103, 1194, 66;
23, 301, 13, 496, 709, 0, 92, 1176, 51;
24, 300, 12, 512, 693, -2, 94, 1171, 49;
29, 303, 16, 572, 721, 23, 114, 1185, 65;
23, 295, 9, 524, 641, -22, 90, 1154, 37;
23, 294, 9, 541, 626, -24, 92, 1149, 35;
26, 296, 11, 580, 633, -11, 104, 1154, 43;
31, 299, 15, 635, 656, 12, 122, 1166, 58;
26, 292, 9, 599, 587, -24, 103, 1140, 35;
34, 298, 16, 687, 644, 21, 135, 1165, 64;
37, 299, 17, 718, 642, 30, 144, 1167, 69;
32, 292, 12, 683, 575, -5, 125, 1141, 47;
38, 296, 17, 747, 607, 26, 148, 1157, 67;
39, 296, 17, 768, 596, 28, 153, 1155, 68;
33, 288, 11, 724, 521, -11, 131, 1126, 43;
33, 286, 10, 729, 494, -18, 129, 1118, 39;
37, 289, 13, 780, 513, 4, 147, 1128, 53;
35, 285, 10, 768, 470, -13, 138, 1113, 42;
41, 290, 16, 835, 506, 21, 163, 1131, 64;
44, 290, 18, 865, 504, 32, 172, 1133, 70;
36, 281, 10, 804, 413, -17, 144, 1098, 40;
44, 287, 17, 880, 458, 24, 172, 1120, 66;
45, 286, 17, 898, 446, 28, 177, 1118, 68;
39, 279, 11, 849, 367, -11, 154, 1088, 43;
44, 282, 15, 906, 394, 17, 175, 1102, 62;
44, 280, 15, 910, 369, 13, 174, 1095, 59;
42, 277, 12, 896, 326, -2, 166, 1080, 49;
39, 272, 9, 874, 275, -23, 155, 1062, 36;
43, 274, 12, 910, 283, -5, 167, 1069, 47;
45, 275, 14, 940, 285, 8, 178, 1073, 56;
39, 267, 8, 890, 208, -29, 155, 1044, 32;
49, 275, 17, 981, 272, 25, 191, 1074, 66;
45, 270, 13, 951, 216, 1, 178, 1054, 51;
41, 265, 9, 920, 158, -23, 163, 1033, 36;
45, 267, 12, 959, 171, -1, 178, 1042, 50;
48, 268, 15, 986, 174, 13, 188, 1046, 59;
47, 266, 14, 983, 146, 8, 186, 1038, 56;
50, 267, 17, 1012, 151, 25, 197, 1044, 66;
45, 261, 12, 970, 85, -4, 179, 1020, 47;
49, 264, 16, 1008, 101, 19, 194, 1029, 63;
44, 257, 10, 956, 26, -16, 172, 1002, 40;
43, 254, 9, 950, -1, -21, 170, 994, 37;
43, 253, 9, 946, -27, -24, 167, 987, 35;
48, 256, 14, 993, 0, 6, 187, 1001, 54;
41, 249, 8, 935, -78, -31, 163, 972, 31;
44, 250, 10, 954, -78, -17, 171, 976, 39;
50, 255, 17, 1017, -34, 24, 198, 997, 66;
49, 253, 15, 1002, -67, 16, 192, 987, 61;
43, 245, 9, 940, -146, -22, 167, 957, 37;
42, 244, 9, 936, -167, -22, 167, 952, 36;
48, 249, 15, 990, -129, 15, 190, 971, 60;
41, 240, 8, 919, -215, -28, 161, 939, 33;
42, 240, 9, 924, -225, -21, 165, 938, 37;
41, 238, 9, 912, -250, -24, 161, 931, 35;
46, 242, 14, 956, -219, 9, 181, 947, 56;
44, 239, 12, 928, -260, -4, 171, 934, 48;
41, 236, 10, 900, -299, -17, 161, 921, 39;
48, 242, 17, 963, -247, 29, 189, 945, 69;
41, 234, 10, 889, -331, -13, 161, 914, 42;
40, 233, 10, 879, -350, -13, 159, 909, 42;
42, 234, 13, 893, -345, 2, 167, 914, 52;
39, 230, 10, 859, -387, -13, 155, 900, 42;
45, 236, 17, 908, -345, 26, 178, 920, 67;
38, 227, 10, 828, -430, -17, 148, 888, 39;
35, 224, 8, 799, -466, -29, 138, 876, 32;
35, 224, 8, 791, -478, -26, 138, 874, 34;
39, 228, 13, 825, -448, 5, 155, 889, 54;
34, 222, 8, 763, -512, -26, 133, 865, 34;
33, 221, 9, 753, -525, -23, 132, 863, 36;
37, 224, 13, 781, -498, 5, 147, 877, 54;
38, 224, 14, 774, -505, 11, 148, 877, 58;
32, 219, 10, 713, -566, -18, 126, 854, 39;
38, 224, 16, 760, -518, 23, 149, 876, 65;
34, 220, 13, 716, -560, 5, 135, 861, 54;
34, 220, 14, 700, -573, 6, 132, 858, 54;
36, 222, 17, 710, -560, 24, 141, 866, 66;
32, 218, 13, 663, -602, 5, 125, 851, 54;
32, 218, 14, 653, -607, 11, 125, 851, 58;
32, 218, 16, 645, -609, 18, 126, 853, 62;
30, 216, 14, 613, -634, 10, 118, 844, 57;
31, 218, 17, 615, -625, 24, 123, 850, 66;
30, 216, 16, 591, -641, 22, 117, 845, 64;
26, 213, 13, 543, -680, 4, 102, 831, 53;
26, 213, 14, 532, -681, 10, 103, 833, 57;
27, 215, 17, 535, -668, 26, 108, 840, 67;
26, 214, 16, 508, -683, 22, 102, 835, 65;
19, 207, 10, 427, -752, -16, 74, 808, 40;
15, 204, 8, 383, -783, -31, 60, 797, 31;
17, 207, 11, 393, -760, -9, 70, 808, 45;
13, 203, 7, 336, -802, -32, 51, 792, 30;
19, 209, 15, 380, -743, 12, 75, 818, 58;
18, 209, 15, 357, -751, 12, 70, 816, 58;
16, 207, 14, 324, -767, 6, 62, 810, 54;
10, 202, 9, 259, -815, -22, 40, 791, 37;
15, 208, 15, 289, -767, 14, 58, 812, 59;
11, 205, 13, 244, -793, 0, 45, 802, 51;
13, 208, 16, 249, -769, 19, 53, 813, 63;
9, 205, 13, 196, -802, 0, 36, 800, 51;
9, 206, 14, 184, -794, 8, 37, 804, 56;
10, 207, 16, 176, -781, 19, 39, 810, 62;
4, 203, 11, 109, -827, -9, 17, 791, 45;
5, 205, 13, 104, -809, 3, 20, 799, 53;
1, 202, 11, 59, -832, -9, 7, 790, 44;
5, 207, 16, 80, -787, 20, 22, 809, 63;
3, 206, 15, 50, -794, 16, 15, 806, 61;
-1, 202, 11, -18, -838, -12, -7, 788, 43;
-3, 201, 10, -50, -844, -16, -15, 785, 40;
2, 208, 17, -7, -776, 28, 8, 813, 68;
1, 208, 17, -29, -773, 29, 4, 814, 69;
-8, 200, 9, -131, -847, -21, -31, 783, 37;
-9, 201, 9, -153, -843, -20, -35, 785, 38;
-2, 209, 17, -107, -769, 27, -10, 815, 67;
-11, 201, 9, -204, -839, -21, -45, 785, 37;
-4, 209, 17, -154, -760, 28, -19, 817, 68;
-13, 202, 9, -252, -830, -21, -54, 788, 37;
-16, 201, 8, -289, -838, -29, -64, 784, 32;
-17, 201, 8, -315, -835, -31, -69, 784, 31;
-12, 208, 15, -273, -764, 12, -46, 813, 58;
-15, 206, 12, -317, -778, -1, -59, 806, 50;
-16, 207, 12, -341, -771, -1, -64, 807, 49;
-16, 208, 13, -355, -755, 4, -64, 813, 53;
-21, 205, 9, -415, -784, -20, -84, 799, 38;
-20, 207, 12, -415, -754, -5, -79, 811, 47;
-18, 211, 14, -412, -719, 11, -72, 823, 58;
-19, 211, 14, -434, -710, 11, -76, 826, 58;
-20, 213, 15, -451, -695, 15, -78, 830, 60;
-20, 214, 16, -460, -673, 23, -78, 838, 65;
-25, 210, 12, -526, -707, -6, -100, 822, 46;
-26, 211, 11, -548, -697, -7, -104, 824, 46;
-21, 218, 18, -508, -625, 32, -83, 852, 71;
-31, 210, 9, -609, -694, -21, -121, 821, 37;
-29, 213, 11, -609, -662, -7, -116, 833, 46;
-24, 220, 17, -571, -591, 30, -96, 860, 70;
-32, 214, 11, -654, -642, -11, -126, 837, 43;
-34, 214, 10, -681, -637, -17, -133, 837, 40;
-30, 219, 14, -660, -584, 8, -120, 856, 56;
-31, 220, 14, -674, -566, 11, -121, 861, 57;
-34, 219, 12, -713, -573, -3, -134, 856, 48;
-38, 217, 8, -764, -592, -25, -151, 846, 34;
-36, 220, 11, -752, -548, -7, -142, 861, 46;
-37, 222, 11, -768, -532, -6, -145, 865, 46;
-39, 221, 10, -797, -530, -15, -154, 864, 41;
-38, 223, 11, -800, -501, -7, -151, 873, 46;
-40, 223, 10, -824, -494, -14, -158, 873, 42;
-39, 226, 12, -820, -460, -2, -154, 884, 49;
-43, 225, 9, -861, -470, -20, -167, 877, 38;
-43, 226, 9, -875, -454, -21, -170, 881, 37;
-42, 228, 11, -874, -422, -12, -167, 891, 43;
-43, 229, 11, -887, -405, -12, -169, 896, 42;
-39, 235, 15, -856, -344, 15, -154, 918, 60;
-39, 237, 15, -862, -321, 18, -154, 924, 62;
-47, 230, 8, -944, -374, -29, -186, 899, 32;
-46, 233, 9, -939, -341, -19, -182, 910, 38;
-40, 241, 16, -887, -261, 20, -158, 940, 63;
-39, 243, 17, -886, -231, 27, -155, 949, 68;
-45, 239, 12, -940, -258, -3, -176, 934, 48;
-43, 243, 15, -924, -214, 12, -168, 949, 58;
-40, 247, 18, -902, -167, 31, -157, 966, 70;
-48, 241, 10, -984, -222, -19, -190, 939, 39;
-51, 240, 7, -1009, -222, -32, -199, 936, 30;
-50, 242, 8, -1009, -196, -28, -198, 943, 33;
-48, 246, 11, -986, -149, -10, -187, 960, 44;
-44, 251, 15, -955, -94, 12, -174, 979, 58;
-45, 251, 14, -968, -83, 5, -178, 980, 54;
-51, 246, 8, -1025, -117, -30, -201, 963, 32;
-46, 253, 13, -981, -51, 0, -183, 987, 50;
-42, 258, 17, -943, 8, 26, -166, 1008, 67;
-49, 252, 10, -1009, -36, -17, -194, 986, 40;
-50, 254, 10, -1011, -18, -18, -195, 990, 39;
-41, 263, 18, -935, 78, 31, -163, 1027, 70;
-52, 254, 7, -1030, 2, -32, -203, 992, 30;
-44, 263, 15, -956, 95, 15, -173, 1027, 60;
-51, 257, 8, -1018, 51, -27, -199, 1006, 34;
-48, 261, 11, -990, 96, -11, -188, 1021, 44;
-48, 262, 10, -992, 111, -14, -189, 1024, 42;
-47, 264, 11, -978, 141, -8, -185, 1032, 45;
-40, 272, 18, -913, 221, 31, -159, 1062, 70;
-48, 265, 10, -982, 166, -18, -189, 1036, 39;
-49, 265, 8, -992, 170, -28, -194, 1035, 33;
-43, 272, 14, -930, 245, 8, -170, 1063, 55;
-43, 274, 14, -921, 267, 9, -168, 1068, 56;
-46, 271, 10, -947, 252, -13, -181, 1059, 42;
-42, 276, 14, -905, 305, 8, -165, 1078, 56;
-42, 277, 14, -899, 322, 7, -165, 1081, 55;
-39, 281, 16, -863, 367, 24, -152, 1097, 66;
-47, 273, 8, -935, 303, -30, -184, 1068, 32;
-45, 275, 9, -916, 330, -24, -179, 1076, 35;
-41, 281, 13, -863, 390, 2, -160, 1097, 52;
-41, 282, 12, -856, 403, 0, -160, 1100, 50;
-40, 282, 12, -846, 418, -1, -158, 1103, 49;
-37, 286, 14, -813, 455, 11, -148, 1116, 57;
-36, 288, 15, -791, 481, 16, -142, 1123, 61;
-38, 286, 12, -805, 470, -1, -150, 1116, 49;
-39, 285, 10, -809, 469, -13, -155, 1113, 42;
-37, 288, 12, -779, 500, -4, -146, 1123, 48;
-39, 286, 9, -788, 492, -20, -153, 1117, 38;
-30, 295, 17, -698, 581, 29, -120, 1151, 69;
-34, 291, 12, -726, 552, -1, -135, 1137, 50;
-33, 292, 13, -705, 571, 1, -131, 1142, 52;
-30, 295, 15, -669, 604, 14, -119, 1154, 59;
-35, 291, 9, -703, 567, -20, -138, 1136, 38;
-27, 299, 16, -619, 647, 24, -107, 1167, 65;
-26, 299, 16, -602, 659, 22, -104, 1169, 65;
-28, 297, 13, -610, 645, 4, -112, 1161, 53;
-27, 299, 14, -583, 665, 9, -105, 1167, 57;
-22, 303, 17, -532, 708, 30, -88, 1183, 69;
-21, 304, 17, -513, 719, 29, -85, 1186, 69;
-28, 297, 10, -561, 662, -16, -110, 1160, 40;
-29, 296, 8, -561, 652, -30, -115, 1154, 32;
-22, 302, 14, -484, 719, 7, -87, 1180, 55;
-23, 301, 12, -477, 714, -2, -89, 1177, 49;
-20, 303, 14, -442, 737, 6, -80, 1184, 54;
-16, 307, 16, -393, 773, 24, -64, 1198, 66;
-24, 299, 8, -452, 701, -29, -94, 1166, 32;
-14, 308, 17, -347, 792, 25, -56, 1203, 66;
-22, 300, 8, -406, 717, -29, -86, 1170, 32;
-15, 305, 13, -334, 774, 3, -61, 1193, 52;
-13, 307, 15, -296, 795, 12, -50, 1201, 59;
-19, 301, 7, -340, 734, -32, -74, 1174, 30;
-16, 302, 9, -305, 751, -24, -65, 1180, 35;
-10, 308, 14, -234, 804, 7, -41, 1201, 55;
-8, 309, 15, -197, 821, 15, -31, 1208, 60;
-12, 304, 9, -228, 771, -21, -49, 1186, 37;
-5, 310, 16, -143, 835, 19, -20, 1212, 62;
-10, 305, 10, -176, 781, -19, -39, 1189, 39;
0, 313, 18, -74, 861, 32, -2, 1222, 71;
-8, 304, 9, -135, 778, -24, -33, 1187, 35;
-3, 308, 12, -77, 813, -2, -15, 1201, 49;
-5, 305, 9, -82, 785, -22, -23, 1189, 37;
-5, 304, 8, -66, 777, -27, -21, 1186, 33;
4, 312, 17, 40, 859, 26, 16, 1220, 67;
-3, 304, 8, -14, 780, -26, -11, 1187, 34;
6, 312, 16, 86, 855, 24, 24, 1218, 66;
5, 310, 15, 95, 839, 14, 22, 1212, 60;
1, 305, 9, 69, 786, -19, 6, 1190, 38;
5, 307, 12, 119, 809, -2, 21, 1200, 49;
10, 311, 16, 182, 845, 23, 42, 1216, 65;
5, 304, 9, 142, 777, -19, 19, 1188, 38;
14, 312, 17, 242, 848, 30, 55, 1218, 69;
5, 302, 8, 176, 754, -29, 22, 1180, 32;
10, 305, 11, 233, 782, -7, 40, 1192, 46;
14, 308, 14, 283, 803, 9, 56, 1202, 57;
13, 305, 12, 287, 777, -3, 52, 1192, 48;
15, 306, 13, 322, 783, 4, 61, 1195, 53;
19, 308, 16, 371, 801, 21, 76, 1204, 64;
20, 308, 16, 393, 793, 20, 80, 1202, 64;
15, 301, 9, 353, 723, -20, 58, 1174, 38;
23, 308, 17, 446, 784, 25, 92, 1201, 67;
25, 308, 18, 477, 784, 31, 99, 1202, 70;
19, 300, 10, 430, 706, -14, 75, 1171, 41;
17, 297, 8, 427, 672, -30, 69, 1159, 31;
25, 303, 14, 510, 723, 10, 98, 1182, 57;
29, 305, 18, 562, 743, 30, 115, 1192, 70;
29, 303, 16, 569, 718, 21, 113, 1184, 64;
21, 294, 8, 512, 629, -30, 85, 1149, 32;
22, 293, 7, 529, 614, -32, 87, 1144, 30;
33, 303, 18, 645, 698, 31, 131, 1181, 70;
27, 295, 11, 600, 621, -11, 108, 1151, 44;
34, 300, 16, 672, 660, 23, 133, 1170, 65;
29, 293, 11, 641, 597, -8, 116, 1146, 45;
36, 298, 17, 714, 638, 27, 142, 1165, 68;
36, 296, 16, 719, 611, 18, 140, 1156, 62;
31, 290, 10, 683, 543, -16, 121, 1131, 40;
32, 289, 10, 703, 531, -14, 126, 1128, 41;
30, 285, 8, 696, 493, -30, 119, 1115, 32;
32, 286, 9, 726, 490, -21, 128, 1116, 37;
40, 291, 16, 803, 536, 20, 156, 1138, 63;
39, 289, 14, 803, 504, 9, 153, 1128, 57;
35, 283, 10, 774, 445, -18, 138, 1106, 39;
35, 282, 9, 786, 426, -20, 139, 1100, 38;
44, 289, 17, 876, 485, 30, 174, 1128, 70;
38, 281, 11, 825, 404, -11, 150, 1097, 43;
36, 277, 8, 810, 358, -30, 140, 1081, 32;
37, 276, 8, 827, 345, -26, 145, 1079, 34;
46, 284, 17, 919, 407, 26, 180, 1108, 67;
37, 273, 8, 842, 301, -31, 146, 1067, 31;
42, 276, 12, 893, 323, -4, 165, 1079, 48;
47, 280, 17, 951, 352, 27, 186, 1094, 68;
43, 274, 12, 915, 288, -2, 169, 1071, 49;
45, 275, 14, 939, 284, 7, 177, 1072, 55;
43, 271, 11, 920, 238, -9, 168, 1056, 44;
42, 268, 10, 913, 204, -19, 163, 1046, 39;
43, 267, 10, 928, 193, -13, 168, 1044, 42;
43, 266, 10, 931, 169, -16, 168, 1038, 40;
43, 264, 10, 934, 146, -17, 168, 1032, 39;
50, 270, 16, 1002, 189, 24, 195, 1053, 65;
50, 268, 17, 1007, 170, 24, 196, 1048, 66;
41, 258, 7, 925, 64, -32, 161, 1007, 30;
51, 267, 17, 1022, 137, 30, 201, 1041, 69;
50, 264, 16, 1015, 107, 23, 197, 1032, 65;
43, 256, 9, 948, 18, -22, 169, 998, 37;
45, 256, 11, 967, 15, -10, 176, 1001, 44;
44, 254, 10, 962, -10, -14, 174, 993, 42;
46, 255, 12, 979, -13, -2, 181, 995, 49;
51, 258, 17, 1023, 9, 26, 200, 1008, 67;
51, 258, 18, 1028, -4, 31, 202, 1006, 70;
45, 250, 11, 968, -83, -7, 178, 977, 46;
50, 254, 17, 1016, -53, 25, 198, 993, 67;
50, 253, 17, 1013, -73, 26, 197, 988, 67;
42, 244, 9, 937, -166, -22, 167, 953, 37;
42, 242, 8, 927, -192, -25, 164, 945, 34;
50, 249, 17, 1002, -132, 27, 196, 973, 68;
49, 247, 16, 991, -158, 23, 192, 966, 65;
43, 241, 11, 933, -229, -10, 170, 940, 44;
49, 245, 17, 984, -191, 27, 193, 959, 68;
42, 238, 11, 918, -270, -11, 167, 929, 43;
40, 235, 9, 892, -307, -23, 158, 917, 36;
41, 235, 10, 895, -316, -15, 161, 917, 41;
47, 240, 16, 946, -274, 24, 184, 937, 66;
43, 235, 13, 901, -329, 0, 168, 918, 51;
39, 231, 9, 860, -378, -19, 153, 901, 38;
38, 229, 9, 849, -397, -19, 151, 896, 38;
45, 236, 17, 907, -345, 26, 178, 920, 67;
45, 235, 17, 901, -358, 30, 178, 918, 69;
35, 224, 8, 797, -467, -30, 138, 876, 31;
43, 232, 16, 865, -403, 23, 169, 905, 65;
39, 227, 13, 819, -453, 1, 153, 887, 52;
38, 226, 13, 803, -472, 0, 150, 882, 51;
39, 226, 14, 804, -474, 10, 153, 884, 57;
33, 220, 9, 737, -542, -24, 129, 859, 36;
38, 225, 15, 781, -498, 15, 151, 879, 60;
32, 218, 9, 711, -568, -20, 125, 853, 38;
32, 218, 10, 702, -576, -15, 125, 852, 41;
36, 222, 15, 728, -548, 13, 140, 866, 59;
30, 216, 10, 667, -606, -15, 119, 845, 41;
27, 214, 8, 633, -637, -26, 108, 834, 34;
31, 217, 13, 656, -609, 1, 122, 848, 51;
32, 218, 15, 654, -606, 12, 126, 852, 58;
29, 215, 13, 618, -636, 0, 115, 841, 51;
25, 211, 9, 566, -682, -21, 98, 824, 37;
25, 212, 11, 561, -680, -11, 100, 827, 43;
26, 213, 12, 556, -676, 0, 103, 831, 50;
26, 212, 13, 540, -683, 1, 101, 830, 52;
21, 208, 9, 487, -726, -19, 84, 814, 38;
25, 212, 14, 511, -691, 10, 99, 830, 57;
21, 209, 11, 459, -733, -9, 82, 815, 44;
21, 209, 12, 449, -730, -1, 83, 817, 49;
21, 210, 14, 441, -725, 7, 84, 821, 55;
19, 208, 12, 406, -747, 0, 75, 813, 50;
21, 211, 16, 414, -724, 19, 84, 824, 63;
21, 211, 17, 401, -722, 26, 83, 826, 67;
19, 210, 16, 371, -736, 21, 76, 822, 64;
15, 207, 13, 317, -774, 1, 59, 807, 51;
9, 201, 8, 249, -825, -28, 36, 787, 33;
10, 203, 10, 243, -813, -16, 39, 793, 40;
9, 203, 10, 222, -816, -15, 36, 793, 41;
15, 210, 18, 267, -751, 31, 60, 820, 70;
11, 207, 15, 217, -781, 14, 45, 809, 59;
11, 208, 16, 207, -771, 23, 46, 813, 65;
7, 205, 13, 155, -802, 4, 30, 801, 54;
5, 204, 12, 121, -814, 0, 22, 797, 50;
6, 206, 15, 119, -794, 14, 27, 805, 59;
0, 200, 9, 37, -853, -24, -1, 781, 35;
1, 203, 12, 39, -828, -6, 5, 792, 46;
0, 203, 11, 14, -829, -6, 0, 791, 46;
-2, 201, 10, -22, -842, -14, -9, 786, 41;
-2, 202, 11, -36, -830, -7, -9, 791, 46;
0, 205, 14, -35, -805, 9, -3, 802, 56;
0, 208, 17, -32, -775, 27, 3, 813, 68;
-6, 202, 11, -114, -830, -10, -24, 790, 44;
-2, 208, 16, -87, -777, 24, -8, 812, 65;
-10, 201, 9, -179, -842, -21, -40, 785, 37;
-4, 208, 16, -139, -774, 21, -18, 812, 64;
-7, 207, 15, -175, -781, 14, -27, 809, 59;
-9, 206, 13, -214, -792, 3, -38, 803, 53;
-11, 205, 12, -246, -795, -1, -46, 801, 50;
-17, 201, 8, -314, -834, -30, -69, 784, 31;
-10, 210, 16, -256, -747, 23, -39, 819, 65;
-11, 210, 16, -280, -741, 23, -44, 821, 65;
-17, 206, 12, -349, -779, -6, -67, 804, 46;
-18, 206, 12, -370, -770, -5, -70, 807, 47;
-17, 209, 14, -375, -744, 6, -67, 816, 55;
-22, 206, 10, -433, -772, -17, -86, 803, 40;
-16, 213, 17, -392, -699, 25, -64, 832, 66;
-18, 212, 15, -424, -700, 18, -73, 830, 62;
-23, 209, 12, -482, -727, -6, -92, 817, 47;
-22, 212, 13, -488, -700, 4, -89, 826, 54;
-25, 210, 11, -527, -708, -7, -100, 821, 46;
-25, 212, 13, -537, -687, 0, -100, 829, 50;
-25, 214, 14, -545, -662, 8, -99, 837, 56;
-32, 209, 7, -626, -711, -31, -127, 815, 31;
-32, 210, 9, -635, -688, -25, -127, 822, 35;
-27, 217, 14, -599, -620, 11, -107, 848, 58;
-30, 216, 12, -638, -627, -1, -119, 843, 49;
-31, 217, 13, -652, -609, 1, -121, 848, 51;
-32, 217, 12, -677, -601, -2, -127, 849, 49;
-34, 218, 11, -701, -593, -7, -133, 850, 46;
-32, 221, 14, -691, -551, 11, -125, 865, 58;
-39, 216, 8, -766, -595, -27, -152, 845, 33;
-34, 222, 13, -733, -529, 5, -134, 869, 54;
-32, 226, 16, -722, -487, 23, -126, 884, 65;
-37, 223, 12, -777, -510, -2, -145, 872, 49;
-34, 228, 16, -755, -456, 22, -133, 891, 64;
-38, 226, 13, -801, -471, 1, -149, 882, 51;
-38, 227, 13, -811, -450, 3, -150, 888, 53;
-44, 223, 8, -873, -482, -28, -172, 872, 33;
-36, 232, 16, -810, -388, 21, -143, 908, 64;
-45, 226, 8, -898, -446, -28, -177, 881, 33;
-43, 229, 10, -889, -407, -14, -171, 894, 41;
-42, 232, 12, -887, -376, -5, -167, 905, 47;
-38, 238, 17, -847, -306, 28, -148, 930, 68;
-42, 236, 14, -891, -321, 6, -164, 921, 54;
-45, 234, 11, -929, -330, -12, -177, 914, 42;
-42, 239, 14, -907, -280, 7, -166, 932, 55;
-42, 241, 15, -908, -253, 12, -165, 940, 58;
-47, 237, 10, -961, -279, -17, -185, 926, 40;
-49, 236, 8, -985, -276, -28, -193, 924, 33;
-47, 240, 10, -972, -236, -15, -186, 937, 41;
-44, 245, 14, -941, -179, 9, -172, 957, 57;
-44, 247, 14, -944, -156, 11, -172, 963, 58;
-44, 247, 14, -953, -140, 8, -174, 967, 56;
-45, 248, 13, -964, -127, 3, -178, 969, 53;
-45, 250, 14, -964, -103, 6, -177, 975, 55;
-44, 253, 15, -952, -67, 16, -172, 987, 61;
-48, 249, 11, -998, -90, -12, -190, 974, 43;
-43, 256, 16, -951, -21, 20, -170, 999, 63;
-43, 257, 16, -954, -2, 19, -171, 1004, 62;
-44, 258, 15, -958, 14, 16, -173, 1007, 61;
-45, 258, 14, -971, 21, 7, -178, 1007, 55;
-42, 262, 17, -943, 70, 26, -167, 1023, 67;
-48, 258, 12, -991, 41, -6, -187, 1008, 46;
-42, 264, 16, -943, 108, 24, -167, 1033, 66;
-51, 257, 7, -1026, 43, -32, -202, 1002, 30;
-47, 262, 11, -985, 102, -7, -186, 1023, 46;
-50, 261, 9, -1004, 99, -22, -195, 1019, 36;
-50, 261, 8, -1006, 113, -26, -196, 1021, 34;
-41, 271, 17, -922, 212, 25, -163, 1059, 66;
-41, 272, 17, -915, 233, 26, -161, 1064, 67;
-47, 267, 10, -971, 191, -14, -186, 1044, 41;
-42, 274, 15, -916, 259, 17, -164, 1069, 61;
-47, 270, 10, -957, 231, -14, -183, 1053, 41;
-41, 276, 16, -898, 301, 19, -161, 1079, 62;
-39, 279, 17, -874, 336, 29, -153, 1091, 69;
-42, 277, 14, -898, 322, 7, -164, 1082, 55;
-42, 277, 13, -899, 331, 0, -167, 1082, 51;
-45, 276, 10, -914, 324, -16, -176, 1076, 40;
-40, 281, 14, -863, 383, 10, -157, 1098, 57;
-38, 283, 15, -841, 411, 17, -151, 1106, 61;
-37, 285, 16, -820, 438, 23, -145, 1114, 65;
-41, 281, 11, -857, 407, -9, -163, 1099, 45;
-41, 282, 11, -845, 424, -9, -161, 1103, 44;
-34, 289, 17, -776, 496, 26, -135, 1130, 67;
-42, 282, 8, -841, 434, -25, -165, 1101, 34;
-36, 289, 14, -774, 503, 8, -141, 1127, 56;
-33, 291, 16, -745, 534, 18, -132, 1137, 62;
-36, 289, 12, -762, 517, -3, -143, 1128, 49;
-36, 289, 12, -751, 528, -6, -142, 1130, 47;
-34, 291, 13, -725, 553, 0, -135, 1137, 50;
-36, 289, 10, -734, 542, -17, -143, 1130, 40;
-28, 297, 17, -649, 624, 27, -111, 1162, 68;
-30, 296, 15, -653, 617, 13, -117, 1156, 59;
-28, 298, 15, -628, 638, 17, -111, 1163, 62;
-30, 296, 13, -636, 624, 0, -118, 1155, 50;
-25, 301, 16, -580, 674, 24, -99, 1173, 66;
-23, 302, 17, -554, 694, 29, -93, 1180, 69;
-27, 299, 13, -572, 669, 4, -105, 1167, 53;
-22, 303, 17, -518, 714, 26, -87, 1184, 67;
-22, 303, 16, -505, 718, 21, -87, 1183, 64;
-26, 298, 11, -534, 679, -12, -103, 1165, 43;
-20, 304, 16, -464, 738, 20, -79, 1188, 63;
-22, 302, 13, -472, 719, 0, -88, 1179, 51;
-26, 297, 7, -499, 680, -31, -104, 1161, 31;
-15, 308, 17, -384, 782, 30, -61, 1202, 69;
-19, 304, 13, -405, 747, 1, -75, 1186, 51;
-19, 303, 12, -390, 748, -3, -74, 1185, 48;
-12, 310, 18, -313, 810, 32, -47, 1209, 71;
-20, 301, 8, -380, 727, -27, -80, 1174, 33;
-10, 310, 18, -268, 823, 31, -39, 1212, 70;
-9, 310, 17, -253, 821, 25, -38, 1210, 66;
-13, 305, 12, -278, 778, -6, -54, 1192, 46;
-14, 304, 10, -266, 772, -14, -54, 1188, 41;
-9, 308, 14, -208, 811, 8, -36, 1203, 56;
-4, 312, 17, -154, 845, 27, -19, 1217, 68;
-5, 310, 15, -146, 832, 17, -21, 1211, 61;
-11, 303, 8, -189, 768, -27, -44, 1184, 33;
-7, 306, 11, -139, 797, -10, -29, 1195, 44;
-5, 307, 11, -108, 805, -6, -22, 1198, 46;
-5, 306, 10, -94, 797, -13, -22, 1195, 42;
0, 310, 15, -27, 840, 14, 0, 1212, 60;
0, 309, 14, -14, 829, 6, 0, 1207, 55;
-3, 305, 10, -28, 791, -18, -11, 1192, 39;
-1, 306, 10, 2, 797, -14, -4, 1194, 41;
4, 310, 15, 70, 840, 14, 18, 1212, 59;
6, 311, 15, 99, 843, 17, 24, 1213, 61;
1, 304, 9, 64, 780, -23, 4, 1188, 36;
1, 304, 9, 86, 776, -24, 7, 1186, 35;
5, 306, 11, 129, 792, -12, 19, 1193, 43;
6, 306, 11, 160, 795, -7, 27, 1195, 46;
9, 307, 12, 194, 800, -1, 35, 1198, 50;
12, 309, 15, 240, 818, 13, 49, 1206, 59;
16, 311, 17, 289, 839, 30, 64, 1216, 69;
15, 309, 16, 296, 816, 18, 61, 1207, 62;
10, 302, 9, 255, 745, -24, 39, 1179, 35;
10, 301, 8, 271, 732, -29, 40, 1174, 32;
19, 308, 16, 371, 801, 21, 76, 1204, 64;
18, 306, 14, 376, 776, 9, 73, 1195, 57;
19, 305, 14, 396, 766, 7, 76, 1192, 55;
20, 304, 13, 415, 754, 5, 79, 1188, 54;
19, 302, 12, 420, 727, -6, 76, 1179, 47;
20, 301, 11, 437, 713, -9, 78, 1175, 44;
24, 304, 14, 490, 735, 11, 95, 1185, 57;
23, 301, 13, 495, 708, 0, 92, 1176, 51;
21, 297, 9, 483, 664, -22, 82, 1159, 37;
30, 305, 17, 582, 731, 30, 119, 1189, 69;
28, 301, 15, 578, 695, 13, 112, 1176, 59;
31, 302, 16, 613, 698, 23, 122, 1179, 65;
30, 299, 14, 612, 665, 9, 117, 1167, 57;
31, 299, 15, 638, 658, 13, 123, 1167, 59;
32, 298, 14, 654, 643, 12, 126, 1162, 58;
35, 299, 17, 692, 648, 24, 137, 1167, 66;
37, 299, 18, 721, 646, 32, 145, 1168, 71;
35, 296, 15, 715, 607, 16, 138, 1155, 60;
33, 292, 12, 706, 566, -1, 131, 1140, 49;
33, 290, 12, 715, 544, -6, 131, 1133, 47;
37, 292, 14, 758, 555, 11, 145, 1140, 58;
38, 292, 15, 779, 544, 14, 150, 1139, 60;
34, 286, 10, 749, 482, -15, 134, 1116, 41;
40, 290, 15, 815, 517, 18, 158, 1133, 62;
41, 289, 15, 828, 499, 17, 160, 1128, 61;
40, 286, 14, 829, 468, 8, 157, 1118, 56;
43, 288, 16, 866, 475, 24, 170, 1124, 66;
38, 281, 11, 826, 404, -11, 150, 1097, 43;
43, 284, 15, 879, 427, 15, 169, 1110, 60;
37, 277, 9, 834, 352, -22, 147, 1081, 36;
45, 282, 16, 907, 395, 18, 175, 1103, 62;
46, 282, 17, 928, 387, 25, 181, 1102, 66;
44, 278, 14, 912, 343, 8, 173, 1087, 56;
39, 272, 9, 876, 277, -22, 155, 1063, 37;
41, 273, 11, 900, 273, -12, 163, 1064, 43;
47, 277, 16, 957, 302, 20, 185, 1080, 63;
47, 274, 15, 956, 274, 14, 183, 1071, 59;
46, 272, 14, 958, 248, 10, 182, 1064, 57;
40, 264, 7, 900, 164, -32, 156, 1032, 30;
43, 266, 10, 931, 170, -15, 168, 1038, 41;
50, 272, 17, 1005, 217, 29, 197, 1061, 69;
49, 269, 16, 999, 186, 22, 194, 1052, 64;
43, 261, 9, 941, 104, -19, 168, 1021, 38;
44, 261, 11, 958, 97, -10, 175, 1021, 44;
45, 261, 12, 968, 83, -5, 178, 1019, 47;
49, 264, 16, 1008, 101, 19, 194, 1029, 63;
51, 264, 17, 1024, 94, 28, 200, 1030, 68;
43, 254, 9, 946, -5, -24, 168, 992, 35;
50, 260, 16, 1016, 43, 21, 197, 1016, 64;
41, 250, 8, 935, -57, -31, 163, 977, 31;
46, 254, 13, 982, -31, 0, 183, 992, 50;
48, 254, 14, 998, -35, 10, 189, 993, 57;
45, 250, 11, 965, -86, -9, 176, 976, 45;
44, 248, 10, 957, -112, -13, 173, 968, 42;
49, 251, 15, 997, -89, 15, 191, 981, 60;
44, 246, 11, 955, -148, -10, 174, 960, 44;
44, 244, 11, 950, -169, -10, 173, 955, 44;
46, 245, 13, 964, -170, 2, 180, 958, 52;
47, 246, 15, 975, -174, 13, 186, 960, 59;
49, 246, 16, 983, -179, 22, 191, 960, 65;
43, 240, 11, 932, -244, -7, 171, 937, 46;
40, 235, 8, 891, -297, -29, 156, 918, 32;
44, 239, 13, 929, -271, 1, 173, 932, 51;
38, 232, 8, 872, -338, -31, 152, 907, 31;
39, 232, 9, 872, -348, -24, 154, 907, 35;
39, 231, 9, 864, -365, -23, 153, 903, 36;
38, 230, 9, 855, -383, -22, 151, 898, 36;
44, 235, 15, 903, -343, 16, 174, 918, 61;
39, 229, 11, 850, -402, -11, 154, 896, 43;
44, 234, 16, 890, -369, 22, 173, 913, 65;
38, 227, 11, 828, -436, -9, 151, 888, 44;
39, 228, 12, 827, -442, -2, 153, 889, 49;
34, 222, 8, 770, -502, -30, 133, 867, 31;
35, 222, 9, 772, -504, -20, 136, 869, 38;
36, 224, 12, 780, -497, -5, 143, 874, 47;
39, 226, 15, 793, -486, 13, 152, 882, 59;
33, 220, 10, 733, -547, -16, 131, 859, 40;
40, 226, 17, 786, -493, 29, 156, 884, 69;
39, 225, 17, 771, -507, 30, 154, 881, 69;
36, 223, 15, 735, -541, 18, 143, 869, 62;
34, 221, 14, 708, -566, 11, 136, 862, 58;
27, 213, 8, 631, -639, -27, 108, 834, 33;
29, 215, 11, 641, -625, -9, 116, 842, 45;
34, 220, 17, 677, -583, 27, 135, 861, 67;
34, 220, 17, 660, -595, 28, 132, 859, 68;
26, 212, 10, 577, -670, -13, 103, 829, 42;
27, 214, 13, 581, -660, 2, 109, 836, 52;
30, 216, 16, 591, -641, 22, 117, 845, 64;
21, 208, 8, 494, -729, -28, 82, 811, 33;
23, 210, 11, 505, -708, -7, 91, 822, 46;
25, 212, 14, 509, -693, 9, 98, 829, 56;
22, 210, 13, 474, -718, 0, 88, 821, 51;
22, 210, 13, 460, -719, 5, 87, 822, 54;
23, 212, 15, 455, -712, 16, 90, 827, 61;
17, 206, 10, 386, -767, -14, 67, 805, 42;
14, 204, 9, 352, -786, -21, 58, 798, 37;
18, 208, 13, 370, -753, 5, 71, 813, 54;
19, 210, 16, 368, -740, 19, 75, 820, 63;
12, 203, 10, 287, -804, -18, 47, 795, 39;
16, 209, 15, 316, -758, 16, 64, 815, 60;
11, 204, 11, 257, -799, -7, 45, 799, 46;
13, 207, 14, 260, -778, 10, 52, 809, 57;
6, 201, 8, 181, -837, -26, 24, 785, 34;
13, 209, 16, 232, -767, 23, 51, 815, 65;
13, 210, 18, 220, -759, 31, 51, 819, 70;
3, 200, 9, 111, -846, -24, 12, 783, 35;
8, 207, 16, 152, -784, 19, 34, 809, 62;
6, 205, 14, 112, -801, 9, 24, 802, 56;
8, 209, 17, 118, -772, 29, 32, 815, 69;
5, 207, 16, 81, -786, 21, 22, 809, 64;
-3, 199, 8, -16, -860, -27, -12, 779, 33;
-1, 202, 11, -14, -833, -9, -5, 790, 45;
-1, 203, 12, -29, -824, -3, -6, 794, 48;
-1, 204, 13, -45, -814, 2, -7, 797, 52;
0, 207, 16, -39, -783, 22, 0, 810, 65;
0, 209, 18, -49, -766, 32, 1, 817, 71;
-5, 204, 13, -119, -809, 2, -21, 799, 52;
-2, 209, 17, -105, -767, 28, -9, 816, 68;
-3, 209, 17, -129, -764, 28, -14, 816, 68;
-5, 208, 16, -164, -770, 21, -23, 813, 64;
-6, 209, 17, -178, -756, 28, -23, 818, 68;
-9, 208, 15, -219, -769, 16, -35, 812, 61;
-8, 210, 17, -230, -750, 25, -34, 819, 66;
-12, 207, 14, -278, -768, 9, -48, 811, 56;
-15, 206, 12, -322, -783, -4, -61, 804, 48;
-13, 209, 15, -314, -745, 16, -53, 818, 61;
-19, 206, 11, -378, -779, -11, -74, 803, 43;
-15, 211, 16, -353, -722, 21, -58, 825, 64;
-15, 213, 17, -368, -706, 26, -59, 830, 67;
-23, 206, 10, -457, -765, -18, -91, 805, 39;
-20, 210, 13, -445, -721, 4, -81, 821, 53;
-21, 211, 14, -461, -706, 7, -83, 826, 55;
-19, 215, 16, -458, -671, 24, -77, 839, 66;
-22, 214, 15, -492, -673, 16, -86, 836, 61;
-26, 211, 12, -545, -694, -5, -103, 825, 47;
-26, 213, 13, -554, -671, 2, -102, 833, 52;
-27, 214, 13, -574, -659, 2, -106, 836, 52;
-33, 209, 8, -644, -697, -31, -130, 818, 31;
-29, 215, 13, -615, -635, 1, -114, 842, 51;
-27, 219, 16, -606, -595, 19, -106, 856, 63;
-31, 216, 12, -661, -617, -4, -124, 845, 48;
-32, 218, 13, -673, -597, 0, -125, 851, 51;
-37, 214, 8, -732, -624, -27, -146, 837, 33;
-34, 219, 12, -716, -576, -5, -135, 855, 47;
-31, 224, 16, -693, -521, 21, -122, 875, 64;
-34, 222, 13, -734, -530, 5, -135, 869, 54;
-38, 220, 10, -779, -544, -14, -150, 860, 41;
-40, 220, 9, -809, -542, -24, -159, 859, 35;
-34, 228, 16, -754, -456, 22, -133, 892, 64;
-42, 221, 8, -844, -514, -27, -166, 865, 33;
-38, 227, 13, -815, -455, 0, -151, 887, 51;
-37, 230, 14, -813, -421, 11, -147, 897, 58;
-41, 228, 12, -851, -429, -5, -160, 891, 47;
-42, 228, 11, -871, -419, -10, -166, 892, 44;
-41, 231, 12, -869, -387, -1, -162, 903, 50;
-38, 236, 17, -841, -329, 25, -148, 924, 66;
-46, 230, 8, -928, -387, -25, -182, 897, 34;
-47, 230, 8, -945, -375, -30, -186, 899, 32;
-47, 232, 9, -944, -346, -23, -184, 908, 36;
-47, 234, 9, -952, -326, -22, -185, 913, 36;
-47, 235, 9, -960, -305, -21, -186, 918, 37;
-39, 245, 18, -888, -206, 31, -155, 956, 70;
-44, 242, 13, -935, -226, 4, -172, 944, 53;
-43, 244, 15, -931, -195, 12, -169, 954, 58;
-41, 247, 16, -919, -157, 24, -163, 966, 66;
-48, 242, 10, -984, -196, -15, -188, 947, 41;
-43, 248, 15, -944, -131, 14, -171, 970, 60;
-45, 248, 13, -963, -126, 4, -178, 969, 53;
-41, 254, 18, -927, -66, 31, -162, 991, 70;
-49, 247, 9, -1007, -123, -20, -194, 964, 38;
-48, 250, 11, -994, -86, -9, -188, 976, 45;
-46, 253, 13, -981, -51, 0, -183, 987, 51;
-49, 252, 10, -1005, -53, -15, -192, 982, 41;
-48, 254, 11, -995, -22, -8, -188, 992, 45;
-44, 259, 15, -957, 36, 17, -172, 1013, 61;
-48, 256, 11, -996, 17, -9, -188, 1002, 45;
-48, 257, 11, -1000, 32, -12, -190, 1005, 43;
-45, 262, 14, -967, 83, 7, -177, 1022, 55;
-42, 266, 17, -937, 132, 26, -165, 1039, 67;
-43, 266, 16, -946, 140, 18, -170, 1039, 62;
-48, 262, 10, -991, 112, -13, -189, 1024, 42;
-42, 270, 17, -929, 190, 24, -164, 1053, 66;
-48, 265, 10, -981, 153, -13, -187, 1035, 42;
-42, 272, 16, -920, 228, 23, -163, 1062, 65;
-41, 274, 17, -910, 252, 26, -160, 1069, 67;
-50, 266, 7, -991, 184, -32, -196, 1037, 30;
-43, 273, 14, -925, 263, 6, -170, 1067, 55;
-42, 275, 15, -908, 292, 12, -165, 1075, 58;
-44, 274, 12, -926, 284, -5, -174, 1069, 47;
-43, 276, 12, -911, 309, -1, -170, 1076, 50;
-40, 280, 15, -874, 355, 17, -157, 1092, 61;
-37, 283, 17, -844, 394, 30, -147, 1105, 69;
-37, 284, 17, -838, 408, 27, -147, 1108, 67;
-36, 285, 17, -823, 429, 29, -143, 1114, 69;
-45, 277, 8, -901, 358, -30, -178, 1081, 32;
-44, 278, 8, -884, 380, -27, -174, 1087, 33;
-38, 285, 14, -819, 450, 7, -150, 1113, 55;
-33, 290, 18, -768, 504, 32, -132, 1133, 70;
-34, 290, 17, -765, 510, 24, -134, 1133, 66;
-37, 287, 13, -787, 491, 0, -146, 1122, 51;
-33, 292, 16, -740, 538, 21, -130, 1139, 64;
-40, 285, 8, -799, 480, -27, -158, 1112, 33;
-36, 289, 11, -753, 526, -8, -143, 1128, 45;
-32, 293, 15, -704, 574, 14, -126, 1146, 59;
-29, 297, 17, -666, 610, 27, -114, 1158, 68;
-37, 289, 8, -731, 543, -26, -145, 1128, 34;
-29, 297, 15, -649, 621, 15, -115, 1158, 60;
-31, 294, 12, -660, 605, -3, -124, 1149, 48;
-25, 301, 18, -589, 671, 31, -99, 1174, 70;
-29, 296, 12, -620, 634, -2, -116, 1157, 49;
-25, 301, 16, -565, 683, 21, -98, 1175, 64;
-32, 293, 8, -623, 617, -30, -126, 1146, 32;
-27, 298, 12, -564, 668, -4, -106, 1165, 48;
-20, 304, 17, -492, 731, 29, -81, 1189, 69;
-21, 303, 16, -487, 726, 19, -84, 1185, 63;
-28, 296, 7, -543, 659, -32, -112, 1156, 31;
-17, 307, 17, -428, 764, 30, -69, 1197, 69;
-26, 297, 8, -498, 681, -31, -103, 1161, 31;
-23, 300, 10, -455, 712, -16, -90, 1172, 40;
-19, 303, 12, -410, 743, -1, -77, 1184, 49;
-17, 305, 13, -378, 760, 3, -69, 1190, 53;
-15, 306, 14, -344, 779, 11, -60, 1196, 58;
-14, 307, 14, -322, 785, 10, -56, 1198, 57;
-9, 311, 18, -266, 825, 32, -38, 1213, 71;
-18, 302, 8, -331, 743, -26, -70, 1178, 34;
-11, 308, 14, -253, 803, 10, -43, 1202, 57;
-10, 307, 13, -237, 801, 4, -42, 1200, 53;
-10, 307, 12, -222, 797, -1, -41, 1198, 50;
-12, 304, 9, -229, 769, -22, -50, 1185, 37;
-6, 309, 14, -157, 821, 9, -25, 1206, 57;
-11, 303, 8, -187, 770, -26, -44, 1184, 34;
-10, 303, 8, -166, 770, -28, -40, 1184, 33;
-4, 308, 13, -96, 817, 1, -17, 1203, 51;
-1, 310, 15, -55, 835, 12, -6, 1210, 58;
0, 311, 15, -25, 842, 16, 0, 1213, 61;
2, 312, 16, 9, 854, 23, 9, 1218, 65;