-5, 290, -5, 705, -32, -16, -19, 1132, -19;
0, 294, 0, 727, 17, 10, 0, 1146, -3;
4, 297, 2, 744, 64, 35, 17, 1158, 11;
8, 299, 6, 757, 107, 59, 34, 1168, 23;
3, 292, 0, 712, 95, 55, 15, 1142, 1;
2, 289, -1, 687, 103, 61, 9, 1130, -6;
9, 295, 4, 715, 167, 95, 38, 1151, 18;
9, 293, 3, 695, 183, 105, 38, 1143, 15;
9, 291, 3, 675, 200, 115, 38, 1135, 12;
11, 290, 4, 663, 227, 130, 44, 1133, 15;
14, 291, 6, 659, 262, 150, 57, 1137, 25;
12, 287, 3, 620, 264, 152, 48, 1120, 13;
11, 284, 2, 591, 276, 159, 46, 1109, 8;
16, 286, 5, 591, 317, 182, 62, 1117, 23;
19, 287, 8, 585, 354, 202, 76, 1122, 34;
17, 283, 6, 544, 356, 204, 69, 1106, 25;
20, 283, 8, 529, 384, 220, 78, 1106, 32;
27, 288, 15, 544, 443, 251, 107, 1125, 59;
20, 279, 7, 469, 412, 236, 80, 1089, 30;
27, 284, 14, 483, 469, 266, 109, 1109, 57;
21, 275, 8, 410, 440, 253, 84, 1075, 31;
26, 278, 12, 406, 480, 274, 102, 1084, 49;
25, 274, 11, 364, 482, 276, 98, 1070, 43;
24, 271, 9, 323, 485, 278, 94, 1057, 38;
29, 273, 14, 318, 523, 298, 113, 1067, 57;
33, 275, 19, 310, 558, 317, 130, 1076, 74;
32, 273, 18, 271, 560, 319, 128, 1064, 71;
34, 272, 20, 247, 578, 328, 135, 1063, 79;
32, 268, 18, 198, 571, 325, 128, 1047, 72;
29, 263, 15, 142, 554, 317, 115, 1026, 59;
33, 265, 19, 131, 583, 332, 131, 1034, 76;
29, 259, 16, 72, 561, 321, 116, 1011, 62;
31, 259, 18, 48, 574, 328, 123, 1010, 70;
31, 256, 18, 9, 571, 326, 121, 1001, 70;
35, 259, 23, 5, 601, 341, 139, 1012, 90;
35, 257, 23, -31, 598, 339, 138, 1004, 91;
26, 246, 14, -123, 537, 309, 101, 961, 56;
32, 251, 21, -115, 576, 328, 127, 980, 85;
33, 250, 22, -144, 575, 327, 129, 976, 89;
30, 246, 21, -191, 556, 317, 119, 961, 82;
31, 246, 23, -214, 559, 318, 124, 961, 90;
26, 239, 18, -281, 516, 296, 101, 933, 71;
23, 235, 16, -323, 495, 285, 93, 920, 65;
24, 235, 18, -344, 495, 284, 97, 920, 73;
27, 237, 22, -357, 500, 286, 105, 924, 86;
25, 235, 21, -391, 483, 276, 100, 916, 85;
26, 235, 23, -409, 479, 273, 104, 917, 93;
21, 228, 19, -468, 433, 249, 82, 892, 75;
25, 232, 24, -464, 447, 255, 97, 905, 95;
26, 233, 27, -475, 445, 252, 103, 910, 106;
18, 224, 20, -545, 381, 219, 71, 876, 79;
19, 225, 22, -555, 376, 215, 76, 880, 89;
16, 222, 21, -590, 343, 197, 64, 868, 82;
23, 229, 28, -563, 370, 210, 89, 894, 113;
13, 220, 21, -633, 299, 172, 54, 859, 83;
12, 218, 20, -656, 272, 157, 47, 852, 81;
16, 223, 27, -635, 287, 163, 65, 872, 105;
8, 216, 20, -694, 220, 128, 33, 842, 79;
11, 219, 24, -682, 222, 127, 45, 856, 96;
13, 221, 27, -676, 215, 122, 51, 865, 108;
9, 218, 25, -704, 174, 99, 35, 852, 98;
8, 218, 25, -712, 150, 86, 31, 852, 100;
3, 214, 22, -742, 103, 60, 12, 837, 87;
2, 214, 22, -746, 78, 46, 8, 836, 89;
3, 216, 25, -737, 66, 38, 12, 844, 98;
3, 218, 27, -727, 52, 29, 14, 852, 106;
3, 219, 28, -721, 33, 18, 13, 856, 111;
3, 220, 29, -714, 13, 6, 12, 861, 116;
0, 218, 27, -725, -25, -15, -1, 853, 108;
-3, 217, 26, -732, -62, -35, -13, 848, 102;
-9, 213, 21, -757, -118, -65, -36, 831, 83;
-11, 213, 21, -753, -147, -81, -43, 831, 82;
-9, 216, 24, -725, -154, -87, -37, 844, 94;
-7, 221, 27, -692, -155, -89, -27, 861, 108;
-15, 214, 21, -722, -223, -125, -59, 838, 82;
-6, 225, 30, -649, -187, -109, -26, 878, 120;
-9, 224, 29, -642, -219, -127, -36, 877, 115;
-19, 217, 20, -681, -297, -168, -75, 846, 80;
-17, 221, 23, -644, -301, -171, -68, 862, 92;
-19, 220, 22, -633, -331, -188, -77, 861, 87;
-16, 227, 27, -581, -322, -185, -62, 885, 106;
-22, 222, 21, -596, -379, -215, -89, 867, 83;
-22, 225, 23, -561, -387, -220, -85, 880, 90;
-21, 229, 25, -524, -394, -225, -81, 893, 97;
-18, 233, 28, -478, -392, -226, -72, 911, 109;
-20, 234, 27, -456, -413, -237, -78, 914, 106;
-26, 230, 21, -462, -463, -264, -103, 899, 85;
-30, 229, 18, -452, -498, -282, -117, 894, 72;
-29, 232, 19, -415, -504, -286, -115, 905, 76;
-32, 232, 17, -395, -528, -299, -125, 905, 69;
-31, 234, 18, -359, -535, -304, -124, 915, 71;
-27, 241, 22, -298, -517, -296, -108, 940, 89;
-24, 246, 26, -241, -503, -290, -95, 962, 102;
-26, 247, 24, -217, -521, -299, -102, 963, 96;
-26, 248, 24, -186, -531, -305, -105, 969, 93;
-27, 250, 23, -152, -538, -309, -106, 976, 92;
-35, 244, 15, -165, -590, -335, -136, 954, 61;
-32, 249, 17, -115, -579, -330, -128, 971, 70;
-31, 252, 19, -70, -572, -327, -122, 984, 74;
-31, 254, 18, -35, -574, -327, -122, 992, 73;
-33, 254, 16, -12, -586, -334, -130, 992, 64;
-29, 259, 19, 45, -562, -322, -115, 1013, 76;
-29, 261, 19, 80, -560, -320, -114, 1021, 75;
-30, 262, 18, 109, -562, -321, -117, 1025, 70;
-26, 268, 21, 167, -534, -307, -101, 1046, 83;
-30, 265, 16, 172, -557, -318, -118, 1035, 63;
-27, 269, 18, 220, -535, -307, -108, 1052, 70;
-30, 268, 14, 234, -547, -312, -118, 1046, 56;
-28, 271, 15, 276, -528, -302, -110, 1059, 60;
-29, 271, 13, 298, -527, -301, -114, 1059, 52;
-26, 276, 15, 347, -499, -286, -101, 1076, 60;
-24, 278, 15, 379, -484, -277, -97, 1084, 59;
-27, 276, 11, 386, -492, -281, -108, 1076, 43;
-23, 280, 13, 434, -458, -262, -93, 1094, 53;
-25, 279, 10, 446, -458, -261, -99, 1090, 41;
-26, 279, 8, 464, -451, -256, -102, 1089, 33;
-18, 287, 15, 534, -388, -224, -70, 1122, 58;
-19, 287, 12, 546, -382, -219, -74, 1120, 48;
-18, 287, 11, 566, -366, -210, -73, 1122, 43;
-20, 285, 7, 569, -365, -208, -80, 1115, 29;
-20, 286, 6, 584, -350, -199, -79, 1115, 23;
-13, 293, 11, 641, -289, -167, -51, 1143, 44;
-11, 295, 11, 665, -261, -151, -43, 1150, 45;
-15, 290, 5, 646, -273, -155, -60, 1131, 21;
-10, 295, 8, 687, -224, -129, -39, 1150, 34;
-10, 293, 6, 688, -213, -122, -42, 1145, 23;
-8, 295, 6, 705, -182, -105, -34, 1151, 24;
-11, 291, 1, 691, -182, -103, -44, 1137, 6;
-8, 293, 2, 709, -148, -84, -33, 1144, 9;
-3, 297, 5, 741, -96, -56, -12, 1161, 22;
-9, 290, -2, 700, -117, -65, -36, 1133, -9;
0, 298, 5, 755, -40, -24, 0, 1166, 19;
-5, 291, -2, 712, -59, -32, -22, 1137, -11;
-3, 292, -2, 720, -26, -13, -12, 1142, -10;
-1, 293, -2, 724, 4, 3, -4, 1144, -9;
1, 294, -2, 729, 38, 22, 5, 1148, -7;
5, 296, 0, 739, 79, 44, 19, 1156, -1;
2, 292, -5, 708, 80, 47, 9, 1139, -19;
4, 292, -5, 706, 111, 64, 18, 1140, -19;
3, 289, -8, 679, 118, 70, 12, 1127, -33;
11, 295, -2, 710, 186, 105, 43, 1150, -10;
10, 292, -5, 687, 200, 114, 41, 1141, -19;
14, 294, -3, 688, 239, 136, 56, 1147, -13;
17, 294, -2, 682, 272, 154, 66, 1149, -10;
11, 287, -10, 623, 253, 146, 44, 1119, -39;
18, 291, -5, 640, 311, 177, 71, 1137, -20;
12, 283, -12, 579, 291, 168, 49, 1107, -49;
18, 287, -8, 588, 342, 196, 72, 1121, -33;
24, 291, -4, 598, 395, 223, 96, 1136, -15;
21, 285, -9, 545, 386, 220, 82, 1113, -36;
21, 283, -10, 515, 399, 228, 82, 1104, -42;
24, 284, -8, 506, 434, 247, 96, 1109, -34;
27, 284, -7, 492, 464, 263, 108, 1111, -29;
27, 282, -8, 459, 475, 270, 108, 1102, -35;
28, 280, -9, 430, 490, 278, 110, 1095, -38;
27, 277, -11, 390, 494, 282, 107, 1082, -46;
22, 270, -18, 325, 472, 272, 88, 1055, -70;
30, 276, -11, 340, 531, 302, 119, 1077, -43;
28, 271, -14, 290, 524, 299, 110, 1059, -57;
33, 274, -10, 285, 561, 319, 129, 1069, -42;
32, 271, -12, 246, 564, 320, 127, 1058, -48;
28, 264, -17, 181, 540, 309, 110, 1032, -69;
25, 259, -21, 129, 528, 304, 99, 1013, -83;
26, 258, -21, 100, 538, 309, 104, 1009, -82;
32, 262, -16, 99, 576, 328, 125, 1023, -62;
31, 259, -17, 56, 571, 326, 121, 1011, -69;
28, 254, -21, 4, 555, 318, 110, 993, -82;
29, 253, -20, -25, 560, 320, 113, 989, -81;
35, 257, -15, -22, 596, 339, 136, 1005, -59;
33, 254, -17, -67, 583, 332, 129, 991, -67;
33, 252, -17, -100, 581, 331, 129, 985, -68;
31, 249, -19, -143, 567, 324, 123, 972, -75;
34, 250, -16, -156, 582, 330, 135, 978, -63;
29, 244, -21, -221, 543, 310, 113, 951, -85;
24, 238, -26, -280, 508, 292, 95, 928, -102;
27, 240, -22, -289, 523, 299, 108, 937, -88;
28, 239, -22, -315, 517, 295, 109, 933, -87;
24, 234, -25, -365, 486, 279, 95, 915, -100;
23, 232, -26, -398, 470, 270, 90, 907, -102;
29, 237, -20, -387, 497, 282, 113, 926, -78;
21, 229, -27, -458, 439, 252, 83, 894, -106;
22, 229, -25, -474, 435, 249, 87, 896, -99;
23, 230, -24, -488, 429, 245, 91, 898, -93;
22, 228, -24, -514, 410, 234, 87, 892, -94;
26, 232, -19, -508, 422, 239, 102, 907, -76;
23, 229, -21, -541, 392, 222, 91, 895, -83;
18, 224, -25, -586, 348, 199, 72, 877, -98;
22, 229, -20, -572, 360, 203, 89, 893, -78;
11, 218, -29, -653, 276, 160, 46, 851, -116;
12, 219, -28, -660, 264, 152, 48, 854, -111;
16, 223, -23, -643, 273, 155, 63, 872, -90;
13, 221, -24, -668, 240, 136, 52, 863, -97;
12, 220, -24, -680, 217, 123, 48, 861, -96;
7, 216, -28, -714, 169, 98, 29, 845, -110;
7, 217, -27, -717, 150, 86, 28, 847, -106;
7, 218, -26, -718, 132, 75, 27, 850, -101;
8, 220, -23, -708, 124, 69, 33, 860, -91;
8, 221, -22, -706, 104, 58, 31, 863, -86;
4, 218, -24, -727, 60, 34, 15, 852, -97;
2, 218, -24, -729, 34, 19, 10, 852, -97;
2, 220, -23, -719, 18, 9, 11, 858, -90;
3, 222, -21, -705, 4, 0, 13, 866, -82;
-5, 215, -28, -747, -67, -37, -19, 839, -110;
-1, 220, -23, -711, -62, -36, -5, 860, -90;
-4, 219, -24, -715, -98, -56, -17, 855, -95;
-10, 215, -28, -735, -151, -85, -39, 840, -112;
-6, 220, -23, -695, -147, -85, -26, 861, -93;
-14, 215, -29, -723, -211, -118, -55, 839, -116;
-7, 224, -21, -658, -183, -106, -27, 874, -83;
-16, 217, -29, -695, -258, -146, -64, 846, -113;
-12, 223, -23, -646, -249, -143, -48, 870, -92;
-14, 223, -24, -635, -279, -159, -57, 870, -95;
-20, 219, -29, -648, -333, -188, -81, 854, -113;
-13, 228, -20, -576, -303, -175, -53, 891, -80;
-23, 221, -28, -609, -378, -214, -91, 862, -112;
-20, 226, -24, -558, -370, -211, -78, 885, -94;
-16, 233, -19, -505, -360, -208, -63, 908, -74;
-18, 233, -20, -488, -387, -222, -72, 909, -78;
-22, 231, -22, -481, -423, -242, -87, 902, -88;
-19, 236, -18, -430, -416, -240, -76, 923, -72;
-24, 234, -22, -426, -457, -261, -94, 914, -86;
-29, 231, -26, -426, -501, -285, -115, 902, -103;
-25, 237, -21, -367, -486, -278, -100, 926, -83;
-23, 242, -18, -319, -480, -276, -91, 944, -71;
-28, 239, -21, -312, -518, -296, -109, 935, -85;
-28, 241, -21, -282, -529, -302, -112, 941, -84;
-26, 246, -18, -229, -519, -298, -102, 961, -70;
-34, 240, -25, -245, -577, -327, -134, 937, -99;
-33, 243, -23, -204, -576, -327, -131, 949, -93;
-28, 250, -18, -137, -549, -314, -112, 976, -71;
-30, 250, -19, -114, -565, -323, -120, 976, -76;
-29, 254, -17, -68, -557, -319, -113, 991, -67;
-31, 253, -19, -48, -575, -328, -123, 988, -75;
-36, 251, -23, -41, -603, -342, -140, 978, -91;
-26, 262, -13, 55, -541, -311, -102, 1024, -51;
-35, 255, -21, 32, -597, -339, -137, 996, -84;
-36, 256, -22, 60, -601, -341, -141, 999, -87;
-27, 266, -13, 148, -543, -312, -106, 1039, -51;
-27, 267, -13, 178, -542, -311, -108, 1044, -52;
-31, 265, -16, 189, -558, -318, -121, 1037, -64;
-26, 271, -12, 248, -524, -301, -103, 1060, -46;
-27, 272, -12, 272, -525, -300, -107, 1061, -50;
-24, 275, -10, 317, -501, -288, -96, 1076, -40;
-28, 273, -13, 324, -514, -294, -109, 1067, -53;
-22, 280, -8, 388, -470, -270, -86, 1093, -31;
-29, 274, -15, 368, -506, -288, -115, 1069, -60;
-20, 283, -7, 446, -442, -255, -81, 1105, -27;
-29, 275, -15, 417, -484, -274, -113, 1076, -61;
-21, 284, -8, 488, -424, -243, -83, 1108, -32;
-23, 282, -10, 496, -424, -242, -90, 1102, -41;
-21, 284, -9, 525, -401, -229, -83, 1110, -36;
-18, 288, -6, 564, -367, -211, -70, 1124, -25;
-25, 281, -13, 536, -397, -224, -97, 1098, -54;
-17, 289, -6, 600, -334, -191, -66, 1128, -25;
-18, 288, -8, 605, -327, -186, -71, 1123, -32;
-14, 291, -5, 639, -288, -165, -57, 1137, -20;
-17, 288, -9, 629, -293, -166, -69, 1123, -35;
-13, 292, -5, 666, -248, -142, -51, 1139, -20;
-13, 291, -6, 670, -234, -133, -52, 1136, -24;
-11, 292, -5, 687, -205, -117, -45, 1141, -20;
-14, 288, -9, 670, -208, -116, -57, 1125, -35;
-5, 297, 0, 731, -131, -76, -20, 1159, -1;
-3, 298, 0, 741, -103, -60, -13, 1162, 2;
0, 300, 2, 758, -66, -40, -1, 1170, 10;
-4, 294, -2, 727, -76, -43, -18, 1148, -9;
1, 299, 2, 759, -20, -13, 5, 1167, 10;
-2, 294, -1, 729, -26, -14, -8, 1147, -6;
-1, 293, -1, 724, -4, -1, -6, 1144, -7;
2, 295, 1, 737, 37, 21, 8, 1153, 4;
4, 296, 2, 738, 68, 38, 16, 1155, 8;
1, 291, -1, 705, 66, 39, 4, 1136, -6;
8, 296, 4, 733, 127, 72, 31, 1156, 17;
4, 291, 0, 694, 122, 71, 18, 1135, 0;
11, 296, 6, 722, 185, 104, 46, 1156, 25;
12, 295, 6, 705, 206, 116, 48, 1151, 24;
13, 293, 6, 689, 227, 129, 51, 1146, 25;
10, 288, 2, 648, 224, 129, 40, 1126, 10;
11, 288, 3, 634, 251, 144, 46, 1124, 13;
20, 294, 10, 660, 317, 179, 78, 1147, 42;
16, 288, 6, 612, 310, 177, 64, 1125, 26;
13, 283, 3, 568, 309, 178, 54, 1106, 14;
14, 282, 3, 545, 328, 190, 57, 1100, 15;
17, 282, 5, 531, 357, 205, 67, 1101, 22;
25, 288, 13, 552, 421, 239, 99, 1123, 52;
27, 287, 15, 534, 447, 253, 107, 1122, 58;
22, 280, 9, 467, 424, 243, 85, 1092, 35;
20, 275, 6, 423, 424, 244, 78, 1075, 26;
23, 277, 10, 413, 458, 262, 93, 1081, 40;
25, 276, 11, 390, 480, 274, 100, 1079, 46;
26, 275, 12, 360, 493, 282, 103, 1072, 48;
25, 271, 11, 319, 496, 284, 99, 1060, 43;
23, 267, 9, 271, 490, 282, 91, 1042, 35;
25, 267, 11, 251, 513, 294, 101, 1043, 44;
26, 266, 12, 220, 524, 300, 104, 1038, 47;
28, 265, 14, 195, 540, 309, 110, 1036, 54;
26, 261, 11, 145, 530, 305, 102, 1018, 46;
34, 266, 19, 158, 583, 332, 132, 1041, 77;
30, 261, 16, 102, 566, 323, 119, 1020, 65;
34, 263, 21, 91, 593, 337, 135, 1028, 82;
27, 254, 13, 9, 547, 314, 106, 991, 54;
36, 261, 23, 29, 603, 342, 140, 1018, 90;
27, 250, 15, -59, 548, 315, 107, 977, 58;
27, 249, 15, -92, 548, 315, 107, 971, 61;
31, 251, 20, -102, 569, 325, 122, 979, 78;
34, 252, 24, -113, 588, 334, 135, 986, 93;
29, 246, 19, -179, 550, 315, 114, 959, 75;
33, 248, 23, -186, 570, 324, 129, 969, 93;
29, 243, 20, -242, 539, 308, 113, 948, 80;
26, 238, 18, -290, 514, 295, 101, 931, 72;
26, 238, 19, -316, 509, 292, 103, 928, 77;
27, 238, 21, -337, 508, 290, 107, 928, 85;
31, 241, 26, -339, 524, 297, 122, 940, 104;
31, 240, 28, -363, 516, 292, 123, 937, 109;
24, 232, 21, -433, 459, 263, 94, 906, 84;
22, 230, 21, -466, 438, 251, 87, 897, 82;
20, 227, 20, -501, 413, 238, 79, 886, 78;
25, 232, 26, -488, 434, 247, 99, 905, 103;
16, 223, 19, -561, 367, 212, 65, 870, 74;
22, 228, 26, -541, 391, 222, 88, 892, 102;
16, 222, 21, -597, 337, 194, 63, 867, 82;
22, 228, 28, -573, 360, 204, 86, 890, 111;
22, 228, 29, -586, 345, 195, 86, 891, 116;
15, 222, 25, -636, 290, 166, 61, 867, 97;
15, 222, 26, -645, 275, 156, 61, 869, 103;
16, 223, 28, -648, 263, 149, 63, 873, 111;
16, 225, 30, -650, 250, 140, 65, 877, 119;
6, 215, 21, -719, 169, 98, 25, 840, 84;
13, 223, 30, -677, 196, 110, 53, 870, 117;
11, 222, 29, -692, 165, 92, 44, 865, 115;
4, 216, 24, -732, 106, 61, 18, 843, 95;
0, 212, 21, -758, 59, 36, 0, 830, 82;
7, 221, 30, -705, 90, 49, 30, 865, 118;
3, 218, 27, -726, 46, 25, 14, 853, 108;
3, 220, 29, -719, 27, 14, 13, 858, 113;
1, 219, 28, -721, -2, -2, 6, 857, 111;
-2, 217, 26, -735, -44, -25, -9, 847, 101;
0, 222, 30, -701, -41, -25, 3, 867, 120;
-7, 215, 23, -740, -112, -63, -29, 840, 92;
-3, 221, 29, -700, -106, -61, -14, 862, 113;
-5, 221, 29, -691, -131, -76, -20, 864, 113;
-7, 221, 27, -688, -163, -94, -29, 862, 109;
-8, 222, 28, -673, -185, -107, -32, 867, 110;
-11, 220, 26, -674, -224, -128, -46, 861, 101;
-15, 219, 24, -671, -261, -148, -59, 857, 93;
-13, 224, 27, -633, -263, -151, -51, 873, 106;
-11, 227, 29, -599, -269, -156, -45, 888, 116;
-21, 219, 20, -635, -347, -196, -84, 857, 81;
-23, 220, 20, -617, -372, -210, -90, 860, 79;
-21, 224, 23, -576, -374, -213, -83, 876, 90;
-21, 226, 23, -548, -389, -222, -84, 885, 93;
-25, 225, 20, -543, -427, -242, -100, 878, 80;
-26, 227, 20, -515, -443, -251, -102, 885, 81;
-26, 228, 20, -487, -459, -261, -105, 891, 81;
-23, 234, 25, -432, -448, -256, -91, 914, 97;
-28, 231, 20, -430, -490, -278, -110, 904, 80;
-24, 237, 24, -374, -478, -273, -97, 927, 95;
-25, 239, 24, -340, -487, -279, -97, 935, 96;
-27, 239, 22, -319, -510, -292, -106, 935, 89;
-25, 243, 24, -275, -508, -292, -101, 950, 96;
-28, 243, 22, -254, -530, -303, -110, 950, 87;
-27, 246, 23, -214, -532, -305, -107, 961, 90;
-28, 247, 22, -183, -542, -310, -111, 966, 87;
-32, 246, 18, -169, -568, -324, -124, 961, 73;
-30, 249, 20, -125, -563, -322, -119, 974, 78;
-35, 247, 15, -118, -595, -338, -137, 964, 60;
-32, 251, 17, -68, -582, -332, -128, 981, 68;
-35, 251, 14, -48, -598, -340, -137, 979, 57;
-32, 256, 17, 6, -579, -330, -125, 999, 68;
-32, 257, 16, 37, -581, -331, -127, 1003, 64;
-30, 261, 18, 88, -563, -322, -117, 1021, 72;
-32, 261, 15, 107, -574, -327, -125, 1019, 61;
-29, 265, 17, 157, -554, -317, -115, 1035, 69;
-28, 268, 18, 197, -541, -310, -109, 1046, 71;
-25, 272, 20, 245, -519, -299, -99, 1062, 78;
-29, 269, 14, 249, -540, -308, -115, 1051, 58;
-33, 267, 10, 255, -557, -316, -129, 1041, 39;
-23, 277, 18, 342, -490, -282, -93, 1082, 72;
-29, 272, 11, 331, -520, -296, -116, 1063, 44;
-26, 276, 13, 379, -489, -280, -102, 1080, 52;
-27, 277, 11, 399, -484, -276, -105, 1080, 45;
-23, 280, 13, 443, -454, -260, -92, 1095, 52;
-26, 278, 9, 448, -460, -262, -103, 1087, 36;
-28, 277, 6, 459, -458, -260, -109, 1083, 24;
-20, 285, 12, 525, -399, -229, -80, 1114, 47;
-23, 283, 7, 526, -404, -230, -90, 1104, 30;
-20, 285, 8, 558, -374, -214, -80, 1114, 33;
-17, 288, 9, 591, -342, -196, -69, 1126, 38;
-23, 283, 2, 570, -362, -204, -90, 1104, 10;
-14, 292, 9, 639, -290, -167, -55, 1139, 38;
-20, 285, 1, 609, -315, -178, -80, 1113, 6;
-10, 294, 9, 678, -239, -138, -42, 1149, 36;
-16, 288, 1, 646, -261, -147, -66, 1123, 5;
-15, 289, 1, 662, -235, -132, -59, 1127, 4;
-14, 289, 0, 672, -210, -118, -55, 1129, 1;
-6, 295, 5, 720, -148, -85, -26, 1154, 21;
-6, 295, 4, 724, -126, -72, -23, 1153, 16;
-11, 289, -2, 692, -139, -77, -42, 1130, -10;
-5, 294, 0, 723, -87, -49, -21, 1147, 2;
-7, 290, -3, 705, -82, -45, -29, 1134, -12;
2, 299, 4, 760, -3, -3, 9, 1167, 17;
-1, 294, -1, 728, -9, -4, -5, 1147, -5;
-2, 291, -4, 710, 0, 2, -10, 1136, -18;
0, 292, -4, 715, 35, 21, 0, 1140, -16;
2, 293, -3, 719, 69, 40, 10, 1144, -14;
6, 295, -1, 728, 111, 63, 25, 1152, -6;
9, 296, -1, 728, 145, 82, 35, 1155, -4;
8, 293, -4, 706, 157, 90, 32, 1145, -15;
11, 294, -2, 706, 194, 110, 45, 1150, -11;
11, 293, -4, 688, 213, 121, 46, 1143, -17;
14, 293, -4, 679, 243, 138, 54, 1143, -16;
17, 294, -2, 679, 282, 160, 69, 1150, -9;
15, 290, -7, 638, 281, 161, 59, 1131, -27;
14, 287, -9, 609, 294, 169, 57, 1120, -36;
14, 285, -10, 584, 310, 178, 58, 1113, -42;
16, 284, -11, 562, 331, 190, 62, 1108, -45;
18, 284, -10, 549, 360, 207, 72, 1108, -42;
19, 282, -11, 523, 378, 217, 75, 1102, -46;
21, 282, -11, 504, 402, 230, 82, 1100, -45;
18, 277, -15, 457, 399, 230, 72, 1082, -61;
25, 281, -10, 465, 452, 258, 98, 1098, -41;
23, 277, -13, 420, 451, 258, 91, 1081, -54;
22, 274, -15, 384, 459, 263, 89, 1071, -60;
22, 272, -16, 350, 468, 269, 89, 1062, -66;
23, 270, -17, 318, 480, 276, 91, 1055, -68;
29, 274, -12, 323, 528, 301, 116, 1071, -48;
27, 270, -15, 274, 522, 299, 108, 1053, -61;
31, 271, -12, 262, 552, 314, 123, 1059, -50;
29, 267, -15, 215, 547, 312, 116, 1044, -61;
27, 263, -18, 165, 537, 308, 107, 1026, -73;
28, 261, -19, 133, 545, 313, 109, 1021, -74;
31, 262, -16, 117, 568, 324, 122, 1025, -64;
31, 260, -17, 80, 569, 325, 121, 1016, -68;
33, 260, -15, 59, 585, 333, 130, 1017, -61;
35, 261, -13, 40, 602, 342, 140, 1020, -53;
36, 260, -13, 8, 605, 343, 142, 1014, -53;
36, 258, -14, -26, 602, 342, 141, 1007, -55;
31, 252, -18, -88, 573, 327, 123, 983, -73;
31, 250, -19, -121, 570, 325, 123, 976, -74;
32, 249, -18, -148, 572, 325, 126, 974, -72;
34, 250, -16, -166, 581, 330, 135, 977, -63;
33, 248, -17, -203, 570, 324, 131, 968, -67;
34, 247, -16, -228, 568, 322, 134, 965, -63;
30, 242, -19, -281, 538, 306, 119, 946, -77;
25, 236, -25, -342, 497, 285, 98, 921, -97;
25, 236, -23, -364, 493, 282, 101, 920, -93;
29, 238, -20, -369, 504, 287, 114, 929, -79;
23, 232, -25, -428, 461, 264, 92, 905, -98;
24, 232, -23, -445, 456, 261, 96, 906, -92;
23, 230, -24, -476, 436, 249, 90, 898, -95;
19, 226, -27, -518, 402, 231, 77, 883, -106;
25, 231, -21, -503, 424, 240, 97, 903, -82;
21, 227, -24, -544, 387, 221, 82, 887, -94;
23, 229, -20, -545, 388, 220, 92, 896, -81;
23, 229, -20, -561, 372, 210, 90, 895, -79;
16, 222, -26, -619, 313, 179, 63, 867, -103;
19, 225, -22, -611, 317, 180, 74, 880, -87;
11, 218, -28, -667, 255, 147, 45, 852, -112;
10, 217, -29, -684, 229, 133, 39, 848, -113;
10, 218, -27, -688, 216, 124, 41, 852, -106;
13, 222, -23, -675, 217, 123, 52, 866, -90;
10, 220, -24, -693, 185, 105, 42, 859, -95;
8, 218, -25, -710, 152, 87, 33, 853, -100;
9, 220, -23, -704, 141, 79, 36, 860, -91;
9, 222, -21, -698, 126, 70, 38, 866, -84;
9, 222, -21, -700, 103, 56, 35, 868, -81;
4, 219, -24, -723, 57, 31, 17, 855, -94;
0, 216, -26, -740, 15, 8, 2, 845, -103;
-2, 215, -28, -750, -22, -11, -10, 838, -110;
1, 220, -22, -712, -12, -8, 6, 861, -87;
-7, 212, -30, -761, -91, -50, -31, 830, -119;
-2, 220, -23, -711, -73, -42, -8, 859, -91;
-2, 221, -22, -699, -93, -54, -10, 864, -87;
-7, 218, -25, -714, -142, -81, -30, 852, -101;
-7, 220, -23, -693, -156, -90, -28, 861, -93;
-9, 220, -24, -687, -188, -107, -37, 860, -96;
-10, 221, -24, -672, -210, -120, -40, 864, -94;
-11, 222, -24, -658, -235, -135, -46, 867, -94;
-9, 226, -20, -622, -238, -138, -38, 883, -80;
-20, 217, -30, -665, -323, -182, -81, 849, -117;
-15, 225, -23, -605, -304, -174, -60, 878, -91;
-17, 225, -24, -591, -331, -190, -68, 879, -93;
-16, 229, -21, -554, -337, -194, -63, 893, -83;
-15, 232, -19, -521, -347, -200, -60, 905, -75;
-23, 226, -26, -541, -411, -234, -92, 882, -101;
-17, 234, -18, -473, -386, -223, -69, 915, -73;
-24, 229, -24, -485, -442, -252, -96, 896, -96;
-24, 232, -23, -449, -450, -257, -95, 907, -90;
-24, 234, -22, -418, -464, -265, -96, 915, -87;
-22, 239, -18, -368, -458, -263, -86, 934, -72;
-28, 235, -24, -374, -507, -289, -111, 918, -93;
-22, 243, -17, -302, -478, -275, -88, 950, -66;
-33, 235, -26, -333, -553, -314, -130, 918, -104;
-24, 247, -16, -239, -501, -288, -93, 963, -64;
-26, 246, -18, -220, -524, -301, -104, 961, -71;
-33, 241, -24, -227, -573, -325, -131, 943, -95;
-28, 249, -18, -157, -542, -311, -109, 973, -70;
-35, 244, -25, -169, -594, -337, -139, 951, -97;
-36, 245, -24, -135, -599, -340, -140, 958, -96;
-28, 255, -16, -49, -551, -316, -109, 997, -63;
-36, 249, -23, -64, -602, -342, -140, 974, -92;
-35, 252, -22, -25, -599, -340, -138, 984, -87;
-29, 260, -16, 47, -560, -321, -114, 1014, -62;
-28, 262, -14, 86, -554, -317, -111, 1025, -57;
-27, 265, -13, 127, -544, -312, -106, 1036, -52;
-31, 263, -17, 134, -567, -324, -122, 1026, -67;
-31, 264, -17, 164, -565, -322, -123, 1031, -67;
-31, 266, -16, 199, -557, -318, -121, 1038, -65;
-25, 273, -11, 264, -517, -297, -100, 1065, -43;
-26, 273, -12, 285, -519, -298, -105, 1064, -48;
-24, 276, -9, 331, -495, -284, -94, 1080, -37;
-30, 271, -15, 320, -525, -299, -117, 1060, -62;
-32, 270, -18, 333, -529, -300, -125, 1056, -70;
-28, 275, -14, 385, -494, -281, -109, 1075, -55;
-22, 282, -8, 445, -448, -257, -86, 1101, -33;
-21, 283, -8, 471, -433, -249, -84, 1105, -32;
-28, 277, -15, 451, -463, -263, -110, 1082, -59;
-26, 280, -13, 485, -437, -248, -101, 1092, -52;
-24, 281, -12, 511, -417, -237, -96, 1098, -49;
-15, 290, -4, 584, -348, -201, -61, 1133, -16;
-24, 281, -13, 544, -390, -220, -96, 1099, -53;
-21, 285, -11, 577, -356, -202, -83, 1111, -43;
-22, 284, -12, 584, -346, -195, -86, 1108, -48;
-15, 290, -6, 640, -286, -164, -59, 1134, -23;
-13, 292, -4, 662, -258, -148, -50, 1141, -18;
-17, 287, -9, 642, -268, -151, -67, 1123, -37;
-14, 290, -7, 667, -233, -132, -55, 1132, -28;
-15, 288, -9, 662, -225, -126, -61, 1124, -37;
-5, 297, 0, 726, -147, -85, -22, 1159, -1;
-2, 299, 1, 745, -111, -65, -10, 1167, 6;
-4, 296, -1, 732, -106, -61, -18, 1155, -4;
-9, 290, -6, 699, -119, -66, -37, 1132, -26;
-1, 297, 0, 745, -50, -29, -5, 1159, 2;
-3, 293, -2, 724, -47, -26, -14, 1145, -10;
-2, 294, -1, 727, -19, -10, -8, 1146, -7;
4, 298, 3, 758, 39, 20, 17, 1166, 14;
6, 299, 4, 757, 67, 36, 23, 1166, 17;
0, 291, -1, 709, 49, 29, 1, 1137, -7;
7, 297, 4, 741, 113, 63, 30, 1159, 17;
8, 295, 4, 727, 132, 75, 31, 1153, 15;
10, 296, 5, 723, 163, 92, 39, 1155, 21;
5, 289, 0, 672, 148, 86, 19, 1127, -2;
9, 291, 3, 679, 192, 110, 36, 1136, 11;
12, 292, 5, 676, 227, 129, 48, 1139, 20;
9, 287, 1, 636, 226, 131, 37, 1121, 6;
18, 293, 9, 666, 296, 167, 71, 1146, 37;
16, 290, 7, 630, 300, 171, 64, 1131, 28;
18, 289, 8, 614, 326, 186, 71, 1128, 32;
15, 283, 4, 566, 320, 185, 58, 1107, 17;
22, 288, 11, 582, 379, 215, 86, 1126, 43;
17, 281, 5, 520, 361, 208, 66, 1097, 21;
23, 285, 11, 531, 415, 236, 92, 1114, 45;
18, 277, 5, 466, 394, 227, 71, 1084, 22;
19, 276, 6, 441, 413, 238, 76, 1079, 25;
20, 275, 7, 415, 431, 248, 80, 1074, 28;
22, 274, 8, 391, 451, 259, 87, 1071, 33;
31, 281, 17, 416, 520, 295, 123, 1099, 69;
25, 273, 11, 341, 488, 280, 98, 1064, 43;
23, 268, 8, 293, 483, 278, 90, 1047, 34;
33, 276, 19, 322, 556, 315, 130, 1079, 74;
32, 273, 18, 282, 558, 317, 127, 1067, 71;
27, 266, 13, 216, 533, 305, 108, 1039, 52;
33, 269, 18, 213, 571, 325, 129, 1051, 73;
29, 264, 15, 155, 554, 317, 115, 1029, 60;
33, 265, 19, 144, 582, 331, 131, 1037, 76;
26, 256, 12, 60, 537, 309, 101, 999, 47;
35, 263, 22, 85, 599, 340, 138, 1028, 86;
30, 257, 17, 19, 570, 326, 120, 1002, 68;
32, 256, 19, -5, 579, 330, 126, 1001, 76;
28, 250, 15, -66, 552, 317, 109, 977, 61;
34, 255, 23, -57, 593, 337, 136, 997, 90;
26, 245, 15, -143, 538, 309, 103, 958, 59;
31, 249, 21, -144, 567, 323, 123, 972, 82;
27, 244, 18, -199, 540, 309, 108, 952, 70;
32, 247, 23, -199, 565, 321, 127, 965, 92;
31, 245, 23, -235, 554, 315, 124, 957, 92;
23, 236, 16, -314, 497, 286, 92, 921, 64;
25, 236, 19, -333, 499, 287, 98, 922, 74;
27, 237, 21, -348, 503, 287, 105, 926, 85;
24, 233, 20, -391, 478, 274, 95, 912, 78;
21, 229, 17, -437, 447, 257, 82, 895, 69;
28, 236, 26, -413, 484, 275, 111, 922, 103;
27, 234, 26, -442, 466, 265, 107, 916, 103;
21, 228, 21, -500, 417, 239, 83, 890, 84;
27, 233, 28, -483, 441, 250, 106, 911, 112;
19, 225, 22, -549, 380, 218, 76, 881, 87;
20, 226, 24, -558, 374, 213, 80, 885, 96;
24, 230, 29, -550, 384, 217, 95, 899, 116;
12, 219, 19, -636, 297, 172, 50, 854, 76;
19, 226, 27, -604, 325, 184, 76, 882, 108;
15, 222, 25, -640, 284, 162, 60, 867, 98;
15, 222, 26, -649, 268, 152, 60, 868, 103;
10, 218, 23, -686, 222, 127, 41, 851, 90;
9, 217, 23, -700, 196, 113, 35, 848, 90;
6, 215, 21, -722, 161, 94, 24, 840, 85;
6, 216, 23, -720, 147, 85, 26, 845, 93;
12, 222, 30, -687, 163, 91, 46, 869, 119;
1, 213, 21, -753, 78, 47, 4, 831, 83;
1, 214, 23, -746, 64, 38, 7, 838, 91;
7, 221, 30, -707, 80, 44, 28, 864, 118;
-2, 213, 22, -759, 3, 3, -8, 832, 87;
0, 217, 26, -736, 0, 0, 0, 847, 102;
-1, 216, 25, -740, -30, -17, -7, 845, 99;
-8, 212, 20, -766, -86, -46, -31, 827, 81;
-2, 219, 27, -720, -71, -41, -11, 854, 107;
-9, 214, 22, -748, -131, -73, -37, 834, 86;
-5, 220, 28, -704, -120, -69, -20, 859, 109;
-11, 216, 23, -725, -177, -100, -44, 842, 90;
-6, 222, 29, -676, -164, -95, -26, 868, 113;
-14, 217, 22, -702, -228, -129, -55, 847, 89;
-13, 220, 25, -675, -238, -136, -52, 858, 97;
-15, 220, 24, -664, -267, -152, -60, 859, 94;
-13, 224, 27, -628, -272, -156, -53, 874, 106;
-16, 223, 24, -623, -308, -176, -65, 870, 97;
-19, 222, 23, -614, -340, -193, -76, 868, 90;
-23, 220, 20, -611, -380, -215, -93, 861, 78;
-20, 226, 24, -562, -374, -213, -80, 882, 94;
-20, 229, 25, -529, -384, -220, -78, 893, 99;
-25, 226, 21, -529, -428, -243, -98, 883, 83;
-23, 230, 23, -489, -432, -246, -92, 897, 91;
-27, 228, 20, -483, -469, -266, -109, 890, 78;
-30, 228, 18, -465, -496, -281, -119, 890, 70;
-21, 239, 27, -376, -451, -259, -84, 933, 107;
-26, 237, 23, -370, -488, -279, -101, 925, 91;
-24, 241, 25, -324, -485, -279, -94, 941, 100;
-28, 239, 21, -316, -521, -297, -112, 933, 84;
-32, 238, 18, -303, -551, -313, -126, 928, 71;
-33, 239, 17, -274, -564, -320, -130, 932, 68;
-34, 240, 16, -242, -574, -326, -133, 938, 65;
-26, 250, 24, -158, -530, -304, -102, 977, 96;
-34, 244, 16, -174, -586, -333, -135, 953, 63;
-29, 251, 21, -106, -557, -319, -115, 981, 83;
-30, 252, 20, -76, -566, -323, -119, 985, 78;
-30, 254, 19, -43, -569, -325, -120, 992, 76;
-33, 253, 16, -24, -586, -334, -130, 989, 64;
-36, 252, 13, -8, -604, -343, -141, 985, 51;
-29, 261, 19, 71, -557, -319, -113, 1020, 77;
-29, 262, 18, 100, -560, -321, -116, 1024, 72;
-33, 260, 14, 109, -582, -331, -131, 1015, 54;
-32, 262, 14, 147, -573, -326, -127, 1025, 55;
-29, 267, 16, 197, -550, -314, -116, 1042, 63;
-31, 267, 13, 218, -554, -316, -121, 1041, 54;
-28, 271, 15, 267, -530, -303, -110, 1058, 61;
-25, 275, 17, 312, -506, -290, -99, 1073, 68;
-28, 273, 13, 323, -516, -294, -110, 1066, 53;
-27, 275, 13, 354, -504, -287, -107, 1072, 51;
-23, 280, 16, 408, -466, -268, -90, 1094, 64;
-21, 283, 17, 445, -444, -255, -82, 1104, 66;
-23, 281, 13, 454, -447, -256, -90, 1099, 52;
-23, 282, 11, 475, -436, -250, -91, 1100, 46;
-23, 282, 10, 497, -423, -242, -90, 1103, 41;
-19, 287, 12, 539, -387, -222, -75, 1119, 50;
-16, 289, 13, 571, -359, -207, -66, 1129, 53;
-17, 289, 11, 585, -348, -200, -67, 1128, 45;
-14, 291, 12, 614, -320, -184, -58, 1137, 47;
-13, 293, 12, 637, -295, -170, -51, 1143, 46;
-18, 287, 4, 613, -315, -178, -73, 1120, 18;
-11, 294, 10, 671, -251, -145, -43, 1149, 41;
-12, 292, 6, 668, -246, -141, -50, 1140, 26;
-16, 288, 1, 651, -253, -142, -64, 1124, 4;
-12, 291, 3, 681, -211, -120, -48, 1137, 12;
-12, 290, 1, 684, -194, -110, -48, 1134, 5;
-6, 295, 4, 720, -142, -82, -26, 1153, 19;
-9, 291, 0, 703, -141, -79, -37, 1138, 0;
-7, 293, 0, 715, -110, -62, -28, 1143, 1;
0, 299, 6, 759, -44, -27, 1, 1168, 23;
-5, 292, -1, 717, -62, -34, -20, 1141, -7;
2, 298, 3, 756, 0, 0, 7, 1164, 13;
0, 295, 0, 735, 7, 4, 0, 1151, -1;
-1, 291, -4, 712, 12, 8, -7, 1137, -18;
4, 296, 0, 742, 72, 40, 19, 1157, 0;
7, 298, 1, 747, 109, 60, 31, 1163, 3;
1, 289, -7, 691, 85, 51, 5, 1130, -29;
6, 293, -4, 707, 135, 78, 26, 1143, -17;
8, 293, -4, 702, 165, 94, 34, 1144, -16;
6, 288, -8, 667, 167, 97, 24, 1127, -34;
13, 294, -3, 692, 230, 131, 53, 1148, -12;
8, 287, -10, 639, 216, 125, 34, 1120, -39;
19, 295, -1, 679, 296, 167, 74, 1152, -7;
17, 291, -5, 645, 302, 172, 68, 1138, -20;
16, 288, -7, 613, 312, 178, 65, 1125, -31;
16, 285, -10, 581, 322, 185, 62, 1114, -40;
15, 282, -12, 548, 331, 191, 59, 1102, -50;
25, 290, -4, 580, 406, 230, 97, 1131, -19;
17, 280, -14, 501, 371, 214, 67, 1092, -55;
26, 287, -6, 530, 444, 251, 105, 1120, -24;
21, 279, -13, 462, 419, 241, 82, 1089, -52;
26, 281, -10, 460, 461, 263, 102, 1099, -39;
29, 283, -7, 450, 496, 281, 116, 1104, -30;
24, 275, -14, 382, 471, 270, 95, 1074, -56;
24, 273, -15, 348, 481, 276, 95, 1065, -61;
30, 276, -11, 347, 524, 298, 117, 1077, -45;
25, 268, -17, 281, 500, 287, 97, 1049, -69;
26, 268, -17, 254, 516, 296, 102, 1045, -68;
26, 265, -18, 217, 521, 299, 102, 1035, -72;
28, 265, -17, 192, 537, 308, 109, 1034, -69;
26, 261, -20, 144, 530, 305, 102, 1018, -80;
34, 267, -13, 160, 585, 333, 133, 1042, -51;
30, 261, -17, 101, 565, 323, 119, 1020, -68;
32, 261, -16, 75, 577, 329, 125, 1018, -64;
35, 262, -13, 63, 602, 342, 140, 1025, -52;
34, 259, -15, 19, 593, 337, 134, 1012, -59;
26, 249, -23, -65, 542, 312, 102, 973, -93;
29, 251, -20, -77, 562, 322, 116, 980, -80;
28, 248, -21, -116, 555, 318, 113, 970, -85;
29, 247, -21, -149, 552, 316, 113, 964, -85;
33, 250, -17, -152, 577, 328, 131, 976, -67;
30, 245, -21, -206, 550, 314, 117, 956, -81;
32, 246, -18, -224, 557, 317, 124, 959, -73;
32, 245, -18, -250, 554, 315, 126, 956, -71;
27, 238, -23, -311, 514, 294, 106, 931, -90;
28, 239, -21, -329, 516, 294, 112, 933, -83;
27, 237, -21, -361, 502, 286, 108, 926, -85;
21, 230, -27, -426, 453, 261, 84, 898, -108;
29, 237, -19, -400, 492, 279, 114, 926, -76;
24, 231, -23, -454, 450, 257, 95, 904, -93;
27, 234, -20, -455, 459, 261, 107, 915, -78;
18, 224, -28, -535, 388, 223, 70, 876, -112;
17, 223, -28, -559, 369, 213, 66, 871, -112;
19, 226, -25, -559, 373, 213, 77, 881, -99;
23, 230, -20, -548, 386, 218, 93, 897, -79;
21, 227, -21, -576, 357, 202, 84, 889, -84;
20, 226, -21, -596, 335, 190, 79, 884, -85;
17, 223, -23, -626, 300, 170, 67, 873, -93;
18, 225, -21, -627, 293, 165, 72, 880, -83;
9, 217, -29, -689, 221, 128, 38, 847, -113;
10, 219, -26, -688, 212, 121, 42, 854, -104;
13, 222, -23, -677, 210, 119, 51, 866, -90;
13, 222, -21, -680, 193, 108, 51, 868, -85;
11, 222, -22, -690, 166, 93, 45, 866, -86;
4, 216, -27, -734, 104, 60, 17, 842, -108;
6, 218, -24, -721, 97, 55, 23, 853, -96;
2, 216, -26, -737, 59, 34, 11, 845, -104;
1, 217, -26, -736, 35, 20, 7, 847, -102;
2, 219, -23, -723, 23, 12, 10, 856, -93;
3, 221, -22, -711, 7, 2, 12, 863, -86;
-7, 212, -31, -767, -77, -42, -29, 827, -122;
-7, 213, -30, -756, -96, -53, -30, 832, -117;
-3, 219, -24, -715, -87, -50, -13, 856, -94;
-8, 216, -27, -728, -133, -75, -31, 845, -106;
-11, 215, -29, -732, -172, -96, -45, 839, -114;
-6, 222, -22, -680, -155, -90, -24, 867, -87;
-12, 217, -27, -701, -214, -121, -50, 849, -107;
-15, 216, -29, -698, -249, -141, -62, 846, -113;
-16, 218, -27, -676, -266, -151, -62, 853, -108;
-10, 226, -21, -620, -250, -144, -42, 882, -82;
-13, 226, -21, -609, -279, -161, -51, 881, -85;
-13, 228, -20, -582, -294, -170, -51, 890, -80;
-19, 224, -25, -594, -349, -199, -76, 874, -99;
-24, 221, -29, -597, -395, -223, -96, 863, -114;
-18, 229, -22, -531, -372, -213, -73, 895, -86;
-19, 231, -21, -507, -391, -224, -77, 900, -85;
-25, 228, -25, -508, -436, -248, -97, 889, -100;
-29, 226, -28, -501, -472, -268, -113, 883, -111;
-25, 232, -23, -444, -460, -262, -98, 907, -92;
-30, 230, -27, -440, -500, -284, -117, 897, -106;
-31, 231, -27, -412, -515, -292, -120, 903, -105;
-22, 242, -17, -322, -470, -270, -86, 946, -67;
-31, 235, -25, -346, -536, -305, -123, 919, -99;
-30, 239, -23, -303, -536, -305, -118, 933, -91;
-33, 237, -26, -289, -565, -321, -132, 928, -101;
-30, 244, -21, -229, -547, -312, -117, 951, -83;
-26, 249, -17, -172, -531, -305, -104, 973, -67;
-32, 245, -22, -174, -573, -326, -127, 958, -87;
-25, 254, -14, -94, -532, -306, -100, 993, -57;
-27, 255, -15, -67, -544, -312, -105, 996, -60;
-32, 251, -20, -67, -582, -331, -128, 981, -81;
-29, 256, -17, -13, -564, -323, -116, 1001, -67;
-35, 252, -22, -15, -600, -341, -139, 985, -88;
-33, 256, -20, 31, -587, -334, -131, 1000, -78;
-32, 259, -19, 70, -580, -330, -127, 1010, -74;
-29, 264, -15, 126, -555, -318, -113, 1030, -59;
-27, 267, -13, 171, -540, -310, -106, 1044, -50;
-33, 262, -19, 162, -576, -328, -131, 1024, -75;
-25, 272, -11, 244, -520, -299, -99, 1062, -43;
-25, 273, -10, 275, -514, -295, -99, 1067, -42;
-33, 266, -19, 250, -561, -318, -132, 1038, -76;
-23, 277, -9, 343, -489, -281, -92, 1083, -36;
-26, 276, -12, 353, -498, -285, -103, 1076, -47;
-27, 275, -13, 373, -496, -283, -106, 1076, -51;
-25, 278, -11, 409, -475, -271, -99, 1086, -45;
-21, 283, -8, 455, -441, -254, -85, 1103, -32;
-25, 280, -11, 457, -451, -257, -97, 1093, -46;
-23, 282, -10, 490, -427, -244, -90, 1102, -40;
-17, 288, -5, 543, -382, -220, -69, 1124, -21;
-23, 282, -11, 523, -407, -231, -92, 1102, -46;
-21, 285, -10, 553, -380, -216, -84, 1111, -39;
-14, 292, -3, 614, -320, -185, -55, 1140, -13;
-22, 284, -11, 578, -355, -201, -85, 1109, -46;
-15, 290, -6, 629, -300, -172, -61, 1133, -24;
-14, 291, -5, 648, -276, -158, -55, 1137, -21;
-12, 292, -4, 665, -252, -144, -50, 1141, -18;
-15, 289, -7, 657, -251, -142, -59, 1130, -30;
-13, 291, -6, 676, -221, -125, -51, 1136, -25;
-13, 290, -7, 677, -206, -116, -52, 1131, -29;
-10, 291, -5, 694, -173, -98, -42, 1138, -22;
-7, 294, -2, 718, -132, -76, -27, 1149, -11;
-5, 295, -2, 725, -106, -60, -22, 1150, -8;
-2, 297, 0, 744, -66, -39, -8, 1160, 1;
-1, 297, 0, 744, -44, -25, -5, 1158, 1;
0, 297, 0, 746, -16, -10, 0, 1158, 3;
-3, 292, -3, 716, -20, -10, -12, 1139, -12;
5, 299, 4, 759, 49, 26, 19, 1166, 16;
2, 295, 0, 732, 52, 30, 10, 1151, 3;
5, 295, 2, 734, 84, 48, 19, 1153, 9;
0, 290, -2, 693, 76, 46, 3, 1131, -9;
11, 298, 7, 742, 158, 89, 44, 1164, 27;
10, 295, 5, 717, 169, 96, 40, 1152, 20;
12, 295, 6, 713, 201, 113, 49, 1154, 26;
16, 297, 9, 717, 242, 136, 64, 1161, 38;
10, 290, 3, 660, 223, 128, 42, 1131, 13;
15, 292, 7, 667, 270, 153, 61, 1142, 30;
13, 287, 4, 625, 268, 154, 50, 1123, 16;
14, 287, 5, 609, 294, 169, 57, 1120, 20;
21, 292, 11, 625, 352, 199, 84, 1139, 44;
20, 288, 9, 587, 356, 203, 78, 1123, 36;
22, 288, 11, 575, 387, 220, 88, 1125, 44;
17, 280, 5, 511, 366, 211, 67, 1095, 21;
26, 287, 13, 537, 435, 247, 102, 1121, 54;
27, 286, 14, 513, 456, 258, 107, 1117, 58;
24, 280, 11, 459, 446, 255, 94, 1094, 43;
28, 282, 15, 453, 483, 275, 111, 1102, 58;
30, 281, 16, 429, 504, 286, 117, 1099, 63;
23, 273, 9, 354, 472, 271, 92, 1064, 37;
26, 273, 12, 338, 500, 286, 103, 1067, 48;
31, 276, 17, 334, 539, 307, 123, 1078, 67;
25, 267, 11, 260, 508, 291, 99, 1044, 42;
34, 274, 20, 282, 572, 324, 135, 1072, 78;
27, 265, 12, 200, 531, 305, 106, 1034, 50;
33, 269, 18, 201, 573, 326, 129, 1049, 73;
28, 261, 14, 134, 546, 313, 110, 1021, 55;
26, 258, 12, 87, 538, 309, 103, 1006, 48;
35, 264, 21, 107, 596, 339, 138, 1033, 84;
34, 262, 21, 67, 593, 337, 135, 1022, 83;
35, 261, 22, 36, 598, 340, 137, 1017, 87;
33, 256, 20, -12, 584, 333, 129, 1001, 79;
29, 251, 17, -71, 558, 320, 113, 979, 66;
27, 247, 15, -116, 545, 313, 106, 965, 61;
29, 248, 18, -135, 556, 318, 115, 968, 72;
28, 245, 18, -172, 547, 313, 111, 959, 72;
26, 242, 17, -217, 530, 304, 103, 945, 66;
30, 245, 21, -222, 550, 314, 119, 955, 85;
32, 245, 24, -243, 553, 315, 124, 956, 94;
25, 237, 18, -314, 505, 290, 99, 926, 72;
25, 236, 19, -342, 497, 285, 98, 921, 75;
29, 239, 24, -341, 517, 294, 116, 935, 96;
28, 237, 24, -376, 498, 284, 109, 925, 94;
26, 235, 24, -408, 480, 274, 105, 917, 93;
26, 234, 25, -431, 470, 267, 104, 915, 98;
20, 227, 19, -496, 416, 239, 78, 886, 76;
20, 227, 21, -514, 406, 233, 79, 885, 82;
25, 231, 27, -502, 424, 241, 98, 903, 105;
24, 231, 28, -522, 409, 232, 96, 901, 109;
17, 224, 22, -581, 352, 202, 70, 874, 87;
19, 225, 25, -585, 348, 198, 76, 880, 99;
17, 224, 25, -609, 323, 184, 69, 874, 98;
12, 218, 20, -655, 273, 157, 47, 853, 81;
10, 217, 20, -676, 246, 142, 40, 847, 79;
9, 216, 20, -690, 224, 130, 36, 845, 81;
11, 219, 24, -681, 223, 128, 46, 857, 97;
8, 216, 22, -708, 184, 106, 31, 845, 88;
6, 216, 22, -720, 158, 91, 26, 842, 89;
9, 219, 26, -705, 157, 89, 36, 856, 104;
6, 217, 25, -721, 123, 70, 25, 849, 100;
8, 220, 28, -708, 116, 65, 32, 860, 112;
1, 215, 23, -747, 56, 33, 5, 838, 92;
5, 220, 29, -714, 65, 36, 22, 860, 114;
-3, 212, 21, -765, -9, -3, -13, 829, 84;
-3, 214, 23, -756, -27, -14, -13, 835, 90;
1, 220, 29, -714, -13, -9, 6, 861, 115;
-4, 216, 25, -738, -68, -38, -16, 844, 98;
0, 222, 30, -701, -62, -37, -2, 866, 118;
-3, 220, 28, -706, -100, -58, -15, 859, 111;
-13, 213, 20, -747, -175, -97, -50, 831, 80;
-4, 224, 30, -673, -136, -80, -16, 873, 120;
-10, 219, 25, -693, -193, -110, -41, 856, 100;
-8, 223, 28, -662, -200, -115, -34, 870, 111;
-13, 220, 25, -670, -246, -140, -53, 860, 97;
-12, 224, 27, -637, -253, -146, -48, 873, 108;
-18, 220, 22, -651, -308, -174, -72, 858, 88;
-20, 220, 21, -637, -336, -190, -80, 859, 84;
-19, 223, 23, -603, -344, -196, -76, 871, 92;
-16, 228, 27, -557, -340, -195, -65, 892, 107;
-17, 230, 27, -533, -359, -207, -68, 897, 107;
-20, 229, 25, -522, -392, -224, -80, 894, 98;
-20, 232, 26, -487, -400, -230, -78, 906, 104;
-22, 232, 24, -471, -428, -245, -88, 905, 97;
-19, 237, 28, -421, -422, -243, -77, 925, 110;
-29, 229, 19, -450, -495, -281, -116, 895, 74;
-25, 236, 23, -389, -478, -273, -99, 921, 93;
-28, 235, 21, -373, -506, -288, -111, 919, 83;
-29, 236, 20, -347, -523, -298, -116, 922, 79;
-28, 240, 21, -303, -522, -298, -111, 937, 85;
-30, 240, 20, -278, -540, -308, -118, 939, 79;
-30, 242, 20, -244, -548, -313, -119, 946, 79;
-30, 245, 20, -205, -550, -314, -117, 957, 81;
-32, 245, 18, -184, -570, -325, -126, 956, 72;
-31, 248, 19, -141, -566, -323, -122, 969, 76;
-28, 253, 22, -89, -553, -317, -112, 987, 85;
-34, 249, 16, -88, -590, -335, -133, 973, 63;
-28, 257, 21, -18, -556, -319, -111, 1003, 83;
-34, 253, 15, -18, -592, -337, -134, 988, 60;
-36, 253, 12, 2, -605, -343, -142, 987, 50;
-27, 264, 21, 95, -545, -313, -105, 1030, 84;
-30, 262, 18, 110, -561, -321, -117, 1025, 70;
-26, 267, 20, 163, -538, -309, -104, 1044, 80;
-30, 265, 16, 173, -556, -318, -118, 1036, 63;
-31, 265, 13, 194, -562, -320, -124, 1035, 54;
-28, 270, 16, 246, -534, -306, -110, 1054, 64;
-30, 269, 13, 264, -541, -308, -118, 1051, 52;
-24, 276, 17, 327, -499, -286, -96, 1077, 70;
-30, 271, 10, 316, -529, -301, -120, 1057, 41;
-23, 279, 17, 391, -472, -271, -90, 1091, 67;
-31, 272, 7, 363, -515, -292, -122, 1062, 29;
-30, 274, 7, 395, -498, -282, -118, 1069, 28;
-23, 281, 12, 458, -447, -255, -92, 1097, 48;
-21, 283, 12, 491, -424, -243, -85, 1106, 50;
-25, 280, 7, 485, -437, -248, -101, 1092, 28;
-17, 289, 14, 559, -369, -213, -66, 1128, 56;
-17, 288, 12, 571, -360, -207, -69, 1126, 47;
-19, 286, 8, 575, -358, -205, -76, 1119, 33;
-22, 283, 3, 569, -364, -206, -89, 1106, 14;
-12, 294, 12, 648, -282, -163, -47, 1147, 49;
-19, 286, 3, 611, -315, -178, -76, 1116, 12;
-15, 290, 5, 645, -274, -156, -61, 1131, 20;
-14, 291, 4, 662, -249, -142, -55, 1135, 19;
-11, 292, 5, 682, -218, -124, -46, 1142, 20;
-7, 296, 7, 711, -176, -102, -30, 1154, 28;
-4, 298, 8, 732, -141, -82, -18, 1163, 32;
-3, 298, 7, 740, -116, -68, -14, 1164, 28;
-7, 293, 1, 715, -123, -69, -29, 1145, 6;
-9, 290, -2, 698, -120, -66, -38, 1132, -10;
-3, 294, 0, 729, -66, -37, -15, 1149, 3;
-6, 291, -3, 708, -63, -34, -24, 1135, -14;
0, 295, 0, 738, -7, -4, -1, 1153, 1;
4, 298, 2, 756, 37, 19, 15, 1164, 10;
-1, 291, -4, 712, 22, 14, -4, 1138, -17;
1, 292, -4, 714, 54, 32, 4, 1140, -17;
2, 292, -5, 709, 81, 47, 10, 1139, -19;
5, 292, -4, 709, 114, 66, 20, 1142, -17;
12, 298, 1, 740, 180, 101, 50, 1165, 4;
4, 288, -8, 670, 146, 85, 18, 1126, -34;
8, 290, -7, 675, 188, 108, 34, 1133, -27;
14, 294, -2, 691, 242, 137, 57, 1149, -11;
17, 294, -2, 683, 273, 154, 66, 1150, -10;
15, 290, -6, 647, 277, 158, 59, 1134, -24;
14, 287, -9, 614, 285, 163, 54, 1121, -36;
14, 285, -10, 591, 303, 174, 57, 1114, -41;
22, 291, -4, 615, 369, 209, 89, 1138, -16;
16, 283, -12, 546, 343, 197, 64, 1103, -48;
18, 282, -11, 530, 370, 212, 72, 1103, -46;
25, 287, -6, 541, 425, 241, 98, 1120, -26;
27, 287, -5, 525, 453, 257, 108, 1121, -23;
23, 280, -11, 465, 437, 250, 91, 1094, -46;
29, 284, -7, 468, 484, 274, 113, 1107, -29;
25, 277, -13, 409, 469, 268, 97, 1082, -51;
27, 277, -12, 388, 492, 281, 106, 1081, -47;
23, 270, -17, 328, 475, 273, 90, 1056, -68;
23, 269, -18, 295, 486, 279, 91, 1049, -72;
24, 267, -18, 264, 497, 286, 94, 1042, -73;
27, 268, -16, 249, 525, 301, 107, 1047, -64;
33, 271, -12, 248, 566, 322, 129, 1060, -46;
33, 269, -12, 214, 573, 326, 130, 1052, -49;
33, 268, -13, 180, 579, 329, 131, 1045, -51;
33, 265, -14, 142, 581, 330, 130, 1036, -55;
27, 257, -20, 69, 546, 313, 107, 1004, -81;
27, 255, -21, 35, 549, 315, 107, 997, -83;
36, 262, -13, 52, 603, 342, 140, 1023, -52;
28, 252, -21, -30, 555, 318, 110, 986, -84;
32, 254, -18, -40, 578, 330, 125, 993, -70;
29, 250, -21, -91, 559, 320, 114, 976, -82;
34, 254, -15, -90, 591, 336, 136, 991, -62;
28, 246, -22, -163, 548, 314, 111, 960, -87;
27, 244, -23, -199, 539, 309, 108, 951, -90;
29, 244, -21, -220, 545, 311, 114, 953, -84;
27, 241, -23, -260, 529, 303, 108, 941, -90;
24, 236, -26, -313, 499, 287, 93, 922, -104;
33, 244, -17, -283, 549, 312, 129, 954, -66;
32, 243, -17, -312, 539, 306, 128, 948, -67;
25, 235, -23, -383, 486, 278, 100, 917, -93;
31, 239, -17, -373, 510, 289, 121, 935, -70;
20, 228, -27, -461, 435, 251, 81, 892, -108;
20, 228, -27, -484, 424, 244, 80, 889, -106;
24, 231, -22, -481, 437, 249, 95, 903, -88;
18, 225, -27, -536, 388, 223, 73, 878, -108;
17, 224, -28, -561, 368, 212, 68, 873, -109;
24, 230, -20, -535, 397, 225, 95, 899, -80;
22, 228, -21, -565, 369, 209, 85, 890, -85;
18, 224, -24, -603, 329, 188, 70, 874, -97;
17, 223, -24, -621, 308, 176, 66, 871, -96;
13, 220, -27, -653, 271, 156, 52, 859, -106;
14, 221, -25, -658, 259, 148, 54, 863, -99;
10, 218, -28, -688, 219, 126, 40, 850, -109;
11, 219, -25, -685, 211, 120, 44, 857, -100;
9, 219, -25, -699, 184, 105, 38, 854, -101;
9, 219, -24, -702, 166, 94, 37, 857, -97;
3, 214, -30, -743, 107, 63, 12, 835, -117;
9, 221, -22, -703, 128, 72, 36, 863, -88;
8, 221, -22, -705, 105, 58, 32, 863, -86;
5, 219, -23, -719, 69, 38, 20, 857, -92;
2, 218, -25, -729, 34, 18, 10, 851, -97;
-3, 213, -29, -760, -22, -11, -14, 832, -116;
0, 217, -25, -733, -23, -13, -3, 849, -99;
1, 221, -21, -707, -27, -17, 5, 864, -85;
-2, 219, -23, -716, -67, -39, -8, 856, -93;
0, 222, -20, -693, -75, -45, -3, 869, -81;
-7, 217, -26, -720, -137, -78, -30, 849, -103;
-7, 220, -24, -698, -149, -86, -27, 859, -94;
-15, 214, -30, -730, -218, -122, -59, 835, -120;
-16, 215, -30, -714, -240, -135, -63, 839, -118;
-8, 225, -21, -645, -208, -121, -33, 877, -82;
-18, 217, -29, -682, -285, -161, -71, 847, -114;
-18, 219, -28, -658, -301, -171, -71, 856, -109;
-15, 225, -23, -611, -296, -170, -58, 877, -90;
-15, 227, -22, -585, -312, -179, -59, 885, -86;
-22, 221, -28, -606, -375, -212, -89, 864, -111;
-19, 227, -23, -553, -365, -209, -74, 888, -91;
-20, 228, -23, -533, -388, -222, -81, 890, -92;
-26, 225, -27, -536, -435, -247, -102, 878, -108;
-19, 234, -20, -464, -406, -234, -77, 913, -78;
-27, 229, -26, -478, -464, -264, -106, 893, -102;
-21, 237, -18, -406, -437, -251, -82, 926, -73;
-28, 232, -25, -418, -493, -280, -110, 907, -98;
-32, 231, -27, -406, -525, -297, -124, 902, -108;
-27, 238, -21, -341, -503, -287, -105, 930, -84;
-24, 244, -17, -286, -491, -282, -93, 951, -69;
-23, 246, -16, -250, -497, -286, -92, 961, -64;
-29, 242, -21, -251, -541, -309, -116, 947, -84;
-34, 239, -26, -248, -579, -329, -136, 935, -101;
-27, 249, -17, -166, -538, -308, -107, 972, -69;
-27, 251, -17, -130, -543, -311, -108, 980, -67;
-33, 247, -22, -129, -581, -331, -129, 967, -86;
-28, 255, -16, -61, -550, -316, -109, 995, -63;
-31, 253, -19, -50, -576, -329, -124, 988, -76;
-32, 254, -20, -21, -583, -332, -128, 991, -78;
-32, 256, -19, 16, -580, -331, -126, 1000, -75;
-26, 264, -12, 88, -541, -311, -102, 1031, -50;
-35, 256, -22, 61, -599, -340, -140, 1000, -86;
-31, 262, -17, 122, -569, -325, -123, 1023, -68;
-27, 267, -13, 177, -543, -311, -108, 1043, -53;
-30, 266, -16, 190, -557, -318, -120, 1037, -64;
-34, 264, -19, 200, -573, -325, -133, 1030, -76;
-33, 266, -19, 234, -562, -319, -130, 1037, -74;
-25, 275, -11, 312, -507, -291, -100, 1072, -44;
-29, 272, -14, 319, -520, -297, -113, 1063, -57;
-32, 270, -17, 326, -531, -301, -125, 1055, -69;
-27, 275, -13, 379, -494, -282, -107, 1076, -53;
-28, 276, -14, 401, -488, -277, -109, 1077, -56;
-25, 279, -12, 439, -462, -263, -99, 1089, -47;
-27, 277, -14, 446, -466, -264, -109, 1082, -58;
-19, 286, -6, 521, -399, -229, -74, 1118, -25;
-22, 283, -10, 517, -409, -233, -88, 1105, -41;
-25, 281, -13, 520, -411, -233, -97, 1097, -52;
-20, 286, -9, 566, -368, -210, -79, 1116, -35;
-19, 287, -8, 587, -346, -197, -74, 1120, -33;
-13, 293, -3, 638, -294, -170, -51, 1144, -12;
-20, 285, -11, 600, -327, -185, -81, 1112, -45;
-10, 295, -2, 673, -248, -144, -41, 1151, -8;
-18, 286, -10, 631, -283, -159, -73, 1117, -42;
-15, 288, -8, 655, -249, -141, -62, 1126, -34;
-6, 297, 0, 715, -176, -102, -27, 1159, -2;
-6, 297, 0, 722, -156, -90, -24, 1158, -2;
-12, 290, -7, 687, -175, -98, -47, 1132, -28;
-1, 299, 2, 751, -93, -55, -6, 1168, 8;
-3, 296, 0, 737, -87, -51, -14, 1157, -2;
-4, 294, -2, 725, -77, -44, -19, 1147, -10;
-6, 291, -4, 711, -69, -37, -24, 1137, -18;
-3, 293, -2, 721, -33, -18, -13, 1142, -11;
0, 295, 0, 737, 9, 5, 2, 1153, 0;
0, 294, 0, 727, 27, 16, 2, 1147, -2;
4, 296, 2, 741, 70, 39, 18, 1156, 10;
4, 294, 1, 723, 84, 48, 15, 1147, 4;
9, 297, 5, 741, 135, 75, 36, 1161, 22;
3, 290, 0, 688, 116, 68, 14, 1131, -3;
9, 294, 4, 708, 171, 97, 37, 1148, 17;
15, 297, 9, 722, 223, 125, 59, 1161, 35;
11, 292, 5, 681, 219, 125, 46, 1141, 19;
12, 290, 4, 660, 237, 136, 47, 1133, 17;
13, 290, 5, 645, 262, 150, 53, 1131, 20;
20, 294, 11, 663, 320, 180, 79, 1149, 44;
21, 292, 11, 640, 338, 191, 81, 1142, 44;
20, 290, 10, 610, 351, 199, 80, 1132, 40;
22, 289, 11, 593, 376, 213, 87, 1130, 44;
17, 282, 6, 535, 361, 207, 69, 1103, 24;
24, 287, 12, 548, 418, 237, 97, 1121, 50;
20, 281, 8, 491, 404, 232, 80, 1096, 32;
22, 280, 9, 467, 424, 243, 85, 1092, 35;
24, 280, 11, 453, 454, 259, 97, 1094, 45;
29, 283, 16, 450, 495, 281, 116, 1104, 63;
22, 273, 8, 368, 457, 263, 86, 1065, 32;
25, 274, 11, 354, 487, 279, 99, 1069, 44;
29, 275, 14, 342, 519, 296, 113, 1074, 58;
32, 276, 17, 326, 546, 310, 125, 1077, 69;
25, 266, 10, 246, 508, 292, 98, 1040, 41;
25, 264, 10, 211, 515, 296, 98, 1032, 42;
35, 272, 20, 237, 582, 330, 136, 1062, 80;
30, 265, 16, 174, 560, 320, 120, 1037, 64;
26, 259, 12, 111, 536, 308, 103, 1011, 48;
35, 265, 21, 128, 592, 337, 136, 1037, 82;
30, 259, 17, 66, 568, 325, 120, 1012, 66;
29, 256, 16, 23, 561, 321, 115, 1000, 63;
34, 259, 21, 20, 594, 338, 135, 1012, 84;
29, 253, 17, -44, 563, 322, 116, 986, 67;
31, 252, 19, -68, 571, 326, 122, 986, 75;
33, 253, 22, -88, 583, 332, 130, 988, 86;
31, 249, 20, -133, 568, 324, 123, 974, 81;
31, 248, 21, -163, 566, 322, 124, 969, 85;
29, 244, 19, -211, 544, 311, 113, 953, 77;
26, 240, 18, -258, 522, 300, 103, 938, 70;
24, 236, 16, -303, 501, 288, 93, 923, 64;
24, 235, 17, -332, 494, 284, 93, 919, 67;
33, 243, 27, -302, 543, 308, 129, 950, 106;
22, 231, 17, -397, 465, 268, 86, 904, 67;
24, 233, 21, -406, 473, 271, 96, 911, 82;
27, 235, 24, -412, 480, 273, 107, 919, 97;
19, 227, 18, -483, 421, 243, 77, 886, 72;
20, 228, 20, -497, 418, 240, 81, 889, 81;
22, 229, 23, -506, 416, 238, 88, 894, 92;
18, 225, 20, -550, 378, 217, 72, 877, 81;
24, 230, 28, -530, 402, 228, 94, 899, 109;
18, 224, 23, -582, 352, 201, 72, 876, 92;
21, 227, 27, -579, 354, 201, 82, 886, 107;
16, 222, 24, -622, 308, 176, 63, 868, 93;
18, 225, 27, -617, 309, 175, 72, 878, 108;
9, 216, 20, -681, 238, 138, 38, 846, 80;
16, 224, 28, -647, 263, 149, 64, 873, 111;
12, 220, 26, -676, 224, 127, 49, 861, 102;
11, 220, 26, -687, 200, 114, 45, 860, 104;
12, 222, 29, -682, 190, 107, 49, 867, 114;
6, 217, 24, -721, 136, 78, 26, 847, 96;
10, 221, 29, -697, 140, 78, 40, 865, 116;
3, 216, 25, -735, 83, 47, 15, 844, 97;
1, 215, 23, -748, 47, 28, 3, 838, 92;
0, 214, 23, -751, 20, 13, -1, 838, 92;
-4, 212, 21, -768, -22, -10, -17, 827, 82;
-2, 215, 24, -748, -29, -16, -10, 840, 94;
0, 219, 28, -722, -32, -19, -1, 855, 109;
-8, 213, 21, -758, -98, -54, -31, 832, 85;
-6, 216, 24, -736, -108, -61, -26, 843, 95;
-3, 221, 29, -700, -105, -61, -14, 862, 113;
-9, 217, 25, -717, -156, -89, -35, 849, 97;
-13, 215, 22, -722, -198, -111, -50, 841, 87;
-12, 218, 24, -697, -210, -119, -47, 852, 95;
-17, 215, 20, -708, -259, -145, -68, 840, 80;
-14, 220, 25, -664, -254, -145, -54, 861, 98;
-13, 223, 27, -635, -265, -152, -51, 873, 105;
-20, 218, 20, -657, -328, -185, -81, 852, 80;
-18, 222, 23, -616, -329, -187, -72, 869, 93;
-16, 227, 27, -574, -329, -189, -63, 887, 106;
-22, 223, 21, -585, -382, -217, -88, 871, 85;
-20, 227, 24, -543, -384, -219, -80, 888, 96;
-25, 225, 20, -544, -428, -243, -100, 877, 80;
-18, 234, 28, -466, -394, -227, -71, 915, 112;
-28, 227, 19, -496, -468, -265, -110, 886, 76;
-20, 237, 27, -416, -432, -248, -81, 924, 107;
-22, 238, 26, -391, -451, -259, -87, 928, 104;
-30, 231, 18, -411, -515, -292, -120, 903, 72;
-29, 235, 20, -370, -517, -294, -116, 917, 78;
-23, 243, 26, -296, -487, -280, -92, 949, 103;
-24, 245, 26, -263, -496, -286, -93, 957, 103;
-24, 247, 26, -230, -506, -291, -95, 964, 102;
-34, 239, 16, -260, -577, -327, -136, 932, 62;
-25, 250, 25, -164, -523, -301, -99, 978, 99;
-32, 246, 18, -171, -570, -325, -125, 960, 73;
-27, 253, 23, -103, -541, -311, -105, 988, 92;
-35, 246, 14, -121, -598, -340, -139, 962, 58;
-26, 257, 23, -31, -545, -313, -105, 1004, 91;
-34, 252, 16, -40, -590, -336, -132, 984, 62;
-34, 253, 15, -7, -592, -337, -134, 990, 59;
-32, 257, 16, 39, -579, -330, -126, 1005, 65;
-36, 255, 12, 48, -602, -342, -141, 996, 47;
-34, 259, 13, 95, -586, -333, -133, 1011, 53;
-35, 259, 11, 116, -594, -337, -140, 1010, 44;
-26, 269, 19, 206, -533, -306, -104, 1052, 76;
-26, 271, 18, 236, -528, -303, -104, 1057, 72;
-27, 272, 17, 265, -524, -300, -105, 1061, 68;
-25, 275, 18, 305, -506, -291, -98, 1072, 71;
-28, 272, 13, 310, -522, -298, -112, 1063, 52;
-25, 276, 15, 355, -496, -284, -101, 1078, 59;
-28, 274, 11, 364, -505, -287, -112, 1070, 43;
-21, 283, 17, 437, -447, -257, -82, 1103, 68;
-23, 281, 13, 443, -454, -260, -92, 1095, 52;
-20, 285, 15, 488, -420, -242, -78, 1112, 61;
-19, 286, 14, 513, -404, -233, -75, 1117, 58;
-24, 281, 7, 498, -426, -242, -97, 1097, 30;
-26, 280, 4, 508, -422, -239, -102, 1093, 19;
-24, 282, 4, 534, -398, -225, -95, 1100, 19;
-20, 285, 6, 573, -361, -205, -80, 1115, 27;
-22, 283, 2, 572, -361, -204, -89, 1105, 11;
-17, 288, 6, 616, -313, -178, -69, 1125, 24;
-17, 288, 4, 628, -296, -168, -68, 1125, 18;
-15, 290, 5, 650, -267, -152, -59, 1132, 19;
-13, 291, 5, 669, -238, -136, -52, 1137, 19;
-10, 294, 6, 694, -202, -116, -39, 1147, 24;
-10, 293, 4, 697, -186, -106, -40, 1144, 16;
-13, 289, 0, 680, -188, -105, -51, 1129, -3;
-7, 294, 3, 718, -132, -75, -27, 1149, 12;
-7, 293, 1, 716, -115, -65, -27, 1145, 4;
-3, 296, 2, 736, -74, -42, -13, 1155, 11;
0, 297, 3, 746, -41, -24, -3, 1159, 12;
1, 298, 3, 755, -7, -5, 6, 1164, 14;
2, 298, 2, 753, 15, 7, 9, 1162, 9;
1, 295, 0, 737, 27, 15, 5, 1152, -2;
-1, 290, -5, 705, 24, 16, -6, 1133, -23;
1, 291, -5, 709, 59, 35, 4, 1138, -20;
7, 296, -1, 732, 114, 65, 27, 1154, -5;
11, 298, 0, 740, 157, 88, 43, 1163, 2;
7, 292, -5, 697, 149, 86, 27, 1140, -20;
10, 293, -3, 700, 188, 107, 41, 1146, -15;
11, 293, -4, 687, 212, 121, 46, 1143, -18;
9, 288, -8, 652, 216, 124, 37, 1126, -33;
12, 289, -8, 643, 246, 142, 47, 1127, -32;
13, 288, -8, 626, 270, 155, 51, 1124, -34;
12, 285, -11, 598, 283, 163, 50, 1114, -43;
19, 289, -6, 611, 338, 192, 75, 1130, -25;
22, 291, -4, 605, 374, 212, 89, 1135, -18;
19, 285, -9, 555, 367, 210, 75, 1112, -38;
17, 281, -13, 515, 370, 213, 69, 1097, -51;
21, 282, -10, 508, 407, 233, 85, 1103, -42;
27, 285, -7, 509, 452, 256, 105, 1114, -28;
22, 279, -13, 450, 436, 250, 88, 1088, -51;
30, 284, -7, 463, 493, 280, 117, 1108, -27;
26, 278, -11, 409, 484, 276, 105, 1086, -45;
21, 271, -18, 342, 461, 265, 85, 1057, -70;
27, 274, -13, 345, 507, 289, 108, 1071, -52;
29, 273, -13, 318, 523, 298, 113, 1067, -52;
26, 268, -17, 266, 513, 294, 102, 1048, -66;
26, 266, -18, 228, 518, 297, 101, 1038, -71;
32, 270, -12, 233, 564, 321, 127, 1055, -50;
27, 263, -19, 164, 536, 307, 106, 1026, -74;
30, 264, -16, 150, 562, 321, 120, 1031, -63;
28, 259, -19, 98, 550, 315, 110, 1013, -76;
36, 265, -12, 113, 602, 342, 141, 1037, -47;
29, 257, -19, 36, 562, 322, 115, 1003, -76;
26, 251, -23, -21, 540, 311, 101, 982, -91;
31, 255, -18, -21, 574, 328, 123, 996, -72;
35, 257, -15, -33, 596, 339, 137, 1003, -59;
27, 248, -22, -113, 548, 314, 108, 967, -89;
30, 249, -19, -126, 565, 323, 120, 973, -77;
34, 251, -16, -138, 582, 331, 133, 980, -65;
34, 250, -16, -167, 580, 329, 134, 976, -64;
30, 244, -20, -226, 547, 312, 117, 953, -81;
25, 238, -25, -287, 510, 293, 97, 929, -100;
28, 241, -21, -291, 527, 301, 112, 939, -84;
32, 243, -17, -298, 541, 307, 126, 949, -70;
22, 232, -27, -384, 473, 272, 89, 908, -105;
25, 234, -24, -394, 480, 275, 98, 914, -94;
30, 238, -18, -386, 502, 285, 118, 931, -72;
26, 234, -22, -435, 466, 266, 102, 912, -86;
21, 228, -26, -488, 423, 243, 82, 891, -103;
25, 232, -21, -483, 437, 248, 98, 905, -85;
21, 227, -25, -527, 400, 229, 83, 888, -97;
16, 222, -29, -575, 356, 205, 63, 868, -113;
18, 224, -26, -578, 356, 204, 71, 876, -101;
13, 219, -29, -622, 311, 180, 53, 857, -116;
21, 228, -20, -583, 349, 197, 85, 890, -80;
12, 218, -29, -654, 274, 158, 48, 853, -113;
12, 219, -27, -661, 261, 150, 49, 856, -107;
12, 219, -27, -672, 242, 139, 47, 856, -105;
13, 221, -24, -668, 236, 134, 54, 865, -94;
15, 224, -21, -661, 231, 130, 61, 874, -82;
7, 216, -28, -717, 161, 93, 28, 844, -110;
5, 215, -29, -731, 131, 76, 20, 840, -113;
11, 223, -20, -687, 157, 87, 46, 870, -81;
1, 213, -29, -750, 74, 44, 6, 834, -116;
1, 215, -28, -745, 58, 34, 6, 839, -110;
-1, 213, -29, -758, 21, 14, -4, 833, -116;
-1, 214, -29, -755, 0, 1, -7, 835, -113;
-2, 215, -28, -750, -22, -11, -10, 838, -110;
1, 220, -23, -717, -17, -11, 3, 859, -90;
0, 219, -23, -717, -47, -28, -3, 857, -91;
-3, 219, -24, -718, -79, -46, -12, 855, -95;
-6, 217, -26, -722, -116, -66, -24, 850, -101;
-10, 216, -28, -728, -156, -88, -39, 843, -109;
-11, 216, -28, -718, -182, -103, -44, 845, -109;
-12, 217, -27, -708, -208, -118, -50, 847, -109;
-16, 216, -29, -707, -245, -138, -62, 842, -116;
-12, 221, -24, -660, -237, -136, -47, 865, -95;
-19, 217, -29, -679, -295, -167, -74, 847, -115;
-16, 222, -25, -638, -295, -168, -64, 865, -100;
-21, 219, -29, -642, -340, -192, -83, 856, -113;
-16, 226, -23, -585, -325, -187, -64, 883, -89;
-21, 223, -26, -589, -372, -211, -84, 872, -104;
-16, 231, -20, -526, -352, -203, -64, 902, -78;
-25, 224, -27, -552, -422, -239, -99, 875, -108;
-27, 224, -28, -535, -449, -254, -108, 876, -112;
-22, 232, -22, -471, -429, -245, -88, 905, -88;
-25, 231, -24, -458, -459, -261, -100, 902, -95;
-26, 232, -24, -430, -475, -271, -104, 907, -94;
-22, 239, -18, -369, -458, -263, -87, 934, -73;
-31, 232, -26, -392, -525, -298, -122, 907, -104;
-29, 237, -23, -343, -519, -296, -114, 925, -91;
-24, 244, -17, -278, -497, -286, -95, 952, -69;
-30, 240, -22, -277, -539, -307, -117, 939, -88;
-30, 243, -21, -241, -545, -311, -117, 948, -84;
-31, 244, -21, -212, -557, -318, -121, 953, -85;
-29, 248, -19, -166, -551, -315, -115, 968, -76;
-31, 248, -20, -143, -568, -324, -123, 968, -81;
-28, 253, -17, -89, -553, -317, -112, 987, -68;
-34, 249, -22, -89, -591, -336, -134, 973, -87;
-27, 258, -14, -8, -546, -314, -105, 1009, -57;
-33, 254, -20, -12, -586, -334, -130, 992, -79;
-26, 263, -12, 66, -541, -311, -102, 1027, -50;
-31, 260, -17, 69, -571, -326, -121, 1014, -68;
-28, 264, -14, 122, -549, -315, -109, 1033, -55;
-30, 264, -16, 142, -559, -320, -117, 1031, -62;
-28, 267, -13, 186, -543, -311, -109, 1044, -53;
-31, 265, -17, 194, -561, -320, -124, 1035, -68;
-29, 269, -15, 239, -542, -310, -115, 1049, -59;
-30, 269, -16, 261, -543, -309, -119, 1050, -63;
-27, 273, -12, 312, -513, -294, -105, 1068, -49;
-29, 272, -14, 326, -519, -296, -113, 1064, -58;
-25, 277, -11, 378, -485, -278, -98, 1083, -43;
-30, 273, -16, 372, -507, -288, -117, 1067, -63;
-21, 283, -7, 450, -442, -254, -83, 1104, -30;
-23, 282, -9, 462, -442, -253, -90, 1100, -38;
-22, 282, -9, 485, -429, -245, -88, 1103, -38;
-21, 284, -9, 513, -409, -234, -83, 1109, -35;
-26, 280, -14, 502, -426, -241, -101, 1093, -54;
-19, 287, -7, 562, -370, -212, -75, 1120, -30;
-15, 291, -4, 602, -331, -191, -59, 1136, -17;
-19, 286, -9, 587, -346, -197, -77, 1118, -37;
-17, 289, -7, 616, -314, -179, -66, 1128, -28;
-13, 292, -4, 649, -277, -159, -53, 1140, -17;
-10, 294, -2, 675, -244, -141, -42, 1150, -9;
-13, 291, -6, 663, -247, -141, -54, 1136, -24;
-8, 295, -2, 700, -200, -115, -35, 1153, -8;
-10, 293, -3, 697, -191, -109, -39, 1145, -15;
-5, 297, 0, 729, -143, -83, -20, 1161, 0;
-2, 299, 1, 747, -109, -65, -10, 1168, 7;
-7, 293, -4, 713, -125, -70, -30, 1144, -15;
0, 300, 2, 759, -58, -35, 0, 1170, 11;
-5, 293, -3, 723, -73, -41, -19, 1145, -11;
0, 297, 1, 747, -24, -14, 0, 1159, 4;
3, 299, 3, 761, 14, 6, 12, 1167, 13;
2, 296, 1, 744, 24, 13, 8, 1157, 5;
6, 299, 4, 758, 68, 37, 23, 1166, 18;
5, 296, 3, 742, 82, 46, 21, 1158, 12;
6, 295, 2, 731, 103, 58, 23, 1153, 11;
4, 292, 0, 703, 108, 63, 16, 1138, 0;
12, 298, 7, 736, 176, 99, 47, 1163, 29;
6, 290, 1, 683, 159, 92, 26, 1134, 4;
14, 296, 8, 712, 225, 127, 57, 1157, 32;
16, 296, 9, 702, 252, 142, 64, 1155, 36;
15, 293, 7, 671, 261, 148, 59, 1142, 28;
11, 286, 2, 622, 252, 145, 43, 1119, 10;
17, 290, 7, 634, 305, 173, 67, 1133, 30;
15, 286, 5, 596, 309, 177, 60, 1118, 21;
15, 284, 5, 571, 326, 187, 62, 1111, 21;
17, 284, 6, 552, 350, 201, 68, 1108, 24;
16, 281, 5, 518, 359, 207, 65, 1096, 20;
21, 282, 8, 514, 398, 228, 82, 1103, 34;
22, 282, 9, 492, 420, 240, 88, 1100, 38;
26, 284, 13, 486, 458, 260, 104, 1107, 53;
21, 276, 8, 420, 436, 250, 83, 1077, 31;
21, 273, 7, 385, 445, 256, 83, 1067, 29;
31, 281, 17, 417, 520, 295, 123, 1099, 69;
27, 275, 13, 357, 504, 288, 108, 1074, 53;
28, 273, 14, 325, 516, 295, 110, 1067, 54;
31, 274, 16, 307, 541, 308, 121, 1069, 65;
30, 271, 16, 270, 546, 311, 120, 1060, 64;
27, 266, 13, 213, 531, 304, 107, 1038, 51;
31, 268, 17, 204, 563, 321, 124, 1046, 67;
28, 262, 14, 147, 546, 313, 111, 1025, 55;
29, 261, 15, 118, 557, 318, 115, 1021, 60;
30, 260, 16, 90, 566, 324, 119, 1017, 65;
29, 258, 16, 48, 562, 322, 116, 1006, 63;
30, 257, 17, 20, 570, 326, 120, 1002, 68;
35, 260, 22, 14, 600, 341, 138, 1014, 89;
36, 258, 24, -14, 604, 343, 141, 1010, 93;
27, 248, 16, -102, 549, 315, 108, 970, 62;
29, 248, 18, -125, 556, 318, 114, 969, 71;
33, 251, 22, -132, 578, 329, 130, 979, 89;
31, 248, 22, -174, 564, 322, 124, 967, 86;
25, 240, 16, -246, 519, 298, 98, 936, 63;
25, 239, 17, -275, 514, 295, 99, 932, 67;
29, 241, 22, -280, 532, 304, 114, 942, 86;
23, 235, 17, -341, 491, 282, 93, 917, 68;
29, 240, 24, -331, 520, 296, 116, 936, 95;
30, 240, 26, -351, 517, 293, 119, 936, 103;
21, 230, 18, -433, 450, 259, 84, 898, 71;
20, 228, 18, -461, 436, 251, 81, 893, 73;
24, 231, 23, -462, 446, 255, 94, 903, 90;
24, 231, 24, -482, 436, 248, 95, 902, 96;
17, 224, 18, -545, 380, 219, 68, 873, 74;
18, 224, 21, -557, 373, 214, 71, 876, 82;
15, 222, 20, -589, 344, 198, 61, 866, 78;
20, 226, 25, -576, 358, 204, 79, 883, 100;
20, 226, 26, -590, 342, 195, 78, 882, 105;
20, 227, 29, -596, 333, 188, 81, 887, 114;
16, 223, 25, -636, 288, 164, 63, 870, 101;
16, 224, 27, -641, 276, 156, 65, 873, 109;
14, 222, 27, -663, 245, 139, 56, 866, 105;
15, 224, 29, -660, 237, 133, 61, 873, 116;
12, 221, 28, -682, 200, 113, 48, 864, 109;
10, 220, 27, -695, 172, 97, 42, 861, 108;
9, 220, 28, -703, 147, 83, 36, 859, 109;
4, 216, 24, -731, 100, 57, 18, 845, 97;
5, 218, 27, -722, 88, 50, 22, 853, 106;
7, 221, 30, -705, 82, 45, 29, 865, 119;
1, 217, 26, -737, 26, 15, 5, 846, 101;
-2, 214, 23, -755, -18, -9, -11, 835, 90;
-5, 213, 22, -761, -51, -27, -20, 832, 86;
-5, 214, 23, -752, -72, -40, -23, 836, 90;
-1, 220, 29, -710, -61, -36, -4, 860, 113;
-3, 220, 28, -709, -91, -53, -13, 859, 111;
-11, 213, 21, -746, -163, -91, -46, 833, 83;
-10, 217, 24, -718, -170, -96, -40, 846, 94;
-11, 217, 24, -707, -195, -111, -45, 849, 94;
-9, 222, 27, -672, -198, -114, -36, 865, 108;
-16, 217, 22, -692, -256, -144, -62, 848, 87;
-9, 226, 30, -627, -230, -133, -36, 882, 117;
-12, 225, 28, -622, -265, -153, -49, 878, 110;
-14, 225, 27, -609, -294, -169, -57, 879, 106;
-23, 219, 19, -635, -361, -204, -90, 855, 77;
-21, 223, 22, -597, -366, -208, -84, 869, 87;
-18, 228, 26, -546, -358, -205, -70, 892, 104;
-23, 225, 22, -551, -406, -231, -92, 880, 86;
-19, 232, 27, -494, -393, -226, -76, 905, 105;
-27, 227, 20, -509, -452, -256, -105, 885, 79;
-21, 235, 26, -440, -427, -245, -82, 917, 104;
-24, 234, 24, -427, -458, -262, -95, 913, 94;
-28, 232, 21, -417, -491, -280, -109, 908, 82;
-25, 237, 23, -368, -486, -278, -100, 926, 93;
-23, 242, 26, -317, -479, -276, -91, 945, 104;
-30, 238, 20, -324, -529, -301, -117, 928, 79;
-30, 240, 20, -290, -538, -307, -118, 936, 79;
-31, 241, 19, -262, -552, -314, -123, 940, 75;
-28, 246, 22, -208, -539, -309, -111, 960, 87;
-30, 246, 20, -183, -556, -317, -118, 961, 80;
-31, 247, 19, -155, -567, -323, -123, 965, 75;
-33, 247, 16, -134, -585, -333, -132, 964, 65;
-34, 248, 16, -100, -590, -335, -133, 970, 63;
-32, 252, 17, -55, -581, -331, -127, 984, 68;
-26, 260, 23, 20, -541, -311, -102, 1017, 92;
-35, 253, 13, -5, -602, -341, -140, 987, 53;
-31, 259, 17, 57, -572, -326, -122, 1011, 69;
-27, 264, 20, 113, -548, -314, -108, 1032, 80;
-34, 259, 12, 101, -590, -335, -136, 1010, 49;
-26, 269, 20, 186, -533, -306, -103, 1049, 79;
-29, 267, 16, 199, -549, -314, -115, 1043, 64;
-33, 264, 11, 204, -568, -323, -130, 1032, 45;
-27, 272, 16, 274, -523, -300, -106, 1062, 66;
-31, 269, 11, 278, -541, -308, -121, 1051, 46;
-31, 269, 10, 301, -538, -305, -124, 1052, 39;
-26, 276, 14, 363, -494, -283, -102, 1078, 56;
-30, 272, 8, 359, -515, -292, -120, 1063, 33;
-27, 277, 10, 406, -482, -275, -106, 1080, 42;
-22, 282, 14, 458, -442, -254, -87, 1101, 55;
-24, 281, 10, 468, -443, -253, -95, 1096, 42;
-27, 278, 6, 468, -452, -256, -107, 1085, 23;
-21, 284, 10, 526, -400, -229, -83, 1111, 42;
-17, 288, 12, 567, -364, -209, -68, 1126, 50;
-16, 290, 12, 591, -342, -197, -63, 1132, 48;
-21, 285, 5, 574, -359, -204, -82, 1112, 22;
-16, 290, 9, 618, -313, -179, -63, 1131, 35;
-14, 291, 8, 638, -290, -166, -57, 1136, 33;
-14, 291, 7, 651, -270, -155, -55, 1137, 28;
-17, 288, 2, 640, -274, -155, -67, 1123, 9;
-13, 291, 4, 673, -231, -132, -51, 1137, 18;
-10, 293, 5, 693, -199, -114, -41, 1144, 20;
-12, 290, 1, 682, -196, -110, -49, 1133, 4;
-6, 296, 5, 723, -139, -80, -24, 1155, 21;
-2, 299, 7, 750, -94, -56, -7, 1167, 29;
-9, 291, -1, 703, -121, -67, -35, 1136, -5;
-4, 294, 1, 728, -75, -42, -17, 1149, 4;
0, 297, 3, 748, -32, -19, -1, 1160, 11;
-4, 292, -3, 715, -40, -21, -17, 1138, -12;
-2, 292, -2, 720, -8, -3, -8, 1142, -11;
0, 294, -2, 728, 28, 16, 2, 1147, -7;
3, 295, -1, 734, 64, 36, 14, 1152, -4;
5, 296, -1, 734, 95, 54, 22, 1154, -4;
11, 299, 2, 754, 148, 82, 45, 1169, 9;
5, 292, -5, 700, 128, 74, 21, 1139, -21;
4, 289, -8, 677, 141, 82, 19, 1129, -32;
14, 297, 0, 719, 220, 124, 57, 1159, -1;
9, 290, -7, 667, 205, 118, 37, 1132, -28;
13, 291, -5, 666, 243, 138, 51, 1137, -23;
12, 289, -8, 640, 257, 147, 50, 1128, -31;
16, 290, -6, 636, 294, 167, 63, 1132, -25;
13, 285, -11, 591, 290, 167, 51, 1112, -44;
13, 283, -12, 566, 306, 177, 52, 1104, -50;
20, 287, -8, 578, 361, 206, 78, 1120, -32;
15, 281, -14, 523, 349, 201, 62, 1096, -54;
19, 281, -12, 513, 382, 219, 74, 1099, -48;
24, 284, -8, 513, 427, 243, 94, 1110, -34;
24, 282, -10, 481, 439, 250, 94, 1101, -40;
29, 285, -6, 482, 483, 274, 115, 1112, -26;
26, 280, -10, 432, 477, 272, 105, 1093, -41;
30, 281, -8, 422, 511, 290, 120, 1098, -32;
26, 275, -13, 361, 494, 282, 103, 1073, -53;
31, 278, -9, 359, 535, 304, 124, 1084, -38;
33, 277, -9, 334, 553, 314, 130, 1082, -36;
27, 269, -16, 261, 523, 299, 107, 1050, -63;
29, 268, -15, 236, 540, 309, 114, 1048, -60;
31, 268, -14, 212, 557, 318, 121, 1046, -57;
25, 260, -21, 141, 527, 303, 99, 1016, -82;
28, 261, -18, 124, 550, 315, 111, 1020, -73;
35, 266, -12, 131, 595, 338, 138, 1038, -49;
36, 265, -12, 102, 603, 342, 142, 1034, -48;
31, 258, -17, 38, 577, 329, 124, 1009, -67;
29, 254, -20, -14, 559, 320, 113, 990, -81;
32, 256, -17, -25, 582, 332, 127, 998, -67;
27, 249, -23, -92, 547, 314, 107, 971, -89;
32, 251, -18, -97, 574, 327, 125, 982, -72;
25, 243, -25, -170, 531, 305, 100, 951, -98;
26, 243, -24, -196, 533, 306, 103, 949, -95;
30, 246, -20, -200, 556, 317, 120, 960, -78;
31, 245, -19, -226, 554, 316, 123, 957, -75;
27, 239, -23, -284, 521, 298, 106, 935, -92;
30, 242, -19, -288, 537, 306, 120, 946, -76;
26, 236, -23, -345, 500, 286, 102, 923, -93;
30, 240, -19, -344, 519, 295, 119, 937, -74;
31, 240, -18, -365, 514, 291, 121, 936, -70;
23, 231, -25, -437, 456, 261, 91, 903, -98;
27, 235, -20, -435, 469, 267, 106, 916, -81;
23, 230, -24, -482, 432, 247, 90, 898, -94;
21, 228, -25, -512, 410, 235, 84, 890, -98;
20, 227, -25, -537, 391, 224, 80, 885, -99;
19, 225, -25, -560, 372, 213, 76, 881, -99;
18, 224, -26, -585, 349, 200, 70, 874, -102;
16, 222, -26, -610, 323, 186, 63, 868, -105;
17, 223, -24, -616, 315, 180, 67, 872, -97;
18, 225, -22, -619, 307, 174, 71, 878, -88;
14, 221, -25, -653, 266, 152, 56, 863, -100;
11, 219, -26, -676, 235, 134, 46, 855, -105;
6, 214, -30, -714, 186, 109, 26, 838, -120;
15, 224, -20, -662, 225, 126, 60, 875, -81;
5, 215, -29, -726, 147, 85, 22, 840, -114;
4, 214, -29, -737, 119, 70, 16, 837, -115;
6, 218, -25, -718, 119, 68, 26, 852, -99;
4, 217, -26, -732, 85, 49, 16, 846, -104;
1, 215, -27, -745, 51, 30, 6, 840, -109;
1, 217, -26, -737, 34, 19, 6, 846, -102;
3, 220, -22, -716, 30, 15, 15, 860, -88;
0, 218, -24, -728, -9, -6, 1, 852, -96;
-4, 215, -27, -746, -55, -31, -16, 840, -108;
-2, 218, -24, -723, -63, -36, -10, 853, -96;
-9, 213, -30, -752, -124, -69, -36, 833, -117;
-3, 221, -23, -702, -107, -62, -15, 861, -90;
-3, 223, -21, -681, -121, -71, -13, 871, -82;
-11, 216, -28, -715, -191, -108, -46, 845, -109;
-12, 218, -27, -698, -211, -120, -48, 851, -105;
-9, 223, -22, -657, -208, -120, -36, 871, -87;
-12, 222, -24, -657, -247, -141, -50, 865, -96;
-16, 220, -26, -656, -286, -162, -65, 859, -104;
-17, 221, -26, -636, -307, -175, -68, 864, -102;
-21, 220, -28, -632, -344, -195, -82, 859, -111;
-14, 229, -20, -560, -314, -182, -54, 896, -78;
-21, 224, -25, -576, -374, -213, -83, 876, -101;
-19, 228, -22, -536, -377, -216, -76, 892, -89;
-22, 228, -23, -520, -404, -231, -85, 892, -93;
-18, 235, -18, -464, -391, -226, -70, 917, -73;
-21, 233, -21, -456, -428, -245, -85, 911, -83;
-25, 232, -23, -444, -460, -262, -98, 907, -92;
-26, 233, -23, -418, -478, -273, -103, 911, -92;
-23, 239, -19, -362, -465, -267, -89, 934, -74;
-26, 238, -21, -348, -496, -284, -103, 930, -83;
-32, 234, -26, -351, -541, -307, -126, 916, -103;
-24, 244, -17, -268, -501, -288, -96, 954, -69;
-29, 241, -22, -264, -540, -308, -116, 943, -86;
-31, 242, -23, -241, -559, -318, -124, 944, -90;
-28, 247, -19, -183, -542, -310, -111, 966, -74;
-35, 243, -24, -188, -587, -333, -136, 949, -96;
-36, 244, -25, -159, -597, -339, -140, 953, -98;
-30, 251, -19, -91, -568, -324, -120, 981, -75;
-30, 254, -18, -53, -567, -324, -119, 990, -72;
-29, 257, -16, -8, -558, -320, -113, 1004, -64;
-30, 257, -17, 14, -570, -326, -120, 1004, -69;
-35, 254, -21, 20, -598, -339, -137, 993, -85;
-30, 261, -16, 87, -563, -322, -117, 1021, -63;
-32, 261, -18, 106, -576, -328, -126, 1018, -71;
-26, 268, -12, 177, -533, -307, -102, 1048, -46;
-30, 265, -16, 179, -559, -319, -120, 1035, -64;
-27, 270, -13, 231, -533, -305, -107, 1054, -51;
-28, 271, -13, 258, -531, -304, -109, 1057, -53;
-24, 275, -10, 309, -502, -289, -96, 1075, -39;
-28, 273, -14, 313, -519, -296, -110, 1064, -54;
-27, 275, -13, 347, -504, -288, -106, 1072, -51;
-27, 275, -13, 370, -498, -284, -108, 1074, -53;
-23, 280, -9, 420, -463, -266, -92, 1093, -38;
-21, 283, -7, 459, -438, -252, -83, 1105, -30;
-26, 278, -13, 445, -463, -263, -105, 1085, -53;
-27, 278, -14, 463, -454, -257, -106, 1086, -56;
-22, 283, -10, 512, -412, -235, -88, 1106, -39;
-17, 289, -5, 563, -366, -211, -67, 1127, -21;
-15, 291, -4, 592, -341, -197, -59, 1135, -15;
-21, 285, -10, 568, -366, -208, -83, 1111, -41;
-17, 289, -7, 607, -326, -186, -68, 1127, -28;
-17, 288, -8, 617, -313, -178, -69, 1125, -31;
-10, 295, -1, 671, -254, -147, -41, 1151, -7;
-9, 295, -1, 684, -233, -135, -38, 1153, -6;
-16, 288, -8, 651, -257, -145, -63, 1126, -34;
-15, 289, -8, 664, -232, -131, -58, 1128, -32;
-6, 297, 0, 721, -161, -94, -24, 1159, -1;
-13, 289, -8, 678, -190, -106, -52, 1128, -32;
-3, 298, 0, 740, -111, -65, -14, 1162, 2;
-5, 295, -2, 725, -106, -60, -22, 1150, -8;
-1, 297, 0, 745, -65, -38, -7, 1160, 2;
-4, 293, -3, 723, -65, -36, -18, 1145, -11;
-3, 293, -2, 723, -40, -22, -14, 1144, -10;
0, 296, 0, 743, 5, 2, 3, 1156, 3;
1, 295, 0, 736, 26, 15, 5, 1152, 1;
1, 294, 0, 727, 47, 27, 7, 1148, 0;
0, 290, -3, 699, 50, 30, -1, 1132, -11;
9, 298, 6, 749, 132, 73, 38, 1165, 25;
9, 296, 4, 729, 145, 82, 36, 1156, 19;
11, 296, 6, 726, 178, 100, 45, 1158, 25;
7, 291, 1, 683, 170, 98, 30, 1135, 7;
10, 291, 3, 678, 203, 116, 40, 1137, 14;
10, 289, 2, 656, 220, 127, 40, 1129, 11;
16, 293, 8, 669, 272, 154, 62, 1143, 31;
19, 294, 10, 665, 309, 174, 76, 1148, 41;
14, 287, 4, 607, 291, 167, 55, 1119, 18;
20, 291, 10, 619, 345, 196, 80, 1134, 40;
18, 286, 7, 576, 345, 197, 71, 1117, 29;
25, 291, 13, 591, 403, 228, 98, 1135, 54;
22, 285, 10, 543, 398, 227, 87, 1114, 40;
17, 279, 5, 484, 383, 221, 70, 1088, 21;
27, 285, 14, 510, 453, 257, 105, 1115, 56;
22, 278, 9, 447, 433, 248, 86, 1087, 35;
20, 274, 6, 401, 431, 249, 78, 1069, 26;
27, 279, 14, 415, 490, 279, 109, 1090, 55;
27, 277, 13, 381, 499, 285, 109, 1081, 54;
23, 270, 8, 316, 478, 275, 90, 1053, 34;
25, 270, 11, 298, 503, 288, 100, 1055, 44;
30, 272, 15, 289, 537, 306, 117, 1063, 61;
24, 264, 10, 219, 509, 293, 96, 1033, 39;
30, 268, 15, 219, 550, 314, 118, 1046, 62;
30, 266, 16, 186, 558, 318, 120, 1039, 64;
33, 267, 19, 166, 578, 329, 130, 1041, 74;
29, 261, 15, 107, 559, 320, 116, 1019, 61;
30, 260, 17, 78, 568, 324, 120, 1015, 66;
28, 255, 14, 26, 553, 317, 109, 997, 57;
29, 255, 16, 1, 563, 322, 116, 996, 65;
27, 251, 14, -48, 548, 315, 106, 979, 57;
31, 253, 18, -59, 570, 326, 121, 987, 73;
31, 251, 20, -89, 571, 326, 123, 982, 78;
31, 250, 20, -123, 568, 324, 122, 975, 80;
26, 243, 15, -188, 532, 306, 102, 949, 62;
29, 245, 20, -197, 550, 314, 116, 957, 79;
29, 244, 20, -229, 544, 311, 115, 951, 81;
31, 244, 23, -247, 549, 313, 122, 954, 91;
26, 238, 19, -308, 511, 293, 102, 929, 75;
30, 241, 24, -310, 529, 301, 118, 941, 95;
29, 240, 25, -339, 518, 295, 116, 936, 97;
23, 232, 19, -406, 467, 268, 90, 906, 75;
29, 238, 26, -391, 498, 282, 115, 928, 104;
22, 230, 20, -458, 443, 254, 88, 898, 81;
22, 229, 21, -483, 429, 246, 86, 894, 84;
24, 231, 25, -486, 434, 247, 96, 903, 99;
16, 223, 18, -554, 372, 215, 66, 871, 73;
17, 223, 20, -568, 363, 209, 68, 872, 81;
15, 221, 20, -596, 337, 195, 60, 864, 78;
21, 227, 27, -575, 358, 204, 82, 886, 105;
15, 221, 22, -626, 306, 176, 58, 863, 87;
15, 221, 24, -636, 292, 167, 59, 865, 93;
15, 222, 25, -642, 280, 159, 61, 868, 101;
13, 220, 24, -666, 248, 142, 51, 859, 96;
13, 221, 26, -670, 234, 133, 52, 863, 104;
9, 218, 24, -699, 193, 111, 37, 851, 94;
7, 216, 23, -715, 163, 94, 29, 845, 91;
9, 220, 27, -701, 161, 91, 38, 858, 107;
11, 222, 30, -689, 155, 86, 45, 869, 119;
4, 216, 25, -732, 93, 53, 17, 846, 98;
4, 217, 26, -731, 72, 41, 15, 848, 102;
7, 222, 31, -702, 77, 42, 29, 867, 122;
3, 220, 29, -718, 36, 19, 15, 858, 113;
-4, 213, 22, -759, -31, -16, -15, 833, 88;
-6, 212, 21, -763, -63, -34, -24, 830, 84;
-4, 216, 25, -737, -66, -37, -15, 845, 99;
-10, 212, 20, -761, -122, -67, -39, 828, 81;
-3, 220, 28, -707, -101, -58, -15, 859, 110;
-10, 216, 23, -729, -157, -89, -39, 842, 91;
-10, 217, 24, -715, -178, -101, -42, 847, 94;
-13, 216, 22, -712, -212, -120, -52, 844, 89;
-12, 219, 25, -684, -222, -126, -48, 857, 98;
-16, 218, 22, -684, -261, -148, -62, 851, 89;
-13, 223, 26, -641, -258, -148, -50, 871, 105;
-14, 223, 26, -628, -285, -163, -58, 872, 102;
-18, 222, 24, -623, -321, -183, -71, 868, 93;
-17, 225, 25, -592, -333, -190, -69, 878, 99;
-17, 228, 26, -561, -344, -197, -67, 889, 105;
-24, 222, 20, -579, -405, -230, -97, 868, 78;
-17, 232, 28, -504, -374, -215, -69, 905, 110;
-21, 230, 25, -497, -411, -235, -84, 899, 97;
-28, 226, 19, -505, -462, -262, -109, 884, 76;
-25, 231, 22, -459, -460, -262, -101, 901, 87;
-29, 229, 19, -449, -495, -281, -116, 896, 74;
-24, 237, 25, -379, -469, -269, -93, 927, 98;
-28, 235, 21, -373, -506, -288, -111, 919, 83;
-29, 236, 20, -347, -523, -298, -116, 922, 79;
-27, 241, 23, -295, -514, -294, -106, 942, 90;
-34, 237, 16, -302, -564, -320, -132, 924, 65;
-28, 245, 22, -228, -532, -304, -109, 956, 89;
-29, 246, 21, -200, -545, -312, -114, 960, 84;
-33, 243, 17, -193, -578, -329, -131, 951, 66;
-34, 245, 16, -161, -586, -333, -134, 957, 64;
-34, 247, 16, -123, -587, -334, -133, 966, 64;
-35, 248, 14, -98, -599, -340, -139, 967, 57;
-35, 250, 15, -57, -596, -339, -136, 978, 59;
-32, 255, 17, -6, -579, -330, -126, 996, 68;
-26, 262, 22, 63, -544, -313, -104, 1024, 87;
-27, 264, 21, 93, -546, -314, -106, 1029, 83;
-30, 262, 17, 107, -564, -323, -119, 1023, 68;
-32, 262, 15, 129, -572, -326, -125, 1022, 59;
-28, 267, 18, 186, -543, -311, -109, 1044, 72;
-27, 270, 18, 223, -533, -306, -106, 1053, 72;
-24, 274, 20, 270, -511, -294, -96, 1069, 78;
-30, 269, 13, 265, -539, -307, -117, 1052, 53;
-32, 268, 9, 276, -549, -312, -128, 1046, 38;
-29, 272, 12, 326, -519, -296, -114, 1064, 47;
-24, 278, 15, 379, -484, -277, -97, 1084, 60;
-28, 275, 10, 380, -499, -284, -112, 1072, 39;
-20, 283, 16, 455, -438, -252, -80, 1107, 66;
-27, 277, 8, 433, -472, -268, -108, 1081, 33;
-24, 281, 10, 476, -438, -250, -94, 1097, 41;
-23, 282, 9, 498, -424, -242, -93, 1100, 36;
-22, 283, 8, 523, -405, -231, -88, 1106, 34;
-19, 287, 10, 561, -371, -212, -75, 1119, 41;
-20, 285, 7, 569, -365, -208, -80, 1115, 29;
-16, 289, 9, 605, -328, -188, -66, 1129, 37;
-17, 288, 7, 613, -317, -181, -69, 1125, 27;
-18, 287, 4, 620, -306, -173, -70, 1122, 18;
-16, 289, 4, 641, -278, -158, -63, 1128, 18;
-9, 295, 9, 692, -218, -126, -36, 1154, 38;
-12, 292, 4, 678, -222, -126, -48, 1139, 18;
-5, 298, 9, 724, -164, -96, -22, 1162, 36;
-5, 297, 7, 727, -146, -85, -21, 1160, 29;
-12, 289, -1, 686, -170, -95, -47, 1130, -4;
-7, 293, 1, 716, -121, -69, -28, 1146, 6;
-6, 293, 0, 716, -101, -57, -26, 1143, 0;
-7, 291, -2, 710, -85, -47, -27, 1138, -8;
-3, 294, 0, 728, -43, -24, -12, 1147, -1;
1, 297, 1, 748, 1, 0, 4, 1159, 7;
-2, 292, -3, 716, -2, 0, -8, 1140, -14;
6, 299, 2, 757, 67, 36, 23, 1166, 9;
2, 293, -2, 723, 63, 36, 10, 1146, -11;
5, 295, -1, 729, 101, 57, 23, 1152, -6;
8, 296, 0, 733, 138, 78, 34, 1157, -2;
7, 293, -4, 704, 144, 83, 28, 1143, -17;
9, 293, -3, 702, 178, 101, 38, 1146, -15;
11, 293, -3, 694, 207, 118, 46, 1145, -15;
7, 287, -10, 647, 197, 115, 29, 1121, -39;
11, 289, -8, 648, 238, 137, 44, 1128, -31;
13, 288, -8, 634, 264, 152, 51, 1126, -32;
17, 291, -5, 637, 308, 175, 69, 1135, -22;
18, 289, -7, 612, 325, 185, 70, 1128, -28;
22, 291, -4, 613, 368, 208, 88, 1136, -17;
22, 289, -6, 586, 383, 217, 88, 1128, -23;
19, 283, -11, 535, 376, 215, 76, 1106, -42;
19, 281, -12, 504, 388, 223, 75, 1097, -49;
27, 287, -6, 523, 451, 255, 107, 1119, -24;
21, 278, -13, 453, 425, 244, 83, 1087, -53;
20, 275, -15, 416, 432, 249, 81, 1075, -61;
21, 273, -16, 385, 445, 256, 82, 1067, -66;
22, 272, -17, 357, 461, 265, 86, 1062, -67;
27, 275, -13, 357, 504, 288, 108, 1074, -50;
30, 276, -11, 340, 531, 302, 119, 1077, -44;
25, 268, -17, 272, 506, 290, 99, 1048, -68;
28, 269, -15, 256, 532, 304, 111, 1051, -60;
26, 264, -18, 205, 523, 300, 102, 1033, -73;
31, 268, -14, 203, 561, 320, 123, 1045, -56;
33, 267, -13, 179, 578, 329, 131, 1045, -52;
29, 261, -17, 119, 557, 319, 115, 1021, -70;
30, 260, -17, 89, 566, 323, 119, 1017, -69;
31, 259, -17, 60, 574, 328, 123, 1013, -67;
31, 257, -18, 23, 574, 328, 122, 1005, -70;
27, 251, -22, -36, 548, 315, 106, 982, -88;
28, 251, -21, -62, 556, 319, 111, 980, -84;
34, 255, -16, -59, 591, 336, 134, 996, -62;
28, 247, -22, -131, 550, 315, 110, 966, -87;
29, 246, -21, -159, 551, 316, 113, 962, -85;
27, 244, -23, -200, 539, 309, 108, 951, -90;
25, 240, -25, -245, 519, 299, 99, 937, -99;
34, 248, -16, -218, 571, 324, 134, 967, -63;
24, 237, -26, -309, 502, 289, 96, 924, -101;
30, 241, -20, -301, 531, 302, 118, 942, -78;
24, 234, -25, -364, 487, 279, 95, 916, -99;
29, 238, -20, -359, 509, 290, 115, 931, -78;
28, 237, -20, -391, 492, 280, 110, 924, -81;
21, 229, -27, -458, 439, 252, 83, 894, -106;
22, 230, -25, -471, 437, 250, 89, 897, -98;
25, 232, -22, -477, 440, 250, 97, 905, -86;
17, 224, -29, -544, 380, 219, 68, 874, -113;
19, 226, -26, -548, 381, 219, 77, 881, -101;
17, 223, -27, -580, 352, 203, 67, 871, -107;
19, 226, -24, -578, 355, 203, 77, 881, -93;
21, 227, -21, -582, 350, 198, 83, 887, -84;
11, 218, -30, -654, 275, 159, 45, 851, -117;
16, 222, -24, -637, 287, 164, 62, 869, -96;
15, 222, -23, -648, 269, 153, 61, 869, -93;
11, 218, -27, -683, 225, 129, 43, 853, -106;
15, 224, -21, -659, 238, 134, 61, 874, -83;
11, 220, -24, -691, 192, 109, 43, 859, -96;
6, 216, -27, -721, 147, 85, 26, 845, -108;
9, 220, -24, -705, 146, 82, 36, 858, -93;
9, 221, -22, -700, 131, 73, 37, 864, -86;
9, 222, -20, -698, 113, 62, 37, 868, -81;
4, 218, -24, -725, 62, 35, 17, 853, -96;
-3, 212, -30, -766, -2, 0, -12, 828, -120;
4, 221, -22, -712, 25, 12, 15, 862, -86;
-2, 216, -27, -743, -33, -18, -9, 843, -105;
2, 222, -20, -701, -21, -14, 8, 867, -81;
-4, 217, -26, -733, -83, -47, -18, 846, -103;
-8, 215, -28, -738, -121, -68, -31, 841, -110;
-6, 218, -25, -715, -131, -75, -27, 852, -99;
-7, 219, -25, -703, -155, -89, -31, 856, -97;
-6, 222, -22, -675, -163, -95, -25, 869, -86;
-6, 224, -20, -655, -181, -105, -26, 876, -81;
-14, 219, -26, -680, -244, -139, -55, 855, -104;
-19, 216, -30, -688, -291, -164, -74, 844, -118;
-12, 225, -22, -620, -264, -152, -48, 879, -85;
-20, 219, -28, -644, -328, -186, -78, 857, -111;
-19, 222, -26, -613, -340, -193, -76, 868, -103;
-18, 226, -23, -576, -344, -197, -70, 883, -92;
-17, 229, -22, -545, -357, -205, -69, 893, -86;
-24, 224, -27, -558, -413, -234, -96, 875, -107;
-26, 225, -27, -535, -434, -246, -101, 879, -107;
-19, 234, -19, -460, -402, -232, -74, 915, -75;
-20, 236, -19, -433, -420, -242, -78, 921, -74;
-26, 232, -24, -439, -470, -268, -102, 906, -94;
-25, 235, -22, -400, -474, -271, -99, 919, -86;
-26, 237, -21, -370, -488, -279, -101, 925, -85;
-25, 240, -20, -332, -493, -283, -99, 936, -79;
-26, 241, -20, -304, -509, -291, -104, 940, -79;
-28, 242, -20, -277, -525, -300, -110, 944, -81;
-29, 243, -21, -248, -538, -307, -114, 948, -82;
-33, 241, -24, -236, -567, -323, -129, 942, -94;
-30, 246, -20, -184, -556, -318, -119, 961, -81;
-27, 251, -16, -128, -540, -310, -106, 981, -66;
-30, 250, -19, -111, -562, -321, -118, 978, -75;
-35, 247, -23, -107, -596, -339, -138, 966, -92;
-33, 251, -21, -60, -586, -334, -130, 981, -83;
-35, 251, -23, -39, -601, -341, -139, 980, -89;
-33, 255, -20, 7, -589, -335, -132, 994, -80;
-34, 256, -20, 39, -590, -336, -133, 1000, -80;
-34, 257, -20, 70, -591, -336, -135, 1005, -81;
-28, 265, -13, 144, -547, -314, -109, 1037, -54;
-26, 268, -12, 185, -535, -307, -103, 1048, -48;
-27, 269, -13, 209, -538, -308, -108, 1049, -52;
-25, 272, -11, 252, -521, -299, -101, 1062, -44;
-30, 268, -16, 252, -545, -310, -119, 1048, -63;
-34, 266, -19, 260, -559, -317, -132, 1040, -76;
-24, 277, -10, 348, -491, -282, -94, 1082, -39;
-31, 270, -17, 328, -529, -300, -123, 1056, -68;
-28, 274, -14, 371, -503, -286, -112, 1071, -58;
-23, 281, -9, 430, -458, -263, -91, 1095, -37;
-27, 277, -14, 424, -476, -271, -109, 1080, -56;
-26, 279, -13, 455, -456, -259, -103, 1088, -52;
-22, 283, -9, 503, -417, -239, -86, 1107, -36;
-24, 282, -12, 509, -418, -238, -94, 1100, -46;
-16, 290, -4, 577, -354, -204, -62, 1133, -16;
-22, 283, -11, 549, -384, -218, -89, 1106, -46;
-23, 283, -12, 561, -373, -211, -91, 1104, -50;
-15, 291, -5, 625, -307, -176, -59, 1135, -20;
-14, 291, -5, 640, -288, -165, -56, 1137, -20;
-14, 291, -5, 653, -269, -154, -54, 1138, -21;
-12, 293, -4, 672, -242, -139, -47, 1143, -16;
-11, 292, -4, 680, -224, -128, -46, 1142, -18;
-7, 296, -1, 710, -182, -105, -30, 1155, -5;
-8, 295, -2, 711, -167, -96, -31, 1151, -9;
-3, 299, 1, 741, -121, -71, -13, 1166, 5;
-9, 291, -5, 702, -142, -80, -37, 1138, -22;
-3, 297, 0, 740, -85, -49, -12, 1159, 0;
1, 300, 3, 763, -39, -25, 4, 1171, 13;
1, 299, 2, 758, -21, -13, 5, 1167, 10;
-2, 294, -1, 729, -25, -14, -8, 1148, -6;
2, 297, 2, 750, 21, 11, 9, 1160, 8;
0, 293, -1, 721, 21, 13, -1, 1143, -5;
3, 295, 1, 734, 63, 36, 13, 1152, 6;
8, 298, 5, 751, 112, 62, 33, 1165, 22;
6, 295, 3, 724, 118, 67, 26, 1151, 11;
5, 291, 0, 697, 125, 73, 19, 1137, 2;
9, 293, 3, 704, 167, 95, 35, 1145, 14;
8, 290, 2, 679, 179, 103, 32, 1134, 8;
8, 289, 1, 659, 197, 114, 33, 1127, 6;
9, 287, 1, 641, 218, 126, 35, 1122, 6;
13, 289, 4, 642, 258, 148, 51, 1128, 18;
20, 294, 11, 663, 320, 181, 79, 1149, 44;
20, 291, 10, 634, 332, 188, 78, 1138, 40;
17, 287, 7, 590, 331, 189, 68, 1119, 27;
22, 289, 11, 593, 376, 213, 87, 1130, 44;
19, 284, 7, 544, 370, 212, 75, 1109, 30;
21, 284, 9, 528, 397, 227, 84, 1108, 37;
26, 286, 13, 526, 439, 249, 102, 1118, 53;
25, 283, 12, 487, 444, 253, 98, 1104, 47;
27, 283, 14, 469, 470, 267, 107, 1104, 55;
29, 282, 15, 445, 491, 279, 113, 1101, 60;
24, 275, 10, 383, 472, 270, 96, 1074, 41;
27, 276, 13, 368, 501, 286, 108, 1077, 53;
27, 273, 12, 330, 506, 289, 106, 1066, 50;
27, 271, 13, 297, 517, 295, 107, 1059, 51;
33, 275, 19, 299, 561, 318, 130, 1073, 74;
27, 267, 13, 228, 532, 304, 109, 1042, 52;
31, 269, 17, 217, 562, 320, 124, 1049, 68;
31, 266, 16, 176, 562, 320, 121, 1038, 65;
32, 265, 18, 149, 574, 327, 127, 1035, 72;
26, 257, 12, 75, 539, 310, 103, 1003, 48;
32, 261, 19, 79, 581, 331, 127, 1020, 74;
28, 255, 15, 16, 555, 318, 111, 996, 59;
33, 258, 20, 10, 584, 333, 129, 1006, 78;
35, 258, 23, -6, 600, 341, 139, 1010, 91;
32, 254, 20, -59, 581, 331, 128, 992, 81;
30, 250, 19, -104, 567, 324, 120, 977, 76;
34, 252, 23, -116, 585, 333, 133, 984, 92;
29, 246, 19, -179, 550, 314, 114, 959, 75;
25, 240, 16, -234, 522, 300, 99, 939, 63;
25, 239, 17, -263, 518, 297, 100, 935, 67;
34, 246, 26, -240, 564, 320, 133, 963, 103;
25, 237, 18, -322, 503, 289, 99, 925, 73;
27, 238, 22, -336, 509, 291, 108, 929, 86;
28, 238, 24, -354, 509, 290, 112, 930, 94;
23, 232, 20, -410, 468, 269, 93, 908, 79;
21, 229, 18, -451, 442, 254, 83, 895, 73;
28, 236, 27, -427, 478, 271, 112, 921, 106;
26, 233, 26, -462, 452, 257, 103, 911, 102;
23, 230, 24, -502, 421, 240, 90, 897, 95;
25, 232, 28, -504, 424, 240, 100, 906, 110;
21, 228, 25, -546, 385, 220, 84, 889, 99;
21, 227, 26, -563, 370, 210, 83, 888, 103;
23, 229, 29, -565, 368, 208, 91, 895, 116;
12, 219, 20, -644, 287, 166, 50, 855, 80;
14, 221, 24, -642, 284, 163, 57, 863, 93;
16, 223, 26, -642, 278, 158, 63, 870, 104;
8, 216, 20, -697, 214, 124, 33, 843, 80;
7, 215, 20, -711, 189, 110, 28, 839, 81;
8, 217, 24, -704, 183, 105, 34, 849, 93;
13, 222, 29, -680, 193, 108, 51, 869, 116;
11, 222, 30, -688, 168, 94, 46, 868, 117;
9, 221, 29, -702, 136, 76, 37, 862, 113;
2, 215, 23, -745, 73, 43, 8, 838, 91;
-1, 212, 21, -764, 32, 20, -5, 828, 82;
0, 214, 23, -750, 21, 13, -1, 838, 92;
-3, 213, 22, -761, -15, -6, -13, 832, 86;
0, 219, 28, -724, -5, -4, 3, 854, 109;
-7, 212, 21, -766, -75, -41, -28, 828, 82;
0, 221, 30, -705, -45, -27, 1, 864, 118;
-7, 215, 23, -740, -112, -63, -29, 840, 92;
-3, 221, 29, -696, -101, -59, -11, 865, 116;
-10, 216, 23, -726, -165, -93, -41, 843, 92;
-6, 222, 29, -681, -156, -91, -25, 867, 113;
-13, 217, 23, -706, -219, -124, -53, 846, 89;
-15, 217, 22, -698, -249, -140, -61, 846, 86;
-14, 220, 24, -669, -259, -147, -58, 858, 94;
-19, 217, 20, -674, -304, -171, -76, 848, 81;
-13, 225, 27, -613, -284, -163, -54, 879, 107;
-21, 220, 21, -634, -346, -196, -83, 858, 82;
-13, 229, 29, -559, -313, -181, -54, 896, 115;
-18, 227, 26, -558, -356, -204, -71, 888, 101;
-24, 224, 21, -566, -406, -230, -95, 874, 82;
-24, 226, 22, -533, -417, -237, -93, 884, 86;
-19, 233, 27, -475, -403, -231, -77, 910, 106;
-26, 228, 20, -486, -458, -260, -104, 892, 81;
-23, 234, 24, -434, -450, -257, -92, 913, 96;
-21, 239, 27, -384, -443, -255, -82, 933, 109;
-30, 232, 19, -407, -510, -290, -117, 906, 75;
-28, 236, 21, -362, -510, -290, -111, 921, 83;
-27, 240, 23, -317, -508, -291, -105, 936, 90;
-29, 240, 21, -297, -531, -303, -115, 936, 82;
-32, 238, 17, -283, -559, -318, -128, 931, 69;
-27, 246, 23, -213, -531, -304, -107, 961, 91;
-25, 250, 25, -165, -524, -301, -99, 977, 99;
-27, 251, 24, -138, -537, -308, -105, 980, 93;
-26, 254, 24, -97, -536, -308, -102, 991, 96;
-33, 249, 17, -105, -582, -331, -129, 972, 68;
-28, 255, 21, -42, -556, -319, -112, 997, 84;
-26, 260, 23, 8, -541, -311, -102, 1015, 93;
-26, 261, 22, 39, -546, -314, -105, 1019, 88;
-35, 254, 13, 18, -600, -341, -139, 992, 52;
-32, 259, 16, 73, -578, -329, -126, 1011, 63;
-31, 262, 16, 113, -569, -324, -122, 1022, 64;
-31, 263, 15, 142, -569, -324, -124, 1026, 59;
-30, 266, 16, 185, -553, -316, -117, 1039, 63;
-30, 267, 15, 216, -548, -313, -117, 1044, 60;
-32, 266, 11, 229, -560, -318, -128, 1038, 45;
-29, 270, 13, 276, -536, -305, -116, 1054, 52;
-27, 274, 15, 322, -511, -292, -105, 1070, 59;
-25, 276, 15, 357, -495, -283, -100, 1078, 59;
-28, 275, 11, 366, -502, -286, -110, 1072, 45;
-29, 274, 8, 382, -502, -285, -116, 1069, 34;
-26, 278, 11, 428, -468, -267, -101, 1086, 43;
-21, 283, 14, 479, -429, -246, -83, 1107, 55;
-19, 286, 14, 514, -404, -232, -75, 1117, 58;
-22, 283, 9, 510, -414, -236, -89, 1104, 37;
-17, 288, 13, 560, -369, -213, -69, 1125, 51;
-24, 282, 5, 537, -396, -224, -94, 1101, 20;
-16, 290, 11, 601, -333, -191, -63, 1132, 44;
-16, 290, 9, 615, -318, -182, -63, 1132, 37;
-20, 286, 3, 601, -328, -186, -78, 1115, 15;
-17, 288, 4, 625, -299, -170, -70, 1123, 16;
-10, 295, 9, 681, -236, -136, -40, 1150, 38;
-16, 288, 1, 648, -259, -146, -65, 1124, 6;
-12, 291, 3, 677, -219, -124, -49, 1137, 14;
-9, 294, 4, 702, -181, -104, -36, 1147, 19;
-6, 296, 6, 723, -145, -83, -24, 1156, 23;
-2, 299, 7, 745, -105, -62, -11, 1166, 29;
-10, 289, -2, 693, -139, -77, -42, 1130, -10;
-6, 292, 0, 714, -96, -53, -26, 1141, -2;
0, 298, 4, 753, -34, -21, 0, 1164, 16;
-3, 293, -1, 724, -39, -21, -13, 1145, -5;