3, 299, 3, 759, 21, 10, 13, 1166, 13;
3, 297, 2, 746, 37, 20, 12, 1159, 8;
0, 293, 0, 721, 40, 24, 3, 1144, -3;
9, 300, 6, 762, 112, 62, 37, 1171, 27;
7, 296, 3, 733, 115, 65, 28, 1155, 14;
5, 292, 0, 703, 120, 69, 20, 1140, 3;
12, 297, 7, 732, 183, 103, 48, 1161, 29;
6, 289, 0, 673, 161, 94, 24, 1129, 1;
11, 292, 4, 685, 211, 120, 45, 1142, 19;
9, 289, 2, 653, 217, 125, 38, 1127, 9;
14, 291, 6, 657, 260, 148, 55, 1136, 23;
16, 290, 7, 643, 287, 163, 62, 1134, 28;
14, 287, 4, 608, 292, 168, 56, 1120, 19;
15, 286, 5, 588, 314, 180, 60, 1115, 21;
17, 286, 7, 575, 343, 197, 70, 1115, 28;
25, 290, 13, 590, 402, 227, 97, 1134, 53;
21, 285, 9, 538, 393, 224, 83, 1111, 37;
19, 281, 7, 496, 395, 227, 77, 1095, 29;
25, 284, 13, 502, 444, 253, 100, 1110, 50;
23, 280, 10, 455, 442, 253, 91, 1092, 40;
27, 281, 13, 445, 475, 271, 106, 1097, 53;
25, 276, 11, 398, 473, 270, 98, 1080, 44;
30, 279, 16, 396, 515, 292, 118, 1091, 63;
23, 270, 9, 318, 480, 276, 91, 1054, 35;
28, 272, 13, 312, 517, 295, 109, 1064, 53;
25, 267, 11, 260, 508, 291, 99, 1044, 43;
32, 273, 18, 271, 561, 319, 128, 1064, 71;
27, 264, 12, 198, 529, 304, 105, 1033, 49;
29, 265, 15, 179, 551, 315, 115, 1035, 59;
28, 261, 13, 132, 545, 312, 109, 1020, 53;
35, 266, 21, 143, 594, 337, 138, 1041, 83;
27, 257, 14, 60, 549, 315, 108, 1004, 55;
27, 254, 13, 20, 546, 314, 105, 993, 53;
30, 256, 17, 8, 570, 326, 120, 1000, 69;
35, 259, 22, 1, 597, 339, 137, 1010, 88;
28, 250, 16, -74, 555, 318, 111, 977, 64;
27, 247, 15, -117, 544, 312, 105, 965, 60;
25, 244, 15, -157, 534, 307, 101, 954, 58;
26, 244, 16, -184, 535, 307, 104, 951, 64;
33, 249, 23, -176, 571, 325, 129, 971, 92;
24, 239, 16, -258, 515, 296, 97, 933, 63;
33, 246, 25, -236, 561, 318, 129, 961, 99;
29, 241, 22, -287, 531, 303, 115, 942, 88;
24, 235, 18, -346, 493, 283, 96, 919, 73;
28, 238, 23, -351, 507, 289, 109, 929, 90;
24, 233, 20, -400, 474, 272, 94, 910, 79;
27, 235, 24, -405, 483, 275, 106, 919, 95;
23, 231, 21, -452, 449, 257, 91, 902, 85;
21, 228, 21, -486, 425, 244, 84, 892, 82;
23, 230, 23, -496, 424, 242, 90, 897, 93;
24, 231, 26, -506, 420, 239, 95, 901, 103;
24, 231, 28, -521, 410, 232, 97, 901, 110;
21, 227, 26, -557, 376, 214, 84, 888, 102;
23, 229, 29, -561, 373, 211, 91, 895, 114;
12, 219, 20, -639, 293, 169, 50, 855, 79;
18, 225, 27, -616, 312, 177, 71, 877, 106;
12, 219, 22, -662, 260, 149, 49, 856, 88;
10, 218, 22, -680, 234, 135, 42, 851, 87;
11, 219, 24, -685, 219, 126, 43, 854, 94;
14, 222, 28, -670, 222, 125, 55, 869, 112;
7, 217, 23, -713, 165, 95, 30, 847, 93;
3, 213, 20, -743, 119, 70, 12, 832, 81;
9, 221, 29, -700, 144, 81, 38, 862, 113;
10, 222, 30, -696, 129, 71, 39, 868, 120;
2, 216, 24, -740, 62, 36, 9, 842, 96;
3, 217, 26, -731, 48, 27, 11, 849, 104;
3, 220, 28, -719, 35, 19, 15, 858, 113;
-4, 213, 22, -763, -34, -18, -17, 831, 85;
-4, 214, 23, -752, -52, -28, -17, 837, 91;
-4, 216, 25, -739, -69, -39, -17, 844, 98;
-7, 215, 23, -744, -105, -59, -28, 839, 91;
-10, 213, 21, -751, -145, -80, -42, 832, 83;
-12, 213, 20, -746, -174, -97, -50, 832, 81;
-11, 216, 23, -720, -184, -104, -45, 844, 91;
-10, 219, 25, -694, -194, -111, -41, 856, 100;
-8, 223, 28, -660, -198, -115, -33, 871, 112;
-15, 219, 23, -678, -254, -144, -58, 855, 92;
-10, 225, 29, -626, -243, -140, -41, 880, 114;
-11, 227, 29, -605, -262, -152, -43, 886, 116;
-15, 225, 26, -607, -305, -175, -61, 878, 103;
-20, 222, 22, -610, -350, -199, -80, 867, 88;
-21, 224, 23, -585, -368, -209, -82, 874, 90;
-16, 231, 28, -525, -351, -202, -63, 902, 112;
-18, 232, 27, -506, -375, -216, -70, 904, 109;
-24, 228, 22, -513, -426, -243, -94, 890, 88;
-23, 231, 24, -474, -431, -246, -90, 903, 95;
-25, 231, 22, -458, -459, -262, -100, 902, 87;
-28, 230, 20, -442, -487, -277, -111, 900, 79;
-24, 237, 24, -385, -474, -271, -97, 924, 95;
-23, 240, 26, -342, -475, -273, -91, 938, 102;
-27, 239, 22, -331, -508, -290, -106, 932, 88;
-31, 236, 18, -324, -543, -309, -124, 924, 72;
-30, 240, 20, -280, -542, -309, -119, 937, 78;
-34, 239, 16, -267, -571, -324, -133, 932, 65;
-33, 242, 17, -227, -572, -325, -130, 944, 68;
-32, 245, 18, -182, -568, -324, -125, 957, 73;
-29, 250, 21, -129, -554, -317, -114, 976, 83;
-28, 253, 21, -90, -554, -317, -112, 987, 85;
-30, 253, 19, -67, -569, -325, -120, 986, 76;
-34, 251, 15, -54, -592, -337, -134, 980, 61;
-30, 257, 19, 5, -568, -325, -118, 1003, 75;
-36, 253, 12, 2, -605, -343, -142, 986, 50;
-31, 259, 16, 65, -575, -328, -124, 1011, 65;
-32, 260, 15, 94, -577, -329, -126, 1015, 60;
-35, 259, 12, 111, -590, -335, -137, 1011, 48;
-30, 265, 15, 169, -560, -320, -120, 1034, 61;
-30, 267, 15, 205, -551, -315, -117, 1042, 60;
-28, 270, 16, 247, -534, -305, -110, 1054, 64;
-30, 269, 12, 260, -544, -310, -120, 1049, 50;
-31, 270, 11, 288, -538, -306, -121, 1053, 45;
-23, 278, 17, 361, -484, -279, -92, 1085, 69;
-28, 274, 12, 360, -503, -287, -109, 1072, 47;
-29, 274, 9, 374, -505, -287, -116, 1069, 36;
-29, 275, 8, 401, -492, -279, -114, 1073, 32;
-20, 284, 15, 477, -428, -246, -80, 1109, 60;
-25, 280, 9, 470, -445, -253, -98, 1093, 37;
-26, 279, 6, 483, -440, -249, -102, 1091, 26;
-24, 282, 7, 513, -415, -236, -94, 1099, 28;
-18, 287, 11, 564, -368, -211, -73, 1121, 43;
-17, 288, 10, 586, -347, -199, -69, 1126, 40;
-21, 285, 5, 579, -355, -201, -82, 1112, 20;
-14, 291, 9, 631, -299, -172, -57, 1137, 38;
-11, 294, 11, 661, -265, -153, -45, 1148, 43;
-12, 293, 8, 667, -252, -145, -47, 1145, 34;
-9, 295, 9, 691, -220, -127, -37, 1152, 36;
-9, 295, 7, 698, -202, -117, -36, 1151, 30;
-9, 294, 6, 704, -184, -106, -35, 1150, 23;
-5, 297, 7, 729, -143, -84, -20, 1161, 30;
-8, 293, 2, 711, -145, -82, -31, 1146, 11;
-1, 299, 7, 753, -85, -51, -5, 1168, 29;
-8, 291, -1, 705, -113, -62, -33, 1136, -6;
0, 299, 5, 759, -36, -22, 2, 1168, 21;
-2, 294, 0, 731, -40, -22, -10, 1149, 0;
-2, 293, -1, 725, -21, -11, -9, 1145, -6;
5, 299, 3, 764, 45, 23, 20, 1169, 15;
0, 293, -3, 720, 30, 18, 0, 1143, -13;
0, 291, -5, 708, 48, 29, 0, 1136, -21;
3, 293, -4, 714, 86, 50, 13, 1143, -16;
7, 295, -2, 722, 128, 73, 28, 1151, -9;
3, 289, -8, 681, 121, 71, 13, 1128, -32;
4, 288, -8, 671, 147, 86, 19, 1126, -34;
15, 297, 0, 720, 232, 130, 61, 1161, 0;
16, 296, 0, 704, 255, 144, 65, 1157, -3;
15, 293, -3, 675, 265, 150, 61, 1145, -15;
20, 295, -1, 678, 308, 173, 78, 1153, -5;
13, 286, -10, 608, 279, 160, 51, 1117, -40;
21, 293, -3, 636, 349, 197, 85, 1143, -13;
19, 288, -7, 593, 347, 198, 75, 1124, -30;
20, 287, -8, 573, 370, 211, 81, 1120, -31;
25, 289, -5, 570, 410, 232, 97, 1128, -21;
21, 283, -10, 518, 402, 230, 84, 1105, -41;
18, 278, -14, 469, 397, 229, 73, 1086, -57;
21, 278, -14, 451, 423, 243, 82, 1085, -55;
29, 284, -7, 472, 487, 276, 115, 1109, -27;
28, 281, -9, 430, 490, 279, 111, 1095, -37;
22, 272, -16, 360, 464, 266, 88, 1064, -65;
24, 271, -16, 334, 481, 276, 94, 1060, -64;
27, 273, -14, 322, 512, 293, 108, 1065, -55;
28, 272, -14, 293, 527, 301, 112, 1061, -55;
28, 268, -16, 252, 528, 302, 109, 1048, -63;
29, 267, -15, 224, 542, 310, 114, 1045, -62;
33, 269, -12, 213, 572, 325, 129, 1052, -49;
30, 264, -16, 157, 556, 318, 117, 1031, -66;
29, 262, -17, 120, 558, 319, 116, 1022, -69;
34, 264, -13, 114, 591, 336, 135, 1032, -53;
29, 258, -19, 49, 563, 322, 116, 1006, -74;
31, 257, -18, 22, 572, 327, 121, 1004, -71;
27, 252, -22, -34, 550, 316, 107, 983, -87;
30, 253, -19, -48, 570, 326, 120, 989, -75;
27, 248, -22, -102, 548, 314, 107, 969, -89;
25, 245, -25, -148, 534, 307, 100, 955, -97;
29, 246, -21, -159, 551, 315, 113, 962, -85;
27, 243, -23, -201, 537, 308, 107, 950, -91;
34, 249, -16, -185, 579, 329, 136, 974, -62;
28, 241, -22, -257, 532, 304, 110, 943, -88;
27, 240, -23, -290, 522, 298, 108, 936, -89;
31, 242, -19, -295, 537, 306, 122, 946, -74;
26, 236, -24, -355, 496, 284, 101, 921, -93;
27, 236, -22, -374, 495, 282, 106, 922, -87;
23, 232, -25, -422, 462, 265, 91, 905, -100;
23, 231, -25, -445, 452, 259, 91, 902, -98;
22, 229, -26, -476, 432, 248, 85, 894, -101;
21, 228, -25, -497, 420, 240, 85, 892, -99;
18, 224, -28, -541, 383, 221, 70, 875, -111;
18, 225, -26, -554, 376, 216, 73, 878, -105;
21, 227, -23, -554, 379, 216, 83, 887, -91;
15, 221, -28, -604, 330, 190, 61, 865, -109;
16, 222, -26, -613, 319, 183, 64, 868, -103;
20, 226, -21, -600, 329, 186, 79, 884, -83;
15, 222, -25, -642, 283, 161, 59, 866, -99;
11, 218, -28, -676, 241, 139, 43, 852, -110;
12, 220, -25, -673, 235, 134, 49, 859, -100;
11, 219, -25, -686, 210, 120, 44, 857, -100;
8, 217, -27, -706, 177, 101, 34, 850, -105;
8, 218, -26, -709, 158, 90, 33, 852, -101;
4, 215, -28, -732, 119, 69, 19, 842, -110;
2, 214, -29, -747, 84, 49, 8, 835, -115;
3, 217, -26, -733, 77, 44, 14, 846, -103;
-2, 212, -31, -766, 21, 14, -8, 827, -121;
2, 218, -25, -730, 32, 18, 9, 850, -98;
0, 216, -26, -739, -2, -1, -1, 845, -103;
-5, 213, -30, -762, -52, -28, -21, 831, -117;
-1, 218, -24, -725, -45, -26, -6, 853, -96;
-9, 212, -30, -760, -111, -61, -36, 829, -120;
-9, 214, -29, -748, -131, -73, -37, 834, -116;
-9, 216, -28, -731, -148, -83, -37, 842, -109;
-13, 213, -30, -740, -191, -107, -53, 833, -120;
-12, 217, -27, -709, -197, -112, -47, 847, -107;
-7, 223, -21, -661, -186, -108, -29, 872, -85;
-8, 224, -21, -645, -209, -121, -33, 877, -82;
-16, 219, -27, -671, -274, -155, -64, 855, -107;
-20, 217, -30, -672, -315, -178, -80, 847, -118;
-14, 226, -22, -605, -289, -166, -54, 881, -87;
-15, 226, -22, -590, -317, -182, -62, 882, -89;
-18, 226, -24, -578, -347, -198, -72, 881, -93;
-18, 228, -22, -546, -357, -205, -70, 892, -86;
-17, 231, -20, -515, -370, -213, -70, 902, -81;
-25, 225, -27, -534, -433, -246, -101, 880, -107;
-19, 234, -19, -461, -404, -232, -75, 915, -76;
-22, 233, -21, -449, -436, -250, -88, 911, -84;
-23, 234, -21, -423, -454, -260, -92, 916, -84;
-28, 233, -24, -416, -491, -279, -109, 908, -96;
-23, 240, -18, -350, -468, -269, -89, 937, -73;
-31, 234, -26, -370, -532, -302, -123, 912, -102;
-23, 244, -17, -286, -491, -282, -93, 952, -68;
-27, 243, -19, -270, -518, -296, -105, 948, -77;
-27, 245, -19, -235, -525, -301, -106, 956, -74;
-29, 245, -20, -211, -543, -310, -113, 958, -78;
-30, 246, -21, -186, -559, -319, -120, 959, -82;
-28, 250, -18, -137, -549, -314, -112, 976, -71;
-31, 249, -20, -119, -570, -325, -123, 973, -79;
-33, 249, -21, -95, -584, -333, -130, 974, -84;
-35, 250, -22, -70, -597, -339, -137, 975, -89;
-33, 253, -21, -27, -589, -335, -132, 987, -82;
-29, 259, -16, 36, -560, -321, -114, 1012, -62;
-30, 260, -17, 62, -567, -324, -119, 1014, -66;
-28, 263, -15, 106, -555, -318, -112, 1027, -58;
-29, 264, -15, 134, -557, -318, -115, 1031, -60;
-27, 267, -13, 178, -542, -311, -108, 1044, -53;
-34, 262, -20, 168, -579, -329, -134, 1024, -78;
-33, 264, -19, 204, -569, -323, -131, 1032, -74;
-31, 267, -17, 245, -552, -314, -124, 1044, -67;
-30, 270, -16, 280, -538, -306, -119, 1053, -63;
-24, 277, -10, 347, -492, -283, -95, 1081, -39;
-32, 270, -18, 323, -534, -303, -126, 1053, -71;
-27, 275, -13, 378, -495, -282, -108, 1075, -53;
-26, 277, -12, 410, -478, -273, -103, 1083, -50;
-23, 281, -9, 453, -448, -256, -91, 1098, -38;
-25, 279, -12, 459, -452, -257, -100, 1091, -49;
-27, 278, -15, 467, -453, -257, -108, 1084, -59;
-17, 288, -5, 548, -378, -218, -69, 1125, -22;
-22, 284, -10, 537, -393, -224, -87, 1108, -41;
-18, 288, -7, 578, -355, -204, -71, 1124, -28;
-20, 285, -10, 578, -356, -202, -80, 1115, -39;
-15, 291, -5, 625, -306, -176, -58, 1136, -20;
-17, 289, -7, 623, -304, -173, -67, 1127, -30;
-9, 295, -1, 678, -243, -141, -38, 1154, -5;
-18, 286, -11, 629, -284, -160, -74, 1117, -43;
-17, 287, -10, 646, -258, -145, -67, 1121, -39;
-9, 294, -2, 701, -190, -109, -35, 1150, -10;
-5, 297, 0, 728, -150, -87, -21, 1162, 0;
-3, 299, 1, 742, -120, -71, -13, 1166, 5;
-4, 297, 0, 734, -110, -64, -17, 1158, -1;
-5, 294, -2, 724, -100, -57, -22, 1149, -9;
0, 299, 2, 756, -47, -28, 0, 1166, 8;
-3, 293, -2, 725, -54, -30, -15, 1146, -9;
-3, 292, -3, 720, -34, -18, -14, 1142, -12;
1, 296, 0, 741, 12, 6, 4, 1155, 3;
1, 294, 0, 730, 30, 17, 4, 1149, 0;
5, 297, 3, 748, 78, 43, 22, 1161, 15;
0, 290, -2, 698, 60, 36, 0, 1132, -10;
4, 293, 1, 712, 106, 61, 18, 1143, 4;
2, 289, -1, 683, 111, 66, 11, 1128, -6;
7, 291, 1, 691, 154, 89, 27, 1137, 6;
5, 288, 0, 665, 165, 96, 23, 1125, 0;
10, 290, 3, 669, 207, 119, 39, 1133, 12;
12, 291, 5, 663, 240, 137, 49, 1135, 19;
12, 288, 4, 637, 254, 146, 48, 1126, 15;
16, 290, 7, 636, 293, 167, 63, 1132, 27;
19, 291, 9, 630, 328, 186, 75, 1136, 37;
21, 291, 11, 616, 356, 202, 84, 1135, 43;
18, 286, 7, 571, 354, 202, 73, 1116, 31;
17, 282, 6, 533, 359, 207, 68, 1102, 23;
21, 284, 9, 527, 397, 227, 84, 1108, 37;
26, 287, 14, 530, 443, 251, 105, 1120, 56;
26, 284, 13, 495, 452, 257, 103, 1109, 52;
22, 278, 9, 438, 439, 252, 88, 1085, 36;
29, 282, 15, 446, 491, 279, 113, 1101, 60;
29, 280, 15, 416, 505, 287, 116, 1094, 62;
26, 275, 12, 362, 495, 283, 104, 1073, 49;
24, 271, 10, 315, 492, 282, 97, 1057, 41;
28, 272, 14, 305, 524, 299, 112, 1063, 56;
28, 270, 14, 269, 531, 303, 112, 1054, 55;
31, 271, 17, 253, 557, 317, 124, 1058, 68;
31, 268, 16, 213, 558, 318, 121, 1047, 65;
30, 265, 16, 171, 557, 318, 118, 1035, 62;
32, 265, 17, 146, 571, 326, 125, 1033, 69;
35, 266, 22, 134, 598, 340, 140, 1040, 86;
30, 259, 17, 66, 568, 325, 120, 1012, 66;
27, 254, 14, 13, 551, 316, 108, 994, 57;
28, 253, 15, -20, 552, 317, 109, 987, 59;
35, 258, 23, -7, 600, 341, 139, 1009, 90;
30, 251, 18, -76, 563, 322, 117, 980, 70;
36, 255, 24, -72, 599, 340, 140, 997, 96;
32, 250, 21, -128, 573, 327, 126, 977, 84;
30, 247, 20, -173, 556, 318, 118, 963, 79;
32, 248, 23, -187, 569, 323, 128, 968, 92;
25, 239, 17, -263, 518, 297, 100, 935, 67;
25, 238, 18, -292, 512, 294, 100, 930, 71;
24, 236, 18, -327, 498, 286, 96, 921, 70;
32, 242, 26, -308, 537, 305, 125, 947, 103;
25, 235, 21, -375, 488, 280, 100, 918, 82;
25, 234, 21, -402, 477, 273, 98, 913, 84;
28, 236, 26, -405, 487, 277, 111, 923, 101;
28, 236, 27, -428, 476, 270, 111, 920, 106;
23, 230, 23, -479, 436, 249, 92, 900, 92;
19, 226, 20, -526, 397, 228, 76, 882, 80;
24, 231, 27, -511, 417, 237, 96, 901, 105;
21, 228, 25, -546, 385, 220, 84, 889, 99;
16, 222, 21, -594, 340, 195, 64, 869, 84;
15, 221, 22, -614, 319, 184, 61, 865, 86;
21, 227, 28, -592, 339, 192, 82, 887, 112;
14, 220, 23, -646, 280, 161, 55, 861, 91;
16, 223, 26, -643, 276, 157, 62, 870, 104;
17, 225, 29, -640, 271, 153, 69, 878, 116;
8, 216, 22, -703, 197, 114, 33, 845, 86;
12, 221, 27, -680, 207, 117, 49, 864, 108;
8, 218, 24, -710, 162, 93, 32, 850, 97;
6, 217, 25, -719, 137, 78, 27, 848, 97;
9, 221, 29, -701, 137, 77, 37, 863, 114;
1, 213, 22, -751, 66, 39, 4, 834, 87;
6, 220, 29, -713, 82, 45, 25, 860, 114;
2, 217, 26, -733, 38, 21, 9, 849, 103;
-3, 212, 21, -765, -18, -8, -15, 829, 84;
-4, 213, 22, -761, -42, -22, -19, 831, 86;
1, 221, 30, -709, -19, -12, 6, 863, 117;
0, 221, 29, -708, -48, -29, 0, 863, 116;
-5, 217, 26, -726, -98, -56, -20, 849, 101;
-7, 217, 24, -726, -132, -74, -30, 846, 97;
-13, 213, 20, -743, -183, -102, -52, 832, 80;
-5, 223, 30, -673, -149, -87, -20, 871, 117;
-7, 223, 29, -668, -181, -105, -30, 870, 113;
-14, 218, 23, -691, -242, -137, -57, 850, 90;
-14, 220, 24, -669, -259, -147, -58, 858, 94;
-12, 224, 28, -628, -258, -148, -47, 877, 110;
-19, 219, 21, -649, -320, -181, -76, 856, 85;
-17, 224, 25, -607, -320, -183, -67, 874, 98;
-18, 224, 24, -590, -345, -197, -73, 877, 96;
-20, 225, 23, -574, -371, -212, -81, 878, 92;
-19, 229, 26, -534, -375, -215, -75, 893, 101;
-18, 232, 27, -497, -381, -219, -71, 906, 109;
-20, 232, 26, -480, -408, -234, -80, 906, 102;
-27, 228, 20, -491, -463, -263, -107, 889, 79;
-25, 232, 22, -446, -462, -263, -99, 906, 89;
-28, 231, 20, -430, -490, -278, -110, 904, 80;
-24, 238, 25, -369, -473, -271, -94, 929, 98;
-32, 232, 17, -386, -533, -302, -126, 907, 68;
-33, 234, 17, -355, -546, -310, -129, 913, 67;
-26, 242, 23, -280, -513, -294, -104, 947, 93;
-26, 245, 24, -240, -516, -296, -101, 958, 96;
-28, 246, 22, -217, -534, -306, -109, 959, 89;
-31, 245, 19, -199, -558, -318, -121, 956, 77;
-32, 245, 18, -173, -572, -326, -127, 959, 71;
-35, 245, 15, -154, -593, -336, -137, 956, 60;
-28, 253, 21, -77, -554, -317, -112, 990, 85;
-30, 254, 20, -50, -564, -323, -117, 992, 79;
-26, 259, 23, 6, -544, -312, -103, 1013, 91;
-35, 253, 14, -12, -597, -339, -137, 987, 56;
-33, 256, 15, 29, -589, -335, -132, 999, 59;
-29, 262, 19, 91, -559, -320, -114, 1023, 74;
-34, 259, 13, 94, -587, -334, -133, 1011, 53;
-35, 259, 11, 118, -593, -336, -139, 1011, 44;
-33, 263, 12, 164, -574, -327, -130, 1026, 50;
-25, 272, 19, 244, -520, -299, -99, 1062, 77;
-31, 267, 12, 235, -553, -315, -123, 1043, 49;
-28, 272, 15, 286, -526, -300, -110, 1060, 59;
-27, 273, 14, 319, -513, -294, -107, 1068, 57;
-27, 275, 14, 348, -503, -287, -105, 1073, 54;
-25, 277, 14, 385, -483, -277, -99, 1084, 56;
-23, 280, 14, 419, -465, -266, -93, 1093, 57;
-20, 284, 16, 464, -432, -249, -79, 1109, 65;
-26, 279, 9, 451, -457, -260, -101, 1089, 37;
-20, 285, 13, 506, -411, -236, -80, 1112, 53;
-19, 286, 13, 532, -393, -226, -76, 1117, 51;
-21, 284, 9, 536, -393, -224, -84, 1110, 37;
-17, 288, 11, 576, -357, -205, -69, 1125, 44;
-15, 290, 11, 603, -330, -190, -62, 1133, 45;
-20, 286, 5, 589, -344, -195, -79, 1116, 21;
-16, 290, 7, 626, -304, -174, -63, 1131, 30;
-14, 291, 7, 647, -277, -158, -56, 1137, 30;
-15, 289, 4, 648, -269, -153, -60, 1130, 18;
-10, 294, 7, 685, -222, -128, -42, 1147, 29;
-6, 297, 9, 714, -182, -106, -27, 1159, 36;
-12, 291, 2, 684, -199, -112, -48, 1136, 8;
-12, 290, 0, 685, -182, -102, -48, 1132, 0;
-7, 294, 3, 717, -134, -76, -28, 1148, 11;
-3, 296, 4, 737, -95, -55, -15, 1157, 17;
0, 299, 6, 756, -54, -32, 0, 1167, 23;
-8, 290, -3, 701, -86, -47, -31, 1131, -15;
0, 296, 1, 741, -22, -12, -2, 1155, 5;
0, 294, 0, 731, -5, -2, -3, 1149, -3;
-3, 290, -5, 704, -5, 0, -14, 1132, -22;
6, 299, 2, 759, 79, 43, 27, 1168, 10;
8, 299, 2, 756, 106, 59, 33, 1167, 9;
6, 295, -1, 727, 110, 62, 24, 1152, -7;
12, 299, 1, 746, 163, 91, 46, 1167, 6;
13, 298, 0, 735, 186, 104, 50, 1163, 2;
13, 296, -1, 716, 204, 115, 51, 1156, -5;
8, 289, -8, 666, 191, 110, 32, 1129, -31;
8, 287, -10, 642, 206, 120, 32, 1121, -39;
9, 286, -10, 628, 231, 134, 37, 1118, -41;
15, 290, -6, 642, 286, 163, 61, 1134, -24;
20, 293, -3, 646, 331, 187, 80, 1144, -13;
14, 284, -11, 579, 306, 176, 55, 1110, -45;
19, 287, -8, 585, 354, 202, 76, 1122, -31;
20, 286, -8, 564, 375, 214, 81, 1118, -33;
20, 284, -10, 533, 388, 222, 81, 1108, -40;
27, 288, -5, 545, 444, 251, 108, 1126, -19;
20, 279, -13, 468, 411, 236, 79, 1089, -53;
25, 282, -10, 469, 455, 259, 100, 1100, -39;
21, 275, -15, 408, 439, 252, 83, 1074, -61;
24, 276, -13, 395, 470, 269, 96, 1078, -54;
30, 279, -9, 395, 514, 292, 117, 1090, -37;
31, 278, -9, 370, 532, 302, 123, 1087, -37;
24, 268, -18, 288, 493, 283, 94, 1049, -70;
32, 274, -11, 301, 549, 312, 124, 1070, -44;
29, 269, -14, 250, 540, 308, 115, 1052, -58;
29, 267, -15, 216, 547, 312, 116, 1044, -61;
29, 264, -17, 176, 548, 313, 113, 1033, -67;
26, 259, -20, 122, 534, 307, 102, 1013, -81;
27, 259, -19, 96, 547, 314, 109, 1012, -77;
33, 262, -15, 95, 584, 332, 130, 1025, -59;
29, 257, -19, 37, 563, 322, 116, 1003, -75;
29, 255, -20, 0, 562, 322, 115, 995, -78;
33, 257, -16, -9, 587, 334, 130, 1003, -64;
32, 254, -18, -50, 579, 330, 126, 992, -70;
33, 253, -17, -77, 583, 332, 130, 989, -67;
28, 247, -22, -142, 549, 315, 110, 963, -87;
26, 243, -24, -188, 532, 306, 102, 949, -96;
34, 250, -16, -165, 582, 330, 135, 977, -63;
27, 241, -23, -244, 529, 303, 105, 942, -92;
32, 245, -18, -243, 553, 315, 124, 956, -73;
27, 239, -22, -299, 520, 297, 108, 935, -89;
26, 237, -23, -333, 505, 289, 104, 926, -92;
31, 241, -18, -330, 527, 299, 122, 941, -72;
28, 237, -21, -374, 500, 285, 111, 927, -82;
22, 230, -27, -439, 450, 258, 85, 898, -105;
30, 237, -18, -411, 490, 277, 117, 927, -71;
25, 233, -21, -459, 452, 258, 101, 909, -85;
27, 234, -19, -468, 451, 256, 107, 914, -76;
19, 226, -26, -535, 391, 224, 77, 883, -102;
20, 226, -25, -550, 380, 218, 79, 883, -98;
22, 228, -22, -552, 381, 216, 87, 891, -86;
21, 227, -22, -573, 360, 204, 83, 887, -86;
13, 220, -28, -634, 298, 172, 53, 858, -112;
14, 221, -26, -640, 288, 165, 56, 862, -105;
20, 227, -20, -614, 308, 173, 78, 885, -79;
14, 222, -24, -655, 259, 147, 57, 866, -95;
10, 218, -27, -687, 217, 125, 42, 853, -106;
15, 223, -21, -665, 227, 128, 58, 872, -84;
7, 216, -27, -715, 163, 94, 29, 846, -109;
4, 214, -29, -734, 128, 75, 18, 838, -115;
5, 216, -27, -731, 113, 65, 19, 843, -108;
7, 219, -23, -713, 111, 62, 29, 857, -93;
5, 219, -24, -719, 84, 47, 22, 855, -94;
-2, 212, -31, -766, 14, 10, -9, 828, -121;
-2, 213, -29, -757, -2, 0, -8, 834, -114;
2, 220, -23, -719, 9, 3, 9, 858, -90;
-4, 214, -28, -752, -51, -28, -17, 837, -111;
-7, 213, -30, -758, -88, -48, -29, 832, -117;
-5, 216, -26, -733, -95, -53, -22, 845, -104;
-10, 213, -30, -751, -145, -80, -42, 832, -119;
-7, 218, -25, -711, -140, -80, -28, 853, -99;
-5, 222, -21, -680, -143, -83, -20, 869, -85;
-9, 220, -24, -687, -187, -107, -37, 860, -96;
-14, 218, -27, -694, -232, -132, -55, 850, -108;
-8, 225, -20, -637, -214, -124, -33, 880, -80;
-12, 224, -22, -636, -253, -145, -47, 874, -89;
-16, 222, -25, -636, -293, -167, -63, 867, -99;
-18, 222, -25, -622, -320, -182, -70, 868, -101;
-22, 220, -28, -621, -361, -204, -87, 861, -112;
-22, 222, -27, -593, -376, -213, -87, 869, -107;
-24, 222, -28, -579, -406, -230, -97, 868, -111;
-18, 231, -20, -509, -378, -217, -72, 903, -81;
-18, 233, -19, -479, -392, -226, -73, 911, -77;
-26, 227, -26, -498, -455, -258, -104, 888, -104;
-20, 236, -19, -425, -426, -245, -79, 923, -74;
-22, 236, -20, -406, -451, -259, -89, 923, -79;
-24, 237, -20, -382, -471, -270, -95, 926, -81;
-31, 232, -26, -391, -524, -297, -122, 908, -104;
-33, 233, -27, -367, -543, -308, -129, 910, -107;
-27, 240, -21, -299, -519, -296, -109, 939, -83;
-25, 245, -17, -246, -508, -292, -98, 959, -68;
-31, 242, -22, -249, -553, -315, -122, 944, -89;
-27, 248, -18, -189, -535, -306, -107, 967, -71;
-33, 243, -23, -193, -578, -329, -131, 951, -92;
-34, 245, -24, -162, -588, -334, -135, 956, -93;
-35, 246, -24, -133, -597, -339, -139, 960, -95;
-32, 251, -20, -77, -578, -330, -126, 980, -80;
-27, 258, -14, -8, -546, -314, -105, 1009, -57;
-33, 254, -20, -11, -585, -333, -129, 993, -79;
-27, 262, -13, 60, -547, -314, -106, 1023, -54;
-32, 258, -19, 58, -582, -331, -128, 1007, -75;
-35, 257, -21, 74, -597, -339, -139, 1003, -85;
-26, 267, -12, 163, -538, -309, -104, 1044, -49;
-31, 264, -17, 164, -565, -322, -123, 1031, -67;
-29, 268, -14, 210, -545, -312, -114, 1045, -58;
-30, 267, -16, 231, -550, -314, -120, 1044, -64;
-29, 270, -15, 269, -535, -305, -115, 1054, -58;
-32, 269, -17, 281, -544, -309, -125, 1049, -68;
-28, 273, -14, 331, -514, -293, -111, 1067, -55;
-30, 272, -16, 342, -521, -296, -120, 1061, -65;
-21, 282, -7, 426, -453, -261, -84, 1101, -29;
-27, 276, -14, 410, -482, -274, -108, 1079, -55;
-25, 279, -12, 447, -457, -261, -99, 1091, -47;
-19, 286, -6, 506, -408, -235, -75, 1116, -25;
-26, 279, -14, 481, -442, -250, -103, 1089, -55;
-25, 281, -13, 508, -420, -238, -98, 1096, -51;
-24, 282, -12, 531, -401, -227, -94, 1100, -49;
-18, 287, -7, 581, -352, -202, -72, 1122, -30;
-16, 290, -5, 609, -324, -186, -63, 1131, -23;
-21, 284, -11, 590, -341, -193, -83, 1111, -45;
-16, 289, -7, 628, -298, -169, -66, 1127, -30;
-17, 287, -9, 631, -288, -163, -69, 1122, -37;
-8, 296, 0, 697, -214, -124, -33, 1157, -3;
-16, 288, -9, 656, -244, -138, -62, 1125, -35;
-10, 293, -3, 697, -190, -109, -39, 1146, -15;
-12, 290, -6, 686, -187, -105, -47, 1134, -26;
-5, 296, -1, 728, -129, -74, -21, 1156, -4;
-10, 290, -6, 697, -141, -78, -40, 1134, -25;
0, 299, 2, 755, -62, -37, -2, 1167, 8;
-1, 297, 0, 744, -51, -30, -6, 1159, 1;
-6, 291, -4, 710, -61, -33, -23, 1136, -18;
-5, 290, -5, 706, -39, -20, -21, 1133, -20;
-4, 290, -4, 705, -13, -5, -15, 1133, -18;
-2, 290, -4, 703, 13, 9, -10, 1132, -15;
4, 295, 2, 735, 75, 43, 17, 1154, 8;
3, 293, 0, 716, 88, 51, 14, 1144, 2;
11, 299, 7, 750, 155, 86, 45, 1168, 30;
11, 296, 6, 728, 168, 95, 42, 1158, 24;
12, 296, 7, 720, 196, 110, 49, 1157, 27;
16, 298, 9, 721, 233, 131, 62, 1162, 37;
10, 290, 3, 667, 218, 125, 42, 1134, 14;
16, 294, 8, 678, 268, 152, 63, 1147, 33;
13, 288, 4, 634, 264, 151, 51, 1126, 17;
18, 292, 9, 643, 314, 178, 73, 1139, 36;
17, 288, 7, 608, 320, 183, 67, 1125, 28;
17, 286, 6, 579, 334, 191, 66, 1115, 25;
23, 290, 12, 592, 389, 220, 92, 1132, 49;
25, 290, 14, 574, 415, 235, 100, 1131, 55;
23, 285, 11, 532, 416, 237, 93, 1114, 45;
18, 278, 6, 468, 396, 228, 73, 1085, 23;
21, 278, 8, 451, 423, 243, 82, 1086, 32;
20, 274, 6, 411, 427, 246, 78, 1072, 26;
21, 273, 7, 384, 444, 256, 82, 1067, 28;
22, 272, 8, 355, 459, 264, 85, 1061, 31;
25, 273, 11, 345, 492, 282, 100, 1067, 45;
27, 272, 12, 319, 509, 291, 106, 1063, 50;
32, 275, 17, 315, 549, 312, 126, 1074, 70;
33, 274, 18, 286, 562, 319, 130, 1070, 74;
27, 265, 12, 211, 528, 303, 105, 1036, 49;
30, 267, 16, 199, 557, 318, 120, 1043, 64;
28, 263, 14, 149, 548, 314, 112, 1026, 56;
30, 262, 16, 122, 560, 320, 117, 1023, 62;
27, 257, 13, 67, 544, 313, 106, 1003, 52;
35, 263, 21, 83, 597, 339, 137, 1028, 85;
33, 259, 20, 37, 587, 334, 131, 1013, 79;
26, 250, 13, -42, 543, 312, 103, 978, 53;
30, 253, 18, -49, 569, 325, 119, 988, 72;
26, 247, 14, -109, 541, 311, 103, 965, 58;
31, 250, 20, -112, 569, 325, 122, 977, 79;
28, 246, 18, -160, 550, 315, 112, 962, 72;
26, 242, 16, -208, 530, 304, 102, 946, 64;
29, 244, 20, -219, 546, 312, 115, 953, 80;
27, 241, 19, -260, 529, 303, 108, 941, 76;
24, 236, 16, -312, 499, 287, 94, 922, 65;
24, 235, 18, -338, 494, 284, 95, 919, 70;
29, 239, 24, -333, 518, 295, 115, 935, 94;
31, 241, 27, -345, 523, 297, 123, 940, 106;
21, 230, 18, -432, 451, 260, 85, 898, 72;
22, 230, 19, -454, 443, 254, 85, 897, 77;
23, 230, 22, -468, 440, 252, 90, 899, 87;
23, 230, 23, -490, 427, 244, 89, 897, 91;
19, 225, 20, -533, 392, 225, 75, 881, 81;
16, 223, 19, -567, 362, 209, 65, 869, 76;
18, 224, 22, -575, 358, 205, 70, 874, 86;
20, 226, 25, -576, 357, 203, 78, 882, 100;
16, 222, 23, -613, 319, 183, 63, 868, 90;
19, 226, 27, -605, 324, 184, 76, 881, 108;
19, 226, 29, -617, 307, 174, 75, 881, 113;
17, 224, 28, -636, 280, 159, 68, 876, 111;
11, 218, 23, -683, 224, 129, 43, 853, 92;
12, 221, 27, -676, 220, 125, 50, 863, 105;
8, 218, 24, -706, 177, 102, 34, 850, 95;
7, 217, 24, -715, 152, 87, 29, 848, 96;
2, 213, 20, -749, 101, 60, 8, 831, 81;
4, 216, 25, -731, 101, 58, 18, 845, 97;
5, 219, 27, -720, 90, 51, 23, 854, 107;
1, 216, 24, -742, 46, 26, 6, 842, 97;
4, 219, 28, -720, 43, 23, 16, 857, 112;
3, 220, 29, -717, 20, 10, 12, 859, 114;
1, 220, 29, -715, -5, -4, 7, 860, 115;
-5, 215, 23, -747, -67, -37, -19, 839, 93;
-1, 220, 29, -711, -61, -36, -5, 860, 113;
-3, 220, 28, -708, -91, -53, -12, 859, 111;
-2, 223, 31, -685, -101, -60, -8, 871, 121;
-7, 220, 27, -699, -151, -87, -28, 858, 106;
-9, 220, 26, -691, -179, -102, -35, 859, 104;
-7, 224, 30, -657, -182, -106, -27, 875, 117;
-15, 218, 22, -689, -252, -143, -60, 850, 89;
-17, 218, 22, -676, -279, -158, -67, 851, 87;
-10, 227, 30, -610, -254, -147, -41, 885, 117;
-13, 226, 28, -604, -288, -166, -54, 882, 109;
-23, 219, 19, -635, -362, -204, -90, 854, 77;
-18, 225, 25, -580, -349, -199, -73, 880, 98;
-19, 226, 24, -558, -370, -211, -77, 885, 97;
-19, 230, 26, -523, -378, -217, -75, 897, 103;
-24, 227, 22, -523, -422, -240, -94, 887, 87;
-26, 227, 20, -508, -451, -256, -104, 885, 79;
-19, 236, 28, -429, -415, -239, -75, 924, 111;
-23, 234, 24, -424, -454, -260, -93, 915, 96;
-21, 239, 27, -375, -449, -259, -83, 934, 108;
-31, 231, 17, -405, -523, -297, -123, 903, 70;
-26, 239, 23, -335, -497, -284, -102, 934, 93;
-29, 238, 20, -322, -527, -301, -116, 929, 80;
-33, 236, 16, -312, -559, -317, -131, 923, 66;
-25, 247, 25, -222, -512, -294, -98, 965, 100;
-26, 248, 24, -192, -523, -300, -101, 970, 97;
-31, 245, 19, -189, -561, -320, -122, 958, 76;
-28, 250, 22, -135, -547, -313, -110, 978, 88;
-34, 246, 16, -139, -590, -335, -135, 961, 62;
-26, 257, 24, -49, -538, -310, -102, 1002, 95;
-32, 252, 17, -56, -582, -332, -128, 984, 67;
-35, 251, 14, -36, -599, -340, -138, 981, 56;
-27, 261, 21, 46, -549, -315, -107, 1019, 85;
-35, 255, 13, 29, -599, -340, -139, 994, 51;
-36, 256, 12, 61, -599, -340, -140, 1000, 48;
-31, 262, 16, 124, -567, -324, -122, 1024, 63;
-27, 268, 19, 180, -540, -310, -107, 1045, 75;
-26, 270, 19, 218, -529, -304, -103, 1055, 76;
-26, 271, 18, 246, -526, -302, -104, 1059, 71;
-28, 270, 15, 263, -534, -305, -112, 1055, 59;
-25, 274, 17, 311, -508, -291, -100, 1072, 67;
-31, 270, 10, 303, -536, -305, -123, 1053, 40;
-27, 275, 13, 357, -501, -286, -106, 1074, 52;
-23, 279, 15, 403, -470, -270, -92, 1091, 61;
-26, 277, 11, 409, -479, -273, -104, 1082, 44;
-20, 284, 16, 470, -431, -248, -80, 1108, 62;
-20, 285, 15, 496, -416, -239, -78, 1113, 59;
-22, 283, 10, 498, -422, -241, -89, 1104, 42;
-22, 284, 9, 520, -406, -232, -86, 1107, 38;
-16, 289, 13, 573, -358, -206, -65, 1130, 54;
-20, 286, 8, 565, -368, -210, -79, 1115, 32;
-18, 287, 8, 590, -344, -196, -73, 1122, 32;
-15, 291, 10, 626, -306, -176, -58, 1136, 39;
-14, 291, 8, 639, -289, -165, -57, 1136, 34;
-18, 287, 2, 624, -298, -169, -72, 1120, 11;
-18, 286, 1, 633, -281, -158, -72, 1118, 4;
-14, 290, 3, 663, -241, -137, -57, 1131, 12;
-8, 295, 7, 708, -184, -106, -31, 1154, 29;
-8, 294, 4, 706, -172, -98, -34, 1148, 19;
-11, 290, 0, 689, -173, -97, -45, 1133, 0;
-6, 295, 3, 724, -120, -69, -23, 1152, 14;
-9, 290, -2, 699, -126, -70, -38, 1133, -8;
-5, 293, 0, 721, -82, -46, -22, 1145, 0;
-5, 292, -2, 714, -66, -36, -22, 1139, -9;
-2, 293, -1, 725, -29, -16, -11, 1145, -5;
-1, 293, -2, 724, -3, -1, -5, 1145, -8;
0, 293, -2, 726, 26, 15, 1, 1146, -9;
7, 299, 2, 760, 90, 49, 30, 1168, 11;
6, 296, 0, 737, 98, 55, 24, 1156, -2;
4, 292, -5, 707, 101, 59, 15, 1140, -19;
11, 298, 0, 738, 166, 93, 45, 1163, 2;
8, 293, -4, 700, 164, 94, 33, 1143, -17;
13, 296, -1, 713, 214, 120, 53, 1156, -5;
13, 294, -3, 692, 230, 131, 53, 1148, -12;
8, 287, -10, 636, 213, 124, 33, 1119, -41;
17, 294, -3, 670, 287, 162, 69, 1146, -12;
16, 291, -5, 640, 297, 169, 65, 1135, -23;
19, 291, -5, 628, 327, 186, 74, 1135, -21;
21, 291, -5, 615, 356, 202, 83, 1135, -19;
15, 283, -12, 551, 334, 192, 61, 1104, -48;
24, 289, -5, 579, 405, 229, 97, 1130, -19;
19, 281, -12, 513, 383, 220, 75, 1099, -48;
23, 284, -9, 511, 425, 242, 93, 1109, -36;
29, 287, -5, 511, 468, 265, 113, 1119, -22;
25, 280, -10, 455, 456, 260, 98, 1095, -42;
23, 276, -14, 410, 455, 261, 91, 1079, -55;
25, 276, -13, 389, 478, 273, 99, 1078, -52;
30, 278, -10, 383, 516, 294, 117, 1087, -39;
29, 275, -12, 343, 519, 296, 114, 1074, -48;
32, 275, -10, 325, 544, 309, 124, 1076, -41;
31, 272, -12, 283, 545, 310, 121, 1063, -49;
27, 266, -17, 224, 528, 302, 106, 1040, -68;
33, 270, -12, 224, 569, 324, 128, 1054, -49;
27, 262, -18, 154, 540, 310, 108, 1024, -73;
30, 263, -16, 138, 564, 322, 120, 1028, -64;
29, 259, -19, 91, 555, 318, 113, 1013, -74;
28, 257, -20, 51, 553, 317, 110, 1003, -79;
27, 254, -21, 11, 550, 316, 107, 993, -84;
28, 253, -20, -15, 558, 320, 112, 990, -81;
34, 257, -15, -13, 594, 338, 135, 1005, -60;
32, 254, -18, -61, 579, 330, 126, 990, -70;
35, 255, -15, -76, 595, 338, 138, 995, -60;
31, 249, -19, -136, 565, 323, 121, 972, -77;
34, 251, -16, -146, 583, 331, 134, 980, -64;
27, 242, -23, -224, 532, 305, 105, 945, -93;
33, 247, -17, -217, 564, 321, 129, 964, -69;
25, 238, -25, -296, 508, 292, 98, 928, -99;
23, 235, -27, -336, 490, 282, 91, 916, -105;
22, 233, -27, -366, 479, 276, 89, 910, -106;
22, 232, -27, -394, 469, 270, 88, 906, -106;
30, 239, -18, -369, 510, 289, 119, 934, -73;
29, 237, -19, -402, 491, 279, 113, 925, -76;
28, 236, -19, -428, 476, 270, 111, 920, -76;
20, 227, -27, -500, 414, 238, 79, 887, -105;
24, 231, -21, -492, 431, 245, 97, 903, -85;
26, 232, -20, -503, 425, 241, 101, 906, -78;
23, 230, -21, -533, 399, 226, 93, 897, -82;
24, 231, -19, -543, 391, 221, 96, 900, -75;
16, 222, -26, -609, 324, 186, 64, 868, -104;
16, 222, -25, -621, 310, 177, 64, 869, -100;
11, 218, -29, -661, 265, 153, 45, 851, -115;
19, 226, -20, -621, 298, 168, 75, 883, -80;
10, 218, -28, -684, 227, 130, 41, 850, -110;
8, 216, -28, -701, 199, 115, 34, 846, -112;
10, 219, -25, -692, 195, 111, 42, 856, -99;
4, 213, -31, -737, 136, 80, 15, 833, -121;
5, 215, -28, -730, 126, 73, 20, 842, -111;
1, 213, -31, -753, 84, 50, 5, 830, -120;
4, 217, -26, -728, 89, 51, 19, 848, -101;
0, 214, -28, -748, 47, 28, 3, 838, -111;
5, 220, -22, -716, 55, 30, 20, 859, -89;
3, 220, -23, -719, 26, 13, 12, 858, -90;
3, 222, -21, -707, 11, 4, 14, 865, -83;
2, 222, -20, -702, -12, -9, 10, 867, -81;
-4, 216, -26, -737, -77, -43, -18, 845, -105;
-7, 215, -28, -739, -111, -62, -28, 841, -109;
-10, 214, -30, -745, -150, -84, -42, 834, -117;
-9, 217, -27, -721, -161, -91, -38, 846, -107;
-5, 223, -21, -675, -151, -88, -21, 870, -84;
-6, 224, -20, -658, -171, -100, -23, 876, -80;
-13, 219, -26, -681, -232, -132, -51, 857, -102;
-13, 221, -25, -660, -250, -143, -52, 864, -97;
-19, 217, -30, -676, -306, -173, -77, 847, -117;
-16, 222, -25, -630, -301, -172, -65, 868, -99;
-13, 228, -20, -584, -297, -171, -52, 889, -81;
-16, 226, -22, -578, -332, -190, -66, 885, -89;
-23, 222, -28, -590, -387, -220, -91, 868, -109;
-19, 228, -23, -537, -377, -216, -77, 892, -89;
-21, 229, -23, -516, -400, -229, -83, 895, -90;
-26, 226, -27, -518, -446, -253, -104, 883, -107;
-24, 231, -23, -469, -441, -252, -93, 903, -91;
-21, 236, -19, -420, -436, -250, -83, 922, -77;
-23, 236, -20, -399, -459, -263, -91, 923, -80;
-30, 231, -26, -411, -515, -292, -120, 903, -105;
-22, 242, -17, -326, -474, -272, -89, 944, -69;
-29, 237, -23, -335, -526, -300, -116, 925, -93;
-24, 245, -17, -263, -497, -286, -94, 957, -67;
-32, 239, -24, -279, -555, -316, -126, 934, -95;
-26, 247, -17, -206, -523, -300, -102, 966, -68;
-33, 242, -23, -214, -573, -326, -130, 947, -93;
-34, 243, -24, -186, -585, -332, -135, 950, -95;
-36, 244, -25, -159, -597, -339, -140, 953, -98;
-34, 247, -23, -114, -591, -336, -135, 966, -90;
-35, 249, -23, -83, -597, -339, -137, 972, -90;
-31, 255, -18, -22, -572, -327, -121, 995, -72;
-29, 259, -16, 25, -560, -321, -113, 1010, -63;
-32, 257, -19, 38, -580, -331, -127, 1004, -74;
-31, 260, -17, 78, -573, -327, -123, 1015, -69;
-36, 257, -22, 83, -598, -339, -140, 1004, -86;
-31, 263, -17, 145, -566, -323, -122, 1028, -67;
-31, 264, -17, 175, -563, -321, -123, 1033, -67;
-34, 263, -19, 190, -574, -326, -133, 1028, -76;
-28, 271, -13, 259, -530, -303, -109, 1057, -52;
-28, 272, -13, 288, -524, -300, -109, 1062, -53;
-30, 270, -16, 297, -535, -304, -120, 1054, -64;
-29, 273, -14, 336, -515, -294, -113, 1066, -57;
-32, 271, -17, 344, -525, -297, -124, 1058, -70;
-26, 277, -12, 404, -479, -274, -102, 1083, -48;
-20, 284, -6, 464, -433, -249, -79, 1109, -26;
-20, 285, -7, 486, -422, -243, -79, 1111, -28;
-20, 285, -7, 506, -411, -236, -80, 1112, -30;
-23, 282, -11, 505, -420, -239, -92, 1101, -44;
-17, 288, -5, 562, -367, -211, -68, 1127, -21;
-15, 291, -4, 591, -342, -197, -60, 1135, -16;
-21, 285, -10, 571, -363, -206, -82, 1113, -40;
-13, 293, -3, 632, -300, -174, -52, 1143, -12;
-13, 292, -4, 641, -288, -166, -53, 1140, -16;
-19, 286, -11, 613, -311, -176, -77, 1115, -43;
-16, 288, -8, 642, -275, -156, -64, 1126, -33;
-11, 293, -4, 678, -229, -131, -46, 1143, -17;
-13, 291, -6, 676, -220, -125, -50, 1136, -24;
-7, 295, -2, 711, -172, -99, -31, 1153, -8;
-9, 293, -4, 704, -164, -93, -36, 1144, -16;
-7, 294, -3, 716, -135, -77, -29, 1147, -12;
-9, 291, -5, 703, -128, -72, -36, 1137, -22;
0, 299, 2, 755, -55, -33, -1, 1167, 8;
0, 299, 2, 758, -29, -18, 3, 1167, 10;
3, 300, 4, 766, 2, 0, 12, 1171, 16;
-4, 290, -4, 708, -29, -14, -18, 1134, -18;
-2, 291, -3, 713, 4, 3, -8, 1138, -11;
7, 299, 5, 762, 81, 44, 28, 1169, 22;
2, 292, 0, 716, 66, 39, 8, 1142, -1;
0, 290, -2, 694, 76, 46, 3, 1131, -9;
11, 299, 7, 745, 162, 90, 46, 1166, 29;
8, 293, 3, 706, 158, 90, 33, 1145, 13;
5, 288, 0, 667, 155, 91, 20, 1125, -2;
13, 294, 6, 695, 220, 125, 50, 1147, 24;
14, 293, 6, 679, 243, 138, 55, 1144, 26;
18, 295, 10, 685, 288, 162, 72, 1153, 41;
17, 292, 9, 656, 299, 170, 70, 1142, 35;
21, 293, 11, 650, 334, 189, 82, 1145, 45;
21, 291, 11, 624, 350, 198, 83, 1137, 43;
15, 283, 4, 560, 328, 189, 60, 1106, 18;
18, 284, 7, 548, 360, 206, 71, 1108, 27;
17, 281, 6, 515, 370, 213, 70, 1097, 23;
18, 279, 6, 488, 387, 223, 72, 1091, 24;
26, 285, 14, 509, 451, 256, 105, 1114, 55;
26, 282, 12, 471, 457, 260, 101, 1101, 50;
29, 283, 16, 459, 490, 278, 115, 1106, 62;
28, 280, 15, 421, 496, 282, 112, 1094, 58;
26, 275, 12, 370, 488, 279, 102, 1074, 47;
29, 276, 15, 357, 519, 295, 115, 1079, 60;
25, 270, 11, 297, 502, 288, 100, 1055, 44;
31, 273, 16, 297, 545, 310, 122, 1067, 66;
32, 272, 17, 267, 557, 317, 126, 1062, 69;
25, 263, 10, 187, 518, 298, 98, 1026, 42;
34, 269, 19, 207, 579, 329, 133, 1052, 77;
33, 267, 19, 168, 580, 330, 131, 1042, 75;
27, 259, 13, 94, 545, 313, 107, 1010, 53;
26, 255, 12, 50, 540, 310, 102, 998, 49;
33, 261, 20, 61, 588, 335, 131, 1019, 79;
28, 253, 15, -8, 553, 317, 109, 989, 59;
34, 258, 21, -4, 592, 337, 134, 1007, 85;
35, 257, 23, -29, 600, 340, 139, 1005, 92;
26, 247, 15, -119, 541, 311, 104, 963, 59;
26, 245, 15, -154, 537, 309, 103, 956, 60;
25, 242, 15, -193, 527, 303, 99, 946, 59;
33, 249, 23, -175, 572, 325, 130, 971, 93;
33, 247, 24, -206, 567, 322, 129, 966, 95;
27, 240, 19, -274, 522, 299, 105, 937, 75;
33, 245, 26, -262, 557, 316, 131, 958, 104;
27, 238, 21, -329, 510, 292, 106, 929, 83;
28, 238, 23, -347, 510, 291, 111, 930, 92;
31, 240, 27, -353, 520, 295, 123, 939, 108;
28, 236, 25, -399, 489, 278, 110, 923, 99;
25, 233, 23, -439, 462, 263, 99, 910, 93;
19, 226, 19, -498, 413, 238, 76, 884, 74;
21, 228, 22, -507, 412, 236, 83, 889, 86;
26, 232, 27, -497, 429, 243, 101, 906, 109;
23, 229, 26, -532, 399, 227, 90, 895, 103;
16, 223, 21, -588, 345, 199, 65, 869, 83;
21, 227, 27, -574, 360, 204, 83, 887, 106;
14, 220, 21, -632, 300, 173, 54, 859, 83;
14, 221, 23, -640, 287, 165, 56, 862, 90;
13, 220, 23, -656, 266, 152, 52, 859, 92;
8, 216, 20, -693, 221, 128, 34, 843, 80;
16, 224, 29, -652, 252, 142, 64, 875, 115;
6, 215, 21, -716, 176, 102, 26, 840, 83;
12, 221, 28, -686, 192, 108, 47, 864, 110;
7, 217, 25, -715, 147, 84, 29, 849, 98;
8, 219, 27, -709, 135, 76, 33, 857, 107;
3, 216, 24, -737, 88, 51, 14, 842, 94;
2, 216, 24, -741, 62, 36, 9, 842, 96;
1, 216, 25, -742, 38, 22, 5, 843, 97;
-2, 213, 22, -759, -3, 0, -9, 833, 88;
0, 216, 25, -740, -11, -6, -3, 845, 100;
-1, 217, 26, -733, -33, -19, -5, 849, 103;
1, 222, 31, -702, -31, -20, 5, 867, 121;
-5, 217, 25, -731, -92, -52, -21, 847, 99;
-7, 216, 24, -729, -123, -70, -29, 845, 96;
-9, 216, 23, -726, -154, -87, -37, 844, 93;
-6, 221, 28, -686, -149, -87, -24, 865, 112;
-5, 224, 30, -664, -165, -96, -23, 874, 118;
-7, 224, 29, -655, -193, -112, -30, 874, 116;
-17, 216, 21, -693, -269, -152, -68, 845, 83;
-14, 222, 25, -650, -266, -152, -56, 865, 99;
-17, 221, 23, -643, -300, -171, -67, 862, 92;
-17, 223, 24, -619, -318, -181, -69, 870, 95;
-14, 228, 28, -572, -312, -180, -56, 891, 112;
-22, 223, 22, -591, -374, -212, -86, 871, 86;
-17, 230, 27, -531, -357, -205, -67, 898, 108;
-21, 228, 24, -529, -398, -227, -84, 890, 94;
-23, 228, 22, -512, -425, -242, -93, 890, 89;
-24, 230, 22, -483, -440, -251, -95, 897, 89;
-20, 236, 28, -423, -424, -244, -78, 924, 109;
-20, 238, 28, -392, -437, -252, -80, 931, 110;
-31, 230, 17, -427, -516, -292, -123, 897, 69;
-25, 238, 24, -356, -489, -280, -100, 929, 93;
-26, 240, 23, -325, -501, -287, -102, 936, 92;
-31, 236, 18, -324, -543, -309, -124, 924, 72;
-26, 244, 24, -254, -516, -296, -102, 954, 95;
-31, 241, 19, -250, -554, -315, -122, 943, 75;
-28, 246, 22, -197, -542, -310, -112, 962, 86;
-34, 243, 16, -196, -582, -331, -134, 949, 64;
-35, 244, 15, -165, -591, -335, -137, 954, 61;
-26, 255, 24, -73, -537, -309, -102, 997, 95;
-28, 255, 21, -54, -556, -319, -112, 994, 84;
-34, 251, 15, -55, -593, -337, -135, 979, 60;
-31, 256, 18, -1, -574, -328, -123, 999, 71;
-29, 259, 19, 43, -564, -323, -116, 1012, 75;
-33, 257, 15, 56, -584, -333, -130, 1006, 60;
-29, 263, 19, 116, -555, -318, -113, 1029, 74;
-30, 264, 17, 142, -559, -319, -117, 1031, 67;
-32, 263, 14, 160, -569, -324, -125, 1028, 56;
-27, 269, 17, 220, -536, -307, -108, 1051, 70;
-24, 274, 20, 270, -511, -294, -96, 1068, 78;
-24, 275, 18, 298, -506, -291, -96, 1073, 74;
-24, 276, 18, 329, -497, -285, -95, 1078, 71;
-24, 277, 16, 355, -490, -281, -96, 1082, 66;
-26, 276, 14, 371, -491, -281, -102, 1079, 55;
-23, 280, 15, 414, -465, -267, -91, 1093, 60;
-28, 275, 8, 404, -489, -278, -112, 1075, 34;
-20, 284, 15, 479, -425, -245, -79, 1110, 62;
-24, 280, 9, 473, -442, -252, -96, 1095, 38;
-25, 280, 7, 487, -435, -247, -100, 1093, 29;
-17, 288, 13, 553, -375, -216, -70, 1124, 53;
-18, 287, 11, 565, -367, -210, -73, 1122, 43;
-24, 282, 4, 546, -387, -219, -94, 1101, 15;
-15, 290, 10, 612, -321, -184, -62, 1133, 41;
-21, 284, 2, 588, -343, -194, -84, 1110, 11;
-20, 285, 2, 604, -322, -181, -81, 1112, 8;
-10, 295, 10, 677, -243, -140, -41, 1150, 40;
-16, 288, 2, 648, -263, -149, -64, 1126, 10;
-8, 296, 8, 703, -197, -114, -33, 1154, 33;
-12, 291, 2, 681, -206, -117, -48, 1136, 9;
-11, 291, 1, 690, -183, -103, -44, 1137, 6;
-9, 292, 1, 701, -156, -88, -38, 1139, 4;
-2, 298, 6, 745, -92, -54, -10, 1164, 24;
-6, 293, 0, 720, -97, -55, -24, 1146, 2;
-5, 293, 0, 720, -75, -42, -21, 1144, -2;
-4, 292, -1, 719, -52, -29, -18, 1142, -7;
-3, 292, -2, 719, -27, -14, -13, 1141, -10;
3, 297, 1, 751, 32, 17, 12, 1161, 7;
2, 295, -1, 733, 42, 24, 8, 1151, -5;
9, 300, 3, 764, 104, 57, 35, 1172, 13;
1, 291, -6, 702, 74, 44, 6, 1135, -23;
9, 297, 0, 735, 140, 79, 36, 1158, -1;
6, 291, -5, 697, 137, 79, 23, 1138, -22;
12, 296, -1, 718, 193, 109, 48, 1155, -5;
7, 289, -8, 666, 179, 104, 28, 1128, -32;
7, 287, -10, 644, 195, 113, 28, 1119, -41;
13, 291, -6, 659, 249, 142, 52, 1135, -24;
9, 285, -11, 614, 244, 141, 38, 1113, -45;
15, 289, -7, 626, 297, 170, 62, 1128, -29;
22, 293, -2, 641, 353, 199, 88, 1145, -10;
20, 288, -7, 597, 351, 200, 78, 1126, -27;
16, 282, -12, 543, 341, 196, 62, 1102, -49;
20, 285, -9, 543, 383, 219, 80, 1111, -38;
17, 279, -14, 493, 377, 217, 68, 1090, -56;
23, 283, -10, 498, 426, 243, 91, 1103, -40;
28, 285, -7, 494, 466, 264, 109, 1112, -28;
29, 284, -7, 470, 486, 276, 115, 1108, -28;
25, 278, -12, 414, 474, 271, 101, 1085, -47;
28, 279, -10, 399, 502, 286, 112, 1088, -41;
30, 278, -10, 373, 520, 296, 118, 1084, -40;
24, 270, -17, 302, 493, 283, 96, 1053, -67;
27, 270, -15, 286, 519, 297, 108, 1056, -60;
29, 270, -14, 261, 537, 306, 114, 1054, -57;
30, 269, -14, 234, 552, 315, 120, 1051, -55;
25, 262, -20, 165, 524, 301, 100, 1022, -79;
32, 266, -14, 172, 571, 325, 126, 1040, -56;
32, 265, -14, 138, 577, 329, 128, 1033, -58;
35, 265, -12, 120, 597, 339, 138, 1036, -50;
32, 260, -16, 65, 579, 330, 126, 1016, -64;
33, 259, -16, 34, 585, 333, 129, 1012, -63;
34, 259, -15, 9, 595, 338, 135, 1010, -59;
27, 250, -22, -69, 549, 315, 107, 976, -88;
31, 251, -19, -81, 569, 325, 121, 982, -76;
35, 254, -15, -88, 594, 337, 137, 993, -60;
27, 244, -23, -171, 539, 309, 105, 955, -92;
30, 246, -20, -182, 556, 317, 118, 962, -80;
27, 241, -23, -235, 530, 304, 105, 943, -93;
25, 238, -25, -277, 512, 294, 98, 931, -100;
30, 243, -20, -271, 540, 308, 119, 948, -78;
30, 241, -19, -300, 532, 303, 119, 943, -77;
23, 234, -26, -368, 483, 277, 93, 913, -101;
30, 240, -18, -351, 518, 294, 120, 937, -73;
22, 231, -26, -429, 455, 261, 87, 900, -104;
28, 236, -20, -413, 484, 275, 111, 922, -78;
24, 231, -23, -463, 445, 254, 93, 902, -93;
20, 227, -26, -505, 412, 237, 80, 888, -103;
19, 226, -26, -530, 394, 226, 76, 882, -104;
18, 224, -27, -556, 373, 214, 71, 876, -106;
16, 222, -28, -585, 347, 200, 64, 868, -111;
17, 223, -26, -596, 337, 193, 66, 870, -105;
14, 220, -28, -628, 304, 176, 54, 859, -112;
21, 227, -20, -595, 334, 189, 82, 887, -81;
15, 222, -24, -638, 286, 163, 61, 868, -97;
17, 224, -22, -638, 278, 158, 66, 875, -87;
16, 223, -22, -652, 255, 144, 62, 872, -87;
13, 221, -24, -675, 221, 125, 51, 864, -93;
11, 220, -24, -691, 192, 109, 43, 859, -96;
5, 215, -28, -727, 141, 82, 22, 841, -112;
12, 223, -20, -685, 165, 92, 48, 870, -81;
10, 222, -21, -696, 135, 75, 40, 867, -84;
2, 215, -28, -745, 66, 38, 8, 839, -110;
1, 216, -27, -740, 47, 27, 7, 844, -105;
5, 221, -22, -712, 51, 27, 21, 862, -86;
-4, 212, -30, -765, -27, -13, -17, 829, -119;
2, 220, -22, -713, -4, -3, 8, 861, -87;
-2, 217, -25, -733, -53, -30, -11, 848, -101;
-8, 214, -29, -752, -103, -57, -31, 834, -115;
-10, 213, -30, -754, -137, -76, -41, 831, -119;
-6, 218, -25, -714, -131, -75, -26, 853, -99;
-8, 218, -25, -708, -159, -91, -33, 853, -100;
-13, 215, -29, -721, -209, -117, -54, 840, -115;
-8, 222, -23, -669, -195, -112, -35, 867, -90;
-10, 223, -23, -656, -220, -127, -40, 870, -89;
-19, 216, -30, -687, -290, -163, -74, 844, -117;
-10, 227, -20, -611, -254, -147, -42, 885, -80;
-17, 222, -26, -628, -313, -178, -69, 867, -101;
-20, 222, -26, -616, -342, -194, -78, 867, -105;
-21, 222, -27, -600, -369, -209, -85, 868, -107;
-21, 225, -25, -566, -377, -215, -82, 880, -98;
-26, 222, -29, -568, -423, -239, -102, 869, -113;
-22, 229, -23, -512, -411, -235, -87, 894, -93;
-27, 226, -27, -513, -455, -258, -107, 883, -108;
-20, 235, -20, -439, -425, -244, -81, 918, -78;
-27, 231, -25, -446, -476, -271, -106, 902, -98;
-26, 234, -23, -409, -483, -276, -104, 913, -92;
-28, 235, -23, -381, -500, -285, -109, 918, -92;
-22, 242, -17, -314, -476, -274, -88, 947, -68;
-27, 240, -21, -308, -513, -293, -107, 938, -82;
-29, 240, -22, -288, -536, -306, -116, 937, -88;
-30, 242, -22, -254, -544, -311, -118, 945, -86;
-33, 241, -24, -240, -572, -325, -131, 940, -96;
-28, 248, -18, -170, -542, -310, -110, 970, -72;
-29, 249, -19, -144, -557, -318, -116, 971, -76;
-34, 246, -23, -137, -588, -334, -134, 962, -91;
-35, 247, -23, -108, -597, -339, -138, 966, -93;
-27, 257, -15, -24, -550, -316, -108, 1003, -60;
-35, 251, -22, -36, -598, -340, -137, 982, -87;
-35, 253, -22, -5, -601, -341, -139, 987, -88;
-33, 257, -20, 42, -587, -334, -131, 1002, -78;
-34, 257, -20, 69, -592, -336, -135, 1004, -81;
-29, 264, -15, 133, -558, -319, -116, 1030, -61;
-29, 265, -15, 166, -554, -317, -115, 1036, -60;
-28, 268, -14, 204, -543, -311, -111, 1046, -55;
-27, 270, -13, 242, -531, -304, -107, 1056, -50;
-32, 266, -18, 239, -557, -317, -127, 1041, -70;
-23, 276, -9, 323, -495, -285, -93, 1079, -36;
-24, 277, -9, 349, -490, -281, -94, 1082, -38;
-28, 274, -13, 351, -507, -289, -109, 1070, -54;
-22, 280, -8, 410, -464, -267, -88, 1095, -34;
-29, 275, -15, 395, -494, -280, -113, 1073, -59;
-29, 275, -16, 415, -486, -276, -115, 1074, -62;
-21, 284, -8, 488, -423, -243, -82, 1108, -32;
-27, 278, -14, 469, -451, -256, -107, 1085, -58;
-24, 282, -12, 508, -419, -238, -94, 1099, -47;
-21, 284, -10, 541, -390, -222, -84, 1110, -39;
-22, 284, -11, 553, -380, -216, -87, 1108, -43;
-23, 283, -13, 560, -374, -211, -91, 1103, -50;
-16, 290, -6, 618, -313, -180, -63, 1131, -24;
-11, 294, -2, 658, -269, -156, -45, 1149, -9;
-14, 290, -6, 647, -275, -157, -58, 1134, -24;
-12, 293, -4, 671, -243, -139, -48, 1142, -17;
-17, 287, -10, 645, -259, -145, -67, 1120, -40;
-12, 291, -6, 680, -212, -120, -49, 1136, -24;
-7, 296, -1, 717, -161, -93, -28, 1155, -6;
-11, 290, -6, 690, -172, -97, -45, 1134, -26;
-11, 290, -7, 690, -154, -86, -44, 1131, -29;
-10, 290, -7, 696, -129, -71, -39, 1131, -27;
-5, 293, -3, 722, -81, -46, -21, 1145, -12;
-4, 293, -2, 724, -56, -31, -16, 1145, -11;
-2, 294, -1, 730, -24, -13, -7, 1148, -5;
-1, 293, -1, 725, -3, 0, -5, 1145, -6;
0, 292, -1, 719, 19, 12, -2, 1142, -7;
8, 299, 6, 762, 91, 50, 31, 1169, 23;
8, 298, 5, 752, 113, 63, 34, 1166, 22;
5, 293, 1, 714, 108, 62, 20, 1145, 5;
3, 290, 0, 689, 117, 69, 14, 1132, -2;
8, 292, 2, 698, 162, 93, 32, 1142, 11;
6, 288, 0, 667, 167, 97, 24, 1127, 0;
7, 288, 0, 654, 192, 111, 29, 1124, 2;
8, 287, 0, 637, 214, 124, 33, 1119, 3;
10, 286, 1, 624, 240, 139, 39, 1117, 7;
13, 287, 4, 617, 274, 158, 51, 1120, 16;
21, 293, 12, 645, 343, 194, 84, 1145, 46;
19, 288, 8, 601, 341, 194, 74, 1126, 34;
18, 285, 7, 569, 352, 201, 72, 1115, 29;
18, 283, 7, 539, 365, 209, 72, 1106, 27;
24, 287, 12, 549, 418, 237, 97, 1122, 50;
20, 281, 8, 492, 405, 232, 81, 1096, 32;
25, 283, 12, 488, 445, 254, 98, 1105, 48;
24, 279, 11, 449, 450, 257, 94, 1091, 42;
27, 280, 13, 435, 480, 273, 107, 1094, 53;
30, 281, 16, 418, 507, 288, 117, 1096, 63;
29, 278, 15, 382, 515, 293, 116, 1086, 61;
22, 269, 8, 302, 479, 276, 89, 1049, 33;
32, 276, 18, 328, 547, 311, 126, 1078, 70;
28, 270, 14, 268, 530, 303, 111, 1054, 55;
32, 272, 18, 259, 563, 320, 128, 1062, 71;
29, 266, 14, 200, 545, 312, 114, 1039, 57;
26, 261, 12, 147, 533, 306, 103, 1020, 47;
32, 265, 18, 147, 572, 326, 125, 1034, 70;
35, 266, 21, 133, 597, 339, 139, 1039, 85;
36, 265, 22, 100, 602, 342, 141, 1033, 88;
34, 261, 21, 55, 594, 338, 135, 1020, 83;
28, 253, 15, -16, 556, 319, 111, 989, 61;
33, 257, 21, -18, 589, 335, 132, 1002, 83;
35, 257, 24, -40, 600, 341, 140, 1003, 93;
34, 254, 23, -80, 591, 336, 135, 993, 91;
26, 244, 15, -166, 535, 308, 102, 953, 61;
32, 249, 22, -160, 569, 324, 125, 971, 87;
34, 249, 25, -179, 577, 327, 133, 973, 97;
33, 247, 25, -215, 566, 321, 130, 965, 97;
24, 237, 16, -302, 502, 289, 94, 924, 64;
31, 243, 25, -283, 543, 308, 123, 949, 98;
30, 240, 24, -321, 524, 298, 117, 938, 95;
26, 236, 21, -369, 494, 282, 103, 921, 85;
21, 230, 18, -425, 454, 261, 84, 899, 70;
27, 235, 25, -412, 481, 274, 107, 919, 97;
28, 235, 27, -429, 475, 270, 110, 920, 105;
20, 227, 20, -500, 415, 238, 79, 887, 79;
22, 228, 23, -510, 413, 236, 86, 892, 90;
18, 225, 21, -549, 379, 218, 72, 877, 82;
15, 222, 19, -584, 348, 201, 61, 865, 76;
19, 226, 24, -573, 360, 205, 77, 881, 97;
21, 227, 27, -578, 355, 201, 83, 887, 108;
13, 220, 21, -636, 294, 169, 54, 859, 84;
16, 223, 26, -629, 297, 169, 65, 872, 101;
19, 226, 29, -624, 296, 167, 74, 882, 116;
17, 225, 30, -638, 272, 153, 69, 879, 117;
17, 225, 30, -650, 250, 141, 66, 878, 119;
11, 220, 26, -686, 202, 114, 46, 860, 105;
14, 224, 31, -672, 201, 112, 56, 874, 121;
3, 213, 21, -742, 114, 67, 12, 834, 83;
6, 218, 26, -718, 119, 68, 26, 852, 103;
3, 216, 24, -737, 81, 47, 13, 843, 96;
4, 218, 27, -723, 72, 40, 19, 853, 107;
1, 216, 25, -742, 30, 17, 4, 843, 98;
1, 217, 26, -733, 12, 7, 4, 849, 104;
-1, 216, 25, -742, -23, -12, -6, 844, 98;
-3, 215, 24, -743, -53, -29, -14, 842, 96;
-3, 218, 26, -727, -67, -39, -12, 850, 104;
-5, 218, 26, -724, -96, -55, -19, 850, 102;
-7, 217, 25, -721, -126, -72, -27, 850, 100;
-10, 216, 23, -726, -166, -94, -41, 843, 91;
-6, 222, 29, -679, -154, -90, -23, 868, 114;
-12, 218, 24, -699, -212, -120, -49, 851, 94;
-17, 215, 20, -706, -257, -144, -66, 841, 81;
-10, 224, 28, -642, -232, -134, -41, 875, 111;
-11, 225, 29, -623, -253, -146, -44, 880, 113;
-15, 223, 25, -625, -296, -169, -61, 871, 100;
-21, 219, 20, -636, -349, -197, -85, 856, 80;
-17, 226, 26, -581, -336, -192, -68, 882, 101;
-17, 228, 27, -551, -349, -200, -67, 892, 106;
-24, 224, 21, -564, -404, -230, -94, 875, 83;
-24, 226, 21, -536, -420, -239, -95, 882, 85;
-21, 231, 25, -488, -416, -238, -85, 902, 98;
-25, 229, 22, -479, -451, -257, -99, 896, 86;
-20, 237, 28, -411, -427, -246, -78, 927, 110;
-24, 236, 24, -404, -464, -265, -94, 920, 96;
-29, 233, 20, -399, -503, -286, -113, 911, 79;
-27, 237, 22, -357, -504, -288, -108, 925, 86;
-25, 241, 24, -309, -499, -286, -100, 942, 96;
-28, 240, 21, -293, -527, -301, -112, 938, 84;
-26, 245, 23, -245, -521, -298, -104, 955, 93;
-30, 243, 20, -232, -549, -313, -118, 950, 79;
-27, 248, 23, -178, -537, -308, -107, 969, 91;
-30, 247, 20, -162, -561, -320, -120, 965, 78;
-33, 247, 17, -142, -581, -330, -130, 963, 68;
-29, 252, 20, -83, -560, -320, -115, 986, 81;
-31, 253, 18, -59, -573, -327, -122, 987, 73;
-33, 252, 16, -36, -587, -334, -130, 986, 64;
-27, 261, 22, 37, -548, -315, -106, 1018, 87;
-27, 262, 21, 68, -550, -316, -108, 1023, 83;
-30, 261, 18, 88, -563, -322, -117, 1021, 72;
-30, 262, 17, 115, -566, -323, -120, 1024, 66;
-26, 268, 20, 176, -534, -307, -102, 1047, 81;
-28, 268, 18, 196, -542, -310, -110, 1046, 70;
-27, 270, 17, 232, -533, -305, -107, 1054, 70;
-28, 270, 16, 257, -532, -304, -110, 1056, 63;
-23, 276, 19, 314, -497, -286, -92, 1078, 76;
-25, 275, 16, 331, -501, -287, -99, 1076, 65;
-28, 273, 12, 338, -514, -293, -112, 1067, 48;
-21, 281, 18, 407, -462, -266, -85, 1097, 70;
-22, 281, 16, 429, -454, -261, -86, 1099, 63;
-27, 277, 9, 421, -476, -271, -106, 1082, 38;
-23, 281, 11, 465, -444, -253, -93, 1097, 46;
-25, 280, 9, 477, -440, -250, -97, 1094, 35;
-19, 287, 13, 535, -390, -224, -74, 1119, 53;
-23, 282, 7, 523, -406, -231, -92, 1102, 28;
-19, 287, 9, 566, -366, -210, -75, 1119, 38;
-20, 285, 7, 573, -360, -205, -80, 1115, 27;
-19, 287, 6, 594, -339, -193, -76, 1119, 25;
-14, 291, 9, 635, -294, -169, -57, 1137, 36;
-16, 289, 5, 636, -288, -164, -63, 1129, 23;
-15, 290, 5, 650, -266, -152, -59, 1132, 19;
-11, 293, 6, 679, -228, -131, -45, 1143, 26;
-12, 292, 4, 682, -214, -122, -47, 1140, 17;
-8, 295, 6, 711, -172, -99, -31, 1152, 25;
-8, 294, 4, 712, -155, -89, -31, 1149, 16;
-10, 291, 0, 695, -155, -87, -42, 1135, -1;
-10, 290, -2, 693, -138, -76, -42, 1131, -9;
-2, 297, 3, 742, -68, -40, -9, 1159, 14;
-3, 295, 0, 732, -56, -31, -12, 1150, 3;
-2, 294, 0, 729, -34, -19, -10, 1147, -2;
4, 300, 4, 766, 29, 14, 18, 1171, 18;
-1, 292, -4, 715, 5, 4, -7, 1139, -15;
0, 291, -4, 711, 31, 19, -2, 1138, -19;
8, 299, 2, 755, 106, 58, 32, 1167, 8;
5, 294, -3, 720, 102, 59, 20, 1147, -12;
5, 293, -4, 708, 124, 71, 22, 1143, -17;
6, 292, -5, 696, 147, 85, 26, 1139, -21;
15, 298, 0, 728, 216, 121, 58, 1163, 2;
14, 295, -2, 701, 226, 128, 54, 1151, -9;
8, 287, -9, 645, 209, 121, 33, 1122, -38;
15, 292, -4, 667, 270, 153, 61, 1142, -17;
17, 292, -4, 654, 298, 169, 69, 1141, -17;
20, 292, -4, 643, 327, 185, 78, 1141, -15;
18, 289, -6, 609, 335, 191, 73, 1128, -27;
17, 285, -10, 570, 339, 194, 67, 1113, -40;
25, 291, -4, 591, 403, 228, 98, 1135, -16;
19, 283, -11, 528, 383, 219, 77, 1105, -43;
26, 287, -6, 536, 435, 247, 102, 1120, -25;
27, 286, -6, 515, 458, 259, 109, 1118, -24;
24, 280, -11, 459, 445, 254, 94, 1094, -45;
26, 280, -11, 437, 468, 267, 101, 1092, -43;
23, 275, -15, 386, 461, 265, 91, 1072, -59;
31, 280, -8, 401, 519, 295, 121, 1093, -34;
32, 279, -8, 374, 536, 304, 126, 1090, -34;
24, 268, -18, 287, 492, 283, 93, 1048, -71;
26, 268, -16, 267, 514, 295, 103, 1049, -66;
31, 271, -13, 262, 552, 314, 122, 1059, -50;
34, 272, -11, 243, 574, 326, 133, 1061, -44;
26, 262, -19, 161, 533, 306, 104, 1024, -76;
28, 261, -19, 132, 545, 312, 109, 1020, -74;
32, 264, -15, 127, 578, 329, 128, 1031, -58;
29, 258, -19, 69, 558, 319, 114, 1009, -75;
30, 257, -19, 38, 564, 323, 117, 1004, -74;
26, 252, -22, -16, 545, 313, 105, 985, -88;
26, 250, -23, -53, 542, 312, 103, 976, -92;
33, 255, -17, -44, 585, 333, 130, 996, -66;
26, 246, -24, -123, 538, 309, 102, 961, -95;
28, 246, -22, -143, 548, 314, 110, 963, -88;
34, 251, -16, -138, 582, 331, 133, 980, -65;
25, 241, -25, -223, 524, 301, 99, 941, -99;
32, 246, -18, -211, 562, 320, 126, 963, -72;
25, 238, -25, -283, 513, 295, 100, 931, -98;
25, 237, -25, -315, 503, 289, 98, 925, -99;
29, 240, -20, -316, 523, 298, 115, 938, -81;
26, 236, -23, -362, 496, 283, 103, 922, -91;
25, 234, -23, -392, 482, 276, 100, 915, -93;
27, 236, -21, -401, 487, 277, 109, 922, -82;
24, 232, -23, -444, 456, 261, 96, 906, -92;
27, 234, -20, -452, 460, 261, 105, 913, -80;
18, 225, -28, -524, 396, 228, 73, 879, -110;
20, 226, -26, -534, 392, 225, 78, 883, -102;
24, 230, -21, -524, 407, 231, 95, 900, -81;
21, 227, -23, -560, 373, 213, 82, 887, -90;
18, 224, -24, -590, 343, 196, 73, 877, -97;
19, 226, -22, -595, 337, 191, 77, 882, -88;
18, 225, -22, -615, 313, 178, 72, 878, -89;
14, 221, -25, -649, 273, 156, 57, 864, -100;
15, 223, -23, -650, 264, 150, 61, 870, -91;
8, 215, -30, -704, 200, 116, 31, 842, -117;
12, 221, -24, -680, 212, 120, 49, 863, -94;
8, 217, -27, -709, 169, 97, 33, 849, -105;
6, 217, -27, -720, 141, 81, 26, 846, -106;
7, 219, -25, -714, 130, 74, 30, 854, -97;
8, 221, -22, -706, 118, 66, 33, 861, -88;
0, 213, -30, -757, 46, 28, 0, 832, -117;
4, 219, -23, -721, 59, 32, 18, 856, -93;
5, 222, -21, -705, 49, 25, 23, 866, -82;
-4, 213, -29, -759, -31, -16, -15, 833, -115;
-5, 214, -29, -755, -55, -30, -19, 835, -114;
0, 221, -22, -710, -40, -24, 0, 861, -87;
-8, 213, -29, -752, -113, -63, -33, 834, -116;
-2, 221, -22, -699, -93, -54, -10, 864, -86;
-3, 222, -21, -686, -114, -67, -13, 869, -83;
-6, 221, -23, -690, -154, -89, -27, 862, -91;
-13, 216, -28, -710, -211, -119, -51, 845, -110;
-11, 220, -25, -678, -216, -124, -45, 860, -98;
-10, 223, -22, -649, -226, -130, -40, 872, -88;
-10, 225, -21, -627, -244, -141, -42, 879, -83;
-17, 221, -26, -643, -300, -170, -67, 863, -103;
-13, 227, -20, -590, -288, -166, -50, 888, -81;
-13, 229, -20, -566, -307, -177, -53, 895, -78;
-20, 225, -25, -578, -361, -206, -78, 878, -98;
-19, 228, -22, -544, -370, -212, -75, 891, -89;
-19, 230, -22, -516, -386, -221, -77, 898, -86;
-23, 228, -24, -510, -423, -241, -92, 891, -97;
-20, 234, -20, -458, -416, -239, -80, 913, -80;
-27, 230, -25, -466, -468, -266, -105, 897, -100;
-21, 238, -19, -397, -443, -255, -83, 928, -74;
-26, 235, -22, -394, -483, -276, -102, 918, -88;
-25, 239, -20, -352, -485, -278, -98, 932, -80;
-30, 236, -24, -349, -525, -299, -118, 921, -95;
-28, 240, -21, -303, -522, -298, -111, 937, -85;
-32, 238, -25, -293, -555, -315, -127, 930, -97;
-26, 246, -17, -218, -522, -299, -102, 963, -70;
-31, 244, -22, -214, -559, -319, -123, 951, -87;
-29, 248, -19, -165, -551, -315, -114, 968, -75;
-28, 251, -17, -123, -548, -314, -110, 980, -69;
-32, 249, -20, -111, -575, -328, -125, 973, -81;
-32, 251, -20, -75, -577, -329, -125, 981, -79;
-26, 259, -14, -4, -542, -312, -103, 1011, -54;
-36, 251, -23, -32, -606, -344, -142, 979, -92;
-29, 260, -16, 47, -560, -321, -114, 1014, -62;
-32, 258, -19, 59, -581, -331, -128, 1007, -75;
-32, 260, -18, 97, -574, -327, -125, 1017, -70;
-28, 266, -14, 153, -548, -314, -110, 1037, -55;
-30, 265, -15, 174, -556, -317, -117, 1036, -61;
-34, 262, -20, 175, -581, -330, -136, 1023, -80;
-28, 270, -14, 246, -535, -306, -111, 1053, -54;
-30, 269, -15, 265, -539, -308, -117, 1052, -61;
-24, 277, -9, 331, -494, -284, -94, 1080, -37;
-31, 270, -17, 310, -535, -304, -123, 1054, -68;
-31, 272, -16, 341, -522, -296, -120, 1061, -65;
-30, 273, -16, 370, -509, -289, -118, 1066, -64;
-22, 282, -8, 446, -447, -257, -86, 1101, -33;
-27, 278, -13, 437, -467, -266, -105, 1084, -53;
-27, 278, -14, 456, -458, -260, -106, 1085, -56;
-18, 287, -6, 529, -393, -226, -73, 1119, -25;
-22, 283, -10, 525, -404, -230, -88, 1106, -41;
-24, 282, -12, 531, -401, -227, -94, 1101, -49;
-15, 291, -4, 601, -332, -191, -60, 1135, -17;
-17, 289, -6, 605, -328, -188, -66, 1129, -25;
-22, 283, -12, 583, -347, -196, -87, 1107, -49;
-20, 285, -11, 603, -323, -182, -81, 1112, -46;
-14, 291, -6, 653, -266, -152, -56, 1136, -23;
-13, 291, -5, 666, -245, -140, -52, 1137, -23;
-7, 297, 0, 711, -189, -110, -28, 1159, -1;
-12, 291, -5, 684, -203, -115, -47, 1138, -23;
-14, 288, -8, 674, -199, -111, -55, 1126, -34;
-12, 289, -7, 685, -171, -96, -48, 1130, -30;
-3, 297, 0, 738, -100, -58, -14, 1159, 0;
-5, 294, -2, 726, -91, -52, -20, 1149, -9;
-5, 293, -3, 722, -73, -41, -20, 1145, -12;
1, 298, 2, 755, -16, -10, 4, 1164, 8;
3, 299, 3, 763, 16, 7, 13, 1168, 15;
0, 294, 0, 732, 13, 8, 1, 1150, -1;
1, 294, 0, 730, 39, 23, 6, 1149, 0;
0, 290, -2, 704, 44, 27, -1, 1134, -10;
0, 289, -2, 693, 65, 39, 0, 1130, -11;
11, 299, 7, 749, 155, 86, 45, 1167, 29;
6, 292, 2, 702, 142, 82, 26, 1142, 8;
11, 295, 5, 712, 188, 106, 44, 1152, 22;
6, 288, 0, 659, 172, 100, 24, 1123, 0;
9, 289, 2, 657, 208, 120, 36, 1127, 8;
16, 294, 8, 679, 269, 152, 64, 1148, 33;
13, 288, 4, 635, 265, 152, 51, 1127, 18;
17, 290, 8, 634, 305, 174, 67, 1133, 31;
12, 284, 3, 580, 293, 169, 50, 1108, 11;
20, 289, 10, 602, 356, 203, 81, 1129, 39;
15, 281, 3, 537, 334, 193, 58, 1098, 15;
17, 282, 6, 525, 365, 210, 69, 1100, 24;
20, 281, 7, 508, 392, 225, 78, 1099, 30;
24, 283, 11, 501, 429, 245, 93, 1106, 44;
24, 281, 11, 469, 441, 252, 94, 1097, 43;
21, 276, 8, 422, 438, 251, 85, 1079, 32;
27, 279, 13, 422, 482, 275, 106, 1091, 52;
29, 280, 15, 405, 509, 289, 116, 1092, 62;
26, 274, 12, 348, 495, 283, 102, 1069, 47;
24, 270, 10, 301, 492, 283, 95, 1053, 39;
24, 267, 9, 264, 497, 286, 94, 1042, 37;
32, 273, 17, 280, 555, 316, 126, 1066, 69;
34, 273, 20, 259, 577, 327, 135, 1066, 79;
28, 265, 14, 185, 543, 311, 112, 1034, 55;
35, 270, 21, 192, 591, 335, 139, 1053, 83;
27, 259, 13, 104, 542, 311, 106, 1012, 51;
31, 261, 17, 96, 573, 327, 123, 1021, 69;
28, 257, 15, 43, 557, 319, 113, 1003, 60;
30, 256, 17, 18, 568, 325, 119, 1001, 68;
32, 257, 19, -3, 581, 331, 127, 1002, 77;
34, 256, 22, -27, 591, 336, 133, 1002, 86;
30, 251, 18, -86, 564, 323, 117, 979, 72;
28, 247, 17, -129, 552, 316, 111, 967, 68;
33, 251, 22, -133, 577, 329, 129, 978, 89;
35, 251, 25, -151, 587, 333, 138, 981, 100;
25, 240, 16, -243, 522, 300, 100, 938, 65;
25, 239, 17, -273, 516, 296, 100, 933, 68;
30, 242, 23, -273, 539, 307, 118, 947, 90;
24, 236, 18, -336, 496, 285, 96, 920, 71;
30, 241, 25, -325, 526, 299, 120, 940, 99;
31, 240, 26, -349, 519, 295, 121, 938, 104;
25, 233, 21, -411, 473, 270, 98, 912, 85;
20, 228, 18, -465, 432, 249, 79, 890, 71;
23, 231, 22, -464, 444, 254, 93, 902, 89;
19, 225, 19, -515, 402, 231, 74, 881, 75;
24, 231, 26, -498, 426, 242, 96, 902, 102;
23, 229, 26, -527, 403, 229, 90, 895, 101;
16, 222, 20, -586, 347, 200, 63, 868, 80;
23, 229, 28, -558, 375, 213, 90, 894, 111;
15, 221, 22, -618, 314, 180, 60, 865, 87;
21, 227, 29, -594, 335, 189, 83, 888, 115;
17, 224, 27, -626, 298, 169, 69, 876, 107;
11, 219, 22, -672, 245, 141, 46, 854, 89;
17, 224, 29, -646, 262, 147, 66, 876, 115;
15, 224, 29, -659, 237, 133, 61, 874, 116;
12, 221, 28, -682, 201, 113, 49, 864, 110;
10, 220, 27, -699, 169, 96, 39, 858, 106;
3, 214, 21, -743, 107, 63, 12, 835, 85;
2, 214, 22, -745, 86, 51, 10, 836, 88;
1, 214, 23, -746, 64, 37, 6, 838, 91;
2, 216, 25, -737, 50, 29, 9, 845, 99;
5, 221, 30, -709, 54, 28, 22, 864, 118;
0, 216, 25, -739, -1, 0, 0, 846, 101;
1, 220, 29, -716, -6, -5, 6, 859, 114;
-2, 217, 26, -733, -53, -30, -10, 848, 102;
-9, 212, 21, -759, -110, -60, -35, 830, 83;
-7, 216, 24, -732, -114, -65, -27, 845, 96;
-9, 216, 23, -730, -146, -82, -36, 843, 93;
-11, 216, 23, -723, -175, -99, -43, 843, 91;
-10, 218, 25, -700, -188, -107, -40, 853, 99;
-7, 223, 29, -662, -187, -108, -30, 872, 114;
-7, 225, 30, -641, -205, -119, -31, 879, 118;
-14, 221, 25, -658, -261, -149, -56, 862, 98;
-11, 225, 28, -618, -261, -151, -46, 881, 112;
-14, 225, 27, -609, -293, -168, -57, 879, 106;
-13, 228, 29, -577, -304, -175, -54, 890, 113;
-21, 223, 22, -596, -364, -207, -83, 870, 88;
-18, 228, 25, -552, -363, -208, -73, 889, 101;
-17, 231, 28, -514, -369, -212, -69, 903, 109;
-18, 232, 27, -490, -388, -223, -73, 908, 108;
-24, 229, 22, -494, -436, -249, -95, 894, 88;
-25, 231, 22, -466, -452, -258, -98, 901, 88;
-20, 238, 28, -402, -433, -249, -79, 929, 110;
-25, 235, 23, -403, -477, -273, -101, 917, 90;
-29, 233, 19, -393, -511, -291, -116, 911, 77;
-24, 241, 25, -322, -484, -278, -94, 942, 101;
-30, 237, 20, -325, -530, -302, -118, 927, 78;
-27, 242, 23, -274, -521, -298, -107, 946, 89;
-32, 240, 18, -268, -558, -317, -126, 936, 71;
-28, 246, 22, -205, -537, -307, -109, 962, 88;
-30, 246, 20, -185, -557, -318, -119, 961, 79;
-28, 250, 22, -136, -548, -314, -111, 977, 87;
-32, 248, 17, -127, -578, -329, -128, 968, 70;
-27, 256, 23, -56, -545, -313, -106, 998, 91;
-34, 250, 15, -66, -592, -337, -134, 978, 61;
-28, 259, 21, 8, -553, -317, -109, 1010, 85;
-33, 255, 15, 9, -587, -334, -131, 996, 62;
-27, 262, 21, 79, -550, -316, -108, 1025, 82;
-32, 260, 16, 84, -576, -329, -126, 1014, 62;
-31, 262, 16, 124, -567, -324, -122, 1024, 63;
-29, 266, 17, 169, -551, -315, -113, 1038, 69;
-27, 269, 18, 212, -535, -307, -106, 1051, 72;
-26, 271, 18, 249, -523, -300, -102, 1060, 73;
-25, 273, 18, 283, -514, -295, -100, 1068, 71;
-32, 268, 10, 269, -549, -312, -126, 1046, 41;
-24, 277, 17, 350, -489, -281, -93, 1083, 69;
-23, 279, 17, 380, -477, -274, -91, 1089, 67;
-31, 271, 7, 354, -520, -295, -123, 1060, 30;
-25, 278, 12, 417, -471, -269, -99, 1087, 49;
-21, 283, 15, 464, -436, -251, -84, 1105, 59;
-21, 284, 13, 486, -425, -244, -83, 1107, 53;
-18, 287, 15, 527, -393, -226, -71, 1122, 60;
-22, 283, 9, 518, -409, -233, -88, 1105, 36;
-20, 285, 10, 549, -382, -218, -80, 1115, 39;
-16, 290, 12, 591, -342, -197, -63, 1132, 48;
-13, 292, 13, 622, -312, -180, -53, 1142, 52;
-13, 293, 11, 636, -295, -171, -52, 1142, 46;
-16, 289, 6, 627, -300, -171, -64, 1129, 26;
-13, 292, 7, 654, -268, -154, -54, 1138, 30;
-9, 296, 10, 690, -224, -130, -36, 1154, 40;
-16, 288, 1, 652, -251, -142, -63, 1125, 5;
-11, 292, 4, 687, -205, -117, -44, 1141, 16;
-5, 297, 8, 727, -151, -88, -21, 1161, 31;
-11, 291, 0, 693, -169, -95, -43, 1136, 2;
-10, 290, -1, 694, -150, -84, -42, 1133, -4;
-7, 292, 0, 710, -114, -64, -31, 1140, -1;
1, 300, 6, 764, -39, -24, 4, 1171, 26;
-2, 295, 1, 737, -42, -24, -8, 1153, 5;
-5, 290, -4, 707, -47, -25, -22, 1134, -16;
2, 297, 2, 752, 23, 12, 10, 1161, 8;
5, 299, 2, 759, 58, 32, 21, 1166, 11;
1, 293, -3, 721, 51, 30, 6, 1144, -12;
3, 294, -3, 722, 83, 48, 15, 1146, -12;
2, 290, -6, 695, 89, 53, 8, 1133, -26;
8, 295, -2, 718, 147, 83, 33, 1150, -10;
8, 292, -4, 699, 162, 93, 32, 1142, -18;
9, 291, -5, 685, 185, 106, 36, 1138, -22;
10, 291, -6, 671, 209, 120, 40, 1135, -25;
9, 288, -9, 645, 222, 128, 38, 1124, -35;
16, 293, -4, 664, 280, 159, 64, 1142, -16;
13, 287, -9, 616, 274, 157, 51, 1120, -38;
18, 290, -6, 625, 324, 184, 72, 1133, -23;
19, 288, -7, 602, 342, 195, 75, 1127, -28;
21, 288, -6, 586, 369, 210, 83, 1126, -26;
20, 285, -9, 552, 378, 216, 80, 1114, -36;
18, 281, -13, 507, 377, 217, 71, 1096, -51;
23, 284, -9, 511, 424, 242, 93, 1108, -36;
24, 282, -10, 480, 438, 250, 94, 1100, -41;
25, 280, -11, 453, 454, 259, 97, 1094, -43;
24, 277, -13, 415, 460, 263, 94, 1082, -52;
26, 277, -12, 393, 482, 275, 102, 1080, -50;
30, 279, -9, 387, 520, 295, 120, 1089, -37;
30, 276, -11, 349, 525, 299, 118, 1078, -44;
25, 269, -16, 287, 506, 290, 101, 1052, -65;
31, 273, -12, 286, 548, 312, 122, 1065, -48;
30, 269, -14, 241, 545, 311, 117, 1050, -57;
32, 269, -13, 222, 567, 322, 127, 1052, -51;
30, 265, -16, 170, 556, 318, 118, 1034, -63;
26, 259, -20, 113, 539, 309, 104, 1013, -80;
29, 260, -18, 94, 558, 320, 115, 1015, -72;
27, 256, -21, 46, 548, 314, 107, 1000, -82;
36, 263, -12, 66, 605, 343, 142, 1027, -50;
34, 260, -14, 22, 596, 339, 136, 1014, -58;
30, 253, -20, -42, 565, 323, 117, 988, -78;
30, 252, -20, -73, 566, 324, 119, 982, -78;
33, 253, -17, -87, 584, 332, 131, 988, -66;
33, 252, -16, -118, 583, 332, 132, 983, -66;
25, 242, -25, -204, 525, 302, 98, 944, -100;
32, 247, -19, -193, 562, 320, 124, 964, -74;
25, 239, -24, -262, 519, 298, 101, 935, -97;
24, 237, -26, -299, 505, 290, 96, 926, -101;
31, 243, -18, -283, 542, 308, 123, 949, -73;
30, 241, -19, -316, 529, 301, 120, 942, -75;
30, 240, -18, -342, 521, 296, 120, 938, -73;
31, 240, -17, -364, 515, 292, 122, 937, -69;
30, 238, -18, -396, 497, 282, 117, 929, -73;
27, 234, -21, -436, 468, 266, 106, 915, -82;
26, 233, -20, -459, 455, 258, 104, 912, -80;
22, 228, -24, -509, 413, 236, 86, 892, -96;
24, 231, -21, -512, 416, 236, 95, 900, -83;
21, 228, -23, -546, 386, 220, 85, 889, -90;
14, 220, -29, -608, 326, 188, 56, 860, -116;
18, 224, -24, -596, 337, 192, 71, 876, -96;
17, 223, -24, -614, 316, 180, 68, 873, -96;
13, 220, -27, -648, 278, 160, 53, 860, -106;
13, 220, -26, -661, 259, 148, 51, 859, -104;
16, 223, -22, -648, 263, 149, 63, 873, -87;
7, 215, -29, -708, 192, 112, 30, 842, -116;
14, 223, -21, -668, 219, 123, 57, 871, -84;
11, 221, -23, -689, 183, 103, 45, 863, -91;
4, 215, -28, -732, 124, 72, 19, 840, -112;
2, 214, -29, -743, 95, 55, 11, 837, -114;
2, 215, -28, -744, 73, 43, 8, 838, -111;
2, 216, -26, -737, 58, 33, 10, 845, -104;
-1, 213, -29, -758, 14, 9, -6, 833, -115;
-3, 212, -30, -764, -18, -8, -14, 830, -118;
0, 218, -24, -726, -6, -4, 3, 854, -95;
-3, 216, -27, -742, -52, -29, -13, 843, -106;
-5, 215, -27, -743, -83, -46, -22, 841, -108;
-6, 216, -27, -735, -107, -60, -26, 843, -107;
-9, 215, -29, -739, -144, -81, -38, 838, -113;
-7, 219, -24, -703, -143, -82, -27, 857, -96;
-9, 219, -25, -698, -173, -99, -35, 856, -98;
-14, 216, -29, -710, -223, -126, -56, 844, -113;
-17, 215, -30, -709, -260, -146, -68, 839, -119;
-17, 217, -28, -682, -272, -154, -66, 850, -111;
-15, 222, -25, -646, -276, -157, -58, 865, -98;
-14, 224, -23, -618, -289, -165, -57, 876, -91;
-20, 221, -27, -626, -339, -192, -79, 863, -107;
-17, 226, -23, -583, -337, -193, -69, 881, -92;
-21, 224, -25, -576, -374, -213, -83, 876, -101;
-17, 231, -20, -522, -362, -208, -67, 901, -80;
-25, 225, -27, -541, -425, -241, -98, 879, -106;
-18, 234, -19, -467, -395, -227, -72, 915, -75;
-19, 236, -19, -441, -412, -238, -76, 920, -74;
-24, 233, -23, -440, -456, -261, -96, 909, -89;
-28, 231, -25, -430, -490, -279, -111, 904, -100;
-26, 236, -22, -383, -487, -278, -103, 921, -87;
-27, 237, -22, -357, -504, -288, -108, 925, -88;
-32, 234, -26, -352, -542, -308, -127, 915, -103;
-27, 242, -20, -284, -518, -296, -106, 944, -79;
-25, 246, -17, -235, -511, -293, -98, 961, -67;
-29, 244, -20, -225, -542, -310, -114, 954, -80;
-26, 249, -17, -172, -531, -305, -104, 973, -67;
-30, 248, -19, -157, -556, -318, -117, 968, -77;
-26, 254, -15, -97, -536, -308, -102, 991, -59;
-29, 253, -17, -81, -557, -319, -114, 987, -69;
-29, 254, -17, -49, -563, -322, -116, 993, -69;
-33, 253, -20, -34, -584, -333, -129, 988, -80;
-28, 260, -15, 32, -552, -317, -109, 1015, -58;
-34, 255, -20, 28, -590, -336, -133, 998, -81;
-35, 256, -21, 52, -598, -340, -139, 999, -85;
-35, 258, -21, 89, -592, -336, -136, 1008, -82;
-29, 266, -14, 159, -551, -315, -113, 1037, -57;
-30, 266, -15, 185, -553, -316, -117, 1039, -61;
-31, 265, -17, 204, -560, -319, -124, 1037, -68;
-34, 264, -19, 219, -570, -323, -133, 1033, -77;
-27, 273, -12, 293, -519, -297, -106, 1065, -49;
-26, 274, -12, 324, -508, -291, -103, 1071, -47;
-25, 277, -11, 360, -491, -282, -98, 1081, -43;
-30, 272, -16, 353, -515, -293, -118, 1064, -64;
-29, 275, -15, 386, -497, -283, -113, 1072, -59;
-26, 278, -12, 429, -468, -267, -101, 1087, -48;
-23, 281, -10, 466, -442, -253, -92, 1098, -41;
-25, 279, -13, 472, -445, -253, -101, 1091, -51;
-19, 286, -7, 529, -395, -227, -77, 1116, -29;
-20, 285, -8, 543, -386, -221, -80, 1115, -33;
-22, 283, -11, 544, -389, -221, -89, 1106, -45;
-16, 290, -5, 600, -333, -191, -63, 1131, -21;
-22, 284, -12, 575, -357, -202, -87, 1107, -47;
-15, 291, -5, 633, -297, -170, -59, 1135, -22;
-12, 293, -3, 658, -266, -153, -49, 1143, -15;
-15, 290, -7, 649, -268, -152, -60, 1131, -28;
-13, 291, -6, 668, -239, -136, -52, 1137, -23;
-8, 295, -2, 702, -194, -112, -34, 1152, -8;
-5, 298, 0, 730, -153, -90, -19, 1164, 3;
-7, 295, -2, 718, -149, -86, -27, 1153, -8;
-2, 299, 1, 747, -104, -61, -9, 1167, 6;
-6, 294, -2, 723, -108, -61, -23, 1149, -10;
-4, 295, -2, 729, -82, -46, -18, 1150, -7;
-6, 291, -4, 712, -76, -41, -25, 1138, -18;
-1, 295, 0, 737, -26, -14, -5, 1153, -1;
-4, 291, -4, 709, -27, -13, -17, 1135, -17;
0, 293, -1, 722, 13, 8, -2, 1144, -6;
3, 296, 2, 740, 60, 33, 15, 1156, 8;
3, 294, 1, 725, 75, 43, 14, 1148, 4;
9, 298, 6, 747, 130, 72, 37, 1164, 23;
5, 293, 1, 708, 124, 72, 22, 1143, 6;
10, 295, 5, 717, 169, 96, 39, 1152, 20;
12, 295, 6, 713, 201, 114, 49, 1154, 26;
16, 297, 9, 716, 241, 135, 63, 1161, 37;
14, 294, 7, 685, 249, 141, 58, 1147, 29;
16, 293, 8, 672, 275, 156, 64, 1145, 33;
17, 292, 8, 651, 295, 167, 67, 1139, 32;
17, 290, 8, 629, 313, 178, 69, 1133, 32;
15, 286, 5, 588, 314, 180, 60, 1115, 21;
16, 284, 5, 563, 332, 191, 63, 1109, 21;
18, 284, 6, 547, 358, 206, 70, 1107, 26;
17, 280, 5, 511, 366, 211, 67, 1095, 21;
17, 278, 5, 481, 380, 219, 68, 1086, 20;
24, 283, 11, 494, 436, 249, 95, 1105, 46;
24, 280, 11, 460, 447, 255, 95, 1095, 43;
25, 279, 12, 435, 465, 266, 99, 1090, 47;
28, 280, 14, 419, 493, 281, 111, 1092, 57;
23, 272, 8, 350, 468, 269, 89, 1062, 35;
24, 271, 10, 327, 488, 280, 96, 1060, 41;
26, 271, 12, 302, 507, 290, 103, 1057, 47;
32, 275, 18, 307, 554, 315, 128, 1073, 72;
27, 267, 12, 236, 526, 301, 106, 1043, 50;
29, 267, 15, 214, 545, 312, 115, 1043, 58;
33, 269, 18, 201, 574, 326, 129, 1049, 73;
32, 266, 18, 160, 572, 326, 126, 1037, 70;
30, 262, 16, 114, 565, 323, 120, 1023, 65;
28, 258, 14, 64, 553, 317, 111, 1006, 57;
36, 263, 22, 76, 602, 342, 140, 1028, 88;
28, 253, 15, -8, 553, 317, 109, 989, 58;
29, 253, 16, -35, 560, 321, 114, 987, 65;
36, 258, 24, -25, 604, 343, 142, 1008, 94;
30, 250, 18, -97, 563, 322, 117, 977, 73;
29, 248, 19, -132, 559, 319, 116, 969, 74;
29, 246, 19, -166, 553, 316, 115, 962, 75;
34, 249, 24, -170, 577, 328, 133, 974, 96;
26, 240, 17, -250, 522, 300, 102, 938, 68;
25, 238, 17, -283, 513, 295, 100, 931, 69;
28, 240, 21, -295, 524, 299, 110, 937, 83;
32, 243, 26, -298, 541, 307, 126, 949, 102;
28, 238, 23, -346, 511, 291, 112, 931, 93;
27, 236, 23, -378, 495, 282, 108, 924, 93;
29, 237, 26, -395, 493, 280, 113, 926, 102;
30, 237, 28, -411, 490, 278, 117, 927, 110;
29, 236, 28, -438, 473, 268, 113, 921, 111;
23, 230, 23, -496, 424, 242, 90, 897, 93;
19, 225, 21, -540, 387, 222, 75, 880, 82;
20, 226, 23, -551, 380, 217, 78, 883, 91;
21, 228, 26, -556, 377, 214, 85, 889, 103;
20, 226, 25, -582, 351, 200, 78, 882, 101;
16, 223, 24, -614, 318, 182, 66, 870, 94;
13, 220, 22, -647, 281, 161, 52, 858, 86;
13, 220, 23, -657, 265, 152, 51, 858, 91;
8, 216, 20, -693, 221, 128, 34, 843, 79;
14, 222, 27, -662, 242, 137, 57, 868, 108;
10, 219, 25, -690, 202, 115, 42, 856, 99;
9, 218, 25, -704, 173, 99, 35, 852, 98;
8, 218, 25, -711, 151, 86, 32, 852, 101;
2, 214, 21, -745, 99, 58, 10, 834, 85;
3, 215, 23, -740, 85, 49, 12, 840, 93;
6, 220, 28, -715, 87, 49, 25, 858, 111;
5, 220, 29, -713, 67, 36, 23, 861, 115;
0, 215, 24, -749, 5, 4, -3, 839, 94;
4, 222, 31, -705, 23, 11, 18, 867, 122;
-5, 213, 22, -760, -60, -32, -22, 832, 86;
-8, 212, 21, -763, -93, -51, -32, 828, 82;
-3, 219, 27, -719, -80, -46, -13, 854, 107;
-9, 214, 22, -743, -137, -76, -37, 837, 88;
-8, 217, 25, -720, -148, -84, -33, 848, 97;
-6, 221, 28, -686, -149, -86, -24, 865, 112;
-14, 216, 22, -715, -216, -121, -54, 842, 86;
-12, 219, 24, -685, -223, -127, -49, 856, 97;
-15, 218, 22, -683, -260, -147, -62, 851, 89;
-9, 226, 30, -621, -237, -137, -38, 884, 118;
-13, 224, 27, -622, -279, -160, -54, 876, 106;
-21, 219, 20, -644, -342, -193, -84, 855, 80;
-18, 224, 24, -597, -338, -193, -72, 875, 96;
-22, 223, 22, -591, -374, -212, -86, 871, 86;
-24, 223, 20, -578, -404, -229, -96, 869, 80;
-18, 231, 27, -508, -377, -217, -71, 903, 107;
-20, 231, 25, -493, -406, -233, -81, 902, 100;
-27, 227, 19, -502, -459, -261, -107, 886, 77;
-29, 228, 19, -479, -480, -272, -113, 889, 74;
-23, 235, 25, -411, -457, -262, -92, 919, 98;
-26, 235, 23, -392, -481, -275, -101, 919, 91;
-28, 235, 21, -375, -508, -289, -112, 918, 82;
-30, 235, 19, -353, -529, -301, -120, 919, 75;
-28, 240, 22, -300, -519, -297, -109, 939, 87;
-31, 239, 18, -288, -550, -313, -124, 933, 73;
-31, 242, 19, -247, -551, -314, -121, 945, 77;
-34, 241, 16, -232, -578, -328, -134, 940, 64;
-32, 245, 18, -182, -567, -323, -125, 958, 73;
-34, 245, 16, -161, -587, -333, -134, 956, 63;
-31, 250, 19, -107, -571, -326, -123, 976, 74;
-33, 250, 16, -86, -588, -334, -132, 975, 64;
-36, 249, 13, -66, -604, -343, -141, 973, 54;
-29, 258, 20, 12, -560, -321, -114, 1007, 80;
-32, 256, 16, 26, -581, -331, -127, 1001, 64;
-34, 256, 14, 48, -592, -336, -134, 1001, 55;
-29, 263, 18, 112, -559, -320, -115, 1027, 72;
-31, 262, 15, 133, -568, -324, -123, 1025, 61;
-28, 267, 18, 186, -543, -311, -110, 1044, 71;
-31, 265, 13, 194, -562, -320, -124, 1035, 53;
-27, 271, 17, 255, -526, -302, -105, 1059, 69;
-29, 270, 14, 270, -534, -305, -114, 1055, 56;
-24, 276, 18, 328, -497, -286, -95, 1078, 71;
-31, 270, 9, 311, -535, -304, -123, 1054, 38;
-27, 275, 12, 361, -502, -286, -108, 1073, 48;
-28, 275, 10, 382, -496, -283, -110, 1074, 41;
-29, 274, 7, 397, -496, -281, -116, 1071, 30;
-29, 275, 6, 419, -485, -275, -116, 1073, 24;
-26, 279, 8, 463, -452, -257, -102, 1089, 32;
-22, 283, 10, 507, -415, -237, -87, 1106, 41;
-17, 289, 14, 558, -370, -213, -67, 1127, 56;
-19, 287, 10, 561, -371, -212, -75, 1119, 41;
-24, 281, 3, 544, -390, -220, -96, 1099, 14;
-20, 285, 5, 582, -351, -199, -80, 1114, 22;
-18, 288, 6, 611, -320, -182, -70, 1124, 26;
-12, 293, 10, 656, -270, -156, -49, 1144, 40;
-16, 288, 4, 638, -282, -160, -65, 1126, 15;
-11, 294, 7, 680, -231, -132, -43, 1146, 30;
-8, 296, 8, 705, -195, -113, -32, 1155, 34;
-11, 292, 3, 686, -202, -114, -46, 1139, 12;
-14, 288, -1, 674, -199, -111, -55, 1126, -4;
-11, 291, 0, 693, -163, -92, -43, 1134, 0;
-1, 299, 7, 750, -88, -52, -7, 1167, 27;
-9, 290, -2, 702, -115, -64, -35, 1134, -8;
-1, 297, 3, 747, -48, -28, -4, 1160, 14;
0, 297, 2, 745, -26, -15, -1, 1158, 9;
0, 295, 0, 738, -8, -4, -1, 1153, 1;
-1, 293, -2, 721, 2, 2, -6, 1142, -11;
7, 300, 3, 764, 73, 40, 27, 1170, 13;
2, 293, -3, 720, 60, 35, 8, 1144, -13;
7, 296, 0, 738, 110, 62, 28, 1157, -1;
4, 292, -4, 707, 112, 65, 18, 1141, -18;
5, 291, -6, 693, 133, 77, 21, 1136, -24;
5, 289, -8, 676, 152, 88, 22, 1129, -31;
12, 294, -3, 696, 208, 118, 47, 1146, -14;
10, 290, -6, 667, 218, 125, 42, 1134, -26;
17, 295, -2, 686, 276, 156, 68, 1152, -7;
13, 289, -7, 637, 267, 153, 53, 1128, -31;
14, 288, -8, 619, 289, 166, 57, 1124, -33;
12, 284, -12, 580, 292, 169, 50, 1107, -48;
22, 291, -4, 614, 368, 208, 88, 1137, -17;
17, 283, -11, 549, 347, 199, 66, 1106, -46;
16, 280, -14, 516, 357, 206, 64, 1094, -54;
18, 280, -13, 499, 383, 220, 72, 1094, -52;
20, 280, -12, 481, 409, 234, 81, 1093, -50;
21, 279, -13, 455, 427, 245, 85, 1088, -52;
25, 280, -11, 446, 462, 264, 100, 1094, -43;
30, 282, -7, 441, 501, 284, 118, 1102, -30;
28, 278, -10, 397, 500, 285, 111, 1087, -42;
22, 270, -17, 326, 474, 273, 89, 1055, -69;
23, 269, -18, 297, 488, 280, 93, 1050, -70;
27, 270, -15, 283, 517, 296, 106, 1054, -61;
30, 271, -13, 266, 542, 309, 118, 1057, -54;
28, 267, -16, 222, 539, 308, 112, 1043, -63;
30, 266, -15, 194, 552, 315, 117, 1039, -62;
29, 264, -17, 156, 555, 317, 116, 1030, -66;
28, 260, -19, 111, 550, 315, 111, 1016, -75;
31, 261, -16, 96, 573, 327, 123, 1021, -64;
30, 258, -18, 50, 564, 323, 117, 1007, -73;
27, 253, -21, 0, 550, 316, 107, 990, -85;
33, 258, -16, 2, 587, 334, 130, 1006, -64;
31, 254, -18, -45, 573, 327, 122, 991, -73;
32, 253, -18, -74, 577, 329, 125, 987, -71;
33, 252, -17, -99, 582, 331, 130, 985, -67;
29, 247, -21, -154, 557, 318, 116, 966, -81;
26, 242, -24, -209, 529, 304, 102, 945, -96;
31, 245, -19, -210, 555, 316, 121, 959, -77;
28, 242, -22, -255, 534, 305, 111, 944, -86;
27, 240, -23, -290, 521, 298, 107, 936, -90;
25, 236, -25, -334, 498, 286, 98, 922, -98;
24, 235, -25, -363, 488, 280, 96, 916, -98;
27, 237, -21, -369, 500, 285, 109, 925, -84;
28, 236, -21, -393, 491, 279, 109, 923, -82;
28, 236, -19, -412, 485, 275, 112, 923, -77;
26, 234, -21, -445, 463, 263, 105, 914, -82;
24, 231, -23, -483, 435, 248, 94, 901, -89;
22, 228, -24, -514, 410, 234, 87, 892, -94;
23, 229, -22, -527, 403, 229, 90, 895, -88;
17, 224, -26, -576, 357, 205, 70, 874, -105;
22, 228, -21, -563, 371, 210, 87, 891, -84;
17, 224, -24, -603, 329, 188, 70, 874, -97;
15, 222, -26, -629, 300, 172, 61, 866, -102;
19, 226, -21, -614, 310, 175, 76, 883, -82;
12, 219, -27, -667, 250, 143, 49, 857, -105;
16, 224, -21, -648, 260, 146, 65, 875, -84;
12, 220, -25, -681, 215, 122, 47, 860, -97;
5, 214, -30, -728, 155, 90, 20, 836, -119;
13, 223, -21, -679, 188, 105, 51, 870, -83;
9, 220, -23, -701, 149, 84, 38, 861, -91;
8, 220, -23, -708, 123, 69, 32, 859, -91;
3, 216, -27, -736, 74, 43, 13, 844, -105;
4, 218, -24, -724, 64, 35, 17, 854, -95;
0, 215, -28, -749, 14, 9, -1, 839, -109;
0, 217, -25, -733, 4, 2, 2, 849, -99;
-5, 213, -30, -762, -52, -28, -21, 831, -117;
-5, 214, -28, -751, -71, -39, -22, 837, -112;
-6, 215, -27, -740, -91, -51, -23, 842, -108;
-9, 214, -29, -746, -129, -72, -36, 835, -115;
-4, 221, -23, -699, -116, -67, -17, 862, -90;
-12, 214, -29, -733, -185, -104, -49, 837, -116;
-13, 215, -29, -721, -209, -118, -54, 840, -115;
-11, 219, -25, -686, -212, -121, -45, 857, -100;
-16, 216, -29, -696, -260, -147, -65, 845, -114;
-14, 221, -25, -659, -262, -149, -56, 862, -100;
-16, 221, -25, -644, -287, -164, -62, 864, -100;
-17, 222, -25, -627, -312, -177, -68, 868, -100;
-19, 223, -26, -611, -337, -192, -75, 870, -102;
-16, 228, -21, -563, -332, -191, -63, 890, -84;
-20, 226, -24, -559, -371, -212, -78, 884, -94;
-21, 227, -24, -539, -394, -225, -85, 887, -96;
-20, 231, -21, -497, -396, -227, -78, 903, -84;
-18, 235, -18, -455, -397, -229, -71, 919, -72;
-25, 230, -24, -467, -454, -259, -99, 900, -95;
-24, 234, -22, -426, -457, -261, -94, 914, -86;
-29, 231, -26, -428, -503, -285, -116, 901, -104;
-32, 231, -27, -407, -525, -298, -125, 902, -108;
-28, 237, -23, -349, -511, -292, -111, 925, -90;
-26, 242, -19, -299, -504, -289, -101, 944, -76;
-27, 242, -20, -273, -521, -298, -107, 946, -79;
-27, 244, -19, -239, -529, -303, -108, 954, -77;
-29, 245, -20, -214, -545, -312, -115, 956, -80;
-27, 249, -18, -168, -540, -310, -109, 971, -71;
-33, 245, -23, -167, -579, -329, -130, 958, -90;
-26, 254, -15, -88, -539, -310, -103, 992, -60;
-34, 248, -22, -102, -592, -336, -135, 969, -89;
-30, 254, -18, -43, -569, -325, -120, 992, -72;
-32, 254, -19, -19, -582, -332, -127, 992, -77;
-33, 255, -20, 6, -590, -335, -132, 994, -81;
-26, 264, -12, 89, -540, -311, -102, 1031, -49;
-32, 259, -19, 81, -580, -330, -128, 1012, -74;
-31, 262, -17, 123, -568, -324, -122, 1024, -67;
-33, 262, -19, 142, -578, -329, -130, 1021, -75;
-31, 265, -16, 189, -558, -318, -121, 1037, -65;
-30, 267, -15, 224, -549, -313, -118, 1044, -62;
-31, 267, -17, 245, -552, -314, -123, 1044, -67;
-24, 276, -10, 319, -499, -287, -95, 1077, -39;
-31, 270, -17, 302, -537, -305, -123, 1053, -67;
-27, 275, -12, 357, -500, -286, -105, 1075, -50;
-23, 280, -9, 408, -465, -267, -89, 1094, -35;
-21, 282, -8, 441, -448, -257, -84, 1102, -31;
-24, 280, -11, 446, -454, -260, -95, 1094, -43;
-27, 278, -14, 449, -462, -262, -106, 1084, -56;
-26, 279, -13, 478, -442, -251, -101, 1091, -52;
-27, 279, -15, 490, -437, -247, -106, 1088, -58;
-20, 286, -8, 550, -381, -218, -79, 1116, -33;
-24, 282, -12, 543, -390, -221, -93, 1102, -50;
-20, 286, -9, 581, -352, -201, -78, 1117, -37;
-20, 286, -10, 594, -338, -192, -78, 1116, -39;
-18, 287, -9, 615, -313, -178, -72, 1121, -36;
-17, 288, -8, 632, -290, -164, -67, 1125, -34;
-13, 291, -5, 663, -251, -143, -53, 1137, -22;
-13, 291, -6, 671, -233, -132, -51, 1136, -24;
-14, 290, -7, 671, -221, -125, -54, 1131, -29;
-14, 288, -9, 669, -209, -117, -57, 1125, -35;
-3, 299, 1, 742, -120, -71, -13, 1166, 5;
-3, 298, 0, 742, -102, -60, -12, 1163, 2;
-8, 291, -5, 705, -119, -67, -34, 1137, -22;
-8, 290, -6, 700, -102, -56, -34, 1132, -25;
-6, 291, -5, 707, -72, -39, -26, 1135, -21;
1, 298, 2, 753, -1, -2, 6, 1163, 8;
-1, 293, -1, 726, -2, 0, -5, 1145, -6;
4, 297, 3, 750, 50, 27, 16, 1161, 12;
5, 297, 3, 748, 78, 43, 22, 1161, 15;
7, 298, 5, 747, 108, 60, 30, 1162, 19;
2, 291, -1, 699, 93, 54, 10, 1135, -4;
7, 294, 2, 712, 140, 80, 28, 1146, 11;
13, 298, 8, 731, 195, 109, 52, 1162, 31;
9, 291, 3, 684, 185, 106, 35, 1138, 11;
14, 295, 7, 698, 236, 133, 57, 1151, 30;
15, 294, 8, 683, 260, 147, 61, 1148, 32;
16, 292, 8, 663, 279, 159, 64, 1142, 31;
12, 287, 3, 615, 273, 157, 50, 1119, 15;
16, 288, 7, 614, 313, 179, 65, 1126, 28;
22, 292, 12, 625, 365, 206, 89, 1141, 49;
16, 283, 5, 556, 339, 195, 64, 1107, 21;
19, 285, 8, 548, 374, 214, 77, 1111, 33;
17, 280, 5, 501, 371, 214, 67, 1092, 20;
17, 278, 5, 474, 387, 223, 70, 1085, 21;
22, 280, 9, 470, 427, 245, 87, 1093, 37;
25, 281, 12, 456, 457, 261, 99, 1096, 47;
22, 275, 8, 404, 449, 258, 87, 1075, 34;
25, 276, 12, 391, 480, 274, 100, 1079, 46;
25, 274, 11, 357, 490, 280, 101, 1070, 46;
26, 273, 12, 327, 503, 288, 104, 1064, 48;
33, 277, 18, 332, 552, 313, 129, 1081, 73;
26, 268, 11, 254, 515, 296, 102, 1045, 46;
33, 272, 19, 263, 566, 322, 130, 1064, 74;
27, 264, 13, 190, 535, 307, 107, 1033, 51;
30, 265, 15, 170, 556, 318, 118, 1034, 62;
33, 266, 19, 156, 581, 331, 131, 1039, 76;
31, 262, 17, 104, 568, 324, 121, 1022, 67;
36, 265, 22, 101, 603, 342, 141, 1034, 88;
34, 261, 21, 54, 592, 337, 134, 1019, 82;
36, 261, 23, 31, 605, 343, 141, 1019, 91;
26, 249, 13, -67, 540, 311, 102, 972, 53;
27, 248, 15, -92, 547, 314, 107, 971, 60;
29, 249, 18, -114, 557, 319, 114, 971, 70;
31, 249, 21, -132, 569, 324, 123, 974, 82;
34, 251, 24, -147, 582, 330, 134, 979, 95;
34, 249, 24, -181, 575, 327, 132, 972, 96;
26, 240, 17, -261, 520, 299, 101, 936, 69;
32, 245, 24, -251, 553, 315, 126, 956, 96;
28, 240, 22, -302, 523, 299, 111, 937, 86;
28, 239, 22, -332, 513, 293, 110, 932, 88;
31, 241, 26, -338, 525, 298, 123, 941, 105;
29, 238, 26, -373, 506, 287, 116, 931, 102;
21, 230, 19, -447, 446, 256, 85, 897, 75;
20, 228, 19, -475, 429, 247, 81, 891, 76;
27, 234, 27, -455, 460, 261, 107, 915, 107;
17, 224, 18, -536, 386, 223, 69, 875, 73;
19, 226, 22, -542, 386, 221, 77, 882, 86;
24, 230, 27, -532, 400, 227, 94, 898, 108;
18, 224, 23, -583, 350, 200, 71, 875, 91;
14, 221, 21, -619, 314, 181, 57, 862, 82;
15, 221, 22, -629, 301, 173, 58, 863, 89;
14, 221, 23, -644, 282, 162, 56, 862, 92;
12, 219, 22, -667, 252, 145, 47, 855, 89;
13, 221, 25, -665, 246, 140, 53, 862, 100;
15, 224, 29, -657, 244, 137, 62, 873, 115;
8, 217, 23, -705, 182, 105, 34, 849, 93;
12, 221, 28, -687, 186, 105, 47, 865, 111;
12, 223, 30, -682, 174, 97, 50, 871, 120;
2, 214, 22, -747, 91, 54, 9, 834, 86;
0, 213, 21, -755, 63, 38, 2, 832, 85;
0, 214, 22, -753, 42, 25, 0, 835, 89;
0, 216, 24, -743, 28, 16, 2, 842, 97;
0, 215, 24, -746, 0, 0, -3, 841, 96;
0, 218, 27, -726, -7, -4, 2, 853, 108;
-6, 213, 21, -762, -72, -39, -26, 830, 85;
-7, 214, 22, -752, -92, -51, -27, 835, 89;
-10, 213, 21, -756, -127, -71, -39, 831, 83;
-8, 216, 24, -728, -134, -76, -32, 845, 95;
-10, 216, 23, -724, -164, -92, -40, 844, 93;
-10, 218, 25, -703, -179, -102, -39, 853, 99;
-8, 222, 28, -675, -188, -108, -34, 865, 109;
-12, 220, 25, -674, -225, -129, -47, 861, 101;
-19, 216, 20, -695, -285, -160, -74, 842, 79;
-16, 220, 23, -655, -285, -162, -64, 860, 92;
-15, 223, 25, -625, -296, -169, -61, 871, 100;
-17, 224, 25, -609, -322, -184, -68, 873, 97;
-15, 227, 27, -571, -326, -187, -61, 889, 108;
-20, 226, 24, -569, -366, -209, -78, 881, 95;
-16, 231, 28, -519, -360, -207, -66, 903, 111;
-25, 224, 20, -544, -429, -243, -100, 877, 79;
-19, 233, 27, -472, -400, -230, -75, 912, 108;
-28, 226, 19, -498, -469, -266, -111, 885, 74;
-29, 228, 19, -468, -484, -275, -114, 892, 74;
-29, 230, 19, -438, -498, -283, -115, 899, 75;
-29, 232, 19, -405, -509, -289, -116, 907, 76;
-27, 237, 22, -352, -499, -285, -105, 928, 89;
-29, 237, 20, -333, -524, -299, -115, 926, 80;
-27, 242, 23, -285, -518, -297, -107, 944, 90;
-28, 243, 22, -252, -528, -302, -109, 951, 89;
-28, 245, 22, -217, -535, -306, -109, 959, 88;
-32, 244, 18, -207, -566, -322, -125, 951, 73;
-26, 252, 24, -134, -533, -306, -103, 982, 95;
-35, 244, 15, -157, -595, -338, -139, 954, 58;
-28, 253, 21, -78, -555, -318, -112, 989, 85;
-30, 254, 20, -50, -564, -322, -117, 992, 79;
-32, 254, 17, -29, -580, -331, -126, 991, 69;
-31, 256, 18, 9, -575, -328, -123, 1001, 70;
-26, 264, 23, 78, -540, -310, -101, 1029, 90;
-29, 262, 19, 93, -558, -319, -113, 1024, 75;
-28, 264, 19, 128, -553, -317, -112, 1032, 74;
-31, 263, 15, 144, -567, -323, -123, 1027, 61;
-28, 268, 17, 195, -543, -311, -110, 1045, 70;
-26, 271, 18, 237, -527, -303, -104, 1057, 73;
-32, 267, 12, 233, -555, -316, -124, 1041, 48;
-31, 268, 11, 264, -548, -311, -124, 1047, 45;
-33, 267, 8, 281, -551, -312, -130, 1045, 34;
-28, 274, 12, 341, -510, -291, -110, 1069, 50;
-22, 280, 17, 404, -465, -267, -87, 1095, 68;
-26, 277, 12, 404, -479, -274, -102, 1083, 48;
-25, 279, 11, 433, -464, -265, -99, 1089, 46;
-21, 283, 13, 477, -431, -247, -85, 1105, 53;
-28, 277, 5, 455, -462, -261, -111, 1081, 22;
-24, 281, 8, 502, -423, -241, -94, 1099, 32;
-16, 289, 14, 566, -364, -210, -65, 1129, 55;
-16, 290, 13, 587, -346, -199, -63, 1132, 51;
-15, 290, 11, 603, -330, -190, -61, 1133, 46;
-20, 286, 5, 591, -342, -194, -78, 1117, 23;
-12, 294, 11, 651, -278, -161, -47, 1147, 46;
-14, 291, 7, 646, -278, -159, -56, 1136, 29;
-16, 288, 3, 640, -276, -157, -65, 1126, 13;
-15, 289, 2, 656, -252, -142, -60, 1129, 11;
-11, 292, 4, 685, -212, -121, -45, 1141, 18;
-7, 296, 7, 717, -166, -96, -27, 1156, 29;
-8, 293, 3, 707, -160, -91, -34, 1146, 13;
-4, 297, 6, 735, -115, -67, -17, 1160, 23;
-7, 293, 0, 714, -117, -66, -29, 1143, 3;
-9, 290, -2, 700, -110, -61, -35, 1132, -11;
0, 297, 3, 749, -38, -23, -2, 1161, 14;
-6, 290, -4, 705, -58, -31, -25, 1133, -17;