0, 335, 0, 739, 1, 0, 0, 1306, 0;
1, 331, -2, 713, 22, 14, 6, 1291, -9;
15, 338, 7, 760, 121, 67, 59, 1321, 27;
11, 328, 0, 692, 109, 64, 44, 1281, -3;
18, 329, 2, 692, 168, 97, 73, 1285, 10;
21, 325, 1, 658, 196, 113, 83, 1268, 5;
25, 322, 2, 631, 235, 136, 99, 1256, 8;
29, 318, 2, 599, 270, 156, 114, 1242, 9;
38, 320, 8, 599, 340, 194, 151, 1249, 33;
43, 317, 10, 569, 381, 217, 170, 1237, 40;
46, 311, 9, 520, 404, 231, 179, 1215, 38;
52, 310, 14, 498, 455, 259, 205, 1210, 54;
47, 297, 6, 402, 433, 249, 187, 1160, 27;
53, 295, 10, 371, 474, 272, 208, 1150, 40;
58, 292, 13, 335, 511, 292, 227, 1139, 53;
57, 283, 12, 266, 514, 295, 225, 1107, 46;
57, 275, 10, 198, 516, 297, 224, 1076, 41;
67, 279, 20, 199, 585, 332, 264, 1088, 80;
60, 264, 12, 89, 540, 310, 235, 1031, 49;
65, 262, 18, 60, 574, 328, 255, 1025, 70;
64, 255, 17, -5, 568, 325, 251, 996, 68;
68, 253, 22, -39, 590, 336, 265, 987, 86;
62, 241, 17, -130, 551, 316, 242, 942, 67;
65, 240, 22, -158, 571, 325, 256, 936, 88;
59, 229, 18, -246, 526, 302, 230, 893, 70;
60, 227, 22, -278, 533, 304, 237, 885, 87;
62, 224, 26, -309, 536, 304, 242, 877, 102;
59, 219, 27, -358, 515, 292, 233, 856, 105;
48, 206, 19, -457, 439, 253, 191, 805, 75;
49, 204, 23, -482, 432, 247, 191, 799, 90;
47, 202, 25, -513, 414, 236, 185, 788, 99;
40, 194, 22, -574, 358, 206, 156, 758, 87;
37, 192, 24, -601, 332, 190, 146, 749, 94;
38, 193, 29, -602, 325, 184, 149, 755, 114;
30, 187, 25, -653, 264, 150, 117, 729, 101;
27, 186, 28, -665, 235, 133, 107, 727, 109;
22, 184, 28, -684, 194, 109, 89, 719, 111;
18, 183, 29, -695, 155, 87, 72, 716, 114;
10, 178, 25, -729, 88, 50, 39, 697, 101;
1, 174, 22, -757, 23, 14, 6, 681, 88;
4, 182, 30, -711, 26, 13, 16, 710, 118;
0, 183, 31, -703, -13, -9, 0, 714, 121;
-5, 184, 31, -696, -57, -35, -19, 717, 121;
-19, 176, 21, -743, -159, -89, -75, 686, 85;
-16, 185, 29, -680, -156, -90, -65, 722, 113;
-20, 188, 30, -652, -190, -111, -79, 735, 117;
-33, 182, 21, -681, -285, -161, -131, 712, 83;
-30, 193, 28, -605, -276, -159, -118, 753, 112;
-40, 190, 22, -611, -352, -200, -159, 743, 87;
-39, 199, 27, -543, -354, -204, -154, 778, 106;
-49, 197, 20, -545, -429, -243, -194, 769, 79;
-51, 203, 22, -489, -446, -254, -200, 795, 86;
-57, 205, 18, -462, -493, -279, -224, 802, 72;
-54, 216, 24, -377, -481, -275, -212, 845, 93;
-63, 215, 17, -366, -542, -307, -246, 841, 67;
-55, 231, 26, -249, -497, -286, -215, 903, 104;
-59, 235, 24, -208, -526, -302, -230, 917, 94;
-61, 239, 22, -161, -547, -313, -241, 935, 86;
-63, 245, 21, -107, -559, -320, -247, 956, 82;
-63, 252, 21, -45, -559, -320, -246, 983, 82;
-65, 255, 18, -2, -576, -329, -256, 998, 70;
-67, 259, 14, 40, -589, -335, -265, 1012, 58;
-59, 273, 21, 146, -535, -308, -232, 1067, 85;
-67, 270, 12, 146, -583, -331, -263, 1055, 47;
-66, 276, 11, 201, -572, -325, -258, 1078, 43;
-55, 290, 19, 310, -501, -288, -217, 1134, 74;
-57, 292, 14, 337, -508, -290, -225, 1140, 54;
-54, 298, 13, 390, -483, -276, -214, 1163, 53;
-50, 304, 14, 447, -449, -258, -197, 1188, 55;
-47, 309, 13, 495, -419, -240, -183, 1208, 53;
-46, 311, 10, 522, -404, -231, -179, 1216, 39;
-42, 315, 8, 558, -374, -214, -166, 1231, 33;
-38, 319, 7, 594, -339, -193, -151, 1245, 30;
-39, 318, 2, 598, -330, -186, -152, 1241, 8;
-34, 321, 1, 629, -288, -162, -133, 1254, 6;
-26, 327, 3, 670, -230, -130, -104, 1275, 13;
-18, 333, 6, 714, -164, -94, -70, 1298, 23;
-12, 335, 5, 734, -116, -67, -48, 1308, 22;
-12, 331, 0, 711, -106, -59, -50, 1291, -2;
-9, 330, -3, 708, -72, -39, -36, 1288, -12;
0, 334, 0, 738, 0, 0, 0, 1306, 0;
5, 334, 0, 737, 46, 26, 21, 1306, -2;
8, 331, -4, 715, 76, 44, 31, 1293, -16;
15, 333, -2, 721, 138, 78, 62, 1299, -9;
16, 327, -8, 676, 152, 88, 63, 1275, -31;
25, 328, -5, 681, 219, 125, 97, 1282, -19;
30, 327, -5, 662, 265, 151, 118, 1275, -20;
30, 319, -10, 607, 278, 160, 119, 1247, -40;
41, 322, -5, 614, 355, 201, 160, 1258, -20;
41, 315, -9, 555, 367, 210, 162, 1229, -38;
42, 308, -13, 499, 384, 221, 166, 1202, -52;
46, 304, -14, 458, 416, 239, 181, 1186, -55;
56, 306, -8, 455, 486, 276, 219, 1193, -32;
58, 300, -9, 404, 508, 289, 229, 1171, -37;
53, 287, -18, 306, 482, 278, 209, 1121, -70;
61, 287, -13, 291, 539, 307, 241, 1122, -50;
66, 284, -11, 253, 571, 324, 258, 1110, -43;
64, 275, -15, 176, 562, 320, 250, 1073, -60;
60, 264, -21, 87, 538, 309, 234, 1030, -83;
63, 260, -19, 45, 560, 320, 246, 1016, -76;
68, 259, -15, 17, 591, 336, 265, 1010, -61;
62, 247, -21, -75, 554, 318, 243, 965, -85;
67, 246, -17, -99, 582, 331, 261, 962, -67;
58, 233, -25, -202, 527, 303, 228, 909, -98;
61, 231, -21, -230, 543, 310, 240, 904, -83;
62, 228, -19, -269, 542, 309, 243, 890, -76;
61, 224, -18, -311, 534, 303, 241, 875, -72;
56, 216, -21, -377, 496, 283, 222, 845, -84;
53, 211, -22, -427, 470, 268, 209, 824, -87;
52, 208, -20, -459, 456, 259, 206, 813, -80;
44, 199, -25, -531, 396, 227, 174, 777, -100;
39, 193, -27, -580, 352, 202, 153, 755, -108;
38, 192, -25, -598, 335, 191, 148, 751, -97;
36, 191, -23, -616, 311, 177, 140, 746, -90;
24, 181, -30, -686, 230, 134, 97, 709, -117;
29, 188, -20, -652, 248, 140, 115, 735, -81;
25, 186, -20, -670, 208, 117, 98, 728, -81;
15, 180, -25, -713, 137, 78, 61, 705, -98;
13, 182, -22, -705, 112, 62, 54, 712, -87;
6, 179, -24, -728, 52, 29, 24, 699, -97;
0, 177, -26, -738, 0, 0, 0, 693, -102;
-4, 178, -25, -732, -41, -24, -18, 697, -99;
-10, 178, -26, -732, -93, -53, -42, 695, -104;
-15, 180, -25, -716, -133, -76, -59, 703, -100;
-18, 183, -24, -693, -168, -97, -73, 714, -95;
-26, 182, -27, -693, -231, -131, -104, 710, -107;
-33, 182, -29, -683, -286, -161, -131, 711, -115;
-33, 190, -24, -625, -296, -169, -131, 741, -96;
-39, 191, -25, -603, -343, -195, -153, 748, -100;
-45, 194, -27, -577, -389, -221, -175, 757, -106;
-45, 201, -23, -517, -401, -229, -177, 786, -91;
-52, 202, -26, -497, -454, -258, -205, 790, -103;
-54, 208, -24, -443, -473, -270, -212, 814, -96;
-56, 214, -23, -391, -495, -282, -221, 836, -92;
-55, 224, -19, -314, -491, -282, -214, 873, -74;
-58, 228, -19, -268, -515, -295, -226, 891, -75;
-67, 226, -26, -260, -578, -328, -262, 885, -102;
-58, 243, -15, -140, -526, -303, -228, 948, -60;
-61, 247, -16, -95, -546, -313, -239, 964, -65;
-66, 249, -20, -64, -578, -330, -258, 971, -79;
-69, 252, -22, -23, -597, -339, -269, 985, -86;
-62, 264, -15, 72, -557, -319, -245, 1032, -60;
-66, 266, -18, 103, -578, -329, -258, 1040, -73;
-65, 272, -18, 158, -572, -325, -256, 1062, -71;
-63, 279, -16, 222, -551, -314, -245, 1091, -63;
-56, 290, -10, 307, -504, -290, -219, 1132, -40;
-53, 296, -8, 364, -481, -277, -208, 1157, -35;
-50, 302, -7, 415, -458, -264, -198, 1178, -30;
-57, 298, -16, 405, -492, -279, -223, 1162, -63;
-49, 307, -10, 479, -436, -249, -193, 1198, -42;
-46, 311, -10, 518, -408, -233, -181, 1214, -40;
-37, 321, -3, 592, -340, -197, -145, 1252, -15;
-37, 320, -6, 604, -330, -189, -145, 1251, -27;
-36, 321, -9, 615, -313, -178, -141, 1252, -36;
-28, 327, -4, 666, -251, -144, -110, 1277, -18;
-25, 328, -5, 679, -221, -126, -98, 1281, -21;
-23, 328, -6, 683, -195, -110, -89, 1279, -27;
-16, 331, -4, 710, -141, -80, -63, 1292, -16;
-5, 338, 3, 760, -57, -35, -19, 1322, 12;
-6, 332, -2, 724, -55, -30, -26, 1298, -10;
3, 337, 3, 757, 19, 9, 12, 1318, 12;
8, 337, 4, 754, 64, 35, 32, 1316, 16;
8, 332, 0, 719, 80, 46, 34, 1296, 2;
11, 328, -1, 691, 107, 63, 43, 1281, -4;
19, 330, 3, 697, 173, 99, 76, 1288, 13;
27, 331, 7, 696, 234, 133, 107, 1292, 29;
34, 330, 10, 686, 289, 163, 133, 1290, 42;
37, 326, 10, 647, 318, 180, 144, 1272, 39;
39, 321, 9, 604, 344, 196, 154, 1251, 36;
43, 317, 10, 567, 378, 216, 169, 1236, 39;
45, 311, 9, 518, 402, 230, 178, 1214, 37;
48, 306, 10, 474, 431, 246, 190, 1195, 39;
55, 304, 14, 449, 479, 273, 215, 1189, 55;
51, 293, 8, 359, 463, 266, 201, 1143, 33;
56, 290, 12, 326, 502, 287, 221, 1133, 47;
60, 286, 14, 281, 529, 302, 234, 1116, 55;
65, 284, 19, 251, 569, 323, 257, 1109, 74;
61, 272, 13, 158, 544, 311, 239, 1062, 54;
63, 267, 16, 110, 561, 321, 248, 1044, 63;
61, 259, 14, 36, 550, 316, 240, 1010, 56;
60, 251, 13, -31, 541, 311, 235, 980, 52;
61, 246, 15, -82, 547, 314, 238, 960, 59;
68, 247, 23, -91, 590, 335, 266, 966, 92;
64, 238, 21, -169, 561, 320, 249, 930, 82;
57, 227, 16, -259, 514, 296, 222, 885, 62;
64, 230, 25, -255, 556, 316, 251, 899, 101;
55, 218, 19, -350, 495, 284, 217, 851, 77;
52, 212, 19, -404, 469, 269, 205, 828, 76;
49, 206, 19, -454, 442, 254, 192, 806, 77;
48, 204, 22, -488, 427, 244, 188, 795, 86;
49, 204, 27, -502, 424, 241, 192, 795, 106;
43, 197, 25, -553, 380, 216, 170, 772, 100;
42, 196, 28, -571, 362, 205, 165, 768, 112;
37, 192, 28, -607, 321, 182, 146, 752, 111;
24, 181, 20, -687, 230, 133, 96, 708, 80;
28, 187, 28, -662, 238, 135, 109, 729, 111;
22, 183, 27, -689, 189, 107, 86, 716, 107;
16, 181, 26, -711, 139, 79, 62, 706, 104;
5, 174, 21, -759, 59, 36, 20, 679, 82;
6, 179, 27, -725, 55, 30, 26, 701, 108;
3, 181, 29, -716, 21, 10, 13, 707, 115;
-8, 175, 23, -753, -63, -34, -31, 683, 90;
-6, 183, 30, -702, -64, -38, -23, 713, 117;
-11, 184, 30, -690, -107, -63, -43, 719, 117;
-23, 178, 22, -722, -198, -111, -91, 696, 87;
-25, 183, 24, -686, -224, -127, -100, 714, 97;
-28, 187, 26, -648, -252, -144, -110, 732, 104;
-30, 193, 28, -605, -275, -159, -118, 754, 112;
-34, 197, 29, -569, -309, -179, -132, 769, 113;
-42, 197, 24, -559, -370, -212, -164, 768, 96;
-45, 201, 25, -515, -399, -228, -176, 787, 98;
-45, 209, 27, -453, -410, -236, -177, 817, 108;
-54, 208, 21, -442, -473, -269, -211, 814, 85;
-58, 212, 19, -403, -507, -288, -228, 828, 77;
-62, 216, 18, -359, -536, -304, -242, 845, 71;
-59, 227, 22, -276, -524, -300, -231, 886, 88;
-59, 234, 23, -212, -530, -304, -232, 915, 92;
-68, 233, 15, -202, -588, -334, -266, 909, 61;
-63, 245, 21, -106, -557, -319, -246, 957, 83;
-64, 250, 19, -54, -568, -325, -252, 977, 76;
-70, 251, 13, -29, -603, -342, -273, 981, 53;
-67, 260, 15, 43, -586, -333, -262, 1015, 60;
-67, 265, 14, 98, -583, -332, -262, 1037, 55;
-60, 277, 19, 192, -537, -308, -235, 1083, 75;
-66, 276, 11, 202, -570, -324, -257, 1078, 44;
-62, 283, 12, 267, -545, -310, -244, 1107, 47;
-54, 296, 17, 360, -486, -279, -211, 1154, 68;
-53, 299, 14, 396, -478, -274, -210, 1166, 56;
-55, 300, 9, 417, -479, -273, -215, 1170, 36;
-50, 306, 9, 471, -443, -253, -198, 1193, 37;
-49, 308, 6, 501, -426, -242, -192, 1203, 26;
-45, 312, 5, 540, -393, -223, -178, 1219, 22;
-42, 315, 3, 570, -363, -205, -166, 1231, 15;
-38, 318, 2, 601, -326, -184, -149, 1243, 10;
-30, 325, 4, 649, -268, -152, -120, 1267, 18;
-29, 324, 0, 653, -247, -139, -114, 1265, 2;
-22, 328, 1, 684, -194, -110, -89, 1279, 5;
-14, 333, 3, 722, -128, -73, -56, 1300, 15;
-7, 336, 4, 742, -75, -44, -31, 1310, 16;
-7, 332, 0, 723, -56, -31, -27, 1297, -3;
0, 334, 0, 734, -2, -1, -1, 1304, -1;
6, 335, 0, 743, 53, 29, 25, 1310, 1;
5, 329, -6, 701, 63, 37, 23, 1285, -24;
19, 336, 1, 743, 159, 89, 75, 1313, 4;
16, 327, -7, 680, 156, 90, 65, 1277, -28;
26, 330, -3, 692, 230, 130, 104, 1289, -13;
32, 329, -2, 677, 280, 159, 128, 1285, -11;
33, 322, -7, 624, 295, 169, 130, 1257, -30;
39, 320, -7, 602, 342, 195, 153, 1250, -28;
43, 317, -7, 567, 379, 216, 169, 1236, -30;
51, 316, -4, 553, 437, 247, 199, 1236, -19;
50, 308, -9, 486, 443, 253, 198, 1203, -37;
52, 302, -11, 433, 464, 265, 206, 1179, -46;
51, 293, -16, 359, 462, 266, 200, 1143, -66;
59, 293, -12, 344, 520, 296, 232, 1144, -47;
60, 286, -14, 280, 528, 301, 234, 1115, -57;
60, 278, -17, 215, 533, 305, 234, 1086, -67;
66, 277, -13, 190, 576, 328, 259, 1083, -51;
68, 272, -13, 137, 588, 334, 265, 1061, -52;
67, 264, -15, 72, 586, 334, 263, 1033, -60;
65, 256, -18, 0, 574, 328, 255, 1000, -71;
69, 254, -14, -31, 598, 340, 270, 992, -58;
65, 245, -18, -107, 574, 327, 256, 957, -72;
65, 240, -18, -157, 572, 326, 256, 937, -70;
66, 236, -16, -200, 572, 325, 259, 922, -65;
60, 226, -22, -284, 528, 301, 234, 881, -85;
61, 224, -18, -312, 534, 303, 241, 875, -72;
53, 213, -25, -400, 474, 272, 208, 830, -98;
53, 210, -22, -430, 466, 266, 207, 821, -89;
47, 203, -25, -491, 424, 243, 186, 793, -100;
41, 196, -28, -551, 375, 216, 161, 764, -113;
40, 194, -26, -573, 360, 206, 157, 759, -103;
40, 195, -22, -581, 352, 200, 159, 761, -87;
35, 191, -23, -617, 311, 176, 140, 746, -91;
27, 184, -27, -669, 248, 142, 108, 720, -106;
25, 184, -25, -681, 219, 125, 97, 717, -99;
21, 182, -24, -695, 183, 104, 82, 712, -96;
16, 181, -24, -709, 141, 80, 64, 707, -96;
5, 174, -30, -757, 60, 36, 21, 679, -119;
9, 182, -21, -706, 73, 40, 37, 712, -84;
-2, 175, -28, -755, -17, -8, -11, 683, -113;
-1, 181, -22, -715, -25, -15, -7, 707, -89;
-15, 173, -31, -760, -121, -67, -59, 677, -121;
-19, 175, -30, -745, -162, -90, -77, 684, -118;
-19, 183, -24, -694, -169, -97, -74, 713, -96;
-25, 183, -25, -682, -220, -125, -98, 716, -100;
-30, 185, -26, -661, -264, -150, -118, 724, -101;
-32, 191, -23, -617, -288, -165, -126, 746, -90;
-39, 192, -25, -601, -341, -194, -152, 749, -99;
-47, 192, -29, -590, -402, -227, -184, 748, -114;
-47, 199, -25, -532, -416, -237, -186, 777, -100;
-52, 202, -26, -498, -456, -259, -206, 789, -104;
-53, 210, -23, -435, -465, -265, -207, 819, -91;
-59, 212, -26, -406, -510, -290, -230, 826, -102;
-54, 224, -19, -314, -490, -281, -214, 873, -74;
-60, 225, -22, -284, -532, -304, -237, 881, -86;
-66, 227, -25, -255, -572, -325, -259, 888, -99;
-62, 239, -19, -163, -548, -314, -242, 934, -74;
-69, 238, -25, -148, -599, -340, -272, 931, -97;
-65, 249, -19, -62, -577, -329, -257, 972, -77;
-60, 261, -13, 31, -542, -312, -235, 1019, -52;
-69, 258, -21, 32, -597, -339, -269, 1008, -85;
-63, 270, -15, 124, -557, -319, -245, 1053, -60;
-65, 272, -18, 160, -569, -324, -255, 1063, -70;
-60, 282, -13, 240, -533, -305, -234, 1102, -52;
-59, 286, -13, 285, -526, -301, -233, 1119, -54;
-55, 294, -10, 352, -493, -283, -216, 1149, -42;
-50, 302, -7, 417, -456, -263, -197, 1179, -29;
-53, 302, -12, 432, -465, -265, -207, 1178, -47;
-51, 305, -12, 466, -448, -255, -201, 1190, -50;
-43, 314, -7, 538, -388, -223, -169, 1226, -28;
-46, 311, -13, 532, -401, -227, -183, 1214, -52;
-41, 316, -11, 574, -359, -203, -163, 1233, -45;
-39, 318, -12, 597, -331, -187, -152, 1241, -47;
-25, 330, -2, 682, -235, -136, -100, 1287, -8;
-26, 326, -7, 669, -231, -131, -104, 1275, -27;
-24, 326, -8, 673, -205, -115, -96, 1273, -33;
-15, 332, -2, 717, -133, -76, -59, 1297, -11;
-5, 338, 3, 760, -57, -35, -19, 1321, 11;
-5, 334, -1, 735, -45, -25, -20, 1304, -4;
0, 334, 0, 737, 0, 0, 0, 1305, 0;
2, 332, -1, 721, 30, 18, 11, 1296, -4;
15, 338, 7, 759, 120, 66, 59, 1321, 27;
12, 329, 0, 699, 115, 67, 48, 1285, 0;
15, 326, 0, 672, 148, 86, 60, 1272, -2;
22, 326, 2, 666, 204, 118, 88, 1273, 10;
33, 329, 9, 679, 282, 159, 129, 1286, 37;
39, 328, 12, 660, 331, 187, 153, 1280, 47;
41, 322, 10, 613, 353, 200, 160, 1257, 41;
38, 311, 5, 535, 347, 200, 149, 1216, 19;
45, 311, 9, 517, 401, 229, 177, 1213, 36;
53, 311, 14, 502, 460, 261, 208, 1213, 57;
51, 300, 10, 422, 453, 259, 199, 1173, 39;
51, 292, 8, 356, 460, 264, 199, 1141, 31;
54, 288, 9, 311, 487, 280, 212, 1124, 38;
64, 290, 18, 306, 554, 315, 250, 1132, 71;
59, 277, 12, 210, 528, 303, 231, 1083, 49;
63, 274, 15, 170, 556, 317, 246, 1070, 61;
61, 265, 13, 93, 544, 312, 237, 1034, 52;
69, 267, 22, 87, 601, 341, 272, 1042, 87;
68, 260, 22, 22, 596, 339, 268, 1014, 86;
67, 252, 21, -41, 588, 334, 264, 986, 84;
62, 241, 17, -129, 552, 316, 242, 943, 68;
58, 233, 15, -203, 526, 303, 228, 909, 60;
63, 233, 22, -220, 553, 315, 247, 910, 87;
60, 226, 21, -282, 529, 302, 235, 882, 84;
57, 219, 21, -342, 504, 288, 222, 856, 82;
56, 216, 23, -381, 493, 281, 219, 842, 91;
55, 212, 25, -419, 477, 272, 214, 828, 99;
53, 209, 28, -452, 463, 262, 210, 818, 109;
44, 199, 22, -530, 396, 227, 174, 778, 88;
39, 194, 22, -576, 357, 205, 155, 757, 86;
35, 190, 22, -613, 320, 184, 139, 741, 86;
34, 189, 25, -628, 299, 171, 133, 739, 98;
28, 185, 24, -666, 251, 144, 110, 722, 93;
29, 188, 30, -653, 248, 139, 115, 735, 117;
24, 186, 30, -671, 207, 116, 97, 727, 119;
18, 183, 29, -694, 157, 88, 73, 717, 115;
15, 183, 31, -697, 120, 66, 59, 717, 120;
6, 179, 27, -725, 54, 30, 26, 701, 107;
-3, 174, 23, -757, -19, -9, -12, 681, 89;
-1, 182, 30, -710, -19, -13, -4, 710, 117;
-13, 175, 22, -750, -112, -62, -53, 684, 87;
-13, 182, 28, -704, -120, -69, -51, 710, 109;
-24, 177, 21, -730, -205, -115, -96, 691, 82;
-24, 184, 26, -676, -214, -122, -94, 720, 103;
-25, 190, 29, -633, -237, -137, -101, 742, 113;
-35, 187, 23, -639, -310, -176, -139, 732, 91;
-34, 196, 28, -574, -315, -181, -136, 766, 110;
-41, 197, 25, -554, -366, -209, -161, 771, 99;
-45, 201, 24, -518, -402, -230, -178, 785, 95;
-54, 201, 19, -507, -464, -263, -211, 783, 75;
-52, 210, 23, -429, -460, -263, -203, 822, 93;
-59, 211, 18, -409, -513, -291, -232, 825, 73;
-55, 223, 25, -316, -492, -282, -215, 872, 98;
-65, 221, 16, -312, -560, -318, -254, 864, 65;
-59, 234, 23, -212, -529, -303, -232, 915, 92;
-66, 234, 17, -192, -578, -328, -260, 916, 67;
-64, 243, 19, -117, -568, -324, -252, 950, 76;
-66, 248, 17, -66, -580, -330, -259, 970, 69;
-63, 258, 20, 11, -562, -322, -247, 1007, 79;
-66, 261, 16, 50, -579, -330, -258, 1019, 64;
-59, 273, 21, 145, -537, -308, -233, 1066, 84;
-62, 275, 17, 178, -551, -315, -243, 1075, 67;
-60, 282, 16, 237, -536, -307, -236, 1100, 65;
-55, 290, 18, 310, -502, -288, -218, 1134, 74;
-61, 288, 10, 314, -531, -302, -239, 1126, 40;
-54, 298, 13, 390, -484, -276, -214, 1163, 53;
-53, 302, 11, 431, -466, -266, -207, 1178, 45;
-44, 312, 15, 508, -406, -234, -175, 1217, 61;
-46, 311, 9, 517, -409, -233, -182, 1213, 36;
-43, 315, 8, 556, -377, -215, -168, 1229, 32;
-42, 315, 3, 570, -363, -205, -166, 1230, 15;
-29, 328, 12, 660, -268, -155, -113, 1280, 47;
-32, 323, 3, 638, -279, -158, -127, 1260, 11;
-28, 325, 1, 659, -241, -136, -110, 1269, 6;
-16, 334, 7, 722, -156, -90, -65, 1303, 28;
-20, 327, -2, 685, -166, -92, -79, 1277, -8;
-6, 337, 5, 751, -67, -39, -25, 1316, 22;
-8, 331, -2, 713, -66, -36, -33, 1291, -9;
-2, 332, -2, 721, -16, -8, -10, 1295, -10;
7, 337, 1, 750, 60, 33, 29, 1314, 5;
7, 331, -4, 714, 75, 44, 31, 1293, -16;
10, 328, -7, 689, 106, 62, 42, 1280, -29;
21, 332, -2, 709, 185, 105, 83, 1295, -11;
24, 328, -5, 680, 218, 124, 96, 1281, -20;
27, 323, -8, 642, 246, 141, 106, 1263, -32;
34, 323, -6, 629, 300, 171, 133, 1261, -27;
43, 324, -2, 628, 369, 208, 169, 1267, -11;
43, 317, -7, 570, 382, 217, 171, 1238, -29;
43, 309, -12, 506, 390, 224, 170, 1206, -48;
54, 311, -6, 508, 465, 263, 211, 1216, -24;
55, 304, -9, 448, 478, 272, 215, 1188, -37;
51, 293, -16, 359, 463, 266, 201, 1143, -65;
59, 293, -12, 343, 520, 296, 232, 1144, -47;
55, 281, -19, 253, 501, 288, 217, 1099, -74;
60, 278, -17, 216, 534, 306, 235, 1087, -66;
61, 272, -18, 157, 543, 311, 238, 1062, -72;
68, 272, -13, 137, 588, 334, 265, 1061, -52;
69, 266, -13, 82, 596, 339, 269, 1039, -54;
65, 256, -18, 0, 573, 327, 254, 999, -72;
66, 251, -18, -52, 577, 329, 257, 979, -71;
65, 245, -18, -107, 574, 327, 256, 956, -72;
67, 242, -16, -145, 584, 331, 264, 944, -63;
65, 235, -18, -208, 564, 321, 254, 917, -70;
61, 227, -20, -274, 538, 307, 240, 888, -79;
61, 223, -19, -315, 530, 301, 239, 873, -74;
55, 214, -23, -389, 485, 277, 214, 837, -91;
57, 214, -18, -405, 491, 279, 223, 837, -73;
54, 210, -18, -447, 467, 265, 213, 821, -72;
50, 205, -19, -492, 434, 246, 198, 801, -76;
40, 194, -26, -575, 357, 205, 156, 758, -104;
42, 197, -20, -569, 364, 206, 166, 769, -80;
33, 188, -26, -634, 294, 168, 129, 735, -101;
32, 189, -22, -636, 281, 159, 128, 740, -86;
26, 185, -24, -671, 229, 130, 103, 723, -93;
23, 185, -22, -681, 197, 111, 91, 721, -87;
14, 179, -26, -719, 132, 75, 58, 701, -102;
7, 176, -28, -744, 73, 43, 29, 687, -111;
3, 176, -28, -747, 32, 19, 12, 687, -109;
0, 178, -25, -736, 1, 0, 0, 695, -101;
-7, 175, -28, -751, -60, -33, -29, 685, -111;
-14, 174, -30, -755, -116, -64, -56, 681, -118;
-11, 183, -22, -693, -110, -64, -44, 717, -86;
-21, 180, -26, -706, -182, -104, -82, 705, -104;
-22, 186, -23, -667, -205, -118, -88, 726, -91;
-26, 189, -22, -639, -243, -140, -104, 738, -88;
-37, 186, -28, -649, -320, -181, -145, 726, -110;
-42, 188, -29, -623, -363, -205, -166, 736, -113;
-42, 196, -24, -560, -372, -212, -165, 767, -95;
-46, 200, -24, -524, -408, -233, -181, 782, -95;
-44, 210, -18, -447, -404, -233, -174, 820, -73;
-54, 208, -24, -443, -473, -270, -212, 814, -96;
-56, 214, -23, -390, -493, -281, -220, 837, -91;
-58, 220, -22, -336, -512, -292, -228, 860, -87;
-56, 230, -17, -255, -503, -289, -218, 899, -68;
-59, 234, -18, -212, -530, -304, -232, 914, -72;
-63, 238, -20, -172, -558, -318, -247, 928, -80;
-64, 244, -19, -113, -564, -322, -250, 953, -76;
-69, 245, -23, -86, -600, -341, -271, 958, -92;
-67, 254, -20, -14, -587, -334, -263, 991, -80;
-66, 261, -18, 51, -578, -330, -258, 1019, -73;
-61, 271, -14, 132, -549, -315, -240, 1058, -55;
-67, 270, -19, 148, -581, -330, -262, 1056, -77;
-57, 284, -11, 254, -519, -298, -225, 1110, -43;
-56, 290, -10, 305, -507, -291, -221, 1131, -42;
-56, 293, -12, 344, -501, -287, -220, 1145, -47;
-51, 301, -8, 412, -461, -265, -200, 1176, -32;
-54, 300, -13, 421, -476, -271, -213, 1172, -54;
-54, 302, -16, 446, -468, -265, -214, 1178, -62;
-47, 310, -11, 514, -412, -235, -184, 1212, -43;
-40, 318, -6, 574, -358, -206, -156, 1241, -26;
-39, 318, -9, 587, -346, -197, -155, 1241, -37;
-32, 324, -5, 636, -292, -167, -128, 1265, -22;
-28, 327, -5, 662, -255, -146, -112, 1275, -20;
-23, 330, -3, 693, -208, -119, -90, 1289, -12;
-18, 332, -2, 709, -169, -97, -73, 1295, -10;
-20, 327, -8, 686, -165, -92, -78, 1278, -31;
-6, 337, 1, 753, -64, -38, -24, 1317, 7;
-4, 334, 0, 736, -44, -25, -19, 1305, -3;
-4, 330, -4, 707, -29, -14, -18, 1287, -18;
6, 336, 2, 746, 55, 31, 26, 1311, 10;
7, 330, -1, 709, 70, 41, 27, 1290, -4;
14, 331, 2, 712, 129, 74, 56, 1294, 8;
19, 330, 3, 696, 172, 98, 75, 1287, 13;
24, 328, 4, 678, 217, 124, 95, 1280, 18;
31, 328, 7, 668, 271, 154, 122, 1279, 30;
36, 325, 9, 644, 315, 179, 143, 1270, 37;
37, 318, 6, 589, 330, 189, 145, 1242, 26;
45, 319, 12, 581, 392, 223, 178, 1245, 47;
43, 309, 7, 506, 390, 224, 170, 1206, 29;
54, 312, 16, 511, 468, 265, 214, 1218, 63;
48, 297, 7, 403, 433, 250, 187, 1160, 27;
55, 296, 12, 382, 486, 278, 215, 1157, 47;
63, 297, 18, 367, 543, 308, 247, 1158, 73;
65, 291, 19, 314, 562, 319, 255, 1137, 76;
66, 285, 19, 256, 574, 325, 259, 1112, 77;
64, 275, 17, 177, 563, 321, 251, 1074, 66;
69, 273, 21, 145, 597, 339, 270, 1066, 85;
63, 260, 16, 47, 561, 321, 247, 1017, 62;
68, 259, 21, 16, 590, 336, 265, 1010, 82;
69, 254, 23, -33, 596, 339, 269, 991, 90;
68, 248, 23, -90, 591, 336, 267, 967, 92;
63, 237, 20, -175, 554, 317, 245, 926, 78;
62, 232, 21, -227, 546, 312, 242, 905, 82;
64, 230, 26, -253, 558, 317, 253, 900, 102;
56, 219, 20, -345, 500, 286, 220, 854, 80;
54, 214, 21, -394, 480, 275, 211, 834, 83;
52, 210, 23, -434, 463, 264, 205, 819, 90;
44, 200, 18, -511, 404, 233, 173, 781, 72;
50, 205, 28, -496, 431, 244, 196, 799, 110;
45, 199, 27, -541, 392, 222, 177, 779, 107;
35, 190, 22, -612, 321, 184, 139, 742, 86;
37, 192, 28, -607, 320, 181, 146, 752, 111;
26, 183, 21, -678, 238, 138, 102, 714, 85;
19, 178, 20, -713, 187, 109, 77, 697, 80;
20, 181, 25, -701, 177, 101, 78, 709, 100;
17, 182, 28, -700, 150, 84, 69, 713, 111;
12, 181, 28, -711, 106, 59, 50, 708, 112;
7, 180, 28, -723, 57, 31, 27, 702, 109;
0, 178, 26, -736, 1, 0, 0, 694, 102;
-4, 178, 26, -733, -43, -24, -19, 696, 102;
-15, 173, 20, -761, -122, -67, -60, 677, 81;
-15, 180, 26, -715, -132, -75, -58, 703, 102;
-25, 176, 20, -733, -209, -117, -98, 689, 80;
-19, 189, 30, -648, -186, -109, -77, 737, 120;
-33, 182, 21, -684, -287, -162, -132, 710, 82;
-32, 191, 27, -616, -286, -164, -125, 747, 106;
-40, 191, 23, -607, -347, -197, -156, 746, 90;
-45, 193, 21, -581, -393, -223, -178, 754, 82;
-47, 199, 23, -528, -412, -235, -184, 779, 89;
-50, 204, 22, -484, -441, -251, -197, 798, 89;
-53, 209, 22, -439, -469, -267, -209, 816, 87;
-58, 212, 19, -403, -507, -288, -228, 828, 77;
-59, 219, 20, -343, -519, -296, -232, 856, 81;
-57, 228, 24, -267, -514, -295, -225, 892, 94;
-59, 235, 24, -208, -526, -302, -230, 917, 94;
-66, 235, 17, -188, -574, -327, -258, 918, 69;
-66, 241, 17, -129, -580, -330, -260, 943, 68;
-69, 245, 14, -87, -601, -341, -272, 957, 56;
-63, 258, 20, 13, -560, -321, -246, 1008, 80;
-61, 266, 21, 81, -548, -314, -239, 1038, 83;
-67, 266, 14, 99, -582, -331, -261, 1037, 56;
-62, 276, 17, 180, -549, -314, -242, 1076, 68;
-65, 277, 12, 207, -566, -322, -255, 1081, 47;
-55, 291, 19, 312, -500, -288, -216, 1135, 75;
-58, 291, 13, 332, -513, -293, -228, 1137, 51;
-53, 299, 15, 399, -475, -272, -208, 1168, 58;
-56, 298, 8, 411, -486, -276, -219, 1166, 32;
-49, 307, 11, 482, -433, -247, -191, 1200, 44;
-48, 309, 7, 505, -421, -239, -190, 1206, 29;
-42, 315, 8, 560, -373, -213, -166, 1232, 34;
-38, 320, 8, 598, -336, -192, -149, 1248, 32;
-32, 324, 8, 639, -289, -166, -126, 1267, 34;
-33, 322, 2, 633, -284, -160, -130, 1257, 8;
-26, 326, 3, 669, -231, -131, -105, 1275, 12;
-17, 333, 6, 715, -163, -94, -70, 1299, 24;
-14, 333, 3, 722, -128, -73, -56, 1300, 15;
-10, 333, 2, 729, -89, -51, -39, 1302, 8;
-4, 334, 1, 737, -43, -24, -18, 1306, 5;
-2, 331, -2, 719, -18, -9, -11, 1294, -11;
2, 331, -4, 716, 25, 16, 7, 1292, -16;
10, 333, -2, 727, 88, 50, 39, 1301, -8;
18, 335, 0, 736, 153, 86, 71, 1309, 0;
22, 333, -1, 716, 191, 108, 87, 1299, -6;
28, 332, -1, 701, 239, 135, 109, 1294, -7;
33, 329, -2, 679, 282, 159, 129, 1286, -10;
36, 325, -5, 640, 311, 177, 140, 1268, -20;
40, 321, -6, 607, 347, 197, 156, 1253, -25;
42, 316, -8, 561, 373, 213, 166, 1233, -34;
47, 313, -8, 530, 414, 236, 185, 1221, -33;
53, 310, -7, 501, 459, 260, 208, 1212, -28;
53, 303, -10, 440, 470, 268, 210, 1183, -42;
58, 299, -10, 399, 503, 286, 226, 1168, -40;
56, 290, -14, 326, 503, 288, 222, 1133, -58;
59, 285, -15, 274, 522, 299, 230, 1112, -61;
64, 283, -12, 244, 561, 319, 252, 1104, -49;
66, 277, -13, 189, 574, 327, 258, 1081, -52;
60, 264, -21, 88, 540, 310, 235, 1031, -82;
70, 267, -12, 89, 603, 342, 273, 1043, -49;
68, 259, -15, 20, 594, 338, 267, 1012, -59;
62, 247, -21, -74, 555, 318, 243, 965, -84;
64, 244, -19, -113, 568, 324, 252, 953, -76;
66, 240, -17, -155, 574, 327, 258, 938, -69;
67, 237, -16, -197, 576, 327, 261, 924, -63;
57, 223, -24, -299, 513, 294, 224, 872, -95;
56, 218, -24, -346, 499, 286, 219, 853, -94;
53, 213, -24, -397, 476, 273, 209, 832, -96;
55, 213, -20, -416, 481, 273, 216, 830, -80;
46, 201, -27, -502, 413, 237, 179, 787, -106;
46, 200, -24, -521, 405, 231, 180, 783, -94;
44, 198, -22, -548, 385, 219, 173, 775, -87;
36, 190, -26, -609, 324, 186, 141, 744, -105;
29, 184, -30, -660, 268, 155, 113, 719, -117;
33, 190, -21, -635, 282, 159, 129, 741, -85;
25, 184, -24, -676, 224, 127, 100, 720, -96;
18, 180, -27, -709, 169, 97, 73, 704, -105;
15, 180, -25, -712, 138, 78, 62, 705, -98;
5, 174, -30, -756, 61, 37, 22, 680, -119;
9, 182, -22, -710, 69, 38, 35, 710, -86;
2, 180, -23, -722, 15, 7, 9, 703, -92;
-4, 178, -25, -732, -42, -24, -18, 696, -100;
-10, 178, -26, -729, -90, -51, -40, 697, -102;
-16, 178, -27, -725, -141, -80, -64, 697, -106;
-15, 186, -20, -670, -146, -85, -59, 728, -81;
-22, 186, -22, -662, -200, -116, -85, 729, -88;
-31, 184, -27, -669, -272, -154, -123, 720, -106;
-33, 190, -24, -621, -292, -167, -128, 743, -93;
-40, 190, -27, -610, -351, -199, -158, 743, -105;
-45, 194, -27, -577, -388, -220, -175, 757, -105;
-44, 202, -22, -509, -393, -225, -172, 791, -86;
-53, 201, -27, -504, -462, -262, -209, 785, -108;
-47, 215, -18, -401, -432, -249, -186, 840, -70;
-59, 211, -26, -407, -510, -290, -230, 826, -102;
-61, 217, -25, -355, -531, -302, -239, 848, -99;
-62, 224, -23, -295, -542, -309, -243, 874, -92;
-64, 229, -23, -245, -563, -320, -253, 894, -93;
-58, 243, -15, -140, -526, -303, -228, 948, -60;
-68, 240, -23, -137, -588, -334, -265, 938, -91;
-63, 252, -17, -45, -559, -320, -246, 983, -66;
-64, 257, -17, 5, -568, -325, -251, 1003, -68;
-66, 261, -18, 52, -577, -329, -257, 1020, -72;
-64, 268, -16, 115, -566, -323, -251, 1048, -65;
-61, 276, -14, 185, -544, -312, -239, 1079, -54;
-63, 279, -16, 217, -555, -316, -248, 1088, -66;
-64, 281, -19, 253, -559, -317, -253, 1099, -74;
-55, 294, -11, 350, -495, -284, -217, 1148, -43;
-55, 297, -12, 385, -489, -279, -217, 1159, -49;
-56, 299, -15, 411, -485, -276, -219, 1166, -59;
-51, 305, -12, 468, -446, -254, -200, 1191, -49;
-50, 307, -13, 496, -430, -244, -195, 1200, -54;
-42, 316, -8, 562, -371, -212, -164, 1233, -34;
-34, 324, -3, 623, -310, -179, -133, 1263, -14;
-37, 319, -10, 605, -323, -183, -148, 1245, -42;
-32, 323, -8, 640, -277, -157, -126, 1262, -34;
-27, 326, -7, 667, -233, -132, -106, 1273, -28;
-21, 329, -5, 692, -186, -106, -84, 1284, -21;
-10, 337, 1, 744, -106, -62, -42, 1314, 5;
-14, 329, -6, 702, -115, -64, -56, 1285, -24;
-7, 331, -3, 717, -62, -34, -30, 1293, -14;
3, 338, 3, 761, 23, 11, 14, 1320, 14;
2, 332, -1, 720, 30, 18, 10, 1295, -5;
12, 336, 4, 743, 104, 58, 49, 1311, 17;
19, 336, 7, 743, 160, 89, 75, 1313, 28;
17, 328, 1, 686, 162, 93, 69, 1281, 6;
20, 324, 0, 653, 191, 111, 80, 1265, 2;
31, 328, 8, 669, 273, 155, 123, 1280, 31;
32, 322, 5, 621, 292, 167, 128, 1256, 23;
40, 322, 10, 612, 353, 200, 159, 1257, 41;
40, 313, 6, 546, 357, 205, 156, 1223, 26;
48, 313, 11, 532, 417, 237, 187, 1223, 46;
44, 302, 5, 447, 404, 233, 174, 1178, 23;
49, 298, 8, 410, 440, 253, 191, 1165, 31;
52, 293, 9, 362, 466, 268, 203, 1145, 35;
54, 288, 10, 313, 489, 281, 213, 1125, 39;
64, 290, 18, 309, 557, 316, 252, 1134, 73;
63, 281, 16, 234, 551, 314, 246, 1098, 63;
61, 272, 14, 160, 545, 312, 240, 1063, 55;
63, 267, 15, 105, 557, 319, 245, 1041, 60;
65, 262, 17, 57, 571, 326, 253, 1023, 69;
62, 253, 15, -16, 557, 319, 244, 989, 62;
60, 245, 14, -89, 540, 311, 234, 956, 55;
64, 243, 19, -117, 564, 322, 250, 950, 75;
58, 232, 15, -204, 525, 302, 227, 908, 60;
66, 236, 25, -199, 574, 326, 260, 923, 100;
63, 229, 25, -260, 551, 313, 248, 896, 98;
53, 215, 17, -367, 478, 276, 207, 841, 66;
58, 218, 25, -367, 507, 288, 228, 851, 100;
49, 207, 20, -454, 443, 255, 193, 807, 78;
45, 201, 19, -504, 410, 236, 177, 785, 76;
48, 203, 26, -506, 421, 239, 189, 793, 103;
43, 198, 25, -553, 380, 216, 170, 772, 100;
36, 191, 23, -605, 328, 188, 144, 747, 91;
31, 187, 22, -642, 285, 164, 124, 730, 89;
30, 187, 26, -649, 268, 152, 120, 732, 103;
27, 186, 28, -663, 237, 134, 108, 728, 111;
15, 177, 21, -730, 148, 86, 60, 691, 82;
17, 182, 27, -705, 145, 82, 66, 710, 108;
13, 182, 29, -707, 110, 61, 53, 711, 114;
5, 178, 26, -732, 47, 26, 21, 696, 103;
0, 178, 26, -737, 0, 0, 0, 694, 102;
-7, 175, 23, -751, -60, -33, -29, 685, 92;
-14, 175, 22, -752, -113, -63, -54, 683, 86;
-14, 181, 26, -711, -127, -73, -55, 706, 104;
-15, 186, 30, -671, -147, -86, -59, 727, 119;
-23, 185, 26, -673, -211, -121, -92, 722, 104;
-26, 189, 28, -638, -241, -139, -103, 739, 110;
-33, 189, 25, -627, -298, -170, -132, 740, 99;
-35, 196, 28, -576, -317, -182, -137, 765, 109;
-44, 194, 22, -572, -383, -218, -172, 760, 88;
-44, 202, 25, -510, -395, -226, -173, 790, 100;
-53, 202, 20, -500, -457, -260, -207, 788, 79;
-51, 211, 24, -427, -458, -262, -202, 823, 94;
-60, 211, 18, -412, -516, -293, -234, 823, 72;
-57, 221, 23, -328, -505, -289, -223, 865, 90;
-62, 224, 19, -293, -541, -308, -242, 875, 77;
-66, 228, 17, -253, -570, -324, -258, 889, 66;
-59, 242, 24, -145, -531, -305, -231, 944, 96;
-61, 247, 23, -94, -546, -313, -238, 964, 90;
-69, 246, 15, -82, -596, -338, -269, 960, 59;
-61, 259, 22, 22, -551, -316, -240, 1013, 86;
-64, 262, 17, 59, -570, -326, -253, 1024, 69;
-67, 265, 14, 97, -584, -332, -263, 1036, 54;
-61, 276, 17, 182, -547, -313, -241, 1077, 69;
-67, 275, 10, 196, -576, -327, -261, 1075, 40;
-55, 290, 18, 310, -502, -288, -218, 1134, 73;
-61, 288, 10, 314, -531, -302, -239, 1126, 40;
-51, 301, 17, 413, -461, -265, -200, 1176, 66;
-52, 302, 11, 432, -464, -265, -206, 1179, 45;
-51, 305, 9, 469, -446, -254, -199, 1192, 36;
-49, 308, 6, 501, -425, -241, -192, 1204, 26;
-39, 319, 12, 579, -353, -203, -153, 1244, 47;
-33, 324, 12, 627, -306, -177, -130, 1266, 50;
-32, 324, 8, 636, -292, -167, -128, 1265, 32;
-33, 322, 2, 635, -282, -159, -129, 1258, 10;
-24, 329, 5, 683, -217, -124, -96, 1283, 20;
-21, 329, 2, 693, -185, -105, -83, 1285, 10;
-20, 327, -2, 684, -166, -92, -79, 1277, -8;
-8, 336, 4, 742, -75, -44, -31, 1310, 16;
-2, 336, 3, 749, -31, -18, -11, 1313, 12;
4, 338, 4, 763, 26, 13, 16, 1322, 16;
7, 336, 0, 747, 57, 31, 27, 1312, 3;
8, 332, -3, 720, 81, 47, 34, 1296, -13;
14, 332, -3, 713, 130, 74, 57, 1295, -14;
19, 330, -4, 696, 171, 98, 75, 1287, -19;
25, 328, -4, 682, 220, 125, 98, 1283, -19;
31, 328, -3, 671, 274, 155, 124, 1281, -15;
36, 325, -4, 645, 316, 179, 143, 1271, -17;
41, 322, -5, 615, 355, 201, 161, 1258, -20;
40, 314, -10, 549, 360, 206, 158, 1225, -42;
51, 316, -4, 553, 437, 247, 200, 1236, -18;
48, 306, -12, 470, 428, 245, 188, 1193, -47;
52, 301, -12, 429, 459, 263, 203, 1177, -48;
54, 296, -13, 379, 483, 276, 213, 1156, -53;
59, 292, -12, 340, 516, 294, 230, 1142, -49;
57, 283, -17, 264, 512, 294, 224, 1106, -67;
57, 276, -19, 199, 517, 297, 224, 1076, -77;
64, 275, -15, 178, 564, 322, 251, 1075, -59;
69, 273, -11, 147, 598, 339, 271, 1067, -46;
65, 262, -17, 58, 572, 327, 254, 1024, -68;
62, 253, -21, -16, 557, 319, 244, 989, -82;
66, 251, -18, -52, 577, 329, 257, 979, -71;
68, 247, -16, -93, 588, 334, 265, 965, -63;
65, 240, -18, -157, 572, 326, 257, 937, -70;
62, 232, -20, -226, 546, 312, 243, 906, -81;
59, 225, -23, -290, 521, 298, 230, 877, -89;
60, 223, -19, -318, 527, 300, 237, 871, -76;
59, 219, -19, -362, 512, 291, 231, 854, -74;
50, 208, -25, -448, 449, 258, 197, 811, -99;
50, 206, -23, -475, 440, 251, 196, 803, -90;
49, 204, -20, -500, 426, 242, 193, 796, -81;
47, 201, -19, -529, 403, 228, 184, 786, -76;
33, 188, -29, -626, 307, 177, 131, 734, -115;
29, 184, -30, -660, 268, 155, 113, 719, -117;
32, 189, -22, -641, 276, 156, 125, 737, -89;
22, 180, -28, -700, 200, 116, 85, 705, -111;
25, 186, -20, -670, 208, 116, 98, 728, -81;
14, 179, -27, -724, 127, 73, 55, 698, -105;
10, 179, -25, -725, 93, 53, 42, 700, -99;
3, 176, -27, -744, 36, 21, 14, 689, -107;
-1, 176, -27, -744, -6, -3, -3, 690, -105;
-5, 177, -26, -738, -47, -27, -21, 693, -103;
-7, 181, -23, -710, -71, -42, -28, 709, -90;
-16, 178, -27, -725, -142, -80, -64, 697, -106;
-20, 181, -26, -704, -180, -102, -80, 707, -102;
-29, 179, -30, -711, -249, -140, -116, 698, -118;
-26, 189, -22, -638, -241, -139, -103, 739, -87;
-32, 191, -23, -616, -287, -165, -125, 746, -90;
-38, 193, -24, -594, -334, -191, -148, 754, -95;
-40, 199, -22, -546, -357, -205, -156, 776, -86;
-46, 200, -24, -521, -405, -231, -180, 783, -94;
-52, 202, -26, -495, -453, -257, -204, 790, -103;
-54, 208, -24, -443, -474, -270, -212, 813, -97;
-50, 220, -17, -353, -457, -263, -197, 859, -69;
-61, 217, -25, -355, -532, -302, -240, 848, -99;
-59, 226, -21, -279, -527, -301, -233, 884, -83;
-61, 232, -20, -225, -543, -310, -241, 906, -81;
-65, 236, -22, -185, -570, -325, -255, 920, -88;
-66, 241, -22, -129, -581, -331, -260, 943, -86;
-60, 254, -14, -31, -545, -313, -237, 992, -58;
-64, 257, -17, 3, -569, -325, -252, 1002, -69;
-61, 266, -14, 80, -549, -315, -239, 1038, -55;
-63, 269, -15, 122, -559, -320, -247, 1052, -61;
-62, 275, -15, 176, -553, -316, -245, 1074, -60;
-64, 278, -17, 213, -559, -318, -251, 1085, -68;
-64, 282, -18, 258, -554, -314, -250, 1102, -71;
-57, 292, -13, 338, -508, -290, -225, 1140, -51;
-54, 298, -11, 392, -482, -276, -212, 1164, -45;
-55, 299, -14, 417, -480, -273, -216, 1169, -56;
-46, 310, -7, 499, -416, -239, -181, 1211, -30;
-45, 312, -9, 526, -400, -229, -176, 1219, -35;
-47, 310, -14, 528, -405, -229, -185, 1212, -55;
-34, 323, -4, 619, -314, -181, -135, 1261, -17;
-32, 325, -5, 640, -288, -165, -125, 1267, -20;
-26, 329, -3, 676, -241, -139, -103, 1284, -11;
-24, 329, -4, 682, -218, -124, -96, 1283, -19;
-17, 333, -1, 720, -158, -91, -67, 1302, -4;
-16, 331, -4, 707, -144, -81, -65, 1291, -18;
-6, 337, 1, 754, -64, -38, -24, 1317, 7;
-8, 330, -4, 712, -67, -37, -34, 1290, -18;
-5, 329, -5, 705, -32, -16, -20, 1285, -20;
0, 329, -3, 705, 14, 10, 1, 1286, -14;
13, 336, 5, 747, 108, 60, 51, 1313, 19;
12, 329, 0, 698, 115, 67, 48, 1285, 0;
16, 327, 0, 678, 154, 89, 64, 1276, 1;
22, 326, 2, 666, 204, 117, 87, 1273, 10;
28, 324, 4, 648, 251, 144, 109, 1266, 18;
38, 328, 11, 659, 330, 186, 152, 1279, 46;
36, 318, 6, 586, 326, 187, 143, 1240, 24;
47, 321, 14, 593, 405, 229, 185, 1252, 55;
44, 309, 7, 508, 392, 225, 171, 1207, 30;
49, 307, 10, 477, 434, 248, 192, 1197, 41;
53, 302, 12, 434, 465, 265, 206, 1180, 47;
52, 294, 9, 367, 470, 270, 205, 1148, 38;
56, 290, 11, 324, 500, 286, 220, 1132, 46;
57, 283, 12, 266, 514, 295, 225, 1107, 47;
62, 280, 15, 229, 546, 312, 243, 1095, 60;
62, 273, 14, 163, 548, 314, 242, 1065, 57;
67, 271, 20, 134, 585, 333, 263, 1059, 78;
63, 260, 15, 44, 558, 320, 245, 1015, 61;
65, 256, 18, -1, 571, 326, 253, 998, 70;
60, 245, 14, -84, 544, 313, 237, 959, 58;
69, 249, 24, -83, 598, 339, 271, 971, 97;
67, 242, 24, -147, 582, 331, 263, 943, 95;
66, 237, 25, -197, 575, 326, 261, 924, 101;
56, 222, 17, -306, 506, 291, 220, 868, 70;
61, 224, 25, -312, 533, 303, 241, 875, 101;
52, 212, 20, -402, 471, 270, 206, 829, 78;
53, 211, 24, -428, 469, 268, 209, 823, 94;
54, 210, 28, -448, 467, 264, 213, 820, 111;
44, 198, 22, -534, 393, 225, 172, 775, 86;
39, 193, 21, -580, 353, 203, 153, 755, 83;
40, 194, 26, -585, 348, 198, 156, 759, 104;
30, 186, 21, -649, 279, 161, 120, 726, 85;
32, 189, 28, -639, 278, 157, 126, 738, 110;
24, 183, 25, -683, 217, 124, 96, 715, 98;
24, 186, 30, -671, 207, 116, 97, 727, 119;
15, 180, 25, -718, 132, 76, 58, 702, 100;
13, 182, 29, -707, 110, 61, 52, 710, 114;
9, 182, 30, -708, 71, 39, 36, 711, 118;
2, 180, 29, -719, 18, 9, 11, 705, 113;
-7, 175, 23, -750, -60, -33, -29, 685, 92;
-6, 182, 29, -707, -68, -40, -26, 710, 114;
-12, 182, 28, -700, -116, -67, -48, 713, 111;
-15, 186, 30, -672, -148, -86, -60, 727, 118;
-26, 182, 24, -688, -227, -129, -102, 712, 95;
-31, 185, 24, -666, -269, -153, -121, 722, 93;
-36, 186, 22, -646, -317, -179, -143, 728, 87;
-35, 195, 27, -578, -318, -183, -138, 764, 108;
-42, 197, 24, -558, -370, -211, -163, 769, 97;
-42, 204, 27, -499, -383, -220, -166, 797, 108;
-48, 206, 24, -471, -429, -245, -189, 805, 97;
-56, 206, 19, -455, -486, -276, -219, 806, 77;
-56, 214, 21, -390, -494, -282, -220, 836, 85;
-63, 215, 17, -366, -542, -307, -246, 841, 67;
-56, 230, 25, -258, -506, -291, -220, 897, 99;
-63, 230, 19, -235, -553, -315, -247, 900, 77;
-64, 236, 19, -180, -566, -323, -253, 923, 74;
-69, 239, 15, -145, -596, -338, -270, 933, 58;
-65, 250, 19, -57, -571, -326, -253, 976, 75;
-65, 255, 18, -2, -576, -329, -256, 998, 70;
-61, 266, 21, 82, -547, -314, -239, 1039, 84;
-68, 264, 13, 90, -591, -336, -267, 1032, 50;
-62, 276, 17, 180, -549, -314, -242, 1076, 68;
-58, 284, 19, 251, -522, -300, -228, 1108, 74;
-59, 287, 15, 290, -522, -298, -230, 1122, 61;
-59, 290, 12, 325, -520, -296, -232, 1132, 47;
-56, 296, 11, 380, -494, -282, -220, 1156, 46;
-49, 305, 15, 453, -444, -255, -193, 1192, 58;
-49, 307, 11, 482, -432, -247, -191, 1200, 44;
-47, 310, 8, 514, -412, -235, -184, 1211, 34;
-39, 318, 11, 578, -355, -204, -154, 1243, 46;
-38, 319, 7, 594, -339, -193, -151, 1245, 29;
-32, 325, 8, 640, -287, -165, -125, 1268, 35;
-28, 327, 7, 663, -254, -145, -111, 1276, 27;
-25, 328, 5, 680, -220, -125, -97, 1282, 19;
-19, 331, 4, 705, -173, -99, -76, 1293, 18;
-11, 336, 6, 739, -111, -65, -45, 1311, 25;
-7, 336, 4, 746, -71, -42, -28, 1313, 19;
0, 338, 5, 761, -18, -12, -3, 1321, 20;
0, 335, 0, 743, 5, 2, 3, 1309, 3;
2, 331, -4, 716, 26, 16, 8, 1293, -15;
9, 332, -3, 721, 82, 47, 35, 1297, -12;
12, 329, -5, 699, 116, 67, 48, 1286, -22;
16, 326, -8, 675, 151, 88, 62, 1274, -31;
26, 329, -3, 688, 226, 128, 101, 1286, -15;
29, 325, -6, 654, 258, 147, 114, 1270, -25;
33, 322, -7, 624, 295, 168, 130, 1257, -30;
41, 322, -4, 616, 356, 202, 161, 1259, -19;
44, 317, -7, 571, 383, 218, 172, 1239, -28;
48, 313, -8, 533, 417, 237, 187, 1223, -31;
45, 303, -14, 453, 410, 236, 178, 1182, -58;
51, 300, -13, 422, 452, 259, 199, 1172, -53;
59, 300, -9, 408, 511, 290, 231, 1173, -35;
55, 289, -15, 320, 496, 284, 218, 1129, -62;
57, 283, -17, 265, 513, 294, 225, 1106, -66;
65, 283, -12, 247, 565, 321, 254, 1106, -47;
59, 270, -20, 146, 532, 305, 231, 1055, -79;
67, 271, -14, 132, 583, 332, 262, 1058, -55;
67, 265, -15, 73, 587, 334, 263, 1033, -59;
60, 251, -23, -29, 544, 313, 236, 981, -90;
67, 252, -16, -42, 587, 334, 263, 985, -65;
59, 239, -24, -145, 536, 308, 232, 933, -96;
62, 236, -21, -180, 549, 314, 242, 923, -85;
61, 231, -21, -232, 541, 309, 239, 902, -85;
62, 228, -19, -267, 544, 310, 244, 891, -75;
53, 215, -27, -366, 479, 276, 207, 841, -106;
54, 213, -24, -394, 480, 275, 211, 834, -94;
47, 205, -28, -465, 432, 249, 186, 800, -110;
54, 209, -19, -451, 463, 262, 210, 818, -75;
42, 197, -27, -543, 383, 220, 166, 770, -107;
39, 194, -27, -577, 355, 204, 154, 756, -106;
36, 190, -27, -610, 323, 185, 141, 743, -105;
32, 188, -26, -638, 290, 166, 127, 733, -103;
25, 182, -29, -683, 234, 135, 99, 711, -115;
29, 188, -20, -650, 250, 141, 116, 736, -80;
21, 183, -24, -691, 187, 106, 84, 715, -94;
11, 176, -29, -740, 110, 64, 45, 688, -115;
5, 174, -30, -755, 62, 37, 23, 681, -118;
8, 181, -22, -714, 65, 36, 32, 708, -88;
-1, 176, -27, -748, -11, -5, -6, 687, -108;
-1, 182, -22, -710, -19, -13, -4, 710, -86;
-8, 180, -24, -718, -79, -46, -33, 704, -95;
-13, 182, -23, -703, -120, -69, -51, 711, -92;
-24, 177, -29, -727, -202, -114, -94, 693, -116;
-27, 181, -27, -694, -232, -132, -105, 709, -108;
-33, 182, -29, -680, -283, -160, -130, 712, -113;
-31, 192, -22, -612, -283, -163, -123, 749, -87;
-35, 195, -22, -579, -320, -184, -139, 763, -86;
-45, 193, -27, -581, -392, -222, -177, 754, -108;
-42, 204, -20, -496, -380, -219, -164, 799, -78;
-50, 204, -24, -482, -439, -250, -195, 799, -94;
-53, 209, -24, -440, -470, -268, -210, 816, -94;
-57, 213, -24, -398, -502, -286, -225, 831, -97;
-57, 221, -21, -328, -504, -288, -223, 865, -82;
-57, 228, -19, -266, -514, -294, -225, 892, -74;
-64, 229, -23, -244, -562, -320, -252, 895, -92;
-66, 234, -23, -193, -579, -329, -261, 915, -93;
-63, 245, -18, -106, -558, -319, -246, 957, -72;
-63, 251, -17, -49, -563, -322, -249, 981, -69;
-68, 253, -21, -17, -591, -336, -265, 989, -83;
-62, 265, -15, 74, -555, -318, -243, 1034, -58;
-65, 267, -17, 110, -571, -326, -254, 1044, -69;
-58, 279, -11, 201, -528, -304, -229, 1089, -45;
-58, 284, -11, 251, -522, -300, -227, 1109, -45;
-65, 281, -19, 252, -560, -317, -254, 1098, -75;
-62, 287, -17, 308, -537, -305, -243, 1122, -69;
-60, 293, -17, 358, -516, -293, -234, 1142, -66;
-57, 298, -16, 406, -490, -278, -222, 1163, -62;
-52, 305, -13, 464, -450, -256, -202, 1189, -51;
-48, 310, -11, 510, -417, -237, -187, 1209, -46;
-46, 311, -13, 533, -400, -226, -182, 1215, -52;
-34, 323, -4, 622, -311, -179, -133, 1263, -15;
-30, 326, -3, 649, -279, -160, -120, 1273, -14;
-33, 322, -9, 636, -281, -159, -128, 1259, -36;
-27, 326, -7, 667, -233, -132, -105, 1274, -28;
-20, 330, -4, 698, -180, -102, -80, 1289, -17;
-14, 333, -2, 722, -129, -74, -56, 1300, -9;
-9, 334, -1, 730, -87, -50, -38, 1303, -6;
-7, 332, -3, 719, -60, -33, -29, 1295, -13;
1, 335, 1, 744, 7, 3, 4, 1310, 4;
1, 330, -2, 712, 22, 14, 5, 1290, -10;
8, 332, 0, 720, 81, 47, 34, 1296, 2;
10, 328, -1, 688, 104, 62, 41, 1279, -6;
22, 333, 6, 716, 191, 108, 87, 1299, 25;
24, 328, 4, 679, 217, 124, 96, 1281, 18;
26, 322, 2, 636, 239, 138, 102, 1259, 10;
31, 320, 4, 609, 280, 161, 121, 1248, 15;
38, 319, 8, 597, 338, 193, 150, 1247, 32;
46, 319, 12, 583, 395, 224, 179, 1246, 49;
49, 314, 13, 540, 424, 241, 191, 1228, 50;
51, 309, 13, 492, 449, 256, 202, 1206, 51;
50, 300, 9, 419, 450, 258, 197, 1171, 37;
60, 302, 17, 417, 521, 295, 237, 1179, 69;
55, 288, 10, 315, 492, 282, 215, 1127, 41;
56, 282, 10, 255, 503, 289, 218, 1100, 39;
59, 278, 12, 211, 529, 303, 232, 1084, 49;
64, 275, 17, 177, 563, 321, 251, 1074, 66;
63, 267, 16, 109, 561, 321, 248, 1044, 62;
65, 263, 18, 62, 576, 329, 256, 1026, 71;
68, 259, 21, 17, 591, 336, 265, 1010, 82;
65, 250, 19, -54, 575, 328, 256, 978, 76;
62, 242, 18, -125, 556, 318, 245, 945, 70;
60, 234, 17, -192, 537, 308, 235, 916, 67;
61, 231, 20, -229, 544, 311, 241, 904, 81;
61, 227, 23, -272, 539, 307, 241, 888, 90;
54, 216, 18, -360, 485, 279, 211, 845, 71;
59, 219, 26, -359, 515, 292, 233, 856, 105;
52, 209, 22, -436, 461, 263, 204, 818, 89;
48, 204, 22, -488, 427, 244, 188, 795, 86;
43, 198, 21, -538, 388, 223, 169, 773, 83;
38, 192, 20, -586, 347, 200, 149, 751, 79;
38, 192, 24, -598, 335, 191, 148, 751, 95;
31, 187, 22, -643, 285, 164, 124, 730, 89;
32, 189, 28, -641, 276, 156, 125, 737, 109;
27, 186, 28, -666, 234, 133, 107, 726, 109;
23, 185, 29, -678, 200, 113, 93, 723, 115;
11, 176, 21, -743, 107, 63, 43, 686, 85;
7, 176, 23, -745, 72, 42, 29, 687, 91;
8, 181, 29, -713, 66, 36, 33, 708, 115;
0, 177, 25, -741, -3, -1, -2, 691, 99;
0, 182, 30, -708, -18, -12, -3, 711, 118;
-10, 179, 26, -728, -89, -51, -39, 698, 101;
-20, 175, 20, -749, -166, -92, -79, 682, 81;
-20, 181, 25, -706, -182, -103, -81, 706, 97;
-26, 182, 24, -688, -226, -128, -101, 713, 95;
-34, 181, 20, -687, -290, -163, -134, 708, 80;
-38, 185, 20, -657, -328, -185, -150, 721, 80;
-38, 192, 24, -598, -339, -193, -151, 751, 95;
-44, 194, 22, -575, -387, -220, -174, 758, 86;
-44, 202, 25, -512, -396, -227, -174, 789, 99;
-53, 201, 19, -504, -461, -261, -209, 785, 76;
-53, 209, 22, -437, -468, -267, -208, 817, 88;
-59, 211, 18, -410, -513, -291, -232, 824, 73;
-63, 215, 17, -367, -543, -308, -247, 840, 66;
-59, 227, 22, -274, -522, -299, -230, 887, 89;
-57, 237, 26, -197, -514, -296, -223, 924, 101;
-66, 234, 17, -192, -578, -328, -260, 915, 67;
-62, 246, 21, -102, -554, -317, -243, 960, 85;
-69, 245, 14, -85, -600, -340, -271, 958, 57;
-64, 257, 19, 5, -568, -325, -251, 1003, 75;
-67, 259, 14, 40, -589, -335, -265, 1013, 58;
-64, 268, 16, 115, -566, -323, -251, 1047, 66;
-64, 273, 15, 165, -564, -322, -251, 1067, 59;
-61, 281, 15, 231, -541, -309, -240, 1096, 62;
-57, 288, 16, 297, -515, -295, -226, 1126, 65;
-58, 291, 13, 334, -511, -292, -227, 1138, 52;
-53, 300, 15, 402, -472, -271, -206, 1170, 60;
-52, 302, 11, 434, -463, -264, -205, 1180, 46;
-44, 312, 15, 510, -405, -233, -174, 1217, 62;
-51, 306, 4, 490, -437, -247, -199, 1196, 19;
-38, 319, 12, 584, -349, -201, -151, 1246, 49;
-33, 324, 12, 626, -307, -178, -131, 1265, 49;
-38, 318, 2, 601, -327, -184, -150, 1243, 10;
-32, 323, 3, 638, -279, -158, -127, 1260, 12;
-29, 323, 0, 650, -250, -140, -116, 1263, 0;
-16, 335, 8, 727, -151, -88, -62, 1306, 32;
-17, 330, 0, 704, -147, -83, -67, 1289, 3;
-14, 329, -2, 700, -117, -65, -57, 1284, -9;
-4, 335, 1, 739, -40, -23, -17, 1307, 6;
4, 338, 4, 763, 25, 12, 15, 1321, 15;
6, 336, 0, 747, 56, 31, 27, 1312, 3;
8, 331, -4, 715, 76, 44, 31, 1293, -16;
19, 336, 0, 741, 158, 88, 74, 1312, 3;
23, 334, 0, 724, 200, 112, 92, 1305, -1;
28, 332, -1, 702, 240, 136, 110, 1295, -6;
26, 323, -9, 637, 240, 139, 103, 1260, -35;
32, 321, -8, 619, 289, 166, 127, 1254, -33;
43, 324, -3, 627, 367, 207, 168, 1266, -12;
41, 315, -9, 556, 367, 210, 162, 1229, -38;
44, 310, -11, 511, 395, 226, 173, 1209, -45;
45, 303, -14, 454, 411, 236, 178, 1183, -58;
56, 306, -8, 457, 488, 277, 221, 1194, -31;
52, 293, -16, 362, 466, 268, 203, 1145, -64;
61, 295, -9, 358, 534, 303, 241, 1153, -38;
56, 282, -18, 260, 508, 291, 221, 1103, -70;
57, 276, -19, 200, 518, 298, 225, 1077, -76;
65, 276, -14, 181, 567, 323, 253, 1077, -57;
68, 272, -13, 138, 589, 335, 265, 1061, -52;
65, 262, -17, 59, 573, 327, 255, 1025, -68;
62, 253, -21, -17, 555, 318, 243, 988, -83;
64, 249, -19, -62, 567, 324, 251, 973, -77;
63, 243, -20, -121, 560, 320, 248, 948, -81;
59, 233, -24, -200, 529, 304, 230, 911, -97;
57, 227, -25, -256, 516, 297, 224, 887, -100;
57, 223, -25, -303, 509, 292, 222, 869, -97;
55, 218, -24, -349, 497, 285, 218, 852, -95;
50, 210, -27, -415, 459, 264, 198, 821, -107;
52, 209, -23, -437, 460, 263, 203, 817, -93;
45, 201, -27, -503, 412, 237, 178, 786, -107;
41, 195, -29, -553, 373, 215, 160, 763, -114;
39, 193, -27, -581, 351, 202, 152, 754, -108;
37, 191, -25, -603, 330, 189, 145, 748, -101;
37, 192, -21, -607, 321, 181, 146, 752, -84;
34, 191, -20, -628, 289, 163, 133, 745, -81;
25, 184, -24, -676, 225, 128, 100, 720, -96;
19, 180, -26, -707, 171, 98, 75, 705, -104;
19, 184, -21, -692, 159, 89, 75, 718, -85;
14, 183, -21, -699, 119, 66, 58, 716, -83;
3, 176, -27, -745, 34, 20, 13, 688, -108;
2, 180, -24, -724, 13, 6, 8, 702, -93;
-9, 174, -30, -760, -70, -38, -35, 679, -117;
-5, 183, -21, -698, -60, -36, -21, 716, -83;
-20, 174, -31, -750, -166, -92, -79, 682, -121;
-19, 182, -25, -698, -174, -99, -77, 710, -99;
-29, 179, -29, -707, -245, -138, -113, 701, -116;
-29, 186, -25, -658, -261, -149, -116, 726, -99;
-37, 186, -28, -650, -321, -182, -146, 725, -111;
-37, 193, -24, -591, -332, -190, -146, 755, -93;
-41, 197, -23, -554, -365, -209, -161, 771, -91;
-48, 199, -26, -533, -417, -237, -187, 776, -101;
-51, 204, -25, -488, -445, -253, -199, 795, -98;
-49, 213, -20, -413, -444, -255, -193, 832, -78;
-57, 213, -24, -395, -499, -284, -223, 833, -95;
-58, 220, -22, -337, -514, -293, -228, 859, -88;
-55, 230, -17, -254, -502, -289, -218, 900, -67;
-57, 237, -16, -197, -514, -296, -223, 924, -63;
-62, 238, -19, -167, -553, -316, -245, 931, -77;
-63, 245, -18, -105, -557, -319, -245, 958, -71;
-63, 252, -17, -45, -559, -320, -246, 983, -67;
-68, 253, -21, -17, -591, -336, -265, 989, -82;
-62, 265, -14, 77, -552, -317, -242, 1036, -57;
-61, 271, -13, 134, -547, -314, -239, 1059, -54;
-62, 275, -14, 180, -549, -314, -242, 1076, -58;
-58, 284, -11, 252, -521, -299, -227, 1109, -44;
-60, 285, -14, 279, -532, -304, -237, 1115, -58;
-59, 291, -14, 329, -516, -294, -230, 1135, -56;
-53, 299, -10, 397, -477, -273, -209, 1167, -42;
-53, 302, -12, 431, -466, -266, -207, 1178, -47;
-53, 304, -14, 458, -457, -259, -206, 1185, -55;
-47, 311, -10, 516, -410, -234, -183, 1212, -42;
-45, 313, -11, 544, -388, -221, -175, 1222, -45;
-39, 318, -8, 591, -342, -195, -153, 1243, -34;
-35, 322, -8, 622, -305, -174, -136, 1256, -31;
-33, 322, -9, 634, -283, -160, -129, 1258, -37;
-26, 327, -6, 672, -228, -129, -103, 1276, -25;
-16, 334, 0, 725, -153, -89, -64, 1305, -1;
-11, 336, 0, 740, -110, -64, -44, 1311, 2;
-12, 331, -4, 713, -105, -58, -49, 1292, -17;
-5, 334, -1, 734, -46, -26, -20, 1304, -4;
3, 338, 3, 760, 22, 11, 14, 1319, 14;
0, 329, -3, 706, 15, 11, 1, 1286, -14;
7, 331, 0, 714, 75, 43, 30, 1292, -1;
15, 332, 3, 719, 135, 77, 60, 1298, 13;
18, 329, 2, 691, 167, 96, 72, 1284, 9;
19, 323, 0, 649, 187, 109, 77, 1262, 0;
30, 327, 7, 662, 266, 151, 119, 1276, 27;
36, 325, 9, 643, 314, 178, 142, 1269, 36;
41, 322, 11, 615, 356, 202, 161, 1259, 43;
45, 318, 11, 578, 390, 221, 176, 1243, 46;
49, 314, 13, 540, 424, 241, 191, 1227, 50;
44, 302, 6, 448, 405, 234, 174, 1179, 23;
48, 298, 7, 407, 437, 252, 189, 1163, 29;
56, 298, 13, 392, 496, 283, 221, 1164, 54;
61, 294, 16, 352, 529, 301, 238, 1149, 64;
63, 289, 17, 303, 551, 313, 248, 1130, 69;
62, 281, 16, 233, 550, 314, 245, 1097, 63;
59, 270, 12, 146, 532, 306, 231, 1055, 47;
63, 267, 16, 109, 560, 320, 248, 1044, 62;
61, 258, 13, 32, 546, 314, 238, 1008, 53;
64, 255, 17, -4, 569, 325, 252, 997, 69;
63, 249, 18, -65, 564, 323, 249, 971, 70;
64, 244, 20, -114, 567, 324, 252, 952, 78;
62, 236, 19, -179, 550, 315, 243, 924, 75;
59, 229, 18, -243, 530, 304, 232, 895, 72;
59, 225, 20, -288, 523, 299, 231, 878, 80;
59, 221, 23, -329, 516, 294, 230, 864, 90;
58, 218, 25, -367, 507, 288, 228, 851, 100;
47, 205, 18, -464, 432, 249, 186, 800, 71;
45, 200, 19, -508, 407, 234, 175, 783, 74;
48, 203, 26, -505, 421, 239, 190, 793, 104;
41, 195, 23, -567, 365, 209, 161, 763, 91;
37, 192, 24, -600, 333, 190, 147, 750, 94;
36, 191, 27, -616, 312, 177, 141, 747, 106;
31, 188, 27, -646, 271, 154, 122, 734, 105;
22, 181, 23, -696, 204, 118, 88, 708, 90;
21, 183, 27, -691, 187, 106, 85, 715, 107;
20, 185, 31, -685, 165, 92, 79, 722, 120;
7, 175, 22, -748, 69, 41, 27, 685, 89;
6, 179, 27, -726, 53, 30, 25, 700, 107;
3, 181, 29, -714, 23, 11, 14, 708, 116;
-9, 174, 21, -761, -71, -38, -36, 678, 85;
-9, 179, 26, -723, -84, -48, -36, 701, 105;
-16, 178, 24, -727, -144, -81, -65, 696, 94;
-21, 181, 24, -706, -182, -103, -81, 705, 97;
-23, 185, 27, -672, -210, -121, -92, 722, 105;
-34, 181, 20, -689, -292, -164, -135, 707, 79;
-37, 186, 21, -649, -320, -181, -145, 726, 85;
-35, 196, 28, -577, -317, -182, -137, 764, 109;
-43, 195, 23, -568, -380, -216, -170, 762, 90;
-50, 196, 19, -551, -435, -246, -198, 765, 75;
-53, 202, 20, -499, -457, -259, -206, 788, 79;
-54, 208, 21, -443, -473, -270, -212, 814, 84;
-52, 218, 25, -365, -469, -269, -204, 852, 101;
-61, 217, 18, -356, -533, -303, -240, 847, 73;
-57, 229, 24, -261, -509, -292, -222, 895, 97;
-58, 235, 24, -205, -522, -300, -228, 919, 96;
-67, 234, 16, -194, -580, -330, -261, 914, 65;
-68, 239, 15, -142, -593, -337, -268, 935, 60;
-60, 254, 23, -29, -543, -312, -236, 993, 92;
-65, 256, 18, -2, -576, -329, -256, 998, 70;
-67, 259, 15, 41, -588, -335, -264, 1013, 58;
-60, 272, 21, 142, -540, -310, -235, 1064, 82;
-63, 274, 15, 170, -559, -319, -248, 1070, 62;
-60, 282, 17, 239, -534, -306, -235, 1101, 66;
-55, 291, 19, 314, -498, -286, -215, 1136, 76;
-61, 288, 10, 313, -532, -302, -240, 1125, 40;
-59, 293, 9, 362, -511, -290, -231, 1145, 35;
-54, 300, 10, 424, -473, -269, -212, 1173, 40;
-53, 303, 6, 453, -461, -262, -209, 1182, 26;
-44, 313, 12, 534, -392, -225, -172, 1224, 47;
-42, 316, 9, 563, -369, -211, -163, 1234, 36;
-33, 324, 12, 625, -308, -178, -131, 1265, 49;
-37, 319, 3, 605, -323, -183, -147, 1245, 12;
-30, 325, 5, 654, -263, -150, -117, 1270, 21;
-26, 327, 3, 674, -226, -129, -101, 1278, 15;
-21, 329, 2, 694, -184, -104, -83, 1286, 11;
-18, 329, 0, 697, -153, -86, -71, 1285, 0;
-13, 330, -1, 708, -109, -61, -52, 1289, -4;
0, 339, 5, 766, -14, -10, 0, 1324, 23;
1, 336, 1, 746, 8, 4, 5, 1311, 5;
0, 329, -6, 703, 13, 9, 0, 1285, -23;
11, 335, 0, 735, 97, 54, 44, 1306, -3;
13, 330, -5, 704, 121, 70, 51, 1289, -20;
24, 335, 0, 731, 206, 116, 97, 1309, 2;
27, 331, -2, 699, 237, 134, 108, 1293, -8;
32, 329, -2, 677, 280, 158, 128, 1284, -11;
36, 325, -4, 642, 313, 177, 141, 1268, -19;
37, 318, -9, 588, 329, 188, 144, 1242, -36;
38, 311, -13, 535, 347, 200, 149, 1216, -51;
41, 307, -14, 494, 378, 218, 163, 1199, -55;
50, 308, -10, 484, 441, 252, 197, 1202, -39;
50, 299, -14, 417, 447, 256, 195, 1169, -56;
57, 299, -10, 396, 500, 285, 224, 1166, -42;
55, 289, -15, 320, 496, 284, 218, 1129, -62;
64, 290, -9, 311, 558, 317, 253, 1134, -38;
58, 276, -19, 203, 521, 299, 227, 1079, -74;
65, 276, -14, 183, 569, 324, 254, 1078, -56;
68, 272, -12, 140, 591, 336, 267, 1063, -50;
67, 265, -15, 75, 589, 335, 264, 1034, -58;
65, 256, -18, 2, 576, 329, 256, 1001, -70;
60, 245, -23, -86, 543, 312, 236, 958, -92;
64, 244, -19, -112, 569, 325, 253, 953, -75;
63, 238, -20, -170, 559, 319, 249, 929, -78;
64, 234, -19, -214, 558, 318, 250, 913, -74;
56, 222, -25, -308, 504, 289, 219, 866, -100;
57, 219, -23, -340, 505, 289, 223, 857, -90;
58, 217, -20, -369, 504, 287, 227, 850, -79;
55, 212, -21, -419, 477, 272, 214, 828, -82;
47, 203, -25, -490, 425, 243, 186, 794, -99;
44, 199, -25, -532, 395, 226, 173, 777, -100;
42, 196, -24, -563, 370, 211, 164, 766, -96;
39, 194, -23, -588, 345, 196, 154, 757, -91;
36, 192, -22, -613, 315, 179, 142, 748, -88;
29, 186, -25, -657, 260, 148, 115, 727, -99;
29, 188, -21, -655, 245, 138, 113, 733, -83;
18, 179, -27, -713, 165, 95, 71, 701, -108;
13, 178, -27, -727, 123, 71, 53, 696, -107;
15, 184, -20, -696, 122, 67, 59, 718, -81;
0, 173, -30, -762, 17, 11, 2, 678, -118;
-1, 176, -27, -748, -11, -5, -6, 687, -108;
-1, 182, -22, -710, -20, -13, -4, 710, -86;
-6, 183, -21, -703, -64, -38, -23, 713, -85;
-20, 175, -30, -747, -163, -91, -78, 684, -119;
-15, 186, -21, -673, -148, -87, -61, 726, -83;
-29, 179, -30, -711, -249, -140, -116, 698, -118;
-31, 184, -26, -667, -270, -153, -121, 721, -105;
-29, 194, -20, -601, -271, -157, -115, 756, -80;
-38, 193, -24, -594, -334, -191, -148, 754, -95;
-43, 195, -26, -570, -382, -217, -171, 761, -101;
-48, 198, -26, -538, -422, -240, -190, 773, -104;
-45, 209, -19, -454, -411, -236, -178, 816, -77;
-55, 207, -25, -448, -479, -272, -215, 810, -100;
-56, 214, -23, -391, -495, -282, -221, 836, -92;
-61, 217, -25, -357, -534, -303, -241, 846, -101;
-64, 222, -25, -305, -553, -314, -249, 868, -99;
-65, 228, -24, -251, -569, -323, -257, 890, -97;
-60, 241, -17, -153, -538, -309, -235, 940, -68;
-66, 242, -21, -125, -577, -329, -258, 945, -83;
-64, 250, -18, -56, -570, -326, -253, 976, -73;
-63, 258, -16, 11, -561, -321, -247, 1007, -64;
-65, 261, -18, 53, -576, -328, -256, 1021, -71;
-60, 273, -12, 143, -538, -309, -234, 1065, -48;
-64, 274, -16, 168, -561, -320, -250, 1068, -65;
-66, 276, -19, 200, -573, -325, -259, 1077, -77;
-64, 282, -18, 257, -554, -315, -250, 1101, -71;
-61, 288, -16, 314, -531, -302, -239, 1126, -65;
-50, 302, -7, 417, -457, -263, -197, 1179, -30;
-50, 305, -9, 451, -446, -256, -195, 1190, -35;
-54, 302, -15, 449, -465, -264, -212, 1180, -60;
-41, 316, -5, 550, -377, -217, -162, 1234, -21;
-42, 315, -9, 560, -373, -213, -165, 1232, -35;
-40, 317, -10, 583, -350, -199, -157, 1239, -39;
-29, 328, -2, 658, -269, -156, -114, 1279, -9;
-31, 324, -8, 644, -273, -155, -123, 1264, -31;
-20, 332, 0, 707, -193, -112, -81, 1298, -3;
-22, 328, -6, 687, -191, -108, -87, 1281, -24;
-12, 335, 0, 735, -115, -67, -48, 1308, 0;
-11, 332, -3, 720, -98, -55, -45, 1296, -13;
0, 339, 4, 767, -13, -9, 0, 1324, 15;
0, 335, 0, 742, 4, 2, 2, 1308, 2;
8, 337, 4, 756, 66, 36, 33, 1318, 17;
14, 338, 6, 758, 119, 66, 58, 1320, 26;
14, 331, 1, 709, 126, 72, 54, 1292, 7;
19, 330, 3, 699, 175, 100, 77, 1289, 14;
22, 325, 2, 663, 201, 116, 86, 1271, 8;
26, 323, 3, 639, 242, 139, 104, 1261, 12;
29, 318, 1, 596, 267, 155, 113, 1240, 7;
36, 317, 5, 581, 322, 185, 140, 1238, 22;
39, 313, 6, 543, 355, 204, 154, 1221, 24;
46, 312, 10, 525, 409, 233, 182, 1218, 41;
51, 309, 12, 491, 449, 255, 201, 1206, 50;
52, 301, 11, 428, 458, 262, 202, 1176, 42;
51, 293, 8, 360, 464, 267, 201, 1144, 34;
54, 287, 9, 309, 485, 279, 211, 1123, 37;
60, 286, 14, 281, 528, 302, 234, 1116, 55;
61, 279, 14, 221, 538, 308, 238, 1090, 55;
58, 269, 11, 139, 525, 302, 227, 1051, 43;
66, 270, 19, 128, 580, 330, 260, 1056, 74;
60, 258, 13, 29, 543, 312, 236, 1006, 51;
61, 252, 14, -23, 550, 315, 240, 985, 57;
68, 253, 22, -37, 591, 336, 266, 988, 87;
61, 241, 17, -132, 549, 315, 240, 941, 66;
64, 238, 21, -166, 563, 321, 251, 931, 83;
61, 232, 20, -228, 544, 311, 241, 904, 81;
57, 223, 18, -300, 512, 293, 224, 871, 73;
54, 216, 18, -361, 485, 279, 210, 844, 70;
56, 216, 23, -378, 495, 282, 221, 844, 93;
49, 207, 19, -454, 443, 254, 193, 807, 77;
48, 204, 22, -487, 428, 245, 188, 796, 87;
47, 201, 24, -516, 410, 234, 183, 786, 97;
40, 195, 22, -571, 362, 207, 159, 760, 89;
39, 194, 26, -587, 346, 197, 155, 758, 102;
39, 194, 30, -598, 330, 186, 152, 758, 117;
30, 187, 25, -653, 263, 150, 117, 729, 101;
21, 180, 22, -703, 197, 114, 83, 703, 86;
20, 181, 25, -700, 178, 101, 79, 709, 101;
17, 182, 27, -704, 146, 82, 67, 710, 108;
13, 181, 28, -710, 108, 60, 51, 709, 113;
6, 179, 27, -725, 55, 30, 26, 701, 108;
-4, 173, 22, -763, -25, -12, -15, 678, 85;
-4, 179, 27, -728, -38, -22, -15, 699, 105;
-12, 177, 24, -739, -101, -56, -46, 690, 94;
-12, 183, 28, -699, -115, -67, -48, 713, 112;
-24, 177, 21, -727, -202, -114, -94, 693, 84;
-25, 183, 24, -686, -224, -127, -100, 714, 96;
-27, 188, 27, -644, -248, -142, -108, 735, 106;
-29, 193, 29, -601, -272, -157, -116, 756, 114;
-37, 193, 25, -590, -331, -189, -146, 756, 100;
-41, 197, 25, -554, -366, -209, -161, 771, 99;
-48, 198, 21, -535, -419, -238, -188, 775, 85;
-52, 203, 21, -494, -451, -256, -203, 791, 83;
-54, 208, 21, -442, -473, -269, -212, 814, 84;
-58, 212, 19, -405, -509, -289, -229, 827, 76;
-61, 217, 18, -357, -534, -303, -241, 846, 72;
-62, 224, 19, -297, -544, -310, -244, 873, 75;
-59, 234, 23, -211, -529, -303, -232, 915, 92;
-63, 238, 21, -169, -554, -317, -245, 930, 81;
-68, 239, 15, -142, -594, -337, -268, 935, 60;
-63, 251, 20, -49, -563, -322, -248, 981, 80;
-60, 260, 22, 28, -545, -313, -237, 1017, 89;
-66, 260, 16, 47, -582, -332, -260, 1017, 62;
-61, 271, 20, 135, -546, -313, -239, 1060, 78;
-60, 278, 19, 193, -536, -308, -234, 1084, 76;
-59, 283, 17, 243, -530, -304, -232, 1103, 69;
-55, 291, 19, 312, -499, -287, -216, 1135, 75;
-54, 295, 17, 355, -490, -281, -213, 1151, 66;
-56, 296, 11, 378, -496, -283, -221, 1155, 45;
-49, 305, 14, 451, -446, -256, -194, 1190, 57;
-50, 306, 10, 475, -439, -250, -195, 1196, 40;
-44, 313, 12, 534, -393, -225, -172, 1224, 46;
-40, 318, 11, 573, -360, -206, -157, 1240, 42;
-34, 324, 12, 624, -309, -178, -132, 1264, 48;
-29, 327, 11, 657, -271, -156, -115, 1278, 45;
-30, 325, 5, 651, -265, -151, -119, 1269, 20;
-27, 326, 2, 664, -236, -133, -108, 1271, 9;
-24, 326, 0, 673, -205, -115, -95, 1273, -1;
-16, 331, 1, 707, -143, -81, -65, 1291, 5;
-6, 338, 6, 755, -63, -38, -23, 1318, 24;
-1, 338, 4, 759, -21, -13, -5, 1319, 18;
-3, 331, -3, 714, -23, -11, -14, 1291, -14;
0, 329, -5, 704, 13, 10, 0, 1285, -23;
7, 331, -4, 711, 73, 42, 29, 1291, -18;
18, 335, 0, 735, 152, 85, 71, 1308, 0;
20, 331, -3, 705, 181, 103, 81, 1293, -13;
26, 329, -3, 688, 226, 129, 101, 1286, -15;
31, 328, -4, 669, 272, 154, 123, 1280, -16;
34, 323, -6, 630, 300, 171, 133, 1261, -26;
41, 323, -4, 619, 359, 203, 163, 1261, -17;
47, 321, -3, 592, 404, 228, 185, 1252, -15;
49, 315, -6, 544, 428, 243, 194, 1230, -24;
52, 309, -8, 495, 452, 257, 204, 1208, -32;
51, 301, -13, 425, 455, 261, 201, 1174, -51;
56, 298, -11, 393, 497, 283, 222, 1164, -44;
61, 295, -10, 354, 530, 301, 239, 1151, -41;
63, 289, -11, 301, 549, 312, 247, 1129, -44;
58, 276, -19, 203, 520, 299, 226, 1078, -75;
66, 278, -12, 192, 578, 329, 260, 1084, -50;
60, 264, -21, 90, 541, 311, 235, 1032, -81;
65, 262, -17, 58, 572, 327, 254, 1024, -68;
69, 260, -14, 26, 600, 341, 271, 1016, -55;
67, 253, -16, -40, 589, 335, 265, 987, -63;
61, 240, -23, -135, 546, 313, 239, 939, -89;
67, 242, -16, -144, 585, 332, 265, 945, -62;
60, 230, -23, -240, 533, 305, 234, 898, -89;
56, 222, -25, -306, 505, 290, 220, 867, -100;
60, 223, -19, -317, 528, 300, 237, 871, -76;
60, 220, -17, -354, 519, 294, 236, 859, -70;
48, 205, -28, -463, 434, 250, 187, 801, -109;
52, 208, -20, -461, 454, 258, 204, 812, -81;
41, 195, -29, -552, 374, 216, 160, 764, -113;
45, 200, -20, -538, 394, 224, 179, 781, -81;
38, 193, -24, -593, 340, 194, 151, 754, -95;
37, 193, -21, -604, 323, 183, 148, 754, -83;
34, 190, -21, -629, 288, 162, 132, 744, -81;
23, 182, -27, -690, 210, 120, 91, 711, -105;
22, 184, -23, -684, 194, 109, 89, 719, -90;
10, 175, -30, -747, 103, 61, 40, 684, -119;
14, 183, -21, -702, 115, 64, 56, 714, -85;
4, 177, -26, -737, 42, 24, 18, 693, -103;
-3, 174, -30, -762, -24, -12, -15, 678, -117;
-1, 182, -22, -710, -20, -13, -4, 710, -86;
-13, 175, -29, -752, -113, -62, -54, 683, -116;
-14, 180, -25, -715, -131, -75, -58, 703, -99;
-23, 178, -28, -720, -195, -110, -90, 697, -112;
-29, 179, -30, -711, -249, -140, -116, 698, -118;
-30, 185, -25, -660, -263, -150, -117, 725, -101;
-32, 191, -23, -619, -290, -166, -127, 744, -92;
-40, 190, -26, -609, -350, -199, -157, 744, -105;
-39, 199, -21, -542, -354, -203, -154, 778, -84;
-50, 196, -28, -551, -435, -246, -198, 765, -112;
-51, 203, -25, -489, -447, -254, -200, 794, -99;
-57, 205, -27, -461, -492, -279, -223, 802, -108;
-54, 217, -21, -375, -478, -274, -210, 846, -82;
-55, 223, -19, -318, -494, -283, -216, 871, -76;
-60, 226, -21, -280, -528, -301, -234, 884, -83;
-57, 236, -16, -199, -516, -297, -224, 923, -64;
-66, 235, -23, -190, -576, -327, -259, 917, -91;
-65, 243, -20, -119, -570, -325, -253, 949, -79;
-63, 251, -17, -49, -563, -322, -249, 981, -69;
-61, 260, -14, 24, -549, -315, -239, 1015, -56;
-64, 263, -17, 61, -567, -324, -251, 1026, -66;
-63, 269, -15, 122, -559, -320, -247, 1052, -61;
-65, 273, -17, 162, -567, -323, -253, 1065, -69;
-58, 284, -11, 253, -520, -299, -226, 1110, -44;
-56, 290, -10, 308, -503, -289, -219, 1133, -40;
-61, 289, -16, 316, -529, -301, -238, 1127, -64;
-55, 297, -12, 389, -485, -277, -214, 1162, -47;
-55, 299, -14, 415, -481, -274, -217, 1168, -57;
-47, 309, -9, 491, -424, -243, -186, 1206, -35;
-49, 308, -13, 502, -424, -241, -192, 1204, -50;
-47, 311, -13, 530, -402, -228, -184, 1213, -54;
-40, 317, -10, 583, -350, -199, -158, 1239, -39;
-33, 323, -6, 632, -295, -169, -130, 1263, -25;
-30, 325, -7, 651, -266, -151, -119, 1268, -27;
-20, 333, 0, 708, -192, -112, -80, 1299, -3;
-20, 331, -3, 702, -176, -100, -78, 1291, -15;
-17, 330, -5, 703, -147, -83, -68, 1288, -20;
-12, 331, -4, 713, -105, -59, -49, 1292, -17;
-6, 333, -2, 727, -52, -29, -24, 1300, -8;
0, 334, 0, 736, -1, 0, 0, 1305, 0;
3, 332, 0, 722, 32, 19, 12, 1297, -3;
7, 331, 0, 712, 74, 43, 30, 1292, -1;
15, 332, 3, 717, 134, 76, 59, 1297, 12;
22, 333, 6, 718, 194, 109, 89, 1301, 26;
25, 328, 5, 682, 220, 125, 97, 1282, 20;
26, 322, 2, 636, 239, 138, 102, 1259, 10;
28, 318, 1, 596, 267, 155, 113, 1240, 7;
35, 316, 5, 577, 318, 183, 137, 1235, 19;
43, 317, 10, 568, 379, 216, 169, 1236, 39;
45, 310, 8, 514, 398, 228, 175, 1211, 34;
46, 304, 8, 461, 419, 240, 183, 1187, 31;
54, 303, 13, 441, 471, 269, 210, 1184, 51;
57, 299, 14, 399, 502, 286, 225, 1168, 58;
63, 297, 18, 367, 543, 308, 247, 1159, 73;
62, 288, 16, 292, 540, 308, 242, 1123, 63;
58, 276, 11, 203, 521, 299, 227, 1079, 44;
61, 272, 13, 156, 542, 310, 237, 1061, 53;
66, 270, 18, 128, 579, 330, 259, 1055, 74;
61, 259, 14, 37, 551, 316, 241, 1011, 56;
68, 259, 21, 19, 593, 337, 267, 1012, 84;
66, 251, 20, -49, 580, 330, 259, 981, 79;
60, 239, 15, -142, 540, 310, 235, 935, 60;
60, 234, 17, -193, 536, 308, 234, 915, 66;
58, 228, 17, -252, 520, 299, 226, 890, 67;
65, 231, 26, -249, 562, 319, 255, 903, 104;
63, 225, 27, -303, 542, 307, 246, 880, 106;
60, 220, 27, -354, 519, 294, 236, 859, 108;
53, 210, 23, -429, 467, 267, 208, 822, 93;
45, 200, 19, -507, 407, 234, 175, 783, 74;
46, 200, 24, -521, 405, 231, 180, 783, 94;
43, 197, 25, -554, 378, 215, 169, 771, 99;
40, 194, 26, -585, 348, 198, 156, 759, 104;
32, 187, 23, -640, 288, 165, 126, 732, 91;
32, 188, 27, -641, 275, 156, 125, 737, 108;
27, 186, 27, -666, 234, 132, 106, 726, 109;
18, 180, 24, -711, 167, 96, 72, 703, 94;
17, 182, 28, -701, 149, 84, 69, 712, 110;
14, 183, 30, -702, 115, 64, 55, 713, 117;
4, 177, 25, -740, 40, 23, 17, 692, 98;
-2, 175, 24, -750, -12, -6, -7, 686, 94;
-5, 178, 25, -736, -45, -26, -20, 694, 101;
-15, 174, 21, -759, -120, -66, -59, 678, 82;
-13, 181, 27, -708, -124, -72, -53, 708, 106;
-16, 186, 29, -675, -151, -88, -62, 725, 116;
-27, 181, 22, -699, -237, -134, -108, 706, 88;
-24, 191, 30, -625, -229, -133, -96, 747, 118;
-37, 185, 21, -651, -322, -182, -147, 725, 84;
-40, 191, 23, -607, -347, -197, -156, 746, 90;
-40, 198, 26, -547, -358, -206, -156, 776, 104;
-47, 199, 22, -531, -415, -236, -186, 777, 87;
-54, 200, 18, -511, -469, -265, -214, 781, 72;
-54, 208, 21, -444, -475, -270, -213, 813, 83;
-54, 216, 24, -376, -479, -274, -211, 845, 94;
-62, 216, 18, -361, -537, -305, -243, 844, 70;
-56, 230, 25, -258, -506, -291, -220, 897, 99;
-60, 233, 22, -216, -534, -306, -235, 912, 89;
-59, 242, 24, -146, -532, -306, -231, 944, 95;
-65, 243, 18, -122, -573, -327, -256, 947, 73;
-67, 247, 16, -75, -589, -335, -265, 964, 63;
-65, 256, 18, 1, -572, -327, -254, 1000, 72;
-66, 260, 15, 46, -582, -332, -260, 1017, 62;
-64, 268, 16, 112, -569, -325, -253, 1046, 64;
-64, 273, 15, 164, -565, -322, -252, 1066, 58;
-61, 281, 15, 231, -541, -309, -239, 1096, 62;
-56, 290, 18, 305, -506, -291, -221, 1131, 71;
-63, 286, 8, 302, -543, -308, -247, 1118, 33;
-55, 297, 12, 385, -488, -279, -217, 1159, 49;
-56, 298, 8, 409, -488, -277, -221, 1164, 31;
-45, 311, 15, 507, -407, -235, -176, 1216, 60;
-44, 313, 11, 532, -394, -226, -173, 1223, 46;
-39, 318, 11, 579, -354, -203, -154, 1243, 46;
-34, 323, 11, 618, -315, -181, -136, 1261, 45;
-35, 321, 5, 618, -309, -176, -139, 1254, 21;
-27, 328, 8, 671, -246, -141, -107, 1281, 32;
-21, 332, 9, 706, -194, -113, -82, 1297, 35;
-21, 330, 3, 695, -183, -104, -82, 1287, 12;
-12, 335, 6, 736, -115, -67, -47, 1308, 23;
-13, 330, -1, 706, -111, -62, -53, 1288, -5;
-9, 330, -3, 709, -71, -38, -36, 1288, -12;
2, 337, 2, 754, 16, 8, 10, 1316, 10;
0, 329, -6, 703, 13, 9, 0, 1285, -23;
11, 335, 0, 738, 99, 56, 45, 1308, -1;
11, 328, -7, 691, 108, 63, 43, 1281, -27;
19, 330, -4, 700, 175, 100, 77, 1289, -16;
21, 325, -8, 662, 200, 115, 85, 1270, -31;
27, 323, -8, 642, 245, 141, 106, 1263, -32;
30, 319, -10, 607, 278, 160, 120, 1247, -40;
41, 323, -4, 618, 359, 203, 163, 1261, -17;
45, 319, -6, 579, 391, 222, 177, 1244, -23;
48, 314, -7, 536, 420, 239, 189, 1225, -29;
53, 310, -7, 501, 458, 260, 207, 1212, -28;
54, 303, -10, 442, 473, 269, 211, 1185, -40;
54, 296, -14, 376, 480, 275, 212, 1154, -55;
57, 291, -14, 332, 508, 290, 225, 1137, -54;
58, 284, -16, 268, 515, 295, 226, 1108, -65;
59, 277, -18, 209, 526, 302, 230, 1082, -71;
65, 276, -13, 186, 571, 325, 256, 1080, -54;
67, 271, -14, 133, 585, 333, 263, 1059, -54;
68, 265, -14, 76, 590, 336, 265, 1035, -57;
65, 256, -18, 0, 574, 328, 255, 1000, -71;
68, 253, -15, -35, 594, 337, 267, 989, -61;
64, 243, -20, -118, 563, 322, 249, 950, -79;
64, 238, -19, -168, 561, 320, 250, 931, -77;
61, 231, -21, -229, 544, 311, 241, 904, -83;
59, 225, -22, -289, 523, 299, 231, 878, -89;
55, 217, -25, -354, 491, 282, 215, 849, -98;
59, 218, -19, -364, 510, 290, 230, 853, -75;
50, 207, -25, -448, 448, 257, 196, 810, -100;
45, 201, -27, -502, 413, 237, 179, 786, -107;
41, 196, -28, -551, 375, 216, 161, 764, -112;
38, 192, -28, -585, 347, 200, 150, 751, -111;
39, 193, -24, -592, 341, 195, 152, 755, -94;
36, 192, -22, -611, 317, 180, 144, 750, -87;
29, 186, -25, -656, 261, 149, 116, 728, -98;
21, 180, -29, -705, 195, 113, 82, 702, -114;
22, 184, -23, -686, 192, 109, 88, 718, -91;
19, 184, -21, -692, 158, 89, 75, 718, -85;
5, 174, -30, -758, 60, 36, 21, 679, -120;
6, 179, -24, -728, 52, 29, 24, 699, -97;
-2, 175, -29, -756, -18, -9, -11, 682, -113;
-8, 175, -29, -755, -65, -35, -32, 682, -114;
-5, 184, -20, -696, -57, -35, -19, 717, -81;
-16, 179, -27, -724, -141, -80, -63, 698, -105;
-22, 179, -28, -716, -192, -108, -88, 699, -110;
-21, 187, -22, -661, -199, -115, -84, 730, -87;
-24, 191, -20, -627, -230, -134, -97, 745, -80;
-32, 191, -23, -619, -290, -166, -127, 745, -92;
-36, 195, -22, -583, -324, -186, -141, 760, -88;
-47, 191, -29, -592, -404, -228, -185, 747, -115;
-41, 205, -19, -492, -376, -217, -161, 802, -75;
-48, 206, -22, -471, -428, -245, -189, 806, -87;
-52, 211, -22, -428, -459, -262, -203, 823, -87;
-52, 218, -19, -367, -471, -270, -206, 851, -77;
-53, 225, -17, -303, -479, -276, -207, 880, -67;
-56, 229, -18, -260, -508, -292, -221, 896, -71;
-60, 233, -19, -218, -536, -307, -236, 911, -76;
-60, 240, -17, -154, -540, -309, -236, 939, -68;
-60, 248, -15, -88, -540, -310, -235, 968, -61;
-66, 248, -20, -66, -580, -330, -259, 970, -79;
-67, 253, -21, -16, -589, -335, -264, 990, -82;
-67, 259, -20, 40, -589, -335, -265, 1012, -80;
-63, 269, -15, 122, -559, -320, -247, 1052, -61;
-68, 269, -21, 141, -588, -334, -266, 1052, -82;
-62, 279, -16, 223, -550, -314, -245, 1091, -62;
-55, 291, -9, 314, -497, -286, -215, 1137, -36;
-60, 289, -16, 319, -526, -299, -236, 1129, -62;
-55, 297, -12, 386, -488, -279, -216, 1160, -49;
-56, 298, -15, 410, -487, -276, -220, 1165, -60;
-49, 307, -10, 481, -434, -248, -192, 1199, -41;
-42, 315, -6, 545, -381, -219, -165, 1231, -24;
-42, 316, -8, 561, -371, -212, -164, 1233, -34;
-34, 323, -4, 618, -315, -181, -136, 1260, -18;
-35, 321, -8, 619, -308, -175, -138, 1255, -33;
-24, 331, -1, 689, -228, -132, -95, 1292, -3;
-27, 325, -8, 663, -238, -134, -109, 1271, -31;
-19, 331, -3, 705, -173, -99, -76, 1293, -13;
-17, 330, -5, 701, -149, -84, -69, 1287, -21;
-11, 332, -3, 719, -98, -55, -45, 1296, -13;
0, 338, 3, 761, -18, -12, -3, 1321, 12;
-5, 329, -5, 705, -32, -16, -20, 1285, -20;
4, 334, 0, 734, 43, 25, 19, 1304, 3;
5, 329, -2, 698, 59, 36, 21, 1283, -10;
11, 328, -1, 690, 107, 63, 42, 1280, -4;
20, 331, 4, 703, 179, 102, 80, 1292, 17;
26, 330, 7, 693, 231, 131, 105, 1290, 27;
31, 328, 7, 668, 272, 154, 122, 1279, 30;
34, 323, 7, 629, 300, 171, 133, 1260, 27;
41, 323, 11, 618, 359, 203, 163, 1260, 45;
44, 318, 11, 576, 388, 220, 175, 1242, 44;
42, 308, 6, 497, 382, 219, 165, 1201, 24;
52, 309, 13, 493, 450, 256, 202, 1207, 51;
56, 306, 15, 458, 489, 277, 221, 1195, 62;
53, 295, 10, 372, 476, 273, 209, 1151, 42;
61, 295, 16, 354, 530, 301, 239, 1150, 65;
62, 288, 16, 295, 542, 309, 243, 1125, 64;
56, 275, 10, 195, 513, 295, 222, 1074, 39;
58, 270, 11, 143, 529, 304, 229, 1053, 45;
65, 269, 17, 118, 570, 325, 253, 1049, 68;
67, 264, 19, 71, 585, 333, 262, 1032, 77;
67, 258, 20, 14, 588, 335, 263, 1009, 81;
64, 249, 18, -63, 566, 324, 250, 972, 71;
66, 246, 21, -103, 578, 329, 259, 959, 85;
63, 237, 20, -175, 554, 317, 245, 926, 78;
63, 233, 22, -217, 556, 317, 249, 912, 89;
65, 231, 26, -249, 562, 319, 255, 903, 104;
60, 223, 24, -318, 527, 300, 237, 871, 97;
60, 220, 27, -354, 519, 294, 236, 859, 107;
52, 210, 23, -433, 464, 265, 206, 820, 91;
48, 203, 22, -488, 426, 244, 187, 795, 86;
41, 196, 19, -548, 379, 218, 163, 767, 77;
47, 201, 29, -531, 402, 227, 183, 785, 114;
40, 194, 26, -585, 348, 198, 157, 759, 104;
32, 188, 23, -638, 290, 166, 127, 733, 92;
28, 185, 24, -665, 252, 144, 110, 722, 94;
29, 188, 30, -651, 249, 140, 116, 736, 118;
18, 179, 23, -715, 163, 94, 70, 700, 92;
11, 175, 21, -743, 107, 63, 42, 686, 84;
5, 174, 21, -755, 62, 37, 23, 681, 84;
9, 182, 30, -706, 73, 40, 37, 712, 119;
4, 182, 30, -708, 29, 14, 18, 712, 120;
-6, 176, 24, -745, -55, -30, -26, 688, 95;
-12, 176, 23, -744, -106, -59, -49, 687, 91;
-14, 180, 26, -715, -132, -75, -58, 703, 102;
-16, 185, 29, -678, -154, -89, -64, 723, 114;
-26, 182, 23, -693, -231, -131, -104, 710, 92;
-25, 190, 29, -631, -235, -136, -99, 743, 114;
-38, 185, 20, -657, -327, -185, -150, 721, 80;
-37, 193, 25, -593, -333, -191, -147, 754, 98;
-40, 198, 25, -551, -363, -208, -159, 773, 101;
-44, 202, 25, -513, -397, -227, -174, 789, 99;
-49, 205, 23, -478, -435, -248, -193, 802, 93;
-55, 207, 20, -451, -482, -274, -217, 809, 79;
-53, 217, 24, -373, -477, -273, -209, 847, 96;
-56, 222, 24, -323, -499, -286, -219, 868, 94;
-61, 224, 20, -292, -539, -307, -241, 876, 78;
-64, 229, 18, -244, -561, -319, -252, 895, 72;
-63, 238, 20, -171, -556, -318, -247, 929, 80;
-62, 245, 21, -104, -555, -318, -244, 959, 84;
-60, 254, 23, -30, -544, -312, -236, 993, 92;
-61, 260, 22, 24, -549, -315, -239, 1015, 87;
-66, 261, 16, 50, -578, -330, -258, 1019, 64;
-62, 270, 18, 126, -556, -318, -245, 1054, 72;
-65, 272, 13, 157, -572, -326, -256, 1062, 54;
-57, 285, 20, 259, -513, -295, -222, 1114, 79;
-58, 288, 16, 293, -518, -297, -228, 1124, 63;
-59, 290, 11, 324, -521, -297, -233, 1132, 46;
-58, 294, 10, 368, -505, -287, -227, 1149, 39;
-49, 305, 14, 453, -444, -255, -194, 1191, 58;
-53, 303, 6, 452, -462, -262, -210, 1182, 26;
-48, 309, 7, 504, -423, -240, -191, 1205, 28;
-38, 320, 13, 588, -345, -199, -148, 1249, 52;
-38, 319, 8, 596, -337, -192, -149, 1247, 31;
-38, 318, 2, 601, -327, -185, -150, 1243, 10;
-34, 321, 1, 627, -290, -163, -134, 1253, 5;
-26, 327, 3, 672, -228, -129, -102, 1277, 14;
-21, 329, 2, 694, -184, -104, -83, 1286, 11;
-10, 337, 7, 746, -104, -62, -41, 1315, 30;
-14, 330, -1, 704, -113, -63, -54, 1287, -6;
-3, 336, 2, 744, -35, -21, -14, 1310, 9;
-1, 332, -1, 725, -11, -5, -7, 1298, -7;
7, 336, 1, 749, 59, 32, 28, 1313, 4;
8, 332, -3, 720, 81, 47, 35, 1297, -12;
15, 332, -3, 717, 133, 76, 59, 1297, -11;
24, 335, 0, 730, 206, 115, 96, 1309, 2;
20, 324, -9, 656, 194, 112, 81, 1266, -35;
30, 327, -5, 663, 266, 151, 119, 1276, -20;
38, 327, -3, 653, 324, 183, 148, 1276, -12;
34, 315, -12, 570, 311, 179, 133, 1231, -47;
39, 312, -12, 540, 352, 202, 152, 1219, -48;
43, 308, -13, 502, 386, 222, 168, 1204, -51;
47, 304, -13, 462, 419, 241, 183, 1188, -52;
52, 302, -11, 433, 464, 265, 206, 1179, -46;
54, 296, -13, 377, 481, 275, 212, 1155, -54;
61, 295, -10, 354, 531, 302, 239, 1151, -40;
61, 287, -13, 288, 536, 306, 239, 1120, -52;
59, 278, -17, 211, 529, 303, 232, 1084, -69;
59, 270, -20, 145, 531, 305, 231, 1054, -79;
60, 264, -21, 88, 539, 310, 234, 1030, -83;
66, 264, -16, 67, 581, 331, 259, 1029, -63;
68, 259, -15, 19, 593, 337, 266, 1012, -59;
64, 250, -19, -59, 570, 326, 253, 975, -75;
63, 243, -20, -120, 561, 321, 248, 949, -80;
58, 233, -25, -203, 526, 303, 228, 909, -99;
65, 235, -18, -208, 564, 321, 254, 917, -70;
65, 231, -16, -249, 562, 319, 255, 903, -64;
61, 223, -19, -317, 528, 300, 238, 872, -75;
59, 219, -18, -360, 514, 292, 232, 855, -73;
53, 210, -22, -429, 468, 267, 208, 822, -88;
51, 207, -21, -467, 447, 255, 201, 808, -85;
45, 200, -24, -524, 403, 230, 178, 782, -95;
44, 198, -22, -549, 383, 218, 172, 774, -88;
38, 193, -24, -596, 337, 193, 150, 753, -96;
36, 191, -23, -617, 311, 177, 140, 746, -90;
31, 188, -23, -647, 270, 153, 121, 733, -93;
25, 184, -25, -678, 222, 126, 99, 719, -98;
19, 181, -26, -706, 172, 98, 75, 706, -103;
17, 182, -23, -700, 150, 84, 69, 712, -90;
13, 182, -22, -708, 110, 61, 52, 710, -88;
0, 173, -31, -768, 12, 9, 0, 674, -122;
-1, 176, -28, -749, -12, -6, -7, 686, -109;
-6, 176, -27, -745, -55, -30, -26, 688, -108;
-5, 183, -21, -698, -59, -36, -21, 716, -82;
-14, 180, -25, -715, -132, -75, -58, 703, -100;
-16, 185, -22, -679, -155, -90, -65, 722, -86;
-29, 179, -29, -706, -244, -138, -113, 701, -115;
-27, 188, -23, -643, -246, -141, -107, 736, -90;
-37, 186, -28, -650, -320, -181, -146, 726, -111;
-33, 197, -20, -568, -308, -178, -132, 770, -79;
-45, 194, -27, -577, -388, -220, -175, 757, -105;
-48, 198, -26, -535, -419, -238, -188, 775, -102;
-51, 203, -25, -492, -449, -255, -202, 793, -100;
-57, 205, -28, -464, -494, -280, -225, 801, -109;
-58, 212, -25, -401, -505, -287, -227, 830, -99;
-54, 224, -18, -313, -490, -281, -213, 874, -73;
-60, 225, -22, -285, -533, -304, -237, 881, -86;
-57, 236, -16, -199, -516, -297, -224, 923, -64;
-64, 237, -21, -178, -563, -321, -251, 924, -83;
-69, 239, -24, -145, -597, -339, -270, 933, -96;
-67, 247, -21, -72, -586, -334, -263, 966, -83;
-67, 254, -20, -15, -588, -335, -264, 990, -81;
-61, 266, -14, 80, -549, -315, -240, 1037, -55;
-68, 264, -20, 90, -591, -336, -267, 1032, -81;
-58, 279, -11, 203, -526, -302, -228, 1091, -43;
-63, 279, -16, 219, -553, -315, -247, 1089, -64;
-56, 290, -10, 309, -503, -289, -218, 1133, -39;
-54, 296, -9, 360, -485, -279, -210, 1154, -37;
-56, 296, -13, 379, -495, -282, -221, 1155, -53;
-49, 306, -8, 456, -440, -253, -191, 1194, -31;
-49, 307, -10, 481, -434, -248, -192, 1199, -41;
-49, 308, -13, 497, -429, -243, -194, 1201, -53;
-46, 311, -13, 532, -401, -227, -183, 1214, -53;
-42, 315, -12, 568, -365, -206, -167, 1229, -48;
-33, 323, -6, 632, -296, -169, -131, 1262, -25;
-32, 323, -8, 640, -277, -157, -126, 1262, -34;
-29, 324, -9, 651, -249, -140, -116, 1263, -38;
-21, 329, -5, 691, -187, -106, -84, 1284, -22;
-12, 335, 0, 733, -118, -68, -49, 1307, -2;
-11, 332, -3, 722, -96, -54, -43, 1298, -12;
-6, 332, -2, 724, -56, -31, -26, 1297, -10;
-1, 332, -1, 725, -12, -6, -7, 1298, -7;
8, 337, 4, 756, 65, 36, 33, 1317, 17;
5, 329, -2, 699, 60, 36, 21, 1283, -10;
14, 331, 2, 710, 127, 73, 55, 1293, 7;
16, 327, 0, 681, 157, 91, 66, 1278, 3;
25, 329, 5, 685, 223, 127, 99, 1284, 22;
34, 331, 11, 689, 292, 164, 135, 1292, 43;
30, 319, 3, 604, 275, 159, 118, 1245, 12;
41, 323, 11, 617, 357, 203, 162, 1260, 44;
41, 314, 7, 553, 364, 208, 160, 1227, 30;
49, 314, 13, 541, 425, 241, 192, 1228, 51;
45, 302, 6, 451, 408, 235, 176, 1181, 25;
55, 305, 14, 450, 480, 273, 216, 1190, 56;
53, 295, 10, 371, 475, 272, 208, 1150, 41;
60, 294, 15, 349, 525, 299, 235, 1147, 62;
63, 289, 17, 300, 548, 312, 246, 1128, 68;
58, 276, 11, 204, 522, 300, 227, 1079, 45;
65, 276, 18, 184, 569, 324, 255, 1078, 70;
63, 267, 15, 108, 559, 320, 247, 1043, 61;
66, 263, 18, 65, 579, 330, 258, 1028, 74;
67, 258, 21, 15, 589, 335, 264, 1009, 81;
65, 250, 19, -53, 576, 329, 256, 978, 77;
60, 240, 16, -138, 543, 312, 237, 937, 63;
59, 234, 16, -196, 533, 306, 232, 913, 65;
57, 227, 16, -259, 514, 296, 223, 886, 63;
65, 231, 26, -252, 560, 317, 254, 901, 103;
58, 220, 22, -333, 512, 292, 227, 861, 87;
57, 217, 24, -372, 502, 286, 225, 848, 96;
48, 205, 18, -463, 434, 250, 187, 801, 72;
44, 200, 18, -511, 403, 232, 173, 781, 72;
50, 205, 28, -493, 433, 245, 197, 801, 111;
37, 191, 19, -592, 341, 197, 145, 747, 76;
36, 191, 23, -607, 326, 187, 143, 746, 90;
36, 191, 27, -616, 312, 177, 140, 746, 105;
26, 183, 22, -675, 242, 139, 104, 716, 87;
24, 183, 25, -684, 216, 123, 95, 715, 98;
24, 186, 30, -675, 203, 114, 95, 725, 117;
18, 183, 29, -697, 154, 86, 72, 715, 113;
11, 180, 27, -721, 96, 54, 44, 702, 106;
7, 180, 28, -718, 62, 34, 30, 705, 112;
-4, 173, 21, -764, -26, -13, -16, 677, 85;
-10, 173, 20, -767, -77, -41, -40, 674, 81;
-10, 178, 25, -731, -92, -52, -41, 696, 99;
-11, 184, 30, -690, -107, -63, -42, 719, 117;
-16, 185, 29, -678, -154, -89, -64, 723, 114;
-24, 184, 26, -677, -215, -123, -95, 719, 102;
-30, 185, 24, -664, -268, -152, -120, 722, 94;
-38, 184, 20, -659, -330, -186, -152, 720, 79;
-37, 193, 25, -592, -332, -190, -146, 755, 99;
-45, 193, 21, -579, -390, -222, -176, 756, 84;
-46, 200, 23, -523, -407, -232, -181, 782, 93;
-44, 210, 28, -446, -403, -233, -173, 821, 112;
-51, 212, 25, -422, -452, -259, -199, 827, 97;
-56, 215, 22, -388, -491, -280, -218, 838, 87;
-61, 217, 19, -352, -528, -300, -238, 850, 75;
-55, 231, 26, -249, -497, -286, -215, 903, 105;
-63, 231, 20, -233, -551, -314, -245, 902, 79;
-64, 237, 19, -177, -563, -321, -251, 925, 76;
-61, 247, 22, -95, -547, -314, -239, 964, 89;
-62, 253, 22, -38, -552, -317, -241, 988, 87;
-66, 254, 16, -10, -583, -332, -261, 993, 65;
-68, 259, 14, 36, -593, -337, -267, 1010, 55;
-65, 267, 15, 108, -573, -327, -255, 1043, 62;
-60, 277, 19, 190, -539, -309, -236, 1082, 74;
-58, 284, 19, 253, -519, -298, -226, 1110, 76;
-63, 283, 11, 264, -548, -312, -246, 1105, 45;
-62, 287, 9, 309, -536, -304, -242, 1123, 37;
-54, 298, 13, 392, -482, -276, -213, 1163, 53;
-56, 298, 7, 408, -489, -277, -221, 1164, 30;
-46, 310, 14, 500, -414, -238, -180, 1212, 56;
-42, 315, 13, 543, -384, -221, -166, 1229, 52;
-37, 321, 14, 592, -340, -197, -145, 1252, 55;
-40, 317, 6, 584, -349, -198, -157, 1239, 24;
-31, 326, 10, 648, -280, -161, -121, 1272, 39;
-34, 321, 1, 627, -290, -163, -134, 1254, 5;
-26, 327, 3, 671, -229, -130, -103, 1276, 13;
-18, 332, 6, 714, -164, -95, -71, 1298, 23;
-12, 334, 5, 731, -119, -69, -50, 1306, 20;
-13, 330, -1, 706, -112, -62, -53, 1288, -5;
-2, 337, 4, 755, -25, -15, -7, 1317, 16;
3, 338, 3, 761, 24, 12, 15, 1320, 15;
0, 329, -6, 703, 13, 9, 0, 1285, -23;
6, 330, -5, 706, 67, 40, 26, 1288, -21;
17, 335, 0, 732, 149, 84, 68, 1306, -2;
20, 331, -3, 705, 180, 103, 80, 1292, -13;
25, 329, -4, 687, 225, 128, 101, 1286, -16;
33, 329, -2, 679, 282, 159, 129, 1286, -10;
33, 322, -7, 626, 297, 170, 131, 1259, -28;
33, 314, -13, 565, 306, 177, 130, 1228, -50;
38, 312, -12, 538, 350, 201, 151, 1218, -49;
42, 308, -13, 498, 382, 220, 165, 1201, -53;
45, 303, -15, 452, 410, 236, 177, 1182, -58;
49, 298, -15, 409, 440, 253, 191, 1164, -61;
59, 301, -8, 410, 513, 291, 232, 1175, -34;
56, 290, -15, 323, 499, 286, 220, 1131, -60;
58, 284, -16, 273, 520, 298, 229, 1111, -62;
58, 276, -19, 202, 520, 299, 226, 1078, -75;
58, 270, -20, 143, 528, 304, 229, 1053, -81;
68, 272, -13, 139, 590, 335, 266, 1062, -51;
64, 262, -17, 56, 570, 326, 253, 1023, -69;
62, 253, -21, -19, 554, 318, 242, 987, -84;
64, 249, -20, -64, 565, 323, 249, 971, -79;
65, 245, -18, -107, 574, 327, 256, 956, -72;
59, 234, -24, -197, 532, 306, 231, 912, -95;
61, 231, -22, -234, 539, 308, 238, 901, -86;
64, 230, -17, -257, 555, 315, 251, 898, -69;
63, 225, -17, -303, 542, 307, 246, 880, -67;
54, 214, -24, -393, 480, 275, 212, 835, -94;
49, 206, -27, -457, 440, 253, 191, 805, -105;
49, 205, -24, -481, 434, 248, 192, 799, -93;
44, 199, -25, -532, 394, 226, 173, 776, -100;
37, 192, -29, -589, 344, 198, 147, 749, -113;
37, 192, -25, -601, 332, 190, 146, 749, -100;
34, 189, -25, -629, 298, 170, 132, 738, -98;
28, 185, -26, -664, 253, 145, 111, 722, -103;
19, 178, -30, -713, 187, 109, 77, 697, -120;
22, 184, -23, -684, 194, 109, 89, 719, -89;
10, 175, -30, -747, 104, 61, 40, 684, -119;
14, 183, -21, -702, 116, 64, 56, 714, -85;
2, 175, -28, -751, 28, 17, 9, 684, -111;
-1, 176, -27, -748, -10, -5, -6, 687, -108;
-7, 175, -28, -750, -59, -33, -29, 686, -110;
-10, 179, -26, -728, -89, -51, -39, 698, -101;
-14, 180, -25, -713, -130, -74, -57, 704, -98;
-20, 181, -26, -703, -179, -102, -80, 707, -101;
-26, 182, -27, -691, -229, -130, -103, 711, -106;
-32, 183, -28, -677, -281, -159, -128, 714, -111;
-34, 189, -25, -632, -302, -172, -135, 737, -99;
-35, 195, -21, -578, -319, -183, -138, 763, -85;
-39, 199, -21, -541, -353, -203, -153, 779, -83;
-42, 205, -20, -496, -380, -219, -164, 799, -78;
-51, 203, -25, -489, -447, -254, -200, 794, -99;
-48, 214, -18, -406, -436, -251, -189, 837, -73;
-58, 212, -25, -401, -505, -287, -227, 830, -99;
-56, 222, -20, -324, -500, -286, -220, 867, -80;
-56, 230, -17, -257, -505, -290, -220, 898, -69;
-64, 230, -23, -239, -557, -317, -249, 898, -89;
-63, 238, -20, -172, -558, -318, -247, 928, -80;
-60, 248, -15, -87, -538, -309, -234, 969, -60;
-62, 252, -16, -41, -555, -318, -243, 986, -64;
-62, 259, -15, 16, -557, -319, -244, 1010, -61;
-66, 260, -19, 46, -583, -332, -261, 1016, -76;
-61, 271, -13, 135, -546, -313, -239, 1060, -53;
-60, 277, -12, 192, -537, -308, -235, 1083, -50;
-61, 280, -15, 229, -544, -311, -241, 1095, -59;
-62, 283, -17, 266, -546, -310, -245, 1107, -66;
-62, 287, -18, 307, -538, -305, -244, 1121, -70;
-53, 299, -10, 397, -476, -273, -209, 1167, -42;
-52, 302, -11, 435, -462, -264, -204, 1181, -45;
-53, 303, -14, 454, -460, -261, -209, 1183, -57;
-43, 315, -6, 541, -385, -221, -167, 1228, -26;
-47, 310, -14, 529, -404, -228, -185, 1212, -55;
-40, 317, -10, 581, -352, -200, -159, 1238, -40;
-31, 326, -4, 647, -281, -161, -121, 1272, -16;
-27, 328, -4, 668, -249, -143, -108, 1279, -17;
-20, 333, 0, 710, -190, -110, -79, 1300, -1;
-21, 329, -5, 695, -183, -104, -82, 1286, -19;
-18, 329, -6, 698, -153, -86, -71, 1285, -23;
-10, 333, -2, 726, -92, -52, -41, 1300, -9;
-2, 337, 1, 752, -28, -17, -9, 1315, 6;
2, 337, 2, 752, 15, 7, 9, 1315, 9;
1, 331, -2, 713, 22, 14, 6, 1291, -9;
9, 333, 1, 723, 85, 48, 36, 1299, 5;
17, 335, 5, 733, 150, 84, 69, 1307, 22;
23, 333, 7, 720, 196, 110, 90, 1302, 27;
30, 334, 10, 714, 252, 141, 117, 1302, 40;
28, 325, 5, 651, 255, 146, 112, 1269, 20;
29, 318, 2, 600, 271, 156, 115, 1242, 9;
41, 323, 11, 618, 358, 203, 163, 1260, 44;
47, 321, 14, 593, 405, 229, 185, 1252, 55;
41, 307, 5, 494, 378, 218, 163, 1199, 22;
46, 304, 8, 461, 418, 240, 182, 1187, 31;
50, 300, 9, 420, 450, 258, 197, 1171, 37;
52, 294, 9, 367, 471, 270, 206, 1148, 38;
59, 293, 14, 343, 519, 296, 232, 1143, 58;
59, 285, 13, 275, 523, 299, 231, 1112, 52;
61, 279, 14, 222, 540, 309, 238, 1091, 56;
59, 271, 12, 149, 534, 307, 233, 1056, 48;
61, 266, 14, 99, 550, 315, 241, 1037, 56;
61, 258, 14, 34, 548, 315, 239, 1009, 54;
64, 255, 17, -7, 566, 324, 250, 995, 67;
69, 254, 23, -33, 596, 339, 269, 991, 89;
59, 239, 14, -147, 534, 307, 231, 932, 57;
62, 237, 19, -176, 554, 316, 245, 926, 77;
58, 228, 17, -252, 521, 299, 227, 890, 67;
57, 223, 19, -297, 514, 295, 225, 873, 75;
59, 222, 23, -325, 520, 296, 232, 866, 92;
59, 219, 26, -361, 513, 291, 232, 855, 103;
51, 208, 21, -444, 453, 259, 199, 813, 84;
46, 201, 20, -500, 414, 238, 180, 787, 78;
48, 203, 26, -506, 420, 239, 189, 793, 103;
41, 195, 23, -568, 364, 209, 160, 762, 90;
33, 187, 19, -628, 305, 176, 129, 732, 77;
38, 193, 29, -602, 326, 184, 149, 755, 114;
27, 184, 23, -668, 249, 143, 108, 720, 92;
23, 182, 24, -690, 210, 121, 92, 712, 94;
21, 182, 26, -695, 183, 104, 82, 713, 104;
10, 175, 21, -745, 106, 62, 42, 685, 83;
9, 178, 25, -734, 83, 48, 36, 694, 97;
2, 175, 23, -753, 26, 16, 8, 683, 90;
0, 177, 26, -738, 0, 0, 0, 693, 101;
-1, 182, 30, -709, -19, -12, -3, 711, 117;
-6, 183, 30, -702, -63, -38, -23, 714, 117;
-18, 176, 22, -738, -155, -87, -72, 689, 87;
-21, 180, 24, -712, -188, -106, -85, 702, 93;
-27, 181, 23, -697, -236, -133, -107, 707, 89;
-26, 189, 28, -638, -242, -139, -104, 738, 110;
-35, 188, 23, -637, -308, -175, -138, 734, 92;
-40, 190, 22, -610, -351, -199, -158, 743, 88;
-46, 192, 20, -584, -396, -224, -180, 752, 80;
-49, 197, 20, -543, -427, -242, -193, 769, 80;
-45, 209, 28, -452, -409, -235, -177, 818, 109;
-55, 207, 20, -449, -479, -272, -215, 810, 81;
-53, 217, 25, -371, -475, -272, -208, 848, 97;
-54, 224, 25, -314, -490, -281, -214, 874, 99;
-62, 224, 19, -294, -542, -308, -242, 875, 77;
-58, 235, 24, -207, -524, -301, -229, 918, 95;
-65, 236, 19, -181, -567, -323, -253, 922, 74;
-64, 243, 19, -117, -568, -324, -252, 950, 76;
-62, 253, 22, -39, -553, -317, -242, 987, 86;
-67, 254, 16, -14, -588, -335, -264, 990, 62;
-60, 266, 21, 84, -545, -313, -237, 1040, 85;
-66, 266, 14, 101, -580, -330, -260, 1039, 57;
-67, 271, 12, 148, -581, -330, -262, 1056, 48;
-62, 280, 14, 225, -548, -313, -243, 1092, 58;
-63, 283, 11, 263, -549, -312, -247, 1105, 44;
-60, 289, 11, 320, -525, -299, -235, 1130, 44;
-57, 295, 11, 375, -498, -284, -223, 1153, 43;
-48, 306, 15, 458, -439, -252, -190, 1195, 61;
-53, 303, 7, 457, -458, -260, -207, 1184, 28;
-46, 311, 9, 519, -408, -232, -181, 1214, 37;
-39, 318, 11, 579, -354, -203, -154, 1244, 46;
-35, 323, 11, 617, -316, -182, -136, 1260, 44;
-34, 323, 6, 627, -300, -171, -133, 1259, 26;
-34, 321, 1, 625, -292, -164, -135, 1252, 4;
-27, 326, 2, 667, -234, -132, -106, 1273, 10;
-18, 332, 5, 709, -169, -97, -73, 1295, 20;
-18, 329, 0, 695, -155, -87, -73, 1283, -1;
-10, 333, 1, 728, -90, -51, -40, 1301, 7;
-7, 332, -1, 722, -57, -32, -27, 1296, -3;