1, 310, 14, 16, 835, 10, 6, 1210, 57;
4, 311, 16, 53, 848, 19, 16, 1215, 63;
0, 306, 10, 28, 797, -13, 0, 1195, 42;
5, 310, 14, 90, 833, 10, 20, 1210, 57;
1, 304, 9, 65, 781, -22, 4, 1188, 37;
6, 309, 13, 131, 821, 5, 26, 1205, 54;
4, 305, 10, 126, 789, -13, 18, 1192, 42;
4, 304, 9, 135, 770, -24, 17, 1185, 35;
12, 310, 15, 223, 830, 18, 47, 1211, 62;
7, 304, 10, 191, 770, -19, 29, 1186, 39;
10, 306, 12, 237, 787, -4, 42, 1194, 48;
15, 309, 16, 296, 816, 18, 61, 1207, 62;
13, 305, 12, 285, 775, -4, 51, 1191, 48;
19, 310, 17, 355, 816, 26, 75, 1209, 67;
14, 303, 11, 324, 754, -9, 57, 1185, 44;
18, 305, 13, 369, 769, 4, 70, 1192, 53;
22, 308, 17, 424, 793, 26, 88, 1203, 67;
22, 306, 15, 433, 771, 17, 86, 1196, 61;
23, 306, 16, 459, 766, 19, 92, 1195, 63;
19, 300, 10, 430, 706, -14, 75, 1172, 42;
22, 301, 12, 470, 715, -2, 87, 1177, 49;
23, 301, 12, 491, 703, -2, 90, 1174, 49;
27, 304, 16, 547, 728, 20, 109, 1186, 63;
22, 296, 9, 503, 652, -22, 86, 1156, 36;
26, 299, 13, 559, 676, 0, 104, 1168, 51;
28, 299, 13, 582, 667, 2, 109, 1166, 52;
24, 294, 9, 562, 614, -23, 96, 1146, 36;
30, 298, 14, 630, 651, 8, 120, 1164, 56;
29, 295, 12, 627, 615, -6, 114, 1151, 47;
34, 298, 15, 681, 638, 17, 133, 1163, 62;
27, 289, 8, 625, 549, -31, 105, 1128, 31;
31, 291, 11, 672, 565, -12, 121, 1137, 43;
38, 297, 17, 753, 613, 29, 150, 1159, 69;
33, 290, 11, 714, 542, -7, 130, 1133, 46;
36, 291, 13, 749, 546, 5, 141, 1137, 54;
32, 286, 9, 725, 489, -21, 127, 1116, 37;
34, 285, 10, 746, 479, -18, 133, 1114, 39;
33, 282, 8, 744, 446, -29, 128, 1103, 32;
38, 286, 13, 802, 472, 0, 149, 1117, 50;
40, 286, 14, 829, 469, 8, 157, 1118, 56;
39, 284, 13, 832, 441, 1, 155, 1110, 51;
42, 285, 15, 866, 444, 15, 166, 1114, 60;
45, 286, 17, 899, 447, 29, 177, 1118, 69;
39, 279, 11, 852, 370, -10, 155, 1089, 44;
42, 280, 13, 883, 372, 3, 165, 1093, 52;
44, 280, 14, 907, 366, 11, 173, 1094, 58;
47, 282, 17, 943, 373, 28, 185, 1099, 68;
41, 274, 10, 890, 291, -13, 161, 1069, 42;
40, 271, 9, 882, 255, -24, 156, 1057, 35;
47, 277, 16, 961, 306, 22, 187, 1081, 64;
43, 270, 11, 920, 237, -10, 168, 1056, 44;
42, 268, 10, 918, 209, -16, 165, 1047, 40;
46, 271, 14, 960, 224, 7, 181, 1057, 55;
48, 271, 15, 981, 219, 16, 188, 1058, 61;
44, 265, 11, 947, 159, -9, 173, 1037, 45;
48, 268, 15, 986, 173, 13, 188, 1046, 59;
43, 262, 10, 946, 109, -16, 170, 1023, 40;
50, 267, 16, 1010, 149, 24, 196, 1043, 66;
46, 262, 13, 978, 93, 0, 182, 1023, 51;
46, 260, 12, 972, 64, -4, 179, 1014, 48;
47, 259, 13, 984, 54, 1, 184, 1013, 52;
43, 255, 9, 951, 0, -21, 170, 994, 37;
43, 253, 9, 953, -19, -19, 171, 990, 38;
45, 254, 11, 967, -26, -10, 176, 990, 44;
47, 254, 13, 984, -28, 1, 184, 993, 51;
41, 247, 7, 932, -100, -32, 162, 966, 30;
50, 255, 16, 1010, -41, 20, 195, 994, 63;
43, 246, 9, 942, -127, -23, 167, 962, 36;
45, 248, 12, 966, -120, -5, 178, 968, 47;
51, 252, 17, 1015, -88, 29, 199, 985, 69;
46, 246, 12, 964, -155, -1, 179, 961, 50;
47, 246, 14, 976, -158, 10, 185, 963, 57;
49, 247, 16, 987, -162, 21, 191, 964, 64;
43, 240, 11, 932, -231, -11, 169, 939, 43;
43, 239, 11, 926, -250, -10, 169, 935, 44;
43, 238, 11, 921, -267, -9, 168, 931, 45;
40, 235, 9, 895, -304, -21, 159, 918, 37;
48, 242, 17, 960, -250, 27, 188, 944, 68;
43, 236, 12, 905, -315, -3, 167, 920, 49;
43, 235, 13, 901, -328, 0, 168, 918, 51;
42, 234, 13, 891, -347, 1, 166, 913, 51;
39, 230, 10, 855, -391, -15, 154, 898, 41;
40, 231, 12, 860, -393, -4, 158, 900, 47;
45, 235, 17, 898, -361, 28, 177, 917, 68;
38, 227, 11, 825, -439, -11, 150, 887, 43;
41, 229, 14, 844, -425, 9, 160, 896, 56;
42, 231, 16, 852, -421, 23, 166, 901, 65;
40, 228, 15, 822, -453, 13, 158, 890, 59;
42, 229, 17, 831, -447, 28, 164, 895, 68;
36, 223, 12, 767, -512, -4, 141, 871, 48;
31, 218, 8, 710, -569, -31, 121, 850, 31;
40, 226, 17, 784, -495, 28, 156, 883, 68;
30, 216, 8, 682, -596, -28, 117, 844, 33;
30, 216, 9, 676, -600, -21, 118, 845, 37;
33, 219, 13, 692, -581, 1, 129, 855, 51;
35, 221, 16, 701, -569, 18, 137, 862, 62;
28, 214, 10, 630, -636, -16, 111, 837, 40;
32, 218, 15, 658, -603, 14, 127, 853, 60;
26, 213, 10, 592, -663, -16, 104, 830, 40;
25, 211, 10, 569, -678, -18, 99, 826, 39;
32, 218, 17, 621, -619, 28, 125, 852, 68;
26, 213, 13, 558, -674, 0, 104, 832, 51;
30, 217, 17, 580, -643, 28, 117, 846, 68;
24, 211, 13, 516, -697, 0, 96, 826, 51;
19, 206, 8, 453, -749, -27, 75, 806, 33;
22, 209, 12, 467, -724, -4, 85, 818, 48;
17, 206, 9, 417, -762, -22, 70, 804, 36;
17, 206, 10, 403, -764, -17, 69, 805, 39;
18, 208, 12, 401, -752, -4, 73, 811, 48;
20, 210, 15, 404, -734, 12, 79, 820, 59;
17, 207, 13, 361, -762, 0, 67, 810, 50;
18, 209, 15, 360, -747, 14, 72, 817, 59;
14, 206, 12, 307, -784, -5, 55, 803, 47;
13, 205, 12, 284, -790, -5, 51, 801, 47;
15, 208, 15, 291, -765, 15, 59, 813, 60;
13, 207, 14, 257, -780, 8, 51, 807, 56;
10, 205, 12, 216, -802, -2, 39, 799, 49;
7, 203, 11, 177, -822, -12, 28, 792, 43;
3, 200, 8, 125, -853, -30, 12, 780, 31;
4, 201, 10, 122, -836, -17, 16, 787, 40;
6, 205, 13, 129, -807, 4, 25, 800, 53;
2, 202, 10, 78, -835, -13, 10, 788, 42;
2, 203, 12, 66, -824, -4, 10, 793, 47;
2, 204, 13, 51, -816, 1, 10, 797, 52;
-1, 201, 10, -3, -848, -19, -7, 784, 39;
-2, 201, 10, -22, -841, -14, -9, 786, 41;
0, 204, 13, -21, -816, 2, -3, 797, 52;
0, 206, 15, -25, -794, 15, 0, 806, 60;
0, 207, 16, -45, -788, 19, -1, 808, 62;
-9, 200, 8, -139, -856, -27, -35, 780, 33;
-7, 202, 11, -140, -830, -11, -30, 790, 43;
-9, 202, 10, -168, -830, -13, -36, 789, 42;
-8, 204, 12, -172, -807, 0, -32, 798, 50;
-5, 209, 16, -159, -766, 24, -21, 815, 66;
-8, 207, 15, -197, -775, 15, -31, 811, 60;
-15, 201, 8, -284, -833, -26, -62, 786, 34;
-17, 201, 7, -316, -836, -32, -70, 783, 31;
-11, 209, 15, -265, -756, 17, -43, 816, 61;
-18, 203, 9, -348, -808, -21, -72, 793, 37;
-18, 205, 11, -356, -786, -11, -70, 801, 43;
-19, 205, 11, -379, -779, -11, -74, 803, 43;
-18, 208, 13, -383, -752, 1, -71, 813, 51;
-22, 206, 10, -431, -769, -15, -85, 804, 41;
-23, 206, 10, -454, -761, -16, -90, 806, 40;
-21, 209, 12, -454, -730, -1, -85, 817, 50;
-19, 213, 16, -446, -690, 18, -76, 832, 62;
-22, 212, 13, -488, -701, 4, -89, 826, 53;
-24, 211, 12, -518, -699, -1, -97, 825, 50;
-29, 209, 9, -568, -717, -20, -113, 816, 38;
-31, 208, 7, -606, -723, -32, -124, 812, 30;
-31, 210, 9, -611, -696, -21, -121, 821, 37;
-33, 209, 8, -644, -697, -31, -130, 818, 31;
-25, 219, 16, -583, -603, 22, -100, 855, 65;
-27, 219, 16, -605, -593, 20, -105, 857, 63;
-35, 213, 8, -695, -652, -27, -139, 831, 34;
-32, 218, 12, -676, -600, -1, -126, 850, 49;
-36, 215, 9, -723, -615, -21, -142, 841, 37;
-34, 219, 12, -712, -572, -2, -133, 857, 49;
-29, 225, 17, -680, -508, 29, -116, 880, 69;
-34, 222, 13, -735, -531, 4, -135, 868, 53;
-35, 223, 13, -755, -519, 1, -140, 871, 52;
-41, 219, 8, -816, -549, -28, -162, 856, 33;
-38, 224, 12, -794, -495, -3, -149, 875, 48;
-34, 230, 17, -762, -432, 27, -132, 899, 67;
-35, 230, 16, -784, -423, 21, -138, 899, 64;
-39, 229, 13, -824, -433, 3, -152, 893, 53;
-41, 228, 11, -855, -433, -7, -162, 890, 46;
-43, 228, 10, -876, -424, -13, -168, 890, 42;
-36, 236, 18, -820, -338, 31, -142, 923, 70;
-44, 230, 11, -898, -386, -12, -171, 900, 43;
-42, 233, 12, -893, -352, -2, -167, 911, 49;
-39, 238, 16, -869, -299, 20, -155, 930, 63;
-44, 235, 12, -915, -317, -3, -172, 920, 48;
-46, 235, 10, -939, -312, -13, -179, 918, 42;
-39, 243, 17, -882, -227, 29, -154, 950, 69;
-42, 242, 15, -913, -231, 14, -165, 946, 60;
-40, 246, 17, -896, -187, 30, -156, 961, 70;
-49, 238, 8, -990, -254, -27, -193, 930, 34;
-48, 241, 10, -977, -215, -14, -187, 942, 41;
-43, 247, 15, -939, -152, 14, -170, 965, 59;
-50, 242, 8, -1004, -192, -25, -196, 945, 34;
-46, 248, 13, -967, -129, 2, -179, 968, 52;
-51, 244, 8, -1018, -157, -29, -200, 953, 32;
-47, 249, 12, -986, -101, -5, -185, 973, 47;
-44, 253, 15, -960, -52, 13, -174, 990, 59;
-50, 250, 10, -1010, -80, -19, -195, 975, 39;
-48, 253, 12, -992, -40, -6, -187, 988, 46;
-48, 254, 11, -997, -23, -8, -189, 991, 45;
-49, 254, 10, -1009, -15, -17, -194, 991, 40;
-44, 260, 15, -960, 53, 14, -174, 1016, 60;
-45, 261, 14, -967, 65, 9, -177, 1018, 56;
-45, 262, 14, -962, 89, 11, -175, 1025, 58;
-42, 266, 17, -934, 134, 28, -164, 1040, 68;
-49, 260, 10, -999, 87, -16, -192, 1017, 40;
-44, 266, 14, -955, 147, 9, -174, 1039, 57;
-41, 270, 17, -923, 196, 28, -162, 1055, 68;
-45, 268, 13, -954, 180, 4, -176, 1046, 53;
-43, 271, 15, -934, 215, 14, -169, 1057, 59;
-43, 272, 15, -928, 234, 13, -168, 1061, 59;
-44, 271, 13, -939, 237, 2, -174, 1059, 52;
-42, 274, 15, -915, 273, 13, -166, 1071, 59;
-49, 268, 7, -975, 224, -32, -193, 1047, 30;
-44, 274, 12, -927, 283, -5, -175, 1068, 47;
-44, 275, 12, -918, 302, -5, -173, 1073, 47;
-41, 278, 14, -887, 343, 8, -162, 1087, 56;
-39, 282, 16, -858, 380, 20, -152, 1099, 64;
-43, 278, 11, -892, 354, -8, -169, 1085, 45;
-42, 279, 11, -881, 372, -8, -167, 1090, 45;
-44, 278, 9, -888, 371, -21, -173, 1086, 37;
-40, 282, 12, -848, 416, -3, -159, 1102, 48;
-36, 287, 16, -802, 467, 18, -143, 1120, 62;
-37, 286, 14, -806, 466, 6, -148, 1117, 55;
-34, 290, 17, -762, 514, 27, -132, 1134, 67;
-33, 291, 16, -752, 526, 24, -132, 1136, 65;
-35, 289, 14, -762, 516, 6, -139, 1130, 55;
-34, 291, 15, -738, 542, 13, -133, 1138, 59;
-38, 288, 10, -766, 513, -16, -148, 1123, 40;
-33, 292, 14, -714, 564, 7, -130, 1142, 55;
-34, 291, 12, -715, 561, -4, -135, 1138, 48;
-30, 296, 15, -668, 606, 15, -119, 1154, 60;
-33, 293, 11, -685, 585, -8, -130, 1143, 45;
-27, 299, 16, -618, 648, 24, -106, 1167, 66;
-29, 297, 13, -628, 632, 4, -115, 1158, 54;
-31, 294, 10, -638, 617, -13, -123, 1150, 42;
-25, 300, 15, -572, 676, 17, -100, 1172, 61;
-32, 294, 8, -620, 620, -28, -125, 1147, 33;
-23, 302, 16, -524, 708, 22, -90, 1181, 64;
-21, 304, 17, -495, 728, 28, -82, 1188, 68;
-23, 301, 13, -508, 705, 5, -93, 1176, 54;
-19, 306, 17, -453, 750, 27, -75, 1193, 68;
-20, 304, 15, -455, 736, 12, -80, 1186, 58;
-21, 302, 13, -450, 729, 0, -83, 1181, 51;
-15, 308, 18, -382, 784, 31, -60, 1202, 70;
-19, 304, 13, -406, 747, 1, -75, 1186, 51;
-17, 304, 13, -380, 758, 2, -70, 1189, 52;
-22, 300, 8, -407, 716, -30, -86, 1170, 31;
-11, 310, 17, -292, 815, 30, -44, 1210, 70;
-19, 301, 8, -358, 733, -28, -76, 1175, 33;
-17, 303, 9, -323, 751, -20, -67, 1181, 38;
-15, 304, 10, -291, 765, -15, -59, 1186, 41;
-13, 305, 11, -261, 776, -11, -52, 1190, 43;
-8, 309, 15, -198, 820, 14, -31, 1207, 60;
-6, 310, 16, -166, 832, 19, -24, 1212, 63;
-10, 305, 10, -194, 784, -14, -41, 1191, 41;
-11, 303, 8, -190, 768, -28, -45, 1183, 33;
-3, 310, 15, -98, 838, 16, -12, 1212, 61;
0, 312, 16, -61, 852, 24, -3, 1218, 66;
0, 311, 16, -44, 846, 19, -1, 1215, 63;
-7, 303, 8, -95, 772, -30, -28, 1184, 31;
2, 312, 16, 11, 855, 23, 10, 1218, 65;
-4, 303, 8, -44, 775, -29, -18, 1185, 32;
0, 307, 11, 9, 804, -9, -1, 1197, 44;
0, 307, 11, 35, 805, -8, 3, 1198, 45;
6, 311, 15, 98, 841, 16, 23, 1213, 61;
0, 304, 9, 60, 777, -25, 2, 1187, 35;
1, 303, 8, 79, 769, -28, 5, 1184, 33;
4, 305, 10, 121, 784, -17, 16, 1190, 40;
3, 303, 8, 131, 766, -27, 15, 1183, 34;
11, 310, 15, 220, 827, 16, 46, 1209, 60;
11, 308, 13, 228, 807, 5, 44, 1202, 54;
12, 308, 14, 255, 804, 6, 49, 1201, 55;
15, 309, 15, 295, 815, 17, 61, 1207, 62;
15, 307, 14, 306, 796, 9, 60, 1200, 56;
14, 304, 12, 306, 767, -5, 55, 1189, 47;
16, 305, 13, 342, 772, 2, 64, 1192, 52;
20, 307, 15, 389, 789, 18, 78, 1200, 62;
19, 305, 14, 394, 764, 6, 75, 1191, 55;
19, 304, 13, 407, 746, 0, 76, 1185, 51;
19, 301, 11, 415, 722, -9, 74, 1177, 44;
20, 301, 11, 439, 714, -8, 78, 1175, 45;
18, 298, 9, 437, 682, -23, 73, 1163, 36;
20, 298, 9, 463, 676, -20, 79, 1163, 37;
24, 300, 12, 512, 693, -2, 94, 1171, 49;
29, 304, 17, 576, 725, 26, 116, 1186, 67;
22, 295, 9, 522, 639, -23, 89, 1153, 36;
23, 294, 8, 538, 623, -26, 91, 1148, 34;
29, 298, 13, 604, 657, 4, 114, 1164, 53;
27, 295, 11, 601, 621, -10, 108, 1152, 44;
27, 293, 10, 608, 597, -18, 107, 1143, 39;
32, 296, 14, 665, 621, 6, 126, 1156, 55;
32, 294, 12, 672, 596, 0, 125, 1148, 50;
36, 296, 16, 721, 613, 20, 141, 1157, 63;
30, 288, 9, 673, 533, -23, 117, 1126, 36;
37, 294, 15, 750, 579, 16, 145, 1148, 61;
32, 287, 10, 715, 511, -17, 127, 1122, 39;
33, 286, 9, 727, 491, -20, 128, 1117, 38;
36, 288, 13, 773, 506, 0, 144, 1125, 50;
38, 288, 14, 797, 499, 6, 150, 1125, 54;
38, 286, 13, 802, 473, 0, 149, 1117, 50;
42, 289, 16, 851, 490, 22, 166, 1127, 65;
37, 281, 10, 806, 415, -15, 145, 1099, 41;
43, 286, 16, 876, 454, 22, 171, 1118, 64;
36, 277, 8, 809, 357, -30, 140, 1081, 31;
37, 276, 8, 829, 347, -25, 145, 1079, 34;
40, 278, 11, 868, 356, -7, 159, 1086, 46;
41, 277, 12, 881, 340, -5, 162, 1083, 47;
47, 282, 17, 944, 374, 29, 186, 1100, 69;
48, 281, 17, 955, 356, 30, 188, 1096, 69;
46, 277, 15, 946, 319, 18, 182, 1083, 62;
46, 275, 14, 944, 289, 11, 180, 1074, 58;
43, 271, 11, 924, 242, -7, 169, 1058, 46;
46, 272, 14, 955, 246, 8, 181, 1063, 56;
45, 270, 13, 950, 214, 0, 177, 1053, 51;
46, 269, 13, 960, 198, 3, 180, 1050, 53;
46, 267, 13, 964, 177, 2, 180, 1044, 52;
46, 266, 13, 969, 157, 2, 181, 1039, 52;
43, 262, 10, 945, 108, -16, 170, 1022, 40;
47, 264, 14, 986, 125, 8, 187, 1033, 56;
47, 262, 13, 983, 98, 4, 184, 1025, 53;
43, 257, 9, 945, 38, -22, 168, 1003, 36;
42, 255, 9, 944, 14, -24, 167, 997, 35;
43, 254, 9, 948, -3, -23, 169, 993, 36;
43, 253, 9, 949, -23, -22, 169, 988, 37;
45, 254, 11, 972, -20, -7, 179, 993, 46;
45, 253, 11, 969, -43, -8, 177, 986, 45;
51, 257, 17, 1025, -7, 29, 201, 1005, 69;
51, 256, 17, 1024, -27, 29, 201, 1000, 69;
50, 253, 16, 1009, -60, 21, 195, 990, 64;
51, 254, 18, 1021, -65, 31, 201, 991, 70;
44, 245, 10, 950, -153, -13, 172, 958, 42;
44, 244, 11, 948, -171, -12, 172, 954, 43;
50, 249, 17, 1004, -130, 28, 197, 974, 68;
49, 247, 16, 990, -158, 23, 192, 966, 65;
43, 240, 10, 930, -233, -13, 169, 938, 42;
47, 243, 15, 961, -214, 12, 183, 949, 58;
42, 238, 10, 915, -273, -13, 166, 928, 42;
48, 242, 16, 964, -235, 24, 188, 947, 66;
43, 237, 12, 913, -297, -3, 169, 925, 48;
41, 234, 10, 886, -334, -15, 160, 913, 41;
46, 239, 16, 937, -293, 24, 183, 933, 66;
45, 236, 15, 915, -323, 16, 176, 923, 61;
38, 229, 9, 846, -400, -22, 150, 894, 37;
40, 231, 12, 862, -391, -3, 159, 901, 48;
45, 235, 18, 903, -356, 31, 179, 919, 70;
41, 230, 14, 853, -411, 6, 161, 899, 55;
35, 224, 8, 789, -480, -27, 137, 873, 33;
37, 226, 11, 805, -468, -7, 147, 881, 46;
38, 226, 13, 807, -468, 3, 151, 884, 52;
41, 228, 16, 819, -458, 20, 159, 890, 63;
32, 220, 9, 735, -544, -25, 128, 858, 35;
31, 218, 8, 716, -564, -27, 124, 852, 33;
33, 220, 11, 724, -555, -11, 131, 858, 43;
32, 219, 11, 709, -569, -10, 128, 855, 44;
38, 225, 18, 756, -521, 31, 151, 878, 70;
33, 219, 13, 693, -580, 1, 129, 855, 51;
29, 215, 10, 644, -626, -19, 113, 839, 39;
30, 216, 12, 647, -618, -5, 119, 844, 47;
26, 212, 8, 595, -665, -27, 101, 827, 34;
30, 217, 14, 630, -625, 8, 120, 846, 56;
27, 213, 11, 583, -664, -9, 105, 832, 45;
25, 212, 11, 560, -680, -11, 100, 827, 43;
29, 215, 15, 582, -650, 16, 114, 842, 61;
29, 216, 16, 571, -652, 22, 114, 843, 65;
25, 212, 13, 523, -690, 4, 99, 829, 53;
24, 212, 13, 502, -700, 4, 95, 826, 54;
19, 207, 9, 444, -747, -19, 76, 809, 38;
19, 207, 11, 433, -746, -12, 76, 811, 43;
19, 208, 11, 416, -750, -8, 74, 811, 45;
23, 212, 17, 444, -708, 24, 91, 829, 66;
21, 211, 16, 414, -724, 19, 83, 824, 63;
18, 209, 14, 376, -748, 9, 73, 816, 56;
15, 206, 12, 329, -778, -6, 59, 804, 47;
15, 207, 13, 317, -774, 0, 59, 807, 51;
9, 202, 9, 254, -820, -25, 38, 789, 35;
8, 201, 8, 223, -833, -29, 31, 785, 32;
11, 205, 13, 246, -792, 1, 46, 803, 51;
10, 205, 12, 218, -800, -1, 40, 800, 50;
13, 208, 16, 231, -767, 23, 51, 814, 65;
9, 205, 13, 179, -799, 4, 35, 802, 53;
11, 209, 17, 191, -766, 29, 45, 816, 69;
1, 200, 8, 83, -853, -26, 6, 781, 34;
8, 207, 16, 131, -783, 21, 31, 810, 64;
7, 208, 17, 115, -775, 27, 31, 813, 68;
0, 202, 11, 30, -837, -12, 1, 788, 43;
0, 202, 11, 6, -837, -12, -2, 788, 43;
-5, 199, 7, -48, -867, -32, -19, 776, 31;
-6, 199, 8, -71, -866, -31, -24, 776, 31;
-4, 202, 11, -66, -835, -11, -16, 789, 43;
-2, 205, 13, -65, -808, 5, -10, 800, 54;
-7, 202, 10, -121, -838, -14, -27, 787, 41;
-1, 208, 17, -82, -772, 27, -6, 814, 67;
-11, 200, 8, -189, -852, -27, -44, 781, 33;
-5, 208, 16, -142, -777, 19, -19, 811, 63;
-4, 210, 18, -149, -756, 31, -17, 819, 70;
-15, 200, 8, -265, -843, -29, -59, 782, 32;
-6, 210, 18, -197, -746, 31, -26, 822, 70;
-14, 204, 11, -284, -804, -10, -56, 797, 44;
-15, 205, 11, -303, -793, -7, -59, 800, 46;
-12, 209, 15, -292, -752, 15, -49, 816, 60;
-17, 206, 12, -347, -777, -5, -66, 805, 47;
-14, 210, 15, -335, -735, 17, -56, 821, 61;
-13, 213, 17, -339, -709, 30, -53, 831, 69;
-20, 207, 12, -417, -756, -6, -80, 810, 46;
-25, 204, 8, -475, -783, -30, -99, 797, 31;
-17, 213, 17, -414, -690, 24, -68, 834, 66;
-23, 209, 11, -485, -730, -8, -93, 816, 45;
-27, 207, 9, -526, -739, -20, -105, 810, 38;
-25, 211, 12, -522, -703, -3, -98, 824, 48;
-22, 215, 16, -509, -658, 18, -88, 840, 62;
-25, 214, 14, -547, -664, 6, -99, 836, 55;
-27, 214, 13, -577, -662, 0, -107, 835, 51;
-29, 213, 12, -608, -660, -6, -115, 833, 46;
-29, 215, 12, -619, -640, -1, -116, 840, 49;
-25, 221, 17, -591, -580, 29, -100, 863, 69;
-30, 218, 13, -647, -604, 4, -119, 850, 53;
-29, 221, 16, -644, -568, 19, -113, 863, 62;
-33, 218, 12, -699, -591, -5, -132, 851, 47;
-36, 217, 9, -737, -597, -19, -144, 846, 38;
-34, 221, 13, -723, -551, 1, -134, 863, 51;
-35, 221, 12, -745, -542, -2, -140, 864, 49;
-40, 219, 9, -795, -559, -24, -156, 854, 35;
-33, 227, 16, -742, -475, 20, -131, 887, 63;
-36, 226, 14, -774, -475, 9, -141, 884, 56;
-34, 230, 17, -762, -433, 26, -133, 898, 67;
-34, 231, 17, -774, -414, 28, -134, 904, 68;
-43, 224, 9, -862, -471, -21, -168, 877, 37;
-44, 225, 9, -878, -456, -23, -171, 880, 36;
-42, 229, 11, -870, -418, -9, -165, 893, 44;
-40, 232, 13, -861, -379, 4, -159, 906, 53;
-37, 237, 18, -832, -320, 31, -144, 927, 70;
-38, 238, 17, -848, -307, 27, -148, 930, 68;
-42, 235, 13, -897, -327, 1, -166, 919, 52;
-47, 232, 8, -950, -352, -27, -186, 905, 33;
-48, 233, 8, -961, -334, -28, -188, 909, 33;
-45, 237, 12, -937, -282, -6, -177, 928, 46;
-49, 235, 7, -984, -302, -32, -194, 916, 30;
-49, 237, 9, -980, -271, -24, -191, 926, 35;
-46, 241, 12, -959, -223, -6, -181, 942, 46;
-45, 244, 13, -951, -189, 3, -176, 953, 52;
-50, 241, 8, -1001, -214, -26, -196, 940, 34;
-51, 241, 8, -1011, -199, -30, -199, 942, 32;
-41, 253, 18, -922, -85, 32, -161, 986, 70;
-48, 247, 11, -991, -129, -11, -188, 964, 43;
-46, 250, 13, -974, -89, 1, -181, 978, 52;
-43, 254, 16, -951, -43, 19, -170, 993, 62;
-51, 248, 8, -1027, -97, -30, -202, 968, 32;
-43, 257, 16, -951, 0, 20, -170, 1005, 63;
-50, 252, 9, -1017, -44, -22, -197, 983, 36;
-42, 261, 17, -938, 55, 30, -164, 1021, 69;
-45, 259, 14, -968, 44, 9, -177, 1013, 56;
-47, 258, 12, -989, 43, -5, -186, 1009, 47;
-42, 265, 17, -934, 117, 30, -163, 1036, 69;
-46, 262, 13, -977, 91, 0, -182, 1022, 50;
-50, 259, 9, -1009, 77, -23, -196, 1013, 36;
-45, 265, 13, -965, 138, 3, -178, 1035, 53;
-48, 263, 10, -987, 131, -14, -189, 1029, 42;
-43, 270, 15, -937, 197, 16, -169, 1053, 60;
-46, 268, 12, -960, 189, -2, -180, 1046, 49;
-45, 269, 12, -952, 210, -2, -178, 1051, 49;
-42, 273, 15, -920, 255, 14, -166, 1067, 60;
-40, 276, 16, -899, 288, 23, -159, 1077, 65;
-45, 272, 12, -936, 263, -6, -176, 1064, 47;
-46, 272, 10, -941, 269, -14, -180, 1063, 41;
-47, 272, 8, -949, 271, -26, -186, 1060, 34;
-39, 280, 16, -870, 359, 19, -155, 1094, 63;
-46, 275, 9, -923, 315, -22, -179, 1072, 37;
-45, 276, 9, -910, 335, -21, -177, 1078, 37;
-36, 286, 18, -820, 432, 31, -142, 1115, 70;
-38, 284, 15, -834, 424, 13, -150, 1109, 59;
-43, 279, 9, -877, 387, -22, -171, 1090, 36;
-42, 281, 10, -855, 414, -16, -165, 1098, 40;
-35, 288, 16, -786, 487, 20, -139, 1126, 63;
-39, 285, 11, -816, 459, -9, -155, 1112, 45;
-34, 290, 16, -759, 519, 19, -134, 1134, 63;
-42, 283, 7, -821, 457, -32, -164, 1105, 30;
-36, 289, 12, -761, 518, -2, -143, 1128, 49;
-36, 289, 12, -751, 528, -6, -142, 1129, 46;
-36, 290, 11, -740, 538, -9, -141, 1131, 44;
-29, 296, 17, -669, 607, 25, -116, 1157, 67;
-38, 288, 7, -739, 535, -31, -148, 1125, 31;
-35, 290, 9, -708, 562, -23, -140, 1134, 36;
-30, 296, 13, -647, 619, 5, -118, 1155, 54;
-29, 297, 14, -626, 634, 6, -114, 1159, 55;
-30, 295, 11, -628, 626, -7, -119, 1154, 46;
-32, 294, 9, -632, 616, -22, -125, 1147, 36;
-28, 297, 11, -589, 651, -7, -112, 1160, 46;
-29, 296, 9, -588, 644, -20, -116, 1155, 38;
-25, 300, 12, -538, 684, -1, -100, 1170, 50;
-26, 299, 11, -534, 679, -11, -103, 1166, 43;
-23, 301, 13, -492, 710, 1, -91, 1177, 52;
-25, 299, 10, -496, 696, -14, -97, 1169, 41;
-18, 305, 16, -423, 756, 19, -72, 1192, 62;
-16, 307, 17, -388, 778, 27, -62, 1200, 68;
-16, 307, 16, -374, 778, 21, -62, 1199, 64;
-18, 304, 13, -383, 755, 0, -71, 1188, 51;
-16, 305, 13, -355, 768, 4, -64, 1192, 53;
-15, 306, 13, -332, 775, 4, -60, 1193, 53;
-13, 307, 14, -301, 790, 9, -52, 1199, 57;
-9, 310, 17, -248, 826, 29, -36, 1212, 69;
-9, 310, 16, -233, 823, 23, -35, 1210, 65;
-7, 311, 17, -204, 834, 26, -28, 1214, 67;
-12, 305, 10, -241, 778, -13, -49, 1190, 42;
-5, 311, 17, -156, 842, 26, -20, 1216, 67;
-5, 310, 15, -151, 828, 14, -23, 1209, 59;
-9, 305, 10, -172, 785, -16, -37, 1191, 40;
-7, 306, 11, -141, 795, -12, -30, 1194, 43;
-8, 304, 8, -137, 776, -25, -34, 1186, 34;
0, 313, 17, -31, 859, 28, 3, 1220, 68;
0, 310, 15, -30, 837, 12, -1, 1211, 58;
2, 311, 16, 6, 850, 20, 8, 1216, 63;
-3, 305, 9, -32, 787, -21, -13, 1190, 37;
-1, 306, 10, 1, 795, -15, -5, 1194, 41;
0, 306, 10, 27, 796, -14, 0, 1194, 41;
7, 312, 16, 110, 853, 24, 28, 1218, 66;
1, 304, 9, 64, 781, -22, 4, 1188, 36;
2, 304, 9, 88, 778, -23, 8, 1187, 36;
5, 306, 11, 129, 792, -11, 20, 1194, 43;
8, 307, 12, 171, 806, 0, 31, 1200, 50;
11, 309, 15, 216, 823, 13, 45, 1208, 59;
5, 302, 8, 174, 752, -30, 21, 1179, 31;
16, 311, 17, 287, 837, 28, 63, 1215, 68;
7, 301, 7, 219, 739, -32, 29, 1175, 30;
14, 306, 13, 297, 788, 3, 56, 1196, 53;
14, 305, 12, 309, 769, -4, 56, 1190, 48;
15, 304, 12, 329, 760, -5, 59, 1187, 47;
16, 303, 11, 350, 750, -7, 62, 1184, 46;
20, 306, 15, 404, 774, 13, 80, 1195, 59;
20, 304, 13, 414, 752, 4, 78, 1188, 53;
21, 304, 14, 439, 746, 6, 84, 1187, 54;
18, 299, 9, 419, 695, -21, 70, 1167, 37;
22, 301, 12, 471, 715, -1, 87, 1177, 49;
26, 304, 16, 525, 738, 20, 105, 1188, 63;
28, 304, 17, 554, 735, 25, 112, 1189, 66;
27, 301, 14, 554, 703, 11, 107, 1177, 57;
29, 301, 15, 580, 697, 14, 113, 1177, 60;
24, 295, 9, 545, 630, -22, 94, 1151, 37;
32, 302, 17, 637, 689, 26, 127, 1178, 67;
32, 300, 16, 648, 669, 21, 128, 1171, 64;
35, 300, 17, 680, 669, 29, 137, 1173, 69;
36, 300, 17, 700, 656, 30, 140, 1170, 69;
33, 295, 14, 683, 607, 6, 129, 1152, 55;
36, 296, 16, 721, 613, 20, 141, 1157, 63;
32, 291, 11, 694, 554, -9, 126, 1135, 45;
32, 289, 11, 709, 537, -10, 128, 1130, 44;
35, 290, 13, 743, 540, 1, 139, 1134, 51;
33, 286, 9, 728, 493, -19, 129, 1117, 38;
34, 286, 10, 748, 481, -16, 133, 1115, 40;
36, 286, 11, 774, 476, -9, 141, 1116, 45;
35, 284, 10, 779, 449, -15, 140, 1107, 41;
35, 281, 9, 779, 418, -25, 136, 1097, 35;
42, 286, 15, 852, 461, 14, 164, 1118, 60;
42, 285, 15, 866, 445, 15, 167, 1114, 60;
43, 284, 15, 881, 429, 16, 170, 1110, 61;
41, 281, 13, 869, 387, 0, 162, 1096, 51;
38, 276, 9, 849, 337, -19, 151, 1079, 38;
40, 277, 11, 874, 333, -10, 159, 1080, 44;
41, 276, 11, 889, 319, -7, 163, 1077, 46;
48, 281, 18, 958, 360, 32, 190, 1097, 71;
48, 279, 18, 965, 338, 31, 190, 1091, 70;
47, 277, 16, 957, 303, 20, 185, 1080, 63;
40, 268, 8, 894, 212, -27, 157, 1046, 34;
49, 275, 17, 983, 274, 27, 192, 1075, 67;
49, 274, 17, 989, 253, 26, 193, 1069, 67;
48, 271, 16, 984, 222, 19, 190, 1060, 63;
43, 265, 10, 940, 153, -13, 170, 1034, 42;
43, 263, 9, 936, 123, -20, 167, 1025, 38;
43, 262, 10, 945, 108, -16, 170, 1022, 40;
50, 267, 16, 1006, 145, 21, 195, 1041, 64;
50, 265, 16, 1009, 124, 21, 195, 1036, 64;
45, 259, 11, 967, 59, -8, 177, 1012, 45;
44, 257, 11, 963, 32, -12, 175, 1005, 43;
51, 262, 17, 1021, 69, 25, 199, 1023, 67;
42, 252, 8, 943, -30, -26, 166, 985, 34;
48, 257, 14, 998, 4, 10, 189, 1003, 57;
42, 249, 8, 938, -75, -29, 164, 973, 32;
43, 250, 10, 953, -79, -18, 171, 975, 39;
41, 246, 8, 934, -117, -30, 163, 963, 31;
42, 246, 9, 941, -128, -23, 167, 962, 36;
48, 250, 14, 987, -99, 8, 187, 977, 56;
51, 252, 17, 1014, -88, 29, 199, 985, 69;
46, 247, 13, 970, -149, 2, 182, 963, 52;
46, 245, 13, 963, -171, 1, 180, 957, 52;
46, 245, 14, 967, -182, 7, 183, 956, 55;
43, 241, 11, 934, -229, -10, 170, 940, 44;
45, 241, 13, 943, -233, 0, 176, 942, 51;
49, 244, 17, 979, -209, 29, 192, 955, 69;
41, 236, 10, 904, -296, -15, 163, 922, 41;
39, 233, 8, 875, -335, -29, 153, 909, 32;
41, 234, 10, 886, -334, -15, 159, 912, 41;
47, 239, 17, 943, -287, 28, 185, 935, 68;
38, 230, 8, 851, -387, -25, 150, 897, 35;
43, 234, 14, 889, -356, 7, 168, 913, 55;
37, 228, 9, 833, -420, -22, 147, 889, 36;
41, 230, 13, 856, -403, 0, 159, 899, 51;
39, 228, 11, 833, -432, -6, 153, 890, 46;
43, 232, 17, 870, -399, 26, 171, 907, 67;
43, 231, 17, 858, -415, 27, 169, 903, 68;
43, 231, 18, 851, -424, 32, 169, 902, 71;
33, 220, 8, 745, -533, -28, 129, 860, 33;
32, 219, 8, 731, -548, -28, 126, 856, 33;
36, 222, 12, 756, -523, 0, 140, 869, 50;
35, 222, 13, 744, -535, 2, 139, 867, 52;
35, 221, 13, 733, -545, 5, 138, 865, 54;
30, 216, 9, 676, -600, -21, 119, 845, 37;
37, 224, 17, 737, -536, 30, 148, 874, 70;
30, 216, 11, 658, -612, -10, 119, 845, 44;
32, 218, 14, 667, -598, 8, 127, 853, 56;
33, 220, 16, 669, -592, 21, 132, 858, 64;
29, 215, 13, 618, -636, 0, 115, 841, 51;
32, 218, 16, 633, -615, 23, 126, 852, 65;
25, 211, 10, 553, -687, -16, 97, 824, 40;
27, 214, 13, 564, -668, 4, 106, 834, 53;
26, 213, 13, 543, -679, 4, 102, 831, 53;
26, 214, 15, 536, -677, 13, 104, 834, 59;
23, 211, 12, 494, -708, 0, 92, 823, 50;
27, 215, 18, 522, -669, 32, 108, 841, 71;
20, 208, 11, 441, -738, -6, 80, 814, 46;
20, 209, 12, 428, -739, -1, 79, 815, 50;
16, 206, 10, 381, -772, -17, 65, 803, 40;
18, 208, 13, 389, -749, 3, 73, 814, 52;
14, 204, 10, 333, -790, -18, 55, 798, 39;
16, 207, 13, 342, -766, 2, 64, 809, 52;
15, 207, 13, 323, -768, 5, 62, 810, 54;
12, 205, 11, 279, -795, -8, 49, 799, 45;
11, 204, 11, 251, -805, -11, 42, 796, 43;
8, 202, 10, 216, -822, -19, 33, 790, 39;
12, 207, 15, 241, -777, 14, 49, 810, 59;
5, 201, 9, 159, -839, -24, 21, 784, 35;
5, 202, 10, 146, -832, -16, 21, 788, 40;
7, 204, 13, 149, -808, 1, 28, 799, 51;
10, 208, 17, 164, -771, 27, 40, 814, 68;
1, 200, 9, 63, -850, -23, 3, 782, 36;
0, 201, 10, 46, -845, -18, 2, 785, 39;
2, 204, 13, 52, -815, 2, 10, 797, 52;
5, 208, 16, 61, -782, 24, 19, 811, 66;
0, 203, 12, -6, -826, -4, -2, 793, 48;
4, 209, 18, 24, -770, 32, 15, 816, 71;
-5, 201, 9, -78, -847, -19, -21, 784, 38;
0, 206, 15, -50, -793, 16, -3, 806, 60;
-8, 200, 8, -137, -854, -25, -34, 781, 34;
-2, 208, 16, -87, -777, 24, -8, 812, 65;
-2, 209, 17, -102, -765, 30, -8, 817, 69;
-7, 205, 13, -164, -798, 5, -28, 802, 54;
-4, 209, 17, -151, -758, 29, -18, 818, 69;
-5, 210, 17, -175, -754, 29, -22, 819, 69;
-13, 203, 11, -262, -811, -11, -53, 795, 43;
-9, 209, 16, -239, -759, 19, -37, 816, 63;
-18, 202, 8, -333, -824, -27, -71, 788, 33;
-11, 210, 16, -286, -746, 19, -46, 819, 63;
-14, 209, 14, -321, -751, 11, -55, 815, 58;
-19, 205, 10, -386, -786, -15, -77, 800, 41;
-16, 210, 14, -367, -736, 11, -64, 819, 58;
-20, 208, 12, -413, -751, -3, -78, 812, 48;
-19, 210, 14, -421, -728, 5, -76, 820, 54;
-17, 213, 16, -415, -691, 24, -69, 834, 66;
-23, 210, 12, -477, -722, -2, -89, 819, 49;
-22, 212, 14, -484, -697, 7, -87, 828, 55;
-29, 207, 8, -558, -739, -28, -113, 809, 33;
-24, 213, 13, -530, -679, 4, -97, 832, 53;
-31, 208, 8, -604, -721, -30, -123, 812, 31;
-30, 211, 10, -604, -689, -17, -118, 824, 40;
-33, 210, 8, -639, -692, -27, -128, 820, 33;
-25, 219, 17, -580, -600, 24, -99, 856, 66;
-35, 211, 8, -682, -671, -31, -138, 825, 31;
-28, 220, 15, -630, -586, 16, -111, 858, 61;
-33, 217, 11, -683, -607, -6, -129, 847, 46;
-35, 216, 10, -713, -605, -15, -138, 845, 41;
-29, 224, 17, -667, -527, 27, -115, 875, 67;
-34, 221, 13, -725, -554, 0, -135, 862, 50;
-40, 217, 8, -785, -581, -28, -156, 848, 33;
-34, 224, 14, -744, -508, 9, -135, 875, 56;
-38, 222, 11, -790, -524, -11, -151, 866, 43;
-42, 219, 7, -837, -539, -32, -167, 857, 30;
-40, 224, 11, -820, -491, -11, -157, 874, 43;
-39, 226, 12, -822, -462, -3, -154, 884, 48;
-37, 230, 15, -809, -418, 13, -146, 899, 59;
-43, 226, 10, -869, -447, -17, -167, 884, 40;
-41, 229, 12, -865, -413, -6, -163, 895, 47;
-45, 227, 8, -907, -425, -26, -178, 887, 34;
-38, 236, 16, -847, -336, 20, -150, 921, 64;
-45, 231, 10, -913, -372, -15, -175, 903, 41;
-44, 234, 12, -909, -339, -6, -171, 913, 46;
-41, 238, 14, -895, -296, 9, -163, 928, 56;
-48, 233, 8, -961, -334, -28, -189, 909, 33;
-44, 238, 12, -932, -277, -3, -175, 930, 48;
-43, 241, 14, -920, -238, 9, -168, 943, 57;
-49, 236, 8, -988, -279, -30, -194, 923, 32;
-48, 239, 9, -980, -244, -20, -189, 934, 38;
-47, 241, 10, -976, -215, -14, -187, 943, 42;
-45, 245, 13, -958, -170, 1, -178, 957, 52;
-43, 248, 15, -944, -132, 14, -171, 970, 59;
-44, 249, 14, -955, -117, 10, -174, 973, 57;
-47, 247, 11, -985, -124, -7, -186, 967, 46;
-45, 252, 14, -962, -77, 9, -176, 983, 57;
-48, 250, 11, -995, -87, -10, -189, 975, 44;
-42, 257, 17, -940, -10, 27, -165, 1004, 68;
-43, 257, 16, -950, 1, 21, -169, 1005, 64;
-44, 258, 15, -961, 11, 14, -174, 1006, 59;
-43, 260, 16, -951, 41, 21, -170, 1015, 64;
-51, 254, 8, -1022, -8, -26, -199, 991, 34;
-47, 258, 12, -988, 44, -4, -186, 1009, 48;
-44, 263, 15, -955, 96, 16, -172, 1028, 61;
-46, 262, 12, -978, 90, -1, -182, 1022, 50;
-41, 268, 18, -925, 161, 32, -161, 1048, 71;
-45, 265, 14, -960, 142, 6, -177, 1037, 54;
-42, 269, 16, -935, 184, 20, -167, 1050, 63;
-47, 265, 11, -980, 154, -12, -187, 1035, 43;
-41, 273, 17, -912, 236, 28, -160, 1065, 68;
-50, 265, 8, -996, 166, -31, -196, 1033, 31;
-49, 266, 8, -988, 187, -30, -194, 1039, 31;
-47, 270, 10, -958, 229, -15, -184, 1053, 41;
-44, 273, 13, -926, 274, 1, -172, 1068, 51;
-39, 279, 18, -872, 338, 30, -152, 1091, 70;
-47, 272, 9, -946, 275, -24, -184, 1062, 35;
-47, 273, 8, -940, 289, -26, -184, 1065, 34;
-38, 283, 17, -847, 391, 28, -148, 1104, 68;
-39, 282, 15, -854, 392, 16, -153, 1101, 61;
-44, 277, 9, -897, 355, -20, -174, 1083, 38;
-41, 281, 12, -861, 397, -3, -162, 1097, 48;
-41, 282, 12, -852, 412, -6, -161, 1100, 47;
-34, 289, 18, -782, 487, 32, -134, 1129, 70;
-37, 287, 14, -800, 472, 11, -145, 1120, 57;
-43, 281, 8, -846, 430, -28, -167, 1099, 32;
-33, 291, 17, -749, 528, 25, -131, 1137, 66;
-41, 284, 8, -815, 464, -28, -161, 1108, 33;
-33, 292, 15, -733, 546, 16, -131, 1140, 61;
-39, 287, 9, -775, 504, -22, -152, 1119, 37;
-38, 287, 9, -762, 516, -24, -150, 1122, 35;
-32, 293, 14, -699, 578, 6, -128, 1145, 54;
-28, 298, 18, -643, 630, 31, -109, 1164, 70;
-30, 296, 14, -657, 613, 10, -119, 1155, 57;
-26, 300, 18, -606, 659, 32, -102, 1172, 70;
-33, 293, 10, -664, 597, -18, -130, 1143, 39;
-34, 292, 8, -662, 593, -29, -133, 1140, 32;
-24, 301, 17, -560, 688, 25, -95, 1177, 66;
-27, 298, 12, -581, 660, -1, -109, 1163, 49;
-26, 299, 13, -557, 675, 0, -103, 1168, 51;
-23, 301, 14, -521, 702, 10, -93, 1177, 57;
-21, 303, 16, -487, 726, 19, -84, 1185, 62;
-27, 297, 8, -535, 667, -26, -109, 1159, 34;
-21, 303, 14, -461, 731, 8, -83, 1183, 56;
-20, 303, 13, -444, 735, 4, -81, 1184, 53;
-24, 299, 9, -468, 699, -25, -95, 1167, 35;
-17, 305, 14, -391, 762, 11, -69, 1192, 57;
-22, 300, 8, -425, 713, -27, -88, 1170, 34;
-16, 306, 14, -351, 773, 7, -62, 1194, 55;
-18, 303, 11, -356, 752, -11, -70, 1184, 43;
-16, 304, 11, -327, 764, -7, -63, 1188, 46;
-9, 311, 17, -246, 828, 30, -35, 1213, 69;
-12, 306, 12, -269, 787, 0, -50, 1195, 50;
-16, 302, 8, -285, 752, -27, -62, 1180, 33;
-6, 311, 16, -185, 833, 23, -26, 1213, 65;
-11, 305, 11, -215, 784, -12, -44, 1191, 43;
-8, 307, 12, -174, 804, -1, -33, 1199, 49;
-11, 303, 8, -192, 765, -29, -46, 1183, 32;
-9, 304, 9, -159, 776, -24, -38, 1187, 35;
-3, 309, 14, -87, 826, 7, -13, 1207, 55;
-5, 306, 10, -95, 795, -14, -22, 1194, 41;
-6, 304, 9, -84, 783, -23, -23, 1188, 36;
-5, 304, 9, -61, 782, -24, -20, 1188, 35;
4, 312, 17, 38, 858, 25, 16, 1219, 66;
3, 311, 15, 48, 843, 15, 14, 1213, 60;
1, 308, 12, 44, 813, -3, 6, 1201, 48;
5, 310, 15, 96, 839, 14, 23, 1212, 60;
4, 308, 13, 99, 815, 0, 18, 1202, 51;
5, 307, 12, 116, 806, -4, 20, 1199, 48;
12, 313, 18, 195, 858, 32, 47, 1221, 70;
10, 309, 14, 190, 825, 12, 39, 1208, 58;
11, 309, 14, 214, 821, 12, 44, 1207, 58;
7, 304, 9, 189, 768, -20, 28, 1185, 38;
13, 308, 14, 257, 807, 8, 51, 1202, 56;
16, 310, 17, 307, 827, 25, 66, 1212, 66;
15, 307, 14, 306, 797, 9, 60, 1200, 57;
10, 301, 8, 270, 731, -30, 40, 1174, 32;
11, 301, 8, 297, 728, -27, 46, 1174, 33;
12, 300, 8, 321, 721, -27, 50, 1172, 34;
17, 303, 12, 378, 747, -4, 69, 1184, 48;
18, 303, 12, 399, 738, -5, 72, 1182, 47;
22, 305, 15, 451, 758, 14, 89, 1192, 59;
23, 304, 15, 471, 746, 12, 92, 1188, 58;
21, 300, 11, 458, 703, -9, 82, 1172, 44;
19, 297, 9, 457, 670, -25, 76, 1160, 35;
26, 302, 15, 535, 716, 12, 104, 1181, 58;
21, 295, 8, 497, 646, -26, 83, 1154, 34;
26, 299, 12, 554, 671, -2, 102, 1166, 49;
29, 300, 14, 591, 676, 9, 113, 1170, 56;
33, 302, 18, 644, 697, 31, 130, 1181, 70;
34, 301, 17, 661, 682, 29, 133, 1176, 69;
26, 292, 9, 599, 588, -24, 103, 1140, 35;
30, 294, 12, 645, 602, -6, 118, 1148, 47;
32, 294, 13, 673, 597, 0, 125, 1148, 50;
29, 289, 9, 656, 548, -23, 114, 1130, 36;
37, 295, 16, 737, 598, 19, 144, 1153, 63;
36, 293, 14, 740, 568, 10, 141, 1143, 57;
35, 291, 13, 746, 542, 2, 140, 1135, 52;
33, 287, 10, 732, 497, -16, 130, 1119, 40;
37, 289, 13, 781, 514, 5, 147, 1129, 54;
38, 288, 14, 798, 500, 6, 151, 1126, 55;
37, 285, 12, 796, 466, -4, 147, 1115, 48;
34, 281, 8, 778, 417, -25, 136, 1097, 34;
40, 284, 13, 834, 443, 2, 156, 1111, 52;
42, 285, 15, 862, 441, 13, 165, 1112, 59;
37, 279, 10, 827, 375, -18, 147, 1088, 39;
45, 285, 17, 908, 426, 27, 178, 1112, 67;
40, 278, 11, 867, 355, -8, 158, 1086, 45;
39, 275, 9, 856, 315, -22, 152, 1072, 37;
42, 276, 12, 891, 321, -5, 164, 1078, 47;
44, 276, 13, 916, 317, 4, 172, 1080, 53;
39, 270, 8, 873, 246, -30, 152, 1053, 32;
43, 272, 11, 914, 259, -8, 167, 1062, 45;
46, 274, 14, 951, 269, 10, 181, 1069, 57;
43, 269, 11, 927, 218, -10, 169, 1051, 44;
45, 269, 12, 948, 212, 0, 176, 1052, 50;
43, 266, 10, 932, 170, -15, 168, 1038, 41;
47, 268, 14, 971, 184, 7, 183, 1047, 55;
49, 269, 16, 995, 182, 19, 192, 1050, 62;
49, 268, 16, 1003, 166, 21, 194, 1046, 64;
42, 259, 8, 932, 71, -27, 164, 1010, 33;
49, 264, 15, 1000, 115, 15, 192, 1032, 60;
49, 263, 15, 1004, 96, 16, 192, 1027, 61;
51, 263, 17, 1019, 89, 25, 198, 1028, 66;
48, 259, 14, 996, 44, 9, 189, 1013, 56;
49, 259, 15, 1004, 31, 13, 192, 1011, 59;
44, 253, 11, 964, -29, -12, 175, 989, 42;
44, 251, 10, 957, -56, -17, 172, 981, 40;
44, 250, 10, 954, -78, -18, 171, 975, 39;
46, 251, 12, 976, -75, -2, 181, 980, 49;
43, 247, 10, 949, -120, -18, 170, 965, 39;
46, 248, 12, 971, -115, -1, 180, 970, 49;
43, 245, 10, 947, -156, -15, 171, 957, 41;
41, 242, 8, 923, -195, -28, 162, 944, 33;
46, 245, 13, 966, -168, 3, 181, 959, 53;
47, 245, 14, 973, -176, 11, 185, 959, 58;
47, 244, 14, 967, -196, 11, 184, 954, 58;
46, 243, 14, 957, -218, 9, 182, 948, 57;
44, 240, 13, 937, -251, 1, 175, 937, 51;
41, 235, 9, 896, -303, -20, 160, 919, 38;
39, 233, 9, 881, -330, -25, 155, 911, 35;
44, 237, 14, 920, -300, 7, 174, 927, 55;
45, 237, 15, 919, -310, 12, 175, 925, 59;
44, 236, 15, 911, -327, 14, 174, 922, 59;
46, 237, 17, 922, -323, 29, 182, 926, 69;
44, 235, 16, 898, -355, 20, 174, 916, 63;
36, 226, 8, 815, -444, -27, 142, 882, 34;
35, 224, 8, 800, -464, -28, 139, 877, 33;
39, 228, 13, 832, -437, 1, 155, 891, 51;
41, 229, 15, 841, -431, 16, 162, 896, 61;
38, 226, 12, 801, -474, 0, 149, 881, 50;
39, 227, 14, 806, -472, 11, 154, 885, 58;
32, 219, 8, 732, -547, -27, 127, 857, 33;
31, 218, 8, 717, -562, -26, 124, 853, 34;
31, 217, 8, 702, -577, -26, 122, 849, 34;
34, 221, 12, 724, -554, 0, 134, 861, 50;
32, 218, 11, 696, -580, -8, 127, 853, 45;
30, 216, 10, 669, -605, -14, 119, 845, 41;
37, 223, 18, 722, -548, 32, 145, 871, 71;
31, 217, 12, 654, -612, 0, 121, 847, 50;
33, 219, 15, 661, -600, 16, 128, 854, 61;
34, 220, 18, 665, -589, 32, 135, 861, 71;
28, 214, 13, 598, -650, 0, 111, 838, 51;
23, 209, 8, 534, -706, -28, 89, 817, 32;
27, 214, 13, 564, -668, 4, 106, 834, 53;
20, 207, 8, 492, -731, -30, 81, 810, 32;
23, 211, 12, 509, -704, -4, 93, 823, 48;
26, 213, 15, 520, -683, 16, 102, 834, 61;
19, 207, 9, 441, -751, -21, 74, 807, 37;
19, 208, 11, 434, -745, -11, 76, 811, 43;
22, 211, 15, 449, -717, 13, 88, 824, 59;
23, 212, 16, 442, -710, 23, 90, 829, 65;
22, 212, 17, 426, -713, 27, 88, 829, 68;
12, 202, 7, 313, -810, -32, 47, 790, 30;
12, 203, 9, 307, -801, -21, 50, 795, 37;
14, 206, 12, 310, -781, -3, 56, 804, 48;
11, 204, 10, 269, -805, -15, 45, 795, 41;
8, 201, 8, 224, -832, -29, 31, 785, 32;
11, 205, 12, 240, -798, -2, 43, 800, 49;
13, 208, 15, 246, -773, 17, 51, 811, 61;
4, 199, 7, 147, -852, -32, 16, 779, 30;
3, 199, 8, 124, -854, -31, 12, 779, 31;
8, 205, 14, 158, -799, 7, 32, 803, 55;
10, 209, 17, 168, -768, 30, 41, 816, 69;
3, 203, 12, 91, -822, -4, 15, 794, 48;
7, 208, 16, 110, -781, 24, 28, 811, 65;
0, 201, 9, 20, -847, -19, -2, 784, 38;
-2, 200, 9, -8, -852, -22, -9, 782, 37;
-5, 199, 7, -48, -867, -32, -19, 776, 31;
1, 206, 15, -2, -797, 14, 4, 805, 60;
-6, 199, 8, -92, -861, -28, -26, 778, 33;
0, 208, 17, -35, -778, 26, 2, 812, 67;
0, 208, 16, -62, -779, 24, -3, 812, 65;
-3, 207, 15, -98, -788, 16, -12, 808, 61;
-11, 200, 8, -187, -850, -26, -44, 781, 34;
-6, 206, 14, -157, -792, 9, -25, 805, 57;
-13, 201, 9, -231, -837, -23, -51, 785, 36;
-13, 202, 9, -250, -828, -19, -53, 789, 38;
-13, 204, 11, -260, -810, -10, -52, 795, 44;
-9, 209, 16, -234, -754, 22, -35, 818, 65;
-18, 202, 8, -331, -822, -26, -70, 788, 34;
-13, 208, 14, -298, -759, 11, -51, 813, 57;
-17, 206, 11, -349, -779, -6, -67, 804, 46;
-18, 206, 11, -377, -777, -10, -74, 803, 44;
-18, 208, 12, -385, -754, 0, -72, 812, 50;
-16, 211, 15, -382, -720, 16, -65, 824, 61;
-15, 213, 17, -386, -694, 28, -62, 834, 68;
-25, 206, 9, -483, -759, -21, -97, 805, 37;
-22, 211, 13, -469, -714, 2, -86, 823, 52;
-28, 206, 8, -540, -753, -30, -111, 805, 32;
-19, 216, 17, -471, -652, 30, -77, 845, 69;
-29, 209, 9, -568, -718, -21, -113, 816, 37;
-31, 208, 8, -600, -717, -28, -121, 814, 33;
-23, 218, 17, -539, -624, 25, -91, 851, 67;
-31, 211, 10, -625, -678, -18, -122, 826, 39;
-32, 212, 9, -648, -669, -20, -128, 828, 38;
-29, 217, 14, -625, -613, 7, -114, 849, 55;
-31, 217, 12, -656, -612, -1, -122, 847, 50;
-37, 213, 8, -719, -643, -30, -144, 832, 32;
-32, 220, 13, -682, -574, 5, -125, 858, 54;
-37, 216, 9, -739, -599, -20, -145, 845, 37;
-39, 216, 8, -766, -594, -27, -152, 845, 33;
-35, 221, 12, -745, -541, -2, -139, 864, 49;
-35, 223, 13, -750, -515, 4, -138, 873, 53;
-36, 224, 13, -767, -500, 3, -141, 876, 53;
-42, 220, 8, -834, -535, -30, -166, 859, 32;
-37, 226, 13, -797, -467, 3, -147, 884, 53;
-43, 222, 8, -858, -497, -27, -169, 869, 33;
-40, 227, 12, -838, -447, -5, -158, 887, 47;
-39, 230, 14, -833, -411, 6, -153, 899, 55;
-44, 227, 9, -886, -434, -20, -172, 886, 38;
-44, 228, 10, -895, -413, -18, -173, 892, 39;
-45, 229, 9, -916, -404, -24, -179, 893, 35;
-46, 230, 9, -922, -381, -21, -179, 899, 37;
-39, 239, 16, -864, -294, 24, -152, 932, 65;
-47, 232, 8, -948, -350, -25, -185, 906, 34;
-44, 237, 12, -921, -294, -1, -172, 926, 49;
-40, 242, 16, -895, -241, 21, -159, 945, 64;
-41, 243, 16, -902, -219, 22, -160, 950, 64;
-42, 244, 15, -916, -207, 17, -164, 952, 61;
-50, 237, 8, -994, -258, -30, -195, 928, 32;
-48, 241, 10, -978, -216, -14, -187, 942, 41;
-50, 240, 8, -1005, -218, -29, -197, 938, 32;
-49, 242, 9, -1001, -189, -23, -194, 947, 36;
-42, 251, 16, -933, -96, 24, -165, 982, 66;
-48, 247, 11, -990, -129, -10, -188, 965, 44;
-41, 255, 17, -932, -47, 30, -163, 995, 69;
-47, 251, 12, -981, -73, 0, -183, 981, 50;
-48, 251, 11, -993, -63, -7, -187, 982, 46;
-52, 249, 7, -1031, -79, -32, -203, 972, 30;
-51, 250, 8, -1029, -56, -30, -202, 978, 31;
-51, 252, 8, -1025, -31, -27, -200, 985, 33;
-49, 255, 10, -1008, 5, -16, -193, 997, 40;
-45, 260, 14, -970, 62, 7, -178, 1017, 55;
-48, 259, 11, -993, 57, -9, -188, 1012, 45;
-46, 263, 13, -970, 99, 4, -179, 1025, 53;
-42, 267, 17, -933, 153, 27, -164, 1044, 67;
-46, 265, 13, -967, 136, 2, -179, 1034, 52;
-49, 262, 9, -1000, 119, -22, -194, 1024, 36;
-45, 268, 13, -953, 181, 5, -176, 1046, 54;
-46, 268, 12, -959, 190, -2, -179, 1046, 49;
-40, 274, 17, -903, 259, 30, -158, 1072, 69;
-46, 270, 12, -951, 224, -5, -179, 1054, 47;
-48, 268, 8, -974, 213, -26, -190, 1046, 34;
-44, 273, 13, -927, 273, 0, -172, 1067, 51;
-44, 274, 12, -920, 290, -1, -172, 1071, 50;
-41, 278, 15, -890, 330, 12, -161, 1085, 59;
-45, 274, 10, -923, 306, -15, -177, 1072, 41;
-47, 273, 7, -938, 300, -32, -185, 1066, 31;
-39, 282, 15, -855, 391, 16, -154, 1101, 60;
-40, 282, 14, -854, 398, 8, -156, 1101, 56;
-37, 285, 16, -827, 432, 19, -147, 1112, 62;
-37, 286, 15, -816, 448, 18, -146, 1116, 62;
-40, 283, 12, -838, 431, -5, -158, 1106, 47;
-43, 281, 8, -859, 414, -28, -169, 1095, 33;
-35, 289, 16, -772, 503, 20, -137, 1130, 63;
-42, 282, 8, -833, 445, -29, -165, 1103, 32;
-32, 293, 17, -729, 550, 29, -125, 1144, 69;
-31, 294, 18, -711, 569, 31, -122, 1149, 70;
-36, 289, 12, -749, 530, -5, -141, 1130, 47;
-30, 296, 17, -684, 594, 27, -118, 1154, 68;
-36, 290, 10, -729, 547, -14, -140, 1132, 42;
-33, 293, 12, -695, 578, -2, -130, 1143, 49;
-36, 290, 8, -712, 558, -25, -141, 1132, 34;
-30, 296, 14, -643, 622, 7, -117, 1156, 55;
-28, 297, 14, -622, 639, 9, -112, 1161, 56;
-33, 293, 9, -654, 600, -24, -130, 1143, 35;
-27, 298, 14, -589, 659, 5, -107, 1165, 54;
-28, 297, 12, -586, 655, -5, -111, 1161, 47;
-31, 294, 8, -603, 629, -30, -122, 1149, 32;
-28, 297, 10, -563, 660, -17, -111, 1159, 40;
-20, 304, 16, -480, 733, 24, -81, 1188, 66;
-23, 302, 13, -490, 713, 3, -90, 1178, 53;
-20, 304, 14, -456, 735, 11, -81, 1185, 58;
-17, 306, 17, -413, 766, 25, -68, 1196, 66;
-17, 306, 16, -401, 765, 19, -68, 1195, 62;
-19, 303, 13, -407, 746, 0, -75, 1185, 51;
-16, 306, 14, -368, 770, 10, -65, 1194, 57;
-14, 308, 16, -333, 791, 19, -55, 1201, 62;
-17, 304, 11, -350, 757, -7, -68, 1186, 46;
-17, 303, 11, -334, 757, -12, -66, 1185, 43;
-16, 304, 10, -313, 760, -14, -63, 1185, 41;
-12, 307, 13, -261, 795, 4, -47, 1199, 53;
-13, 304, 11, -263, 774, -12, -53, 1189, 42;
-13, 304, 9, -249, 769, -19, -53, 1186, 38;
-9, 307, 13, -196, 803, 0, -36, 1199, 51;
-3, 312, 17, -125, 853, 30, -12, 1219, 70;
-3, 311, 16, -113, 844, 22, -13, 1215, 64;
-1, 312, 17, -80, 856, 28, -5, 1220, 68;
-1, 311, 16, -67, 846, 20, -5, 1215, 63;
0, 311, 15, -46, 844, 18, -2, 1214, 62;
-5, 305, 10, -75, 792, -17, -20, 1192, 40;
4, 313, 18, 24, 868, 32, 15, 1224, 71;
-5, 303, 8, -47, 772, -31, -19, 1184, 31;
-1, 306, 10, 0, 795, -15, -5, 1193, 41;
5, 311, 16, 79, 849, 20, 21, 1216, 63;
0, 304, 8, 34, 777, -26, -2, 1186, 34;
1, 305, 10, 70, 786, -19, 6, 1190, 39;
1, 303, 8, 77, 767, -30, 4, 1183, 32;
8, 309, 14, 158, 821, 7, 32, 1206, 55;
5, 305, 10, 145, 780, -17, 21, 1189, 39;
12, 310, 16, 225, 832, 19, 48, 1211, 63;
14, 311, 17, 260, 838, 26, 57, 1215, 67;
10, 306, 12, 235, 784, -6, 41, 1193, 47;
10, 303, 10, 242, 762, -17, 39, 1185, 40;
14, 306, 13, 293, 783, 0, 54, 1195, 51;
12, 303, 10, 288, 748, -18, 47, 1181, 39;
11, 300, 8, 295, 726, -28, 45, 1173, 33;
17, 304, 12, 359, 759, -1, 66, 1188, 50;
17, 303, 11, 371, 741, -8, 66, 1182, 45;
15, 299, 8, 367, 706, -26, 59, 1169, 34;
20, 303, 12, 427, 734, -1, 79, 1182, 49;
26, 308, 18, 501, 776, 32, 104, 1201, 71;
26, 305, 16, 508, 753, 23, 102, 1193, 65;
24, 302, 14, 504, 717, 5, 96, 1179, 54;
27, 303, 15, 541, 722, 16, 106, 1183, 61;
27, 301, 14, 550, 699, 8, 105, 1176, 56;
22, 294, 8, 514, 631, -29, 85, 1149, 32;
27, 298, 12, 575, 660, -1, 106, 1163, 49;
25, 294, 9, 568, 621, -19, 99, 1149, 38;
24, 292, 7, 569, 590, -31, 95, 1138, 31;
30, 296, 13, 636, 624, 0, 118, 1155, 50;
30, 294, 12, 648, 605, -4, 119, 1149, 48;
29, 292, 10, 650, 574, -15, 116, 1139, 41;
29, 290, 9, 660, 552, -20, 116, 1132, 38;
37, 296, 16, 743, 603, 23, 146, 1155, 65;
37, 294, 15, 751, 579, 17, 145, 1148, 61;
38, 293, 15, 769, 565, 18, 149, 1145, 62;
36, 290, 13, 760, 525, 1, 142, 1131, 52;
39, 290, 15, 794, 527, 13, 152, 1134, 59;
33, 283, 8, 745, 447, -28, 129, 1104, 33;
35, 283, 9, 771, 442, -20, 136, 1104, 38;
37, 283, 11, 799, 439, -11, 145, 1106, 43;
39, 284, 12, 829, 438, 0, 154, 1108, 50;
42, 285, 14, 860, 438, 11, 164, 1111, 57;
42, 283, 14, 868, 416, 8, 164, 1105, 56;
45, 285, 17, 906, 424, 25, 177, 1112, 67;
44, 282, 15, 899, 388, 13, 172, 1099, 59;
45, 281, 16, 918, 377, 19, 177, 1098, 62;
38, 273, 8, 860, 290, -26, 151, 1065, 34;
39, 272, 9, 872, 274, -24, 154, 1061, 35;
41, 273, 11, 899, 273, -12, 163, 1064, 43;
44, 274, 13, 930, 276, 2, 174, 1069, 52;
49, 277, 18, 984, 302, 32, 194, 1083, 71;
49, 275, 17, 982, 273, 26, 192, 1074, 67;
46, 271, 14, 961, 226, 8, 182, 1058, 56;
46, 269, 14, 966, 204, 7, 182, 1052, 55;
50, 272, 17, 1005, 218, 29, 197, 1061, 69;
47, 267, 14, 975, 162, 6, 184, 1042, 54;
47, 265, 13, 979, 142, 5, 184, 1036, 54;
50, 267, 17, 1011, 150, 24, 197, 1043, 66;
51, 267, 18, 1026, 141, 32, 202, 1043, 71;
44, 258, 10, 952, 45, -17, 171, 1006, 39;
44, 257, 10, 956, 26, -16, 172, 1002, 40;
43, 255, 9, 952, 0, -20, 170, 995, 38;
43, 253, 9, 953, -19, -19, 171, 990, 38;
45, 254, 11, 971, -21, -7, 178, 992, 46;
44, 252, 10, 960, -52, -14, 174, 983, 41;
46, 252, 12, 973, -60, -5, 179, 983, 47;
48, 253, 14, 997, -54, 11, 190, 989, 58;
44, 248, 11, 958, -111, -12, 174, 969, 43;
47, 249, 13, 978, -109, 2, 183, 973, 52;
49, 251, 16, 1003, -100, 22, 194, 980, 64;
43, 243, 10, 938, -181, -18, 168, 950, 39;
49, 249, 16, 998, -136, 24, 194, 972, 66;
46, 245, 14, 965, -184, 6, 182, 955, 54;
40, 237, 7, 900, -262, -32, 156, 926, 30;
49, 245, 17, 982, -193, 26, 192, 958, 67;
43, 239, 11, 925, -263, -6, 170, 932, 46;
43, 238, 12, 922, -278, -3, 170, 929, 48;
40, 234, 9, 885, -325, -22, 157, 913, 37;
42, 235, 12, 901, -319, -5, 166, 919, 47;
42, 235, 12, 899, -331, 0, 167, 917, 50;
44, 235, 14, 905, -333, 10, 172, 919, 57;
41, 232, 12, 875, -371, -2, 162, 907, 49;
42, 232, 13, 873, -380, 3, 164, 906, 53;
42, 232, 14, 869, -390, 8, 165, 904, 56;
36, 226, 9, 811, -453, -21, 144, 881, 37;
36, 225, 10, 802, -467, -18, 143, 879, 39;
41, 229, 15, 836, -437, 12, 160, 894, 59;
37, 225, 12, 794, -481, -5, 146, 878, 47;
42, 229, 17, 830, -448, 28, 164, 895, 68;
37, 224, 13, 779, -500, 3, 146, 876, 53;
34, 220, 10, 737, -543, -13, 132, 861, 42;
33, 220, 11, 723, -556, -12, 130, 858, 43;
33, 219, 11, 712, -566, -8, 129, 856, 45;
33, 219, 12, 702, -574, -3, 129, 856, 48;
27, 214, 7, 643, -631, -31, 109, 835, 31;
30, 216, 11, 657, -613, -10, 118, 844, 44;
36, 222, 18, 702, -563, 31, 141, 867, 70;
35, 221, 18, 685, -575, 32, 139, 864, 71;
30, 216, 13, 624, -631, 4, 118, 844, 53;
25, 212, 10, 572, -676, -16, 100, 827, 40;
25, 212, 11, 559, -682, -12, 100, 827, 43;
24, 210, 10, 533, -699, -16, 93, 821, 40;
29, 216, 17, 575, -648, 25, 115, 844, 66;
24, 211, 12, 512, -702, -2, 94, 824, 49;
27, 214, 16, 527, -676, 21, 105, 837, 64;
21, 208, 11, 458, -733, -10, 81, 814, 44;
17, 205, 8, 412, -767, -26, 67, 802, 34;
25, 214, 18, 476, -690, 31, 99, 836, 70;
19, 209, 13, 411, -742, 2, 77, 815, 52;
18, 208, 13, 385, -753, 0, 72, 812, 51;
18, 208, 14, 373, -751, 7, 72, 814, 55;
11, 202, 8, 293, -814, -30, 44, 789, 32;
13, 205, 11, 300, -791, -10, 52, 800, 44;
18, 211, 18, 338, -736, 31, 73, 824, 70;
15, 208, 15, 290, -766, 14, 59, 812, 60;
8, 202, 9, 214, -823, -19, 33, 790, 38;
12, 207, 15, 240, -778, 13, 49, 809, 59;
4, 200, 8, 153, -845, -28, 18, 782, 33;
11, 208, 16, 201, -777, 19, 44, 811, 63;
8, 206, 14, 161, -796, 9, 33, 804, 56;
8, 207, 15, 148, -787, 17, 33, 808, 61;
2, 202, 10, 77, -836, -14, 9, 788, 42;
2, 202, 11, 61, -829, -8, 8, 791, 45;
6, 208, 17, 92, -775, 28, 26, 814, 68;
0, 203, 12, 17, -826, -4, 1, 793, 48;
0, 204, 13, 2, -817, 1, 0, 797, 51;
0, 205, 14, -15, -810, 6, 0, 799, 54;
-3, 202, 11, -63, -833, -9, -15, 790, 45;
-3, 204, 13, -70, -814, 2, -12, 798, 52;
-1, 208, 16, -64, -781, 22, -4, 811, 65;
-1, 208, 17, -84, -774, 25, -6, 813, 67;
-7, 203, 12, -155, -817, -4, -30, 795, 47;
-11, 201, 9, -203, -838, -21, -45, 786, 37;
-6, 208, 16, -166, -773, 19, -24, 812, 63;
-7, 208, 15, -193, -771, 18, -29, 812, 62;
-7, 210, 17, -201, -750, 28, -27, 820, 68;
-8, 210, 17, -223, -743, 29, -31, 822, 69;
-9, 210, 17, -252, -743, 26, -38, 821, 67;
-10, 211, 17, -275, -736, 26, -42, 823, 67;
-13, 210, 16, -311, -741, 18, -51, 820, 62;
-21, 203, 8, -404, -804, -28, -84, 793, 33;
-20, 206, 11, -402, -772, -11, -79, 805, 43;
-17, 210, 14, -391, -729, 10, -69, 821, 57;
-17, 212, 15, -403, -710, 17, -69, 827, 62;
-23, 208, 11, -468, -744, -10, -91, 812, 44;
-22, 211, 13, -469, -714, 2, -86, 822, 52;
-18, 216, 17, -449, -662, 30, -73, 842, 70;
-27, 208, 9, -546, -727, -19, -108, 814, 38;
-26, 211, 11, -549, -698, -7, -105, 824, 46;
-26, 214, 13, -551, -668, 4, -101, 834, 53;
-27, 214, 13, -573, -658, 3, -105, 836, 52;
-29, 213, 12, -607, -660, -6, -115, 833, 46;
-31, 213, 11, -633, -654, -10, -121, 834, 44;
-31, 215, 12, -643, -632, -5, -121, 841, 47;
-26, 222, 17, -611, -567, 29, -104, 865, 69;
-30, 219, 14, -659, -583, 9, -119, 857, 56;
-29, 222, 16, -662, -554, 19, -116, 866, 63;
-37, 216, 9, -738, -598, -20, -144, 846, 38;
-31, 224, 16, -696, -524, 19, -123, 874, 62;
-30, 226, 17, -697, -493, 29, -119, 884, 69;
-32, 226, 16, -721, -486, 24, -126, 885, 66;
-35, 225, 14, -755, -489, 11, -137, 881, 58;
-37, 225, 12, -789, -491, 0, -147, 877, 50;
-37, 227, 14, -792, -463, 6, -145, 886, 55;
-40, 225, 11, -832, -471, -10, -158, 880, 44;
-42, 225, 10, -859, -467, -19, -166, 878, 39;
-35, 234, 17, -798, -377, 29, -138, 913, 69;
-42, 229, 11, -868, -416, -8, -164, 894, 45;
-42, 230, 11, -879, -397, -7, -166, 899, 46;
-37, 237, 17, -840, -328, 25, -148, 924, 66;
-41, 235, 14, -876, -335, 9, -160, 918, 56;
-46, 231, 9, -932, -362, -21, -181, 904, 37;
-44, 235, 11, -921, -322, -7, -174, 917, 46;
-45, 236, 11, -931, -304, -8, -176, 922, 45;
-41, 242, 16, -895, -241, 21, -159, 945, 64;
-41, 243, 15, -907, -225, 18, -163, 948, 62;
-41, 244, 16, -913, -203, 19, -163, 954, 63;
-50, 238, 8, -993, -257, -28, -195, 928, 32;
-44, 245, 14, -942, -180, 8, -172, 957, 56;
-46, 244, 12, -968, -180, -4, -182, 953, 48;
-41, 251, 17, -921, -108, 29, -161, 980, 69;
-47, 247, 12, -977, -140, -4, -184, 963, 47;
-44, 251, 14, -956, -94, 11, -174, 979, 58;
-45, 251, 14, -964, -80, 8, -177, 982, 56;
-43, 254, 16, -950, -42, 19, -170, 994, 63;
-47, 252, 12, -989, -59, -5, -186, 983, 47;
-50, 251, 9, -1012, -60, -19, -195, 979, 38;
-45, 257, 14, -967, 6, 10, -176, 1004, 57;
-49, 254, 10, -1009, -16, -17, -194, 991, 40;
-45, 259, 14, -970, 43, 8, -178, 1012, 56;
-41, 264, 18, -933, 99, 31, -163, 1032, 70;
-43, 264, 16, -946, 105, 22, -168, 1031, 64;
-42, 266, 17, -934, 135, 28, -164, 1040, 68;
-49, 260, 9, -1004, 82, -20, -194, 1015, 38;
-45, 266, 14, -959, 144, 7, -176, 1037, 55;
-43, 269, 16, -937, 182, 19, -168, 1050, 62;
-44, 269, 14, -943, 191, 11, -172, 1050, 58;
-50, 263, 7, -1003, 145, -32, -198, 1028, 31;
-43, 272, 15, -929, 234, 13, -168, 1061, 59;
-45, 271, 12, -945, 231, -1, -176, 1057, 50;
-41, 276, 16, -902, 286, 21, -160, 1076, 64;
-42, 275, 14, -911, 288, 10, -166, 1074, 57;
-38, 280, 18, -871, 339, 31, -151, 1092, 70;
-46, 273, 10, -934, 286, -16, -179, 1067, 40;
-43, 277, 12, -901, 329, 0, -168, 1081, 50;
-40, 280, 14, -874, 364, 10, -159, 1093, 57;
-37, 284, 17, -833, 413, 30, -144, 1110, 70;
-45, 277, 9, -901, 352, -22, -175, 1082, 37;
-40, 282, 13, -848, 411, 4, -156, 1103, 54;
-39, 283, 13, -839, 425, 2, -155, 1106, 52;
-34, 289, 18, -782, 486, 31, -135, 1128, 70;
-38, 286, 13, -808, 464, 5, -148, 1117, 54;
-43, 281, 8, -848, 428, -30, -168, 1098, 32;
-39, 285, 11, -807, 471, -12, -154, 1114, 43;
-36, 288, 13, -772, 507, 0, -143, 1126, 51;
-40, 285, 8, -799, 481, -27, -158, 1112, 33;
-38, 288, 10, -765, 514, -15, -148, 1123, 41;
-37, 288, 10, -751, 527, -17, -146, 1126, 40;
-34, 291, 12, -718, 558, -6, -136, 1137, 46;
-34, 291, 11, -708, 565, -11, -136, 1137, 43;
-31, 294, 13, -671, 599, 1, -124, 1149, 51;
-29, 297, 15, -633, 632, 14, -113, 1160, 59;
-35, 291, 8, -681, 579, -30, -137, 1136, 32;
-33, 293, 9, -655, 599, -25, -130, 1142, 35;
-32, 293, 8, -636, 612, -25, -127, 1145, 34;
-26, 299, 14, -569, 671, 5, -104, 1168, 54;
-27, 298, 12, -563, 669, -3, -106, 1165, 48;
-24, 301, 14, -527, 696, 6, -96, 1174, 55;
-28, 296, 8, -556, 657, -26, -112, 1157, 34;
-28, 296, 8, -539, 664, -29, -110, 1157, 32;
-17, 307, 18, -425, 766, 31, -68, 1198, 70;
-18, 305, 16, -423, 756, 19, -72, 1192, 62;
-25, 298, 8, -475, 691, -30, -99, 1164, 32;
-19, 303, 12, -410, 743, -1, -77, 1184, 49;
-16, 306, 15, -365, 773, 13, -63, 1195, 59;
-20, 301, 9, -391, 732, -19, -79, 1177, 38;
-14, 307, 15, -320, 788, 12, -55, 1199, 58;
-14, 306, 14, -306, 785, 6, -55, 1196, 54;
-11, 308, 15, -271, 803, 14, -45, 1203, 59;
-16, 303, 9, -302, 754, -23, -64, 1181, 36;
-12, 306, 12, -252, 785, -5, -48, 1194, 47;
-14, 303, 9, -254, 764, -22, -55, 1184, 36;
-5, 311, 16, -161, 838, 23, -22, 1214, 65;
-9, 306, 12, -181, 797, -6, -36, 1196, 46;
-6, 308, 13, -141, 816, 4, -24, 1204, 53;
-9, 304, 9, -160, 775, -25, -38, 1186, 35;
-7, 305, 10, -121, 792, -15, -28, 1193, 41;
-7, 304, 9, -107, 783, -22, -27, 1189, 37;
0, 310, 15, -27, 841, 14, 0, 1212, 60;
2, 312, 16, 8, 853, 22, 9, 1217, 64;
-1, 307, 11, -12, 807, -8, -4, 1198, 45;
5, 312, 17, 64, 859, 26, 21, 1220, 67;
5, 311, 16, 77, 846, 18, 20, 1215, 62;
2, 307, 12, 65, 808, -5, 10, 1199, 47;
6, 309, 14, 111, 827, 8, 23, 1207, 56;
5, 308, 13, 124, 814, 0, 23, 1202, 51;
8, 309, 14, 158, 821, 7, 32, 1206, 55;
9, 308, 14, 182, 817, 6, 36, 1204, 55;
7, 305, 11, 177, 784, -12, 28, 1191, 43;
11, 307, 13, 226, 804, 3, 43, 1200, 53;
8, 303, 9, 210, 759, -22, 31, 1183, 36;
11, 305, 12, 259, 779, -5, 46, 1192, 47;
10, 303, 9, 262, 752, -20, 42, 1182, 38;
14, 305, 12, 309, 770, -3, 56, 1190, 48;
14, 303, 11, 324, 755, -9, 57, 1185, 45;
13, 301, 9, 329, 729, -21, 54, 1176, 37;
22, 308, 17, 423, 792, 25, 87, 1203, 66;
21, 306, 15, 427, 765, 13, 84, 1193, 59;
18, 301, 10, 409, 716, -13, 71, 1174, 42;
21, 303, 13, 453, 729, 1, 85, 1181, 51;
22, 302, 13, 476, 720, 1, 89, 1179, 52;
25, 303, 14, 512, 725, 11, 99, 1183, 58;
19, 295, 7, 467, 648, -32, 75, 1153, 30;
23, 297, 10, 512, 661, -16, 89, 1160, 40;
31, 304, 17, 601, 718, 29, 122, 1185, 69;
27, 298, 12, 572, 657, -3, 105, 1162, 48;
26, 296, 11, 581, 634, -10, 104, 1155, 44;
29, 297, 13, 621, 641, 2, 116, 1160, 52;
30, 295, 12, 633, 622, -1, 117, 1154, 49;
32, 296, 13, 661, 618, 4, 124, 1154, 53;
37, 299, 18, 721, 645, 31, 145, 1168, 70;
31, 291, 11, 676, 568, -10, 122, 1138, 44;
38, 297, 17, 753, 613, 30, 150, 1160, 69;
39, 296, 17, 766, 594, 27, 152, 1154, 68;
31, 286, 8, 703, 499, -25, 122, 1117, 35;
33, 286, 10, 731, 495, -17, 130, 1118, 39;
31, 283, 7, 725, 458, -32, 124, 1105, 30;
35, 285, 10, 763, 465, -16, 136, 1111, 40;
33, 281, 8, 756, 427, -30, 130, 1098, 31;
42, 289, 16, 850, 489, 22, 166, 1127, 64;
37, 282, 10, 810, 418, -13, 146, 1100, 42;
35, 278, 7, 795, 373, -32, 137, 1084, 31;
39, 280, 11, 839, 387, -10, 153, 1093, 44;
41, 280, 12, 865, 383, -1, 160, 1094, 49;
44, 282, 15, 902, 390, 15, 173, 1101, 60;
42, 278, 12, 888, 347, -1, 165, 1086, 50;
42, 277, 12, 899, 329, 0, 167, 1081, 50;
47, 280, 17, 950, 352, 27, 186, 1094, 67;
43, 274, 12, 915, 288, -2, 170, 1071, 49;
46, 275, 15, 946, 291, 12, 180, 1075, 58;
47, 275, 15, 958, 276, 15, 184, 1072, 60;
45, 272, 13, 949, 240, 4, 178, 1060, 53;
49, 274, 17, 987, 251, 25, 192, 1068, 66;
49, 272, 16, 990, 229, 23, 192, 1062, 65;
41, 262, 8, 917, 130, -29, 161, 1025, 32;
43, 263, 10, 938, 126, -18, 168, 1026, 39;
46, 264, 12, 969, 132, 0, 180, 1032, 50;
51, 268, 18, 1021, 160, 31, 201, 1047, 70;
49, 265, 16, 1005, 120, 18, 193, 1034, 62;
44, 258, 10, 953, 45, -17, 171, 1006, 40;
50, 263, 16, 1017, 87, 24, 198, 1027, 65;
51, 262, 17, 1022, 70, 26, 199, 1024, 67;
43, 253, 9, 954, -18, -19, 171, 990, 38;
46, 255, 12, 978, -15, -3, 181, 995, 48;
44, 252, 10, 963, -50, -13, 175, 984, 42;
42, 248, 8, 937, -96, -29, 164, 968, 32;
50, 255, 16, 1010, -41, 20, 195, 994, 63;
51, 255, 17, 1021, -48, 29, 200, 995, 69;
45, 248, 12, 968, -118, -3, 179, 969, 48;
51, 253, 18, 1018, -85, 31, 200, 986, 70;
41, 242, 8, 924, -195, -28, 162, 944, 33;
50, 250, 17, 1006, -128, 30, 197, 975, 69;
50, 248, 17, 996, -152, 27, 195, 968, 68;
45, 243, 13, 953, -209, 2, 178, 948, 52;
48, 244, 16, 971, -204, 19, 187, 953, 62;
49, 245, 18, 983, -204, 32, 194, 957, 71;
48, 242, 17, 964, -235, 24, 188, 947, 66;
38, 232, 8, 872, -339, -31, 151, 907, 31;
43, 236, 13, 909, -311, 0, 169, 922, 50;
47, 239, 17, 940, -289, 27, 184, 934, 67;
45, 237, 16, 922, -316, 21, 179, 926, 64;
37, 227, 8, 832, -414, -31, 144, 889, 31;
37, 227, 9, 830, -423, -25, 146, 888, 35;
43, 232, 15, 877, -381, 14, 168, 908, 60;
38, 227, 10, 822, -442, -14, 148, 886, 42;
34, 223, 8, 783, -486, -31, 135, 871, 31;
43, 231, 17, 860, -412, 29, 170, 904, 69;
36, 224, 11, 783, -492, -12, 141, 874, 43;
42, 230, 18, 837, -441, 32, 167, 898, 71;
34, 221, 10, 749, -530, -15, 134, 864, 41;
34, 221, 11, 745, -534, -8, 136, 864, 45;
33, 220, 11, 727, -552, -9, 132, 860, 44;
34, 220, 12, 719, -559, -3, 132, 859, 48;
37, 224, 16, 745, -531, 24, 147, 873, 66;
29, 215, 9, 655, -619, -23, 114, 840, 36;
33, 219, 14, 687, -583, 9, 131, 857, 56;
26, 212, 8, 611, -654, -28, 104, 830, 33;
35, 221, 18, 684, -576, 32, 138, 864, 70;
31, 217, 15, 637, -617, 13, 123, 849, 59;
31, 217, 15, 624, -624, 17, 122, 849, 61;
26, 213, 12, 571, -669, -4, 105, 832, 48;
30, 217, 17, 597, -635, 26, 120, 848, 67;
27, 214, 15, 557, -666, 13, 108, 837, 59;
27, 214, 15, 542, -671, 17, 107, 837, 61;
21, 208, 10, 471, -732, -16, 82, 813, 40;
26, 213, 16, 505, -686, 21, 101, 834, 64;
23, 212, 15, 471, -708, 13, 92, 827, 59;
22, 211, 15, 452, -714, 15, 89, 825, 60;
16, 205, 10, 378, -774, -19, 64, 802, 39;
13, 203, 8, 337, -801, -31, 52, 792, 31;
13, 203, 8, 322, -801, -26, 51, 794, 34;
16, 207, 12, 338, -770, 0, 62, 808, 50;
12, 204, 10, 292, -799, -15, 49, 797, 41;
8, 201, 8, 244, -830, -31, 34, 785, 31;
8, 201, 8, 228, -828, -26, 33, 787, 34;
16, 210, 18, 291, -747, 31, 65, 821, 70;
5, 200, 8, 173, -845, -31, 21, 781, 31;
10, 205, 13, 203, -795, 4, 39, 803, 53;
13, 209, 17, 218, -760, 30, 51, 818, 70;
8, 205, 14, 159, -798, 7, 32, 803, 55;
6, 205, 13, 129, -806, 4, 25, 800, 53;
6, 206, 15, 117, -796, 12, 26, 805, 58;
0, 201, 10, 46, -844, -18, 2, 785, 39;
3, 205, 14, 63, -804, 9, 15, 802, 57;
5, 208, 17, 66, -777, 27, 21, 813, 68;
1, 205, 14, 12, -807, 8, 5, 801, 55;
1, 207, 16, 3, -791, 18, 7, 807, 62;
-6, 200, 9, -85, -854, -23, -23, 781, 36;
-6, 200, 9, -106, -849, -21, -27, 783, 37;
-5, 203, 12, -103, -820, -3, -20, 795, 48;
-7, 202, 11, -140, -830, -11, -30, 790, 43;
-2, 209, 17, -104, -766, 29, -9, 816, 69;
-11, 202, 10, -199, -834, -18, -43, 787, 39;
-6, 208, 16, -168, -775, 18, -25, 811, 62;
-6, 209, 16, -185, -763, 23, -26, 815, 65;
-10, 206, 13, -236, -785, 5, -42, 805, 54;
-9, 209, 16, -237, -757, 20, -37, 816, 63;
-17, 202, 9, -325, -816, -22, -68, 791, 37;
-11, 210, 17, -278, -739, 24, -43, 822, 66;
-14, 208, 14, -325, -756, 8, -57, 814, 56;
-21, 203, 9, -399, -799, -25, -83, 794, 35;
-15, 211, 16, -353, -722, 21, -58, 825, 64;
-18, 210, 14, -394, -733, 8, -70, 819, 56;
-15, 214, 18, -381, -688, 32, -59, 836, 71;
-25, 206, 9, -483, -759, -21, -97, 805, 37;
-27, 206, 8, -515, -760, -28, -105, 803, 33;
-28, 206, 8, -536, -749, -27, -109, 806, 33;
-24, 212, 13, -510, -691, 4, -93, 829, 53;
-30, 207, 8, -580, -730, -29, -118, 811, 32;
-29, 210, 10, -581, -698, -15, -113, 822, 41;
-29, 212, 11, -592, -677, -9, -113, 829, 44;
-29, 213, 11, -610, -663, -8, -116, 832, 45;
-29, 216, 13, -612, -633, 2, -113, 843, 52;
-27, 219, 16, -604, -593, 20, -105, 857, 64;
-26, 222, 18, -607, -564, 31, -102, 867, 70;
-31, 218, 13, -668, -592, 3, -123, 853, 52;
-35, 216, 10, -712, -604, -14, -137, 846, 42;
-35, 218, 10, -728, -588, -13, -140, 850, 42;
-33, 222, 14, -710, -538, 9, -129, 868, 57;
-33, 223, 14, -727, -524, 9, -132, 871, 56;
-40, 218, 8, -796, -561, -25, -157, 853, 34;
-36, 225, 13, -765, -498, 5, -140, 877, 54;
-39, 223, 11, -806, -508, -12, -154, 870, 43;
-39, 224, 11, -814, -485, -7, -154, 877, 46;
-43, 223, 8, -857, -496, -26, -169, 869, 34;
-37, 230, 15, -807, -416, 15, -145, 900, 60;
-41, 228, 11, -855, -433, -8, -162, 890, 45;
-43, 228, 10, -875, -423, -13, -167, 891, 42;
-38, 235, 16, -836, -354, 20, -148, 917, 63;
-38, 236, 17, -841, -329, 25, -148, 924, 66;
-44, 232, 11, -907, -366, -11, -173, 905, 43;
-40, 237, 15, -878, -308, 14, -159, 926, 59;
-41, 238, 14, -894, -296, 9, -163, 928, 57;
-45, 236, 11, -933, -306, -9, -177, 921, 44;
-43, 240, 14, -916, -262, 7, -168, 936, 55;
-43, 241, 14, -920, -238, 9, -168, 943, 57;
-40, 246, 17, -897, -188, 30, -157, 960, 69;
-41, 246, 16, -915, -179, 22, -162, 960, 65;
-48, 241, 10, -980, -218, -16, -188, 941, 40;
-43, 247, 15, -936, -149, 16, -169, 966, 61;
-41, 251, 17, -923, -110, 28, -162, 979, 68;
-41, 253, 18, -921, -84, 32, -160, 987, 71;
-49, 246, 9, -1003, -141, -19, -193, 959, 38;
-51, 246, 8, -1018, -133, -27, -199, 960, 33;
-49, 249, 10, -1001, -94, -14, -191, 972, 41;
-43, 256, 16, -945, -15, 23, -168, 1002, 65;
-51, 249, 8, -1025, -73, -28, -200, 974, 33;
-42, 260, 17, -941, 31, 27, -166, 1014, 68;
-47, 256, 12, -988, 5, -3, -185, 1000, 48;
-42, 262, 17, -941, 72, 27, -166, 1024, 68;
-51, 255, 8, -1025, 7, -29, -201, 994, 32;
-42, 265, 17, -941, 110, 25, -166, 1033, 66;
-42, 266, 17, -938, 131, 26, -166, 1039, 67;
-49, 260, 9, -1005, 81, -21, -194, 1014, 37;
-42, 269, 17, -930, 173, 26, -164, 1049, 67;
-49, 262, 9, -998, 121, -21, -193, 1024, 37;
-49, 263, 9, -996, 138, -23, -194, 1028, 36;
-50, 264, 8, -999, 150, -29, -196, 1030, 32;
-44, 271, 14, -938, 224, 7, -172, 1057, 55;
-41, 275, 16, -907, 269, 23, -161, 1072, 65;
-40, 277, 17, -893, 295, 28, -156, 1080, 68;
-42, 275, 15, -908, 291, 12, -165, 1075, 58;
-44, 274, 12, -921, 289, -1, -172, 1071, 50;
-42, 276, 13, -903, 317, 4, -167, 1080, 53;
-47, 272, 8, -946, 284, -30, -187, 1063, 31;
-46, 274, 8, -929, 309, -26, -182, 1070, 34;
-43, 277, 11, -897, 349, -12, -171, 1083, 43;
-39, 283, 15, -844, 409, 15, -152, 1105, 60;
-38, 284, 15, -835, 424, 13, -151, 1108, 59;
-45, 278, 8, -890, 374, -31, -176, 1085, 31;
-41, 282, 11, -848, 421, -11, -162, 1101, 43;
-37, 286, 14, -805, 468, 7, -147, 1118, 55;
-40, 284, 11, -821, 454, -12, -157, 1109, 43;
-34, 290, 15, -762, 516, 17, -136, 1132, 61;
-38, 286, 11, -789, 490, -10, -151, 1119, 44;
-35, 290, 13, -754, 526, 2, -139, 1131, 52;
-39, 286, 8, -783, 496, -27, -155, 1116, 33;
-39, 287, 8, -769, 509, -29, -153, 1119, 32;
-31, 295, 15, -682, 594, 17, -121, 1152, 61;
-29, 296, 16, -661, 613, 19, -116, 1157, 63;
-31, 295, 14, -664, 606, 6, -121, 1152, 54;
-28, 297, 15, -631, 634, 15, -112, 1161, 60;
-32, 293, 10, -658, 602, -14, -127, 1146, 41;
-31, 295, 11, -634, 620, -11, -122, 1151, 43;
-30, 296, 11, -611, 636, -9, -117, 1156, 45;
-22, 303, 17, -533, 707, 29, -89, 1183, 69;
-28, 297, 10, -578, 654, -13, -112, 1159, 42;
-22, 303, 16, -509, 714, 18, -88, 1182, 62;
-20, 304, 17, -478, 735, 25, -80, 1189, 66;
-22, 302, 14, -483, 719, 7, -87, 1180, 55;
-26, 298, 8, -512, 679, -25, -104, 1162, 35;
-17, 307, 17, -409, 770, 28, -66, 1198, 68;
-23, 300, 10, -457, 710, -18, -91, 1172, 39;
-21, 301, 10, -429, 723, -14, -85, 1176, 41;
-22, 300, 9, -421, 718, -24, -86, 1172, 36;
-22, 299, 8, -409, 714, -31, -87, 1169, 31;
-13, 308, 16, -310, 798, 19, -51, 1203, 62;
-14, 306, 13, -311, 780, 2, -57, 1194, 52;
-15, 304, 11, -305, 769, -8, -59, 1189, 45;
-11, 308, 14, -252, 804, 10, -43, 1202, 57;
-9, 308, 15, -226, 812, 12, -38, 1205, 58;
-8, 308, 14, -205, 814, 10, -34, 1205, 57;
-4, 312, 17, -151, 848, 30, -17, 1218, 69;
-10, 305, 10, -195, 783, -15, -41, 1190, 41;
-5, 309, 14, -132, 825, 9, -21, 1207, 57;
-3, 310, 15, -103, 832, 12, -14, 1210, 59;
-1, 312, 16, -64, 849, 22, -4, 1216, 65;
0, 311, 15, -48, 843, 17, -3, 1213, 61;
-4, 306, 10, -73, 794, -16, -19, 1193, 40;
-5, 304, 8, -63, 780, -25, -20, 1187, 35;
-3, 304, 9, -35, 783, -23, -14, 1188, 36;
-1, 306, 10, 2, 797, -14, -4, 1194, 41;
5, 311, 16, 77, 846, 18, 20, 1215, 62;
0, 304, 9, 35, 779, -25, -1, 1187, 35;
9, 313, 18, 146, 863, 32, 38, 1222, 70;
10, 313, 18, 170, 860, 31, 42, 1221, 70;
2, 303, 8, 102, 765, -29, 8, 1182, 32;
3, 303, 8, 130, 765, -27, 14, 1183, 33;
4, 302, 8, 152, 759, -29, 18, 1181, 32;
9, 306, 12, 213, 791, -4, 38, 1195, 48;
13, 308, 14, 262, 812, 12, 53, 1204, 58;
8, 302, 8, 229, 749, -25, 33, 1180, 34;
18, 311, 17, 338, 828, 30, 73, 1213, 70;
14, 305, 12, 312, 772, -2, 57, 1191, 49;
19, 308, 16, 368, 798, 19, 75, 1203, 63;
17, 304, 12, 359, 759, -1, 66, 1188, 50;
16, 302, 11, 370, 739, -9, 65, 1181, 44;
15, 300, 9, 372, 711, -23, 61, 1171, 36;
20, 303, 13, 433, 741, 2, 81, 1185, 52;
22, 304, 14, 463, 739, 7, 89, 1185, 55;
17, 297, 7, 425, 669, -32, 68, 1158, 30;
26, 304, 16, 523, 736, 18, 104, 1187, 62;
23, 299, 11, 505, 686, -7, 91, 1168, 46;
22, 296, 9, 505, 654, -21, 86, 1157, 37;
29, 301, 15, 581, 698, 15, 113, 1177, 60;
22, 294, 8, 534, 619, -29, 89, 1146, 32;
31, 300, 15, 622, 674, 16, 121, 1171, 60;
28, 296, 12, 609, 629, -5, 111, 1155, 47;
31, 297, 13, 643, 632, 4, 121, 1158, 54;
35, 299, 16, 690, 646, 23, 136, 1166, 65;
32, 295, 13, 678, 603, 3, 127, 1150, 53;
28, 288, 8, 647, 539, -29, 110, 1126, 32;
36, 295, 15, 731, 591, 15, 141, 1151, 60;
37, 294, 16, 755, 583, 20, 147, 1150, 63;
32, 288, 10, 717, 513, -16, 128, 1123, 40;
40, 294, 17, 799, 564, 27, 158, 1147, 68;
38, 290, 14, 790, 523, 11, 151, 1133, 58;
34, 284, 9, 758, 460, -19, 134, 1109, 38;
42, 290, 16, 836, 507, 22, 163, 1131, 64;
43, 290, 17, 859, 498, 28, 169, 1131, 68;
36, 281, 9, 800, 409, -20, 142, 1096, 38;
43, 286, 16, 875, 453, 21, 170, 1118, 64;
40, 282, 12, 855, 403, 0, 159, 1100, 50;
40, 280, 12, 859, 377, -5, 158, 1092, 47;
40, 278, 11, 865, 353, -9, 158, 1085, 45;
45, 281, 16, 917, 376, 18, 177, 1098, 62;
43, 278, 13, 906, 336, 4, 170, 1084, 53;
43, 276, 13, 912, 313, 1, 170, 1078, 51;
39, 270, 9, 880, 253, -25, 155, 1056, 35;
39, 268, 8, 880, 225, -31, 153, 1048, 31;
43, 271, 11, 922, 240, -8, 169, 1057, 45;
40, 266, 8, 898, 189, -29, 157, 1039, 32;
47, 272, 15, 969, 233, 13, 185, 1061, 59;
49, 272, 17, 995, 233, 26, 194, 1064, 67;
44, 266, 12, 951, 163, -6, 175, 1039, 46;
48, 268, 15, 984, 172, 12, 187, 1045, 58;
42, 260, 9, 933, 96, -24, 165, 1017, 35;
45, 262, 12, 968, 106, -4, 179, 1025, 48;
48, 264, 14, 995, 110, 11, 189, 1030, 58;
46, 260, 12, 972, 64, -4, 179, 1014, 47;
48, 261, 14, 998, 67, 10, 189, 1019, 57;
42, 253, 8, 941, -10, -27, 166, 990, 33;
52, 262, 18, 1031, 58, 32, 203, 1022, 71;
51, 260, 17, 1028, 35, 30, 202, 1016, 69;
43, 250, 9, 948, -65, -22, 169, 978, 36;
51, 258, 18, 1028, -4, 31, 202, 1006, 70;
50, 255, 16, 1013, -38, 22, 196, 995, 64;
42, 245, 8, 932, -137, -29, 163, 958, 32;
48, 251, 14, 991, -95, 11, 188, 979, 58;
47, 249, 14, 983, -120, 8, 186, 972, 56;
47, 248, 14, 982, -137, 10, 186, 968, 57;
46, 245, 13, 967, -167, 4, 181, 959, 53;
41, 240, 9, 919, -230, -24, 163, 936, 35;
45, 243, 13, 952, -210, 1, 178, 947, 52;
40, 237, 8, 900, -275, -28, 158, 924, 33;
42, 237, 10, 913, -275, -14, 165, 927, 41;
48, 243, 17, 967, -232, 26, 189, 948, 67;
45, 239, 14, 931, -279, 8, 176, 932, 56;
47, 240, 17, 949, -272, 26, 186, 938, 67;
46, 239, 16, 935, -295, 23, 182, 932, 65;
42, 233, 12, 886, -352, -2, 164, 911, 49;
41, 231, 12, 870, -376, -6, 160, 904, 47;
42, 232, 13, 874, -378, 4, 164, 906, 53;
37, 226, 9, 821, -438, -22, 145, 885, 36;
45, 234, 17, 887, -377, 29, 175, 913, 69;
39, 228, 12, 827, -442, -2, 153, 889, 49;
41, 229, 15, 840, -432, 15, 162, 896, 60;
38, 225, 12, 799, -476, -2, 148, 880, 49;
36, 223, 11, 772, -506, -10, 140, 871, 44;
41, 228, 17, 814, -465, 27, 161, 890, 67;
37, 223, 13, 766, -514, 5, 144, 873, 54;
38, 225, 16, 773, -506, 21, 151, 879, 64;
31, 217, 9, 696, -582, -19, 123, 850, 38;
34, 220, 13, 713, -563, 3, 134, 860, 53;
34, 220, 14, 703, -571, 7, 133, 859, 55;
34, 220, 15, 693, -577, 13, 133, 859, 59;
30, 216, 12, 651, -615, -2, 120, 846, 49;
28, 214, 11, 619, -641, -11, 111, 837, 44;
25, 211, 9, 579, -676, -25, 99, 825, 35;
28, 214, 12, 594, -654, -2, 110, 836, 49;
29, 215, 14, 593, -647, 10, 114, 841, 57;
24, 211, 11, 540, -692, -11, 96, 824, 43;
25, 212, 12, 533, -690, -2, 98, 827, 49;
21, 208, 9, 486, -727, -20, 83, 814, 38;
28, 215, 17, 537, -666, 27, 109, 841, 68;
24, 211, 14, 486, -705, 8, 93, 826, 56;
20, 208, 12, 442, -737, -6, 80, 814, 47;
19, 208, 12, 421, -746, -5, 76, 812, 47;
16, 205, 9, 375, -778, -21, 62, 801, 37;
21, 211, 16, 417, -722, 21, 85, 825, 64;
19, 209, 14, 378, -745, 10, 74, 817, 57;
14, 205, 11, 325, -783, -9, 57, 802, 45;
19, 211, 17, 354, -737, 25, 75, 823, 67;
11, 203, 10, 265, -809, -17, 43, 794, 39;
15, 208, 15, 294, -762, 17, 60, 814, 61;
13, 208, 15, 266, -772, 14, 54, 811, 59;
12, 206, 14, 234, -785, 9, 46, 807, 56;
6, 202, 9, 167, -832, -19, 24, 788, 38;
12, 209, 17, 212, -766, 26, 48, 815, 67;
6, 204, 12, 143, -814, -2, 25, 796, 49;
4, 202, 11, 105, -830, -11, 15, 790, 43;
7, 207, 15, 126, -788, 18, 29, 808, 62;
4, 205, 14, 86, -804, 8, 18, 801, 56;
5, 206, 15, 74, -793, 16, 19, 806, 61;
-3, 199, 8, -21, -865, -30, -14, 777, 31;
4, 209, 18, 47, -772, 31, 19, 815, 70;
-5, 199, 8, -66, -861, -27, -21, 778, 33;
-2, 204, 13, -46, -816, 1, -8, 797, 52;
1, 209, 18, -25, -768, 32, 6, 816, 71;
-3, 205, 14, -85, -802, 8, -12, 802, 56;
-3, 207, 15, -97, -787, 16, -12, 808, 61;
-9, 201, 10, -173, -836, -17, -38, 787, 40;
-7, 206, 14, -162, -797, 6, -27, 803, 55;
-7, 207, 15, -175, -781, 14, -27, 809, 59;
-13, 202, 10, -246, -824, -16, -51, 790, 40;
-15, 201, 9, -281, -830, -24, -60, 787, 35;
-8, 210, 17, -223, -743, 30, -31, 822, 69;
-10, 210, 16, -257, -748, 22, -40, 819, 65;
-13, 208, 14, -299, -760, 10, -52, 813, 57;
-15, 208, 13, -332, -763, 4, -60, 811, 53;
-16, 208, 13, -358, -758, 2, -66, 811, 52;
-22, 204, 8, -425, -794, -26, -88, 795, 34;
-15, 212, 16, -372, -711, 23, -61, 828, 65;
-19, 210, 14, -418, -725, 7, -75, 821, 55;
-23, 207, 10, -472, -748, -13, -92, 810, 42;
-27, 205, 8, -518, -762, -29, -106, 802, 32;
-24, 209, 11, -507, -719, -7, -97, 818, 46;
-22, 214, 15, -496, -677, 13, -88, 834, 59;
-25, 212, 12, -538, -687, 0, -100, 828, 50;
-24, 215, 15, -537, -654, 13, -95, 840, 59;
-32, 209, 8, -624, -709, -31, -127, 815, 31;
-28, 215, 13, -596, -649, 1, -110, 838, 51;
-24, 220, 18, -569, -590, 31, -95, 861, 70;
-27, 219, 16, -604, -593, 21, -105, 857, 64;
-35, 212, 8, -697, -653, -28, -139, 830, 33;
-34, 215, 10, -696, -620, -15, -135, 841, 41;
-34, 217, 11, -703, -595, -8, -134, 849, 45;
-32, 221, 14, -693, -553, 9, -126, 864, 57;
-36, 219, 11, -737, -566, -8, -140, 857, 45;
-34, 222, 13, -733, -530, 5, -135, 869, 54;
-31, 227, 17, -714, -478, 29, -123, 888, 69;
-33, 227, 16, -738, -471, 23, -129, 888, 65;
-33, 228, 16, -753, -454, 23, -132, 892, 65;
-39, 225, 12, -810, -480, -4, -152, 879, 47;
-35, 231, 16, -781, -420, 23, -137, 901, 65;
-37, 230, 14, -813, -421, 11, -147, 898, 58;
-39, 230, 14, -833, -411, 6, -153, 899, 55;
-38, 233, 15, -831, -379, 16, -149, 909, 61;
-39, 233, 14, -852, -370, 10, -155, 910, 57;
-37, 237, 17, -839, -328, 26, -147, 924, 67;
-41, 234, 13, -882, -341, 4, -163, 916, 53;
-41, 237, 14, -883, -313, 11, -160, 924, 58;
-41, 238, 15, -889, -290, 13, -161, 931, 59;
-46, 234, 10, -947, -320, -18, -183, 915, 39;
-48, 234, 8, -969, -315, -28, -190, 914, 33;
-45, 239, 12, -939, -256, -2, -175, 935, 49;
-43, 242, 14, -931, -222, 7, -171, 946, 55;
-48, 239, 10, -978, -242, -19, -188, 934, 39;
-41, 248, 17, -915, -153, 26, -161, 968, 67;
-44, 247, 14, -943, -155, 12, -171, 964, 58;
-42, 250, 16, -929, -117, 24, -165, 976, 66;
-45, 248, 13, -965, -128, 3, -179, 968, 52;
-45, 250, 14, -960, -99, 9, -176, 977, 56;
-42, 254, 16, -940, -55, 24, -167, 992, 66;
-49, 249, 10, -1001, -93, -14, -191, 973, 41;
-51, 248, 8, -1027, -97, -30, -202, 968, 32;
-44, 256, 15, -959, -7, 15, -173, 1001, 60;
-43, 259, 16, -946, 26, 24, -168, 1012, 66;
-46, 257, 13, -976, 17, 4, -180, 1005, 53;
-51, 253, 8, -1024, -10, -27, -200, 990, 33;
-42, 263, 17, -943, 89, 25, -167, 1028, 66;
-46, 261, 13, -974, 76, 3, -180, 1019, 53;
-42, 266, 16, -941, 128, 23, -167, 1037, 65;
-50, 259, 9, -1008, 78, -22, -195, 1013, 36;
-51, 259, 8, -1017, 86, -31, -200, 1013, 31;
-47, 265, 12, -975, 144, -6, -184, 1034, 47;
-47, 266, 11, -972, 162, -7, -184, 1038, 46;
-45, 269, 13, -952, 197, 2, -176, 1049, 52;
-46, 269, 12, -958, 205, -5, -180, 1049, 47;
-48, 267, 9, -978, 197, -23, -190, 1043, 36;
-45, 271, 11, -945, 243, -6, -178, 1058, 46;
-41, 276, 16, -899, 300, 18, -161, 1079, 62;
-38, 280, 18, -870, 340, 32, -151, 1092, 70;
-43, 276, 13, -905, 316, 3, -167, 1079, 52;
-43, 276, 12, -908, 322, -5, -171, 1078, 47;
-44, 276, 10, -912, 326, -14, -175, 1077, 41;
-47, 274, 7, -928, 318, -32, -184, 1071, 30;
-37, 284, 16, -834, 419, 22, -147, 1109, 64;
-42, 280, 11, -872, 387, -11, -166, 1093, 44;
-43, 280, 9, -874, 390, -20, -170, 1092, 38;
-42, 281, 10, -856, 413, -17, -165, 1098, 40;
-38, 285, 13, -814, 459, 1, -151, 1114, 52;
-39, 285, 11, -813, 462, -7, -154, 1113, 46;
-34, 290, 16, -757, 521, 20, -134, 1134, 63;
-41, 283, 8, -818, 461, -29, -162, 1107, 32;
-41, 284, 8, -802, 477, -29, -160, 1111, 32;
-35, 290, 12, -742, 537, 0, -138, 1133, 50;
-33, 292, 13, -717, 561, 5, -132, 1140, 54;
-31, 295, 15, -685, 591, 15, -122, 1150, 60;
-34, 292, 11, -702, 572, -7, -133, 1140, 46;
-28, 298, 16, -636, 634, 24, -110, 1163, 66;
-35, 290, 8, -698, 568, -28, -140, 1134, 33;
-26, 300, 17, -596, 664, 26, -102, 1172, 67;
-27, 299, 15, -596, 658, 13, -106, 1167, 59;
-23, 302, 17, -551, 697, 30, -92, 1181, 70;
-31, 294, 8, -617, 623, -26, -124, 1148, 34;
-29, 296, 10, -583, 649, -16, -114, 1157, 40;
-28, 297, 10, -560, 663, -15, -109, 1161, 41;
-22, 303, 15, -495, 718, 13, -87, 1182, 59;
-20, 304, 15, -468, 735, 18, -81, 1187, 62;
-27, 297, 8, -517, 674, -29, -106, 1160, 32;
-22, 301, 11, -463, 716, -7, -89, 1176, 46;
-17, 306, 16, -398, 768, 21, -67, 1196, 64;
-15, 307, 16, -371, 782, 24, -60, 1200, 66;
-16, 305, 14, -371, 768, 9, -66, 1193, 56;
-21, 300, 8, -404, 719, -28, -85, 1172, 33;
-15, 306, 13, -331, 776, 5, -60, 1194, 54;
-11, 309, 16, -286, 805, 19, -46, 1205, 63;
-18, 301, 8, -336, 737, -29, -73, 1176, 32;
-11, 307, 13, -260, 796, 5, -46, 1199, 54;
-15, 303, 9, -281, 757, -24, -60, 1182, 35;
-10, 306, 12, -224, 795, -2, -42, 1197, 49;
-8, 308, 14, -183, 815, 8, -31, 1204, 56;
-5, 310, 15, -146, 832, 16, -21, 1211, 61;
-6, 308, 13, -142, 815, 3, -25, 1203, 53;
-1, 312, 17, -81, 855, 28, -5, 1219, 68;
-1, 311, 16, -70, 843, 18, -6, 1214, 62;
-5, 306, 11, -93, 798, -12, -21, 1195, 43;
2, 313, 18, -1, 866, 32, 10, 1223, 70;
-1, 308, 12, -29, 814, -3, -6, 1201, 48;
-1, 306, 11, -17, 802, -11, -7, 1196, 43;
4, 311, 16, 53, 848, 19, 16, 1215, 62;
4, 310, 14, 66, 835, 11, 16, 1210, 58;
5, 310, 14, 90, 833, 10, 20, 1209, 57;
1, 305, 9, 68, 785, -20, 5, 1190, 38;
9, 311, 16, 155, 845, 21, 36, 1215, 64;
12, 313, 18, 194, 857, 31, 47, 1221, 70;
13, 312, 17, 217, 852, 30, 51, 1219, 69;
7, 305, 11, 177, 783, -12, 28, 1191, 43;
14, 310, 16, 254, 832, 22, 55, 1212, 64;
11, 306, 12, 242, 791, -1, 44, 1196, 50;
9, 303, 9, 236, 756, -21, 36, 1182, 37;
13, 305, 12, 284, 774, -5, 51, 1191, 47;
15, 305, 12, 314, 775, 0, 58, 1192, 50;
19, 309, 16, 372, 803, 22, 77, 1205, 64;
21, 308, 16, 397, 797, 23, 82, 1204, 65;
17, 303, 11, 374, 744, -6, 67, 1183, 46;
16, 300, 9, 375, 713, -21, 62, 1172, 37;
22, 305, 14, 446, 753, 10, 87, 1190, 57;
22, 303, 14, 460, 736, 5, 87, 1184, 54;
25, 304, 15, 496, 740, 14, 97, 1187, 60;
26, 304, 15, 522, 735, 18, 103, 1187, 62;
23, 299, 12, 506, 687, -6, 92, 1169, 46;
23, 298, 11, 518, 667, -12, 92, 1162, 42;
25, 298, 11, 545, 662, -8, 98, 1162, 45;
23, 294, 9, 540, 625, -24, 92, 1149, 35;
28, 297, 12, 596, 649, -1, 110, 1161, 50;
27, 295, 11, 602, 622, -10, 108, 1152, 44;
30, 296, 13, 637, 625, 0, 119, 1155, 51;
31, 295, 13, 654, 610, 0, 122, 1151, 50;
34, 297, 15, 699, 623, 17, 136, 1159, 61;
29, 289, 9, 653, 545, -25, 113, 1129, 35;
37, 296, 16, 743, 603, 23, 146, 1156, 65;
36, 293, 14, 741, 570, 10, 142, 1144, 57;
33, 288, 10, 718, 515, -15, 128, 1124, 41;
37, 291, 14, 769, 534, 7, 146, 1134, 55;
32, 284, 8, 733, 466, -26, 127, 1109, 34;
40, 290, 15, 811, 512, 15, 156, 1131, 60;
42, 290, 17, 841, 512, 25, 165, 1133, 67;
39, 285, 13, 817, 456, 0, 152, 1113, 51;
39, 284, 12, 828, 437, -1, 154, 1108, 50;
44, 287, 17, 886, 465, 28, 175, 1122, 68;
36, 277, 8, 811, 359, -29, 141, 1082, 32;
44, 284, 16, 900, 418, 21, 175, 1109, 64;
46, 283, 17, 916, 404, 24, 179, 1106, 66;
41, 277, 12, 882, 341, -4, 162, 1083, 47;
41, 276, 11, 888, 318, -7, 163, 1077, 46;
45, 278, 15, 929, 331, 13, 178, 1085, 59;
46, 277, 15, 939, 312, 13, 179, 1081, 59;
39, 268, 7, 878, 223, -32, 152, 1047, 30;
48, 276, 16, 969, 287, 22, 188, 1077, 65;
44, 270, 12, 933, 224, -6, 172, 1054, 47;
45, 270, 13, 949, 213, 0, 177, 1053, 50;
46, 269, 13, 962, 200, 4, 180, 1050, 53;
50, 272, 17, 1005, 217, 29, 197, 1061, 69;
42, 262, 9, 931, 119, -22, 166, 1023, 36;
41, 260, 8, 926, 88, -29, 162, 1014, 32;
48, 265, 15, 994, 133, 13, 190, 1036, 59;
44, 260, 11, 958, 73, -12, 174, 1015, 43;
50, 264, 16, 1015, 107, 23, 197, 1032, 65;
46, 258, 12, 974, 43, -5, 179, 1009, 47;
45, 256, 11, 968, 16, -9, 177, 1001, 44;
47, 257, 13, 983, 10, 0, 183, 1002, 50;
43, 252, 9, 948, -45, -23, 168, 982, 36;
49, 257, 15, 1007, -6, 16, 193, 1002, 61;
44, 250, 10, 955, -77, -17, 172, 976, 40;
42, 247, 8, 937, -114, -28, 165, 964, 33;
50, 254, 16, 1013, -56, 23, 197, 991, 65;
50, 252, 16, 1006, -80, 21, 195, 985, 64;
47, 248, 14, 980, -123, 6, 185, 970, 54;
42, 243, 9, 933, -186, -21, 166, 948, 37;
46, 245, 13, 965, -169, 2, 181, 958, 52;
48, 246, 15, 981, -167, 17, 189, 962, 61;
50, 247, 18, 996, -166, 31, 196, 966, 70;
49, 246, 17, 987, -188, 30, 194, 960, 69;
49, 244, 17, 980, -208, 29, 192, 955, 69;
44, 239, 13, 928, -272, 0, 173, 932, 51;
44, 238, 13, 926, -285, 4, 174, 930, 53;
47, 240, 17, 949, -271, 26, 186, 939, 67;
38, 230, 8, 857, -372, -28, 150, 900, 33;
47, 238, 17, 932, -306, 28, 183, 930, 68;
42, 233, 13, 880, -366, 0, 164, 909, 51;
45, 235, 16, 904, -349, 24, 176, 919, 65;
36, 226, 8, 817, -442, -25, 143, 883, 34;
39, 228, 11, 832, -432, -7, 152, 890, 46;
44, 233, 17, 875, -393, 30, 173, 909, 69;
42, 231, 16, 852, -420, 23, 167, 901, 65;
41, 229, 16, 832, -444, 19, 161, 894, 63;
37, 224, 12, 783, -494, -3, 145, 876, 48;
37, 224, 13, 777, -502, 2, 145, 875, 52;
32, 219, 9, 727, -553, -20, 128, 857, 38;
34, 221, 12, 734, -545, -5, 135, 862, 47;
33, 219, 11, 714, -564, -7, 130, 857, 46;
35, 221, 14, 722, -554, 9, 138, 864, 56;
31, 217, 11, 676, -598, -9, 122, 848, 44;
29, 215, 9, 643, -627, -20, 113, 838, 38;
30, 216, 11, 644, -621, -6, 117, 843, 46;
26, 212, 9, 600, -660, -24, 103, 829, 36;
25, 211, 8, 576, -679, -27, 98, 824, 33;
29, 216, 14, 610, -638, 8, 116, 843, 56;
31, 217, 16, 611, -629, 22, 121, 848, 64;
31, 218, 17, 603, -629, 30, 122, 850, 69;
23, 210, 11, 518, -705, -12, 92, 821, 43;
25, 212, 13, 522, -692, 3, 98, 828, 53;
27, 214, 16, 529, -674, 22, 106, 837, 65;
25, 212, 15, 496, -696, 14, 97, 830, 60;
23, 212, 15, 471, -708, 13, 92, 827, 59;
24, 213, 16, 465, -702, 23, 94, 831, 65;
20, 210, 14, 421, -732, 8, 81, 820, 56;
17, 207, 12, 378, -761, -4, 69, 809, 48;
17, 208, 13, 364, -759, 1, 68, 811, 52;
18, 209, 15, 359, -748, 13, 71, 817, 59;
18, 210, 16, 349, -742, 22, 72, 821, 65;
9, 202, 8, 252, -822, -26, 38, 788, 34;
17, 210, 17, 312, -744, 29, 68, 822, 69;
11, 205, 12, 242, -796, -1, 44, 801, 50;
15, 210, 17, 263, -755, 28, 59, 819, 68;
7, 203, 11, 181, -817, -9, 30, 794, 44;
3, 200, 8, 129, -849, -28, 14, 781, 33;
4, 201, 10, 121, -837, -17, 16, 787, 39;
9, 208, 17, 161, -775, 25, 38, 813, 66;
9, 209, 18, 146, -767, 32, 38, 817, 70;
-1, 199, 8, 28, -862, -30, -5, 777, 32;
0, 202, 10, 28, -839, -13, 0, 787, 42;
-2, 200, 9, -7, -851, -21, -8, 782, 37;
-1, 203, 12, -9, -829, -6, -4, 792, 46;
0, 206, 15, -4, -799, 13, 3, 804, 59;
0, 206, 15, -30, -799, 12, -1, 804, 58;
-6, 201, 9, -103, -846, -19, -25, 784, 38;
-2, 206, 14, -81, -798, 11, -11, 804, 57;
-4, 205, 14, -111, -801, 8, -17, 802, 55;
-6, 205, 13, -142, -804, 3, -25, 800, 53;
-5, 207, 15, -146, -781, 17, -21, 809, 61;
-5, 208, 16, -162, -769, 22, -22, 814, 64;
-9, 206, 13, -212, -790, 5, -37, 804, 54;
-15, 201, 9, -282, -831, -25, -61, 786, 35;
-14, 204, 11, -282, -803, -9, -56, 797, 44;
-17, 203, 9, -323, -813, -20, -67, 792, 38;
-20, 201, 7, -364, -824, -32, -78, 786, 30;
-20, 203, 8, -379, -810, -27, -80, 791, 34;
-16, 208, 13, -356, -756, 3, -65, 812, 53;
-23, 203, 8, -430, -799, -30, -90, 793, 32;
-22, 205, 9, -438, -777, -20, -88, 801, 38;
-23, 206, 9, -460, -767, -20, -92, 803, 38;
-25, 205, 8, -493, -768, -27, -101, 801, 33;
-19, 213, 15, -446, -691, 17, -77, 832, 62;
-25, 209, 11, -508, -720, -8, -97, 818, 45;
-25, 211, 12, -524, -705, -5, -99, 823, 47;
-24, 214, 14, -522, -671, 9, -94, 835, 57;
-31, 208, 8, -603, -720, -30, -122, 813, 32;
-27, 213, 12, -581, -666, -1, -109, 833, 49;
-27, 216, 14, -585, -638, 8, -106, 843, 56;
-33, 212, 9, -650, -671, -22, -128, 827, 37;
-25, 221, 17, -590, -578, 30, -99, 863, 70;
-30, 218, 14, -643, -599, 7, -117, 852, 55;
-29, 221, 15, -647, -572, 16, -115, 861, 61;
-38, 214, 7, -739, -631, -32, -148, 834, 30;
-31, 222, 15, -682, -542, 17, -121, 869, 61;
-35, 220, 12, -732, -560, -4, -138, 859, 47;
-31, 226, 17, -704, -500, 24, -122, 881, 66;
-35, 224, 14, -747, -512, 6, -137, 874, 55;
-35, 225, 14, -760, -493, 8, -138, 879, 56;
-36, 226, 14, -778, -480, 6, -142, 882, 55;
-42, 222, 8, -842, -512, -26, -166, 865, 34;
-41, 225, 11, -835, -475, -12, -160, 878, 43;
-35, 232, 16, -794, -403, 23, -140, 905, 65;
-37, 232, 16, -815, -393, 18, -145, 906, 62;
-45, 225, 8, -902, -450, -31, -179, 880, 31;
-42, 230, 11, -880, -398, -8, -167, 898, 45;
-38, 236, 16, -848, -337, 20, -151, 921, 63;
-40, 235, 14, -873, -332, 11, -159, 920, 57;
-40, 238, 15, -873, -303, 17, -156, 928, 62;
-39, 240, 16, -873, -274, 24, -154, 937, 66;
-45, 235, 11, -936, -309, -11, -178, 919, 43;
-42, 241, 15, -906, -251, 14, -164, 940, 59;
-47, 237, 10, -960, -278, -16, -185, 926, 40;
-49, 237, 9, -980, -271, -25, -191, 926, 35;
-47, 241, 11, -964, -228, -10, -183, 940, 44;
-49, 240, 9, -989, -227, -22, -192, 937, 37;
-47, 243, 11, -980, -192, -12, -187, 948, 43;
-49, 243, 10, -995, -182, -19, -192, 949, 39;
-50, 243, 8, -1012, -175, -28, -198, 949, 33;
-48, 247, 10, -994, -132, -13, -189, 963, 42;
-45, 251, 14, -964, -79, 8, -177, 982, 56;
-44, 254, 15, -954, -46, 17, -172, 992, 61;
-50, 249, 9, -1016, -86, -23, -197, 972, 36;
-49, 251, 10, -1010, -58, -18, -194, 980, 39;
-43, 259, 16, -947, 26, 24, -168, 1012, 66;
-46, 257, 13, -982, 11, 0, -183, 1002, 51;
-41, 263, 18, -934, 79, 32, -163, 1027, 71;
-45, 261, 14, -966, 66, 10, -176, 1019, 57;
-51, 256, 8, -1023, 28, -29, -200, 999, 32;
-44, 264, 15, -955, 114, 14, -173, 1031, 59;
-47, 262, 12, -982, 104, -5, -185, 1024, 47;
-49, 262, 10, -996, 107, -17, -191, 1022, 40;
-46, 265, 12, -972, 147, -4, -182, 1035, 48;
-43, 270, 15, -936, 198, 16, -169, 1053, 61;
-45, 269, 13, -950, 199, 3, -176, 1050, 53;
-48, 266, 9, -980, 182, -20, -189, 1040, 38;
-45, 270, 12, -948, 228, -3, -178, 1055, 48;
-49, 267, 8, -979, 209, -29, -192, 1044, 32;
-47, 270, 9, -959, 240, -21, -186, 1054, 37;
-47, 271, 9, -956, 254, -25, -187, 1057, 35;
-42, 277, 14, -898, 322, 7, -165, 1082, 55;
-41, 279, 14, -884, 346, 10, -161, 1088, 57;
-45, 275, 9, -921, 317, -21, -179, 1073, 37;
-47, 274, 8, -926, 320, -31, -183, 1071, 31;
-41, 281, 13, -867, 385, 0, -161, 1095, 50;
-38, 284, 15, -835, 424, 13, -151, 1109, 59;
-44, 279, 9, -878, 386, -23, -172, 1090, 36;
-44, 279, 8, -872, 396, -28, -172, 1091, 33;
-42, 282, 10, -845, 427, -19, -164, 1101, 39;
-38, 286, 13, -800, 475, 1, -148, 1118, 51;
-39, 285, 10, -808, 470, -13, -155, 1113, 42;
-33, 292, 16, -738, 541, 23, -129, 1140, 65;
-34, 291, 14, -740, 540, 11, -134, 1137, 58;
-35, 290, 13, -741, 538, 0, -138, 1133, 51;
-38, 287, 9, -760, 518, -23, -149, 1123, 36;
-33, 293, 13, -703, 573, 3, -130, 1143, 52;
-36, 290, 9, -722, 551, -20, -141, 1132, 37;
-30, 296, 14, -658, 612, 10, -119, 1154, 57;
-34, 292, 10, -681, 584, -17, -133, 1141, 39;
-29, 297, 14, -623, 637, 8, -113, 1160, 56;
-29, 297, 13, -614, 640, 1, -113, 1159, 52;
-29, 297, 12, -604, 644, -4, -114, 1159, 48;
-30, 296, 10, -600, 641, -14, -117, 1155, 41;
-30, 295, 9, -591, 641, -22, -118, 1153, 36;
-25, 300, 12, -539, 684, -1, -100, 1170, 50;
-26, 299, 11, -533, 680, -11, -103, 1166, 44;
-22, 303, 14, -480, 722, 9, -86, 1182, 56;
-26, 298, 9, -509, 682, -23, -103, 1164, 36;
-24, 299, 9, -482, 697, -20, -96, 1168, 38;
-21, 302, 11, -440, 726, -7, -84, 1178, 46;
-20, 302, 11, -420, 732, -8, -81, 1180, 45;
-21, 301, 10, -411, 728, -17, -82, 1176, 40;
-13, 309, 17, -323, 800, 25, -51, 1205, 66;
-15, 306, 13, -332, 776, 4, -60, 1194, 53;
-18, 302, 9, -346, 745, -20, -71, 1180, 38;
-17, 302, 9, -326, 748, -22, -68, 1180, 36;
-16, 302, 9, -305, 751, -24, -65, 1180, 35;
-16, 302, 8, -285, 753, -27, -62, 1180, 34;
-14, 303, 9, -254, 764, -22, -55, 1184, 36;
-9, 307, 12, -200, 799, -2, -38, 1198, 49;
-8, 307, 13, -172, 806, 0, -32, 1200, 50;
-2, 313, 18, -100, 857, 31, -8, 1221, 70;
-1, 312, 17, -84, 851, 25, -7, 1218, 66;
-4, 308, 13, -95, 818, 2, -16, 1204, 52;
-6, 305, 10, -102, 788, -19, -25, 1191, 39;
1, 312, 17, -9, 858, 26, 7, 1220, 67;
-5, 304, 8, -64, 779, -26, -21, 1187, 34;