-5, 303, 7, -48, 770, -32, -20, 1183, 30;
0, 307, 11, 12, 807, -7, 0, 1198, 46;
7, 313, 17, 94, 863, 30, 27, 1222, 69;
0, 304, 8, 32, 775, -28, -3, 1185, 33;
2, 306, 11, 81, 798, -11, 11, 1195, 43;
2, 305, 9, 94, 784, -19, 10, 1190, 38;
9, 310, 15, 172, 835, 16, 37, 1211, 61;
6, 306, 11, 156, 791, -10, 25, 1194, 44;
8, 306, 12, 188, 795, -5, 33, 1196, 47;
15, 312, 17, 266, 845, 30, 60, 1217, 70;
10, 305, 11, 234, 783, -6, 41, 1193, 46;
13, 307, 13, 273, 793, 3, 52, 1198, 53;
18, 310, 17, 332, 822, 26, 71, 1211, 67;
15, 306, 13, 318, 779, 2, 60, 1194, 52;
12, 301, 9, 305, 736, -22, 49, 1177, 37;
14, 302, 10, 337, 737, -16, 57, 1179, 40;
14, 300, 9, 347, 716, -25, 56, 1172, 35;
16, 300, 9, 376, 715, -20, 63, 1172, 38;
17, 300, 9, 398, 705, -21, 66, 1170, 37;
22, 304, 14, 464, 740, 8, 89, 1186, 56;
26, 306, 16, 509, 754, 24, 103, 1193, 65;
18, 296, 7, 446, 659, -32, 72, 1155, 30;
23, 299, 11, 505, 686, -7, 91, 1168, 46;
26, 301, 14, 547, 696, 6, 104, 1174, 54;
25, 298, 11, 547, 664, -7, 99, 1163, 46;
31, 302, 16, 614, 699, 24, 123, 1180, 66;
30, 299, 14, 613, 666, 10, 118, 1168, 57;
32, 299, 15, 640, 661, 15, 124, 1168, 60;
28, 294, 11, 617, 605, -12, 110, 1147, 43;
33, 297, 15, 676, 632, 14, 130, 1160, 59;
36, 299, 17, 718, 642, 29, 144, 1167, 69;
33, 293, 13, 691, 583, 0, 128, 1145, 50;
36, 295, 15, 734, 595, 17, 143, 1152, 61;
37, 294, 16, 755, 583, 19, 147, 1150, 63;
39, 294, 16, 777, 573, 23, 153, 1148, 65;
34, 287, 11, 741, 506, -10, 134, 1123, 44;
37, 289, 13, 778, 511, 3, 146, 1127, 52;
33, 283, 8, 745, 446, -28, 129, 1103, 32;
40, 288, 14, 818, 489, 10, 156, 1124, 57;
34, 281, 8, 778, 417, -25, 136, 1097, 34;
42, 287, 15, 855, 464, 16, 165, 1119, 61;
45, 288, 18, 891, 469, 32, 177, 1124, 70;
42, 283, 14, 872, 420, 10, 166, 1107, 57;
45, 285, 17, 909, 427, 27, 179, 1113, 68;
45, 283, 16, 909, 397, 20, 176, 1103, 63;
43, 279, 13, 895, 354, 3, 168, 1089, 53;
40, 274, 10, 876, 306, -15, 158, 1072, 41;
48, 280, 17, 952, 354, 28, 187, 1095, 68;
45, 276, 14, 936, 309, 11, 178, 1079, 58;
42, 271, 11, 909, 254, -12, 165, 1060, 43;
46, 273, 14, 947, 265, 8, 179, 1068, 56;
46, 272, 14, 954, 245, 8, 180, 1063, 55;
47, 272, 15, 972, 236, 15, 186, 1062, 60;
40, 263, 7, 907, 145, -32, 158, 1028, 30;
50, 271, 17, 1003, 215, 28, 196, 1060, 68;
48, 268, 15, 988, 176, 15, 189, 1047, 60;
45, 263, 12, 961, 124, -6, 177, 1029, 47;
45, 262, 12, 964, 103, -6, 177, 1024, 47;
44, 260, 10, 957, 72, -13, 174, 1014, 42;
43, 257, 9, 947, 40, -21, 169, 1004, 37;
51, 263, 17, 1020, 90, 25, 199, 1028, 67;
49, 261, 15, 1007, 55, 16, 193, 1017, 61;
50, 260, 16, 1019, 46, 24, 198, 1017, 66;
47, 256, 13, 988, -5, 3, 185, 999, 53;
43, 251, 9, 953, -60, -19, 170, 979, 38;
50, 257, 17, 1019, -14, 24, 198, 1002, 66;
42, 247, 8, 938, -113, -27, 165, 965, 33;
47, 250, 13, 980, -88, 2, 183, 978, 52;
46, 248, 12, 971, -116, -2, 180, 970, 49;
50, 251, 17, 1007, -95, 24, 196, 982, 66;
41, 242, 8, 923, -196, -28, 162, 944, 33;
41, 241, 9, 923, -212, -25, 163, 940, 35;
43, 241, 10, 932, -217, -15, 168, 942, 41;
44, 242, 12, 943, -219, -3, 174, 944, 48;
46, 242, 14, 955, -220, 8, 181, 947, 56;
39, 235, 8, 887, -300, -31, 154, 917, 31;
41, 236, 10, 902, -298, -16, 162, 921, 40;
38, 232, 8, 872, -338, -31, 152, 907, 31;
42, 235, 12, 903, -317, -4, 167, 919, 48;
38, 230, 8, 856, -373, -29, 149, 899, 32;
47, 239, 17, 936, -302, 30, 185, 932, 70;
38, 229, 9, 847, -399, -20, 150, 895, 37;
44, 234, 15, 892, -361, 16, 171, 914, 61;
44, 234, 16, 888, -371, 21, 173, 912, 64;
41, 231, 14, 858, -406, 10, 163, 901, 57;
35, 224, 9, 794, -475, -24, 139, 875, 35;
43, 231, 17, 856, -416, 26, 168, 902, 67;
41, 229, 16, 836, -440, 22, 163, 896, 64;
35, 222, 10, 766, -512, -14, 137, 868, 41;
31, 218, 7, 725, -554, -32, 124, 854, 31;
34, 221, 11, 742, -538, -10, 134, 863, 44;
32, 218, 9, 712, -567, -19, 126, 853, 38;
39, 225, 17, 770, -508, 29, 153, 880, 69;
37, 223, 16, 744, -532, 23, 147, 873, 65;
30, 216, 10, 662, -611, -18, 117, 843, 39;
36, 222, 17, 717, -553, 29, 143, 869, 69;
35, 221, 16, 692, -574, 24, 137, 863, 66;
27, 213, 9, 606, -655, -20, 106, 832, 38;
32, 218, 16, 646, -609, 19, 127, 853, 62;
24, 210, 9, 560, -688, -25, 95, 822, 35;
27, 213, 12, 573, -668, -3, 105, 832, 48;
25, 211, 11, 545, -687, -8, 98, 826, 45;
25, 212, 12, 534, -689, -1, 99, 828, 49;
27, 215, 16, 547, -667, 20, 109, 839, 63;
18, 206, 7, 447, -756, -31, 72, 803, 31;
19, 207, 9, 441, -750, -21, 74, 807, 37;
22, 210, 13, 457, -722, 3, 86, 821, 53;
20, 209, 13, 432, -734, 1, 81, 817, 52;
17, 207, 11, 392, -760, -9, 69, 808, 44;
17, 207, 11, 374, -764, -7, 67, 807, 46;
12, 202, 8, 315, -808, -30, 48, 791, 31;
15, 207, 12, 336, -771, -1, 62, 807, 50;
18, 209, 16, 344, -747, 19, 70, 818, 63;
9, 202, 8, 252, -822, -26, 37, 788, 34;
15, 208, 15, 294, -762, 17, 60, 814, 61;
14, 208, 15, 270, -767, 17, 56, 813, 61;
8, 203, 11, 204, -814, -10, 34, 794, 44;
9, 204, 12, 194, -805, -1, 35, 799, 49;
12, 209, 17, 216, -762, 29, 50, 817, 69;
10, 207, 16, 176, -781, 19, 39, 810, 63;
9, 207, 16, 155, -781, 21, 36, 810, 64;
0, 199, 8, 55, -858, -28, 0, 779, 33;
7, 207, 16, 107, -784, 21, 27, 810, 64;
-2, 199, 8, 3, -864, -30, -9, 777, 31;
-1, 201, 10, 2, -841, -15, -4, 786, 41;
0, 203, 12, -6, -826, -4, -2, 793, 48;
1, 206, 15, -2, -797, 14, 4, 805, 60;
-4, 201, 10, -72, -841, -15, -18, 786, 41;
-2, 204, 13, -68, -811, 3, -11, 798, 53;
-5, 204, 12, -101, -818, -1, -19, 796, 49;
-2, 207, 16, -93, -783, 19, -10, 810, 63;
-4, 207, 15, -125, -788, 14, -18, 807, 59;
-4, 208, 16, -138, -773, 22, -18, 813, 65;
-13, 200, 8, -236, -843, -27, -53, 783, 34;
-14, 201, 9, -256, -834, -23, -56, 786, 36;
-9, 207, 14, -227, -777, 11, -38, 809, 57;
-13, 205, 12, -277, -797, -6, -53, 800, 47;
-9, 211, 17, -247, -737, 29, -35, 823, 69;
-17, 204, 10, -339, -800, -16, -68, 796, 40;
-13, 210, 16, -308, -739, 20, -50, 821, 63;
-16, 208, 13, -354, -754, 4, -64, 813, 53;
-21, 205, 10, -411, -780, -17, -82, 801, 39;
-24, 203, 8, -454, -792, -31, -95, 795, 31;
-22, 207, 10, -451, -758, -14, -89, 807, 42;
-18, 212, 15, -427, -703, 16, -74, 829, 61;
-26, 206, 8, -513, -757, -26, -104, 804, 34;
-20, 214, 16, -466, -679, 19, -80, 835, 62;
-20, 215, 17, -478, -659, 25, -80, 842, 66;
-24, 213, 14, -525, -674, 7, -95, 834, 55;
-21, 218, 18, -509, -626, 32, -84, 852, 70;
-30, 210, 9, -608, -693, -20, -120, 822, 38;
-30, 213, 11, -614, -667, -11, -118, 831, 44;
-30, 215, 12, -624, -644, -4, -117, 838, 48;
-28, 218, 14, -619, -608, 11, -111, 851, 57;
-32, 216, 11, -666, -622, -7, -126, 843, 46;
-32, 217, 12, -676, -601, -2, -127, 849, 49;
-29, 222, 16, -660, -552, 20, -116, 867, 63;
-36, 217, 10, -736, -596, -18, -143, 846, 39;
-30, 224, 16, -689, -517, 24, -120, 877, 66;
-37, 220, 11, -756, -552, -9, -144, 860, 44;
-37, 221, 11, -773, -538, -10, -147, 863, 44;
-34, 226, 15, -753, -487, 12, -136, 882, 59;
-35, 227, 15, -764, -465, 16, -137, 888, 60;
-33, 230, 17, -760, -430, 28, -131, 900, 68;
-34, 231, 17, -774, -413, 28, -134, 904, 68;
-43, 224, 9, -863, -472, -21, -168, 877, 37;
-40, 228, 12, -849, -427, -3, -159, 892, 48;
-42, 229, 11, -867, -414, -7, -164, 894, 46;
-39, 233, 14, -850, -368, 11, -154, 911, 57;
-43, 231, 11, -896, -384, -11, -171, 901, 43;
-43, 233, 12, -895, -354, -3, -168, 911, 48;
-38, 239, 17, -856, -286, 28, -149, 935, 68;
-47, 232, 9, -943, -344, -22, -183, 908, 37;
-45, 236, 11, -930, -303, -7, -176, 922, 46;
-43, 240, 14, -916, -261, 7, -168, 936, 55;
-45, 239, 12, -940, -257, -3, -176, 935, 49;
-41, 244, 16, -911, -202, 21, -162, 954, 64;
-50, 237, 8, -995, -259, -30, -196, 927, 31;
-43, 246, 15, -932, -170, 15, -168, 961, 60;
-49, 241, 9, -995, -208, -23, -193, 942, 36;
-49, 243, 9, -998, -186, -21, -193, 948, 37;
-44, 250, 15, -949, -112, 14, -172, 975, 59;
-48, 246, 10, -996, -135, -14, -191, 962, 41;
-41, 255, 18, -928, -43, 32, -162, 997, 71;
-46, 252, 13, -976, -68, 2, -181, 983, 52;
-51, 248, 8, -1027, -97, -30, -202, 968, 32;
-50, 250, 9, -1015, -63, -21, -196, 978, 37;
-48, 253, 11, -1001, -28, -12, -191, 989, 43;
-51, 252, 8, -1022, -29, -26, -199, 986, 34;
-41, 263, 18, -935, 78, 31, -163, 1027, 70;
-41, 264, 18, -934, 98, 31, -163, 1032, 70;
-47, 260, 12, -983, 68, -2, -184, 1016, 49;
-49, 259, 10, -999, 70, -14, -191, 1013, 41;
-44, 265, 15, -954, 132, 13, -173, 1036, 59;
-45, 265, 14, -960, 142, 6, -177, 1037, 54;
-45, 266, 13, -960, 159, 3, -177, 1040, 53;
-43, 269, 15, -939, 195, 14, -170, 1052, 60;
-46, 267, 12, -964, 184, -6, -182, 1044, 47;
-43, 272, 15, -930, 232, 12, -169, 1061, 58;
-49, 267, 8, -983, 193, -26, -192, 1041, 34;
-45, 272, 12, -938, 250, -1, -175, 1061, 49;
-44, 273, 12, -929, 271, -1, -173, 1067, 50;
-43, 275, 13, -916, 295, 1, -170, 1073, 52;
-40, 279, 16, -880, 340, 19, -157, 1089, 63;
-43, 277, 13, -899, 330, 0, -167, 1082, 51;
-37, 283, 17, -846, 392, 29, -147, 1104, 69;
-43, 278, 11, -891, 355, -8, -169, 1086, 45;
-42, 280, 12, -874, 379, -4, -164, 1093, 48;
-38, 284, 15, -832, 427, 15, -149, 1110, 60;
-36, 287, 17, -802, 462, 27, -140, 1121, 67;
-39, 284, 13, -829, 439, 0, -154, 1109, 51;
-35, 288, 16, -787, 486, 19, -140, 1125, 63;
-42, 282, 9, -840, 435, -25, -165, 1102, 35;
-38, 287, 12, -792, 486, -2, -148, 1120, 49;
-39, 286, 11, -792, 487, -12, -152, 1118, 43;
-41, 284, 7, -805, 474, -32, -161, 1110, 31;
-35, 290, 12, -746, 533, -2, -140, 1132, 49;
-31, 295, 16, -691, 587, 22, -121, 1151, 64;
-38, 288, 8, -747, 529, -26, -148, 1125, 34;
-34, 292, 12, -700, 573, -6, -133, 1140, 46;
-27, 299, 17, -628, 642, 30, -106, 1167, 69;
-28, 297, 15, -632, 634, 15, -112, 1161, 60;
-32, 294, 11, -651, 609, -10, -125, 1149, 44;
-27, 298, 14, -600, 654, 11, -108, 1165, 57;
-28, 298, 13, -595, 652, 1, -110, 1162, 51;
-26, 300, 14, -565, 676, 8, -102, 1170, 56;
-23, 302, 16, -526, 706, 21, -90, 1181, 64;
-26, 299, 12, -541, 682, -2, -101, 1169, 49;
-29, 295, 7, -564, 649, -32, -116, 1153, 30;
-28, 296, 8, -542, 660, -31, -112, 1156, 31;
-19, 305, 15, -446, 745, 17, -77, 1189, 62;
-21, 302, 12, -453, 726, 0, -84, 1180, 50;
-24, 299, 8, -469, 698, -26, -96, 1167, 34;
-21, 302, 11, -421, 731, -9, -81, 1179, 45;
-16, 306, 14, -369, 769, 10, -65, 1193, 57;
-16, 305, 13, -355, 768, 4, -64, 1192, 53;
-20, 301, 8, -378, 729, -26, -79, 1174, 34;
-18, 302, 9, -351, 740, -24, -73, 1178, 36;
-16, 304, 10, -312, 762, -13, -62, 1186, 42;
-11, 308, 14, -252, 804, 10, -43, 1202, 57;
-14, 304, 10, -272, 766, -18, -57, 1185, 39;
-10, 307, 12, -221, 797, 0, -41, 1198, 50;
-12, 304, 9, -228, 771, -21, -49, 1186, 37;
-4, 311, 16, -140, 838, 21, -19, 1213, 64;
-5, 309, 14, -133, 824, 9, -21, 1207, 56;
-7, 306, 11, -138, 797, -10, -29, 1195, 44;
-9, 303, 8, -144, 770, -30, -37, 1184, 32;
-8, 303, 7, -122, 769, -32, -33, 1183, 30;
-2, 308, 13, -48, 819, 0, -9, 1203, 51;
-2, 307, 11, -40, 803, -10, -11, 1197, 44;
2, 311, 15, 24, 844, 16, 10, 1214, 61;
5, 313, 17, 68, 863, 29, 22, 1222, 69;
3, 309, 14, 61, 830, 8, 14, 1208, 56;
0, 304, 9, 38, 781, -24, -1, 1188, 36;
0, 304, 8, 58, 775, -26, 1, 1186, 34;
1, 303, 8, 80, 770, -28, 5, 1184, 33;
6, 307, 12, 139, 801, -5, 24, 1198, 47;
7, 307, 12, 166, 801, -3, 29, 1198, 48;
12, 310, 15, 223, 829, 17, 47, 1210, 62;
15, 312, 17, 266, 844, 30, 60, 1217, 69;
11, 306, 12, 241, 790, -2, 44, 1196, 49;
17, 310, 17, 307, 827, 26, 66, 1212, 67;
11, 303, 10, 270, 760, -14, 45, 1185, 41;
10, 301, 8, 274, 735, -27, 41, 1175, 33;
20, 309, 16, 374, 805, 23, 78, 1206, 65;
20, 307, 15, 387, 787, 17, 78, 1200, 61;
18, 304, 13, 387, 757, 1, 73, 1188, 52;
24, 309, 18, 456, 794, 32, 96, 1205, 71;
19, 302, 11, 416, 724, -8, 74, 1177, 45;
26, 307, 17, 496, 772, 29, 102, 1199, 69;
27, 306, 17, 514, 759, 27, 105, 1195, 67;
24, 302, 13, 500, 713, 3, 94, 1178, 53;
27, 303, 15, 538, 719, 14, 105, 1182, 60;
27, 302, 15, 556, 705, 12, 108, 1178, 58;
30, 303, 17, 595, 712, 25, 119, 1183, 66;
25, 296, 10, 557, 642, -13, 99, 1156, 42;
24, 293, 8, 559, 612, -25, 95, 1145, 34;
25, 293, 9, 583, 604, -22, 101, 1144, 37;
35, 301, 18, 684, 672, 31, 138, 1175, 70;
29, 293, 11, 639, 595, -10, 115, 1145, 44;
27, 289, 8, 626, 550, -31, 106, 1129, 31;
31, 291, 11, 675, 567, -10, 122, 1138, 44;
28, 287, 7, 660, 520, -32, 112, 1121, 31;
30, 287, 8, 686, 514, -25, 119, 1121, 34;
40, 295, 17, 788, 584, 30, 157, 1153, 70;
34, 288, 11, 745, 510, -7, 136, 1124, 45;
38, 290, 14, 788, 521, 10, 150, 1132, 57;
40, 290, 16, 818, 519, 19, 159, 1134, 63;
42, 290, 16, 837, 507, 22, 164, 1132, 65;
42, 289, 16, 852, 492, 23, 167, 1128, 65;
39, 283, 12, 823, 432, -4, 152, 1106, 48;
39, 282, 12, 840, 418, -2, 155, 1103, 49;
41, 282, 13, 860, 408, 2, 161, 1102, 52;
38, 277, 9, 838, 356, -19, 149, 1083, 38;
38, 275, 9, 841, 329, -25, 148, 1075, 35;
38, 274, 8, 851, 310, -25, 150, 1070, 35;
45, 280, 15, 924, 354, 16, 178, 1092, 61;
38, 271, 8, 866, 267, -29, 151, 1059, 32;
42, 273, 11, 904, 277, -9, 165, 1066, 45;
43, 272, 11, 914, 259, -8, 167, 1062, 45;
45, 273, 13, 942, 260, 4, 177, 1065, 53;
41, 268, 9, 912, 203, -20, 163, 1045, 38;
49, 274, 17, 987, 251, 24, 192, 1068, 66;
46, 269, 13, 963, 201, 4, 181, 1051, 54;
42, 263, 9, 924, 137, -24, 164, 1028, 35;
49, 269, 16, 995, 182, 19, 192, 1050, 63;
43, 261, 9, 940, 103, -19, 168, 1020, 38;
43, 261, 10, 949, 88, -16, 171, 1017, 40;
51, 266, 17, 1017, 133, 27, 199, 1039, 67;
42, 256, 8, 935, 28, -29, 164, 999, 32;
50, 263, 16, 1012, 82, 20, 196, 1025, 63;
47, 258, 13, 987, 35, 3, 185, 1009, 52;
49, 259, 15, 1010, 37, 18, 194, 1013, 62;
44, 253, 10, 959, -34, -15, 173, 987, 41;
50, 258, 16, 1017, 3, 22, 197, 1006, 65;
49, 256, 15, 1009, -24, 18, 194, 998, 62;
45, 250, 11, 967, -84, -8, 177, 976, 45;
46, 250, 12, 974, -95, -1, 181, 975, 49;
46, 249, 12, 972, -114, 0, 181, 971, 50;
47, 249, 14, 983, -120, 8, 186, 972, 56;
51, 251, 18, 1013, -106, 31, 199, 981, 70;
46, 246, 13, 969, -165, 5, 182, 960, 54;
44, 242, 11, 945, -204, -6, 174, 947, 46;
44, 241, 11, 939, -224, -6, 172, 942, 46;
41, 238, 9, 909, -266, -22, 162, 928, 37;
46, 241, 14, 951, -237, 10, 181, 943, 57;
41, 236, 10, 902, -297, -16, 162, 921, 40;
46, 240, 15, 943, -267, 16, 181, 937, 61;
43, 236, 12, 905, -315, -2, 168, 920, 49;
47, 239, 17, 943, -287, 28, 185, 935, 68;
40, 231, 10, 866, -372, -15, 156, 903, 41;
40, 231, 11, 866, -379, -8, 158, 903, 45;
38, 229, 10, 841, -411, -17, 151, 893, 40;
42, 232, 14, 869, -390, 9, 165, 905, 56;
35, 224, 8, 796, -468, -31, 137, 875, 31;
40, 228, 13, 835, -433, 3, 157, 892, 53;
39, 227, 13, 822, -451, 3, 154, 888, 53;
40, 228, 15, 824, -452, 14, 158, 890, 59;
35, 222, 10, 764, -514, -16, 136, 867, 40;
36, 223, 12, 765, -514, -5, 141, 870, 47;
38, 225, 15, 782, -498, 16, 151, 880, 61;
39, 226, 17, 783, -496, 27, 155, 883, 68;
30, 216, 8, 685, -593, -26, 118, 845, 34;
34, 220, 13, 715, -561, 4, 135, 861, 53;
35, 222, 15, 717, -556, 17, 140, 866, 62;
33, 219, 14, 687, -583, 9, 131, 857, 56;
28, 214, 10, 631, -634, -15, 112, 838, 41;
32, 219, 15, 659, -601, 15, 128, 854, 60;
32, 218, 16, 647, -607, 20, 127, 853, 63;
26, 212, 10, 577, -671, -13, 102, 829, 42;
30, 217, 16, 607, -634, 19, 119, 847, 62;
24, 211, 11, 541, -691, -10, 97, 825, 44;
23, 210, 10, 516, -707, -14, 91, 820, 42;
27, 214, 15, 540, -674, 15, 106, 836, 60;
23, 211, 13, 496, -707, 0, 92, 824, 51;
27, 215, 17, 520, -671, 30, 107, 840, 70;
26, 214, 17, 495, -684, 28, 102, 836, 68;
18, 207, 11, 410, -756, -12, 72, 808, 42;
22, 211, 16, 436, -716, 19, 88, 826, 63;
22, 212, 17, 422, -717, 24, 87, 827, 66;
20, 210, 15, 389, -735, 18, 78, 821, 62;
14, 205, 11, 320, -787, -12, 55, 800, 43;
11, 203, 9, 283, -808, -21, 45, 793, 37;
17, 209, 16, 321, -753, 19, 66, 817, 63;
11, 204, 11, 251, -805, -11, 42, 796, 43;
10, 204, 11, 229, -809, -10, 39, 796, 44;
10, 205, 13, 224, -795, 2, 42, 802, 52;
10, 206, 13, 204, -794, 5, 40, 803, 54;
7, 204, 12, 169, -809, -1, 31, 798, 49;
10, 207, 16, 176, -781, 18, 39, 810, 62;
6, 205, 13, 127, -808, 3, 24, 799, 52;
2, 201, 10, 74, -840, -16, 8, 786, 40;
7, 208, 17, 113, -777, 26, 30, 813, 67;
0, 200, 9, 18, -849, -20, -3, 783, 38;
3, 206, 15, 47, -796, 15, 14, 805, 60;
-3, 201, 9, -29, -848, -19, -12, 784, 38;
-4, 201, 9, -53, -848, -19, -16, 784, 38;
-2, 204, 13, -46, -816, 1, -8, 797, 51;
-3, 204, 13, -69, -813, 2, -12, 798, 52;
0, 209, 18, -49, -766, 32, 1, 817, 71;
-6, 204, 12, -124, -814, -1, -23, 797, 50;
-6, 205, 13, -140, -802, 4, -24, 801, 54;
-13, 200, 8, -217, -852, -30, -50, 780, 32;
-13, 201, 9, -230, -837, -22, -50, 786, 36;
-7, 208, 16, -191, -769, 19, -29, 813, 63;
-11, 206, 13, -242, -791, 1, -44, 803, 51;
-16, 202, 9, -305, -825, -24, -65, 788, 35;
-15, 204, 11, -308, -798, -10, -61, 798, 44;
-14, 207, 13, -314, -775, 0, -58, 807, 51;
-12, 210, 16, -307, -737, 21, -50, 821, 64;
-17, 207, 12, -363, -763, 0, -67, 810, 50;
-16, 209, 14, -371, -740, 9, -66, 818, 56;
-14, 213, 18, -359, -697, 32, -56, 834, 70;
-23, 205, 9, -462, -769, -21, -93, 803, 37;
-17, 214, 17, -413, -689, 25, -68, 835, 67;
-23, 209, 12, -480, -725, -4, -91, 818, 48;
-26, 208, 10, -521, -734, -17, -103, 812, 40;
-26, 210, 11, -530, -711, -8, -101, 820, 45;
-22, 215, 16, -507, -656, 19, -87, 841, 63;
-26, 213, 13, -558, -675, 0, -104, 832, 50;
-24, 217, 16, -545, -630, 21, -94, 848, 64;
-33, 209, 7, -646, -699, -32, -131, 817, 30;
-25, 220, 17, -576, -597, 27, -98, 858, 67;
-32, 214, 10, -658, -647, -14, -127, 835, 41;
-28, 220, 16, -626, -582, 19, -110, 859, 62;
-36, 213, 8, -717, -642, -29, -144, 832, 32;
-30, 221, 15, -665, -558, 16, -118, 865, 61;
-37, 216, 9, -744, -605, -24, -147, 843, 35;
-37, 218, 10, -750, -578, -16, -145, 851, 40;
-39, 217, 8, -783, -579, -27, -155, 848, 33;
-36, 222, 12, -764, -528, -4, -144, 867, 48;
-37, 224, 13, -773, -506, 0, -144, 873, 50;
-42, 220, 7, -836, -537, -31, -166, 858, 31;
-42, 222, 8, -841, -512, -25, -165, 866, 34;
-35, 231, 16, -781, -420, 23, -137, 901, 65;
-36, 232, 16, -795, -404, 23, -140, 905, 65;
-41, 228, 12, -852, -430, -6, -161, 891, 47;
-43, 228, 10, -879, -427, -15, -169, 889, 41;
-38, 234, 16, -837, -355, 19, -149, 916, 63;
-44, 230, 10, -899, -388, -13, -172, 900, 42;
-39, 237, 16, -856, -315, 22, -152, 927, 64;
-45, 233, 10, -922, -352, -14, -177, 908, 41;
-39, 240, 16, -876, -277, 22, -155, 936, 64;
-43, 238, 13, -912, -285, 4, -168, 930, 53;
-47, 235, 9, -959, -304, -21, -186, 918, 37;
-46, 238, 11, -949, -267, -9, -180, 931, 45;
-41, 245, 16, -908, -199, 23, -161, 956, 65;
-48, 239, 10, -977, -241, -18, -188, 935, 39;
-50, 239, 8, -999, -237, -29, -196, 933, 32;
-43, 248, 15, -934, -146, 18, -168, 968, 62;
-43, 248, 15, -945, -132, 14, -171, 970, 59;
-45, 248, 14, -960, -123, 6, -176, 970, 55;
-51, 244, 8, -1019, -158, -30, -200, 953, 32;
-48, 248, 11, -992, -107, -10, -188, 970, 44;
-47, 251, 12, -982, -74, -1, -183, 981, 49;
-46, 253, 13, -978, -48, 2, -181, 988, 52;
-46, 254, 13, -981, -29, 1, -182, 993, 51;
-48, 254, 11, -995, -22, -8, -188, 992, 45;
-49, 254, 10, -1010, -16, -17, -194, 991, 39;
-49, 255, 10, -1008, 5, -17, -194, 997, 40;
-47, 259, 12, -985, 47, -2, -184, 1011, 49;
-42, 265, 17, -936, 115, 28, -164, 1035, 68;
-49, 259, 10, -1003, 66, -17, -192, 1012, 40;
-45, 264, 13, -967, 119, 4, -179, 1030, 53;
-50, 260, 8, -1009, 93, -26, -197, 1016, 34;
-49, 262, 9, -996, 123, -20, -192, 1025, 38;
-45, 267, 13, -957, 177, 2, -177, 1044, 52;
-41, 273, 17, -911, 238, 29, -159, 1066, 69;
-49, 265, 8, -990, 172, -27, -194, 1036, 33;
-49, 266, 8, -984, 191, -28, -193, 1040, 33;
-48, 269, 9, -968, 220, -22, -188, 1049, 37;
-45, 273, 12, -933, 266, -4, -175, 1065, 48;
-46, 272, 10, -941, 269, -15, -180, 1063, 41;
-41, 278, 15, -889, 332, 13, -161, 1086, 59;
-40, 280, 15, -872, 357, 18, -156, 1093, 62;
-43, 277, 12, -896, 342, -4, -168, 1083, 48;
-39, 282, 15, -856, 389, 14, -154, 1100, 60;
-46, 275, 7, -916, 337, -32, -182, 1075, 30;
-44, 278, 9, -887, 372, -21, -172, 1087, 37;
-45, 278, 8, -889, 376, -30, -176, 1085, 32;
-40, 283, 11, -841, 428, -7, -159, 1104, 46;
-39, 285, 12, -819, 454, -1, -153, 1112, 50;
-36, 288, 14, -789, 486, 8, -144, 1123, 56;
-39, 286, 11, -803, 475, -9, -153, 1115, 44;
-33, 292, 16, -740, 539, 22, -130, 1139, 64;
-36, 289, 12, -762, 518, -2, -143, 1128, 49;
-35, 290, 12, -744, 535, -2, -139, 1132, 49;
-36, 289, 11, -743, 535, -12, -142, 1130, 43;
-35, 290, 11, -726, 550, -12, -139, 1133, 43;
-31, 295, 14, -677, 596, 8, -123, 1150, 56;
-29, 297, 15, -647, 623, 17, -114, 1159, 61;
-29, 297, 15, -636, 629, 12, -114, 1159, 58;
-27, 298, 15, -612, 649, 16, -108, 1165, 60;
-31, 295, 11, -632, 622, -10, -121, 1152, 44;
-27, 298, 14, -587, 660, 6, -107, 1166, 55;
-26, 299, 14, -566, 674, 7, -102, 1169, 55;
-30, 295, 9, -595, 637, -25, -119, 1152, 35;
-30, 295, 8, -581, 642, -29, -118, 1152, 32;
-28, 297, 9, -549, 664, -21, -110, 1159, 37;
-19, 305, 16, -458, 744, 24, -77, 1191, 66;
-19, 305, 16, -446, 745, 18, -76, 1190, 62;
-20, 304, 14, -440, 739, 7, -79, 1186, 55;
-19, 304, 14, -418, 748, 7, -75, 1187, 55;
-16, 306, 15, -381, 772, 17, -65, 1196, 61;
-14, 308, 17, -347, 792, 25, -56, 1203, 66;
-19, 302, 10, -387, 736, -16, -77, 1179, 40;
-15, 306, 14, -329, 779, 6, -59, 1195, 55;
-14, 306, 14, -306, 785, 6, -55, 1196, 54;
-18, 301, 8, -335, 739, -28, -72, 1176, 32;
-11, 308, 14, -254, 802, 9, -44, 1201, 56;
-11, 306, 12, -246, 792, -1, -46, 1196, 50;
-10, 307, 13, -216, 802, 2, -39, 1200, 52;
-12, 304, 9, -226, 773, -19, -48, 1187, 38;
-9, 306, 12, -181, 797, -6, -36, 1196, 46;
-5, 309, 14, -130, 827, 11, -20, 1208, 57;
-7, 306, 11, -138, 798, -9, -29, 1196, 44;
-6, 306, 10, -119, 794, -13, -26, 1194, 42;
-1, 310, 15, -55, 835, 12, -6, 1211, 58;
-2, 308, 12, -50, 817, 0, -9, 1203, 50;
0, 309, 13, -21, 822, 2, -3, 1205, 52;
0, 308, 12, 0, 818, 0, 0, 1203, 50;
-3, 303, 8, -22, 771, -31, -15, 1184, 31;
-2, 303, 8, 2, 771, -31, -10, 1184, 31;
0, 305, 9, 41, 785, -21, 0, 1189, 37;
6, 310, 15, 119, 836, 13, 26, 1211, 59;
7, 310, 15, 142, 832, 12, 31, 1210, 58;
8, 309, 14, 160, 823, 8, 32, 1206, 56;
10, 310, 15, 193, 828, 14, 40, 1209, 59;
12, 311, 16, 229, 836, 22, 50, 1213, 64;
8, 305, 11, 205, 783, -9, 34, 1192, 44;
7, 302, 8, 202, 751, -28, 27, 1179, 33;
10, 304, 11, 250, 770, -12, 42, 1188, 43;
9, 301, 8, 248, 739, -29, 36, 1176, 32;
15, 306, 13, 318, 779, 1, 60, 1194, 52;
17, 307, 14, 355, 785, 10, 69, 1198, 57;
16, 304, 12, 354, 754, -4, 64, 1186, 47;
19, 306, 14, 399, 768, 9, 77, 1193, 56;
17, 302, 11, 392, 730, -10, 69, 1179, 44;
22, 305, 14, 444, 752, 9, 86, 1189, 57;
25, 306, 16, 486, 762, 22, 98, 1195, 65;
22, 302, 13, 476, 720, 1, 89, 1179, 52;
19, 297, 9, 458, 671, -24, 77, 1160, 35;
20, 296, 8, 475, 656, -27, 79, 1156, 34;
28, 303, 16, 566, 715, 19, 112, 1182, 63;
23, 296, 9, 525, 642, -21, 90, 1154, 37;
29, 300, 15, 597, 682, 12, 115, 1172, 58;
25, 294, 9, 565, 618, -21, 98, 1148, 37;
28, 295, 11, 603, 624, -8, 109, 1153, 45;
32, 298, 15, 659, 648, 15, 128, 1165, 60;
33, 297, 15, 675, 632, 13, 130, 1160, 59;
35, 297, 16, 704, 628, 20, 138, 1161, 64;
35, 296, 16, 718, 610, 18, 140, 1156, 62;
37, 295, 16, 737, 597, 19, 144, 1153, 63;
34, 291, 13, 725, 553, 0, 135, 1137, 50;
32, 287, 9, 712, 508, -19, 126, 1121, 38;
32, 285, 9, 720, 484, -25, 125, 1114, 35;
33, 285, 10, 745, 478, -18, 132, 1114, 39;
35, 285, 11, 770, 472, -11, 139, 1114, 43;
41, 289, 15, 829, 500, 17, 160, 1128, 62;
34, 280, 8, 771, 410, -30, 133, 1094, 31;
44, 289, 17, 876, 485, 30, 174, 1128, 70;
41, 284, 14, 854, 432, 7, 161, 1109, 55;
37, 279, 9, 826, 374, -19, 147, 1088, 38;
39, 278, 10, 846, 364, -14, 152, 1086, 41;
41, 279, 12, 873, 361, -4, 161, 1088, 48;
43, 279, 14, 901, 360, 7, 170, 1091, 55;
43, 277, 13, 900, 330, 0, 168, 1082, 51;
42, 274, 11, 896, 298, -8, 164, 1072, 45;
39, 270, 8, 877, 250, -27, 154, 1055, 33;
47, 276, 15, 953, 298, 16, 183, 1078, 61;
44, 272, 12, 930, 248, -2, 172, 1061, 49;
44, 270, 12, 936, 227, -4, 173, 1055, 48;
47, 271, 14, 965, 229, 10, 183, 1059, 57;
50, 273, 17, 999, 237, 29, 196, 1066, 69;
43, 264, 10, 937, 149, -15, 169, 1033, 41;
43, 263, 10, 938, 125, -18, 168, 1026, 39;
48, 266, 15, 989, 152, 12, 188, 1041, 58;
45, 262, 11, 962, 100, -7, 176, 1023, 46;
41, 257, 8, 930, 45, -31, 162, 1003, 31;
43, 257, 9, 944, 36, -23, 168, 1003, 36;
48, 260, 14, 992, 62, 7, 187, 1017, 55;
51, 263, 17, 1027, 75, 29, 201, 1026, 69;
42, 252, 8, 936, -36, -31, 164, 983, 31;
47, 256, 13, 990, -2, 4, 186, 1000, 54;
48, 256, 14, 998, -15, 10, 189, 998, 57;
51, 257, 17, 1022, -11, 26, 199, 1003, 67;
45, 250, 11, 969, -82, -7, 178, 977, 46;
42, 246, 9, 940, -129, -24, 167, 961, 35;
42, 245, 9, 937, -149, -24, 166, 956, 35;
43, 244, 9, 940, -163, -19, 168, 954, 38;
45, 246, 12, 960, -159, -3, 177, 959, 48;
50, 249, 17, 1004, -130, 29, 197, 974, 69;
46, 244, 13, 958, -190, 1, 179, 953, 52;
41, 239, 9, 914, -248, -23, 162, 932, 36;
45, 241, 13, 944, -232, 0, 176, 942, 51;
45, 240, 13, 939, -249, 2, 176, 938, 52;
39, 234, 8, 885, -314, -27, 155, 914, 33;
44, 238, 13, 924, -286, 3, 173, 929, 53;
42, 235, 12, 902, -318, -4, 166, 919, 47;
42, 234, 12, 890, -339, -6, 164, 913, 47;
43, 235, 14, 903, -335, 8, 171, 918, 56;
43, 234, 14, 895, -351, 10, 170, 915, 57;
39, 229, 10, 848, -405, -13, 153, 895, 42;
37, 226, 9, 820, -438, -23, 145, 884, 36;
44, 233, 16, 880, -384, 24, 172, 910, 66;
36, 225, 9, 798, -471, -21, 141, 877, 37;
40, 228, 14, 832, -441, 10, 158, 892, 57;
36, 224, 11, 787, -488, -10, 143, 875, 44;
35, 222, 10, 765, -512, -15, 137, 868, 41;
39, 226, 15, 799, -480, 17, 154, 884, 61;
41, 228, 18, 806, -473, 32, 161, 890, 71;
39, 226, 17, 779, -500, 25, 154, 881, 66;
35, 221, 13, 732, -546, 4, 138, 865, 53;
29, 216, 9, 671, -605, -24, 116, 843, 35;
31, 217, 11, 676, -597, -9, 122, 848, 44;
32, 218, 13, 674, -596, 0, 126, 851, 51;
30, 216, 12, 647, -619, -5, 118, 844, 47;
32, 218, 15, 659, -602, 15, 128, 854, 60;
34, 220, 18, 665, -590, 32, 135, 861, 70;
27, 214, 12, 590, -658, -5, 108, 834, 47;
32, 219, 18, 626, -614, 32, 128, 855, 71;
25, 211, 11, 544, -688, -9, 98, 826, 45;
30, 217, 17, 579, -644, 28, 117, 846, 68;
22, 209, 11, 497, -716, -12, 88, 818, 43;
18, 206, 8, 448, -754, -31, 73, 804, 31;
20, 208, 10, 454, -737, -13, 80, 813, 42;
23, 211, 14, 466, -713, 9, 90, 824, 57;
24, 213, 17, 469, -697, 26, 96, 833, 67;
16, 205, 9, 377, -775, -19, 63, 802, 38;
14, 203, 8, 343, -795, -27, 54, 795, 33;
14, 205, 10, 337, -786, -16, 57, 800, 40;
15, 206, 12, 332, -775, -4, 60, 805, 48;
19, 211, 17, 361, -730, 30, 77, 825, 69;
13, 206, 13, 292, -782, 0, 54, 805, 50;
9, 202, 9, 233, -823, -23, 35, 789, 36;
11, 205, 12, 241, -797, -2, 44, 801, 49;
7, 202, 10, 193, -826, -18, 29, 789, 39;
12, 208, 16, 226, -773, 19, 48, 812, 63;
6, 202, 10, 152, -827, -13, 23, 790, 42;
10, 208, 16, 181, -776, 22, 41, 812, 64;
6, 205, 13, 128, -807, 3, 25, 799, 53;
7, 207, 16, 129, -784, 20, 31, 809, 63;
8, 209, 18, 122, -769, 32, 33, 816, 70;
0, 201, 10, 25, -842, -15, 0, 786, 41;
-3, 199, 8, -18, -863, -29, -13, 778, 32;
3, 207, 16, 31, -788, 20, 13, 809, 63;
-1, 204, 13, -25, -819, 0, -4, 795, 50;
-6, 200, 8, -88, -857, -25, -25, 780, 34;
-6, 201, 10, -101, -845, -18, -25, 785, 39;
-3, 205, 14, -87, -804, 7, -13, 801, 55;
-5, 204, 13, -119, -809, 2, -21, 799, 52;
-8, 203, 12, -156, -819, -6, -31, 794, 47;
-11, 201, 9, -203, -838, -21, -45, 786, 37;
-6, 207, 15, -172, -779, 15, -26, 810, 60;
-8, 207, 14, -203, -781, 11, -33, 808, 58;
-10, 206, 14, -235, -784, 5, -41, 806, 54;
-13, 205, 12, -271, -791, -1, -51, 802, 49;
-14, 206, 12, -293, -784, 0, -55, 804, 50;
-12, 209, 16, -287, -748, 18, -47, 818, 62;
-12, 210, 16, -307, -738, 20, -50, 821, 63;
-14, 210, 15, -336, -736, 17, -56, 821, 61;
-15, 211, 16, -352, -722, 21, -58, 825, 64;
-16, 211, 15, -381, -720, 17, -65, 825, 61;
-15, 214, 18, -383, -690, 31, -60, 835, 70;
-25, 205, 8, -492, -768, -27, -101, 802, 34;
-18, 215, 17, -430, -674, 29, -70, 839, 69;
-23, 211, 13, -494, -707, 0, -92, 824, 51;
-28, 207, 9, -554, -735, -25, -112, 810, 35;
-20, 217, 17, -492, -641, 30, -81, 847, 69;
-28, 211, 10, -579, -696, -14, -112, 823, 42;
-26, 215, 14, -563, -648, 9, -101, 841, 57;
-31, 212, 10, -622, -675, -16, -121, 827, 40;
-25, 219, 17, -579, -600, 25, -99, 857, 66;
-35, 211, 8, -680, -669, -29, -137, 826, 32;
-33, 215, 11, -670, -627, -10, -128, 841, 44;
-35, 215, 9, -702, -626, -19, -137, 839, 38;
-36, 216, 10, -718, -610, -18, -140, 843, 39;
-32, 221, 14, -693, -553, 9, -126, 864, 57;
-39, 216, 8, -766, -594, -27, -152, 845, 34;
-33, 224, 15, -720, -516, 14, -129, 875, 59;
-33, 225, 15, -736, -500, 14, -132, 878, 59;
-39, 222, 10, -793, -526, -13, -152, 865, 42;
-37, 225, 13, -782, -484, 3, -144, 880, 53;
-40, 223, 10, -826, -496, -15, -159, 872, 41;
-41, 224, 10, -844, -483, -18, -163, 875, 39;
-43, 224, 9, -865, -473, -23, -169, 876, 36;
-43, 226, 9, -875, -453, -21, -170, 882, 37;
-42, 228, 11, -873, -421, -11, -166, 892, 43;
-40, 232, 13, -859, -377, 5, -158, 907, 54;
-36, 238, 18, -830, -318, 32, -143, 928, 71;
-43, 232, 11, -901, -360, -7, -170, 908, 46;
-41, 236, 14, -886, -316, 9, -162, 923, 56;
-48, 231, 8, -953, -354, -28, -187, 904, 32;
-42, 239, 14, -904, -277, 9, -165, 933, 57;
-42, 241, 15, -907, -253, 13, -164, 940, 59;
-43, 241, 14, -925, -243, 6, -170, 940, 54;
-50, 236, 8, -989, -280, -30, -195, 922, 31;
-41, 246, 17, -909, -174, 26, -160, 963, 67;
-50, 239, 8, -998, -236, -28, -195, 934, 33;
-46, 244, 12, -966, -178, -3, -181, 954, 48;
-47, 245, 12, -975, -162, -6, -184, 957, 47;
-48, 245, 10, -992, -155, -14, -190, 957, 41;
-48, 247, 11, -990, -128, -10, -188, 965, 44;
-49, 247, 10, -1004, -119, -17, -193, 965, 39;
-50, 247, 9, -1017, -109, -25, -198, 966, 35;
-43, 256, 16, -953, -23, 18, -171, 998, 62;
-43, 257, 16, -950, 1, 21, -169, 1005, 64;
-48, 254, 11, -998, -24, -9, -189, 991, 44;
-45, 258, 14, -966, 26, 11, -176, 1009, 57;
-51, 253, 8, -1025, -11, -28, -200, 990, 33;
-42, 263, 17, -943, 89, 25, -167, 1028, 66;
-42, 265, 17, -936, 114, 28, -164, 1035, 68;
-46, 262, 13, -974, 95, 1, -181, 1024, 52;
-48, 262, 11, -988, 98, -9, -187, 1022, 45;
-41, 269, 17, -928, 175, 27, -163, 1050, 68;
-49, 262, 9, -999, 119, -22, -194, 1024, 37;
-45, 267, 13, -959, 175, 1, -178, 1043, 51;
-44, 269, 13, -948, 201, 4, -175, 1051, 54;
-45, 270, 13, -946, 217, 2, -175, 1054, 52;
-45, 270, 12, -949, 226, -4, -178, 1055, 48;
-45, 271, 12, -942, 246, -4, -177, 1060, 48;
-42, 275, 14, -912, 287, 9, -166, 1074, 57;
-40, 278, 16, -884, 326, 22, -157, 1086, 65;
-38, 281, 18, -863, 357, 31, -150, 1096, 70;
-45, 275, 11, -918, 311, -12, -175, 1074, 43;
-40, 280, 15, -871, 367, 12, -158, 1094, 58;
-38, 283, 16, -846, 400, 21, -150, 1104, 64;
-42, 280, 12, -875, 378, -5, -165, 1092, 47;
-45, 277, 8, -899, 360, -29, -177, 1082, 32;
-36, 286, 16, -809, 455, 22, -143, 1118, 64;
-40, 283, 12, -839, 430, -6, -158, 1105, 47;
-37, 287, 14, -801, 472, 10, -145, 1120, 57;
-37, 287, 13, -795, 480, 4, -146, 1120, 53;
-40, 284, 9, -817, 461, -19, -159, 1109, 38;
-35, 289, 14, -763, 516, 6, -140, 1130, 55;
-33, 292, 16, -730, 550, 18, -129, 1141, 62;
-33, 292, 14, -726, 553, 10, -131, 1140, 57;
-30, 296, 17, -681, 597, 29, -117, 1155, 69;
-34, 292, 12, -710, 566, -1, -132, 1140, 50;
-35, 291, 10, -710, 563, -13, -137, 1136, 42;
-28, 298, 16, -637, 633, 23, -110, 1163, 65;
-31, 294, 12, -660, 606, -3, -124, 1149, 48;
-26, 300, 17, -597, 663, 25, -102, 1171, 67;
-27, 298, 14, -599, 655, 11, -107, 1165, 58;
-31, 295, 10, -624, 624, -17, -122, 1150, 40;
-26, 299, 13, -570, 670, 5, -104, 1168, 54;
-27, 298, 12, -565, 667, -5, -107, 1164, 47;
-21, 304, 17, -496, 726, 26, -83, 1187, 67;
-24, 301, 13, -514, 699, 1, -95, 1174, 51;
-23, 302, 13, -490, 712, 2, -90, 1177, 52;
-25, 298, 9, -504, 687, -20, -101, 1165, 38;
-24, 300, 10, -474, 705, -15, -93, 1171, 41;
-16, 307, 17, -389, 777, 26, -63, 1200, 67;
-21, 301, 10, -428, 725, -13, -84, 1177, 42;
-21, 301, 10, -411, 727, -17, -82, 1176, 39;
-17, 304, 12, -364, 759, -1, -68, 1188, 49;
-11, 309, 17, -297, 811, 27, -45, 1208, 68;
-11, 309, 16, -280, 811, 23, -44, 1207, 65;
-10, 310, 16, -257, 817, 23, -39, 1209, 65;
-11, 307, 14, -259, 797, 6, -46, 1199, 54;
-14, 303, 9, -273, 764, -19, -57, 1185, 38;
-6, 311, 17, -180, 838, 26, -24, 1215, 67;
-4, 312, 18, -149, 849, 31, -17, 1219, 70;
-5, 310, 15, -148, 830, 15, -22, 1210, 60;
-12, 302, 7, -196, 761, -32, -47, 1181, 30;
-4, 309, 14, -112, 823, 7, -18, 1206, 55;
-9, 303, 8, -140, 773, -28, -35, 1185, 33;
-3, 309, 13, -69, 822, 3, -11, 1205, 53;
-2, 308, 13, -47, 820, 1, -8, 1204, 51;
3, 313, 17, 20, 864, 30, 14, 1222, 69;
-4, 303, 8, -46, 773, -30, -19, 1184, 31;
2, 309, 14, 35, 830, 7, 9, 1208, 55;
-2, 303, 7, 0, 770, -32, -10, 1183, 30;
2, 307, 12, 65, 808, -5, 10, 1199, 47;
9, 313, 17, 144, 861, 30, 37, 1221, 69;
3, 306, 11, 104, 794, -12, 15, 1194, 43;
7, 308, 13, 147, 809, 0, 27, 1201, 50;
10, 309, 14, 189, 824, 11, 39, 1207, 58;
10, 309, 14, 210, 817, 9, 42, 1205, 56;
8, 305, 11, 202, 780, -12, 33, 1191, 43;
14, 309, 15, 270, 819, 17, 56, 1208, 61;
12, 306, 12, 262, 782, -3, 47, 1193, 48;
15, 307, 14, 303, 794, 7, 59, 1199, 55;
11, 302, 9, 279, 740, -23, 44, 1178, 36;
16, 305, 13, 343, 774, 3, 65, 1193, 52;
16, 303, 11, 351, 751, -6, 63, 1185, 46;
19, 305, 14, 394, 763, 6, 75, 1191, 54;
17, 301, 10, 387, 726, -13, 67, 1177, 42;
16, 299, 9, 391, 699, -25, 64, 1167, 35;
17, 298, 8, 412, 688, -26, 68, 1164, 34;
25, 305, 16, 503, 747, 19, 100, 1190, 63;
20, 298, 9, 463, 676, -21, 79, 1162, 37;
29, 305, 17, 561, 742, 29, 114, 1192, 69;
22, 296, 9, 504, 653, -22, 86, 1157, 37;
22, 295, 9, 522, 639, -23, 89, 1153, 36;
23, 294, 9, 541, 626, -24, 92, 1149, 35;
23, 292, 7, 550, 602, -31, 91, 1142, 31;
31, 299, 15, 638, 659, 14, 124, 1167, 59;
34, 300, 17, 678, 666, 28, 136, 1172, 68;
31, 295, 12, 654, 610, 0, 121, 1151, 50;
33, 295, 14, 686, 610, 8, 130, 1153, 56;
37, 298, 17, 733, 625, 28, 146, 1162, 68;
29, 288, 8, 667, 527, -27, 115, 1124, 33;
32, 289, 11, 706, 534, -12, 127, 1129, 43;
33, 288, 11, 723, 520, -11, 130, 1126, 43;
34, 288, 11, 743, 508, -9, 135, 1124, 45;
37, 289, 13, 779, 512, 3, 146, 1128, 53;
35, 285, 10, 767, 468, -14, 138, 1113, 42;
41, 290, 16, 836, 506, 22, 163, 1131, 64;
42, 288, 16, 845, 485, 19, 164, 1125, 62;
40, 285, 14, 839, 448, 6, 158, 1113, 54;
45, 288, 18, 890, 468, 31, 176, 1124, 70;
37, 279, 10, 827, 375, -18, 147, 1088, 39;
44, 283, 15, 892, 410, 16, 172, 1106, 61;
45, 282, 16, 907, 395, 18, 175, 1103, 62;
43, 279, 14, 899, 358, 6, 170, 1090, 55;
39, 273, 9, 864, 294, -24, 153, 1067, 36;
47, 280, 17, 948, 349, 25, 185, 1093, 66;
44, 275, 13, 926, 300, 5, 174, 1075, 54;
46, 276, 15, 950, 295, 15, 182, 1077, 60;
45, 273, 14, 946, 264, 7, 179, 1067, 55;
43, 270, 11, 931, 222, -7, 171, 1053, 46;
41, 266, 9, 914, 178, -23, 162, 1038, 36;
40, 263, 8, 908, 146, -31, 158, 1028, 31;
50, 271, 17, 1003, 215, 27, 196, 1060, 68;
50, 270, 17, 1009, 197, 29, 198, 1056, 69;
48, 266, 14, 987, 149, 11, 187, 1040, 57;
44, 261, 11, 955, 94, -12, 174, 1020, 43;
44, 260, 10, 956, 71, -13, 173, 1014, 42;
51, 266, 18, 1027, 119, 31, 202, 1037, 70;
52, 264, 18, 1030, 99, 32, 203, 1032, 71;
42, 253, 8, 941, -10, -27, 166, 990, 33;
45, 255, 11, 972, 0, -7, 179, 998, 46;
51, 260, 18, 1030, 36, 31, 202, 1016, 70;
42, 249, 8, 939, -74, -29, 165, 974, 32;
48, 254, 14, 995, -37, 9, 188, 993, 56;
41, 246, 7, 932, -119, -31, 162, 962, 31;
48, 251, 14, 989, -80, 8, 187, 982, 56;
45, 248, 12, 966, -121, -5, 178, 968, 47;
46, 248, 13, 973, -129, 2, 182, 968, 52;
44, 245, 11, 953, -165, -8, 175, 956, 45;
43, 243, 11, 941, -193, -12, 171, 948, 42;
42, 240, 9, 922, -226, -21, 164, 938, 37;
42, 239, 9, 919, -243, -19, 164, 934, 38;
47, 243, 15, 966, -210, 15, 185, 951, 60;
44, 240, 13, 935, -253, 0, 174, 936, 50;
40, 235, 9, 893, -306, -22, 159, 918, 37;
40, 234, 9, 888, -322, -20, 158, 914, 38;
38, 231, 7, 861, -360, -32, 149, 902, 30;
46, 239, 16, 937, -293, 24, 183, 933, 66;
41, 232, 11, 878, -360, -7, 161, 908, 46;
37, 228, 8, 833, -412, -30, 145, 889, 32;
36, 226, 8, 821, -432, -30, 142, 884, 31;
41, 230, 13, 857, -402, 0, 160, 900, 51;
35, 224, 8, 796, -468, -31, 137, 875, 31;
37, 226, 11, 813, -456, -11, 147, 883, 43;
37, 225, 11, 800, -473, -11, 145, 879, 44;
42, 230, 16, 839, -436, 24, 165, 897, 66;
42, 230, 18, 836, -441, 32, 167, 898, 71;
36, 223, 12, 772, -507, 0, 143, 873, 50;
35, 222, 12, 754, -525, -2, 139, 868, 49;
32, 219, 10, 718, -561, -15, 128, 856, 41;
35, 221, 13, 731, -547, 4, 137, 864, 53;
38, 224, 17, 751, -525, 28, 149, 876, 68;
33, 219, 13, 693, -581, 1, 129, 855, 51;
36, 222, 16, 709, -561, 23, 140, 866, 65;
30, 216, 12, 647, -619, -5, 119, 844, 47;
28, 214, 11, 617, -644, -12, 110, 836, 42;
24, 210, 7, 569, -686, -32, 95, 821, 30;
33, 219, 17, 642, -605, 30, 130, 856, 69;
25, 212, 11, 560, -681, -12, 100, 827, 43;
27, 214, 14, 568, -664, 7, 108, 836, 55;
25, 212, 12, 536, -687, 0, 99, 828, 50;
20, 207, 8, 475, -738, -27, 79, 809, 33;
24, 212, 14, 505, -697, 6, 96, 828, 55;
21, 209, 11, 461, -730, -8, 83, 816, 45;
21, 210, 13, 453, -726, 0, 84, 819, 51;
22, 211, 15, 449, -718, 12, 88, 824, 58;
23, 212, 17, 444, -708, 24, 91, 829, 66;
17, 207, 11, 373, -766, -7, 66, 807, 46;
16, 206, 12, 352, -771, -6, 63, 806, 47;
16, 207, 13, 344, -763, 3, 65, 810, 53;
20, 211, 18, 363, -728, 31, 78, 826, 70;
11, 204, 10, 271, -803, -13, 45, 796, 42;
9, 202, 9, 236, -820, -21, 36, 790, 37;
13, 207, 14, 258, -779, 9, 51, 808, 56;
10, 204, 12, 215, -803, -3, 39, 799, 48;
7, 202, 10, 174, -824, -14, 27, 791, 41;
10, 207, 15, 194, -784, 14, 41, 808, 60;
3, 200, 9, 111, -847, -24, 12, 783, 35;
0, 199, 8, 76, -859, -31, 3, 778, 31;
3, 203, 11, 87, -826, -7, 13, 792, 46;
0, 201, 10, 48, -842, -16, 3, 786, 40;
-1, 199, 8, 8, -859, -27, -7, 779, 33;
0, 202, 11, 7, -836, -11, -2, 788, 43;
3, 207, 16, 34, -784, 23, 14, 810, 65;
0, 205, 14, -8, -803, 10, 2, 802, 57;
-2, 204, 12, -51, -820, -1, -10, 795, 50;
-7, 200, 8, -114, -857, -26, -30, 780, 34;
-6, 202, 10, -118, -835, -13, -26, 788, 42;
-5, 204, 13, -121, -811, 1, -22, 798, 51;
-10, 201, 9, -178, -840, -20, -40, 785, 38;
-10, 202, 10, -194, -829, -15, -41, 789, 41;
-11, 203, 11, -211, -818, -10, -42, 793, 44;
-11, 204, 11, -232, -810, -8, -46, 796, 45;
-8, 209, 16, -213, -762, 21, -32, 815, 64;
-9, 209, 16, -236, -756, 21, -36, 817, 64;
-11, 209, 15, -265, -755, 18, -43, 816, 62;
-13, 208, 15, -295, -756, 13, -50, 815, 59;
-16, 206, 12, -343, -773, -2, -64, 806, 49;
-19, 205, 10, -383, -783, -14, -76, 801, 42;
-15, 211, 16, -355, -724, 19, -59, 824, 63;
-22, 205, 9, -437, -776, -20, -88, 801, 38;
-18, 211, 15, -409, -716, 13, -71, 825, 59;
-18, 213, 16, -420, -696, 21, -71, 832, 64;
-23, 210, 12, -479, -723, -3, -90, 819, 48;
-24, 210, 12, -503, -716, -5, -95, 820, 47;
-22, 214, 15, -496, -677, 13, -88, 834, 59;
-23, 214, 15, -518, -667, 12, -92, 837, 58;
-23, 216, 16, -527, -644, 20, -91, 844, 63;
-31, 210, 9, -613, -698, -23, -122, 820, 36;
-24, 218, 16, -561, -613, 24, -96, 853, 66;
-27, 218, 15, -594, -615, 15, -105, 850, 60;
-32, 214, 11, -653, -641, -11, -125, 837, 44;
-29, 218, 14, -640, -597, 9, -116, 853, 56;
-31, 218, 13, -667, -591, 3, -123, 853, 53;
-28, 223, 17, -650, -542, 27, -111, 871, 67;
-36, 217, 10, -731, -591, -15, -141, 849, 41;
-35, 220, 12, -730, -558, -3, -137, 860, 48;
-36, 221, 12, -747, -544, -3, -140, 863, 48;
-38, 220, 10, -778, -543, -13, -149, 861, 42;
-38, 222, 11, -785, -518, -8, -149, 869, 45;
-33, 229, 17, -751, -452, 24, -131, 893, 66;
-40, 224, 11, -818, -488, -10, -156, 875, 44;
-37, 228, 14, -805, -444, 7, -147, 891, 55;
-40, 227, 12, -840, -449, -6, -159, 886, 46;
-44, 225, 8, -882, -460, -25, -173, 879, 34;
-37, 233, 16, -826, -374, 19, -147, 911, 62;
-42, 230, 11, -881, -399, -8, -167, 898, 45;
-37, 237, 17, -840, -329, 25, -148, 924, 66;
-47, 229, 8, -937, -396, -31, -185, 893, 31;
-42, 236, 14, -891, -321, 6, -164, 921, 54;
-39, 240, 16, -876, -278, 22, -155, 936, 64;
-48, 233, 9, -957, -330, -25, -187, 911, 35;
-45, 238, 12, -934, -280, -4, -176, 929, 47;
-49, 235, 8, -979, -297, -29, -192, 918, 32;
-41, 245, 16, -907, -198, 23, -161, 956, 65;
-50, 237, 8, -995, -259, -30, -196, 927, 31;
-41, 247, 16, -920, -158, 23, -163, 966, 65;
-48, 242, 10, -988, -201, -18, -190, 945, 39;
-45, 246, 13, -962, -149, 2, -178, 963, 52;
-43, 251, 16, -939, -101, 20, -168, 979, 63;
-41, 254, 17, -928, -66, 30, -162, 990, 70;
-46, 250, 13, -974, -90, 1, -181, 978, 51;
-43, 255, 16, -947, -39, 21, -169, 995, 64;
-43, 256, 16, -950, -20, 20, -170, 1000, 63;
-44, 257, 15, -956, -4, 17, -172, 1003, 61;
-42, 260, 18, -936, 36, 31, -164, 1016, 70;
-47, 256, 12, -991, 2, -5, -186, 999, 47;
-51, 253, 8, -1025, -11, -28, -200, 990, 33;
-48, 258, 11, -992, 40, -7, -187, 1008, 46;
-45, 262, 14, -964, 87, 10, -176, 1024, 57;
-49, 259, 10, -1003, 66, -17, -193, 1012, 40;
-44, 265, 15, -954, 132, 13, -173, 1036, 59;
-44, 266, 14, -956, 147, 9, -175, 1039, 56;
-51, 261, 8, -1013, 106, -31, -199, 1018, 31;
-43, 269, 15, -937, 197, 15, -169, 1052, 60;
-47, 266, 10, -975, 173, -13, -186, 1039, 42;
-50, 264, 7, -997, 165, -32, -197, 1033, 30;
-46, 270, 12, -952, 224, -6, -179, 1054, 47;
-43, 273, 14, -926, 262, 5, -170, 1066, 54;
-43, 274, 13, -921, 278, 3, -170, 1070, 53;
-44, 274, 12, -926, 284, -4, -174, 1069, 47;
-39, 280, 16, -874, 347, 23, -154, 1092, 65;
-39, 281, 16, -864, 365, 23, -153, 1096, 65;
-43, 277, 12, -899, 339, -6, -169, 1082, 47;
-46, 275, 8, -921, 325, -28, -181, 1073, 33;
-37, 284, 16, -831, 422, 24, -146, 1111, 66;
-37, 285, 16, -821, 437, 22, -145, 1114, 65;
-45, 278, 8, -889, 375, -30, -176, 1085, 31;
-34, 289, 18, -783, 486, 31, -135, 1128, 70;
-34, 289, 17, -775, 497, 27, -135, 1130, 68;
-38, 286, 12, -805, 471, -1, -150, 1116, 50;
-40, 284, 10, -815, 462, -18, -158, 1110, 39;
-33, 292, 16, -738, 541, 23, -129, 1140, 65;
-41, 284, 7, -806, 473, -32, -161, 1109, 30;
-40, 285, 8, -789, 490, -31, -158, 1114, 31;
-32, 294, 15, -702, 576, 15, -125, 1147, 60;
-35, 291, 11, -722, 554, -9, -137, 1135, 45;
-33, 293, 12, -693, 581, -1, -129, 1144, 50;
-32, 294, 12, -674, 596, 0, -125, 1148, 50;
-35, 291, 9, -692, 573, -25, -137, 1136, 35;
-29, 297, 14, -623, 637, 8, -113, 1160, 56;
-27, 298, 14, -602, 653, 10, -108, 1165, 57;
-25, 300, 15, -572, 676, 17, -100, 1172, 61;
-29, 296, 11, -596, 645, -11, -115, 1157, 43;
-21, 304, 18, -509, 723, 32, -84, 1187, 70;
-25, 300, 13, -534, 689, 1, -99, 1171, 52;
-29, 296, 8, -558, 655, -27, -113, 1156, 33;
-22, 302, 13, -486, 716, 5, -88, 1179, 54;
-24, 300, 10, -493, 698, -13, -96, 1170, 42;
-25, 299, 9, -487, 692, -23, -98, 1166, 36;
-22, 301, 10, -450, 716, -14, -88, 1174, 42;
-23, 299, 8, -446, 707, -25, -92, 1169, 34;
-20, 302, 11, -402, 737, -11, -78, 1180, 43;
-21, 300, 9, -399, 724, -25, -83, 1173, 35;
-12, 309, 16, -305, 802, 22, -49, 1205, 64;
-18, 302, 9, -350, 741, -23, -73, 1178, 36;
-9, 310, 17, -251, 823, 27, -37, 1211, 67;
-9, 310, 16, -237, 819, 20, -37, 1209, 63;
-16, 302, 8, -286, 752, -27, -62, 1180, 33;
-10, 307, 13, -220, 798, 0, -41, 1198, 50;
-6, 310, 15, -171, 828, 16, -26, 1210, 61;
-12, 303, 8, -213, 765, -27, -49, 1183, 33;
-11, 303, 8, -191, 766, -29, -45, 1183, 32;
-7, 306, 11, -139, 796, -10, -29, 1195, 44;
-9, 303, 8, -145, 768, -31, -37, 1183, 31;
-1, 310, 15, -52, 839, 14, -4, 1212, 60;
1, 312, 17, -9, 858, 26, 7, 1220, 67;
0, 310, 14, -10, 833, 9, 1, 1209, 56;
1, 310, 14, 16, 836, 10, 6, 1210, 57;
-3, 303, 7, -23, 771, -32, -15, 1183, 30;
-1, 304, 8, 8, 777, -27, -7, 1186, 33;
0, 304, 9, 35, 779, -25, -2, 1187, 35;
2, 306, 10, 77, 794, -13, 9, 1194, 42;
9, 311, 16, 157, 847, 22, 37, 1216, 65;
2, 303, 8, 100, 763, -31, 8, 1182, 31;
8, 308, 13, 173, 808, 0, 32, 1201, 51;
7, 305, 11, 180, 787, -10, 30, 1193, 44;
8, 305, 11, 204, 782, -10, 34, 1191, 44;
9, 305, 11, 227, 776, -11, 38, 1190, 43;
17, 311, 18, 315, 835, 31, 69, 1215, 70;
11, 303, 10, 268, 758, -15, 44, 1184, 41;
11, 301, 9, 278, 738, -25, 43, 1177, 35;
14, 304, 11, 327, 757, -7, 58, 1186, 46;
21, 308, 17, 399, 799, 24, 82, 1204, 66;
20, 306, 15, 405, 774, 13, 80, 1196, 59;
18, 302, 11, 395, 733, -8, 71, 1180, 45;
21, 304, 13, 437, 745, 5, 83, 1186, 54;
19, 301, 11, 436, 712, -10, 77, 1174, 44;
18, 297, 8, 433, 678, -26, 71, 1162, 34;
24, 302, 13, 500, 713, 3, 94, 1178, 53;
21, 297, 9, 485, 666, -20, 83, 1160, 38;
29, 303, 16, 569, 718, 21, 113, 1183, 64;
29, 302, 16, 585, 702, 18, 115, 1179, 62;
29, 300, 14, 591, 676, 9, 113, 1170, 56;
31, 300, 15, 624, 677, 17, 122, 1173, 62;
31, 298, 14, 632, 653, 9, 121, 1164, 57;
33, 299, 16, 665, 653, 19, 130, 1167, 62;
30, 294, 12, 645, 602, -6, 118, 1148, 47;
32, 294, 12, 671, 595, -1, 124, 1147, 50;
32, 293, 12, 690, 582, 0, 128, 1144, 50;
31, 290, 10, 688, 548, -13, 123, 1133, 42;
36, 293, 14, 737, 565, 8, 140, 1142, 56;
34, 289, 12, 734, 531, -4, 135, 1130, 48;
36, 289, 13, 759, 524, 1, 142, 1130, 51;
39, 290, 15, 794, 527, 14, 153, 1134, 59;
33, 283, 9, 750, 451, -25, 131, 1106, 35;
42, 290, 17, 840, 510, 24, 165, 1133, 66;
43, 290, 17, 863, 502, 30, 171, 1132, 70;
44, 288, 17, 871, 480, 27, 171, 1126, 67;
44, 287, 17, 885, 463, 27, 174, 1122, 68;
36, 278, 9, 818, 366, -25, 143, 1084, 35;
45, 284, 16, 901, 419, 22, 175, 1109, 64;
42, 279, 13, 880, 368, 0, 164, 1091, 51;
43, 279, 13, 898, 357, 5, 169, 1090, 54;
42, 276, 12, 891, 321, -5, 164, 1078, 47;
43, 276, 12, 909, 310, 0, 169, 1077, 50;
46, 277, 15, 942, 315, 15, 181, 1082, 60;
48, 277, 17, 966, 312, 26, 189, 1084, 67;
44, 272, 12, 930, 248, -3, 172, 1060, 48;
42, 268, 10, 920, 211, -15, 166, 1048, 41;
40, 265, 8, 905, 169, -29, 158, 1034, 32;
41, 264, 8, 916, 154, -26, 161, 1031, 34;
41, 263, 8, 922, 134, -26, 163, 1027, 34;
48, 268, 15, 989, 177, 15, 189, 1047, 60;
48, 266, 14, 987, 150, 11, 188, 1040, 58;
43, 260, 9, 942, 81, -20, 168, 1015, 38;
46, 262, 13, 978, 94, 1, 183, 1023, 51;
45, 259, 11, 968, 61, -7, 178, 1013, 46;
44, 256, 10, 956, 26, -16, 172, 1002, 40;
50, 262, 16, 1017, 65, 23, 197, 1022, 65;
50, 260, 16, 1019, 45, 23, 198, 1017, 65;
47, 255, 13, 985, -8, 1, 184, 998, 51;
47, 255, 14, 992, -21, 6, 187, 996, 54;
47, 254, 14, 990, -42, 6, 186, 990, 54;
45, 250, 11, 963, -88, -11, 175, 975, 44;
43, 247, 10, 949, -120, -18, 170, 965, 39;
43, 245, 9, 942, -144, -20, 168, 958, 37;
50, 252, 17, 1012, -91, 27, 198, 984, 68;
47, 247, 14, 976, -142, 7, 184, 966, 55;
49, 248, 16, 995, -139, 22, 193, 970, 65;
49, 247, 16, 991, -157, 24, 193, 966, 65;
47, 245, 15, 971, -191, 14, 186, 955, 60;
40, 237, 8, 904, -272, -25, 159, 925, 34;
44, 239, 12, 930, -257, -3, 172, 935, 49;
41, 236, 10, 901, -299, -17, 162, 921, 39;
46, 240, 15, 944, -267, 16, 181, 937, 61;
39, 232, 8, 870, -350, -26, 153, 906, 34;
42, 234, 12, 894, -336, -4, 165, 915, 48;
41, 232, 11, 876, -362, -9, 160, 907, 45;
37, 228, 8, 840, -406, -25, 148, 892, 34;
40, 231, 12, 862, -391, -3, 159, 901, 48;
42, 231, 14, 868, -391, 8, 164, 904, 56;
40, 229, 13, 843, -421, 0, 157, 895, 50;
44, 232, 17, 870, -398, 26, 171, 907, 67;
34, 222, 8, 772, -501, -29, 133, 867, 32;
43, 230, 17, 847, -429, 29, 168, 900, 69;
40, 227, 15, 814, -464, 17, 157, 888, 61;
39, 226, 15, 796, -482, 15, 154, 883, 60;
39, 226, 16, 788, -491, 20, 154, 882, 63;
38, 224, 15, 766, -513, 16, 148, 876, 61;
39, 225, 17, 767, -511, 27, 152, 879, 68;
31, 217, 10, 681, -595, -17, 121, 847, 39;
29, 215, 9, 657, -616, -22, 115, 841, 37;
34, 220, 15, 695, -575, 15, 134, 860, 60;
34, 220, 16, 682, -583, 18, 133, 859, 62;
33, 219, 15, 662, -598, 17, 129, 855, 61;
33, 220, 17, 659, -596, 27, 132, 858, 68;
29, 216, 14, 611, -637, 8, 116, 843, 56;
23, 209, 8, 534, -706, -29, 89, 817, 32;
22, 208, 8, 515, -717, -28, 86, 814, 33;
26, 213, 13, 544, -679, 4, 102, 831, 53;
28, 215, 16, 551, -662, 23, 110, 840, 65;
26, 214, 16, 524, -678, 19, 104, 835, 63;
20, 208, 11, 457, -734, -10, 81, 814, 44;
19, 207, 10, 431, -748, -13, 75, 810, 42;
19, 208, 11, 419, -747, -7, 75, 812, 46;
24, 213, 17, 450, -703, 28, 93, 832, 68;
21, 211, 16, 415, -723, 20, 84, 825, 63;
14, 204, 10, 334, -790, -18, 55, 798, 39;
17, 208, 14, 348, -759, 6, 67, 812, 54;
20, 212, 18, 364, -727, 32, 79, 827, 71;
17, 210, 17, 329, -745, 24, 69, 820, 66;
12, 205, 12, 266, -790, -1, 49, 803, 50;
15, 209, 16, 275, -762, 20, 58, 815, 63;
11, 206, 14, 230, -788, 6, 45, 805, 55;
6, 202, 9, 167, -832, -19, 24, 788, 38;
7, 204, 12, 164, -814, -5, 28, 796, 47;
9, 207, 15, 173, -784, 17, 38, 809, 61;
1, 200, 9, 85, -851, -25, 7, 781, 35;
2, 201, 10, 75, -839, -15, 8, 787, 41;
7, 208, 17, 115, -775, 27, 30, 813, 68;
0, 202, 11, 32, -836, -11, 2, 789, 43;
2, 205, 14, 34, -809, 6, 8, 800, 55;
1, 206, 14, 17, -801, 11, 7, 803, 58;
-3, 201, 10, -49, -844, -16, -15, 785, 40;
-5, 201, 10, -75, -844, -17, -20, 785, 40;
-1, 205, 14, -58, -801, 10, -7, 803, 57;
-2, 206, 15, -78, -795, 13, -10, 805, 59;
-9, 201, 9, -156, -846, -22, -36, 783, 37;
-5, 206, 14, -133, -795, 9, -21, 804, 57;
-6, 206, 14, -154, -788, 12, -24, 806, 58;
-11, 203, 10, -216, -823, -13, -45, 791, 42;
-6, 209, 16, -184, -762, 24, -26, 816, 66;
-6, 210, 17, -200, -749, 29, -27, 820, 69;
-15, 203, 9, -297, -817, -19, -62, 791, 38;
-13, 206, 13, -289, -780, 1, -53, 806, 52;
-15, 206, 12, -317, -778, -1, -59, 806, 50;
-21, 202, 8, -385, -815, -30, -82, 789, 31;
-21, 203, 9, -398, -798, -24, -82, 795, 35;
-19, 207, 11, -396, -766, -7, -76, 807, 46;
-20, 208, 12, -414, -752, -4, -78, 811, 48;
-16, 213, 17, -392, -699, 25, -64, 832, 66;
-18, 213, 16, -418, -694, 22, -70, 832, 64;
-17, 215, 18, -426, -670, 31, -68, 841, 70;
-20, 214, 16, -465, -677, 20, -79, 836, 63;
-22, 214, 15, -496, -677, 13, -88, 834, 59;
-25, 212, 13, -534, -683, 1, -99, 830, 52;
-26, 213, 13, -557, -674, 0, -103, 832, 51;
-23, 217, 16, -542, -627, 24, -92, 850, 65;
-24, 219, 17, -557, -610, 26, -94, 854, 67;
-27, 217, 14, -602, -623, 9, -109, 847, 56;
-35, 211, 8, -683, -671, -31, -138, 825, 31;
-35, 213, 9, -693, -649, -25, -138, 832, 35;
-30, 220, 15, -652, -576, 13, -117, 859, 59;
-37, 214, 8, -733, -625, -28, -146, 837, 33;
-33, 220, 13, -706, -566, 1, -131, 859, 51;
-34, 221, 13, -720, -548, 3, -133, 864, 53;
-39, 218, 9, -778, -574, -24, -153, 851, 35;
-35, 223, 13, -753, -518, 2, -139, 871, 52;
-35, 225, 14, -762, -495, 7, -139, 878, 55;
-40, 222, 10, -813, -514, -16, -157, 867, 40;
-43, 221, 8, -847, -518, -29, -168, 863, 32;
-39, 227, 13, -817, -456, 0, -152, 886, 50;
-39, 228, 12, -831, -440, 0, -155, 890, 50;
-36, 233, 17, -806, -384, 24, -141, 910, 66;
-40, 231, 13, -850, -398, 3, -157, 901, 53;
-43, 229, 10, -890, -408, -14, -171, 894, 41;
-39, 235, 15, -859, -347, 13, -155, 916, 59;
-42, 234, 12, -891, -350, 0, -166, 912, 50;
-39, 239, 17, -862, -292, 24, -152, 933, 66;
-47, 232, 9, -947, -349, -25, -185, 906, 35;
-45, 235, 11, -937, -310, -12, -179, 919, 43;
-44, 239, 13, -925, -270, 1, -172, 933, 51;
-41, 243, 16, -901, -218, 22, -160, 951, 65;
-46, 240, 12, -951, -242, -5, -179, 938, 47;
-44, 243, 13, -944, -208, 3, -175, 948, 52;
-42, 247, 16, -922, -160, 21, -164, 965, 64;
-41, 249, 17, -918, -130, 28, -161, 974, 68;
-50, 241, 8, -1010, -198, -29, -198, 943, 32;
-48, 246, 11, -987, -150, -11, -188, 959, 44;
-42, 253, 17, -935, -74, 25, -165, 987, 67;
-43, 253, 16, -944, -60, 21, -168, 990, 64;
-48, 249, 10, -999, -91, -13, -191, 973, 42;
-44, 255, 15, -954, -24, 17, -172, 998, 62;
-46, 255, 14, -973, -21, 5, -179, 996, 54;
-50, 252, 9, -1017, -44, -22, -197, 983, 36;
-50, 253, 9, -1016, -22, -21, -197, 988, 37;
-49, 255, 10, -1005, 8, -15, -192, 998, 41;
-43, 263, 16, -945, 87, 23, -168, 1027, 65;
-44, 263, 15, -959, 91, 13, -174, 1026, 59;
-49, 259, 10, -1002, 67, -16, -192, 1012, 40;
-44, 265, 14, -957, 129, 11, -174, 1035, 58;
-49, 261, 9, -1001, 102, -20, -193, 1020, 38;
-44, 267, 14, -952, 167, 9, -174, 1043, 56;
-49, 263, 9, -998, 136, -24, -194, 1027, 35;
-47, 267, 11, -968, 181, -8, -183, 1043, 45;
-41, 274, 17, -911, 252, 25, -161, 1069, 66;
-40, 275, 17, -901, 274, 27, -158, 1075, 67;
-44, 273, 13, -930, 258, 3, -172, 1065, 52;
-47, 270, 10, -953, 246, -17, -183, 1056, 40;
-46, 272, 10, -947, 263, -18, -183, 1060, 39;
-44, 275, 12, -918, 302, -5, -173, 1073, 47;
-47, 273, 8, -941, 288, -27, -185, 1064, 33;
-39, 281, 15, -862, 376, 18, -154, 1098, 62;
-38, 283, 16, -844, 402, 23, -149, 1105, 65;
-44, 278, 10, -894, 358, -18, -173, 1084, 39;
-43, 279, 10, -881, 377, -17, -170, 1089, 40;
-40, 283, 13, -842, 422, 0, -157, 1105, 51;
-36, 287, 16, -800, 469, 20, -142, 1121, 63;
-42, 282, 9, -847, 426, -20, -165, 1100, 38;
-42, 282, 9, -839, 436, -24, -165, 1102, 35;
-35, 289, 14, -770, 508, 11, -139, 1129, 58;
-38, 287, 11, -786, 493, -8, -149, 1120, 45;
-37, 288, 11, -773, 506, -10, -147, 1123, 44;
-30, 295, 17, -696, 583, 30, -119, 1152, 69;
-29, 296, 17, -680, 598, 30, -116, 1156, 69;
-36, 290, 10, -733, 543, -16, -142, 1131, 40;
-34, 292, 12, -700, 574, -6, -132, 1141, 47;
-36, 289, 8, -716, 553, -29, -143, 1130, 32;
-33, 292, 10, -678, 588, -15, -131, 1142, 41;
-33, 293, 9, -665, 595, -19, -130, 1143, 38;
-25, 300, 16, -581, 674, 24, -100, 1173, 65;
-24, 301, 16, -563, 685, 22, -97, 1176, 65;
-27, 299, 13, -574, 666, 2, -106, 1166, 52;
-23, 302, 16, -528, 704, 19, -92, 1179, 63;
-30, 295, 8, -580, 643, -28, -118, 1152, 33;
-26, 298, 10, -536, 677, -13, -104, 1165, 42;
-24, 300, 11, -505, 697, -6, -96, 1171, 46;
-27, 297, 8, -515, 676, -27, -105, 1161, 33;
-23, 300, 11, -470, 709, -12, -92, 1173, 43;
-17, 306, 16, -398, 769, 21, -67, 1196, 64;
-21, 302, 11, -425, 727, -12, -83, 1177, 43;
-17, 305, 14, -375, 763, 5, -68, 1191, 54;
-21, 301, 9, -398, 725, -24, -82, 1174, 35;
-20, 301, 9, -375, 732, -24, -78, 1176, 35;
-17, 303, 10, -338, 753, -15, -68, 1183, 41;
-13, 306, 13, -291, 783, 0, -54, 1195, 51;
-14, 305, 11, -283, 773, -9, -56, 1189, 44;
-16, 302, 8, -291, 747, -30, -64, 1178, 31;
-14, 303, 9, -254, 764, -22, -55, 1184, 36;
-14, 302, 8, -243, 756, -31, -56, 1180, 31;
-11, 305, 10, -198, 780, -17, -43, 1189, 39;
-6, 308, 13, -140, 817, 4, -24, 1204, 53;
-5, 308, 13, -117, 819, 3, -20, 1204, 53;
-2, 310, 14, -82, 832, 11, -11, 1209, 57;
-6, 305, 10, -99, 792, -16, -24, 1192, 40;
2, 313, 17, -6, 861, 28, 8, 1221, 68;
-4, 304, 9, -60, 783, -23, -19, 1189, 36;
5, 313, 18, 47, 867, 31, 19, 1223, 70;
0, 307, 11, 14, 808, -7, 0, 1199, 46;
2, 308, 12, 48, 817, 0, 8, 1203, 50;
7, 312, 16, 107, 851, 22, 27, 1217, 64;
0, 303, 8, 56, 773, -28, 0, 1185, 33;
4, 306, 11, 108, 798, -9, 16, 1196, 44;
10, 311, 16, 179, 842, 21, 40, 1214, 64;
6, 305, 11, 153, 788, -12, 24, 1193, 43;
13, 311, 16, 233, 839, 24, 51, 1214, 66;
14, 311, 17, 260, 839, 26, 57, 1215, 67;
8, 303, 9, 214, 763, -20, 33, 1184, 38;
11, 305, 11, 257, 778, -7, 45, 1191, 46;
11, 303, 10, 268, 758, -15, 44, 1184, 41;
9, 300, 7, 266, 727, -32, 38, 1172, 30;
11, 300, 8, 294, 724, -29, 44, 1172, 32;
15, 303, 11, 343, 743, -12, 59, 1181, 43;
17, 303, 12, 375, 744, -6, 67, 1183, 46;
15, 299, 8, 369, 707, -25, 60, 1169, 35;
15, 298, 8, 382, 690, -31, 60, 1163, 31;
20, 302, 12, 444, 720, -4, 81, 1178, 48;
24, 303, 14, 487, 732, 9, 94, 1184, 56;
23, 301, 12, 490, 702, -3, 90, 1173, 48;
21, 297, 9, 483, 664, -22, 82, 1159, 37;
27, 301, 14, 554, 703, 11, 107, 1177, 57;
26, 298, 12, 553, 670, -2, 102, 1166, 49;
27, 298, 12, 577, 662, 0, 107, 1164, 50;
33, 302, 17, 643, 696, 30, 130, 1180, 69;
25, 293, 9, 580, 600, -24, 99, 1143, 35;
35, 301, 17, 681, 670, 30, 137, 1174, 69;
31, 295, 13, 657, 613, 1, 123, 1152, 51;
35, 298, 16, 706, 630, 21, 139, 1162, 64;
37, 297, 17, 730, 622, 26, 145, 1161, 67;
39, 297, 18, 756, 616, 32, 152, 1161, 71;
34, 291, 12, 722, 550, -1, 134, 1136, 49;
37, 292, 14, 757, 554, 10, 145, 1140, 57;
37, 290, 14, 767, 531, 6, 145, 1133, 54;
40, 292, 16, 805, 538, 21, 157, 1139, 64;
32, 282, 8, 743, 445, -29, 128, 1103, 32;
36, 284, 11, 787, 457, -10, 143, 1111, 44;
39, 285, 13, 818, 457, 0, 152, 1113, 51;
34, 279, 8, 785, 394, -30, 136, 1090, 32;
38, 281, 11, 825, 403, -12, 149, 1097, 43;
46, 287, 18, 903, 451, 31, 179, 1120, 70;
38, 277, 9, 835, 353, -21, 148, 1082, 37;
37, 275, 8, 837, 325, -27, 146, 1074, 33;
42, 278, 13, 889, 348, 0, 165, 1086, 50;
40, 275, 10, 878, 308, -14, 158, 1073, 41;
40, 272, 9, 878, 279, -21, 156, 1064, 37;
47, 278, 16, 951, 324, 21, 185, 1086, 64;
46, 275, 15, 946, 291, 12, 180, 1075, 58;
44, 272, 12, 933, 251, -1, 173, 1062, 50;
47, 273, 15, 962, 253, 13, 184, 1066, 59;
45, 270, 13, 951, 215, 1, 177, 1054, 51;
47, 270, 14, 973, 211, 12, 185, 1055, 58;
50, 271, 17, 1000, 212, 25, 195, 1059, 67;
46, 266, 13, 970, 158, 3, 182, 1040, 52;
47, 266, 14, 981, 144, 7, 185, 1037, 55;
41, 258, 8, 929, 67, -30, 163, 1009, 32;
47, 263, 13, 983, 99, 4, 185, 1025, 53;
45, 259, 12, 970, 62, -6, 178, 1013, 46;
52, 264, 18, 1030, 100, 32, 203, 1033, 71;
48, 259, 14, 997, 45, 9, 189, 1013, 56;
47, 257, 13, 986, 13, 2, 184, 1003, 52;
48, 257, 14, 998, 4, 10, 189, 1003, 57;
49, 256, 15, 1004, -9, 14, 192, 1001, 59;
48, 254, 14, 996, -36, 10, 189, 993, 57;
46, 251, 12, 978, -73, 0, 182, 981, 50;
51, 255, 17, 1022, -47, 30, 201, 995, 69;
45, 248, 12, 965, -121, -5, 178, 968, 47;
45, 246, 11, 958, -144, -7, 176, 962, 46;
47, 248, 14, 979, -139, 9, 185, 967, 56;
50, 249, 17, 1004, -130, 28, 197, 974, 68;
48, 246, 15, 979, -169, 16, 188, 961, 61;
46, 244, 14, 963, -200, 8, 182, 952, 56;
42, 238, 10, 917, -259, -16, 165, 931, 40;
48, 244, 17, 974, -214, 26, 190, 953, 67;
47, 242, 16, 957, -242, 20, 185, 944, 63;
39, 233, 8, 875, -335, -29, 153, 909, 32;
45, 238, 14, 925, -295, 10, 176, 928, 57;
46, 238, 16, 929, -300, 19, 180, 930, 63;
46, 238, 17, 930, -308, 27, 182, 929, 67;
43, 234, 14, 892, -353, 9, 169, 914, 56;
43, 233, 14, 883, -370, 10, 168, 910, 57;
39, 229, 12, 845, -413, -6, 155, 895, 46;
41, 230, 14, 857, -407, 9, 163, 900, 56;
39, 228, 13, 832, -437, 1, 155, 891, 51;
37, 226, 11, 805, -467, -7, 147, 881, 46;
36, 224, 11, 789, -486, -8, 144, 876, 45;
37, 224, 12, 785, -492, -1, 145, 876, 49;
32, 219, 8, 729, -549, -29, 126, 855, 32;
41, 228, 18, 804, -475, 31, 160, 889, 70;
35, 222, 13, 745, -534, 2, 140, 867, 52;
33, 219, 11, 711, -567, -9, 129, 856, 45;
31, 217, 10, 682, -594, -17, 121, 847, 40;
30, 216, 10, 664, -609, -17, 117, 843, 39;
31, 217, 12, 667, -603, -3, 123, 848, 48;
26, 212, 8, 612, -654, -28, 104, 830, 33;
26, 212, 9, 598, -662, -25, 103, 828, 35;
34, 220, 18, 666, -588, 32, 135, 861, 71;
32, 218, 17, 635, -613, 24, 127, 853, 66;
29, 216, 15, 596, -644, 12, 115, 842, 58;
21, 208, 8, 510, -722, -31, 84, 812, 31;
22, 209, 9, 505, -718, -21, 86, 815, 37;
26, 213, 14, 532, -681, 10, 103, 833, 57;
24, 211, 13, 500, -703, 3, 94, 825, 52;
27, 215, 17, 517, -675, 28, 106, 839, 68;
21, 209, 12, 446, -733, -3, 82, 816, 48;
16, 204, 8, 388, -779, -27, 62, 799, 33;
22, 211, 15, 432, -721, 16, 86, 824, 61;
13, 203, 7, 337, -802, -31, 51, 792, 31;
18, 209, 14, 375, -748, 8, 73, 815, 56;
13, 204, 9, 308, -799, -20, 50, 796, 38;
18, 209, 16, 343, -748, 18, 70, 818, 62;
8, 201, 8, 245, -829, -31, 35, 785, 31;
14, 208, 15, 288, -768, 13, 58, 811, 59;
16, 210, 18, 291, -747, 31, 64, 821, 70;
13, 207, 15, 244, -775, 15, 50, 811, 60;
13, 209, 17, 237, -762, 27, 53, 817, 67;
10, 206, 15, 191, -787, 12, 40, 807, 58;
10, 207, 16, 177, -781, 19, 39, 810, 63;
3, 202, 10, 100, -835, -15, 13, 788, 41;
3, 203, 12, 89, -824, -6, 14, 793, 47;
6, 207, 16, 103, -787, 19, 26, 808, 63;
6, 208, 16, 86, -781, 24, 24, 811, 66;
1, 204, 13, 26, -817, 1, 5, 796, 51;
0, 204, 13, 2, -817, 1, 0, 797, 51;
-5, 200, 9, -62, -857, -25, -20, 780, 35;
0, 206, 15, -28, -798, 13, 0, 804, 59;
-1, 206, 14, -56, -799, 11, -6, 804, 58;
-4, 204, 13, -98, -814, 0, -18, 797, 51;
-3, 207, 15, -99, -789, 16, -13, 807, 60;
-10, 201, 9, -176, -839, -19, -39, 786, 38;
-3, 209, 17, -129, -764, 28, -14, 816, 68;
-6, 208, 16, -167, -773, 19, -24, 812, 63;
-14, 201, 9, -253, -832, -22, -54, 787, 37;
-10, 206, 13, -237, -786, 4, -42, 805, 54;
-10, 208, 15, -243, -763, 16, -39, 814, 61;
-12, 207, 14, -281, -771, 7, -50, 809, 55;
-18, 203, 9, -345, -806, -20, -71, 794, 38;
-17, 206, 12, -348, -778, -6, -67, 804, 47;
-14, 211, 16, -331, -731, 20, -54, 823, 63;
-15, 211, 16, -355, -725, 19, -59, 824, 63;
-15, 212, 17, -370, -708, 25, -60, 830, 66;
-19, 210, 14, -415, -722, 9, -74, 822, 56;
-25, 205, 8, -490, -766, -25, -100, 802, 35;
-21, 211, 14, -463, -707, 7, -83, 825, 55;
-20, 214, 15, -468, -681, 18, -81, 835, 62;
-21, 215, 16, -486, -667, 19, -83, 838, 63;
-30, 207, 7, -586, -735, -32, -120, 809, 30;
-23, 216, 16, -529, -646, 19, -92, 844, 62;
-27, 214, 13, -577, -662, 0, -107, 835, 51;
-24, 218, 16, -563, -615, 23, -97, 852, 65;
-34, 211, 8, -661, -682, -29, -133, 823, 32;
-29, 217, 13, -628, -616, 5, -115, 847, 54;
-34, 214, 10, -680, -637, -17, -132, 837, 40;
-32, 218, 12, -675, -599, -1, -126, 850, 49;
-28, 223, 17, -647, -539, 29, -110, 873, 69;
-33, 220, 13, -704, -564, 2, -130, 860, 52;
-31, 224, 16, -695, -523, 20, -122, 874, 63;
-32, 225, 16, -714, -510, 18, -126, 877, 62;
-36, 222, 12, -761, -526, -2, -142, 868, 49;
-37, 223, 12, -776, -509, -2, -145, 872, 49;
-37, 225, 12, -789, -490, 0, -147, 877, 50;
-42, 222, 9, -837, -508, -23, -164, 867, 36;
-37, 229, 15, -798, -438, 12, -144, 894, 58;
-38, 229, 14, -818, -427, 7, -150, 895, 55;
-38, 231, 14, -828, -406, 10, -150, 901, 57;
-45, 226, 8, -895, -443, -26, -175, 883, 34;
-37, 235, 16, -834, -352, 22, -147, 917, 64;
-40, 234, 14, -867, -355, 8, -158, 913, 55;
-43, 233, 12, -898, -357, -5, -169, 909, 47;
-38, 240, 17, -855, -285, 29, -149, 936, 69;
-47, 232, 9, -947, -349, -25, -185, 906, 35;
-49, 232, 7, -967, -340, -32, -191, 907, 30;
-46, 236, 11, -946, -292, -12, -181, 924, 42;
-40, 244, 17, -891, -209, 29, -156, 955, 69;
-49, 237, 8, -982, -273, -26, -192, 925, 34;
-44, 243, 14, -938, -202, 7, -172, 951, 55;
-47, 242, 11, -968, -206, -8, -183, 946, 45;
-43, 247, 15, -940, -152, 14, -170, 965, 59;
-46, 246, 13, -965, -153, 0, -180, 961, 51;
-50, 243, 8, -1010, -172, -26, -197, 950, 34;
-43, 252, 16, -941, -80, 21, -168, 985, 64;
-47, 249, 12, -986, -101, -5, -185, 973, 47;
-47, 251, 12, -982, -74, -1, -183, 981, 50;
-47, 252, 12, -987, -57, -4, -185, 984, 48;
-42, 259, 17, -938, 13, 29, -164, 1010, 69;
-48, 254, 12, -992, -19, -6, -187, 993, 47;
-49, 254, 10, -1004, -11, -14, -192, 993, 42;
-46, 258, 13, -981, 31, 0, -182, 1008, 51;
-50, 255, 9, -1019, 13, -25, -198, 997, 35;
-51, 256, 8, -1026, 25, -30, -201, 998, 31;
-41, 267, 18, -928, 141, 32, -162, 1043, 71;
-43, 266, 15, -947, 140, 18, -170, 1039, 62;
-47, 263, 11, -981, 122, -7, -185, 1028, 46;
-44, 267, 14, -952, 167, 9, -174, 1044, 56;
-42, 270, 16, -929, 205, 20, -166, 1056, 64;
-44, 269, 14, -946, 202, 6, -174, 1051, 54;
-50, 265, 8, -993, 169, -29, -195, 1034, 32;
-50, 266, 7, -990, 185, -32, -195, 1038, 31;
-42, 274, 15, -913, 275, 14, -165, 1072, 60;
-46, 271, 11, -945, 255, -11, -180, 1060, 43;
-39, 279, 17, -881, 330, 25, -155, 1088, 66;
-43, 276, 12, -911, 309, -1, -170, 1076, 50;
-41, 278, 14, -887, 342, 8, -162, 1087, 56;
-41, 279, 13, -881, 357, 5, -162, 1090, 54;
-37, 284, 17, -839, 406, 26, -147, 1107, 67;
-42, 280, 12, -875, 378, -5, -165, 1092, 47;
-38, 285, 15, -828, 430, 17, -148, 1111, 62;
-37, 285, 15, -820, 444, 15, -147, 1114, 60;
-37, 287, 15, -805, 464, 16, -144, 1119, 61;
-37, 287, 15, -798, 474, 12, -144, 1121, 58;
-42, 282, 8, -844, 431, -27, -167, 1100, 33;
-33, 291, 17, -747, 530, 27, -130, 1138, 67;
-38, 287, 11, -786, 493, -8, -149, 1120, 45;
-37, 288, 11, -773, 506, -10, -147, 1123, 44;
-31, 294, 17, -703, 576, 25, -122, 1149, 67;
-37, 289, 10, -750, 528, -16, -145, 1127, 40;
-36, 289, 10, -736, 540, -18, -143, 1129, 39;
-35, 291, 11, -710, 563, -12, -136, 1137, 42;
-29, 297, 16, -643, 627, 20, -113, 1161, 63;
-35, 291, 8, -696, 570, -27, -139, 1134, 33;
-32, 294, 11, -652, 608, -10, -125, 1148, 44;
-28, 298, 14, -606, 648, 7, -110, 1163, 55;
-23, 302, 17, -552, 696, 30, -92, 1180, 69;
-27, 298, 12, -579, 661, 0, -108, 1164, 50;
-25, 300, 14, -543, 689, 9, -98, 1173, 56;
-23, 302, 15, -512, 711, 16, -90, 1180, 61;
-24, 301, 13, -510, 703, 4, -93, 1175, 53;
-22, 302, 14, -486, 717, 6, -88, 1179, 54;
-19, 305, 16, -443, 748, 20, -75, 1191, 63;
-17, 306, 16, -415, 764, 24, -69, 1196, 66;
-16, 307, 17, -392, 774, 24, -64, 1198, 66;
-20, 302, 11, -421, 732, -8, -81, 1179, 45;
-19, 303, 12, -390, 748, -3, -74, 1185, 48;
-12, 310, 18, -314, 809, 31, -48, 1209, 70;
-12, 309, 17, -299, 809, 26, -46, 1207, 67;
-19, 301, 9, -353, 738, -25, -74, 1177, 35;
-17, 302, 9, -323, 751, -20, -67, 1181, 37;
-15, 303, 10, -297, 759, -19, -61, 1184, 39;
-13, 305, 11, -263, 775, -12, -53, 1189, 43;
-10, 307, 13, -216, 802, 2, -39, 1200, 52;
-6, 310, 16, -168, 831, 18, -25, 1211, 62;
-6, 310, 15, -151, 827, 13, -23, 1209, 59;
-2, 312, 17, -102, 855, 29, -8, 1220, 69;
-5, 308, 13, -118, 817, 2, -21, 1204, 52;
-1, 311, 16, -66, 847, 21, -5, 1216, 64;
-8, 303, 8, -120, 771, -30, -32, 1184, 31;
-5, 305, 10, -76, 791, -18, -20, 1192, 39;
-4, 305, 9, -54, 789, -19, -16, 1191, 38;
3, 311, 16, 30, 850, 20, 12, 1216, 63;
1, 309, 13, 28, 823, 2, 6, 1205, 52;
0, 306, 10, 25, 795, -15, 0, 1193, 41;
3, 308, 13, 75, 818, 0, 14, 1203, 51;
2, 306, 11, 79, 796, -12, 10, 1194, 42;
5, 307, 12, 116, 806, -4, 20, 1199, 48;
2, 303, 8, 103, 765, -29, 9, 1183, 32;
9, 309, 14, 183, 818, 7, 36, 1205, 55;
5, 303, 9, 161, 768, -23, 22, 1185, 36;
6, 303, 9, 183, 761, -24, 25, 1183, 35;
9, 304, 10, 219, 768, -16, 35, 1186, 40;
17, 311, 17, 310, 830, 28, 67, 1213, 68;
10, 302, 9, 255, 745, -24, 39, 1179, 35;
16, 307, 14, 327, 788, 8, 63, 1198, 55;
12, 302, 9, 306, 737, -21, 49, 1178, 37;
20, 308, 16, 393, 793, 20, 80, 1202, 63;
22, 309, 17, 427, 797, 28, 89, 1205, 68;
20, 304, 13, 415, 753, 5, 79, 1188, 54;
21, 304, 14, 442, 749, 8, 85, 1188, 56;
20, 301, 12, 442, 718, -6, 80, 1177, 47;
27, 306, 17, 515, 760, 27, 105, 1196, 68;
20, 298, 9, 465, 678, -19, 80, 1163, 38;
23, 299, 11, 500, 681, -10, 89, 1166, 44;
21, 295, 8, 497, 646, -26, 83, 1154, 34;
26, 299, 12, 555, 672, -1, 103, 1166, 49;
32, 303, 17, 622, 707, 29, 126, 1183, 69;
33, 302, 18, 645, 697, 31, 131, 1181, 70;
33, 301, 17, 658, 678, 27, 132, 1175, 67;
27, 292, 9, 605, 593, -20, 105, 1142, 38;
29, 293, 11, 640, 596, -9, 116, 1145, 44;
35, 298, 16, 707, 631, 22, 139, 1162, 65;
35, 296, 15, 717, 609, 17, 139, 1155, 61;
38, 297, 17, 752, 612, 29, 150, 1159, 69;
30, 287, 8, 682, 510, -28, 117, 1119, 33;
31, 286, 8, 702, 499, -25, 122, 1117, 34;
33, 286, 10, 731, 495, -17, 130, 1118, 39;
35, 287, 12, 763, 497, -6, 140, 1122, 47;
35, 285, 10, 767, 469, -13, 138, 1113, 42;
39, 287, 13, 810, 480, 4, 152, 1120, 54;
41, 287, 15, 836, 475, 12, 160, 1121, 59;
37, 282, 10, 808, 416, -14, 145, 1099, 41;
39, 282, 12, 836, 414, -4, 154, 1102, 48;
43, 284, 15, 875, 423, 13, 167, 1108, 59;
38, 277, 9, 838, 356, -19, 149, 1083, 38;
42, 279, 13, 879, 368, 0, 164, 1091, 51;
41, 277, 11, 877, 336, -8, 161, 1081, 45;
40, 275, 10, 878, 308, -14, 158, 1073, 42;
42, 274, 11, 896, 297, -9, 163, 1071, 45;
43, 274, 12, 911, 284, -5, 168, 1069, 47;
49, 278, 18, 975, 320, 31, 192, 1087, 70;
49, 276, 17, 976, 294, 27, 191, 1079, 67;
44, 270, 12, 933, 224, -6, 171, 1054, 47;
49, 274, 17, 987, 251, 25, 192, 1068, 66;
40, 263, 8, 910, 148, -30, 159, 1029, 32;
50, 271, 17, 1001, 214, 26, 195, 1059, 67;
45, 265, 12, 961, 149, -2, 178, 1036, 49;
46, 265, 13, 973, 136, 2, 182, 1034, 52;
50, 267, 17, 1014, 153, 26, 198, 1044, 67;
51, 267, 17, 1021, 137, 29, 200, 1041, 69;
47, 262, 14, 989, 81, 6, 186, 1021, 54;
46, 259, 12, 979, 49, -1, 182, 1011, 50;
44, 255, 10, 959, 7, -15, 173, 997, 41;
49, 259, 15, 1007, 34, 16, 193, 1012, 60;
46, 254, 12, 974, -19, -6, 179, 993, 47;
42, 250, 8, 941, -71, -27, 166, 975, 33;
44, 250, 10, 957, -75, -16, 173, 977, 40;
48, 253, 14, 997, -54, 11, 189, 989, 58;
50, 254, 17, 1015, -54, 25, 198, 992, 66;
49, 252, 16, 1003, -83, 19, 193, 983, 63;
45, 247, 12, 962, -141, -5, 177, 963, 47;
49, 249, 16, 996, -122, 20, 192, 974, 63;
43, 243, 10, 940, -194, -13, 170, 948, 42;
42, 241, 10, 927, -222, -19, 166, 939, 39;
41, 239, 9, 916, -246, -21, 163, 933, 37;
47, 244, 15, 966, -209, 15, 185, 951, 60;
48, 244, 17, 975, -213, 26, 190, 953, 67;
43, 237, 11, 916, -284, -7, 168, 927, 46;
39, 233, 9, 881, -329, -25, 155, 911, 35;
43, 236, 13, 913, -307, 2, 171, 924, 52;
39, 231, 9, 863, -367, -24, 152, 902, 35;
47, 239, 17, 935, -303, 30, 184, 932, 69;
37, 228, 8, 838, -408, -27, 147, 891, 34;
45, 235, 17, 906, -347, 25, 177, 919, 66;
40, 230, 12, 850, -409, -3, 157, 897, 48;
41, 230, 14, 854, -410, 7, 162, 899, 55;
35, 224, 8, 790, -479, -26, 138, 873, 34;
43, 232, 17, 861, -411, 29, 170, 904, 69;
39, 227, 14, 815, -461, 8, 154, 887, 56;
37, 224, 12, 786, -491, -1, 146, 877, 50;
34, 221, 10, 753, -526, -13, 135, 865, 42;
37, 224, 14, 773, -506, 10, 147, 876, 57;
36, 223, 14, 751, -528, 6, 142, 870, 55;
34, 221, 13, 726, -552, 0, 135, 862, 51;
38, 225, 17, 754, -522, 30, 151, 877, 69;
32, 218, 12, 685, -589, -3, 126, 852, 48;
27, 213, 8, 628, -642, -29, 107, 832, 32;
34, 220, 16, 685, -581, 20, 134, 860, 63;
33, 219, 16, 665, -595, 19, 130, 856, 63;
32, 218, 15, 644, -611, 18, 126, 852, 62;
26, 213, 11, 580, -668, -11, 104, 830, 43;
22, 208, 7, 529, -711, -32, 87, 814, 30;
24, 210, 10, 534, -698, -15, 94, 822, 41;
28, 215, 16, 567, -656, 19, 112, 841, 63;
25, 212, 14, 525, -688, 6, 100, 830, 54;
24, 212, 13, 502, -700, 5, 95, 826, 54;
19, 207, 10, 445, -746, -18, 76, 809, 39;
26, 214, 17, 494, -685, 28, 101, 836, 68;
16, 205, 8, 390, -776, -26, 63, 800, 34;
18, 207, 11, 396, -756, -7, 71, 809, 46;
20, 209, 14, 400, -738, 10, 78, 818, 57;
20, 210, 15, 387, -736, 17, 78, 821, 61;
13, 204, 10, 315, -793, -15, 53, 798, 41;
12, 204, 10, 295, -796, -13, 50, 798, 42;
15, 207, 14, 303, -771, 7, 59, 809, 55;
10, 204, 11, 250, -806, -11, 42, 796, 43;
12, 206, 13, 248, -789, 2, 47, 804, 52;
7, 201, 9, 187, -831, -21, 27, 787, 37;
14, 209, 17, 239, -759, 29, 54, 818, 69;
10, 207, 15, 194, -785, 14, 41, 808, 60;
10, 208, 16, 180, -777, 21, 41, 812, 64;
9, 207, 16, 153, -783, 20, 35, 810, 63;
8, 208, 16, 132, -781, 22, 32, 811, 65;
8, 209, 18, 122, -768, 32, 33, 816, 71;
4, 206, 15, 72, -795, 15, 18, 805, 60;
2, 205, 14, 33, -810, 5, 8, 799, 54;
4, 209, 17, 45, -773, 30, 19, 815, 70;
1, 206, 15, 1, -793, 17, 6, 806, 61;
0, 206, 15, -28, -797, 14, 0, 805, 59;
-3, 204, 13, -73, -817, 0, -13, 796, 51;
-5, 203, 12, -107, -824, -5, -22, 793, 47;
-6, 203, 12, -131, -821, -5, -26, 794, 47;
-3, 208, 17, -109, -772, 25, -11, 814, 66;
-10, 202, 10, -191, -826, -13, -40, 791, 42;
-14, 200, 8, -242, -849, -30, -55, 781, 31;
-9, 206, 14, -210, -789, 6, -37, 805, 54;
-11, 206, 13, -240, -789, 2, -43, 804, 52;
-16, 202, 9, -301, -821, -22, -63, 790, 37;
-9, 210, 17, -252, -743, 26, -38, 821, 67;
-18, 203, 9, -345, -806, -19, -71, 794, 38;
-14, 209, 15, -319, -749, 13, -55, 816, 59;
-15, 209, 15, -343, -743, 12, -59, 818, 58;
-19, 207, 11, -396, -765, -7, -76, 807, 46;
-24, 203, 8, -455, -793, -31, -95, 794, 31;
-16, 213, 16, -395, -703, 22, -66, 830, 65;
-19, 212, 15, -430, -706, 14, -75, 827, 59;
-22, 210, 13, -474, -718, 0, -88, 821, 50;
-27, 207, 9, -533, -746, -25, -108, 808, 35;
-24, 212, 13, -514, -695, 1, -95, 827, 51;
-28, 209, 9, -566, -715, -19, -112, 817, 38;
-30, 209, 9, -590, -707, -21, -117, 818, 37;
-27, 214, 13, -577, -662, 0, -107, 835, 51;
-30, 213, 11, -612, -665, -10, -117, 831, 44;
-29, 216, 13, -613, -633, 2, -113, 843, 52;
-26, 220, 17, -596, -585, 26, -102, 860, 67;
-36, 212, 8, -700, -656, -30, -140, 829, 32;
-33, 216, 11, -685, -610, -8, -130, 846, 45;
-30, 221, 15, -666, -558, 16, -118, 865, 61;
-36, 217, 10, -732, -592, -16, -142, 848, 40;
-31, 224, 16, -691, -519, 22, -121, 876, 65;
-31, 225, 16, -706, -502, 23, -123, 880, 65;
-34, 225, 15, -736, -501, 13, -132, 878, 59;
-32, 228, 17, -730, -463, 28, -126, 891, 68;
-36, 226, 14, -775, -477, 8, -141, 883, 56;
-42, 221, 8, -842, -513, -26, -166, 865, 34;
-43, 222, 8, -861, -501, -29, -170, 867, 32;
-42, 225, 10, -855, -464, -16, -165, 880, 40;
-36, 233, 17, -804, -382, 26, -141, 911, 67;
-40, 231, 13, -848, -396, 4, -156, 902, 53;
-42, 230, 11, -879, -397, -7, -166, 899, 46;
-44, 230, 10, -902, -390, -15, -173, 898, 41;
-40, 235, 14, -874, -333, 10, -159, 919, 57;
-42, 236, 13, -893, -323, 4, -164, 920, 53;
-41, 238, 14, -892, -293, 11, -162, 929, 58;
-41, 240, 15, -898, -271, 13, -162, 936, 59;
-42, 240, 14, -913, -258, 9, -167, 937, 56;
-41, 243, 16, -907, -225, 18, -162, 948, 62;
-42, 243, 15, -920, -211, 14, -166, 951, 60;
-43, 244, 14, -935, -199, 9, -171, 952, 56;
-48, 240, 9, -985, -224, -20, -190, 939, 38;
-50, 241, 8, -1000, -213, -26, -195, 940, 34;
-42, 250, 16, -931, -119, 23, -165, 976, 65;
-41, 252, 18, -923, -86, 31, -161, 986, 70;
-49, 246, 10, -998, -137, -16, -191, 961, 40;
-44, 252, 14, -960, -75, 11, -175, 983, 57;
-44, 254, 15, -957, -49, 14, -173, 991, 60;
-51, 248, 8, -1027, -96, -30, -201, 968, 32;
-42, 258, 17, -941, 10, 27, -166, 1009, 68;
-46, 256, 14, -974, -1, 6, -179, 1001, 54;
-48, 255, 11, -994, 0, -7, -187, 998, 46;
-48, 257, 11, -993, 20, -6, -187, 1003, 46;
-43, 263, 16, -945, 87, 24, -168, 1027, 65;
-48, 259, 11, -995, 56, -10, -189, 1011, 44;
-44, 265, 15, -951, 117, 16, -171, 1033, 61;
-42, 268, 17, -931, 156, 28, -163, 1045, 68;
-46, 264, 13, -971, 132, 0, -181, 1032, 50;
-50, 261, 8, -1006, 113, -26, -196, 1021, 34;
-43, 270, 15, -935, 199, 17, -168, 1053, 61;
-43, 271, 15, -932, 216, 15, -168, 1057, 60;
-50, 265, 8, -996, 166, -31, -196, 1033, 31;
-47, 268, 10, -967, 208, -16, -186, 1047, 40;
-43, 273, 14, -923, 264, 7, -169, 1067, 55;
-43, 274, 13, -921, 279, 4, -170, 1070, 53;
-40, 278, 16, -883, 328, 23, -156, 1087, 65;
-44, 275, 11, -919, 301, -6, -173, 1073, 46;
-44, 276, 11, -911, 319, -7, -172, 1077, 46;
-42, 278, 12, -891, 347, 0, -166, 1086, 50;
-40, 281, 14, -862, 384, 11, -157, 1098, 57;
-39, 282, 14, -850, 403, 11, -154, 1103, 58;
-42, 280, 11, -870, 389, -9, -165, 1094, 44;
-39, 284, 13, -835, 429, 5, -153, 1108, 54;
-37, 286, 14, -813, 456, 11, -147, 1116, 58;
-43, 280, 8, -862, 410, -30, -171, 1094, 31;
-35, 289, 16, -771, 504, 20, -136, 1130, 64;
-33, 292, 17, -747, 531, 27, -129, 1139, 68;
-34, 291, 15, -749, 530, 16, -134, 1136, 61;
-37, 288, 11, -771, 508, -9, -147, 1124, 45;
-38, 287, 9, -774, 505, -21, -152, 1120, 37;
-30, 295, 16, -690, 588, 23, -120, 1152, 65;
-36, 290, 10, -730, 546, -14, -141, 1132, 41;
-32, 294, 13, -683, 590, 5, -125, 1148, 54;
-31, 294, 13, -670, 600, 2, -124, 1149, 52;
-28, 297, 15, -631, 635, 15, -112, 1161, 60;
-32, 294, 11, -655, 605, -12, -126, 1147, 43;
-27, 299, 15, -596, 658, 13, -106, 1167, 59;
-27, 298, 13, -591, 657, 4, -108, 1164, 53;
-26, 300, 14, -564, 677, 9, -102, 1170, 56;
-26, 299, 13, -553, 679, 2, -102, 1169, 52;
-27, 298, 11, -554, 669, -11, -107, 1163, 43;
-27, 297, 9, -546, 667, -20, -108, 1160, 38;
-28, 296, 7, -543, 659, -32, -112, 1156, 30;
-27, 297, 8, -517, 674, -29, -106, 1160, 32;
-20, 304, 14, -438, 741, 8, -78, 1186, 56;
-19, 304, 14, -421, 746, 5, -76, 1187, 54;
-21, 302, 11, -422, 731, -9, -82, 1179, 44;
-16, 306, 15, -362, 776, 15, -62, 1196, 60;
-15, 307, 15, -342, 781, 12, -59, 1197, 58;
-11, 310, 17, -295, 813, 29, -45, 1209, 69;
-10, 310, 18, -268, 823, 31, -39, 1212, 70;
-9, 311, 17, -247, 827, 29, -36, 1213, 69;
-11, 307, 13, -260, 796, 5, -46, 1199, 54;
-6, 311, 18, -198, 840, 30, -26, 1216, 70;
-14, 303, 8, -261, 758, -27, -58, 1181, 34;
-12, 304, 10, -225, 774, -19, -48, 1187, 39;
-10, 305, 10, -194, 784, -15, -41, 1191, 41;
-7, 307, 12, -150, 808, -1, -28, 1200, 50;
-10, 303, 8, -165, 771, -27, -40, 1184, 33;
-6, 306, 11, -116, 797, -12, -25, 1195, 43;
-3, 308, 13, -70, 821, 2, -12, 1204, 52;
1, 312, 16, -14, 853, 23, 5, 1218, 65;
-5, 304, 9, -60, 783, -23, -19, 1188, 36;
0, 309, 13, 5, 824, 3, 2, 1205, 53;
0, 307, 12, 16, 810, -5, 1, 1200, 47;
3, 309, 13, 58, 827, 5, 12, 1207, 54;
8, 313, 18, 121, 864, 31, 33, 1222, 70;
0, 303, 8, 57, 773, -27, 1, 1185, 33;
9, 311, 16, 154, 844, 20, 35, 1215, 63;
6, 307, 12, 138, 801, -5, 23, 1197, 47;
13, 312, 17, 217, 852, 30, 51, 1219, 69;
6, 304, 9, 166, 773, -19, 24, 1187, 38;
13, 309, 15, 244, 822, 15, 51, 1208, 60;
8, 304, 10, 218, 768, -17, 34, 1186, 40;
16, 310, 16, 304, 824, 23, 64, 1211, 65;
10, 303, 9, 262, 753, -19, 42, 1182, 38;
18, 309, 16, 346, 806, 20, 71, 1205, 63;
11, 300, 8, 292, 722, -31, 43, 1172, 31;
12, 300, 8, 319, 719, -28, 49, 1171, 33;
16, 302, 10, 363, 732, -14, 62, 1178, 42;
22, 306, 15, 432, 771, 16, 86, 1196, 61;
22, 305, 15, 451, 758, 14, 88, 1192, 59;
21, 302, 12, 449, 725, -1, 83, 1179, 49;
19, 298, 9, 441, 685, -21, 74, 1165, 37;
25, 303, 15, 516, 729, 14, 101, 1185, 59;
25, 301, 13, 524, 705, 5, 99, 1176, 54;
25, 299, 12, 531, 680, -3, 97, 1168, 48;
28, 301, 14, 575, 692, 11, 111, 1175, 58;
22, 293, 7, 529, 614, -32, 87, 1144, 30;
32, 301, 16, 631, 684, 22, 125, 1175, 64;
28, 296, 12, 608, 628, -6, 111, 1154, 47;
25, 291, 8, 593, 581, -28, 100, 1137, 32;
32, 296, 13, 663, 619, 5, 125, 1155, 54;
27, 290, 8, 632, 556, -27, 108, 1131, 34;
37, 297, 17, 728, 620, 24, 144, 1160, 66;
31, 290, 10, 688, 548, -13, 123, 1132, 42;
30, 287, 8, 686, 514, -26, 118, 1121, 34;
33, 289, 11, 727, 523, -9, 132, 1127, 44;
37, 290, 13, 766, 530, 5, 144, 1133, 54;
39, 290, 15, 792, 525, 12, 152, 1133, 58;
39, 289, 15, 808, 510, 13, 155, 1130, 59;
34, 282, 9, 767, 438, -23, 135, 1103, 36;
34, 281, 8, 777, 416, -26, 135, 1097, 34;
35, 279, 8, 786, 394, -29, 136, 1090, 32;
40, 283, 13, 849, 427, 3, 159, 1107, 53;
37, 278, 9, 823, 371, -21, 146, 1087, 37;
40, 280, 12, 858, 376, -6, 158, 1092, 47;
45, 282, 16, 908, 396, 19, 176, 1103, 63;
47, 283, 18, 936, 395, 31, 185, 1106, 70;
38, 272, 8, 852, 282, -31, 148, 1062, 31;
42, 275, 12, 901, 302, -5, 166, 1073, 47;
47, 278, 17, 956, 329, 24, 186, 1088, 66;
43, 273, 12, 920, 265, -4, 170, 1064, 48;
40, 268, 8, 896, 213, -26, 158, 1046, 34;
45, 271, 13, 947, 238, 3, 177, 1060, 52;
47, 271, 14, 965, 229, 10, 183, 1059, 57;
45, 268, 12, 953, 192, -1, 177, 1047, 50;
48, 269, 15, 980, 193, 12, 187, 1051, 58;
50, 270, 17, 1009, 197, 29, 198, 1056, 69;
43, 261, 9, 940, 103, -20, 168, 1020, 38;
48, 265, 15, 994, 132, 13, 190, 1036, 59;
50, 265, 16, 1008, 123, 20, 195, 1035, 63;
43, 257, 9, 950, 42, -19, 170, 1005, 38;
45, 257, 11, 964, 34, -11, 175, 1005, 43;
43, 255, 10, 954, 2, -18, 171, 995, 39;
48, 258, 14, 994, 20, 6, 187, 1006, 55;
50, 258, 16, 1011, 18, 18, 195, 1009, 62;
42, 249, 8, 939, -73, -28, 165, 974, 33;
48, 254, 14, 996, -36, 10, 189, 993, 57;
50, 255, 17, 1017, -34, 24, 198, 997, 66;
51, 255, 18, 1026, -43, 32, 202, 997, 71;
47, 249, 13, 978, -109, 2, 183, 973, 52;
50, 252, 17, 1012, -91, 27, 198, 984, 68;
45, 245, 11, 955, -164, -7, 175, 957, 46;
41, 240, 8, 915, -219, -30, 160, 937, 31;
42, 241, 10, 928, -221, -18, 166, 940, 39;
45, 243, 13, 954, -208, 3, 179, 948, 53;
47, 243, 15, 962, -213, 13, 184, 950, 59;
46, 242, 14, 953, -235, 11, 181, 944, 58;
42, 237, 11, 908, -291, -12, 165, 924, 43;
39, 233, 8, 880, -331, -25, 155, 911, 34;
42, 235, 11, 898, -322, -7, 165, 918, 46;
40, 233, 10, 878, -352, -14, 158, 908, 41;
47, 238, 17, 935, -303, 30, 184, 932, 69;
44, 235, 15, 899, -346, 13, 172, 917, 59;
43, 234, 15, 888, -364, 13, 170, 912, 59;
38, 227, 10, 830, -429, -17, 149, 888, 40;
42, 231, 15, 862, -402, 12, 165, 902, 58;
40, 229, 14, 840, -429, 6, 159, 894, 55;
34, 222, 8, 775, -498, -27, 135, 869, 33;
43, 231, 18, 851, -424, 32, 170, 902, 71;
33, 220, 8, 749, -529, -26, 130, 861, 34;
33, 220, 9, 736, -543, -24, 128, 858, 35;
38, 225, 15, 777, -502, 13, 149, 878, 59;
33, 219, 10, 720, -559, -14, 129, 857, 42;
37, 224, 16, 754, -524, 19, 147, 874, 63;
36, 222, 15, 733, -544, 16, 142, 868, 61;
35, 221, 15, 713, -561, 14, 138, 864, 60;
29, 215, 9, 643, -626, -19, 113, 839, 38;
30, 216, 11, 643, -623, -7, 117, 843, 46;
26, 212, 8, 594, -666, -27, 101, 827, 33;
29, 215, 13, 617, -638, 0, 115, 841, 50;
31, 218, 16, 627, -621, 19, 123, 850, 63;
30, 217, 16, 608, -633, 19, 120, 847, 63;
22, 209, 8, 517, -715, -27, 87, 815, 34;
25, 212, 12, 534, -689, -1, 99, 828, 49;
26, 213, 15, 535, -678, 12, 104, 834, 58;
21, 208, 10, 474, -729, -14, 83, 815, 42;
19, 207, 10, 448, -743, -16, 77, 810, 40;
18, 206, 9, 422, -757, -19, 71, 806, 38;
25, 214, 17, 476, -690, 30, 99, 835, 70;
22, 211, 15, 434, -718, 18, 87, 825, 62;
20, 210, 15, 405, -734, 13, 80, 820, 59;
12, 202, 8, 315, -808, -30, 48, 791, 31;
19, 210, 15, 365, -743, 17, 74, 819, 61;
19, 210, 17, 353, -738, 25, 74, 822, 66;
11, 204, 10, 272, -802, -13, 46, 797, 42;
14, 207, 14, 281, -775, 8, 55, 809, 56;
13, 208, 15, 265, -772, 14, 54, 811, 59;
14, 209, 17, 258, -761, 25, 56, 816, 66;
7, 203, 11, 180, -818, -10, 30, 793, 44;
6, 203, 11, 159, -819, -8, 26, 794, 45;
11, 209, 17, 190, -767, 28, 45, 816, 68;
9, 207, 16, 154, -782, 20, 35, 810, 63;
5, 204, 13, 103, -810, 3, 20, 799, 52;
5, 206, 15, 94, -797, 13, 22, 805, 59;
4, 206, 15, 69, -798, 13, 17, 804, 59;
6, 209, 18, 73, -771, 32, 24, 816, 71;
0, 204, 13, 1, -818, 0, 0, 796, 51;
-4, 200, 9, -58, -853, -22, -18, 782, 36;
1, 208, 17, -10, -779, 26, 7, 812, 67;
-4, 203, 12, -80, -823, -3, -16, 794, 48;
-2, 206, 15, -76, -793, 14, -9, 806, 60;
-5, 205, 13, -117, -807, 3, -20, 799, 53;
-6, 205, 13, -144, -807, 1, -26, 799, 52;
-4, 208, 16, -136, -771, 23, -17, 814, 65;
-13, 201, 9, -232, -839, -23, -51, 785, 36;
-12, 203, 11, -236, -814, -10, -47, 794, 44;
-6, 210, 18, -196, -745, 32, -25, 822, 71;
-10, 208, 15, -246, -766, 14, -41, 812, 59;
-16, 203, 10, -319, -809, -17, -65, 794, 39;
-10, 211, 17, -270, -730, 30, -40, 825, 69;
-18, 204, 10, -362, -793, -15, -73, 798, 41;
-13, 211, 16, -325, -725, 24, -52, 825, 66;
-18, 208, 13, -381, -750, 2, -70, 813, 52;
-17, 210, 14, -389, -728, 11, -68, 821, 58;
-22, 207, 10, -449, -757, -13, -88, 808, 42;
-23, 208, 11, -466, -742, -9, -90, 812, 45;
-22, 210, 12, -474, -719, 0, -88, 821, 50;
-28, 206, 8, -542, -755, -31, -112, 804, 31;
-21, 215, 16, -486, -667, 20, -83, 839, 63;
-28, 209, 10, -565, -714, -18, -111, 817, 39;
-23, 216, 16, -529, -646, 19, -92, 844, 62;
-31, 209, 8, -617, -702, -25, -123, 818, 34;
-31, 212, 10, -625, -677, -18, -122, 826, 39;
-25, 220, 17, -575, -595, 28, -97, 858, 68;
-28, 218, 14, -621, -609, 9, -112, 850, 57;
-30, 218, 14, -644, -600, 7, -117, 852, 55;
-36, 214, 8, -712, -636, -26, -141, 835, 34;
-36, 215, 9, -722, -614, -21, -142, 841, 37;
-29, 224, 17, -671, -531, 24, -116, 874, 66;
-36, 219, 11, -743, -572, -12, -143, 854, 43;
-40, 217, 8, -786, -583, -29, -156, 847, 32;
-38, 221, 11, -776, -540, -12, -148, 862, 43;
-35, 225, 14, -758, -491, 10, -138, 880, 57;
-38, 223, 11, -800, -501, -7, -151, 873, 46;
-40, 224, 11, -820, -490, -11, -156, 875, 43;
-43, 222, 8, -860, -500, -29, -170, 868, 32;
-43, 225, 9, -861, -470, -20, -167, 877, 38;
-35, 234, 18, -795, -373, 32, -137, 915, 70;
-38, 233, 15, -831, -379, 16, -149, 909, 61;
-39, 234, 15, -845, -363, 14, -152, 913, 60;
-37, 237, 17, -836, -324, 28, -146, 926, 68;
-45, 231, 10, -914, -373, -16, -176, 903, 40;
-38, 240, 18, -853, -283, 31, -148, 937, 70;
-40, 239, 16, -881, -282, 19, -157, 934, 62;
-39, 242, 17, -874, -247, 29, -152, 945, 69;
-39, 243, 18, -880, -225, 31, -153, 951, 70;
-44, 240, 13, -930, -248, 3, -172, 938, 52;
-46, 239, 11, -959, -250, -11, -182, 934, 43;
-45, 243, 13, -945, -210, 2, -175, 948, 52;
-42, 247, 16, -923, -161, 21, -164, 965, 64;
-49, 241, 9, -997, -210, -24, -194, 941, 35;
-41, 251, 18, -918, -105, 32, -160, 981, 70;
-50, 244, 9, -1005, -168, -23, -195, 952, 36;
-47, 248, 12, -980, -118, -4, -184, 969, 48;
-51, 245, 8, -1020, -135, -28, -200, 959, 33;
-46, 251, 13, -979, -72, 0, -182, 982, 50;
-42, 257, 17, -938, -8, 28, -165, 1004, 68;
-42, 258, 17, -944, 7, 25, -167, 1008, 66;
-45, 257, 14, -967, 5, 10, -176, 1004, 57;
-42, 261, 17, -942, 51, 27, -166, 1019, 68;
-46, 259, 13, -974, 39, 5, -179, 1011, 54;
-48, 258, 11, -995, 37, -9, -188, 1007, 45;
-50, 257, 9, -1009, 41, -20, -195, 1005, 38;
-41, 267, 18, -929, 140, 31, -162, 1042, 70;
-48, 262, 11, -987, 99, -9, -187, 1022, 45;
-51, 259, 7, -1019, 84, -32, -201, 1012, 30;
-47, 264, 11, -981, 138, -9, -186, 1031, 44;
-49, 264, 9, -992, 142, -20, -192, 1030, 38;
-46, 267, 12, -964, 185, -5, -181, 1044, 47;
-43, 272, 15, -926, 236, 15, -167, 1062, 60;
-45, 270, 12, -950, 226, -4, -178, 1055, 47;
-49, 267, 8, -981, 206, -30, -193, 1043, 31;
-40, 277, 17, -889, 310, 25, -157, 1083, 66;
-45, 273, 12, -928, 282, -6, -175, 1068, 46;
-39, 280, 17, -869, 352, 27, -152, 1094, 67;
-46, 273, 9, -933, 297, -21, -181, 1068, 37;
-40, 280, 15, -871, 367, 12, -158, 1094, 58;
-42, 279, 12, -886, 360, -4, -167, 1088, 47;
-46, 276, 8, -913, 340, -30, -180, 1077, 32;
-36, 286, 17, -815, 444, 27, -142, 1117, 67;
-43, 280, 10, -869, 395, -17, -168, 1093, 39;
-34, 289, 18, -782, 486, 31, -135, 1128, 70;
-42, 282, 9, -848, 424, -21, -165, 1100, 37;
-42, 282, 8, -841, 435, -25, -165, 1101, 35;
-38, 286, 11, -799, 479, -7, -151, 1117, 46;
-39, 286, 10, -798, 481, -16, -154, 1115, 40;
-41, 284, 8, -804, 476, -30, -160, 1110, 31;
-33, 292, 14, -723, 556, 12, -130, 1141, 58;
-38, 287, 9, -762, 516, -24, -150, 1122, 35;
-38, 287, 8, -755, 522, -31, -151, 1122, 31;
-35, 290, 10, -716, 557, -17, -139, 1134, 40;
-30, 296, 14, -657, 613, 10, -119, 1155, 57;
-29, 297, 15, -635, 630, 13, -114, 1160, 59;
-26, 299, 16, -603, 658, 22, -104, 1169, 64;
-30, 296, 12, -626, 629, -6, -118, 1154, 47;
-29, 296, 11, -610, 638, -8, -116, 1156, 45;
-31, 294, 9, -613, 627, -23, -122, 1150, 36;
-24, 301, 14, -540, 692, 11, -96, 1175, 58;
-26, 299, 12, -542, 681, -3, -102, 1168, 48;
-22, 302, 14, -499, 714, 11, -89, 1180, 58;
-25, 299, 10, -516, 686, -14, -101, 1167, 42;
-24, 300, 10, -494, 698, -13, -96, 1170, 42;
-17, 307, 17, -409, 770, 28, -66, 1198, 68;
-15, 308, 17, -386, 780, 28, -62, 1201, 68;
-19, 303, 12, -411, 742, -2, -77, 1184, 49;
-20, 302, 10, -407, 731, -15, -81, 1178, 41;
-14, 307, 15, -338, 785, 15, -57, 1199, 60;
-20, 300, 8, -383, 725, -29, -81, 1172, 32;
-18, 302, 10, -344, 747, -19, -70, 1181, 39;
-14, 305, 12, -299, 775, -4, -57, 1191, 48;
-17, 301, 8, -314, 742, -30, -69, 1177, 31;
-14, 303, 9, -274, 764, -19, -57, 1185, 38;
-7, 310, 16, -189, 829, 20, -28, 1211, 63;
-5, 312, 17, -155, 844, 27, -19, 1216, 68;
-13, 302, 7, -220, 759, -31, -52, 1180, 31;
-4, 311, 16, -119, 838, 18, -15, 1213, 62;
-3, 310, 15, -103, 832, 13, -14, 1210, 59;
-1, 311, 15, -72, 842, 17, -7, 1213, 61;
-2, 309, 14, -62, 829, 8, -8, 1208, 55;
-1, 309, 13, -43, 824, 3, -6, 1205, 53;
-1, 307, 12, -31, 812, -4, -7, 1200, 48;