-2, 306, 10, -22, 797, -15, -9, 1194, 41;
4, 312, 16, 60, 855, 23, 19, 1218, 65;
5, 312, 16, 81, 851, 21, 22, 1217, 64;
2, 307, 12, 66, 809, -5, 10, 1200, 47;
7, 311, 15, 125, 842, 17, 29, 1213, 62;
3, 306, 10, 102, 792, -13, 14, 1193, 42;
3, 304, 9, 111, 773, -24, 12, 1186, 35;
11, 310, 15, 198, 833, 17, 43, 1211, 62;
12, 310, 16, 226, 833, 20, 49, 1212, 63;
7, 304, 10, 194, 773, -17, 30, 1188, 40;
15, 311, 17, 283, 832, 25, 61, 1213, 67;
9, 303, 10, 241, 761, -18, 38, 1184, 39;
16, 309, 15, 318, 809, 17, 65, 1205, 61;
11, 302, 9, 281, 741, -22, 44, 1178, 36;
16, 305, 13, 342, 773, 2, 64, 1192, 52;
18, 306, 14, 376, 776, 9, 73, 1195, 56;
21, 307, 16, 414, 784, 19, 84, 1199, 63;
14, 299, 8, 364, 703, -28, 58, 1167, 33;
22, 305, 15, 450, 757, 13, 88, 1191, 59;
22, 303, 14, 462, 738, 7, 88, 1185, 55;
19, 299, 10, 448, 692, -16, 77, 1168, 40;
23, 301, 12, 493, 706, -1, 91, 1175, 50;
21, 297, 9, 482, 663, -22, 82, 1159, 36;
21, 295, 8, 497, 646, -26, 83, 1154, 34;
26, 299, 13, 559, 676, 1, 104, 1168, 51;
32, 303, 17, 624, 709, 30, 126, 1184, 70;
27, 296, 11, 584, 637, -8, 106, 1156, 45;
26, 293, 9, 585, 606, -21, 101, 1145, 37;
30, 295, 12, 632, 621, -2, 117, 1153, 49;
34, 298, 16, 688, 644, 22, 136, 1165, 64;
29, 291, 9, 643, 568, -19, 113, 1136, 38;
30, 290, 10, 665, 557, -16, 118, 1134, 40;
32, 291, 11, 693, 553, -9, 126, 1135, 44;
31, 288, 9, 693, 522, -20, 122, 1124, 37;
32, 287, 10, 715, 511, -17, 127, 1122, 39;
40, 293, 17, 795, 560, 25, 156, 1145, 66;
38, 290, 15, 791, 524, 12, 151, 1133, 58;
34, 284, 10, 761, 463, -17, 136, 1110, 39;
33, 281, 8, 757, 427, -30, 130, 1098, 31;
42, 289, 16, 852, 492, 23, 167, 1128, 65;
40, 284, 13, 833, 442, 2, 156, 1110, 52;
38, 281, 10, 822, 400, -14, 148, 1096, 42;
38, 279, 10, 829, 377, -17, 148, 1089, 40;
46, 286, 18, 915, 433, 31, 181, 1115, 70;
39, 277, 10, 859, 347, -13, 155, 1083, 42;
40, 276, 10, 867, 326, -15, 156, 1077, 41;
44, 278, 14, 911, 341, 7, 172, 1086, 55;
41, 273, 10, 888, 289, -14, 160, 1068, 41;
39, 271, 9, 881, 254, -24, 155, 1057, 35;
41, 271, 10, 902, 247, -16, 162, 1057, 40;
48, 276, 16, 971, 289, 23, 189, 1077, 65;
49, 276, 17, 988, 279, 30, 194, 1077, 69;
40, 265, 8, 906, 170, -28, 159, 1035, 33;
46, 269, 13, 964, 202, 5, 181, 1051, 54;
49, 271, 16, 995, 208, 22, 193, 1057, 65;
41, 261, 8, 920, 107, -30, 161, 1019, 31;
50, 269, 17, 1009, 171, 25, 197, 1049, 66;
51, 268, 17, 1017, 155, 28, 199, 1045, 68;
51, 266, 17, 1021, 136, 29, 200, 1041, 69;
45, 259, 11, 963, 55, -10, 175, 1011, 44;
44, 257, 10, 957, 27, -16, 172, 1002, 40;
47, 258, 13, 984, 32, 1, 184, 1008, 51;
46, 256, 12, 975, 2, -5, 180, 999, 47;
42, 251, 8, 942, -51, -27, 166, 980, 33;
49, 257, 15, 1010, -3, 18, 194, 1003, 62;
48, 254, 14, 996, -36, 9, 189, 993, 56;
43, 248, 9, 947, -104, -21, 169, 968, 37;
43, 247, 9, 945, -124, -21, 169, 963, 37;
44, 247, 11, 958, -129, -10, 175, 965, 44;
42, 244, 9, 935, -168, -23, 166, 952, 36;
42, 242, 9, 930, -189, -23, 165, 946, 36;
50, 250, 17, 1006, -128, 30, 198, 975, 69;
43, 241, 10, 935, -214, -13, 169, 943, 42;
49, 246, 16, 985, -178, 23, 191, 961, 65;
46, 242, 14, 954, -222, 7, 180, 946, 55;
49, 245, 17, 981, -207, 30, 193, 955, 69;
41, 236, 10, 901, -299, -17, 162, 921, 40;
47, 240, 16, 949, -262, 20, 183, 939, 63;
41, 234, 10, 886, -334, -15, 159, 912, 41;
45, 237, 15, 924, -305, 16, 178, 927, 61;
47, 239, 17, 936, -302, 30, 185, 932, 70;
41, 232, 12, 874, -372, -3, 162, 906, 48;
45, 236, 17, 908, -345, 27, 178, 920, 67;
45, 234, 17, 895, -364, 26, 176, 916, 67;
40, 229, 13, 847, -418, 2, 158, 896, 52;
36, 224, 9, 798, -471, -21, 141, 877, 37;
40, 228, 14, 828, -444, 7, 157, 891, 55;
34, 221, 8, 762, -513, -26, 133, 865, 34;
41, 228, 16, 819, -458, 20, 160, 891, 63;
35, 222, 11, 755, -523, -11, 137, 866, 43;
31, 218, 8, 712, -567, -30, 122, 851, 32;
32, 219, 10, 714, -565, -18, 126, 854, 39;
39, 225, 17, 770, -508, 30, 154, 881, 69;
32, 219, 12, 699, -577, -5, 128, 855, 47;
30, 216, 10, 669, -604, -14, 119, 845, 42;
28, 214, 9, 641, -628, -20, 112, 838, 37;
30, 216, 12, 650, -616, -3, 120, 845, 49;
27, 213, 9, 606, -655, -20, 106, 832, 38;
30, 216, 13, 622, -633, 3, 117, 843, 52;
27, 213, 11, 585, -663, -8, 106, 832, 45;
28, 215, 14, 589, -651, 7, 112, 839, 55;
26, 213, 13, 560, -672, 1, 105, 833, 51;
20, 207, 8, 490, -733, -31, 80, 809, 31;
19, 206, 8, 468, -745, -31, 76, 806, 31;
20, 208, 10, 466, -736, -19, 80, 811, 39;
27, 215, 17, 515, -676, 27, 105, 838, 68;
19, 207, 11, 433, -746, -12, 76, 811, 43;
19, 208, 11, 419, -747, -6, 76, 812, 46;
18, 207, 12, 398, -755, -6, 72, 810, 46;
15, 205, 9, 355, -783, -19, 59, 800, 38;
15, 206, 11, 346, -777, -10, 61, 804, 44;
20, 211, 17, 377, -731, 25, 79, 824, 66;
16, 208, 14, 333, -758, 11, 66, 814, 58;
17, 209, 16, 320, -753, 19, 66, 817, 62;
12, 206, 13, 269, -787, 0, 50, 804, 51;
12, 206, 14, 255, -783, 7, 50, 807, 55;
14, 209, 17, 260, -759, 26, 57, 817, 67;
9, 204, 12, 192, -806, -2, 35, 798, 49;
11, 207, 16, 200, -778, 19, 44, 811, 62;
11, 208, 17, 186, -771, 25, 43, 814, 67;
1, 200, 8, 83, -853, -26, 6, 781, 34;
0, 199, 8, 56, -857, -28, 0, 779, 33;
8, 209, 17, 119, -772, 29, 32, 815, 69;
4, 206, 15, 71, -796, 14, 18, 805, 60;
0, 203, 12, 20, -823, -2, 2, 794, 49;
-4, 199, 8, -45, -865, -30, -18, 777, 32;
1, 207, 16, 4, -790, 19, 7, 808, 62;
-6, 200, 9, -87, -856, -25, -25, 780, 35;
0, 207, 16, -43, -786, 20, -1, 809, 63;
-4, 204, 13, -97, -813, 1, -17, 797, 51;
-3, 206, 15, -100, -790, 14, -13, 806, 60;
-10, 201, 9, -180, -843, -21, -41, 784, 37;
-13, 200, 8, -217, -852, -30, -51, 780, 32;
-13, 201, 9, -233, -840, -24, -52, 784, 35;
-7, 208, 16, -192, -770, 18, -29, 813, 62;
-7, 210, 17, -204, -754, 26, -29, 819, 67;
-16, 201, 8, -307, -827, -25, -66, 787, 34;
-17, 202, 9, -325, -815, -22, -68, 791, 37;
-19, 202, 8, -355, -815, -26, -75, 790, 34;
-11, 211, 17, -295, -725, 29, -45, 826, 69;
-18, 206, 12, -370, -770, -5, -71, 806, 47;
-19, 207, 12, -393, -762, -5, -75, 809, 47;
-22, 206, 10, -434, -772, -17, -87, 803, 39;
-15, 214, 18, -381, -688, 32, -60, 836, 71;
-26, 204, 7, -501, -777, -32, -104, 798, 30;
-19, 213, 16, -444, -689, 19, -76, 833, 62;
-21, 213, 15, -474, -686, 14, -83, 832, 59;
-20, 216, 17, -476, -657, 26, -79, 843, 67;
-25, 213, 13, -533, -682, 2, -98, 830, 52;
-25, 214, 13, -549, -667, 5, -100, 835, 54;
-30, 211, 10, -600, -685, -14, -117, 825, 41;
-29, 214, 12, -602, -655, -3, -113, 836, 48;
-28, 216, 13, -611, -632, 4, -112, 843, 53;
-34, 212, 9, -671, -660, -23, -133, 829, 36;
-32, 216, 12, -662, -618, -4, -125, 844, 48;
-27, 223, 17, -627, -551, 30, -106, 870, 69;
-35, 216, 10, -715, -607, -16, -139, 844, 40;
-31, 222, 15, -683, -543, 16, -121, 869, 61;
-39, 216, 8, -770, -598, -29, -153, 843, 32;
-34, 222, 13, -736, -533, 3, -136, 868, 53;
-34, 225, 15, -739, -504, 12, -133, 877, 58;
-40, 220, 9, -806, -539, -22, -158, 860, 37;
-39, 223, 10, -808, -510, -13, -155, 869, 42;
-40, 224, 10, -822, -493, -13, -157, 874, 42;
-35, 230, 16, -784, -424, 21, -139, 899, 64;
-40, 227, 12, -838, -446, -5, -158, 887, 47;
-40, 229, 12, -844, -422, 0, -157, 894, 50;
-36, 235, 17, -812, -360, 29, -141, 917, 69;
-43, 229, 11, -884, -402, -11, -168, 896, 43;
-37, 237, 17, -837, -325, 28, -146, 926, 68;
-47, 229, 8, -936, -395, -30, -185, 894, 31;
-39, 239, 16, -865, -295, 23, -153, 932, 65;
-39, 241, 17, -867, -269, 28, -152, 940, 68;
-47, 234, 9, -949, -322, -20, -184, 914, 38;
-45, 237, 11, -940, -285, -8, -178, 926, 45;
-48, 236, 9, -972, -290, -24, -189, 921, 35;
-43, 243, 14, -926, -216, 11, -168, 948, 57;
-46, 241, 12, -957, -221, -5, -180, 943, 47;
-43, 246, 15, -935, -173, 13, -169, 960, 59;
-42, 249, 16, -925, -137, 24, -164, 971, 65;
-48, 244, 11, -984, -171, -11, -187, 954, 43;
-48, 246, 11, -985, -148, -9, -187, 960, 44;
-42, 253, 17, -932, -71, 27, -164, 989, 68;
-47, 250, 12, -980, -95, -1, -183, 975, 49;
-49, 249, 10, -1002, -94, -14, -192, 972, 41;
-43, 256, 16, -945, -15, 24, -168, 1002, 66;
-47, 253, 12, -990, -38, -5, -186, 988, 47;
-50, 252, 9, -1013, -40, -20, -196, 984, 38;
-49, 254, 10, -1010, -16, -18, -194, 991, 39;
-49, 255, 10, -1009, 3, -17, -194, 996, 39;
-42, 264, 17, -940, 92, 27, -166, 1029, 68;
-46, 261, 13, -973, 78, 4, -179, 1020, 53;
-49, 259, 10, -1000, 69, -15, -191, 1013, 41;
-48, 262, 11, -988, 98, -9, -187, 1022, 44;
-49, 261, 9, -1001, 102, -20, -193, 1020, 38;
-47, 265, 12, -973, 146, -4, -183, 1035, 47;
-49, 264, 9, -993, 141, -21, -192, 1029, 37;
-40, 273, 18, -907, 242, 32, -158, 1068, 71;
-40, 275, 18, -901, 261, 32, -157, 1073, 70;
-45, 271, 12, -944, 231, -1, -176, 1057, 50;
-45, 271, 12, -943, 245, -5, -177, 1059, 47;
-41, 276, 16, -899, 300, 18, -161, 1079, 62;
-43, 275, 13, -912, 298, 4, -168, 1075, 53;
-46, 273, 10, -933, 287, -15, -179, 1067, 41;
-43, 277, 12, -902, 327, -1, -168, 1081, 49;
-43, 278, 12, -895, 343, -3, -168, 1084, 48;
-47, 274, 7, -927, 318, -32, -184, 1071, 30;
-40, 282, 14, -858, 395, 6, -157, 1099, 55;
-43, 280, 10, -875, 384, -13, -167, 1092, 42;
-39, 283, 13, -838, 426, 3, -155, 1107, 53;
-44, 279, 8, -873, 396, -28, -172, 1091, 33;
-35, 288, 16, -786, 486, 20, -139, 1126, 63;
-36, 288, 15, -784, 491, 12, -142, 1125, 58;
-39, 286, 11, -802, 476, -9, -152, 1116, 45;
-32, 293, 17, -730, 549, 28, -126, 1143, 68;
-36, 289, 12, -762, 517, -3, -143, 1127, 48;
-30, 295, 18, -692, 587, 32, -118, 1154, 71;
-37, 289, 10, -749, 529, -16, -145, 1127, 40;
-29, 297, 17, -667, 609, 27, -115, 1158, 67;
-31, 295, 14, -675, 598, 10, -122, 1151, 57;
-33, 293, 12, -683, 587, -6, -129, 1144, 46;
-31, 295, 12, -658, 607, -2, -123, 1150, 49;
-27, 299, 15, -609, 652, 18, -107, 1166, 62;
-27, 298, 14, -599, 655, 11, -107, 1166, 58;
-27, 298, 13, -590, 658, 5, -108, 1165, 54;
-28, 297, 12, -587, 654, -5, -111, 1161, 47;
-25, 301, 14, -542, 690, 10, -97, 1174, 57;
-22, 303, 16, -509, 714, 18, -88, 1182, 62;
-20, 305, 17, -473, 740, 28, -78, 1191, 68;
-26, 299, 10, -519, 684, -16, -102, 1166, 41;
-18, 306, 16, -438, 753, 23, -73, 1193, 65;
-17, 306, 16, -416, 763, 23, -69, 1195, 65;
-22, 301, 10, -450, 717, -13, -88, 1174, 42;
-15, 307, 16, -372, 780, 23, -61, 1200, 65;
-22, 300, 8, -427, 711, -28, -89, 1170, 33;
-19, 303, 11, -378, 745, -10, -74, 1182, 44;
-12, 309, 17, -301, 807, 25, -47, 1206, 66;
-12, 308, 15, -293, 798, 14, -49, 1202, 60;
-19, 301, 7, -340, 734, -32, -74, 1174, 30;
-8, 311, 17, -224, 832, 29, -31, 1214, 69;
-10, 308, 14, -229, 809, 10, -39, 1203, 57;
-5, 312, 17, -175, 843, 29, -22, 1217, 69;
-6, 310, 16, -168, 831, 18, -25, 1211, 62;
-7, 309, 14, -160, 818, 7, -27, 1205, 55;
-6, 309, 14, -138, 819, 6, -23, 1205, 54;
-9, 304, 9, -160, 776, -24, -38, 1186, 35;
-4, 309, 13, -93, 821, 3, -16, 1205, 53;
-3, 308, 12, -77, 814, -2, -15, 1201, 49;
-2, 308, 13, -46, 821, 1, -8, 1204, 52;
2, 312, 17, 12, 856, 24, 10, 1219, 66;
4, 313, 17, 41, 861, 27, 17, 1221, 68;
4, 312, 16, 60, 854, 23, 19, 1218, 65;
0, 305, 10, 24, 793, -16, -1, 1193, 40;
4, 309, 13, 82, 825, 5, 17, 1206, 54;
1, 304, 9, 65, 782, -22, 4, 1189, 37;
4, 306, 11, 108, 797, -10, 16, 1195, 44;
8, 309, 14, 161, 823, 8, 33, 1207, 56;
9, 309, 14, 187, 822, 10, 38, 1207, 57;
9, 307, 12, 194, 801, -1, 35, 1199, 50;
11, 308, 14, 232, 810, 7, 45, 1203, 55;
13, 308, 14, 261, 810, 11, 52, 1204, 57;
12, 306, 12, 263, 783, -3, 47, 1193, 48;
17, 310, 16, 327, 817, 23, 69, 1209, 65;
17, 307, 15, 334, 794, 12, 66, 1200, 58;
15, 304, 12, 329, 759, -6, 59, 1187, 46;
15, 303, 11, 344, 744, -11, 60, 1182, 43;
15, 301, 9, 353, 722, -21, 58, 1174, 37;
17, 302, 11, 390, 729, -11, 69, 1178, 44;
23, 306, 15, 455, 763, 17, 90, 1194, 61;
24, 306, 16, 483, 759, 21, 97, 1194, 64;
18, 298, 9, 438, 682, -23, 73, 1163, 36;
18, 296, 7, 447, 660, -31, 72, 1156, 31;
21, 298, 10, 490, 671, -17, 85, 1162, 40;
29, 304, 17, 577, 726, 26, 116, 1187, 67;
22, 295, 8, 518, 635, -26, 87, 1151, 34;
30, 301, 15, 601, 686, 15, 117, 1174, 60;
32, 302, 17, 637, 690, 26, 128, 1178, 67;
24, 292, 8, 571, 592, -30, 96, 1139, 32;
27, 293, 10, 610, 599, -17, 108, 1144, 40;
32, 296, 14, 667, 623, 8, 127, 1157, 55;
27, 289, 7, 625, 549, -31, 105, 1128, 31;
36, 296, 16, 722, 615, 21, 142, 1158, 64;
37, 296, 16, 740, 600, 21, 145, 1154, 64;
33, 290, 12, 717, 545, -5, 132, 1134, 47;
34, 289, 11, 729, 526, -8, 133, 1128, 45;
37, 290, 13, 766, 530, 5, 144, 1133, 54;
39, 291, 15, 799, 532, 17, 155, 1136, 61;
42, 292, 17, 834, 536, 30, 166, 1140, 70;
34, 282, 8, 763, 434, -26, 133, 1101, 34;
41, 287, 15, 839, 478, 14, 161, 1122, 60;
43, 288, 17, 869, 478, 25, 171, 1125, 67;
35, 278, 7, 795, 373, -32, 137, 1084, 30;
37, 279, 10, 827, 375, -19, 147, 1088, 39;
41, 281, 13, 868, 386, 0, 162, 1096, 51;
46, 284, 17, 923, 412, 29, 182, 1109, 69;
40, 277, 11, 874, 333, -10, 159, 1080, 44;
45, 279, 15, 919, 349, 12, 175, 1089, 58;
39, 272, 9, 872, 273, -24, 154, 1061, 35;
42, 273, 11, 908, 281, -7, 166, 1068, 46;
48, 277, 16, 962, 307, 23, 187, 1082, 65;
40, 268, 9, 899, 217, -23, 159, 1048, 36;
49, 275, 17, 982, 273, 26, 192, 1074, 67;
48, 272, 15, 976, 240, 17, 188, 1064, 62;
45, 268, 12, 951, 189, -2, 176, 1046, 49;
45, 267, 12, 958, 171, -1, 178, 1042, 49;
41, 261, 8, 919, 106, -31, 160, 1018, 31;
42, 261, 9, 936, 98, -22, 166, 1018, 36;
51, 268, 18, 1022, 160, 31, 201, 1047, 70;
48, 263, 14, 990, 105, 8, 187, 1028, 56;
48, 262, 15, 998, 90, 12, 190, 1025, 58;
45, 258, 11, 970, 40, -7, 178, 1008, 46;
46, 257, 12, 976, 24, -4, 180, 1005, 48;
51, 261, 17, 1026, 53, 28, 201, 1020, 68;
48, 257, 14, 995, 1, 8, 188, 1002, 55;
44, 251, 10, 958, -54, -16, 173, 982, 41;
51, 258, 17, 1027, -5, 30, 202, 1006, 70;
45, 250, 11, 964, -87, -10, 176, 975, 44;
47, 251, 14, 987, -82, 6, 186, 981, 55;
41, 244, 7, 925, -161, -32, 161, 951, 30;
41, 243, 8, 924, -179, -30, 162, 947, 31;
49, 250, 16, 999, -120, 21, 193, 975, 64;
42, 241, 9, 924, -210, -24, 164, 941, 35;
50, 248, 17, 999, -149, 29, 196, 969, 69;
48, 245, 15, 976, -186, 17, 188, 957, 62;
46, 242, 14, 956, -219, 9, 181, 947, 56;
46, 241, 14, 950, -238, 10, 180, 943, 57;
39, 234, 8, 884, -315, -28, 155, 914, 33;
44, 238, 13, 921, -289, 1, 172, 928, 52;
41, 234, 10, 886, -335, -15, 159, 912, 41;
43, 236, 13, 906, -323, 4, 170, 920, 53;
45, 237, 16, 920, -318, 20, 178, 926, 63;
42, 233, 13, 887, -358, 5, 167, 912, 54;
43, 234, 15, 888, -364, 13, 170, 912, 59;
42, 231, 14, 867, -391, 7, 164, 904, 55;
40, 229, 13, 847, -417, 2, 159, 896, 52;
35, 224, 8, 790, -479, -26, 138, 874, 34;
39, 228, 13, 824, -449, 4, 155, 889, 53;
41, 229, 16, 833, -442, 20, 162, 894, 63;
34, 222, 10, 762, -516, -17, 136, 867, 40;
34, 221, 10, 747, -532, -17, 133, 863, 40;
32, 219, 9, 720, -560, -25, 125, 854, 35;
32, 219, 10, 716, -563, -16, 127, 855, 40;
29, 216, 8, 678, -600, -31, 115, 842, 31;
33, 220, 13, 709, -567, 0, 132, 859, 51;
30, 216, 10, 662, -611, -18, 117, 843, 39;
30, 216, 11, 657, -613, -10, 119, 844, 44;
28, 214, 10, 629, -637, -17, 111, 837, 40;
28, 214, 11, 621, -639, -9, 112, 838, 44;
26, 212, 9, 584, -671, -21, 101, 827, 37;
31, 218, 16, 627, -621, 19, 123, 850, 63;
23, 209, 8, 535, -705, -28, 90, 817, 33;
22, 209, 9, 521, -711, -24, 88, 816, 35;
22, 209, 9, 507, -716, -19, 87, 816, 38;
24, 211, 13, 516, -697, 0, 96, 826, 50;
19, 206, 8, 453, -750, -28, 74, 806, 33;
20, 208, 10, 453, -738, -13, 80, 812, 42;
20, 208, 11, 440, -739, -7, 79, 814, 46;
23, 212, 15, 456, -710, 17, 91, 827, 61;
23, 212, 16, 441, -712, 22, 89, 828, 64;
19, 209, 14, 395, -744, 6, 76, 816, 55;
16, 207, 12, 356, -768, -3, 65, 807, 48;
16, 207, 13, 341, -766, 1, 64, 809, 52;
11, 203, 9, 286, -805, -19, 46, 794, 38;
11, 203, 10, 265, -809, -17, 43, 794, 39;
7, 201, 8, 222, -834, -30, 30, 784, 31;
10, 204, 12, 237, -801, -4, 42, 799, 47;
14, 209, 16, 254, -765, 22, 55, 815, 64;
5, 201, 9, 164, -835, -21, 23, 786, 37;
8, 204, 12, 170, -809, -1, 31, 798, 50;
11, 209, 17, 189, -768, 27, 44, 815, 68;
4, 203, 11, 110, -826, -8, 17, 792, 45;
5, 205, 13, 105, -809, 4, 21, 799, 53;
1, 202, 11, 56, -834, -11, 6, 789, 43;
0, 201, 10, 27, -840, -14, 0, 787, 41;
-1, 201, 10, 3, -840, -14, -4, 787, 42;
3, 207, 16, 29, -790, 19, 12, 808, 63;
-1, 204, 12, -26, -820, 0, -5, 795, 50;
-7, 199, 8, -96, -865, -31, -28, 776, 31;
0, 207, 16, -41, -784, 21, 0, 810, 64;
-9, 199, 8, -143, -860, -29, -36, 778, 32;
-4, 206, 14, -109, -799, 9, -17, 803, 56;
-4, 207, 15, -121, -784, 17, -16, 809, 61;
-8, 205, 13, -170, -805, 1, -31, 800, 51;
-9, 205, 12, -198, -804, -1, -37, 799, 50;
-6, 209, 17, -179, -757, 27, -23, 818, 68;
-10, 207, 14, -232, -781, 8, -40, 807, 55;
-10, 208, 15, -242, -762, 17, -39, 814, 61;
-10, 209, 16, -261, -752, 20, -41, 817, 63;
-11, 210, 16, -279, -740, 23, -44, 821, 65;
-13, 210, 16, -309, -740, 19, -51, 820, 63;
-15, 209, 14, -347, -747, 9, -61, 816, 57;
-18, 207, 12, -390, -759, -3, -73, 810, 48;
-23, 204, 8, -449, -787, -27, -93, 797, 33;
-18, 211, 15, -409, -716, 13, -71, 825, 59;
-20, 211, 14, -438, -714, 9, -78, 824, 56;
-23, 210, 12, -477, -721, -2, -89, 819, 49;
-21, 213, 14, -478, -691, 11, -85, 830, 57;
-20, 216, 17, -472, -653, 29, -78, 844, 69;
-27, 211, 11, -550, -699, -8, -105, 823, 45;
-27, 212, 12, -565, -682, -4, -107, 829, 47;
-31, 209, 8, -617, -702, -26, -124, 818, 34;
-32, 211, 9, -633, -686, -23, -126, 823, 36;
-25, 219, 17, -578, -599, 25, -99, 857, 66;
-25, 221, 18, -588, -577, 31, -98, 864, 70;
-31, 217, 13, -653, -609, 1, -121, 848, 51;
-31, 218, 13, -669, -593, 2, -123, 853, 52;
-33, 219, 13, -691, -583, 0, -128, 854, 50;
-34, 219, 12, -715, -575, -4, -134, 855, 48;
-35, 219, 11, -736, -564, -7, -139, 857, 46;
-40, 217, 8, -786, -583, -30, -157, 847, 32;
-38, 220, 10, -778, -542, -13, -149, 861, 42;
-41, 219, 8, -819, -552, -30, -163, 854, 31;
-36, 226, 14, -778, -480, 6, -143, 882, 55;
-38, 226, 12, -804, -475, -1, -150, 881, 50;
-42, 223, 9, -850, -490, -22, -166, 872, 37;
-40, 227, 11, -841, -450, -7, -159, 886, 46;
-36, 232, 16, -811, -390, 21, -144, 908, 64;
-43, 228, 10, -877, -425, -14, -168, 890, 41;
-37, 235, 17, -828, -346, 26, -145, 920, 67;
-40, 234, 14, -861, -349, 11, -156, 915, 58;
-42, 234, 13, -885, -344, 3, -163, 915, 53;
-37, 240, 18, -851, -281, 32, -147, 938, 71;
-43, 236, 13, -906, -307, 2, -168, 924, 52;
-41, 240, 15, -895, -268, 15, -161, 937, 60;
-47, 235, 9, -958, -304, -20, -186, 919, 37;
-44, 240, 13, -932, -250, 1, -173, 938, 51;
-47, 238, 10, -969, -260, -17, -186, 930, 39;
-43, 244, 15, -930, -194, 12, -169, 954, 58;
-46, 243, 12, -963, -201, -5, -181, 948, 47;
-50, 240, 8, -1003, -215, -27, -196, 939, 33;
-41, 251, 17, -921, -109, 29, -161, 980, 69;
-47, 246, 12, -980, -143, -6, -185, 962, 46;
-48, 247, 11, -988, -127, -9, -187, 966, 45;
-44, 253, 15, -953, -69, 15, -172, 986, 60;
-48, 250, 11, -990, -82, -7, -187, 977, 46;
-43, 256, 16, -949, -18, 21, -169, 1000, 64;
-48, 253, 11, -994, -42, -7, -188, 987, 46;
-49, 253, 10, -1008, -35, -16, -193, 986, 40;
-46, 257, 13, -977, 16, 3, -181, 1004, 53;
-47, 257, 12, -991, 22, -5, -186, 1004, 47;
-49, 257, 10, -1006, 26, -16, -193, 1002, 40;
-46, 260, 12, -980, 71, 0, -183, 1017, 50;
-50, 258, 9, -1011, 58, -22, -196, 1008, 36;
-49, 260, 9, -1003, 83, -19, -193, 1015, 38;
-42, 268, 17, -933, 170, 24, -165, 1048, 66;
-45, 267, 14, -954, 164, 7, -175, 1042, 55;
-47, 265, 11, -978, 156, -11, -186, 1036, 44;
-41, 273, 17, -911, 237, 29, -160, 1066, 69;
-44, 271, 14, -939, 223, 6, -172, 1057, 55;
-44, 271, 13, -940, 236, 1, -174, 1059, 52;
-41, 275, 15, -909, 279, 17, -163, 1073, 61;
-45, 273, 12, -935, 265, -5, -176, 1064, 47;
-40, 278, 16, -887, 323, 21, -158, 1085, 64;
-45, 274, 10, -929, 291, -13, -177, 1069, 42;
-44, 276, 11, -911, 319, -7, -172, 1077, 46;
-45, 275, 9, -921, 317, -20, -178, 1073, 38;
-38, 282, 16, -850, 396, 19, -151, 1103, 62;
-45, 276, 8, -907, 346, -26, -178, 1079, 34;
-36, 286, 17, -816, 443, 26, -143, 1116, 67;
-42, 281, 11, -860, 404, -11, -164, 1097, 43;
-43, 280, 9, -866, 403, -23, -169, 1094, 36;
-43, 281, 8, -857, 415, -27, -169, 1096, 34;
-43, 281, 7, -851, 424, -32, -170, 1097, 30;
-39, 286, 11, -801, 477, -8, -152, 1116, 45;
-35, 290, 14, -760, 519, 8, -138, 1131, 56;
-32, 293, 16, -721, 558, 24, -126, 1144, 66;
-35, 290, 13, -741, 539, 0, -138, 1134, 51;
-31, 294, 15, -699, 579, 17, -124, 1148, 61;
-33, 292, 13, -705, 571, 1, -131, 1142, 52;
-31, 295, 14, -676, 598, 10, -122, 1151, 57;
-31, 295, 14, -664, 606, 5, -121, 1152, 54;
-32, 293, 11, -669, 596, -9, -128, 1145, 44;
-33, 292, 9, -667, 593, -20, -131, 1142, 37;
-28, 297, 13, -609, 646, 5, -111, 1162, 54;
-26, 299, 14, -581, 666, 10, -104, 1168, 57;
-30, 295, 9, -609, 632, -20, -120, 1152, 38;
-22, 303, 17, -515, 717, 28, -86, 1185, 68;
-26, 298, 11, -548, 675, -7, -104, 1166, 46;
-22, 302, 14, -498, 715, 11, -89, 1180, 58;
-22, 303, 14, -480, 723, 10, -86, 1182, 57;
-25, 299, 9, -503, 688, -19, -100, 1166, 38;
-18, 306, 16, -421, 758, 20, -71, 1193, 63;
-21, 302, 12, -435, 731, -3, -82, 1181, 48;
-18, 304, 13, -399, 753, 5, -72, 1188, 54;
-22, 300, 8, -425, 713, -27, -88, 1170, 34;
-17, 305, 13, -361, 762, 0, -67, 1189, 51;
-21, 300, 8, -384, 724, -30, -82, 1172, 32;
-12, 308, 16, -286, 805, 19, -46, 1205, 62;
-12, 307, 14, -277, 797, 9, -48, 1200, 56;
-17, 301, 8, -314, 742, -30, -69, 1177, 31;
-16, 301, 8, -292, 746, -31, -65, 1177, 31;
-5, 312, 18, -174, 845, 31, -21, 1217, 70;
-13, 303, 9, -232, 766, -24, -51, 1184, 35;
-12, 303, 8, -216, 762, -29, -50, 1182, 32;
-2, 312, 17, -106, 851, 27, -10, 1218, 68;
-6, 307, 12, -126, 810, -1, -24, 1201, 49;
0, 312, 17, -57, 856, 27, -1, 1219, 68;
-4, 307, 12, -82, 808, -5, -17, 1199, 47;
-7, 303, 8, -95, 772, -30, -28, 1184, 31;
1, 311, 15, -1, 842, 15, 4, 1213, 60;
2, 311, 15, 21, 841, 14, 9, 1212, 60;
0, 307, 12, 18, 813, -4, 1, 1201, 48;
0, 306, 11, 30, 799, -12, 1, 1195, 43;
0, 305, 9, 44, 788, -19, 1, 1191, 38;
5, 308, 13, 101, 818, 1, 19, 1204, 52;
5, 307, 12, 119, 809, -2, 21, 1200, 49;
3, 304, 9, 112, 774, -23, 12, 1186, 36;
9, 308, 14, 182, 816, 6, 36, 1204, 55;
13, 312, 17, 238, 845, 27, 54, 1217, 68;
7, 303, 9, 187, 765, -22, 27, 1184, 37;
8, 303, 9, 213, 763, -20, 32, 1184, 38;
12, 306, 12, 266, 786, -1, 49, 1195, 50;
16, 308, 15, 312, 802, 13, 62, 1203, 59;
15, 306, 13, 317, 778, 1, 59, 1193, 51;
18, 308, 15, 364, 795, 17, 73, 1202, 61;
22, 309, 17, 407, 807, 30, 86, 1208, 69;
19, 306, 14, 399, 768, 9, 77, 1193, 56;
20, 305, 14, 420, 758, 8, 81, 1190, 56;
20, 303, 12, 428, 736, 0, 79, 1182, 50;
18, 299, 10, 424, 699, -18, 72, 1169, 39;
23, 303, 14, 483, 727, 6, 92, 1182, 54;
24, 302, 13, 501, 714, 4, 95, 1178, 53;
26, 302, 14, 532, 713, 10, 102, 1179, 57;
30, 304, 17, 578, 727, 27, 117, 1187, 67;
23, 295, 9, 523, 641, -22, 89, 1153, 36;
28, 299, 13, 584, 669, 4, 110, 1167, 53;
32, 302, 17, 638, 691, 27, 128, 1178, 67;
25, 292, 8, 578, 598, -26, 98, 1142, 34;
31, 297, 13, 644, 633, 5, 122, 1158, 54;
31, 295, 13, 659, 616, 3, 124, 1154, 52;
27, 289, 7, 625, 549, -31, 105, 1128, 31;
31, 292, 11, 678, 570, -8, 123, 1139, 45;
36, 295, 15, 732, 592, 16, 142, 1151, 61;
31, 288, 9, 691, 519, -22, 121, 1123, 36;
32, 287, 9, 711, 508, -20, 125, 1121, 38;
39, 293, 16, 791, 556, 22, 155, 1143, 64;
33, 285, 9, 741, 474, -21, 131, 1112, 37;
34, 284, 9, 754, 455, -22, 132, 1107, 36;
37, 286, 12, 797, 468, -3, 147, 1115, 48;
42, 288, 16, 845, 485, 19, 164, 1125, 62;
35, 280, 9, 792, 401, -25, 139, 1093, 35;
35, 278, 8, 800, 379, -28, 139, 1087, 33;
37, 278, 9, 821, 369, -22, 145, 1086, 36;
45, 284, 16, 901, 419, 22, 175, 1109, 64;
40, 278, 11, 865, 353, -9, 158, 1085, 45;
46, 282, 17, 927, 386, 24, 181, 1102, 66;
47, 281, 17, 940, 370, 26, 184, 1098, 67;
45, 278, 15, 928, 330, 12, 177, 1085, 58;
46, 277, 15, 940, 313, 14, 180, 1081, 59;
39, 269, 8, 886, 231, -27, 155, 1050, 33;
41, 269, 10, 907, 224, -18, 162, 1051, 39;
45, 272, 13, 950, 241, 5, 179, 1061, 54;
48, 273, 16, 979, 243, 20, 189, 1065, 63;
47, 270, 14, 968, 206, 8, 183, 1053, 56;
43, 265, 10, 941, 153, -13, 171, 1035, 42;
45, 265, 12, 956, 143, -6, 176, 1034, 46;
50, 269, 17, 1010, 173, 26, 197, 1049, 67;
42, 259, 9, 938, 76, -24, 166, 1013, 35;
45, 260, 11, 961, 76, -10, 175, 1016, 44;
43, 257, 9, 948, 40, -20, 169, 1005, 38;
48, 261, 14, 995, 65, 9, 188, 1018, 56;
43, 254, 9, 945, -6, -25, 167, 992, 35;
50, 261, 17, 1020, 47, 24, 198, 1017, 66;
43, 252, 9, 948, -45, -23, 168, 982, 36;
47, 254, 13, 987, -26, 3, 185, 994, 52;
45, 251, 11, 964, -68, -11, 176, 980, 43;
42, 247, 9, 943, -108, -24, 167, 966, 35;
46, 250, 12, 976, -93, 0, 182, 976, 50;
43, 246, 10, 946, -140, -18, 170, 960, 39;
48, 249, 14, 986, -116, 10, 187, 973, 57;
51, 251, 17, 1011, -107, 30, 199, 980, 69;
43, 243, 10, 939, -195, -14, 170, 947, 41;
44, 243, 12, 948, -201, -4, 175, 948, 47;
40, 237, 8, 902, -260, -31, 157, 927, 31;
43, 239, 11, 927, -248, -10, 169, 935, 44;
42, 237, 10, 911, -277, -16, 164, 926, 40;
43, 237, 11, 917, -283, -6, 168, 927, 46;
39, 233, 8, 879, -331, -26, 155, 911, 34;
39, 232, 9, 872, -348, -24, 154, 907, 35;
41, 233, 11, 881, -349, -12, 160, 909, 43;
46, 238, 16, 926, -312, 24, 181, 928, 66;
44, 235, 15, 903, -343, 16, 174, 918, 61;
37, 227, 9, 831, -422, -24, 146, 888, 35;
39, 228, 11, 838, -421, -11, 152, 892, 43;
40, 229, 13, 844, -421, 0, 157, 895, 51;
43, 232, 16, 867, -402, 24, 170, 905, 66;
37, 225, 11, 800, -473, -11, 145, 879, 43;
35, 222, 9, 772, -503, -20, 137, 869, 38;
39, 226, 14, 805, -473, 11, 153, 885, 57;
38, 225, 14, 790, -489, 11, 151, 880, 57;
38, 224, 14, 774, -505, 11, 148, 877, 57;
38, 224, 15, 767, -512, 16, 148, 876, 61;
35, 222, 14, 736, -542, 7, 139, 866, 55;
30, 216, 9, 673, -603, -23, 117, 844, 36;
29, 215, 9, 656, -618, -23, 114, 840, 36;
26, 213, 7, 624, -646, -32, 105, 831, 30;
31, 217, 12, 653, -612, -1, 121, 847, 50;
28, 214, 11, 619, -642, -11, 111, 837, 43;
34, 220, 18, 664, -591, 31, 134, 860, 70;
23, 210, 8, 552, -696, -30, 92, 819, 32;
27, 213, 12, 575, -665, -1, 106, 834, 50;
24, 210, 10, 533, -699, -16, 94, 822, 40;
21, 208, 8, 495, -728, -27, 82, 811, 33;
22, 210, 11, 498, -715, -11, 89, 819, 43;
19, 207, 9, 459, -744, -24, 77, 808, 35;
23, 211, 14, 484, -707, 7, 92, 825, 55;
22, 210, 13, 456, -723, 3, 86, 820, 52;
21, 210, 13, 436, -730, 4, 82, 819, 53;
18, 208, 12, 402, -751, -3, 73, 812, 48;
22, 212, 17, 427, -712, 28, 89, 829, 68;
20, 211, 16, 395, -728, 22, 81, 824, 64;
19, 210, 16, 372, -736, 22, 77, 822, 64;
16, 208, 14, 330, -761, 9, 64, 812, 57;
14, 207, 13, 300, -774, 5, 58, 808, 54;
13, 206, 13, 274, -782, 4, 52, 806, 53;
8, 202, 10, 216, -821, -18, 34, 791, 39;
8, 203, 11, 203, -815, -11, 34, 794, 43;
6, 202, 10, 168, -830, -18, 25, 788, 39;
6, 202, 11, 153, -825, -12, 24, 791, 43;
7, 205, 13, 150, -807, 2, 28, 799, 52;
10, 208, 17, 163, -773, 26, 39, 814, 67;
8, 208, 16, 133, -780, 23, 32, 811, 65;
1, 201, 10, 51, -839, -15, 4, 787, 41;
2, 204, 13, 48, -819, 0, 9, 796, 50;
-3, 199, 8, -14, -859, -26, -11, 779, 34;
-3, 200, 9, -34, -853, -22, -14, 781, 36;
0, 205, 14, -9, -804, 10, 1, 802, 57;
-6, 199, 8, -91, -860, -27, -26, 779, 33;
-1, 206, 15, -50, -794, 15, -4, 806, 60;
-5, 203, 12, -107, -824, -6, -22, 793, 47;
-4, 206, 14, -109, -798, 9, -17, 803, 56;
-4, 207, 15, -123, -785, 16, -17, 808, 61;
-4, 208, 16, -141, -776, 20, -19, 812, 63;
-5, 208, 16, -162, -769, 22, -22, 814, 65;
-14, 201, 9, -256, -835, -24, -56, 786, 35;
-11, 206, 13, -240, -789, 2, -43, 804, 52;
-8, 210, 17, -225, -745, 28, -32, 821, 68;
-11, 208, 15, -273, -764, 12, -46, 813, 58;
-18, 203, 9, -350, -811, -23, -73, 792, 36;
-18, 205, 10, -358, -789, -13, -71, 800, 42;
-13, 211, 16, -328, -728, 22, -53, 824, 64;
-14, 212, 17, -344, -714, 26, -55, 828, 67;
-24, 203, 7, -455, -794, -32, -96, 794, 30;
-24, 205, 8, -470, -777, -26, -96, 799, 34;
-24, 207, 10, -479, -755, -18, -95, 807, 39;
-23, 209, 12, -482, -727, -5, -92, 817, 47;
-19, 215, 17, -453, -666, 27, -75, 841, 68;
-26, 210, 11, -529, -710, -8, -101, 821, 45;
-23, 214, 14, -519, -668, 12, -92, 836, 58;
-31, 208, 8, -600, -717, -28, -121, 814, 33;
-30, 211, 10, -606, -691, -19, -119, 823, 39;
-29, 213, 11, -609, -661, -7, -116, 833, 46;
-27, 217, 15, -596, -617, 13, -106, 849, 59;
-25, 221, 18, -588, -576, 31, -98, 864, 70;
-32, 216, 11, -666, -622, -7, -126, 843, 46;
-30, 220, 14, -655, -579, 11, -118, 858, 58;
-28, 224, 18, -643, -535, 31, -109, 874, 70;
-29, 224, 17, -667, -527, 27, -115, 875, 68;
-29, 226, 18, -678, -506, 31, -115, 881, 70;
-31, 226, 17, -700, -497, 27, -121, 883, 68;
-38, 220, 10, -777, -542, -13, -149, 861, 42;
-40, 220, 9, -810, -543, -24, -159, 858, 35;
-37, 225, 12, -789, -491, 0, -147, 877, 50;
-38, 225, 12, -805, -475, -1, -150, 881, 50;
-36, 229, 15, -794, -434, 14, -143, 895, 60;
-43, 224, 9, -862, -471, -21, -168, 877, 37;
-40, 229, 13, -843, -421, 0, -157, 895, 51;
-37, 234, 16, -819, -367, 24, -144, 914, 66;
-38, 235, 16, -837, -355, 20, -149, 916, 63;
-42, 232, 12, -881, -369, -1, -164, 907, 49;
-43, 233, 12, -898, -357, -5, -169, 909, 47;
-42, 236, 13, -891, -321, 5, -164, 921, 54;
-39, 240, 16, -873, -275, 24, -154, 937, 65;
-45, 235, 11, -936, -309, -11, -178, 920, 43;
-39, 243, 17, -884, -229, 28, -155, 949, 68;
-44, 240, 13, -930, -248, 3, -172, 938, 52;
-41, 244, 16, -913, -204, 19, -163, 954, 63;
-40, 247, 17, -904, -168, 30, -158, 965, 69;
-47, 242, 11, -972, -210, -11, -185, 944, 43;
-47, 243, 11, -978, -191, -11, -186, 949, 43;
-50, 242, 9, -1004, -191, -25, -195, 946, 35;
-42, 252, 17, -928, -91, 27, -163, 984, 68;
-44, 251, 14, -957, -95, 11, -174, 979, 58;
-41, 255, 17, -931, -46, 30, -163, 995, 69;
-44, 254, 15, -957, -49, 14, -173, 991, 60;
-42, 257, 17, -941, -11, 26, -166, 1003, 67;
-44, 256, 15, -962, -10, 13, -174, 1000, 59;
-42, 260, 17, -939, 33, 29, -165, 1015, 69;
-43, 261, 17, -946, 47, 24, -168, 1017, 66;
-51, 253, 8, -1025, -11, -28, -200, 990, 33;
-43, 263, 16, -948, 84, 21, -169, 1026, 64;
-49, 258, 10, -1006, 45, -17, -193, 1006, 40;
-50, 258, 9, -1011, 58, -22, -196, 1008, 36;
-42, 267, 17, -934, 152, 26, -165, 1044, 67;
-44, 266, 14, -954, 149, 10, -174, 1039, 57;
-42, 269, 16, -934, 185, 21, -167, 1051, 64;
-42, 271, 16, -925, 209, 23, -164, 1058, 65;
-40, 273, 17, -910, 239, 30, -159, 1067, 69;
-47, 267, 10, -970, 192, -14, -185, 1044, 42;
-40, 276, 18, -895, 280, 31, -156, 1077, 70;
-46, 270, 11, -952, 235, -11, -181, 1055, 43;
-41, 276, 16, -898, 301, 19, -161, 1079, 62;
-47, 271, 9, -952, 258, -22, -185, 1058, 37;
-47, 272, 9, -947, 273, -25, -185, 1061, 35;
-43, 277, 12, -901, 328, -1, -168, 1081, 50;
-38, 282, 17, -850, 388, 26, -149, 1103, 67;
-38, 283, 16, -848, 398, 20, -151, 1104, 63;
-43, 279, 11, -883, 369, -10, -168, 1089, 44;
-38, 284, 15, -831, 428, 16, -149, 1110, 61;
-40, 283, 13, -841, 423, 1, -156, 1105, 51;
-43, 280, 9, -865, 404, -23, -169, 1094, 36;
-33, 290, 18, -768, 504, 32, -132, 1133, 70;
-35, 289, 15, -779, 496, 15, -140, 1127, 60;
-35, 289, 14, -771, 506, 11, -140, 1128, 57;
-38, 286, 11, -790, 489, -11, -151, 1118, 43;
-36, 289, 12, -758, 521, 0, -141, 1129, 50;
-39, 287, 9, -775, 504, -22, -152, 1119, 36;
-39, 287, 8, -769, 509, -29, -153, 1119, 32;
-37, 288, 9, -745, 531, -24, -147, 1126, 35;
-29, 297, 17, -653, 620, 24, -113, 1160, 66;
-32, 294, 12, -676, 594, -2, -127, 1147, 49;
-34, 292, 9, -684, 581, -19, -134, 1139, 38;
-28, 298, 15, -615, 645, 13, -110, 1164, 59;
-28, 298, 14, -605, 650, 7, -110, 1163, 55;
-24, 302, 17, -555, 693, 28, -94, 1179, 68;
-22, 303, 17, -531, 709, 30, -88, 1184, 70;
-30, 296, 9, -590, 642, -21, -117, 1154, 37;
-24, 301, 14, -525, 698, 8, -95, 1175, 55;
-21, 303, 15, -491, 723, 16, -85, 1184, 61;
-23, 301, 13, -492, 711, 2, -91, 1177, 52;
-25, 299, 10, -498, 693, -16, -98, 1168, 40;
-23, 301, 11, -465, 714, -9, -90, 1175, 45;
-20, 303, 13, -427, 740, 1, -79, 1184, 52;
-20, 303, 12, -413, 739, -4, -78, 1182, 48;
-17, 305, 14, -372, 766, 8, -66, 1192, 56;
-20, 301, 9, -395, 728, -22, -81, 1175, 37;
-20, 301, 9, -377, 731, -25, -79, 1175, 35;
-15, 305, 12, -323, 768, -5, -62, 1189, 47;
-9, 310, 17, -249, 825, 28, -36, 1212, 68;
-11, 308, 14, -251, 805, 11, -43, 1203, 57;
-14, 303, 9, -274, 764, -19, -57, 1185, 38;
-11, 306, 12, -226, 792, -4, -43, 1196, 48;
-7, 309, 15, -176, 822, 12, -28, 1207, 59;
-4, 311, 16, -139, 839, 21, -18, 1214, 64;
-4, 310, 15, -126, 831, 14, -18, 1210, 59;
-4, 310, 14, -106, 829, 11, -16, 1209, 57;
-3, 309, 14, -84, 830, 9, -12, 1208, 57;
-8, 303, 7, -122, 769, -32, -33, 1183, 30;
1, 312, 17, -9, 858, 26, 7, 1220, 67;
3, 313, 17, 17, 861, 28, 12, 1221, 68;
3, 312, 16, 33, 853, 22, 13, 1217, 64;
4, 312, 16, 59, 854, 23, 19, 1218, 65;
0, 305, 9, 18, 787, -20, -3, 1190, 38;
7, 312, 16, 109, 852, 23, 28, 1218, 65;
4, 307, 12, 92, 809, -4, 15, 1200, 48;
10, 312, 17, 166, 856, 28, 40, 1220, 68;
5, 306, 11, 131, 794, -10, 20, 1194, 44;
3, 303, 8, 127, 762, -29, 13, 1182, 32;
6, 304, 9, 166, 773, -19, 24, 1187, 38;
13, 310, 15, 245, 824, 16, 51, 1209, 61;
12, 308, 14, 254, 803, 6, 49, 1201, 54;
17, 311, 18, 315, 835, 31, 69, 1215, 70;
18, 310, 17, 336, 826, 29, 72, 1212, 69;
15, 306, 13, 321, 781, 3, 61, 1195, 53;
13, 302, 9, 309, 740, -19, 51, 1179, 38;
13, 301, 9, 328, 728, -22, 53, 1175, 36;
14, 300, 8, 346, 715, -25, 55, 1171, 35;
20, 305, 14, 417, 755, 6, 79, 1189, 54;
16, 299, 8, 391, 698, -25, 64, 1167, 35;
22, 303, 13, 460, 736, 5, 87, 1184, 54;
23, 302, 13, 479, 723, 3, 90, 1180, 53;
21, 299, 11, 479, 691, -10, 85, 1169, 44;
27, 303, 15, 539, 720, 15, 106, 1183, 60;
26, 301, 14, 548, 697, 7, 104, 1175, 55;
27, 300, 13, 563, 680, 3, 106, 1170, 53;
23, 294, 8, 539, 624, -25, 91, 1149, 35;
30, 299, 14, 613, 666, 10, 118, 1168, 57;
26, 294, 9, 588, 609, -19, 103, 1146, 38;
30, 296, 13, 641, 629, 3, 120, 1157, 52;
28, 292, 10, 626, 582, -19, 110, 1140, 39;
31, 293, 11, 662, 586, -7, 121, 1144, 46;
28, 289, 8, 649, 541, -27, 111, 1127, 33;
36, 295, 16, 736, 596, 18, 143, 1153, 62;
37, 294, 15, 749, 577, 16, 145, 1147, 61;
32, 287, 9, 710, 506, -21, 125, 1120, 37;
31, 284, 8, 710, 475, -31, 121, 1110, 31;
39, 291, 16, 801, 534, 18, 155, 1137, 62;
38, 288, 13, 797, 498, 5, 150, 1125, 54;
34, 282, 8, 763, 433, -26, 133, 1101, 34;
36, 282, 10, 790, 429, -17, 141, 1102, 39;
36, 281, 10, 802, 411, -18, 143, 1097, 39;
40, 283, 12, 841, 419, -1, 156, 1104, 50;
38, 279, 10, 828, 376, -18, 148, 1089, 39;
46, 285, 17, 911, 429, 29, 180, 1114, 69;
45, 283, 16, 910, 398, 20, 176, 1104, 63;
37, 273, 8, 844, 303, -30, 147, 1067, 32;
45, 280, 15, 925, 355, 16, 178, 1092, 61;
41, 274, 10, 889, 290, -13, 161, 1068, 42;
40, 271, 9, 881, 255, -24, 156, 1057, 35;
49, 278, 17, 971, 316, 29, 191, 1086, 69;
43, 271, 11, 921, 239, -9, 168, 1057, 45;
42, 268, 10, 918, 209, -16, 165, 1048, 40;
47, 272, 15, 969, 233, 12, 185, 1061, 59;
43, 266, 10, 933, 171, -15, 168, 1038, 41;
51, 272, 18, 1009, 221, 31, 199, 1063, 70;
48, 268, 15, 986, 174, 13, 188, 1046, 59;
47, 265, 13, 976, 139, 4, 183, 1035, 53;
49, 266, 15, 999, 138, 17, 192, 1038, 61;
47, 263, 13, 984, 99, 4, 185, 1025, 53;
49, 263, 15, 1002, 95, 15, 192, 1027, 60;
50, 263, 17, 1018, 88, 24, 198, 1028, 66;
51, 262, 17, 1023, 71, 27, 200, 1024, 67;
49, 259, 15, 1003, 30, 13, 191, 1010, 59;
51, 260, 17, 1024, 30, 27, 200, 1014, 68;
48, 255, 14, 992, -21, 6, 187, 996, 54;
49, 255, 15, 1007, -25, 17, 193, 997, 61;
46, 251, 13, 979, -72, 0, 182, 981, 50;
46, 250, 13, 979, -90, 1, 183, 977, 51;
51, 253, 17, 1018, -68, 29, 200, 990, 69;
42, 243, 8, 930, -173, -26, 164, 950, 34;
50, 250, 17, 1003, -115, 25, 195, 977, 66;
41, 241, 9, 923, -211, -25, 163, 941, 35;
44, 243, 12, 948, -201, -4, 175, 948, 47;
43, 240, 10, 929, -234, -13, 168, 938, 42;
48, 244, 16, 975, -201, 21, 189, 955, 64;
45, 240, 13, 938, -250, 1, 175, 938, 52;
46, 241, 15, 950, -249, 15, 182, 941, 60;
48, 242, 17, 961, -249, 28, 188, 944, 68;
48, 241, 18, 957, -263, 31, 189, 942, 70;
42, 234, 12, 894, -336, -4, 165, 915, 48;
45, 237, 16, 917, -321, 18, 177, 924, 62;
41, 232, 12, 878, -368, 0, 163, 908, 50;
46, 236, 18, 915, -338, 31, 181, 923, 70;
36, 226, 8, 812, -447, -28, 141, 881, 32;
43, 232, 16, 872, -392, 19, 169, 907, 63;
37, 226, 10, 810, -458, -13, 146, 882, 42;
37, 225, 11, 799, -473, -11, 145, 879, 43;
35, 223, 10, 776, -499, -17, 139, 871, 40;
36, 223, 11, 775, -503, -8, 141, 872, 45;
38, 225, 14, 787, -492, 9, 150, 879, 56;
31, 218, 8, 713, -567, -29, 122, 851, 32;
32, 218, 9, 710, -569, -20, 125, 853, 38;
37, 224, 16, 756, -522, 20, 148, 875, 63;
38, 224, 17, 752, -524, 29, 150, 876, 69;
31, 217, 11, 673, -600, -11, 121, 847, 43;
33, 219, 13, 681, -589, 5, 129, 854, 54;
26, 212, 7, 606, -659, -32, 102, 827, 30;
32, 218, 14, 654, -606, 12, 126, 852, 58;
31, 217, 14, 635, -620, 11, 122, 848, 58;
23, 209, 7, 549, -699, -32, 91, 818, 30;
30, 217, 16, 608, -632, 20, 120, 847, 63;
31, 218, 17, 602, -630, 29, 122, 850, 69;
22, 208, 9, 503, -720, -22, 86, 815, 36;
22, 210, 11, 498, -715, -11, 89, 819, 43;
24, 211, 13, 501, -702, 3, 94, 826, 53;
24, 212, 14, 489, -703, 10, 94, 827, 57;
19, 208, 11, 433, -746, -12, 76, 811, 43;
17, 206, 10, 404, -762, -16, 69, 806, 40;
24, 213, 17, 453, -700, 30, 94, 833, 69;
13, 203, 8, 338, -801, -31, 52, 792, 31;
18, 209, 14, 374, -749, 8, 72, 815, 56;
20, 211, 17, 377, -730, 25, 79, 824, 67;
13, 205, 11, 301, -790, -9, 52, 800, 44;
11, 204, 10, 269, -805, -15, 44, 795, 41;
10, 204, 11, 249, -807, -12, 42, 795, 43;
14, 209, 16, 274, -763, 20, 58, 815, 63;
11, 206, 14, 233, -786, 8, 46, 806, 56;
13, 208, 16, 231, -768, 23, 51, 814, 65;
3, 199, 8, 124, -854, -31, 12, 779, 31;
2, 200, 8, 106, -851, -27, 10, 781, 33;
10, 209, 17, 165, -770, 28, 40, 815, 68;
7, 207, 15, 125, -788, 18, 29, 808, 62;
4, 204, 13, 80, -811, 4, 16, 799, 53;
3, 205, 14, 58, -809, 6, 13, 800, 54;
0, 203, 12, 21, -822, -2, 3, 794, 49;
1, 205, 14, 16, -803, 10, 6, 802, 57;
-5, 199, 8, -69, -863, -29, -22, 777, 32;
0, 207, 16, -21, -790, 18, 2, 808, 62;
-3, 204, 13, -71, -814, 1, -12, 797, 52;
-5, 203, 12, -105, -822, -4, -21, 794, 48;
-3, 207, 15, -99, -789, 16, -13, 807, 60;
-4, 207, 15, -123, -786, 16, -17, 808, 61;
-12, 200, 8, -212, -846, -26, -48, 782, 34;
-5, 209, 17, -157, -763, 26, -20, 816, 67;
-12, 203, 11, -238, -816, -12, -48, 793, 43;
-15, 201, 9, -281, -831, -24, -61, 787, 35;
-17, 201, 8, -315, -835, -31, -69, 784, 31;
-12, 207, 14, -280, -770, 7, -49, 810, 55;
-18, 203, 9, -346, -806, -20, -71, 794, 38;
-20, 203, 8, -377, -808, -25, -79, 792, 34;
-17, 208, 13, -359, -759, 1, -66, 811, 52;
-16, 210, 15, -364, -733, 13, -63, 821, 59;
-16, 212, 16, -376, -715, 20, -63, 827, 63;
-17, 212, 16, -402, -709, 18, -68, 828, 62;
-24, 207, 10, -479, -755, -18, -95, 807, 39;
-21, 212, 14, -459, -703, 9, -82, 827, 57;
-22, 212, 14, -483, -696, 7, -87, 828, 55;
-29, 207, 8, -559, -740, -28, -114, 808, 33;
-27, 210, 11, -554, -703, -11, -107, 822, 43;
-25, 214, 13, -549, -666, 5, -100, 835, 54;
-30, 211, 10, -603, -688, -17, -118, 824, 40;
-30, 212, 10, -617, -670, -13, -119, 829, 42;
-34, 211, 8, -660, -680, -28, -132, 823, 33;
-35, 211, 8, -683, -671, -31, -138, 825, 31;
-31, 217, 12, -658, -615, -2, -123, 846, 49;
-28, 222, 17, -633, -558, 26, -109, 867, 67;
-33, 219, 13, -690, -582, 0, -128, 855, 51;
-32, 221, 14, -697, -557, 7, -127, 863, 55;
-33, 222, 14, -710, -538, 9, -129, 868, 57;
-38, 218, 9, -773, -569, -21, -151, 852, 37;
-38, 220, 10, -777, -542, -13, -149, 861, 42;
-33, 227, 16, -741, -474, 21, -130, 887, 64;
-37, 225, 12, -789, -491, 0, -147, 877, 50;
-40, 223, 10, -826, -496, -15, -159, 872, 41;
-42, 223, 9, -851, -490, -22, -166, 872, 36;
-42, 225, 9, -860, -468, -19, -167, 878, 38;
-45, 224, 8, -888, -466, -30, -176, 876, 32;
-41, 230, 12, -861, -409, -3, -161, 897, 48;
-45, 227, 8, -908, -426, -27, -178, 886, 33;
-41, 233, 13, -871, -359, 5, -160, 911, 54;
-47, 229, 8, -932, -391, -28, -183, 895, 33;
-40, 237, 15, -877, -307, 15, -158, 927, 60;
-47, 232, 9, -947, -348, -24, -185, 907, 35;
-48, 233, 8, -959, -332, -26, -188, 910, 34;
-47, 236, 10, -954, -299, -17, -184, 921, 39;
-41, 243, 15, -909, -227, 17, -163, 947, 61;
-45, 240, 12, -949, -239, -4, -178, 939, 48;
-48, 239, 9, -981, -245, -21, -190, 933, 37;
-49, 240, 9, -991, -229, -23, -192, 937, 36;
-50, 240, 8, -1008, -220, -31, -198, 937, 31;
-51, 241, 8, -1013, -200, -31, -199, 942, 31;
-47, 246, 11, -984, -147, -9, -186, 961, 45;
-47, 248, 12, -981, -120, -4, -184, 968, 47;
-43, 253, 15, -950, -66, 17, -171, 987, 61;
-44, 253, 15, -960, -52, 12, -174, 990, 59;
-49, 250, 10, -1007, -77, -17, -193, 976, 40;
-45, 255, 14, -973, -21, 6, -179, 996, 55;
-47, 255, 12, -989, -16, -4, -186, 994, 48;
-51, 252, 8, -1028, -35, -30, -202, 983, 32;
-50, 255, 9, -1013, 0, -20, -196, 994, 38;
-50, 256, 9, -1012, 20, -20, -195, 999, 38;
-43, 264, 16, -949, 101, 19, -170, 1030, 63;
-43, 265, 15, -950, 119, 17, -171, 1033, 61;
-46, 264, 13, -968, 118, 3, -179, 1030, 53;
-43, 268, 16, -939, 164, 20, -168, 1046, 63;
-49, 263, 10, -992, 127, -17, -191, 1027, 39;
-50, 262, 8, -1004, 130, -29, -197, 1025, 32;
-46, 267, 12, -965, 184, -6, -182, 1044, 46;
-46, 269, 12, -958, 204, -6, -180, 1049, 47;
-45, 270, 12, -945, 230, -2, -177, 1056, 49;
-42, 274, 14, -917, 271, 12, -167, 1070, 58;
-42, 275, 14, -912, 287, 9, -166, 1074, 57;
-44, 274, 12, -923, 287, -2, -173, 1070, 49;
-39, 280, 17, -872, 348, 24, -154, 1092, 66;
-39, 281, 16, -866, 364, 22, -153, 1096, 64;
-46, 275, 9, -924, 314, -22, -180, 1072, 36;
-41, 280, 14, -870, 376, 5, -160, 1095, 54;
-41, 281, 13, -863, 390, 3, -160, 1097, 52;
-42, 280, 11, -873, 386, -11, -166, 1093, 43;
-38, 284, 14, -830, 434, 8, -151, 1110, 56;
-37, 286, 15, -807, 462, 15, -145, 1118, 60;
-40, 284, 11, -830, 442, -8, -157, 1107, 45;
-39, 285, 11, -816, 460, -8, -155, 1112, 45;
-40, 284, 9, -818, 459, -20, -159, 1109, 38;
-34, 290, 15, -753, 525, 13, -136, 1134, 59;
-39, 286, 9, -790, 489, -21, -155, 1116, 37;
-38, 287, 9, -772, 507, -20, -150, 1121, 38;
-38, 288, 9, -759, 519, -22, -149, 1123, 37;
-38, 288, 8, -752, 524, -29, -150, 1123, 32;
-37, 289, 8, -732, 541, -27, -146, 1127, 33;
-29, 296, 15, -652, 618, 14, -116, 1157, 59;
-32, 294, 12, -662, 604, -4, -125, 1149, 47;
-32, 294, 11, -652, 608, -10, -125, 1148, 44;
-24, 301, 17, -574, 681, 28, -97, 1176, 68;
-25, 300, 16, -569, 679, 19, -99, 1173, 62;
-28, 298, 12, -581, 659, -2, -109, 1163, 49;
-31, 295, 8, -599, 633, -27, -121, 1150, 33;
-30, 295, 8, -583, 639, -31, -119, 1151, 31;
-26, 299, 11, -530, 683, -9, -102, 1167, 45;
-18, 306, 18, -446, 756, 32, -72, 1196, 71;
-18, 306, 16, -437, 754, 24, -73, 1193, 66;
-25, 299, 9, -487, 692, -23, -99, 1166, 36;
-19, 304, 14, -420, 746, 6, -76, 1187, 54;
-16, 306, 15, -381, 771, 17, -65, 1196, 61;
-13, 309, 18, -337, 801, 31, -52, 1207, 70;
-14, 308, 16, -332, 791, 19, -55, 1201, 63;
-13, 308, 15, -313, 795, 17, -52, 1201, 61;
-14, 306, 13, -308, 783, 4, -55, 1196, 54;
-15, 305, 11, -302, 772, -6, -58, 1190, 46;
-16, 302, 9, -303, 753, -23, -64, 1181, 36;
-11, 307, 13, -243, 795, 0, -45, 1197, 51;
-13, 303, 9, -252, 766, -21, -54, 1185, 37;
-6, 310, 15, -170, 828, 16, -26, 1210, 61;
-11, 304, 10, -199, 779, -18, -43, 1189, 39;
-2, 312, 17, -103, 855, 29, -9, 1220, 69;
-10, 303, 8, -168, 767, -30, -41, 1183, 32;
-9, 303, 8, -144, 770, -30, -37, 1184, 32;
-4, 307, 12, -81, 810, -4, -16, 1200, 48;
-5, 305, 10, -74, 793, -16, -19, 1193, 40;
0, 310, 15, -4, 839, 13, 3, 1211, 59;
3, 312, 16, 35, 855, 23, 14, 1218, 65;
1, 308, 13, 27, 822, 2, 5, 1205, 52;
4, 310, 15, 67, 836, 12, 16, 1211, 58;
-1, 303, 8, 29, 772, -29, -4, 1184, 32;
5, 308, 13, 104, 820, 3, 20, 1205, 53;
3, 305, 10, 99, 789, -15, 13, 1192, 41;
7, 308, 13, 154, 816, 4, 30, 1204, 53;
7, 307, 12, 167, 802, -3, 30, 1198, 49;
10, 308, 13, 204, 810, 5, 39, 1203, 54;
13, 310, 16, 248, 826, 18, 52, 1210, 62;
15, 310, 16, 276, 826, 21, 59, 1210, 64;
10, 304, 10, 247, 767, -14, 41, 1187, 42;
16, 308, 15, 312, 802, 13, 62, 1202, 59;
15, 306, 13, 324, 784, 5, 62, 1196, 54;
14, 304, 11, 326, 756, -8, 58, 1186, 45;
14, 302, 10, 337, 737, -16, 57, 1179, 40;
19, 305, 14, 397, 767, 8, 77, 1192, 56;
14, 298, 7, 358, 697, -32, 55, 1165, 30;
19, 302, 11, 417, 724, -8, 75, 1178, 45;
17, 298, 9, 415, 691, -24, 69, 1165, 35;
20, 299, 10, 449, 693, -16, 78, 1168, 40;
20, 298, 9, 466, 678, -19, 80, 1163, 38;
26, 302, 15, 535, 716, 12, 104, 1181, 58;
25, 299, 12, 534, 683, -1, 99, 1169, 49;
26, 299, 13, 557, 674, 0, 103, 1167, 50;
28, 299, 14, 587, 672, 6, 111, 1168, 54;
27, 296, 11, 585, 638, -8, 106, 1156, 45;
27, 294, 10, 594, 614, -15, 105, 1149, 41;
31, 296, 13, 642, 630, 3, 121, 1157, 53;
27, 291, 9, 622, 578, -21, 108, 1138, 37;
29, 291, 9, 644, 568, -19, 113, 1136, 38;
32, 293, 12, 686, 578, -3, 127, 1143, 49;
34, 293, 13, 715, 575, 4, 135, 1144, 53;
37, 294, 16, 755, 583, 20, 147, 1150, 63;
33, 288, 11, 722, 518, -12, 130, 1125, 42;
38, 292, 15, 782, 547, 16, 151, 1140, 61;
33, 285, 9, 738, 471, -23, 129, 1111, 36;
41, 291, 16, 825, 526, 24, 162, 1137, 66;
42, 290, 16, 839, 510, 24, 165, 1133, 66;
39, 285, 13, 821, 460, 2, 154, 1115, 52;
44, 289, 17, 875, 483, 29, 173, 1127, 69;
40, 283, 13, 845, 423, 1, 158, 1105, 51;
39, 280, 11, 839, 387, -10, 152, 1093, 44;
39, 279, 11, 849, 367, -11, 154, 1088, 43;
38, 275, 9, 841, 329, -25, 148, 1075, 35;
45, 281, 16, 919, 378, 19, 178, 1099, 63;
39, 273, 9, 862, 292, -25, 152, 1066, 35;
44, 276, 13, 914, 315, 3, 171, 1079, 52;
49, 280, 18, 966, 339, 31, 191, 1092, 70;
43, 273, 12, 922, 267, -3, 170, 1065, 48;
46, 274, 15, 955, 273, 13, 182, 1071, 59;
48, 274, 16, 970, 261, 18, 187, 1069, 62;
41, 266, 9, 916, 180, -21, 163, 1039, 37;
49, 272, 17, 993, 232, 25, 194, 1064, 66;
50, 271, 17, 1003, 216, 28, 196, 1060, 68;
44, 264, 11, 948, 135, -12, 172, 1030, 43;
41, 260, 8, 925, 88, -29, 162, 1014, 32;
48, 265, 14, 988, 126, 9, 187, 1033, 56;
47, 263, 13, 984, 99, 4, 185, 1025, 53;
44, 259, 11, 961, 54, -11, 175, 1010, 43;
45, 258, 11, 969, 39, -7, 178, 1007, 46;
46, 257, 12, 977, 25, -3, 181, 1005, 48;
42, 252, 8, 943, -30, -26, 166, 985, 34;
48, 256, 14, 993, 0, 6, 187, 1001, 54;
44, 252, 10, 960, -53, -14, 174, 983, 41;
41, 248, 8, 934, -98, -31, 163, 967, 31;
52, 257, 18, 1028, -23, 32, 203, 1002, 71;
50, 254, 16, 1011, -57, 23, 196, 991, 65;
43, 245, 9, 943, -143, -20, 169, 959, 38;
47, 248, 13, 977, -126, 4, 183, 969, 53;
45, 246, 12, 962, -157, -2, 178, 960, 49;
43, 242, 10, 935, -199, -17, 168, 945, 40;
50, 249, 18, 1003, -146, 31, 198, 971, 70;
47, 244, 14, 967, -196, 11, 184, 954, 58;
47, 243, 15, 964, -212, 14, 184, 950, 59;
45, 241, 14, 947, -241, 7, 179, 941, 55;
40, 235, 9, 890, -310, -24, 157, 916, 35;
45, 239, 14, 930, -280, 7, 176, 932, 55;
42, 235, 11, 896, -324, -9, 164, 916, 45;
41, 233, 11, 881, -348, -12, 160, 910, 43;
41, 232, 11, 875, -363, -9, 160, 907, 45;
45, 235, 16, 907, -339, 18, 175, 920, 62;
37, 228, 9, 833, -419, -22, 147, 889, 36;
37, 226, 9, 820, -439, -23, 144, 884, 36;
43, 232, 16, 871, -394, 18, 168, 906, 62;
35, 224, 9, 792, -477, -25, 139, 874, 35;
35, 223, 9, 784, -489, -21, 138, 872, 37;
36, 224, 11, 785, -491, -11, 142, 874, 43;
38, 226, 14, 799, -478, 7, 151, 882, 55;
36, 224, 13, 773, -506, 0, 144, 873, 50;
35, 221, 11, 746, -533, -7, 136, 865, 46;
36, 223, 14, 755, -524, 8, 143, 871, 56;
35, 221, 13, 729, -549, 2, 137, 864, 52;
32, 218, 11, 696, -580, -8, 127, 853, 45;
27, 214, 7, 642, -632, -32, 108, 834, 30;
27, 213, 8, 626, -644, -31, 106, 831, 31;
31, 217, 12, 653, -613, -1, 121, 847, 50;
29, 215, 12, 630, -630, -3, 116, 842, 48;
27, 213, 10, 597, -657, -13, 106, 833, 42;
31, 217, 15, 621, -627, 15, 121, 847, 60;
22, 209, 8, 533, -707, -29, 89, 816, 32;
21, 208, 8, 513, -719, -29, 85, 813, 32;
30, 217, 17, 580, -643, 28, 118, 847, 68;
24, 211, 12, 512, -701, -2, 94, 824, 49;
21, 208, 10, 470, -732, -16, 82, 813, 40;
22, 210, 12, 470, -721, -2, 87, 820, 49;
17, 205, 8, 413, -766, -25, 68, 802, 34;
22, 211, 15, 452, -714, 15, 89, 826, 60;
20, 210, 14, 419, -733, 8, 81, 819, 56;
20, 210, 15, 408, -731, 15, 81, 821, 60;
15, 205, 10, 341, -782, -13, 59, 802, 42;
17, 208, 14, 354, -754, 10, 69, 814, 57;
15, 207, 13, 322, -769, 4, 61, 809, 53;
18, 211, 18, 338, -736, 30, 73, 824, 70;
8, 202, 8, 230, -826, -25, 34, 787, 35;
6, 200, 8, 197, -841, -31, 26, 783, 31;
9, 204, 12, 214, -804, -3, 38, 798, 48;
8, 203, 11, 184, -815, -8, 31, 795, 45;
11, 208, 16, 203, -775, 21, 45, 812, 64;
3, 201, 9, 117, -840, -20, 15, 785, 38;
1, 200, 9, 85, -851, -25, 7, 781, 35;
2, 202, 10, 78, -836, -13, 9, 788, 42;
0, 200, 9, 39, -852, -23, 0, 782, 36;
4, 206, 14, 67, -800, 11, 16, 803, 58;
0, 202, 11, 8, -836, -11, -2, 789, 44;
-4, 200, 8, -38, -858, -25, -16, 780, 34;
0, 205, 14, -11, -806, 8, 0, 801, 56;
-3, 202, 11, -62, -831, -8, -14, 791, 45;
-8, 199, 7, -122, -865, -32, -33, 776, 30;
-1, 207, 16, -70, -786, 19, -6, 809, 62;
-5, 204, 13, -119, -809, 2, -21, 799, 52;
-7, 204, 12, -149, -811, 0, -28, 797, 50;
-6, 206, 14, -156, -791, 10, -25, 805, 57;
-11, 202, 10, -220, -827, -16, -46, 790, 41;
-10, 205, 13, -220, -798, 0, -41, 801, 51;
-16, 200, 8, -290, -840, -30, -64, 783, 31;
-13, 205, 12, -270, -790, -1, -50, 803, 50;
-9, 210, 17, -250, -740, 28, -37, 822, 68;
-10, 211, 18, -268, -728, 31, -39, 826, 70;
-15, 208, 14, -329, -759, 6, -59, 812, 55;
-15, 209, 14, -345, -745, 10, -60, 817, 57;
-22, 204, 8, -424, -794, -26, -88, 795, 34;
-18, 209, 13, -401, -739, 4, -73, 817, 53;
-19, 210, 13, -421, -728, 5, -76, 820, 54;
-21, 210, 13, -450, -725, 1, -83, 819, 51;
-22, 210, 12, -475, -720, -1, -89, 820, 50;
-28, 206, 8, -541, -754, -30, -111, 804, 31;
-24, 211, 12, -519, -700, -1, -97, 825, 49;
-21, 216, 17, -500, -649, 24, -84, 844, 66;
-28, 211, 11, -572, -689, -9, -109, 826, 45;
-32, 209, 8, -619, -704, -27, -125, 817, 33;
-33, 209, 7, -646, -699, -32, -131, 818, 30;
-28, 216, 14, -607, -628, 6, -111, 845, 55;
-29, 217, 13, -630, -619, 3, -116, 846, 53;
-28, 220, 16, -624, -580, 20, -109, 860, 63;
-31, 218, 13, -670, -594, 1, -124, 852, 52;
-34, 217, 11, -704, -596, -8, -134, 849, 45;
-33, 220, 13, -706, -566, 1, -131, 859, 51;
-36, 219, 11, -742, -570, -11, -142, 855, 43;
-36, 221, 12, -749, -545, -4, -141, 863, 47;
-33, 226, 16, -727, -491, 20, -128, 882, 63;
-36, 224, 13, -771, -504, 1, -143, 874, 51;
-41, 221, 9, -826, -528, -25, -162, 862, 35;
-40, 223, 10, -823, -494, -13, -158, 873, 42;
-42, 224, 9, -846, -486, -19, -164, 874, 38;
-38, 229, 14, -819, -428, 7, -150, 895, 55;
-36, 233, 16, -809, -388, 22, -143, 908, 64;
-36, 235, 17, -814, -362, 27, -142, 916, 68;
-38, 234, 15, -842, -360, 16, -151, 914, 61;
-44, 230, 10, -898, -387, -13, -172, 900, 42;
-41, 235, 14, -878, -337, 7, -161, 917, 55;
-47, 231, 9, -937, -367, -24, -183, 902, 35;
-42, 237, 14, -898, -299, 7, -164, 927, 55;
-40, 240, 16, -889, -262, 19, -159, 939, 63;
-46, 236, 10, -948, -294, -14, -181, 923, 42;
-43, 241, 13, -926, -244, 5, -170, 940, 54;
-48, 238, 10, -970, -261, -18, -187, 930, 39;
-49, 238, 8, -988, -252, -26, -193, 930, 34;
-40, 249, 18, -908, -146, 31, -158, 971, 70;
-47, 243, 11, -978, -191, -11, -186, 949, 43;
-46, 246, 12, -971, -159, -3, -182, 959, 48;
-42, 251, 16, -937, -100, 22, -167, 980, 64;
-43, 252, 16, -946, -84, 18, -170, 983, 62;
-43, 253, 15, -951, -66, 17, -171, 987, 61;
-47, 251, 12, -983, -75, -2, -184, 980, 49;
-47, 252, 12, -985, -55, -2, -184, 985, 49;
-45, 255, 14, -972, -20, 6, -179, 996, 55;
-43, 259, 16, -949, 23, 22, -169, 1011, 65;
-44, 259, 15, -960, 33, 15, -173, 1012, 60;
-41, 263, 18, -935, 78, 31, -163, 1027, 70;
-51, 255, 8, -1022, 10, -27, -200, 995, 34;
-49, 258, 10, -1000, 51, -13, -191, 1009, 42;
-44, 264, 15, -955, 114, 14, -173, 1032, 60;
-41, 268, 17, -929, 158, 30, -163, 1046, 69;
-47, 264, 12, -977, 126, -4, -183, 1030, 48;
-41, 270, 17, -925, 194, 27, -163, 1055, 67;
-45, 268, 13, -953, 181, 5, -175, 1046, 54;
-42, 271, 16, -926, 223, 19, -166, 1060, 63;
-47, 268, 11, -967, 195, -11, -184, 1045, 43;
-44, 272, 14, -933, 242, 6, -172, 1061, 54;
-42, 274, 15, -913, 275, 14, -165, 1072, 60;
-43, 274, 14, -917, 283, 6, -168, 1072, 55;
-43, 275, 13, -913, 297, 3, -169, 1075, 53;
-46, 272, 9, -940, 280, -20, -182, 1064, 38;
-46, 274, 9, -930, 299, -20, -180, 1069, 38;
-39, 281, 15, -864, 374, 16, -155, 1097, 61;
-47, 274, 7, -927, 319, -32, -184, 1071, 30;
-42, 279, 11, -879, 374, -7, -166, 1091, 46;
-36, 286, 17, -812, 447, 29, -141, 1118, 69;
-36, 287, 17, -803, 461, 26, -140, 1121, 67;
-34, 289, 18, -781, 488, 32, -134, 1129, 71;
-41, 283, 11, -835, 437, -12, -160, 1105, 43;
-37, 287, 13, -797, 479, 3, -147, 1120, 53;
-35, 289, 15, -769, 509, 12, -139, 1129, 58;
-40, 285, 9, -807, 472, -22, -158, 1111, 36;
-40, 285, 8, -798, 481, -27, -158, 1113, 34;
-34, 291, 14, -730, 549, 7, -133, 1138, 55;
-32, 294, 15, -701, 577, 15, -125, 1147, 60;
-37, 289, 9, -740, 536, -21, -145, 1128, 37;
-33, 293, 12, -692, 581, 0, -129, 1144, 50;
-34, 292, 10, -696, 574, -15, -135, 1138, 41;
-27, 299, 16, -620, 646, 23, -107, 1166, 65;
-31, 295, 11, -647, 614, -7, -123, 1151, 46;
-32, 294, 10, -645, 610, -18, -126, 1147, 39;
-31, 294, 9, -627, 621, -19, -123, 1149, 38;
-25, 301, 15, -553, 687, 16, -97, 1175, 61;
-23, 302, 15, -532, 700, 16, -93, 1178, 61;
-26, 299, 12, -546, 677, -6, -104, 1166, 47;
-19, 305, 18, -469, 744, 31, -76, 1192, 70;
-26, 299, 10, -518, 685, -15, -101, 1166, 41;
-18, 306, 17, -436, 755, 24, -73, 1194, 66;
-23, 300, 10, -472, 707, -13, -92, 1172, 42;
-17, 306, 16, -402, 764, 18, -68, 1194, 62;
-16, 307, 16, -378, 774, 19, -64, 1197, 62;
-17, 305, 14, -376, 763, 5, -68, 1191, 54;
-21, 300, 8, -401, 722, -26, -83, 1173, 34;
-13, 308, 16, -308, 799, 20, -50, 1203, 63;
-18, 302, 10, -343, 748, -18, -70, 1181, 39;
-19, 301, 7, -341, 733, -32, -74, 1174, 30;
-9, 310, 16, -237, 819, 20, -37, 1209, 63;
-7, 311, 17, -205, 833, 26, -29, 1213, 67;
-8, 309, 15, -199, 819, 13, -32, 1207, 59;
-5, 311, 16, -164, 835, 21, -23, 1213, 64;
-6, 309, 14, -159, 820, 8, -26, 1206, 56;
-4, 310, 15, -124, 833, 15, -18, 1211, 60;
-6, 307, 12, -126, 810, -1, -24, 1201, 49;
-5, 307, 12, -107, 806, -5, -22, 1199, 47;
-3, 308, 12, -74, 816, 0, -14, 1202, 50;
-6, 304, 8, -92, 775, -28, -26, 1185, 33;
0, 309, 13, -21, 822, 2, -3, 1205, 52;
4, 312, 17, 37, 857, 25, 15, 1219, 66;
0, 308, 12, 21, 816, -2, 3, 1202, 49;
0, 306, 10, 28, 797, -13, 0, 1195, 42;
2, 307, 12, 67, 810, -4, 11, 1200, 48;
8, 312, 16, 135, 852, 24, 33, 1218, 66;
7, 310, 15, 142, 832, 12, 30, 1210, 58;
5, 306, 11, 132, 795, -9, 21, 1195, 44;
5, 304, 10, 143, 778, -18, 20, 1188, 39;
10, 308, 13, 203, 810, 4, 39, 1202, 53;
9, 306, 12, 211, 789, -5, 37, 1194, 47;
12, 307, 13, 249, 798, 3, 47, 1199, 53;
13, 307, 14, 279, 799, 7, 54, 1200, 55;
16, 308, 15, 314, 804, 14, 63, 1203, 60;
15, 306, 13, 318, 779, 1, 60, 1194, 52;
12, 301, 9, 302, 733, -24, 48, 1176, 35;
17, 304, 12, 359, 759, -1, 66, 1188, 49;
13, 299, 8, 339, 709, -30, 53, 1168, 32;
16, 301, 10, 381, 719, -17, 65, 1174, 40;
22, 305, 14, 446, 753, 10, 86, 1190, 57;
19, 300, 10, 428, 703, -15, 74, 1171, 41;
25, 304, 15, 498, 743, 16, 98, 1188, 61;
21, 299, 11, 478, 691, -10, 85, 1169, 44;
24, 301, 13, 518, 698, 0, 96, 1174, 51;
23, 297, 10, 514, 663, -15, 90, 1161, 41;
24, 297, 10, 538, 655, -13, 95, 1159, 42;
29, 300, 15, 598, 682, 13, 116, 1173, 59;
31, 300, 15, 622, 674, 16, 121, 1171, 60;
26, 293, 9, 586, 607, -20, 102, 1146, 38;
28, 294, 11, 619, 607, -11, 111, 1148, 43;
32, 296, 13, 662, 618, 5, 125, 1155, 54;
34, 296, 15, 691, 616, 12, 133, 1156, 58;
34, 294, 14, 703, 595, 8, 134, 1150, 56;
29, 288, 8, 669, 529, -26, 115, 1125, 34;
34, 291, 12, 724, 552, 0, 134, 1137, 50;
35, 290, 13, 741, 537, 0, 138, 1133, 50;
39, 292, 16, 787, 551, 19, 153, 1142, 63;
36, 288, 13, 772, 505, 0, 144, 1125, 50;
38, 287, 13, 791, 492, 1, 148, 1123, 52;
40, 288, 15, 824, 494, 14, 158, 1126, 59;
36, 283, 10, 797, 436, -13, 144, 1105, 42;
36, 281, 10, 803, 412, -17, 143, 1098, 39;
39, 282, 12, 839, 417, -2, 155, 1103, 49;
43, 284, 15, 880, 428, 16, 169, 1110, 61;
41, 280, 12, 863, 381, -3, 159, 1094, 49;
39, 277, 10, 852, 340, -17, 152, 1080, 39;
38, 274, 9, 854, 313, -23, 151, 1072, 36;
45, 279, 15, 919, 349, 12, 175, 1090, 58;
38, 271, 8, 866, 268, -28, 151, 1059, 33;
41, 272, 10, 899, 272, -13, 163, 1064, 42;
44, 273, 12, 924, 269, -1, 171, 1066, 49;
48, 275, 16, 967, 285, 21, 187, 1076, 64;
44, 270, 12, 935, 225, -5, 172, 1054, 47;
48, 272, 15, 975, 240, 17, 188, 1064, 61;
45, 268, 13, 956, 194, 0, 178, 1048, 51;
46, 267, 13, 964, 177, 2, 180, 1044, 52;
48, 268, 15, 992, 179, 17, 191, 1048, 61;
42, 261, 9, 933, 96, -24, 165, 1017, 35;
44, 261, 11, 956, 95, -11, 174, 1020, 43;
42, 258, 9, 939, 54, -25, 166, 1007, 35;
50, 264, 16, 1011, 103, 21, 195, 1030, 64;
51, 264, 17, 1025, 94, 28, 201, 1030, 68;
46, 258, 13, 982, 30, 0, 183, 1007, 50;
49, 259, 15, 1004, 31, 14, 192, 1011, 59;
46, 255, 12, 978, -15, -3, 181, 995, 48;
43, 250, 9, 946, -67, -24, 168, 977, 35;
42, 248, 8, 940, -92, -27, 165, 970, 33;
50, 255, 17, 1017, -33, 25, 198, 997, 66;
48, 252, 15, 998, -71, 13, 191, 985, 59;
47, 249, 13, 978, -108, 2, 183, 973, 52;
44, 245, 10, 950, -152, -13, 172, 958, 42;
50, 250, 17, 1005, -114, 25, 196, 977, 67;
45, 244, 12, 956, -178, -2, 177, 954, 49;
42, 240, 9, 922, -226, -21, 164, 938, 37;
43, 240, 10, 926, -236, -15, 167, 937, 41;
49, 246, 17, 986, -190, 28, 193, 959, 68;
43, 238, 11, 923, -265, -8, 169, 931, 45;
43, 238, 12, 921, -278, -3, 170, 929, 48;
48, 242, 18, 965, -245, 30, 190, 946, 70;
47, 241, 17, 951, -269, 27, 187, 939, 68;
39, 231, 9, 867, -363, -21, 154, 904, 37;
40, 232, 11, 873, -365, -10, 159, 906, 44;
42, 233, 13, 882, -364, 2, 165, 909, 52;
37, 227, 8, 826, -427, -27, 144, 886, 33;
41, 230, 13, 858, -401, 1, 160, 900, 51;
38, 227, 11, 825, -439, -11, 149, 887, 43;
37, 226, 10, 809, -460, -14, 146, 881, 42;
43, 232, 17, 861, -412, 29, 170, 904, 69;
37, 225, 12, 793, -482, -6, 146, 878, 47;
35, 223, 11, 770, -508, -12, 139, 870, 43;
41, 228, 17, 818, -461, 29, 162, 892, 69;
38, 225, 15, 776, -504, 12, 148, 877, 58;
33, 220, 11, 723, -556, -12, 130, 858, 43;
32, 218, 10, 701, -577, -15, 125, 852, 41;
38, 225, 18, 755, -521, 31, 151, 878, 70;
37, 223, 17, 732, -542, 27, 145, 871, 67;
28, 214, 9, 642, -628, -20, 112, 838, 38;
26, 212, 8, 609, -656, -30, 103, 829, 32;
29, 215, 11, 624, -636, -7, 113, 839, 46;
30, 216, 13, 625, -630, 5, 118, 844, 54;
31, 218, 16, 627, -621, 19, 123, 850, 63;
27, 213, 12, 572, -668, -3, 105, 832, 48;
30, 217, 17, 597, -635, 26, 120, 848, 67;
24, 211, 11, 525, -698, -8, 95, 824, 45;
24, 212, 13, 518, -696, 0, 96, 827, 51;
27, 215, 17, 535, -668, 26, 108, 840, 67;
23, 211, 14, 484, -707, 7, 92, 825, 55;
23, 211, 15, 470, -709, 12, 92, 826, 58;
17, 206, 9, 400, -766, -19, 68, 804, 38;
19, 209, 13, 411, -741, 2, 77, 816, 52;
14, 204, 9, 350, -789, -23, 57, 797, 36;
18, 208, 13, 369, -754, 4, 70, 813, 54;
12, 203, 8, 300, -808, -25, 47, 792, 34;
19, 211, 17, 356, -735, 27, 75, 823, 67;
15, 207, 14, 301, -772, 6, 58, 809, 55;
8, 201, 8, 223, -833, -30, 31, 785, 32;
8, 202, 9, 211, -827, -22, 31, 788, 37;
14, 209, 16, 257, -761, 24, 56, 816, 66;
7, 203, 11, 179, -820, -11, 29, 793, 43;
5, 202, 10, 148, -830, -15, 22, 789, 41;
4, 201, 10, 120, -838, -18, 16, 786, 39;
4, 203, 11, 109, -827, -9, 17, 791, 45;
2, 202, 10, 76, -837, -14, 9, 788, 41;
6, 207, 16, 102, -788, 19, 25, 808, 62;
3, 204, 13, 56, -811, 4, 12, 799, 53;
-2, 200, 9, -8, -852, -22, -9, 782, 37;
3, 208, 16, 36, -783, 24, 15, 811, 66;
0, 204, 13, -17, -812, 4, -1, 799, 53;
-7, 199, 8, -94, -863, -30, -27, 777, 32;
-3, 204, 13, -72, -815, 1, -13, 797, 51;
-8, 200, 9, -136, -853, -25, -34, 781, 35;
-1, 208, 17, -84, -774, 25, -6, 813, 66;
-9, 202, 11, -166, -829, -12, -35, 790, 43;
-9, 203, 11, -184, -819, -8, -37, 794, 45;
-9, 205, 13, -194, -801, 1, -35, 800, 51;
-15, 200, 8, -265, -843, -29, -59, 782, 32;
-16, 200, 8, -289, -838, -30, -64, 783, 32;
-12, 206, 13, -264, -784, 2, -48, 805, 52;
-17, 203, 9, -321, -812, -19, -66, 793, 38;
-19, 202, 8, -357, -818, -27, -76, 789, 33;
-15, 208, 14, -328, -759, 6, -59, 812, 55;
-20, 204, 9, -393, -793, -21, -80, 797, 37;
-22, 204, 9, -419, -788, -22, -85, 798, 36;
-21, 206, 10, -427, -765, -12, -84, 806, 42;
-21, 208, 12, -436, -743, -4, -82, 813, 48;
-21, 209, 12, -454, -730, -1, -85, 817, 49;
-27, 205, 8, -518, -762, -29, -106, 802, 32;
-19, 215, 17, -457, -670, 25, -76, 839, 66;
-29, 207, 8, -559, -740, -28, -114, 808, 33;
-26, 212, 12, -541, -690, -2, -101, 827, 49;
-24, 215, 15, -536, -653, 14, -95, 840, 59;
-23, 218, 17, -537, -622, 26, -91, 851, 67;
-26, 217, 15, -577, -630, 13, -102, 846, 59;
-30, 214, 12, -627, -647, -6, -119, 837, 46;
-29, 217, 14, -625, -614, 7, -114, 849, 55;
-30, 217, 13, -650, -606, 3, -120, 850, 53;
-32, 218, 12, -675, -600, -1, -126, 850, 49;
-29, 223, 17, -653, -545, 25, -113, 870, 66;
-33, 220, 13, -707, -567, 0, -131, 859, 51;
-37, 218, 10, -749, -577, -15, -145, 852, 41;
-34, 223, 14, -729, -526, 8, -133, 871, 55;
-37, 221, 11, -769, -534, -7, -146, 865, 46;
-42, 218, 7, -822, -555, -32, -164, 853, 30;
-34, 228, 15, -761, -462, 18, -135, 889, 62;
-40, 224, 11, -821, -492, -12, -157, 874, 43;
-39, 226, 12, -820, -460, -2, -154, 884, 49;
-38, 229, 14, -818, -427, 7, -149, 895, 55;
-41, 228, 12, -851, -429, -5, -160, 891, 47;
-35, 235, 18, -808, -356, 31, -139, 919, 70;
-46, 227, 8, -910, -428, -28, -179, 886, 33;
-39, 235, 15, -859, -347, 13, -155, 916, 59;
-45, 231, 9, -919, -378, -19, -178, 901, 38;
-47, 231, 8, -939, -369, -26, -184, 901, 34;
-46, 233, 10, -938, -339, -18, -181, 910, 39;
-43, 238, 13, -915, -288, 2, -169, 928, 52;
-39, 244, 18, -879, -224, 32, -152, 952, 71;
-42, 242, 15, -916, -234, 12, -166, 944, 58;
-48, 238, 9, -972, -263, -19, -188, 929, 38;
-45, 243, 13, -945, -209, 2, -175, 948, 52;
-41, 247, 16, -919, -157, 24, -163, 966, 66;
-50, 241, 9, -999, -211, -25, -195, 940, 35;
-42, 250, 16, -931, -118, 23, -165, 976, 65;
-45, 249, 14, -957, -120, 8, -175, 972, 56;
-47, 248, 12, -982, -121, -5, -185, 968, 47;
-43, 253, 16, -944, -60, 21, -168, 990, 64;
-48, 250, 11, -993, -85, -9, -188, 976, 45;
-47, 252, 12, -986, -56, -3, -185, 985, 49;
-45, 255, 14, -969, -17, 9, -177, 997, 56;
-49, 253, 10, -1008, -35, -16, -193, 987, 40;
-50, 253, 9, -1016, -22, -22, -197, 988, 37;
-46, 258, 13, -982, 31, 0, -183, 1008, 51;
-43, 263, 16, -946, 86, 23, -168, 1027, 65;
-50, 256, 9, -1017, 34, -25, -198, 1002, 35;
-44, 264, 15, -953, 116, 15, -172, 1032, 60;
-47, 262, 12, -981, 105, -4, -184, 1025, 47;
-48, 262, 10, -993, 110, -15, -190, 1023, 41;
-41, 270, 17, -922, 197, 29, -161, 1056, 69;
-44, 269, 14, -946, 188, 9, -173, 1049, 56;
-49, 265, 9, -987, 162, -21, -191, 1035, 37;
-44, 270, 13, -944, 218, 3, -175, 1055, 52;
-48, 268, 9, -971, 204, -19, -187, 1046, 38;
-43, 273, 14, -925, 263, 6, -170, 1067, 55;
-39, 278, 18, -880, 319, 31, -153, 1087, 70;
-42, 276, 14, -902, 308, 11, -164, 1079, 57;
-42, 277, 14, -896, 324, 8, -164, 1082, 56;
-46, 274, 10, -928, 301, -18, -179, 1070, 39;
-47, 273, 8, -937, 301, -31, -185, 1067, 31;
-44, 277, 10, -898, 347, -13, -172, 1083, 42;
-40, 281, 13, -860, 393, 4, -158, 1098, 53;
-38, 284, 15, -833, 426, 15, -150, 1109, 60;
-43, 280, 10, -871, 393, -18, -169, 1093, 39;
-41, 283, 11, -842, 427, -8, -159, 1104, 45;
-39, 284, 12, -823, 449, -4, -155, 1110, 48;
-41, 283, 9, -833, 442, -20, -162, 1105, 38;
-40, 284, 10, -815, 463, -17, -158, 1110, 39;
-40, 285, 9, -806, 473, -21, -157, 1112, 37;
-37, 288, 12, -765, 514, -5, -144, 1126, 47;
-39, 287, 9, -775, 504, -22, -152, 1120, 37;
-36, 289, 10, -747, 531, -14, -144, 1128, 41;
-34, 291, 12, -714, 562, -4, -134, 1138, 48;
-37, 289, 8, -729, 544, -25, -144, 1129, 35;
-27, 298, 17, -631, 639, 28, -108, 1166, 68;
-34, 292, 9, -686, 580, -20, -135, 1139, 38;
-31, 295, 12, -644, 616, -5, -122, 1152, 47;
-33, 292, 8, -657, 598, -26, -131, 1142, 34;
-23, 302, 17, -552, 696, 30, -92, 1180, 69;
-31, 294, 9, -615, 625, -25, -123, 1149, 35;
-23, 302, 16, -526, 706, 20, -91, 1180, 64;
-26, 298, 11, -549, 674, -7, -105, 1165, 46;
-19, 305, 18, -468, 745, 31, -76, 1193, 70;
-27, 297, 8, -533, 669, -25, -108, 1160, 35;
-18, 306, 16, -437, 754, 24, -73, 1193, 66;
-21, 303, 13, -448, 731, 2, -82, 1182, 52;
-21, 302, 12, -435, 731, -3, -82, 1181, 48;
-22, 301, 10, -434, 719, -17, -87, 1174, 39;
-16, 306, 15, -363, 775, 14, -63, 1196, 59;
-15, 306, 14, -344, 779, 11, -60, 1196, 58;
-19, 302, 9, -368, 740, -19, -75, 1179, 38;
-19, 301, 8, -359, 732, -28, -76, 1175, 33;
-11, 308, 15, -269, 805, 15, -45, 1204, 60;
-12, 307, 13, -261, 795, 4, -47, 1198, 53;
-10, 308, 14, -233, 805, 7, -40, 1202, 55;
-6, 310, 16, -186, 832, 22, -27, 1212, 64;
-7, 309, 14, -180, 819, 10, -30, 1206, 57;
-3, 312, 17, -131, 847, 27, -15, 1217, 67;
-10, 305, 10, -175, 782, -18, -39, 1189, 39;
-2, 311, 16, -88, 847, 22, -8, 1216, 65;
-4, 309, 13, -92, 821, 3, -15, 1205, 53;
-4, 307, 12, -79, 812, -3, -15, 1201, 48;
-5, 305, 9, -81, 786, -21, -22, 1190, 37;
-3, 306, 10, -45, 798, -13, -13, 1195, 42;
2, 311, 15, 22, 842, 15, 9, 1213, 60;
2, 310, 14, 41, 836, 11, 11, 1210, 58;
6, 312, 17, 88, 857, 25, 25, 1219, 67;
6, 311, 15, 98, 841, 16, 23, 1213, 60;
3, 307, 11, 87, 804, -7, 13, 1198, 46;
3, 306, 10, 102, 792, -14, 14, 1193, 42;
3, 304, 9, 117, 780, -20, 15, 1189, 38;
11, 311, 16, 202, 837, 20, 44, 1213, 63;
4, 302, 8, 149, 756, -31, 17, 1180, 31;
13, 310, 16, 250, 828, 19, 53, 1211, 63;
7, 303, 9, 209, 758, -23, 31, 1182, 36;
8, 302, 8, 224, 745, -29, 32, 1178, 32;
11, 303, 10, 267, 757, -16, 44, 1184, 40;
19, 309, 17, 353, 814, 25, 74, 1208, 66;
19, 308, 16, 367, 798, 19, 75, 1203, 62;
16, 304, 12, 355, 755, -4, 64, 1186, 48;
15, 301, 10, 360, 729, -16, 61, 1177, 40;
18, 303, 12, 400, 738, -4, 72, 1182, 47;
21, 304, 14, 441, 748, 7, 84, 1188, 55;
24, 305, 15, 476, 752, 16, 94, 1191, 61;
27, 307, 17, 519, 763, 30, 107, 1197, 69;
25, 303, 14, 512, 725, 11, 99, 1183, 57;
19, 295, 7, 467, 648, -32, 76, 1153, 30;
24, 299, 11, 526, 675, -7, 95, 1166, 46;
27, 300, 13, 565, 682, 5, 107, 1171, 54;
29, 300, 14, 592, 677, 9, 113, 1170, 56;
28, 297, 12, 596, 649, -1, 110, 1161, 50;
25, 292, 8, 578, 599, -25, 99, 1142, 34;
28, 294, 11, 618, 606, -12, 111, 1147, 43;
27, 291, 9, 619, 575, -23, 107, 1137, 36;
34, 296, 15, 694, 618, 13, 134, 1157, 59;
29, 290, 9, 659, 551, -21, 115, 1131, 37;
36, 295, 15, 734, 594, 17, 142, 1151, 61;
31, 288, 9, 693, 521, -21, 121, 1124, 37;
39, 295, 17, 783, 579, 27, 155, 1151, 68;
36, 289, 13, 758, 522, 0, 141, 1130, 51;
41, 293, 17, 814, 547, 27, 161, 1142, 67;
40, 290, 15, 810, 512, 14, 156, 1131, 60;
35, 283, 9, 771, 442, -20, 136, 1104, 37;
34, 281, 8, 777, 417, -26, 136, 1097, 34;
43, 287, 16, 863, 471, 21, 168, 1122, 64;
36, 279, 9, 810, 388, -22, 143, 1091, 37;
41, 282, 13, 863, 411, 5, 162, 1103, 54;
46, 285, 17, 911, 429, 28, 179, 1113, 68;
37, 275, 8, 836, 324, -28, 146, 1073, 33;
44, 280, 15, 909, 368, 13, 174, 1094, 59;
45, 280, 15, 924, 354, 15, 177, 1092, 60;
46, 279, 16, 940, 341, 20, 182, 1090, 63;
40, 271, 9, 885, 258, -22, 157, 1058, 36;
47, 276, 16, 956, 301, 19, 184, 1079, 62;
42, 270, 10, 915, 232, -13, 166, 1054, 42;
46, 272, 14, 958, 249, 10, 182, 1064, 57;
46, 271, 14, 961, 226, 8, 182, 1058, 56;
43, 266, 11, 938, 176, -11, 171, 1040, 43;
45, 266, 12, 952, 165, -5, 175, 1039, 47;
47, 267, 14, 977, 165, 7, 185, 1042, 55;
49, 268, 16, 1001, 164, 20, 193, 1046, 63;
44, 261, 11, 954, 93, -12, 173, 1020, 42;
45, 261, 11, 966, 81, -7, 177, 1018, 46;
43, 257, 9, 943, 36, -23, 167, 1003, 36;
42, 255, 8, 942, 12, -26, 166, 996, 34;
46, 257, 12, 977, 25, -3, 181, 1005, 48;
49, 259, 15, 1008, 35, 16, 193, 1013, 61;
47, 255, 13, 983, -10, 0, 183, 997, 50;
51, 258, 17, 1020, 7, 25, 199, 1008, 66;
46, 252, 12, 974, -59, -5, 179, 984, 47;
42, 247, 8, 936, -115, -28, 164, 964, 33;
50, 254, 17, 1015, -53, 25, 198, 993, 66;
43, 246, 10, 945, -141, -19, 169, 960, 39;
49, 251, 16, 1001, -102, 20, 193, 979, 63;
50, 250, 16, 1002, -117, 24, 195, 976, 65;
45, 245, 12, 960, -174, 0, 178, 956, 50;
46, 244, 13, 958, -190, 2, 179, 953, 52;
47, 245, 15, 970, -192, 14, 185, 955, 59;
42, 239, 10, 920, -255, -14, 166, 932, 41;
43, 239, 12, 925, -262, -6, 170, 933, 47;
41, 236, 10, 902, -297, -16, 162, 921, 40;
47, 241, 16, 952, -258, 22, 185, 941, 64;
40, 233, 10, 885, -335, -16, 159, 912, 40;
46, 239, 16, 936, -294, 24, 182, 932, 65;
38, 229, 8, 848, -390, -27, 148, 896, 33;
42, 233, 13, 885, -360, 4, 166, 911, 53;
37, 227, 8, 825, -427, -27, 144, 886, 33;
37, 227, 10, 827, -431, -18, 148, 887, 39;
35, 225, 8, 802, -463, -27, 140, 877, 33;
34, 223, 8, 783, -485, -31, 135, 871, 31;
42, 230, 16, 851, -422, 22, 166, 900, 65;
42, 229, 16, 838, -438, 23, 164, 896, 65;
33, 220, 8, 744, -534, -29, 128, 859, 32;
36, 223, 12, 770, -509, -2, 142, 872, 49;
35, 222, 12, 753, -527, -3, 139, 868, 49;
32, 219, 10, 715, -564, -17, 127, 855, 39;
38, 224, 16, 759, -519, 22, 149, 876, 64;
32, 218, 11, 694, -583, -9, 126, 852, 44;
30, 216, 10, 667, -607, -15, 119, 845, 41;
35, 221, 15, 700, -570, 18, 136, 862, 62;
26, 212, 8, 608, -657, -30, 103, 828, 31;
28, 214, 11, 619, -641, -11, 111, 837, 43;
34, 220, 17, 659, -595, 28, 132, 858, 68;
33, 219, 17, 639, -608, 27, 128, 855, 68;
29, 216, 15, 598, -642, 13, 116, 843, 59;
23, 210, 10, 530, -702, -18, 92, 820, 39;
22, 209, 9, 504, -719, -22, 86, 815, 37;
20, 207, 8, 477, -736, -25, 80, 810, 34;
18, 206, 7, 447, -756, -32, 72, 803, 31;
23, 211, 14, 483, -708, 6, 92, 825, 54;
25, 214, 17, 492, -687, 26, 101, 835, 67;
25, 214, 17, 473, -693, 29, 98, 834, 69;
23, 212, 16, 443, -709, 24, 91, 829, 65;
21, 211, 16, 414, -724, 19, 84, 824, 63;
19, 210, 15, 385, -738, 15, 77, 820, 60;
17, 209, 14, 355, -752, 11, 70, 815, 57;
17, 209, 15, 341, -750, 16, 69, 817, 61;
15, 208, 15, 310, -763, 12, 62, 813, 58;
7, 201, 8, 220, -836, -31, 30, 784, 31;
9, 203, 10, 222, -816, -14, 36, 793, 41;
12, 207, 14, 238, -780, 12, 48, 808, 58;
11, 206, 14, 212, -787, 10, 43, 806, 57;
7, 203, 12, 162, -816, -6, 28, 795, 46;
12, 209, 18, 196, -761, 32, 47, 818, 71;
2, 200, 9, 87, -849, -23, 8, 782, 36;
9, 209, 17, 143, -770, 30, 37, 815, 69;
8, 209, 18, 121, -770, 31, 33, 816, 70;
0, 200, 9, 17, -850, -21, -3, 783, 37;
6, 209, 18, 71, -772, 31, 24, 815, 70;
-4, 199, 8, -38, -858, -25, -16, 779, 34;
-3, 201, 10, -47, -842, -15, -14, 786, 41;
-3, 203, 11, -60, -829, -7, -13, 791, 46;
-3, 204, 13, -71, -814, 1, -12, 797, 52;
-4, 204, 13, -93, -810, 3, -16, 799, 52;
-2, 207, 16, -94, -784, 18, -11, 809, 62;
-3, 208, 17, -109, -772, 25, -11, 814, 66;
-3, 209, 17, -126, -761, 30, -13, 818, 69;
-6, 207, 15, -172, -779, 15, -26, 809, 60;
-6, 209, 16, -185, -763, 23, -26, 815, 65;
-16, 200, 7, -293, -842, -32, -65, 782, 30;
-12, 206, 13, -263, -783, 3, -47, 806, 53;
-12, 208, 14, -276, -767, 10, -48, 811, 57;
-18, 203, 9, -351, -812, -24, -73, 791, 36;
-11, 212, 18, -290, -721, 32, -43, 828, 71;
-14, 210, 15, -337, -737, 16, -57, 820, 61;
-23, 203, 8, -428, -797, -28, -89, 794, 33;
-24, 203, 8, -453, -791, -30, -94, 795, 32;
-23, 206, 10, -458, -765, -18, -91, 804, 39;
-18, 213, 16, -423, -698, 19, -72, 830, 62;
-20, 212, 15, -455, -699, 12, -80, 829, 58;
-23, 211, 13, -494, -706, 0, -91, 824, 51;
-24, 211, 13, -516, -697, 0, -96, 826, 50;
-28, 209, 10, -565, -715, -19, -112, 817, 39;
-23, 216, 16, -529, -646, 19, -92, 844, 62;
-32, 209, 8, -623, -708, -30, -126, 816, 32;
-24, 219, 17, -558, -611, 26, -95, 854, 67;
-25, 219, 17, -579, -600, 24, -99, 856, 66;
-28, 218, 14, -618, -607, 11, -111, 851, 58;
-30, 218, 14, -645, -601, 6, -118, 851, 54;
-27, 223, 17, -628, -552, 30, -106, 870, 69;
-32, 219, 13, -686, -578, 2, -127, 856, 52;
-36, 217, 10, -730, -590, -14, -141, 849, 41;
-31, 224, 15, -698, -526, 18, -124, 873, 62;
-33, 223, 14, -725, -521, 11, -131, 873, 57;
-33, 226, 16, -729, -493, 19, -129, 881, 62;
-42, 218, 7, -822, -555, -32, -164, 853, 30;
-34, 228, 16, -757, -458, 20, -134, 891, 63;
-41, 223, 9, -833, -503, -20, -162, 869, 38;
-38, 227, 13, -811, -450, 3, -150, 888, 53;
-40, 227, 12, -839, -447, -5, -158, 887, 47;
-37, 232, 15, -818, -397, 16, -147, 905, 61;
-43, 228, 10, -878, -426, -15, -169, 890, 41;
-42, 230, 11, -880, -398, -8, -167, 898, 45;
-41, 233, 13, -878, -366, 0, -163, 908, 51;
-45, 231, 10, -918, -377, -19, -177, 901, 39;
-48, 230, 7, -948, -378, -32, -188, 897, 30;
-48, 231, 8, -955, -356, -30, -188, 903, 32;
-47, 234, 9, -948, -321, -19, -183, 915, 38;
-45, 237, 11, -940, -285, -8, -178, 926, 45;
-44, 240, 13, -932, -250, 1, -173, 938, 52;
-47, 238, 10, -966, -257, -15, -185, 932, 41;
-41, 246, 17, -911, -175, 25, -161, 962, 66;
-47, 241, 10, -976, -214, -13, -186, 943, 42;
-43, 248, 15, -934, -147, 17, -168, 967, 61;
-45, 246, 13, -963, -151, 1, -179, 962, 52;
-48, 246, 11, -986, -149, -10, -187, 960, 44;
-48, 246, 10, -996, -135, -14, -190, 962, 41;
-49, 247, 9, -1006, -121, -19, -194, 964, 38;
-41, 256, 17, -933, -25, 30, -163, 1001, 70;
-47, 252, 12, -984, -54, -1, -184, 986, 49;
-47, 254, 12, -987, -35, -2, -185, 990, 49;
-43, 258, 16, -954, 18, 19, -171, 1009, 63;
-47, 256, 12, -991, 2, -5, -186, 999, 47;
-43, 261, 16, -949, 64, 22, -169, 1021, 64;
-49, 257, 10, -1002, 30, -13, -191, 1004, 42;
-43, 264, 16, -949, 101, 19, -170, 1030, 63;
-48, 260, 10, -997, 72, -13, -190, 1014, 42;
-43, 267, 16, -940, 146, 22, -167, 1041, 64;
-50, 260, 9, -1008, 95, -25, -196, 1017, 35;
-46, 265, 12, -973, 146, -4, -183, 1035, 48;
-45, 267, 13, -959, 175, 1, -178, 1043, 51;
-42, 271, 16, -927, 221, 18, -166, 1059, 62;
-42, 273, 16, -919, 243, 19, -164, 1065, 63;
-44, 272, 13, -936, 240, 4, -173, 1060, 53;
-46, 271, 11, -948, 240, -8, -179, 1057, 45;
-43, 274, 13, -922, 277, 3, -170, 1069, 53;
-39, 279, 17, -877, 334, 27, -154, 1090, 68;
-47, 272, 9, -945, 276, -23, -184, 1062, 36;
-39, 281, 16, -866, 364, 22, -153, 1096, 65;
-45, 276, 10, -913, 325, -15, -175, 1077, 41;
-42, 279, 12, -879, 366, 0, -164, 1091, 50;
-37, 285, 17, -826, 427, 27, -144, 1113, 68;
-44, 278, 9, -890, 369, -22, -173, 1086, 36;
-37, 286, 16, -814, 450, 19, -145, 1116, 62;
-43, 281, 9, -861, 408, -20, -167, 1096, 38;
-43, 281, 8, -855, 418, -25, -168, 1097, 35;
-43, 281, 8, -846, 429, -29, -168, 1099, 32;
-39, 286, 11, -803, 475, -9, -153, 1115, 44;
-34, 291, 15, -746, 533, 17, -133, 1136, 61;
-40, 285, 8, -801, 478, -29, -159, 1111, 32;
-30, 295, 17, -696, 583, 29, -119, 1152, 69;
-38, 288, 9, -757, 521, -21, -148, 1124, 37;
-28, 297, 18, -661, 615, 31, -112, 1160, 70;
-34, 292, 11, -701, 573, -6, -133, 1140, 46;
-34, 291, 10, -698, 572, -16, -136, 1138, 40;
-34, 292, 9, -684, 582, -19, -134, 1140, 38;
-30, 296, 12, -637, 624, 0, -119, 1155, 50;
-26, 300, 16, -585, 670, 21, -101, 1171, 64;
-26, 299, 15, -579, 669, 12, -103, 1169, 58;
-28, 298, 12, -583, 657, -3, -110, 1162, 48;
-26, 300, 13, -551, 681, 4, -101, 1170, 53;
-23, 302, 15, -516, 707, 14, -91, 1179, 59;
-26, 299, 11, -528, 685, -8, -101, 1168, 45;
-22, 302, 14, -485, 717, 6, -88, 1180, 55;
-25, 299, 10, -496, 696, -14, -97, 1169, 41;
-18, 305, 15, -426, 753, 16, -73, 1191, 61;
-20, 302, 12, -434, 733, -2, -81, 1181, 49;
-21, 301, 10, -428, 724, -14, -84, 1176, 42;
-14, 308, 17, -347, 791, 24, -56, 1203, 66;
-20, 301, 9, -395, 728, -22, -81, 1175, 37;
-19, 302, 10, -365, 742, -17, -74, 1180, 39;
-16, 304, 11, -326, 765, -7, -63, 1188, 46;
-11, 309, 16, -264, 810, 18, -42, 1206, 62;
-13, 306, 12, -274, 782, -4, -52, 1193, 48;
-7, 311, 17, -200, 838, 29, -27, 1215, 69;
-9, 307, 13, -214, 804, 3, -38, 1201, 53;
-5, 311, 17, -159, 840, 24, -21, 1215, 66;
-13, 302, 8, -219, 759, -31, -51, 1181, 31;
-7, 307, 12, -149, 808, -1, -28, 1200, 50;
-4, 309, 14, -111, 824, 7, -18, 1207, 55;
0, 313, 18, -51, 862, 31, 1, 1222, 70;
0, 312, 17, -34, 856, 26, 2, 1219, 67;
1, 312, 17, -10, 857, 25, 6, 1219, 67;
-1, 308, 12, -27, 816, -2, -5, 1202, 49;
-3, 304, 9, -34, 784, -23, -14, 1189, 36;
-1, 305, 10, -1, 793, -17, -6, 1192, 40;
3, 309, 14, 60, 829, 7, 13, 1208, 55;
-1, 303, 8, 29, 772, -29, -4, 1184, 32;
4, 308, 13, 99, 816, 0, 18, 1203, 51;
3, 305, 10, 100, 790, -15, 13, 1192, 41;
5, 306, 11, 131, 793, -10, 20, 1194, 44;
6, 306, 11, 156, 791, -10, 25, 1194, 44;
5, 303, 8, 155, 762, -27, 19, 1182, 33;
15, 312, 18, 269, 847, 32, 61, 1218, 71;
6, 301, 7, 196, 745, -32, 25, 1177, 30;
7, 301, 7, 219, 739, -32, 29, 1175, 30;
14, 307, 13, 298, 789, 4, 57, 1197, 53;
15, 306, 13, 323, 784, 5, 62, 1196, 54;
13, 302, 10, 313, 744, -16, 52, 1180, 40;
14, 302, 10, 334, 734, -18, 56, 1178, 39;
18, 305, 13, 389, 758, 3, 73, 1189, 52;
23, 307, 16, 443, 781, 23, 90, 1200, 65;
22, 305, 15, 452, 760, 15, 89, 1192, 60;
23, 305, 15, 474, 750, 14, 93, 1190, 60;
22, 302, 13, 475, 720, 1, 89, 1179, 51;
28, 306, 17, 537, 750, 28, 110, 1193, 68;
26, 303, 15, 537, 718, 14, 105, 1182, 59;
28, 302, 15, 561, 710, 15, 110, 1180, 60;
26, 298, 12, 551, 668, -4, 101, 1165, 48;
25, 296, 10, 553, 638, -16, 97, 1154, 40;
33, 302, 17, 640, 693, 28, 129, 1179, 68;
31, 299, 15, 637, 657, 13, 123, 1166, 59;
31, 297, 14, 650, 638, 9, 124, 1161, 56;
36, 300, 17, 700, 656, 30, 140, 1170, 69;
29, 291, 10, 646, 570, -17, 114, 1137, 39;
36, 296, 16, 722, 614, 20, 141, 1158, 63;
34, 293, 13, 712, 572, 2, 133, 1142, 52;
37, 294, 16, 753, 581, 18, 146, 1149, 62;
36, 291, 13, 746, 543, 3, 140, 1135, 53;
40, 294, 17, 799, 563, 27, 158, 1147, 68;
33, 284, 9, 737, 470, -23, 129, 1111, 36;
42, 292, 17, 833, 535, 30, 165, 1140, 69;
35, 284, 10, 779, 449, -15, 139, 1107, 41;
37, 283, 11, 799, 439, -11, 145, 1106, 43;
36, 281, 10, 803, 411, -18, 143, 1097, 39;
38, 281, 11, 828, 406, -10, 151, 1098, 44;
41, 283, 13, 864, 412, 5, 163, 1103, 54;
40, 279, 11, 856, 374, -7, 157, 1091, 46;
37, 275, 8, 836, 325, -28, 146, 1073, 33;
47, 283, 17, 936, 395, 30, 185, 1105, 70;
39, 273, 9, 863, 293, -24, 152, 1067, 35;
38, 271, 8, 864, 265, -30, 150, 1058, 32;
42, 273, 11, 903, 276, -10, 164, 1066, 44;
39, 268, 8, 880, 225, -31, 153, 1048, 31;
41, 268, 9, 901, 219, -22, 160, 1049, 37;
40, 266, 8, 898, 189, -29, 157, 1039, 32;
40, 265, 8, 903, 168, -30, 158, 1034, 32;
49, 272, 17, 995, 233, 26, 194, 1064, 67;
50, 271, 17, 1000, 213, 26, 195, 1059, 67;
50, 270, 17, 1007, 195, 27, 197, 1055, 68;
50, 268, 16, 1004, 167, 22, 195, 1047, 65;
46, 263, 12, 969, 107, -3, 179, 1025, 48;
45, 260, 11, 964, 80, -8, 177, 1017, 45;
47, 261, 13, 985, 77, 3, 185, 1020, 53;
44, 257, 10, 961, 31, -13, 174, 1004, 42;
47, 258, 13, 983, 31, 0, 183, 1008, 51;
47, 257, 13, 992, 18, 5, 187, 1006, 54;
46, 255, 12, 976, -17, -4, 180, 994, 48;
47, 254, 13, 984, -29, 0, 183, 992, 51;
48, 254, 14, 994, -38, 8, 188, 992, 56;
42, 247, 8, 939, -112, -26, 166, 965, 34;
42, 245, 8, 933, -135, -28, 164, 959, 32;
48, 251, 14, 991, -95, 11, 188, 979, 58;
43, 245, 10, 945, -158, -16, 170, 956, 40;
46, 246, 13, 968, -151, 1, 181, 962, 51;
42, 241, 9, 927, -207, -22, 165, 942, 37;
47, 245, 14, 971, -178, 10, 184, 958, 57;
50, 247, 18, 995, -167, 30, 196, 966, 70;
50, 246, 18, 991, -185, 32, 195, 961, 70;
45, 241, 14, 944, -244, 6, 178, 940, 54;
40, 234, 8, 888, -311, -26, 156, 915, 34;
43, 237, 12, 917, -293, 0, 170, 926, 50;
46, 239, 15, 933, -287, 15, 179, 932, 60;
46, 238, 16, 931, -298, 21, 181, 930, 64;
39, 230, 9, 857, -381, -21, 152, 899, 37;
43, 234, 14, 894, -351, 10, 170, 915, 57;
39, 229, 10, 844, -408, -15, 152, 894, 41;
36, 226, 8, 813, -446, -28, 142, 881, 33;
38, 227, 10, 823, -441, -13, 149, 887, 42;
38, 227, 12, 822, -447, -5, 151, 887, 47;
37, 225, 11, 803, -470, -9, 146, 880, 45;
35, 223, 9, 773, -503, -19, 137, 869, 38;
39, 227, 15, 808, -470, 13, 155, 886, 59;
32, 219, 8, 727, -552, -30, 125, 855, 31;
35, 222, 12, 754, -526, -2, 139, 868, 49;
33, 220, 11, 726, -554, -10, 131, 859, 44;
33, 220, 12, 718, -560, -4, 132, 859, 48;
29, 215, 8, 666, -610, -27, 114, 841, 33;
33, 219, 13, 695, -579, 2, 130, 856, 52;
29, 215, 10, 647, -623, -17, 114, 840, 40;
27, 213, 9, 620, -645, -22, 108, 833, 36;
29, 215, 11, 623, -637, -8, 113, 839, 45;
31, 217, 15, 636, -619, 12, 123, 849, 58;
26, 213, 11, 581, -667, -11, 104, 831, 44;
23, 209, 8, 535, -705, -28, 90, 817, 33;
28, 215, 14, 574, -658, 11, 111, 839, 57;
27, 213, 14, 550, -673, 8, 105, 834, 56;
26, 213, 14, 531, -682, 10, 102, 832, 57;
19, 207, 8, 455, -747, -26, 75, 807, 34;
21, 209, 12, 466, -725, -4, 85, 818, 48;
22, 210, 13, 458, -721, 4, 87, 821, 53;
16, 205, 9, 396, -770, -22, 66, 802, 36;
23, 213, 17, 448, -704, 27, 93, 831, 68;
21, 211, 16, 418, -721, 22, 85, 826, 64;
14, 205, 10, 337, -786, -16, 57, 800, 40;
11, 202, 8, 296, -811, -28, 45, 791, 33;
10, 201, 8, 269, -822, -30, 39, 787, 31;
10, 202, 9, 257, -816, -22, 40, 791, 36;
12, 205, 12, 263, -793, -3, 47, 801, 48;
11, 206, 13, 247, -791, 1, 46, 803, 51;
5, 200, 8, 174, -844, -30, 22, 782, 32;
6, 201, 9, 165, -834, -20, 23, 787, 37;
3, 200, 8, 127, -851, -29, 13, 780, 32;
9, 207, 15, 174, -783, 17, 38, 809, 62;
2, 201, 10, 94, -841, -18, 11, 785, 39;
4, 204, 13, 101, -813, 1, 19, 798, 51;
0, 201, 10, 46, -845, -18, 2, 785, 39;
4, 205, 14, 65, -803, 10, 15, 802, 57;
0, 202, 11, 7, -836, -11, -2, 788, 43;
2, 206, 15, 26, -793, 17, 10, 807, 61;
3, 208, 17, 19, -775, 29, 13, 814, 69;
-7, 199, 8, -96, -865, -31, -28, 776, 31;
-2, 204, 13, -68, -811, 3, -11, 798, 53;
-1, 207, 16, -64, -781, 22, -4, 811, 64;
-4, 206, 14, -108, -798, 9, -16, 803, 57;
-3, 208, 16, -113, -775, 23, -13, 812, 65;
-3, 209, 17, -131, -765, 27, -15, 816, 67;
-12, 202, 10, -224, -831, -18, -48, 788, 39;
-14, 201, 9, -254, -832, -22, -55, 787, 36;
-7, 209, 17, -205, -755, 25, -29, 818, 67;
-8, 210, 17, -227, -747, 27, -33, 820, 67;
-14, 205, 12, -298, -789, -4, -57, 802, 48;
-9, 212, 18, -266, -727, 32, -38, 827, 71;
-20, 202, 8, -381, -811, -28, -80, 791, 33;
-21, 204, 9, -397, -797, -23, -82, 795, 36;
-18, 207, 12, -390, -759, -3, -74, 810, 48;
-24, 203, 7, -455, -794, -32, -96, 794, 30;
-21, 208, 12, -436, -744, -4, -83, 813, 48;
-16, 214, 17, -407, -683, 29, -65, 837, 69;
-23, 209, 11, -485, -729, -7, -93, 816, 46;
-25, 209, 10, -516, -729, -13, -101, 815, 42;
-27, 209, 10, -543, -724, -18, -107, 815, 39;
-26, 211, 11, -548, -697, -7, -104, 824, 46;
-21, 218, 17, -512, -629, 30, -85, 851, 69;
-28, 212, 11, -588, -673, -7, -112, 830, 46;
-32, 211, 9, -634, -686, -24, -126, 823, 35;
-26, 218, 16, -589, -610, 18, -103, 852, 62;
-33, 213, 9, -668, -656, -21, -131, 831, 37;
-31, 217, 13, -655, -611, 0, -122, 847, 50;
-31, 219, 14, -662, -586, 7, -121, 855, 55;
-32, 220, 14, -681, -573, 6, -124, 859, 55;
-38, 215, 8, -751, -611, -28, -150, 840, 33;
-39, 216, 8, -767, -595, -28, -152, 844, 33;
-35, 222, 13, -741, -537, 0, -138, 866, 51;
-40, 218, 8, -802, -567, -29, -159, 851, 32;
-33, 227, 16, -742, -475, 20, -131, 887, 63;
-37, 225, 13, -785, -487, 1, -145, 879, 52;
-36, 228, 15, -781, -452, 14, -141, 890, 59;
-39, 226, 12, -824, -464, -5, -155, 883, 47;
-35, 232, 17, -788, -397, 27, -137, 907, 68;
-36, 233, 17, -805, -384, 25, -141, 910, 66;
-40, 231, 14, -847, -395, 5, -156, 903, 54;
-42, 231, 12, -872, -390, -3, -163, 902, 49;
-39, 235, 15, -855, -344, 15, -154, 918, 60;
-38, 238, 17, -850, -309, 26, -149, 929, 67;
-39, 238, 16, -865, -295, 22, -153, 932, 65;
-39, 240, 16, -876, -277, 22, -155, 936, 64;
-44, 237, 12, -924, -297, -3, -173, 925, 48;
-42, 240, 14, -911, -256, 10, -166, 938, 57;
-41, 243, 16, -907, -225, 18, -162, 948, 62;
-47, 238, 10, -968, -259, -17, -186, 931, 40;
-47, 240, 11, -968, -232, -12, -185, 938, 43;
-42, 247, 16, -923, -162, 21, -165, 964, 64;
-47, 243, 11, -974, -187, -9, -184, 951, 45;
-46, 246, 12, -969, -156, -1, -181, 960, 49;
-46, 247, 12, -974, -137, -2, -182, 965, 49;
-50, 245, 8, -1013, -152, -26, -198, 955, 34;
-45, 251, 14, -964, -80, 8, -177, 982, 56;
-47, 251, 12, -983, -75, -2, -184, 980, 49;
-49, 250, 10, -1004, -74, -15, -192, 977, 41;
-48, 252, 11, -996, -44, -9, -189, 986, 45;
-44, 258, 15, -957, 15, 17, -172, 1008, 61;
-45, 259, 15, -965, 28, 12, -175, 1010, 58;
-51, 254, 8, -1021, -7, -25, -199, 991, 34;
-52, 254, 7, -1030, 2, -32, -203, 992, 30;
-41, 266, 18, -930, 120, 32, -162, 1038, 71;
-45, 263, 14, -965, 104, 8, -177, 1027, 55;
-45, 264, 13, -966, 120, 5, -178, 1031, 54;
-43, 267, 15, -946, 156, 15, -171, 1042, 60;
-42, 269, 16, -934, 185, 21, -167, 1051, 64;
-49, 264, 9, -990, 144, -19, -191, 1031, 38;
-42, 272, 16, -925, 224, 20, -165, 1060, 63;
-43, 271, 14, -932, 231, 11, -169, 1060, 58;
-43, 273, 14, -925, 250, 11, -168, 1065, 57;
-49, 268, 8, -977, 210, -28, -192, 1045, 33;
-43, 275, 14, -915, 284, 7, -168, 1072, 55;
-43, 275, 13, -910, 300, 5, -167, 1076, 54;
-44, 274, 11, -922, 299, -8, -174, 1072, 45;
-42, 277, 13, -895, 334, 3, -165, 1084, 52;
-39, 282, 16, -858, 380, 21, -152, 1099, 64;
-45, 276, 9, -913, 332, -23, -178, 1077, 36;
-43, 278, 10, -887, 365, -13, -170, 1087, 42;
-36, 286, 17, -816, 443, 26, -143, 1116, 67;
-40, 283, 12, -844, 420, 0, -157, 1104, 50;
-39, 284, 13, -825, 444, 3, -152, 1111, 53;
-42, 282, 10, -845, 428, -18, -164, 1101, 39;
-33, 291, 17, -759, 517, 29, -131, 1135, 69;
-39, 286, 11, -803, 475, -10, -153, 1115, 44;
-32, 292, 17, -733, 546, 26, -127, 1142, 67;
-40, 285, 8, -800, 480, -28, -158, 1112, 33;
-33, 292, 14, -723, 556, 12, -130, 1141, 58;
-34, 291, 13, -723, 555, 1, -134, 1138, 51;
-29, 296, 17, -670, 606, 25, -116, 1157, 66;
-34, 292, 11, -704, 569, -9, -134, 1139, 45;
-37, 289, 8, -720, 550, -31, -145, 1129, 31;
-31, 294, 12, -659, 607, -2, -124, 1150, 49;
-35, 291, 8, -679, 581, -28, -136, 1137, 33;
-27, 299, 15, -596, 658, 13, -106, 1167, 59;
-28, 297, 13, -597, 651, 0, -111, 1162, 51;
-30, 295, 9, -607, 633, -19, -120, 1152, 38;
-30, 295, 8, -596, 636, -25, -119, 1152, 35;
-20, 305, 18, -490, 733, 31, -80, 1190, 70;
-20, 305, 17, -475, 738, 27, -79, 1190, 67;
-26, 298, 10, -522, 680, -18, -103, 1164, 39;
-20, 304, 14, -456, 735, 11, -81, 1185, 58;
-21, 303, 13, -447, 732, 2, -82, 1182, 52;
-16, 307, 16, -395, 771, 22, -65, 1197, 65;
-18, 304, 14, -398, 755, 6, -72, 1189, 54;
-17, 305, 14, -371, 767, 8, -66, 1193, 56;
-16, 306, 14, -349, 774, 8, -62, 1194, 56;
-11, 309, 17, -297, 810, 27, -46, 1208, 68;
-14, 306, 13, -310, 781, 3, -56, 1195, 53;
-13, 307, 14, -283, 791, 6, -50, 1198, 54;
-15, 303, 10, -294, 763, -17, -60, 1185, 40;
-10, 307, 13, -237, 800, 4, -42, 1200, 53;
-8, 309, 15, -200, 818, 13, -32, 1206, 59;
-9, 307, 13, -193, 805, 1, -35, 1200, 52;
-13, 302, 8, -219, 760, -31, -51, 1181, 31;
-6, 308, 13, -140, 817, 5, -24, 1204, 54;
-7, 306, 11, -136, 799, -8, -28, 1196, 45;
-5, 307, 12, -108, 806, -6, -22, 1198, 47;
1, 313, 17, -29, 861, 29, 4, 1221, 69;
-7, 303, 8, -95, 772, -30, -28, 1184, 31;
-4, 305, 10, -52, 791, -18, -16, 1192, 39;