2, 310, 15, 20, 840, 13, 8, 1212, 59;
-1, 305, 10, -2, 792, -18, -6, 1192, 39;
4, 310, 15, 70, 839, 14, 17, 1212, 59;
5, 310, 15, 94, 837, 13, 22, 1211, 59;
2, 305, 10, 73, 790, -16, 8, 1192, 40;
7, 309, 14, 134, 824, 7, 27, 1206, 55;
10, 311, 16, 179, 842, 21, 40, 1214, 64;
9, 308, 13, 180, 815, 5, 35, 1204, 54;
9, 308, 13, 201, 808, 3, 38, 1201, 53;
8, 305, 10, 200, 778, -13, 32, 1190, 42;
15, 311, 17, 283, 832, 25, 61, 1213, 67;
16, 310, 16, 301, 821, 21, 63, 1209, 64;
11, 304, 10, 271, 762, -13, 46, 1186, 42;
17, 308, 15, 338, 799, 15, 68, 1202, 60;
16, 305, 13, 343, 773, 2, 64, 1193, 52;
20, 307, 16, 389, 789, 18, 79, 1201, 62;
19, 305, 13, 391, 760, 4, 74, 1190, 53;
24, 309, 18, 456, 794, 32, 96, 1205, 71;
19, 302, 11, 419, 726, -7, 75, 1178, 46;
20, 302, 12, 444, 720, -4, 81, 1178, 47;
23, 303, 14, 485, 730, 7, 93, 1183, 55;
26, 303, 15, 517, 730, 15, 101, 1185, 60;
26, 302, 14, 533, 714, 11, 103, 1180, 57;
25, 299, 12, 534, 683, -1, 99, 1169, 49;
25, 298, 12, 549, 666, -5, 100, 1164, 47;
24, 295, 9, 546, 631, -21, 94, 1151, 37;
26, 295, 10, 577, 630, -13, 103, 1153, 42;
31, 299, 15, 637, 658, 13, 123, 1167, 59;
25, 291, 8, 593, 582, -28, 101, 1137, 33;
35, 299, 17, 692, 648, 24, 137, 1167, 66;
34, 296, 14, 690, 614, 11, 132, 1155, 58;
37, 297, 17, 731, 623, 26, 145, 1161, 67;
29, 288, 9, 671, 531, -24, 116, 1125, 35;
29, 286, 7, 676, 504, -32, 115, 1117, 30;
34, 289, 11, 731, 527, -7, 133, 1129, 46;
38, 291, 14, 775, 540, 11, 148, 1137, 58;
34, 286, 10, 751, 484, -14, 135, 1117, 42;
32, 282, 7, 739, 441, -32, 126, 1101, 30;
34, 282, 9, 765, 435, -25, 134, 1102, 35;
40, 286, 14, 828, 467, 7, 157, 1118, 55;
40, 284, 13, 834, 443, 2, 156, 1110, 52;
36, 279, 9, 809, 387, -22, 143, 1090, 36;
46, 287, 18, 903, 451, 31, 179, 1120, 70;
43, 283, 15, 889, 407, 14, 170, 1105, 60;
45, 283, 16, 915, 403, 24, 179, 1106, 65;
46, 283, 17, 931, 390, 27, 183, 1103, 68;
43, 277, 13, 904, 334, 2, 169, 1083, 52;
47, 280, 16, 946, 347, 24, 184, 1092, 65;
45, 276, 14, 936, 309, 11, 178, 1079, 58;
44, 273, 12, 925, 271, -1, 172, 1067, 50;
48, 276, 17, 973, 291, 25, 190, 1078, 66;
44, 270, 12, 933, 223, -6, 171, 1054, 46;
50, 275, 18, 996, 261, 31, 196, 1072, 70;
45, 268, 12, 950, 188, -3, 176, 1046, 48;
46, 267, 13, 964, 177, 2, 180, 1044, 52;
44, 264, 11, 950, 138, -10, 173, 1031, 44;
44, 262, 10, 950, 112, -13, 172, 1024, 42;
50, 267, 17, 1014, 153, 26, 198, 1044, 67;
44, 260, 10, 955, 70, -14, 173, 1014, 41;
41, 255, 8, 932, 24, -31, 163, 998, 31;
46, 259, 12, 980, 50, 0, 182, 1012, 50;
44, 256, 10, 962, 10, -13, 174, 999, 42;
49, 259, 15, 1008, 35, 16, 193, 1012, 61;
43, 251, 9, 948, -45, -23, 168, 982, 36;
41, 249, 7, 934, -79, -32, 163, 972, 30;
48, 254, 14, 996, -36, 9, 189, 993, 57;
46, 251, 12, 974, -77, -3, 180, 979, 48;
50, 253, 16, 1009, -60, 21, 195, 990, 64;
43, 246, 10, 948, -138, -16, 171, 961, 40;
45, 246, 12, 961, -142, -5, 177, 963, 47;
41, 241, 8, 921, -198, -29, 161, 943, 32;
45, 244, 12, 952, -182, -5, 175, 953, 47;
41, 239, 8, 913, -236, -28, 160, 934, 33;
40, 238, 8, 907, -255, -27, 159, 929, 33;
47, 243, 15, 964, -211, 14, 185, 951, 60;
44, 239, 12, 930, -258, -3, 172, 935, 48;
44, 238, 12, 926, -273, 0, 172, 931, 50;
48, 242, 18, 965, -245, 30, 190, 946, 70;
41, 234, 10, 887, -333, -14, 160, 913, 41;
47, 239, 17, 943, -287, 28, 185, 935, 68;
45, 237, 16, 920, -318, 20, 178, 925, 63;
47, 237, 18, 926, -320, 31, 183, 928, 70;
45, 235, 16, 902, -351, 23, 176, 918, 65;
38, 227, 10, 829, -430, -17, 148, 888, 39;
45, 234, 18, 890, -374, 31, 176, 914, 70;
43, 232, 17, 869, -400, 25, 170, 906, 67;
40, 228, 14, 832, -440, 10, 158, 892, 57;
39, 227, 14, 816, -459, 9, 155, 888, 56;
41, 228, 16, 821, -456, 22, 160, 891, 64;
37, 224, 13, 780, -499, 4, 147, 876, 53;
31, 218, 8, 713, -567, -29, 122, 851, 32;
31, 218, 9, 707, -572, -23, 124, 851, 36;
32, 218, 10, 704, -574, -14, 126, 853, 42;
28, 214, 7, 659, -617, -32, 111, 838, 30;
29, 215, 9, 657, -617, -22, 114, 840, 36;
36, 222, 17, 712, -558, 26, 141, 867, 67;
29, 215, 10, 635, -630, -13, 114, 839, 42;
29, 215, 11, 623, -637, -8, 113, 839, 45;
31, 218, 15, 639, -616, 14, 124, 850, 60;
33, 219, 18, 644, -604, 30, 130, 857, 70;
26, 212, 11, 565, -675, -8, 102, 829, 45;
30, 216, 16, 591, -641, 22, 117, 845, 64;
30, 217, 18, 583, -640, 30, 119, 848, 70;
29, 216, 17, 562, -651, 30, 115, 845, 69;
18, 206, 8, 448, -754, -31, 73, 804, 31;
24, 212, 14, 487, -704, 9, 94, 827, 56;
24, 212, 15, 477, -702, 16, 94, 829, 61;
24, 213, 16, 465, -701, 23, 94, 831, 65;
19, 208, 13, 407, -746, 0, 75, 814, 50;
16, 206, 10, 363, -775, -14, 62, 803, 42;
20, 211, 16, 393, -731, 20, 80, 823, 63;
16, 207, 12, 337, -771, -1, 62, 807, 50;
19, 211, 17, 360, -731, 29, 77, 825, 69;
16, 209, 15, 317, -757, 16, 65, 815, 61;
10, 204, 11, 250, -806, -11, 42, 796, 43;
10, 204, 12, 236, -802, -5, 42, 799, 47;
5, 200, 7, 171, -847, -32, 20, 780, 30;
12, 208, 16, 228, -771, 21, 49, 813, 64;
10, 207, 15, 195, -783, 15, 41, 809, 60;
6, 203, 12, 137, -820, -6, 23, 794, 46;
10, 209, 17, 165, -770, 28, 40, 815, 68;
3, 203, 11, 87, -826, -7, 13, 792, 46;
8, 209, 17, 118, -772, 29, 32, 815, 69;
-1, 200, 9, 17, -850, -21, -3, 783, 37;
1, 204, 13, 28, -815, 2, 6, 797, 52;
5, 209, 18, 48, -770, 32, 20, 816, 71;
2, 208, 16, 11, -783, 24, 10, 811, 66;
-1, 204, 13, -45, -815, 2, -7, 797, 52;
-2, 205, 14, -62, -805, 8, -8, 801, 55;
-2, 206, 15, -76, -793, 15, -9, 806, 60;
-7, 203, 11, -137, -827, -9, -28, 791, 45;
-9, 202, 10, -169, -832, -14, -36, 789, 41;
-6, 206, 14, -159, -794, 8, -26, 804, 56;
-9, 204, 12, -200, -806, -2, -38, 798, 49;
-7, 208, 16, -190, -768, 20, -28, 813, 63;
-10, 207, 14, -229, -778, 10, -39, 808, 57;
-17, 201, 8, -307, -827, -26, -66, 787, 34;
-11, 208, 15, -272, -763, 12, -46, 813, 58;
-18, 203, 9, -344, -805, -19, -71, 794, 38;
-13, 209, 15, -316, -747, 14, -54, 817, 60;
-15, 209, 14, -349, -749, 8, -62, 815, 56;
-19, 207, 12, -392, -762, -5, -75, 809, 47;
-17, 211, 15, -386, -724, 14, -67, 823, 59;
-23, 206, 10, -458, -765, -18, -92, 804, 39;
-26, 205, 8, -494, -770, -28, -101, 801, 33;
-24, 208, 11, -493, -737, -12, -96, 813, 42;
-20, 214, 16, -464, -677, 20, -79, 836, 63;
-20, 216, 17, -473, -654, 28, -78, 844, 68;
-22, 216, 16, -504, -653, 21, -86, 842, 64;
-24, 215, 15, -533, -650, 16, -93, 842, 61;
-32, 209, 8, -621, -706, -28, -125, 817, 33;
-26, 216, 14, -582, -635, 10, -105, 844, 57;
-28, 216, 13, -609, -629, 5, -111, 844, 54;
-31, 215, 12, -644, -633, -5, -122, 841, 47;
-29, 219, 15, -635, -591, 12, -114, 855, 59;
-28, 221, 16, -641, -565, 21, -112, 864, 64;
-36, 215, 9, -721, -613, -20, -141, 842, 38;
-33, 221, 13, -700, -560, 5, -128, 862, 54;
-38, 217, 9, -762, -590, -24, -150, 846, 35;
-32, 225, 16, -710, -506, 21, -125, 879, 64;
-39, 219, 9, -787, -551, -19, -153, 857, 38;
-34, 226, 15, -747, -480, 17, -133, 884, 61;
-41, 221, 9, -821, -523, -22, -160, 864, 37;
-41, 222, 9, -834, -505, -21, -162, 869, 37;
-35, 231, 17, -778, -418, 25, -136, 902, 66;
-38, 229, 14, -818, -427, 7, -150, 895, 55;
-36, 233, 16, -810, -388, 22, -143, 908, 64;
-42, 229, 11, -868, -416, -8, -164, 894, 45;
-41, 231, 12, -869, -387, -1, -162, 903, 50;
-37, 237, 17, -838, -326, 27, -147, 925, 67;
-40, 235, 14, -873, -332, 10, -159, 919, 57;
-46, 232, 9, -930, -360, -20, -180, 905, 38;
-44, 235, 12, -918, -319, -5, -173, 919, 47;
-41, 239, 15, -900, -273, 12, -163, 935, 58;
-42, 241, 15, -908, -254, 12, -165, 939, 58;
-45, 239, 12, -942, -260, -4, -177, 933, 47;
-48, 238, 9, -975, -266, -21, -189, 928, 37;
-49, 238, 9, -985, -249, -23, -191, 932, 36;
-50, 239, 8, -1000, -238, -29, -196, 933, 32;
-42, 248, 16, -926, -139, 22, -165, 970, 65;
-45, 247, 14, -955, -143, 6, -175, 966, 55;
-41, 252, 17, -926, -88, 29, -162, 985, 69;
-42, 253, 17, -933, -72, 27, -164, 988, 67;
-48, 248, 11, -994, -109, -11, -189, 969, 43;
-46, 252, 13, -971, -63, 5, -179, 985, 54;
-43, 256, 16, -949, -19, 21, -169, 1000, 64;
-49, 251, 10, -1009, -57, -17, -194, 981, 39;
-51, 251, 9, -1021, -47, -24, -199, 981, 35;
-46, 257, 13, -979, 14, 3, -181, 1004, 52;
-47, 258, 12, -986, 27, -2, -184, 1006, 49;
-45, 260, 14, -972, 61, 6, -179, 1016, 54;
-49, 258, 10, -1001, 50, -14, -191, 1009, 42;
-50, 258, 9, -1013, 56, -24, -197, 1007, 35;
-46, 263, 12, -977, 109, -2, -183, 1026, 49;
-41, 269, 17, -928, 175, 28, -163, 1050, 68;
-43, 269, 16, -937, 182, 19, -168, 1050, 63;
-44, 269, 14, -946, 188, 9, -173, 1049, 57;
-43, 271, 15, -930, 219, 17, -167, 1058, 61;
-46, 269, 12, -955, 208, -3, -179, 1050, 48;
-45, 270, 12, -946, 229, -2, -177, 1056, 49;
-43, 274, 14, -919, 268, 10, -168, 1069, 57;
-45, 272, 11, -939, 261, -7, -177, 1062, 46;
-47, 271, 9, -951, 259, -21, -184, 1059, 37;
-43, 276, 12, -911, 309, -1, -170, 1076, 50;
-44, 276, 11, -913, 317, -8, -173, 1076, 45;
-41, 279, 14, -877, 361, 8, -160, 1091, 56;
-40, 281, 14, -864, 382, 10, -157, 1097, 57;
-36, 285, 17, -825, 428, 28, -144, 1113, 68;
-45, 278, 8, -894, 364, -25, -175, 1084, 34;
-37, 286, 15, -817, 447, 17, -146, 1115, 61;
-40, 283, 12, -836, 432, -4, -157, 1106, 48;
-37, 286, 14, -803, 470, 9, -146, 1119, 56;
-40, 284, 10, -823, 452, -13, -158, 1109, 42;
-35, 289, 14, -771, 506, 11, -140, 1128, 57;
-38, 287, 11, -788, 491, -10, -150, 1119, 44;
-37, 288, 11, -772, 508, -9, -147, 1124, 45;
-38, 288, 10, -765, 514, -16, -148, 1123, 40;
-30, 296, 17, -681, 597, 29, -117, 1155, 69;
-36, 289, 9, -737, 539, -19, -144, 1129, 38;
-38, 288, 8, -738, 536, -31, -148, 1125, 31;
-31, 294, 13, -670, 600, 2, -124, 1149, 52;
-30, 296, 14, -643, 623, 7, -117, 1156, 55;
-28, 298, 15, -613, 647, 15, -109, 1164, 60;
-25, 300, 16, -581, 674, 24, -100, 1173, 65;
-23, 302, 17, -553, 695, 29, -93, 1180, 69;
-24, 302, 16, -545, 695, 21, -94, 1178, 64;
-31, 294, 8, -604, 628, -31, -123, 1148, 31;
-27, 297, 10, -558, 665, -14, -108, 1162, 42;
-26, 298, 11, -535, 678, -12, -104, 1165, 43;
-27, 298, 9, -527, 676, -21, -105, 1162, 37;
-27, 297, 8, -517, 674, -29, -106, 1160, 32;
-24, 299, 10, -480, 699, -19, -96, 1169, 39;
-25, 298, 8, -477, 689, -31, -99, 1163, 31;
-19, 304, 13, -407, 746, 0, -75, 1185, 51;
-13, 309, 17, -341, 797, 29, -53, 1205, 69;
-13, 308, 16, -329, 794, 21, -54, 1202, 64;
-20, 300, 8, -381, 727, -28, -80, 1173, 33;
-18, 302, 10, -343, 748, -18, -70, 1181, 39;
-11, 308, 15, -267, 807, 16, -44, 1204, 61;
-10, 309, 15, -245, 811, 15, -40, 1205, 60;
-8, 309, 15, -218, 820, 17, -34, 1208, 61;
-13, 304, 9, -250, 768, -19, -53, 1186, 38;
-11, 305, 11, -213, 785, -11, -43, 1192, 43;
-6, 309, 14, -159, 820, 8, -26, 1206, 56;
-11, 303, 8, -187, 771, -26, -43, 1185, 34;
-5, 309, 13, -116, 820, 4, -20, 1205, 53;
-4, 308, 13, -94, 819, 2, -16, 1204, 52;
-2, 309, 14, -62, 828, 7, -9, 1207, 55;
1, 312, 17, -11, 856, 25, 6, 1219, 66;
0, 310, 14, -10, 833, 9, 1, 1209, 56;
3, 312, 16, 35, 855, 23, 14, 1218, 65;
6, 313, 17, 70, 865, 30, 23, 1222, 69;
6, 312, 17, 86, 856, 24, 24, 1219, 66;
0, 304, 9, 37, 780, -24, -1, 1188, 35;
7, 311, 16, 128, 845, 19, 30, 1215, 63;
1, 303, 8, 82, 772, -27, 6, 1185, 34;
12, 313, 18, 196, 859, 32, 47, 1221, 71;
10, 310, 15, 195, 829, 15, 41, 1210, 60;
13, 311, 17, 235, 842, 26, 53, 1216, 67;
13, 310, 16, 248, 826, 18, 52, 1210, 62;
8, 303, 9, 212, 761, -21, 32, 1184, 37;
16, 310, 16, 300, 820, 21, 63, 1209, 64;
18, 311, 17, 337, 827, 29, 73, 1213, 69;
16, 307, 14, 325, 786, 6, 63, 1197, 55;
20, 310, 17, 382, 813, 29, 81, 1209, 69;
16, 304, 12, 354, 754, -4, 64, 1186, 47;
23, 309, 18, 433, 802, 32, 91, 1207, 71;
15, 299, 8, 368, 706, -26, 59, 1169, 34;
17, 300, 10, 405, 712, -16, 70, 1173, 40;
21, 302, 12, 448, 724, -2, 82, 1179, 49;
27, 306, 17, 518, 763, 29, 107, 1197, 69;
23, 300, 12, 489, 702, -3, 89, 1173, 48;
29, 305, 17, 558, 739, 27, 113, 1190, 68;
26, 300, 13, 543, 692, 3, 102, 1173, 53;
29, 302, 15, 582, 699, 16, 114, 1177, 60;
29, 300, 14, 593, 678, 10, 114, 1171, 57;
25, 294, 10, 570, 623, -18, 100, 1150, 39;
34, 301, 17, 659, 680, 28, 132, 1176, 68;
26, 292, 9, 603, 592, -21, 105, 1141, 37;
33, 297, 15, 675, 631, 13, 130, 1160, 59;
34, 296, 15, 693, 617, 13, 133, 1156, 59;
30, 290, 10, 666, 558, -16, 118, 1134, 40;
29, 288, 9, 671, 531, -24, 116, 1126, 35;
34, 291, 12, 724, 552, 0, 134, 1137, 50;
33, 288, 11, 724, 520, -11, 131, 1126, 43;
35, 289, 12, 752, 516, -3, 139, 1127, 48;
32, 284, 8, 730, 463, -28, 126, 1108, 33;
41, 291, 16, 821, 523, 22, 160, 1135, 64;
39, 287, 13, 811, 481, 5, 153, 1121, 54;
40, 287, 14, 833, 472, 10, 159, 1120, 57;
40, 285, 14, 840, 449, 6, 159, 1113, 55;
39, 282, 11, 832, 410, -7, 152, 1100, 46;
41, 282, 13, 856, 404, 0, 159, 1100, 51;
36, 276, 8, 821, 339, -31, 142, 1076, 31;
41, 278, 12, 870, 358, -5, 160, 1087, 47;
43, 279, 13, 896, 355, 4, 168, 1089, 53;
47, 281, 17, 940, 370, 27, 184, 1098, 67;
44, 276, 13, 916, 317, 4, 172, 1079, 53;
42, 273, 11, 900, 273, -12, 163, 1065, 43;
40, 269, 8, 887, 233, -26, 156, 1051, 34;
40, 268, 8, 892, 210, -28, 156, 1045, 33;
46, 272, 14, 956, 247, 9, 181, 1063, 56;
48, 272, 15, 975, 239, 16, 187, 1063, 61;
42, 265, 9, 925, 163, -20, 165, 1035, 38;
49, 271, 16, 996, 209, 23, 193, 1057, 65;
45, 265, 12, 958, 145, -5, 177, 1034, 47;
45, 263, 12, 961, 123, -6, 177, 1029, 47;
49, 266, 16, 1002, 141, 19, 193, 1040, 62;
41, 257, 8, 932, 47, -29, 163, 1004, 32;
47, 261, 14, 989, 81, 6, 186, 1021, 54;
46, 259, 12, 976, 46, -3, 181, 1010, 48;
45, 256, 11, 969, 17, -8, 177, 1002, 45;
44, 254, 10, 960, -12, -15, 174, 993, 41;
43, 252, 9, 952, -40, -20, 170, 984, 38;
41, 249, 7, 934, -79, -32, 163, 972, 30;
43, 249, 9, 946, -87, -23, 168, 972, 36;
41, 246, 7, 931, -120, -32, 162, 962, 30;
44, 248, 11, 959, -110, -11, 174, 969, 43;
44, 247, 11, 957, -130, -11, 174, 964, 43;
43, 244, 10, 942, -161, -18, 169, 955, 39;
42, 243, 9, 934, -185, -21, 167, 948, 37;
46, 245, 13, 966, -168, 3, 181, 959, 53;
42, 241, 10, 928, -221, -18, 166, 940, 39;
41, 238, 9, 913, -250, -24, 162, 931, 35;
42, 238, 10, 914, -262, -19, 164, 930, 39;
40, 236, 8, 896, -292, -25, 158, 920, 34;
41, 235, 9, 897, -302, -19, 160, 919, 38;
48, 241, 17, 958, -252, 26, 187, 943, 67;
41, 234, 10, 889, -331, -13, 161, 914, 42;
41, 233, 11, 886, -344, -9, 162, 912, 45;
46, 237, 16, 922, -316, 21, 179, 926, 64;
41, 232, 12, 876, -370, -1, 162, 907, 49;
44, 234, 16, 895, -358, 18, 173, 915, 62;
39, 229, 11, 845, -414, -6, 155, 895, 46;
35, 224, 8, 798, -466, -30, 138, 876, 32;
42, 230, 15, 854, -415, 16, 164, 900, 60;
37, 225, 11, 802, -471, -9, 146, 880, 44;
39, 227, 14, 812, -464, 6, 153, 886, 54;
42, 230, 18, 836, -441, 32, 167, 898, 71;
33, 220, 9, 737, -541, -23, 129, 859, 36;
34, 221, 11, 738, -541, -12, 133, 862, 43;
36, 223, 14, 750, -529, 5, 142, 869, 54;
38, 224, 16, 758, -520, 22, 149, 876, 64;
35, 222, 14, 726, -550, 11, 139, 865, 58;
29, 215, 9, 659, -614, -20, 116, 842, 38;
29, 215, 10, 651, -619, -14, 116, 842, 41;
26, 212, 7, 606, -660, -32, 102, 827, 30;
26, 212, 9, 600, -660, -23, 103, 829, 36;
33, 220, 17, 657, -597, 26, 131, 858, 67;
27, 213, 11, 584, -664, -9, 105, 832, 45;
29, 216, 15, 599, -641, 14, 116, 843, 59;
30, 217, 16, 592, -640, 23, 118, 846, 65;
22, 209, 10, 511, -712, -17, 89, 818, 40;
19, 206, 7, 467, -746, -32, 76, 806, 30;
22, 209, 11, 481, -722, -9, 86, 817, 45;
27, 215, 18, 522, -669, 32, 108, 841, 71;
21, 209, 13, 451, -728, 0, 84, 818, 50;
24, 213, 16, 464, -702, 22, 94, 830, 65;
23, 213, 17, 448, -705, 27, 92, 831, 67;
20, 210, 15, 403, -735, 12, 79, 820, 58;
15, 205, 11, 344, -779, -11, 60, 803, 43;
17, 208, 14, 348, -760, 6, 67, 812, 54;
19, 211, 17, 359, -732, 29, 77, 825, 69;
10, 203, 9, 262, -812, -19, 42, 793, 38;
8, 201, 8, 224, -832, -29, 31, 785, 32;
10, 204, 11, 233, -804, -7, 41, 797, 46;
7, 202, 10, 194, -824, -17, 30, 790, 40;
12, 208, 15, 222, -776, 17, 47, 811, 61;
8, 205, 13, 172, -806, 0, 32, 799, 51;
7, 204, 13, 148, -809, 0, 27, 798, 51;
5, 204, 12, 120, -815, -1, 22, 796, 49;
7, 207, 16, 127, -786, 19, 30, 809, 62;
8, 209, 18, 123, -768, 32, 34, 817, 71;
0, 202, 10, 29, -838, -13, 1, 788, 42;
1, 204, 13, 28, -815, 2, 6, 797, 52;
4, 208, 17, 42, -777, 28, 17, 813, 68;
-3, 201, 10, -50, -845, -17, -15, 785, 40;
0, 207, 15, -22, -791, 17, 1, 807, 62;
-2, 205, 13, -66, -809, 5, -10, 799, 54;
-2, 206, 15, -75, -792, 15, -8, 806, 60;
-10, 200, 8, -162, -851, -25, -39, 781, 34;
-6, 205, 13, -142, -805, 3, -25, 800, 53;
-6, 206, 14, -154, -789, 11, -24, 806, 58;
-8, 205, 13, -190, -797, 3, -34, 802, 53;
-8, 207, 15, -201, -779, 12, -33, 809, 58;
-15, 202, 9, -280, -829, -23, -60, 787, 36;
-13, 205, 12, -275, -796, -5, -53, 800, 47;
-17, 203, 9, -322, -812, -20, -67, 792, 38;
-16, 205, 11, -332, -793, -11, -66, 799, 43;
-17, 206, 12, -346, -777, -5, -66, 805, 47;
-19, 205, 10, -383, -783, -14, -76, 801, 42;
-22, 204, 9, -421, -791, -24, -87, 797, 35;
-16, 211, 15, -382, -720, 16, -65, 824, 61;
-20, 209, 13, -426, -733, 2, -78, 818, 52;
-17, 213, 17, -414, -690, 24, -68, 834, 66;
-26, 206, 9, -509, -754, -23, -103, 806, 36;
-24, 210, 12, -498, -711, -2, -93, 822, 49;
-20, 216, 17, -473, -654, 28, -78, 844, 68;
-23, 214, 14, -520, -669, 11, -93, 836, 58;
-22, 217, 16, -521, -638, 24, -88, 847, 66;
-31, 210, 9, -610, -695, -21, -121, 821, 37;
-24, 218, 16, -562, -615, 23, -97, 852, 65;
-28, 216, 13, -611, -632, 3, -112, 843, 53;
-25, 221, 17, -594, -582, 28, -101, 861, 68;
-33, 215, 10, -675, -632, -13, -130, 839, 42;
-35, 214, 9, -705, -630, -21, -139, 837, 37;
-32, 219, 13, -684, -576, 4, -126, 857, 53;
-31, 222, 15, -685, -545, 15, -122, 868, 60;
-38, 216, 8, -764, -593, -26, -151, 845, 34;
-34, 223, 14, -731, -528, 6, -134, 870, 55;
-35, 224, 14, -747, -512, 6, -137, 874, 55;
-42, 218, 7, -822, -555, -32, -164, 853, 30;
-40, 222, 10, -811, -512, -15, -156, 868, 41;
-43, 221, 7, -851, -521, -32, -169, 862, 31;
-43, 222, 8, -862, -502, -30, -171, 867, 31;
-44, 223, 7, -878, -487, -32, -174, 870, 31;
-44, 225, 8, -883, -461, -26, -173, 878, 34;
-40, 230, 13, -854, -402, 0, -159, 900, 51;
-46, 226, 8, -913, -431, -30, -180, 885, 32;
-46, 228, 8, -925, -413, -30, -183, 889, 31;
-42, 234, 13, -889, -348, 0, -165, 913, 51;
-41, 237, 14, -882, -312, 11, -160, 925, 58;
-43, 236, 12, -913, -315, -2, -171, 921, 49;
-43, 238, 13, -911, -284, 4, -168, 930, 53;
-39, 243, 17, -881, -227, 30, -154, 951, 69;
-43, 241, 13, -927, -245, 5, -171, 940, 54;
-42, 244, 16, -914, -205, 18, -164, 953, 62;
-46, 241, 12, -959, -223, -6, -181, 942, 46;
-43, 246, 15, -934, -172, 13, -169, 960, 59;
-42, 248, 16, -928, -140, 21, -165, 970, 64;
-49, 243, 10, -993, -181, -18, -191, 950, 39;
-46, 248, 13, -966, -129, 2, -179, 968, 52;
-42, 253, 17, -933, -71, 27, -164, 988, 67;
-49, 248, 10, -998, -113, -14, -191, 968, 42;
-51, 247, 8, -1020, -112, -26, -199, 965, 34;
-42, 257, 17, -936, -6, 29, -164, 1005, 69;
-41, 259, 18, -934, 17, 32, -163, 1012, 70;
-43, 259, 17, -946, 27, 24, -167, 1012, 66;
-46, 257, 13, -979, 14, 2, -181, 1004, 52;
-48, 256, 11, -1000, 13, -11, -190, 1000, 43;
-42, 264, 17, -941, 92, 27, -166, 1029, 67;
-51, 256, 8, -1023, 28, -28, -200, 999, 32;
-49, 259, 10, -999, 70, -14, -191, 1013, 41;
-42, 267, 16, -939, 147, 23, -167, 1042, 65;
-49, 262, 10, -997, 106, -18, -192, 1021, 39;
-47, 264, 11, -982, 137, -10, -186, 1031, 44;
-44, 268, 14, -949, 185, 8, -174, 1048, 55;
-44, 269, 14, -945, 204, 7, -173, 1052, 55;
-43, 272, 15, -929, 233, 13, -168, 1061, 59;
-47, 268, 10, -969, 206, -18, -187, 1046, 39;
-41, 275, 16, -904, 284, 20, -161, 1075, 63;
-44, 273, 12, -931, 268, -2, -174, 1066, 49;
-42, 276, 14, -909, 302, 6, -167, 1076, 55;
-41, 277, 14, -893, 327, 10, -163, 1084, 57;
-43, 277, 13, -900, 330, 0, -168, 1082, 50;
-43, 277, 12, -899, 339, -6, -169, 1083, 47;
-46, 275, 8, -920, 325, -27, -181, 1074, 33;
-37, 285, 17, -829, 424, 25, -146, 1111, 66;
-41, 282, 12, -856, 402, 0, -160, 1100, 50;
-41, 282, 12, -853, 411, -6, -161, 1100, 46;
-44, 279, 8, -874, 395, -29, -173, 1091, 32;
-43, 281, 8, -858, 415, -27, -169, 1096, 33;
-36, 288, 14, -785, 490, 11, -142, 1125, 58;
-40, 285, 10, -811, 466, -15, -156, 1112, 41;
-42, 283, 7, -821, 458, -32, -164, 1105, 30;
-39, 286, 9, -788, 491, -20, -154, 1117, 38;
-32, 293, 15, -714, 565, 18, -126, 1145, 62;
-38, 288, 9, -759, 519, -22, -149, 1123, 36;
-35, 291, 11, -719, 557, -7, -136, 1136, 46;
-29, 296, 16, -660, 613, 20, -116, 1157, 63;
-29, 296, 15, -651, 619, 14, -116, 1157, 60;
-29, 297, 15, -634, 632, 13, -113, 1160, 59;
-27, 298, 15, -611, 650, 16, -108, 1165, 61;
-28, 297, 13, -609, 645, 5, -112, 1161, 54;
-26, 300, 15, -577, 671, 13, -103, 1170, 59;
-26, 299, 14, -569, 671, 5, -104, 1168, 54;
-22, 303, 17, -516, 716, 27, -87, 1184, 67;
-29, 296, 9, -574, 649, -24, -115, 1155, 35;
-23, 301, 13, -508, 706, 5, -92, 1177, 54;
-23, 302, 13, -490, 713, 3, -90, 1178, 53;
-22, 302, 13, -471, 720, 1, -87, 1179, 52;
-20, 304, 14, -437, 742, 9, -78, 1186, 56;
-18, 305, 15, -410, 757, 13, -71, 1191, 59;
-14, 308, 17, -364, 789, 28, -58, 1203, 68;
-15, 307, 16, -356, 782, 18, -60, 1199, 62;
-20, 301, 9, -395, 729, -21, -81, 1175, 37;
-12, 309, 16, -305, 803, 22, -49, 1205, 64;
-11, 309, 16, -282, 809, 22, -44, 1207, 64;
-18, 301, 8, -336, 738, -29, -72, 1176, 32;
-10, 309, 15, -243, 813, 16, -39, 1206, 61;
-9, 309, 15, -225, 813, 12, -37, 1205, 58;
-11, 306, 11, -231, 788, -7, -45, 1194, 46;
-8, 308, 13, -188, 811, 5, -33, 1203, 54;
-7, 309, 14, -161, 817, 7, -27, 1205, 55;
-8, 306, 11, -160, 797, -8, -32, 1196, 45;
-1, 312, 17, -84, 852, 26, -6, 1218, 67;
-2, 310, 14, -81, 832, 11, -11, 1210, 58;
-8, 303, 8, -118, 772, -29, -32, 1184, 32;
1, 312, 17, -11, 856, 25, 6, 1219, 66;
0, 310, 15, -5, 838, 12, 3, 1211, 58;
-3, 305, 9, -33, 785, -22, -14, 1189, 36;
-1, 306, 10, 0, 795, -16, -5, 1193, 40;
1, 307, 12, 41, 810, -5, 5, 1200, 47;
4, 309, 14, 83, 826, 6, 17, 1207, 54;
2, 306, 10, 76, 793, -14, 9, 1193, 41;
5, 307, 12, 116, 806, -4, 20, 1199, 48;
3, 304, 9, 116, 778, -21, 14, 1188, 37;
8, 307, 12, 170, 804, -1, 31, 1199, 50;
4, 302, 7, 148, 754, -32, 16, 1179, 30;
13, 310, 16, 248, 826, 18, 52, 1210, 62;
7, 302, 8, 202, 751, -28, 28, 1179, 33;
15, 309, 15, 293, 813, 16, 60, 1206, 61;
15, 307, 14, 307, 797, 9, 60, 1200, 57;
18, 309, 16, 345, 805, 19, 71, 1205, 63;
12, 301, 9, 301, 731, -25, 47, 1175, 35;
14, 302, 10, 340, 740, -14, 58, 1180, 41;
15, 301, 9, 355, 725, -19, 59, 1175, 38;
24, 308, 17, 451, 789, 29, 94, 1203, 69;
20, 303, 13, 430, 738, 0, 80, 1183, 51;
16, 297, 8, 404, 680, -31, 64, 1161, 31;
23, 303, 14, 485, 729, 7, 93, 1183, 55;
22, 300, 12, 486, 699, -5, 88, 1172, 47;
20, 296, 8, 476, 657, -26, 79, 1157, 34;
29, 304, 17, 576, 725, 26, 116, 1186, 67;
24, 297, 11, 541, 658, -10, 97, 1161, 44;
32, 303, 17, 620, 705, 27, 125, 1182, 68;
32, 302, 17, 636, 689, 25, 127, 1177, 67;
34, 302, 18, 665, 685, 31, 134, 1178, 70;
27, 293, 10, 608, 597, -18, 107, 1143, 39;
34, 298, 16, 684, 640, 19, 134, 1164, 62;
29, 291, 9, 644, 568, -19, 113, 1136, 38;
30, 290, 10, 664, 557, -17, 118, 1134, 40;
39, 297, 18, 756, 617, 32, 152, 1161, 71;
29, 286, 8, 680, 508, -29, 116, 1119, 32;
35, 290, 12, 740, 536, -1, 137, 1133, 50;
38, 291, 14, 775, 540, 11, 148, 1137, 58;
33, 285, 9, 742, 475, -20, 131, 1113, 38;
37, 287, 12, 782, 484, -4, 144, 1119, 48;
39, 287, 14, 813, 483, 6, 154, 1121, 55;
37, 283, 11, 799, 439, -11, 145, 1106, 43;
41, 285, 14, 844, 452, 9, 160, 1114, 56;
37, 280, 9, 812, 391, -20, 144, 1092, 38;
37, 279, 10, 827, 375, -18, 148, 1088, 39;
43, 283, 15, 889, 407, 14, 170, 1105, 60;
45, 283, 16, 912, 401, 22, 177, 1105, 64;
37, 273, 8, 844, 303, -30, 147, 1067, 32;
42, 276, 12, 895, 325, -3, 165, 1080, 48;
48, 280, 17, 952, 354, 28, 187, 1095, 68;
40, 272, 10, 891, 264, -18, 159, 1061, 39;
41, 270, 9, 897, 242, -20, 160, 1055, 38;
47, 275, 16, 963, 280, 18, 185, 1074, 62;
46, 272, 14, 957, 248, 9, 181, 1064, 57;
43, 268, 11, 932, 196, -11, 170, 1046, 43;
43, 266, 10, 933, 171, -14, 168, 1038, 41;
46, 268, 13, 969, 182, 5, 182, 1046, 54;
41, 261, 7, 918, 105, -31, 160, 1018, 31;
49, 268, 16, 1002, 164, 21, 194, 1046, 64;
45, 262, 11, 962, 101, -7, 176, 1023, 46;
43, 259, 10, 951, 66, -17, 171, 1012, 40;
45, 259, 11, 965, 58, -9, 176, 1012, 45;
43, 255, 9, 944, 14, -24, 167, 997, 35;
49, 261, 15, 1010, 58, 18, 194, 1019, 62;
51, 261, 17, 1028, 55, 29, 202, 1021, 69;
43, 251, 9, 947, -46, -23, 168, 982, 36;
44, 251, 10, 955, -58, -18, 172, 981, 39;
48, 254, 14, 998, -34, 11, 190, 994, 58;
44, 249, 10, 955, -96, -16, 172, 972, 40;
44, 247, 10, 951, -118, -17, 171, 966, 40;
43, 246, 10, 947, -139, -17, 170, 960, 39;
47, 248, 13, 976, -127, 3, 183, 969, 53;
47, 248, 14, 980, -139, 9, 186, 967, 56;
49, 248, 16, 993, -141, 21, 192, 970, 64;
41, 240, 9, 919, -230, -24, 163, 936, 35;
42, 240, 10, 925, -238, -16, 166, 936, 40;
43, 239, 11, 926, -249, -10, 169, 935, 44;
39, 235, 8, 887, -300, -31, 154, 917, 31;
49, 244, 18, 974, -225, 31, 192, 951, 70;
44, 238, 13, 925, -285, 4, 174, 930, 53;
45, 238, 15, 929, -291, 12, 177, 930, 59;
43, 235, 13, 904, -326, 2, 169, 919, 52;
37, 229, 8, 843, -395, -30, 146, 893, 31;
41, 232, 12, 877, -369, 0, 163, 907, 50;
41, 231, 12, 863, -390, -2, 160, 902, 49;
37, 226, 9, 819, -440, -24, 144, 884, 35;
40, 229, 13, 844, -420, 0, 157, 895, 51;
37, 226, 11, 813, -455, -11, 148, 883, 44;
42, 231, 16, 853, -419, 24, 167, 901, 66;
33, 221, 8, 760, -515, -28, 132, 864, 33;
40, 227, 15, 813, -465, 16, 157, 888, 61;
32, 219, 8, 729, -550, -29, 125, 855, 32;
32, 219, 9, 726, -554, -21, 128, 856, 37;
39, 225, 16, 776, -503, 22, 152, 880, 65;
31, 217, 9, 691, -587, -22, 121, 848, 37;
39, 225, 18, 757, -519, 32, 152, 878, 71;
31, 218, 12, 681, -593, -6, 124, 850, 46;
30, 216, 11, 656, -614, -11, 118, 844, 44;
32, 218, 14, 669, -597, 9, 127, 853, 56;
27, 213, 9, 606, -654, -19, 106, 832, 38;
25, 211, 8, 577, -678, -26, 98, 824, 34;
27, 214, 12, 591, -657, -4, 108, 835, 48;
28, 215, 14, 589, -651, 7, 112, 839, 55;
23, 209, 9, 525, -707, -21, 90, 818, 37;
23, 210, 10, 514, -709, -15, 90, 819, 41;
24, 212, 13, 518, -695, 1, 97, 827, 51;
28, 215, 17, 535, -667, 27, 109, 840, 67;
18, 206, 9, 437, -754, -24, 73, 806, 36;
25, 214, 17, 491, -688, 26, 100, 835, 67;
22, 211, 14, 447, -720, 11, 87, 823, 58;
17, 206, 11, 389, -764, -12, 68, 806, 43;
23, 213, 17, 431, -708, 30, 90, 831, 70;
14, 205, 10, 337, -787, -16, 57, 800, 40;
19, 210, 16, 370, -737, 21, 76, 821, 64;
12, 204, 10, 290, -801, -16, 48, 796, 40;
16, 208, 15, 311, -762, 13, 62, 813, 59;
15, 208, 15, 294, -762, 17, 60, 814, 61;
15, 209, 16, 276, -761, 21, 58, 815, 64;
10, 205, 12, 217, -801, -2, 39, 800, 49;
13, 209, 17, 239, -760, 28, 54, 817, 68;
5, 202, 10, 144, -834, -18, 20, 787, 39;
6, 203, 12, 140, -817, -4, 24, 795, 47;
10, 209, 17, 168, -768, 30, 41, 816, 69;
0, 199, 8, 51, -862, -31, -1, 777, 31;
5, 206, 15, 95, -796, 14, 22, 805, 59;
-1, 200, 9, 15, -853, -22, -5, 782, 36;
-1, 201, 10, -2, -847, -18, -6, 784, 39;
2, 207, 16, 27, -791, 18, 11, 807, 62;
0, 205, 14, -9, -803, 10, 1, 802, 57;
2, 209, 17, -3, -773, 30, 9, 815, 69;
-6, 201, 10, -101, -844, -18, -25, 785, 39;
-7, 201, 9, -128, -845, -20, -30, 784, 38;
-9, 201, 9, -156, -846, -22, -36, 784, 37;
-2, 209, 17, -105, -768, 28, -10, 815, 68;
-9, 203, 12, -182, -816, -6, -36, 795, 46;
-11, 203, 11, -213, -820, -11, -43, 793, 43;
-8, 207, 15, -200, -778, 13, -32, 809, 59;
-14, 202, 10, -270, -820, -17, -56, 791, 40;
-11, 207, 14, -259, -779, 5, -46, 807, 54;
-14, 205, 12, -297, -787, -3, -56, 803, 48;
-13, 208, 14, -298, -759, 11, -51, 813, 58;
-14, 209, 14, -321, -751, 11, -55, 815, 58;
-17, 207, 12, -368, -768, -4, -70, 807, 48;
-20, 206, 11, -400, -769, -10, -78, 806, 44;
-18, 209, 14, -397, -735, 6, -71, 818, 55;
-20, 209, 12, -431, -738, 0, -80, 816, 50;
-25, 205, 8, -491, -767, -26, -100, 802, 34;
-25, 208, 10, -496, -740, -14, -97, 812, 41;
-26, 208, 9, -525, -738, -19, -104, 811, 38;
-25, 211, 12, -525, -706, -5, -99, 822, 47;
-27, 211, 11, -550, -699, -8, -105, 823, 45;
-28, 211, 10, -577, -694, -13, -112, 823, 42;
-22, 219, 18, -529, -614, 32, -87, 855, 71;
-30, 212, 11, -616, -669, -12, -119, 830, 43;
-31, 214, 11, -633, -654, -10, -121, 834, 44;
-34, 212, 9, -674, -662, -25, -134, 828, 35;
-32, 216, 11, -666, -622, -7, -126, 843, 46;
-30, 220, 14, -657, -581, 10, -118, 858, 57;
-30, 222, 16, -663, -555, 18, -117, 866, 62;
-36, 217, 10, -731, -591, -15, -141, 849, 41;
-37, 218, 10, -753, -581, -18, -146, 850, 39;
-36, 221, 12, -750, -547, -6, -142, 862, 47;
-34, 224, 14, -744, -509, 8, -135, 875, 56;
-41, 220, 9, -811, -544, -25, -160, 858, 35;
-36, 226, 13, -779, -481, 5, -143, 881, 54;
-33, 231, 18, -754, -424, 32, -129, 902, 71;
-40, 226, 12, -825, -465, -5, -156, 882, 47;
-35, 232, 16, -795, -403, 23, -140, 905, 65;
-38, 231, 14, -825, -403, 12, -149, 902, 58;
-39, 232, 14, -841, -389, 9, -153, 905, 56;
-39, 234, 15, -846, -364, 14, -153, 912, 59;
-46, 229, 9, -916, -404, -24, -179, 893, 35;
-44, 232, 11, -906, -365, -11, -172, 906, 44;
-47, 230, 8, -945, -375, -30, -186, 899, 32;
-38, 241, 17, -865, -266, 29, -151, 941, 69;
-41, 239, 15, -899, -273, 12, -163, 935, 58;
-47, 235, 9, -957, -302, -20, -185, 919, 38;
-45, 239, 12, -943, -261, -5, -177, 933, 47;
-50, 236, 7, -990, -281, -32, -195, 921, 31;
-46, 241, 11, -962, -226, -8, -182, 941, 45;
-49, 239, 8, -995, -233, -26, -194, 935, 34;
-45, 246, 13, -953, -165, 5, -175, 960, 54;
-42, 250, 17, -927, -115, 25, -164, 977, 66;
-48, 245, 11, -989, -151, -12, -188, 959, 43;
-43, 252, 16, -945, -84, 19, -169, 983, 62;
-49, 247, 10, -1001, -116, -16, -192, 966, 40;
-52, 246, 7, -1028, -120, -32, -203, 961, 30;
-47, 252, 12, -986, -56, -3, -185, 985, 49;
-48, 253, 11, -994, -42, -7, -188, 987, 46;
-48, 254, 11, -996, -23, -8, -188, 992, 45;
-46, 257, 13, -979, 14, 2, -181, 1004, 52;
-46, 258, 13, -978, 35, 3, -181, 1009, 52;
-51, 254, 8, -1028, 4, -31, -202, 993, 31;
-46, 260, 12, -980, 70, 0, -183, 1017, 50;
-44, 264, 15, -952, 116, 16, -172, 1033, 61;
-51, 258, 8, -1021, 65, -31, -201, 1008, 31;
-43, 268, 16, -941, 162, 19, -168, 1045, 63;
-48, 264, 11, -983, 136, -11, -187, 1030, 43;
-50, 262, 8, -1005, 129, -29, -197, 1024, 32;
-41, 273, 17, -914, 234, 27, -161, 1065, 67;
-42, 272, 15, -924, 238, 16, -166, 1063, 61;
-41, 274, 16, -908, 267, 22, -161, 1072, 64;
-47, 270, 10, -958, 230, -15, -183, 1053, 41;
-48, 269, 8, -967, 233, -26, -189, 1051, 34;
-40, 278, 16, -887, 324, 21, -158, 1085, 64;
-40, 279, 16, -881, 339, 18, -158, 1089, 62;
-38, 281, 17, -861, 368, 25, -151, 1098, 66;
-38, 282, 17, -850, 388, 26, -149, 1103, 67;
-42, 279, 12, -885, 360, -4, -166, 1088, 48;
-39, 282, 14, -850, 403, 11, -154, 1103, 58;
-43, 279, 10, -878, 380, -15, -169, 1090, 41;
-36, 287, 17, -803, 461, 26, -140, 1121, 67;
-40, 283, 12, -837, 432, -4, -157, 1106, 48;
-34, 290, 17, -771, 502, 30, -133, 1132, 69;
-35, 289, 16, -773, 503, 19, -137, 1130, 63;
-38, 287, 12, -792, 486, -2, -148, 1120, 49;
-38, 286, 11, -790, 488, -11, -151, 1118, 43;
-34, 291, 14, -740, 539, 11, -134, 1136, 57;
-39, 286, 9, -777, 502, -23, -153, 1119, 36;
-30, 295, 17, -687, 591, 25, -119, 1153, 66;
-35, 290, 10, -728, 548, -13, -140, 1133, 42;
-28, 297, 17, -650, 624, 27, -111, 1162, 67;
-30, 295, 14, -659, 611, 9, -119, 1154, 56;
-27, 299, 16, -619, 646, 23, -107, 1166, 65;
-33, 293, 9, -665, 595, -19, -130, 1143, 38;
-32, 293, 9, -647, 608, -19, -127, 1146, 38;
-24, 302, 17, -557, 691, 27, -94, 1178, 67;
-27, 299, 13, -572, 668, 3, -105, 1167, 53;
-28, 297, 10, -577, 655, -13, -112, 1159, 42;
-29, 296, 9, -572, 651, -23, -114, 1156, 36;
-28, 297, 9, -549, 664, -21, -109, 1159, 37;
-26, 299, 10, -518, 685, -15, -101, 1166, 41;
-25, 299, 10, -496, 695, -14, -97, 1169, 41;
-25, 298, 8, -492, 687, -26, -101, 1164, 34;
-23, 300, 10, -456, 710, -18, -91, 1172, 39;
-20, 302, 11, -421, 731, -9, -81, 1179, 45;
-14, 308, 16, -351, 787, 22, -57, 1201, 64;
-13, 309, 17, -323, 800, 25, -51, 1205, 66;
-19, 302, 9, -370, 737, -21, -76, 1178, 37;
-18, 302, 9, -346, 745, -20, -71, 1180, 38;
-17, 303, 9, -323, 751, -20, -67, 1181, 38;
-8, 311, 17, -227, 829, 27, -33, 1212, 67;
-16, 302, 8, -289, 749, -29, -64, 1178, 32;
-13, 304, 10, -247, 771, -18, -52, 1187, 39;
-9, 307, 13, -193, 806, 2, -35, 1201, 52;
-7, 308, 13, -163, 815, 5, -28, 1204, 54;
-11, 304, 9, -184, 773, -24, -42, 1186, 35;
-8, 306, 10, -144, 792, -13, -31, 1193, 42;
-7, 305, 10, -127, 786, -19, -30, 1190, 39;
-7, 304, 9, -111, 779, -25, -29, 1187, 35;
-6, 304, 8, -90, 777, -27, -26, 1186, 33;
3, 312, 17, 15, 859, 26, 12, 1220, 67;
-3, 304, 9, -37, 782, -25, -15, 1188, 35;
1, 309, 13, 32, 826, 4, 7, 1206, 54;
6, 313, 17, 91, 860, 27, 26, 1221, 68;
3, 308, 12, 69, 812, -3, 11, 1201, 49;
9, 313, 18, 146, 863, 31, 38, 1222, 70;
8, 311, 16, 151, 841, 18, 34, 1213, 62;
5, 306, 11, 129, 792, -12, 20, 1194, 43;
11, 310, 15, 198, 833, 17, 43, 1211, 62;
4, 302, 8, 149, 755, -31, 17, 1180, 31;
15, 312, 17, 266, 844, 30, 60, 1217, 69;
11, 307, 13, 246, 796, 1, 46, 1198, 51;
17, 310, 17, 307, 827, 26, 66, 1212, 67;
14, 306, 13, 293, 784, 0, 55, 1195, 51;
16, 307, 14, 333, 793, 11, 66, 1200, 58;
15, 304, 12, 333, 763, -3, 60, 1189, 48;
18, 306, 14, 371, 771, 6, 71, 1193, 54;
18, 304, 13, 385, 755, 0, 72, 1187, 51;
16, 301, 10, 381, 719, -17, 65, 1174, 39;
21, 304, 14, 440, 748, 7, 84, 1187, 55;
26, 307, 17, 497, 773, 30, 103, 1199, 69;
23, 303, 14, 484, 729, 7, 92, 1183, 55;
19, 296, 8, 451, 664, -29, 74, 1157, 32;
22, 298, 10, 492, 673, -16, 86, 1163, 40;
24, 298, 11, 524, 673, -8, 94, 1165, 45;
26, 299, 13, 558, 675, 0, 104, 1168, 51;
28, 299, 14, 590, 675, 8, 112, 1169, 55;
31, 300, 15, 623, 676, 16, 122, 1172, 61;
28, 296, 12, 610, 631, -4, 112, 1155, 48;
35, 301, 18, 683, 671, 31, 138, 1174, 70;
36, 300, 17, 699, 655, 29, 140, 1170, 69;
36, 299, 17, 716, 640, 28, 143, 1166, 68;
35, 295, 15, 712, 604, 14, 137, 1153, 59;
30, 289, 9, 676, 536, -21, 118, 1128, 37;
35, 292, 13, 728, 556, 2, 136, 1139, 52;
31, 286, 9, 703, 500, -25, 122, 1118, 35;
39, 293, 16, 792, 557, 23, 155, 1144, 65;
32, 283, 8, 728, 461, -29, 125, 1107, 32;
41, 291, 16, 822, 524, 22, 161, 1135, 65;
37, 285, 11, 791, 462, -7, 145, 1113, 46;
33, 280, 7, 767, 407, -32, 132, 1093, 30;
36, 281, 10, 803, 412, -17, 143, 1098, 39;
41, 284, 13, 850, 428, 4, 160, 1107, 53;
39, 281, 11, 845, 393, -7, 155, 1095, 46;
36, 276, 8, 821, 339, -30, 142, 1076, 31;
43, 281, 14, 892, 380, 8, 169, 1096, 56;
37, 273, 8, 845, 304, -29, 147, 1068, 32;
38, 273, 8, 859, 289, -26, 151, 1065, 34;
47, 280, 16, 946, 347, 24, 184, 1092, 66;
42, 273, 11, 905, 279, -8, 166, 1067, 45;
49, 278, 17, 971, 316, 29, 191, 1086, 69;
41, 268, 9, 901, 219, -22, 160, 1049, 37;
47, 273, 15, 967, 258, 16, 186, 1068, 61;
46, 270, 13, 955, 220, 4, 179, 1055, 53;
46, 269, 13, 960, 198, 3, 180, 1050, 53;
46, 268, 13, 967, 179, 3, 181, 1045, 53;
48, 268, 15, 991, 178, 16, 190, 1048, 61;
48, 267, 15, 993, 156, 15, 190, 1042, 60;
45, 262, 12, 966, 105, -5, 178, 1024, 47;
48, 264, 14, 994, 109, 11, 189, 1030, 58;
42, 256, 8, 940, 32, -26, 166, 1001, 34;
50, 263, 17, 1018, 88, 24, 198, 1028, 66;
42, 253, 8, 938, -13, -29, 164, 989, 32;
46, 256, 12, 975, 2, -5, 180, 999, 47;
45, 254, 11, 972, -21, -7, 178, 992, 46;
48, 255, 14, 994, -19, 7, 187, 996, 55;
47, 253, 13, 989, -43, 5, 186, 990, 54;
43, 248, 9, 947, -104, -21, 169, 968, 37;
47, 250, 13, 980, -89, 2, 183, 978, 52;
46, 249, 13, 974, -112, 0, 181, 972, 51;
48, 250, 15, 992, -111, 14, 190, 975, 59;
42, 242, 9, 931, -188, -23, 165, 947, 36;
45, 244, 12, 952, -182, -5, 175, 953, 47;
50, 249, 18, 1003, -146, 31, 197, 971, 70;
45, 243, 13, 953, -210, 2, 178, 948, 52;
43, 240, 11, 930, -246, -8, 170, 936, 45;
47, 242, 15, 957, -230, 14, 183, 946, 60;
44, 238, 12, 925, -274, -1, 172, 931, 50;
46, 240, 15, 940, -270, 14, 180, 936, 59;
45, 238, 14, 925, -295, 10, 176, 929, 57;
44, 236, 14, 911, -318, 7, 172, 922, 55;
41, 232, 11, 875, -363, -9, 159, 907, 44;
42, 233, 13, 884, -362, 3, 166, 910, 53;
37, 227, 9, 830, -423, -24, 146, 888, 35;
44, 234, 16, 889, -370, 22, 173, 913, 64;
42, 231, 15, 865, -399, 14, 166, 904, 60;
40, 229, 13, 838, -431, 5, 158, 894, 54;
39, 228, 13, 824, -449, 4, 155, 889, 53;
42, 230, 17, 841, -435, 25, 165, 898, 66;
39, 227, 15, 808, -470, 13, 155, 886, 59;
34, 221, 10, 750, -528, -15, 134, 864, 41;
31, 218, 8, 713, -566, -29, 123, 851, 32;
31, 217, 8, 700, -579, -27, 121, 849, 33;
32, 219, 11, 706, -572, -12, 127, 854, 43;
33, 219, 12, 704, -572, -2, 130, 856, 49;
36, 223, 16, 727, -547, 24, 143, 869, 65;
34, 220, 15, 696, -574, 15, 135, 861, 60;
33, 219, 15, 673, -592, 12, 129, 855, 58;
30, 216, 13, 636, -624, 0, 118, 844, 51;
25, 211, 9, 582, -673, -23, 100, 826, 36;
30, 216, 14, 612, -635, 9, 117, 844, 57;
24, 210, 9, 547, -693, -20, 95, 822, 38;
25, 212, 12, 550, -682, -4, 100, 829, 47;
27, 214, 14, 555, -668, 11, 107, 836, 58;
20, 207, 9, 478, -735, -25, 80, 810, 35;
20, 208, 10, 468, -735, -18, 81, 812, 39;
24, 212, 14, 489, -702, 10, 94, 827, 57;
23, 211, 14, 466, -713, 9, 90, 824, 56;
19, 207, 11, 415, -751, -9, 74, 810, 44;
21, 210, 14, 424, -728, 11, 83, 821, 58;
17, 207, 12, 380, -758, -3, 69, 810, 49;
17, 208, 13, 366, -758, 2, 69, 812, 52;
20, 211, 17, 379, -728, 27, 80, 825, 67;
12, 204, 10, 292, -799, -15, 49, 797, 41;
15, 208, 14, 308, -766, 10, 61, 812, 57;
10, 203, 10, 247, -809, -13, 41, 795, 42;
13, 207, 14, 260, -777, 10, 52, 809, 57;
12, 206, 14, 234, -784, 9, 47, 807, 56;
8, 204, 12, 192, -807, -2, 35, 798, 49;
4, 200, 9, 134, -844, -24, 16, 783, 35;
11, 209, 17, 192, -765, 29, 46, 816, 69;
7, 206, 14, 140, -796, 11, 30, 804, 58;
2, 202, 11, 82, -832, -11, 11, 790, 44;
4, 205, 14, 87, -804, 8, 19, 802, 56;
6, 208, 17, 86, -781, 24, 24, 811, 66;
-1, 201, 10, 0, -843, -16, -5, 786, 40;
-1, 202, 11, -15, -834, -10, -6, 789, 44;
3, 208, 17, 18, -776, 28, 13, 813, 68;
-1, 204, 13, -42, -811, 4, -6, 799, 53;
-4, 203, 11, -84, -827, -6, -18, 792, 46;
-1, 208, 16, -64, -780, 23, -4, 811, 65;
-4, 205, 14, -110, -800, 8, -17, 803, 56;
-10, 201, 9, -178, -840, -20, -40, 785, 38;
-6, 206, 14, -159, -794, 8, -26, 804, 56;
-13, 201, 9, -232, -839, -24, -51, 785, 35;
-13, 202, 9, -250, -828, -19, -53, 789, 38;
-14, 202, 9, -274, -823, -19, -58, 790, 38;
-14, 204, 11, -284, -804, -10, -56, 797, 44;
-16, 203, 10, -317, -808, -17, -65, 794, 40;
-14, 207, 13, -308, -769, 4, -55, 809, 53;
-18, 204, 10, -361, -791, -14, -72, 799, 41;
-21, 203, 9, -399, -799, -25, -83, 794, 35;
-16, 210, 15, -362, -732, 14, -62, 821, 60;
-17, 211, 15, -386, -725, 13, -67, 823, 59;
-24, 205, 8, -469, -776, -26, -96, 800, 34;
-16, 214, 17, -407, -683, 29, -65, 837, 69;
-23, 210, 12, -478, -722, -2, -90, 819, 49;
-28, 206, 7, -544, -757, -32, -112, 803, 30;
-24, 211, 12, -518, -699, -1, -97, 825, 50;
-30, 207, 8, -581, -730, -29, -118, 811, 32;
-24, 215, 15, -536, -653, 14, -95, 840, 59;
-24, 216, 15, -551, -636, 17, -96, 846, 61;
-33, 210, 8, -639, -692, -27, -128, 820, 33;
-27, 217, 15, -595, -616, 14, -106, 850, 59;
-32, 214, 10, -657, -645, -13, -127, 835, 42;
-26, 221, 17, -613, -569, 27, -104, 865, 68;
-36, 213, 8, -718, -642, -29, -144, 832, 32;
-33, 218, 12, -693, -585, -1, -130, 853, 49;
-31, 222, 15, -686, -546, 14, -123, 867, 60;
-29, 226, 17, -679, -507, 30, -116, 881, 70;
-31, 225, 16, -705, -501, 24, -123, 881, 66;
-36, 222, 12, -760, -524, -1, -142, 869, 50;
-39, 222, 11, -792, -525, -12, -152, 866, 43;
-32, 230, 18, -739, -441, 32, -126, 898, 71;
-43, 221, 8, -846, -516, -29, -167, 864, 32;
-35, 230, 16, -786, -426, 20, -139, 899, 63;
-43, 224, 8, -870, -478, -26, -171, 874, 34;
-40, 228, 12, -848, -427, -3, -159, 892, 48;
-42, 228, 11, -871, -419, -10, -166, 893, 44;
-40, 232, 13, -862, -380, 3, -159, 906, 53;
-42, 232, 12, -885, -373, -4, -166, 905, 48;
-40, 236, 15, -869, -328, 13, -157, 921, 59;
-39, 238, 16, -871, -301, 19, -155, 929, 63;
-39, 240, 16, -874, -276, 23, -155, 937, 65;
-43, 238, 13, -913, -286, 3, -169, 929, 53;
-46, 237, 11, -944, -290, -11, -180, 924, 43;
-43, 241, 14, -926, -244, 6, -170, 940, 54;
-42, 243, 15, -919, -210, 15, -166, 951, 60;
-40, 247, 17, -906, -171, 28, -159, 964, 68;
-43, 245, 14, -937, -175, 11, -170, 959, 58;
-42, 248, 16, -931, -143, 19, -166, 969, 63;
-49, 243, 9, -998, -185, -21, -193, 948, 37;
-48, 246, 11, -985, -148, -10, -187, 960, 44;
-42, 253, 16, -937, -76, 24, -166, 987, 66;
-50, 246, 9, -1013, -128, -24, -197, 961, 35;
-45, 252, 14, -970, -62, 6, -178, 985, 54;
-43, 256, 16, -949, -19, 21, -169, 1000, 64;
-45, 256, 15, -964, -12, 12, -175, 999, 58;
-46, 256, 13, -975, -2, 5, -180, 1000, 54;
-52, 252, 8, -1030, -36, -31, -202, 983, 31;
-49, 256, 11, -1002, 11, -12, -191, 999, 43;
-47, 258, 12, -991, 41, -6, -187, 1008, 46;
-42, 265, 17, -938, 113, 27, -165, 1034, 68;
-49, 259, 10, -1001, 68, -16, -192, 1012, 40;
-49, 260, 10, -1000, 86, -17, -192, 1017, 39;
-42, 268, 16, -936, 167, 22, -166, 1047, 65;
-45, 266, 13, -963, 155, 1, -179, 1039, 51;
-46, 266, 12, -969, 165, -5, -182, 1039, 47;
-49, 264, 8, -994, 154, -25, -194, 1032, 34;
-50, 265, 8, -994, 168, -30, -195, 1034, 32;
-50, 266, 7, -991, 184, -32, -196, 1037, 30;
-46, 270, 11, -952, 236, -11, -181, 1055, 43;
-41, 276, 16, -897, 302, 19, -160, 1080, 63;
-40, 278, 16, -886, 324, 21, -157, 1086, 64;
-39, 279, 16, -875, 345, 22, -155, 1091, 65;
-43, 277, 12, -903, 326, -2, -169, 1080, 49;
-39, 282, 16, -858, 380, 20, -153, 1099, 63;
-43, 278, 11, -894, 352, -10, -170, 1085, 44;
-43, 279, 11, -882, 370, -9, -168, 1089, 44;
-42, 281, 11, -866, 393, -6, -163, 1096, 46;
-42, 281, 11, -860, 404, -11, -164, 1097, 43;
-36, 287, 15, -803, 466, 18, -143, 1120, 62;
-44, 280, 8, -864, 409, -31, -172, 1093, 31;
-37, 287, 14, -792, 484, 7, -145, 1122, 55;
-40, 285, 10, -813, 465, -16, -157, 1111, 40;
-41, 284, 8, -814, 464, -27, -161, 1108, 33;
-34, 291, 14, -743, 536, 9, -135, 1135, 56;
-37, 288, 10, -764, 515, -15, -147, 1124, 41;
-32, 293, 14, -708, 570, 11, -128, 1144, 58;
-34, 292, 12, -712, 564, -2, -133, 1139, 49;
-30, 296, 16, -662, 611, 18, -117, 1156, 62;
-34, 292, 11, -691, 579, -12, -133, 1141, 43;
-36, 290, 8, -702, 563, -31, -141, 1132, 31;
-27, 299, 16, -608, 652, 18, -107, 1167, 62;
-25, 301, 17, -575, 679, 27, -97, 1175, 68;
-32, 294, 9, -631, 617, -22, -125, 1148, 37;
-27, 298, 13, -577, 663, 0, -107, 1165, 51;
-21, 304, 18, -510, 722, 31, -84, 1187, 70;
-30, 295, 8, -578, 645, -27, -117, 1153, 34;
-28, 296, 9, -553, 660, -24, -111, 1157, 35;
-28, 296, 8, -542, 661, -31, -111, 1156, 31;
-25, 299, 10, -502, 690, -18, -100, 1166, 39;
-18, 306, 16, -420, 759, 21, -71, 1194, 64;
-25, 298, 7, -477, 689, -31, -100, 1163, 31;
-23, 300, 9, -442, 711, -23, -90, 1171, 36;
-21, 301, 10, -413, 725, -19, -83, 1175, 39;
-12, 309, 17, -317, 806, 29, -49, 1208, 69;
-13, 308, 16, -309, 799, 19, -50, 1203, 63;
-12, 308, 15, -294, 797, 13, -50, 1201, 59;
-18, 301, 8, -336, 738, -29, -72, 1176, 32;
-15, 304, 10, -290, 766, -14, -59, 1186, 41;
-16, 302, 8, -290, 747, -30, -64, 1178, 31;
-13, 304, 10, -245, 774, -16, -51, 1188, 40;
-12, 304, 9, -226, 772, -20, -49, 1187, 38;
-10, 305, 11, -190, 788, -12, -39, 1192, 43;
-7, 307, 12, -155, 802, -5, -30, 1198, 47;
-6, 307, 12, -129, 807, -3, -25, 1199, 48;
-4, 308, 12, -100, 813, -1, -19, 1202, 50;
-7, 304, 8, -112, 778, -25, -29, 1187, 34;
-6, 304, 8, -88, 779, -25, -25, 1187, 34;
-6, 303, 7, -72, 771, -31, -24, 1183, 31;
1, 310, 15, 18, 837, 12, 7, 1211, 58;
2, 309, 14, 36, 831, 7, 9, 1208, 55;
1, 307, 12, 41, 810, -5, 5, 1200, 47;
3, 308, 13, 74, 817, 0, 13, 1203, 50;
7, 311, 16, 127, 843, 18, 30, 1214, 62;
8, 310, 15, 148, 838, 16, 33, 1212, 61;
8, 309, 14, 162, 824, 9, 33, 1207, 56;
3, 303, 8, 131, 766, -27, 15, 1183, 34;
5, 303, 8, 157, 764, -26, 20, 1183, 34;
8, 305, 10, 198, 776, -14, 32, 1189, 41;
11, 307, 13, 245, 795, 0, 46, 1197, 51;
10, 304, 10, 245, 765, -15, 40, 1186, 41;
12, 305, 12, 282, 772, -6, 50, 1190, 46;
14, 305, 12, 313, 774, -1, 58, 1192, 50;
17, 306, 14, 348, 779, 6, 67, 1195, 55;
15, 303, 11, 347, 747, -9, 61, 1183, 44;
14, 300, 8, 344, 714, -26, 55, 1171, 34;
16, 300, 9, 375, 713, -21, 62, 1172, 37;
23, 306, 16, 459, 766, 19, 92, 1195, 63;
16, 297, 7, 403, 679, -32, 64, 1160, 30;
20, 300, 11, 456, 701, -11, 81, 1171, 43;
22, 300, 12, 488, 700, -4, 89, 1173, 47;
25, 301, 13, 521, 702, 3, 98, 1175, 52;
24, 299, 12, 528, 677, -6, 96, 1166, 47;
31, 304, 17, 601, 718, 28, 121, 1185, 68;
32, 303, 17, 624, 709, 30, 126, 1184, 70;
24, 293, 8, 555, 608, -27, 94, 1144, 33;
30, 297, 13, 625, 645, 5, 118, 1161, 54;
30, 296, 12, 634, 623, -1, 117, 1154, 50;
35, 299, 17, 695, 652, 27, 139, 1168, 67;
31, 293, 12, 665, 590, -4, 122, 1145, 47;
36, 297, 16, 724, 616, 22, 142, 1158, 64;
29, 287, 8, 663, 523, -29, 113, 1122, 32;
30, 287, 8, 686, 514, -25, 119, 1121, 34;
31, 286, 9, 703, 500, -25, 122, 1118, 35;
34, 287, 11, 740, 505, -11, 134, 1122, 43;
40, 292, 16, 804, 537, 20, 157, 1138, 63;
36, 286, 11, 776, 477, -8, 141, 1116, 45;
33, 281, 8, 756, 426, -31, 130, 1098, 31;
43, 290, 17, 861, 501, 29, 170, 1132, 69;
40, 285, 13, 838, 447, 5, 158, 1112, 54;
35, 278, 8, 797, 376, -30, 138, 1085, 32;
42, 284, 14, 873, 421, 11, 167, 1107, 58;
43, 283, 15, 887, 405, 13, 170, 1104, 59;
43, 281, 14, 896, 384, 11, 171, 1098, 57;
44, 280, 14, 904, 363, 9, 171, 1092, 56;
40, 274, 10, 872, 302, -18, 156, 1070, 39;
38, 271, 8, 866, 267, -29, 151, 1059, 32;
42, 273, 11, 900, 273, -12, 163, 1065, 43;
40, 270, 9, 892, 237, -23, 158, 1053, 36;
43, 271, 11, 920, 238, -9, 168, 1056, 44;
40, 266, 8, 897, 188, -30, 157, 1039, 32;
44, 269, 12, 943, 207, -4, 174, 1050, 48;
48, 271, 15, 977, 215, 14, 187, 1057, 60;
49, 270, 16, 991, 204, 20, 191, 1055, 63;
50, 270, 17, 1004, 191, 25, 196, 1054, 66;
49, 268, 16, 1001, 163, 20, 193, 1045, 63;
51, 268, 17, 1016, 155, 28, 199, 1045, 68;
47, 263, 13, 985, 100, 5, 185, 1026, 54;
51, 265, 17, 1022, 114, 28, 200, 1035, 68;
43, 256, 10, 953, 23, -18, 171, 1001, 39;
42, 253, 8, 936, -15, -30, 164, 988, 31;
48, 258, 14, 997, 24, 9, 189, 1008, 56;
46, 255, 12, 978, -15, -3, 181, 995, 49;
49, 257, 16, 1010, -3, 18, 194, 1003, 62;
52, 258, 18, 1030, -2, 32, 203, 1007, 71;
49, 254, 15, 1002, -48, 15, 192, 991, 60;
46, 250, 13, 977, -92, 0, 182, 977, 51;
43, 245, 9, 942, -144, -21, 168, 958, 37;
50, 252, 17, 1009, -94, 25, 197, 982, 67;
45, 246, 12, 962, -156, -2, 178, 960, 49;
49, 248, 16, 994, -140, 21, 192, 970, 64;
40, 239, 8, 910, -238, -30, 159, 933, 32;
49, 246, 16, 984, -178, 23, 191, 961, 65;
47, 244, 15, 967, -208, 16, 186, 952, 61;
47, 243, 15, 962, -226, 17, 185, 948, 62;
42, 237, 11, 914, -286, -8, 167, 926, 45;
41, 235, 10, 899, -312, -13, 163, 919, 42;
48, 241, 17, 954, -266, 29, 188, 941, 69;
38, 230, 8, 853, -376, -30, 148, 898, 31;
46, 237, 16, 924, -314, 23, 180, 927, 65;
39, 230, 10, 851, -394, -18, 152, 897, 39;
46, 236, 17, 910, -342, 28, 179, 921, 68;
45, 234, 17, 895, -364, 26, 175, 915, 67;
44, 233, 17, 881, -383, 25, 173, 910, 66;
38, 226, 11, 816, -452, -9, 149, 885, 45;
41, 229, 15, 840, -432, 15, 162, 896, 60;
38, 226, 12, 801, -474, 0, 149, 881, 50;
41, 229, 17, 827, -451, 25, 163, 894, 67;
38, 225, 14, 787, -491, 9, 150, 880, 56;
39, 226, 15, 785, -494, 18, 152, 881, 62;
31, 218, 9, 703, -576, -25, 122, 850, 35;
33, 219, 11, 710, -568, -10, 128, 855, 44;
34, 220, 13, 714, -562, 4, 134, 861, 53;
32, 218, 12, 686, -587, -2, 127, 853, 49;
34, 220, 15, 695, -575, 14, 134, 860, 60;
27, 213, 9, 621, -645, -22, 108, 833, 36;
27, 213, 10, 610, -650, -17, 108, 833, 40;
26, 212, 9, 586, -669, -20, 102, 828, 38;
27, 214, 12, 589, -659, -5, 108, 834, 47;
31, 218, 17, 616, -625, 25, 123, 850, 66;
27, 214, 14, 569, -663, 7, 108, 836, 55;
20, 207, 8, 491, -732, -30, 81, 810, 32;
29, 217, 18, 565, -649, 32, 116, 846, 71;
20, 207, 9, 461, -742, -22, 78, 809, 36;
20, 208, 10, 451, -740, -14, 79, 812, 41;
24, 212, 16, 480, -699, 18, 95, 830, 62;
19, 208, 12, 422, -744, -4, 77, 813, 47;
20, 209, 13, 413, -740, 3, 78, 816, 53;
21, 211, 16, 415, -723, 20, 84, 825, 63;
17, 208, 13, 367, -756, 3, 69, 812, 53;
18, 209, 15, 359, -748, 13, 71, 817, 59;
11, 203, 9, 284, -807, -20, 46, 794, 38;
11, 204, 10, 271, -803, -13, 46, 796, 42;
12, 205, 12, 266, -790, -1, 49, 803, 50;
12, 206, 14, 255, -782, 7, 50, 807, 55;
6, 201, 9, 185, -834, -23, 26, 786, 36;
5, 201, 8, 157, -841, -25, 20, 784, 35;
3, 200, 8, 127, -851, -29, 13, 780, 32;
9, 207, 15, 174, -783, 17, 38, 809, 61;
0, 199, 8, 76, -859, -31, 3, 778, 31;
7, 206, 15, 121, -792, 15, 27, 806, 60;
0, 200, 8, 35, -855, -25, -2, 780, 35;
-1, 200, 9, 16, -851, -21, -4, 782, 37;
-2, 200, 9, -11, -856, -24, -10, 780, 35;
3, 207, 16, 36, -783, 24, 15, 811, 65;
0, 206, 15, -5, -800, 12, 3, 804, 58;
-2, 204, 12, -50, -819, 0, -9, 795, 50;
0, 207, 15, -47, -790, 18, -2, 807, 62;
-8, 200, 8, -138, -855, -26, -34, 780, 34;
-3, 207, 15, -98, -788, 16, -12, 807, 61;
-3, 208, 16, -114, -777, 21, -13, 812, 64;
-4, 208, 16, -137, -772, 22, -17, 813, 65;
-4, 210, 18, -147, -754, 32, -16, 820, 71;
-7, 208, 15, -193, -772, 17, -30, 812, 62;
-7, 209, 17, -207, -756, 24, -30, 817, 66;
-12, 206, 12, -269, -789, 0, -50, 803, 50;
-17, 203, 9, -324, -815, -21, -68, 791, 37;
-13, 208, 14, -302, -762, 9, -53, 812, 56;
-20, 203, 8, -379, -809, -26, -79, 791, 34;
-14, 211, 16, -331, -731, 20, -54, 823, 63;
-23, 203, 8, -428, -797, -28, -89, 794, 32;
-15, 212, 17, -370, -708, 24, -60, 829, 66;
-15, 214, 18, -381, -688, 32, -60, 836, 71;
-21, 210, 13, -450, -726, 0, -83, 819, 51;
-23, 209, 12, -482, -726, -5, -91, 817, 47;
-19, 215, 17, -453, -666, 27, -75, 841, 68;
-20, 215, 17, -478, -659, 25, -80, 842, 66;
-29, 208, 9, -575, -724, -25, -115, 813, 35;
-23, 216, 15, -531, -648, 17, -92, 843, 62;
-30, 211, 9, -607, -692, -19, -119, 823, 38;
-25, 217, 15, -573, -626, 16, -101, 848, 61;
-25, 220, 17, -574, -595, 28, -97, 858, 68;
-28, 218, 15, -615, -604, 13, -110, 853, 59;
-33, 215, 11, -671, -628, -11, -129, 840, 44;
-34, 215, 10, -697, -622, -16, -135, 841, 40;
-35, 216, 10, -712, -605, -14, -137, 845, 41;
-28, 225, 18, -661, -521, 31, -112, 878, 70;
-32, 223, 15, -700, -528, 16, -124, 872, 61;
-35, 222, 13, -740, -536, 0, -137, 866, 51;
-32, 226, 16, -722, -486, 23, -126, 884, 65;
-36, 224, 13, -768, -501, 3, -142, 876, 53;
-39, 223, 11, -802, -503, -9, -152, 872, 45;
-37, 226, 13, -798, -469, 2, -148, 883, 52;
-34, 231, 17, -773, -412, 29, -134, 904, 69;
-39, 228, 12, -832, -441, -1, -155, 889, 49;
-38, 231, 14, -827, -405, 10, -150, 901, 57;
-43, 227, 10, -882, -430, -17, -170, 888, 40;
-42, 230, 11, -879, -397, -7, -166, 899, 46;
-41, 233, 13, -874, -362, 3, -162, 910, 52;
-38, 238, 16, -853, -312, 24, -150, 928, 66;
-37, 240, 18, -851, -281, 32, -147, 937, 71;
-47, 232, 9, -945, -346, -23, -184, 907, 36;
-45, 236, 11, -931, -304, -8, -176, 922, 45;
-45, 237, 11, -941, -286, -9, -178, 926, 45;
-45, 239, 12, -944, -262, -5, -178, 933, 47;
-44, 242, 14, -932, -223, 6, -171, 946, 55;
-46, 241, 12, -957, -221, -5, -180, 943, 47;
-45, 244, 13, -950, -188, 3, -176, 953, 53;
-43, 248, 15, -934, -147, 17, -168, 967, 61;
-49, 243, 9, -998, -186, -21, -193, 948, 37;
-41, 253, 18, -921, -84, 32, -160, 987, 71;
-49, 246, 10, -998, -137, -16, -191, 961, 40;
-42, 254, 17, -939, -54, 25, -166, 992, 66;
-49, 248, 10, -1006, -98, -17, -193, 970, 39;
-44, 255, 15, -955, -25, 17, -172, 997, 61;
-49, 252, 10, -1004, -52, -14, -192, 983, 41;
-48, 253, 11, -1000, -27, -11, -190, 990, 43;
-45, 258, 14, -973, 20, 6, -179, 1006, 55;
-43, 261, 16, -949, 64, 22, -169, 1021, 64;
-45, 261, 14, -965, 67, 10, -176, 1019, 57;
-46, 261, 13, -972, 79, 5, -179, 1021, 54;
-49, 259, 10, -999, 69, -15, -191, 1013, 41;
-48, 261, 10, -995, 91, -14, -190, 1019, 42;
-46, 265, 13, -966, 137, 2, -179, 1034, 52;
-44, 267, 14, -953, 166, 8, -175, 1043, 56;
-41, 272, 17, -916, 218, 29, -160, 1061, 69;
-44, 269, 14, -946, 202, 5, -174, 1051, 54;
-40, 274, 17, -903, 260, 30, -157, 1072, 70;
-42, 273, 15, -920, 256, 15, -166, 1067, 60;
-45, 272, 12, -940, 248, -3, -176, 1060, 48;
-47, 270, 9, -961, 239, -22, -186, 1053, 37;
-42, 276, 14, -902, 308, 11, -164, 1079, 57;
-48, 271, 8, -954, 266, -29, -188, 1058, 32;
-41, 279, 14, -883, 347, 11, -160, 1089, 58;
-42, 278, 13, -889, 349, 0, -165, 1087, 51;
-39, 282, 15, -853, 393, 17, -153, 1102, 61;
-36, 286, 18, -820, 433, 31, -142, 1115, 70;
-38, 284, 15, -836, 422, 12, -151, 1108, 58;
-39, 284, 14, -831, 433, 7, -152, 1109, 55;
-41, 282, 11, -844, 425, -9, -160, 1103, 45;
-36, 288, 15, -789, 483, 18, -141, 1124, 62;
-35, 289, 16, -775, 501, 18, -138, 1129, 62;
-36, 289, 14, -773, 504, 9, -140, 1128, 57;
-40, 285, 9, -805, 473, -21, -157, 1112, 37;
-39, 286, 10, -785, 494, -18, -152, 1118, 39;
-34, 291, 14, -732, 547, 6, -134, 1137, 54;
-34, 292, 13, -721, 557, 2, -133, 1139, 52;
-32, 293, 14, -697, 579, 7, -127, 1145, 55;
-33, 293, 12, -694, 579, -2, -130, 1143, 49;
-34, 292, 10, -693, 577, -13, -133, 1140, 42;
-34, 292, 9, -685, 580, -20, -134, 1139, 38;
-25, 300, 17, -593, 667, 28, -101, 1173, 68;
-34, 292, 8, -661, 594, -29, -133, 1140, 32;
-27, 299, 14, -587, 661, 6, -107, 1166, 55;
-29, 296, 10, -599, 641, -14, -116, 1156, 42;
-29, 296, 10, -582, 650, -16, -114, 1157, 40;
-28, 297, 10, -564, 659, -18, -111, 1159, 39;
-27, 298, 10, -538, 675, -14, -105, 1164, 41;
-28, 296, 7, -544, 659, -32, -112, 1155, 30;
-24, 300, 10, -494, 697, -13, -97, 1170, 42;
-19, 305, 15, -430, 749, 14, -75, 1190, 59;
-17, 306, 16, -399, 767, 20, -67, 1195, 63;
-21, 301, 10, -429, 723, -14, -85, 1176, 41;
-19, 303, 12, -391, 747, -4, -74, 1184, 48;
-12, 309, 17, -318, 805, 29, -49, 1207, 69;
-11, 310, 18, -290, 817, 32, -43, 1211, 71;
-19, 301, 8, -360, 731, -29, -77, 1174, 32;
-11, 308, 15, -271, 803, 13, -45, 1203, 59;
-9, 310, 16, -232, 824, 24, -35, 1211, 65;
-10, 307, 14, -235, 802, 5, -41, 1201, 54;
-7, 310, 16, -191, 827, 19, -29, 1210, 62;
-7, 309, 15, -176, 822, 13, -28, 1207, 59;
-10, 305, 11, -190, 788, -12, -39, 1193, 43;
-10, 304, 9, -183, 774, -23, -42, 1186, 36;
-5, 308, 13, -118, 817, 3, -21, 1204, 52;
-9, 303, 8, -144, 769, -30, -37, 1183, 31;
-8, 303, 8, -119, 772, -30, -32, 1184, 32;
2, 313, 18, -2, 865, 31, 10, 1222, 70;
0, 309, 13, -18, 825, 4, -1, 1206, 53;
0, 309, 13, 4, 823, 2, 1, 1205, 52;
0, 307, 11, 11, 806, -8, 0, 1198, 45;
0, 305, 9, 18, 787, -20, -3, 1190, 38;
8, 313, 17, 119, 862, 30, 32, 1222, 69;
0, 303, 8, 51, 768, -31, -1, 1183, 31;
8, 310, 15, 144, 834, 14, 31, 1211, 59;
2, 303, 8, 106, 769, -27, 10, 1184, 33;
10, 310, 15, 195, 830, 15, 41, 1210, 60;
6, 304, 9, 166, 773, -19, 24, 1187, 38;
12, 309, 15, 241, 819, 13, 49, 1207, 59;
16, 311, 17, 289, 838, 30, 64, 1216, 69;
11, 304, 11, 252, 772, -10, 43, 1189, 44;
11, 303, 10, 266, 757, -16, 43, 1184, 40;
18, 309, 16, 345, 805, 19, 71, 1205, 63;
11, 300, 8, 292, 723, -30, 44, 1172, 31;
12, 300, 8, 318, 718, -29, 49, 1171, 32;
15, 301, 10, 357, 727, -18, 60, 1176, 39;
20, 305, 14, 420, 759, 8, 81, 1190, 56;
25, 308, 18, 476, 783, 31, 99, 1202, 70;
22, 303, 13, 458, 734, 4, 87, 1183, 53;
19, 299, 9, 444, 689, -19, 76, 1166, 38;
26, 304, 15, 519, 732, 16, 102, 1186, 60;
26, 302, 14, 528, 709, 8, 101, 1178, 56;
30, 304, 17, 577, 726, 26, 117, 1187, 67;
21, 294, 7, 509, 626, -32, 84, 1147, 30;
25, 296, 10, 557, 642, -13, 99, 1156, 42;
30, 299, 14, 615, 668, 11, 118, 1169, 58;
24, 292, 8, 570, 590, -31, 95, 1139, 31;
29, 295, 12, 632, 620, -2, 116, 1153, 49;
32, 296, 14, 669, 625, 9, 128, 1157, 56;
28, 291, 9, 640, 564, -21, 111, 1135, 37;
29, 289, 9, 654, 546, -24, 113, 1129, 35;
37, 296, 16, 740, 600, 21, 145, 1154, 64;
39, 296, 17, 771, 599, 30, 154, 1156, 69;
37, 293, 15, 765, 561, 15, 148, 1143, 60;
40, 293, 17, 796, 561, 25, 157, 1146, 67;
32, 283, 8, 728, 461, -29, 125, 1107, 32;
38, 288, 13, 794, 495, 3, 149, 1124, 53;
35, 284, 10, 779, 449, -15, 139, 1107, 41;
37, 284, 11, 804, 444, -8, 147, 1108, 45;
39, 284, 12, 828, 437, -1, 154, 1108, 50;
37, 280, 10, 818, 396, -16, 146, 1094, 40;
38, 279, 10, 835, 383, -13, 151, 1091, 42;
39, 279, 11, 853, 371, -9, 155, 1089, 44;
39, 277, 10, 855, 343, -16, 154, 1081, 40;
41, 277, 12, 882, 342, -4, 163, 1083, 48;
42, 276, 12, 893, 323, -4, 164, 1079, 47;
45, 278, 15, 930, 332, 13, 178, 1086, 59;
44, 276, 14, 928, 301, 6, 175, 1076, 54;
41, 271, 10, 901, 246, -17, 162, 1056, 40;
45, 273, 13, 939, 257, 2, 176, 1064, 52;
46, 272, 14, 953, 244, 7, 180, 1062, 55;
47, 272, 15, 968, 233, 12, 185, 1061, 58;
49, 272, 16, 988, 226, 21, 191, 1061, 64;
49, 270, 16, 993, 205, 21, 192, 1056, 64;
42, 262, 9, 929, 117, -24, 165, 1023, 35;
46, 265, 13, 972, 135, 1, 181, 1034, 51;
45, 262, 12, 965, 103, -6, 177, 1024, 47;
45, 260, 11, 964, 79, -8, 177, 1017, 45;
44, 258, 10, 953, 45, -17, 171, 1007, 40;
44, 257, 10, 958, 28, -15, 173, 1003, 41;
46, 257, 12, 975, 23, -4, 180, 1004, 47;
48, 258, 14, 999, 26, 10, 190, 1009, 57;
45, 253, 11, 966, -27, -11, 176, 990, 43;
42, 250, 8, 944, -69, -25, 167, 976, 35;
50, 256, 16, 1011, -22, 19, 195, 999, 63;
48, 253, 14, 995, -55, 10, 189, 988, 57;
41, 245, 8, 930, -139, -31, 162, 957, 31;
43, 246, 10, 946, -140, -18, 170, 960, 39;
41, 242, 8, 923, -180, -31, 161, 947, 31;
42, 242, 8, 927, -192, -25, 164, 945, 34;
49, 248, 16, 994, -140, 22, 193, 970, 64;
43, 241, 10, 932, -216, -15, 168, 942, 41;
48, 245, 16, 978, -184, 19, 189, 958, 62;
46, 243, 14, 957, -219, 9, 181, 947, 56;
49, 244, 17, 977, -210, 28, 192, 954, 68;
43, 237, 11, 915, -284, -7, 168, 927, 46;
48, 242, 17, 962, -248, 29, 189, 945, 69;
47, 240, 16, 945, -275, 24, 184, 937, 65;
38, 231, 8, 860, -369, -26, 151, 901, 34;
38, 229, 8, 848, -390, -27, 148, 896, 33;
39, 230, 10, 852, -393, -17, 153, 897, 40;
40, 230, 12, 857, -395, -6, 157, 899, 46;
36, 225, 8, 810, -449, -30, 140, 880, 32;
40, 229, 12, 841, -423, 0, 156, 894, 50;
40, 228, 13, 835, -434, 3, 157, 892, 53;
38, 227, 12, 814, -458, -1, 151, 885, 49;
40, 227, 14, 818, -458, 10, 156, 888, 57;
37, 224, 12, 785, -493, -2, 145, 876, 49;
35, 222, 11, 756, -523, -11, 137, 866, 43;
32, 219, 9, 726, -553, -20, 128, 857, 38;
35, 222, 13, 745, -534, 2, 139, 867, 52;
35, 222, 14, 736, -542, 7, 139, 866, 55;
39, 225, 18, 756, -520, 32, 152, 878, 70;
34, 220, 14, 700, -574, 5, 132, 858, 54;
36, 223, 17, 718, -552, 29, 144, 869, 69;
30, 216, 12, 646, -620, -6, 118, 844, 47;
28, 214, 11, 618, -642, -11, 111, 837, 43;
30, 216, 14, 626, -628, 6, 119, 845, 54;
30, 216, 14, 612, -636, 9, 117, 844, 57;
22, 208, 7, 529, -711, -32, 87, 814, 30;
23, 209, 9, 524, -708, -22, 90, 818, 37;
28, 215, 15, 561, -661, 16, 110, 839, 61;
19, 206, 8, 469, -745, -31, 76, 806, 31;
23, 211, 13, 496, -707, 0, 92, 824, 51;
21, 209, 12, 465, -726, -5, 84, 817, 47;
19, 208, 11, 434, -745, -11, 77, 811, 43;
19, 208, 11, 418, -748, -7, 75, 811, 46;
15, 204, 9, 369, -783, -25, 60, 798, 35;
22, 212, 17, 427, -711, 28, 89, 830, 68;
12, 202, 8, 316, -808, -30, 48, 791, 31;
20, 211, 17, 379, -729, 26, 79, 825, 67;
17, 209, 15, 336, -755, 13, 67, 815, 59;
15, 207, 14, 305, -769, 9, 60, 810, 56;
13, 206, 13, 270, -786, 1, 51, 804, 51;
11, 205, 13, 244, -794, 0, 45, 802, 50;
6, 201, 8, 179, -839, -27, 24, 784, 33;
10, 205, 13, 202, -797, 3, 39, 802, 53;
11, 208, 16, 207, -771, 23, 46, 813, 65;
7, 205, 13, 151, -806, 2, 29, 800, 52;
9, 207, 16, 155, -781, 21, 36, 811, 64;
3, 203, 11, 87, -826, -7, 13, 792, 46;
5, 206, 14, 91, -799, 11, 21, 803, 58;
0, 201, 10, 25, -842, -15, 0, 786, 41;
5, 208, 17, 62, -781, 25, 20, 811, 66;
-4, 199, 8, -46, -866, -31, -19, 776, 31;
3, 208, 17, 18, -776, 28, 13, 814, 68;
-2, 204, 13, -49, -818, 0, -9, 796, 51;
-2, 204, 13, -68, -811, 3, -11, 799, 53;
-5, 203, 12, -105, -822, -4, -21, 794, 48;
-3, 206, 15, -102, -792, 13, -14, 806, 59;
-4, 207, 16, -119, -781, 18, -15, 810, 62;
-6, 206, 14, -157, -792, 9, -26, 805, 56;
-12, 201, 9, -227, -833, -20, -49, 787, 38;
-8, 208, 15, -196, -774, 15, -31, 811, 60;
-13, 204, 11, -257, -806, -8, -50, 797, 45;
-11, 207, 14, -255, -776, 8, -44, 809, 56;
-19, 201, 7, -341, -831, -32, -74, 785, 30;
-18, 203, 10, -344, -804, -18, -70, 795, 39;
-12, 211, 17, -301, -731, 25, -47, 824, 66;
-15, 209, 14, -346, -746, 10, -60, 817, 57;
-15, 211, 15, -357, -726, 18, -60, 823, 62;
-14, 213, 18, -360, -699, 31, -56, 833, 70;
-22, 207, 10, -452, -759, -14, -89, 807, 41;
-21, 209, 12, -454, -730, -1, -85, 817, 49;
-25, 207, 10, -502, -746, -19, -100, 809, 39;
-27, 207, 9, -527, -740, -21, -105, 810, 37;
-23, 213, 14, -502, -683, 9, -90, 832, 56;
-29, 208, 9, -573, -722, -24, -115, 814, 35;
-25, 214, 14, -542, -659, 10, -97, 838, 57;
-26, 215, 14, -567, -652, 6, -103, 839, 55;
-32, 211, 9, -633, -686, -23, -126, 823, 36;
-32, 212, 10, -645, -666, -18, -126, 829, 39;
-30, 216, 13, -634, -623, 1, -118, 845, 51;
-34, 213, 9, -689, -645, -22, -136, 833, 36;
-28, 222, 16, -638, -562, 23, -111, 865, 65;
-36, 215, 9, -728, -620, -24, -144, 839, 35;
-31, 222, 15, -686, -546, 14, -122, 867, 60;
-29, 226, 18, -678, -506, 31, -115, 881, 70;
-37, 220, 11, -759, -556, -11, -145, 858, 43;
-35, 223, 13, -754, -519, 2, -139, 871, 52;
-33, 227, 16, -739, -472, 22, -130, 888, 65;
-36, 226, 14, -778, -480, 6, -143, 882, 55;
-43, 221, 8, -850, -521, -31, -169, 862, 31;
-42, 223, 9, -852, -491, -23, -167, 871, 36;
-35, 232, 17, -789, -398, 27, -138, 907, 67;
-41, 228, 11, -856, -434, -8, -162, 889, 45;
-37, 233, 16, -827, -375, 18, -148, 911, 62;
-41, 232, 13, -865, -383, 1, -160, 904, 51;
-39, 235, 15, -856, -344, 15, -154, 917, 60;
-38, 237, 16, -855, -314, 22, -151, 927, 65;
-48, 230, 8, -947, -377, -31, -187, 898, 31;
-41, 238, 15, -891, -292, 12, -162, 930, 58;
-48, 233, 8, -962, -335, -28, -189, 909, 33;
-48, 235, 9, -963, -308, -23, -187, 917, 36;
-44, 240, 13, -933, -251, 1, -173, 937, 51;
-47, 239, 10, -966, -256, -15, -185, 932, 41;
-48, 239, 10, -977, -241, -18, -188, 935, 39;
-48, 241, 10, -978, -217, -15, -187, 942, 41;
-43, 247, 15, -941, -153, 13, -170, 965, 59;
-51, 241, 7, -1014, -201, -31, -200, 941, 31;
-44, 250, 15, -949, -112, 13, -172, 975, 59;
-49, 246, 10, -997, -136, -15, -191, 962, 41;
-49, 247, 10, -1005, -120, -18, -193, 965, 39;
-42, 256, 17, -934, -27, 29, -164, 1000, 69;
-47, 252, 12, -984, -53, -1, -184, 986, 49;
-44, 257, 16, -954, -2, 18, -171, 1003, 62;
-44, 257, 15, -963, 9, 13, -175, 1005, 59;
-44, 259, 15, -961, 31, 14, -174, 1011, 59;
-42, 262, 17, -944, 69, 25, -167, 1023, 66;
-49, 257, 10, -1003, 29, -14, -192, 1003, 41;
-44, 263, 15, -959, 92, 13, -174, 1026, 59;
-51, 258, 8, -1017, 52, -26, -199, 1006, 34;
-47, 262, 12, -983, 104, -5, -185, 1024, 47;
-47, 264, 12, -978, 125, -5, -184, 1029, 47;
-51, 261, 7, -1014, 105, -32, -200, 1018, 31;
-41, 271, 17, -920, 214, 27, -162, 1060, 68;
-50, 263, 7, -1004, 144, -32, -198, 1027, 30;
-48, 266, 9, -982, 180, -21, -190, 1039, 37;
-50, 266, 8, -990, 186, -31, -195, 1038, 31;
-44, 273, 13, -929, 259, 4, -171, 1065, 53;
-44, 273, 12, -929, 270, -1, -173, 1066, 50;
-41, 277, 15, -898, 312, 13, -163, 1081, 59;
-42, 276, 13, -904, 316, 3, -167, 1079, 53;
-39, 281, 16, -866, 364, 22, -153, 1096, 64;
-44, 277, 11, -904, 334, -9, -172, 1080, 44;
-37, 284, 17, -837, 409, 27, -146, 1108, 68;
-37, 284, 17, -830, 423, 24, -146, 1111, 66;
-44, 278, 9, -886, 373, -20, -172, 1087, 38;
-38, 285, 15, -822, 442, 14, -148, 1113, 59;
-42, 282, 10, -852, 416, -14, -164, 1099, 41;
-35, 289, 16, -781, 492, 23, -137, 1128, 65;
-39, 285, 11, -814, 461, -7, -154, 1112, 46;
-42, 282, 8, -835, 443, -31, -166, 1102, 31;
-41, 284, 8, -816, 463, -28, -162, 1107, 32;
-33, 292, 15, -731, 548, 17, -130, 1140, 61;
-36, 289, 11, -754, 525, -8, -143, 1128, 45;
-38, 288, 9, -758, 520, -21, -148, 1124, 37;
-29, 296, 17, -670, 606, 25, -116, 1156, 66;
-35, 291, 10, -713, 561, -14, -138, 1135, 41;
-31, 294, 13, -669, 601, 2, -124, 1150, 52;
-29, 297, 14, -637, 628, 11, -115, 1159, 58;
-31, 295, 12, -645, 615, -6, -122, 1151, 47;
-27, 299, 15, -595, 660, 14, -106, 1167, 60;
-29, 297, 12, -606, 642, -5, -114, 1158, 47;
-31, 295, 9, -611, 630, -22, -121, 1151, 37;
-26, 299, 12, -560, 672, -1, -105, 1166, 49;
-23, 301, 14, -520, 703, 11, -93, 1177, 57;
-22, 303, 15, -492, 721, 15, -86, 1183, 60;
-25, 300, 11, -508, 694, -8, -98, 1170, 45;
-23, 301, 12, -481, 710, -4, -91, 1175, 47;
-20, 303, 13, -443, 736, 5, -80, 1184, 54;
-23, 300, 9, -460, 706, -20, -92, 1170, 38;
-18, 304, 13, -401, 752, 4, -73, 1188, 53;
-14, 308, 17, -344, 794, 26, -55, 1204, 67;
-13, 309, 17, -324, 799, 25, -51, 1205, 66;
-20, 301, 8, -379, 728, -27, -80, 1174, 34;
-12, 308, 15, -292, 799, 15, -49, 1202, 60;
-14, 306, 12, -292, 782, 0, -54, 1194, 50;
-9, 309, 16, -239, 817, 19, -38, 1208, 62;
-13, 305, 11, -259, 779, -9, -51, 1191, 44;
-8, 309, 15, -198, 821, 15, -31, 1208, 60;
-5, 311, 17, -155, 843, 27, -19, 1216, 67;
-10, 305, 10, -193, 785, -14, -41, 1191, 41;
-2, 312, 17, -106, 851, 27, -10, 1218, 68;
-4, 309, 14, -108, 827, 9, -16, 1208, 57;
-9, 303, 8, -143, 770, -29, -37, 1184, 32;
-7, 304, 8, -112, 778, -25, -29, 1187, 34;
-3, 307, 12, -55, 812, -4, -11, 1201, 48;
-4, 305, 9, -56, 787, -21, -17, 1190, 37;
0, 308, 13, 0, 820, 0, 0, 1204, 51;
1, 309, 13, 32, 826, 4, 7, 1206, 54;
7, 313, 18, 95, 865, 30, 28, 1222, 70;
0, 305, 9, 43, 786, -20, 0, 1190, 38;
8, 312, 16, 133, 849, 22, 32, 1217, 65;
6, 308, 13, 129, 819, 4, 25, 1205, 53;
4, 305, 10, 119, 782, -18, 15, 1189, 39;
3, 302, 8, 125, 759, -31, 12, 1181, 31;
14, 312, 18, 244, 851, 31, 56, 1219, 70;
6, 303, 8, 180, 758, -26, 24, 1182, 34;
16, 311, 17, 287, 836, 28, 63, 1215, 68;
12, 306, 13, 269, 789, 0, 50, 1196, 51;
14, 306, 13, 298, 788, 4, 57, 1197, 53;
13, 304, 11, 298, 759, -11, 51, 1186, 43;
17, 307, 14, 353, 783, 9, 69, 1197, 56;
19, 307, 15, 387, 787, 16, 77, 1199, 61;
21, 307, 15, 410, 780, 17, 82, 1198, 61;
15, 300, 9, 371, 709, -24, 60, 1170, 35;
17, 300, 10, 401, 708, -18, 68, 1171, 39;
20, 301, 12, 442, 718, -6, 80, 1177, 46;
21, 301, 11, 463, 707, -7, 84, 1174, 46;
20, 298, 10, 467, 679, -18, 80, 1164, 39;
28, 304, 16, 551, 732, 23, 111, 1188, 65;
30, 305, 18, 584, 733, 31, 119, 1190, 70;
24, 297, 11, 541, 658, -10, 97, 1161, 44;
22, 293, 8, 531, 616, -31, 88, 1145, 31;
31, 300, 15, 623, 676, 16, 122, 1172, 61;
32, 300, 16, 645, 666, 19, 126, 1170, 62;
28, 294, 11, 619, 607, -11, 111, 1148, 43;
30, 294, 12, 645, 601, -6, 118, 1148, 47;
31, 294, 12, 670, 594, -1, 124, 1147, 49;
29, 290, 9, 658, 550, -21, 115, 1131, 37;
33, 291, 12, 700, 560, -5, 128, 1138, 47;
36, 293, 14, 742, 570, 11, 142, 1144, 57;
38, 294, 16, 773, 569, 21, 151, 1146, 64;
40, 294, 17, 798, 563, 27, 158, 1146, 67;
34, 286, 10, 752, 485, -13, 135, 1117, 42;
42, 292, 17, 832, 533, 29, 165, 1140, 69;
39, 288, 14, 817, 487, 9, 155, 1123, 56;
40, 286, 14, 828, 468, 7, 157, 1118, 55;
35, 280, 9, 793, 402, -24, 139, 1094, 35;
41, 284, 13, 851, 429, 5, 160, 1108, 54;
40, 281, 12, 847, 395, -5, 156, 1097, 47;
43, 282, 14, 884, 402, 11, 168, 1103, 58;
46, 284, 17, 921, 409, 27, 181, 1108, 68;
39, 276, 10, 865, 324, -16, 155, 1076, 40;
41, 276, 11, 888, 318, -7, 163, 1077, 46;
48, 280, 17, 953, 355, 29, 187, 1095, 69;
41, 272, 10, 891, 264, -18, 160, 1061, 39;
42, 271, 11, 909, 254, -12, 165, 1060, 43;
45, 273, 14, 945, 263, 6, 178, 1067, 55;
44, 270, 12, 937, 228, -3, 173, 1055, 48;
44, 268, 12, 939, 203, -6, 173, 1049, 46;
50, 273, 17, 996, 234, 26, 195, 1064, 67;
49, 271, 16, 995, 207, 22, 193, 1057, 65;
50, 270, 17, 1010, 197, 29, 198, 1056, 69;
43, 262, 10, 945, 107, -16, 170, 1022, 40;
47, 264, 14, 984, 123, 7, 186, 1032, 55;
47, 263, 13, 985, 100, 5, 185, 1026, 54;
51, 266, 18, 1027, 119, 31, 202, 1037, 70;
49, 262, 15, 1007, 77, 17, 193, 1023, 61;
50, 261, 16, 1014, 62, 20, 196, 1020, 64;
51, 261, 17, 1027, 53, 29, 201, 1020, 69;
41, 250, 7, 934, -59, -32, 163, 977, 30;
44, 251, 10, 958, -55, -16, 173, 982, 40;
45, 251, 11, 963, -69, -11, 175, 979, 43;
49, 254, 15, 1003, -48, 15, 192, 991, 60;
51, 255, 18, 1023, -45, 31, 201, 996, 70;
51, 253, 17, 1019, -68, 29, 200, 990, 69;
48, 249, 14, 986, -117, 10, 187, 973, 57;
43, 243, 10, 939, -179, -17, 169, 950, 40;
43, 243, 10, 940, -194, -13, 170, 948, 42;
50, 249, 18, 1004, -145, 32, 198, 971, 71;
42, 239, 9, 918, -245, -20, 164, 933, 38;
40, 237, 8, 902, -274, -27, 159, 925, 34;
46, 241, 14, 948, -240, 8, 179, 942, 56;
47, 241, 15, 954, -245, 18, 184, 943, 62;
43, 237, 12, 912, -299, -4, 168, 924, 48;
38, 232, 8, 867, -354, -28, 152, 904, 33;
44, 236, 14, 911, -318, 7, 172, 922, 55;
41, 233, 11, 879, -359, -6, 161, 908, 46;
37, 228, 8, 835, -411, -29, 145, 890, 32;
40, 230, 11, 857, -396, -6, 157, 899, 46;
45, 235, 17, 899, -360, 28, 177, 917, 68;
37, 226, 10, 817, -447, -17, 146, 884, 40;
37, 226, 11, 812, -457, -12, 147, 883, 43;
42, 230, 16, 849, -424, 21, 165, 899, 64;
37, 224, 11, 789, -486, -8, 144, 876, 45;
36, 224, 12, 779, -499, -6, 143, 874, 47;
39, 226, 15, 794, -485, 13, 152, 882, 59;
37, 224, 14, 771, -508, 9, 147, 875, 56;
31, 218, 9, 704, -575, -24, 122, 850, 35;
30, 217, 9, 690, -588, -23, 120, 847, 36;
28, 214, 7, 659, -617, -32, 111, 838, 30;
28, 214, 8, 644, -629, -30, 109, 835, 31;
27, 213, 8, 632, -638, -27, 108, 834, 33;
29, 215, 11, 636, -629, -12, 114, 840, 43;
27, 213, 10, 611, -649, -16, 108, 834, 40;
27, 213, 11, 597, -657, -12, 107, 833, 42;
24, 210, 8, 556, -692, -27, 94, 821, 33;
27, 213, 12, 576, -665, -1, 107, 834, 50;
21, 208, 8, 512, -720, -30, 85, 813, 32;
23, 210, 10, 516, -707, -14, 91, 820, 42;
20, 207, 8, 475, -738, -27, 79, 809, 34;
24, 211, 13, 500, -702, 3, 94, 826, 53;
23, 211, 13, 481, -710, 5, 91, 824, 54;
25, 214, 17, 493, -686, 27, 101, 835, 67;
19, 208, 11, 419, -747, -6, 76, 812, 46;
15, 204, 8, 365, -787, -27, 58, 797, 33;
21, 210, 15, 409, -729, 16, 81, 822, 61;
14, 204, 10, 335, -788, -17, 56, 799, 39;
16, 208, 13, 345, -762, 4, 66, 811, 53;
20, 212, 18, 363, -728, 32, 78, 826, 70;
12, 204, 11, 277, -797, -10, 48, 799, 44;
15, 209, 15, 295, -761, 18, 61, 815, 62;
12, 206, 13, 247, -790, 2, 46, 803, 52;
12, 207, 14, 235, -784, 9, 47, 807, 57;
14, 209, 17, 241, -758, 29, 55, 818, 69;
4, 200, 8, 133, -845, -25, 15, 783, 34;
9, 207, 15, 173, -784, 17, 38, 809, 61;
8, 207, 15, 148, -788, 16, 33, 808, 61;
3, 203, 12, 91, -823, -5, 15, 793, 47;
2, 203, 12, 66, -825, -5, 10, 793, 47;
2, 204, 13, 55, -812, 3, 11, 798, 53;
5, 208, 17, 66, -777, 27, 21, 813, 68;
4, 208, 17, 45, -774, 30, 18, 814, 69;
-2, 202, 11, -41, -836, -11, -11, 789, 43;
-5, 201, 9, -79, -848, -19, -21, 783, 38;
-2, 205, 13, -65, -808, 5, -10, 800, 54;
-6, 202, 10, -119, -836, -13, -26, 788, 42;
-10, 200, 8, -163, -853, -26, -39, 781, 34;
-4, 207, 15, -121, -783, 17, -16, 809, 61;
-8, 204, 13, -172, -807, 0, -32, 799, 50;
-4, 209, 17, -153, -760, 28, -18, 818, 68;
-5, 210, 18, -173, -751, 31, -21, 820, 70;
-8, 209, 16, -214, -763, 20, -32, 815, 63;
-16, 202, 9, -304, -825, -24, -65, 788, 35;
-13, 206, 13, -292, -782, 0, -54, 805, 50;
-16, 205, 11, -328, -788, -8, -64, 801, 45;
-11, 211, 17, -297, -728, 27, -46, 825, 68;
-20, 205, 10, -387, -787, -16, -78, 799, 40;
-17, 209, 14, -372, -742, 8, -66, 817, 55;
-18, 209, 14, -398, -736, 6, -72, 818, 54;
-25, 204, 8, -472, -779, -28, -97, 799, 33;
-24, 207, 10, -477, -753, -16, -94, 808, 40;
-25, 207, 10, -501, -745, -18, -99, 810, 39;
-19, 215, 16, -458, -671, 24, -77, 838, 66;
-26, 210, 11, -532, -713, -10, -102, 819, 44;
-24, 213, 13, -529, -678, 5, -96, 832, 54;
-25, 214, 14, -543, -660, 9, -98, 838, 56;
-26, 215, 14, -568, -653, 6, -103, 839, 55;
-28, 214, 12, -601, -654, -2, -113, 836, 49;
-28, 216, 13, -611, -632, 3, -112, 843, 53;
-35, 211, 8, -679, -668, -28, -136, 826, 33;
-35, 212, 8, -697, -653, -28, -139, 830, 33;
-34, 216, 11, -690, -614, -11, -132, 844, 43;
-37, 214, 8, -733, -625, -28, -146, 837, 33;
-30, 223, 16, -673, -533, 23, -117, 872, 65;
-38, 217, 9, -758, -586, -21, -148, 848, 37;
-31, 226, 17, -701, -497, 26, -121, 882, 67;
-38, 220, 10, -781, -545, -15, -151, 860, 41;
-32, 228, 17, -735, -468, 25, -128, 889, 66;
-39, 223, 11, -804, -506, -10, -153, 871, 44;
-35, 229, 15, -776, -446, 17, -138, 893, 61;
-35, 231, 16, -780, -420, 24, -137, 901, 65;
-39, 228, 13, -827, -436, 1, -153, 891, 52;
-42, 227, 11, -859, -437, -10, -163, 888, 44;
-39, 231, 14, -846, -394, 6, -155, 903, 54;
-44, 229, 10, -894, -412, -17, -172, 893, 40;
-39, 235, 15, -854, -343, 16, -153, 918, 61;
-38, 237, 16, -856, -315, 22, -152, 927, 64;
-46, 232, 9, -931, -361, -20, -180, 905, 38;
-40, 239, 15, -884, -285, 16, -159, 933, 61;
-47, 234, 9, -952, -325, -22, -185, 913, 37;
-46, 236, 10, -948, -293, -14, -181, 923, 42;
-44, 240, 13, -929, -247, 4, -171, 939, 53;
-40, 245, 17, -903, -193, 26, -159, 958, 67;
-42, 246, 16, -919, -183, 20, -164, 959, 63;
-49, 240, 9, -992, -230, -24, -193, 936, 35;
-41, 250, 17, -915, -128, 30, -160, 975, 69;
-49, 243, 9, -999, -186, -22, -194, 947, 37;
-45, 248, 14, -961, -124, 6, -177, 970, 54;
-51, 244, 8, -1021, -160, -31, -201, 952, 31;
-44, 253, 15, -953, -68, 15, -172, 986, 60;
-51, 246, 8, -1025, -117, -30, -201, 963, 32;
-48, 251, 11, -1000, -70, -12, -190, 979, 43;
-44, 257, 15, -958, -6, 16, -173, 1002, 61;
-42, 259, 17, -943, 29, 26, -166, 1013, 67;
-49, 254, 10, -1004, -10, -14, -192, 993, 42;
-42, 263, 17, -937, 75, 29, -164, 1026, 69;
-51, 255, 8, -1021, 11, -26, -199, 996, 34;
-47, 260, 12, -982, 68, -2, -184, 1016, 49;
-48, 260, 11, -992, 77, -10, -188, 1016, 44;
-47, 262, 11, -986, 100, -8, -186, 1023, 45;
-45, 265, 13, -963, 140, 4, -177, 1036, 54;
-43, 269, 16, -937, 181, 18, -168, 1049, 62;
-47, 266, 11, -972, 162, -7, -184, 1038, 46;
-45, 268, 12, -956, 192, 0, -178, 1047, 50;
-48, 266, 9, -982, 181, -21, -190, 1039, 37;
-40, 276, 17, -897, 278, 30, -157, 1076, 69;
-46, 270, 10, -956, 232, -13, -183, 1054, 42;
-47, 270, 9, -959, 240, -21, -186, 1054, 37;
-41, 277, 15, -900, 310, 12, -163, 1080, 58;
-42, 277, 13, -902, 318, 4, -166, 1080, 54;
-40, 279, 15, -878, 352, 14, -158, 1091, 60;
-45, 276, 10, -914, 323, -16, -176, 1076, 40;
-37, 284, 17, -835, 411, 29, -145, 1109, 69;
-43, 278, 11, -887, 366, -12, -169, 1087, 42;
-43, 279, 10, -883, 376, -18, -171, 1088, 39;
-40, 283, 12, -845, 419, -1, -158, 1103, 50;
-40, 283, 12, -835, 434, -3, -157, 1107, 48;
-37, 286, 14, -804, 469, 8, -147, 1118, 56;
-43, 281, 7, -850, 425, -31, -169, 1097, 31;
-42, 282, 7, -836, 441, -32, -167, 1101, 31;
-39, 286, 10, -794, 485, -13, -152, 1117, 42;
-33, 292, 15, -733, 546, 16, -131, 1140, 61;
-38, 287, 10, -768, 511, -17, -149, 1122, 39;
-39, 286, 8, -770, 508, -29, -153, 1119, 32;
-36, 290, 10, -730, 546, -14, -141, 1132, 41;
-35, 290, 10, -717, 557, -17, -139, 1134, 40;
-36, 290, 8, -712, 558, -25, -141, 1132, 34;
-35, 291, 9, -693, 573, -25, -137, 1136, 35;
-32, 294, 11, -653, 608, -11, -125, 1148, 44;
-30, 295, 11, -629, 625, -8, -120, 1153, 45;
-26, 299, 15, -579, 669, 12, -103, 1169, 58;
-29, 297, 11, -591, 649, -9, -113, 1159, 45;
-25, 300, 14, -545, 687, 8, -98, 1173, 56;
-25, 300, 13, -533, 690, 2, -98, 1172, 52;
-26, 298, 10, -536, 677, -13, -104, 1165, 42;
-21, 303, 14, -478, 724, 11, -85, 1183, 57;
-27, 297, 8, -516, 675, -28, -106, 1161, 33;
-26, 298, 8, -495, 684, -29, -102, 1162, 32;
-19, 303, 13, -424, 742, 3, -77, 1185, 53;
-14, 308, 17, -365, 788, 28, -58, 1203, 68;
-16, 306, 15, -363, 775, 14, -63, 1196, 59;
-15, 306, 14, -346, 778, 10, -60, 1196, 57;
-18, 303, 10, -360, 747, -14, -72, 1182, 41;
-12, 308, 15, -289, 802, 17, -48, 1203, 61;
-16, 303, 10, -317, 756, -17, -65, 1184, 40;
-8, 311, 17, -227, 829, 27, -33, 1213, 68;
-8, 310, 16, -211, 826, 21, -32, 1211, 64;
-14, 303, 8, -259, 760, -25, -57, 1182, 34;
-14, 302, 8, -240, 758, -29, -55, 1181, 32;
-5, 310, 15, -150, 828, 14, -23, 1209, 59;
-12, 303, 8, -194, 763, -31, -46, 1182, 31;
-10, 303, 8, -168, 767, -30, -41, 1183, 32;
-5, 308, 12, -101, 812, -1, -19, 1201, 49;
-3, 308, 13, -70, 820, 2, -12, 1204, 52;
-2, 308, 12, -50, 817, 0, -9, 1203, 50;
-2, 307, 11, -34, 809, -6, -8, 1199, 46;
-2, 305, 10, -28, 791, -18, -11, 1192, 39;
2, 310, 14, 39, 834, 9, 10, 1209, 57;
2, 308, 12, 47, 816, -1, 8, 1202, 50;
2, 307, 11, 60, 804, -8, 8, 1197, 45;
9, 313, 18, 147, 863, 32, 38, 1222, 71;
5, 308, 13, 123, 813, 0, 23, 1202, 51;
7, 308, 13, 147, 810, 0, 27, 1201, 51;
9, 309, 14, 185, 820, 8, 37, 1206, 56;
14, 312, 18, 243, 850, 31, 56, 1219, 70;
14, 311, 16, 255, 833, 23, 55, 1213, 65;
13, 308, 14, 258, 807, 9, 51, 1203, 56;
17, 311, 17, 311, 831, 28, 67, 1213, 68;
13, 305, 12, 284, 774, -5, 51, 1191, 47;
19, 310, 17, 354, 815, 26, 75, 1209, 67;
17, 306, 14, 348, 779, 6, 67, 1195, 54;
13, 300, 8, 322, 722, -26, 51, 1173, 34;
23, 309, 17, 430, 799, 30, 90, 1206, 69;
19, 304, 13, 408, 746, 0, 76, 1185, 51;
25, 307, 17, 472, 779, 28, 97, 1200, 68;
21, 302, 12, 449, 725, -1, 83, 1180, 50;
24, 304, 15, 492, 737, 12, 96, 1186, 58;
28, 306, 18, 542, 754, 31, 111, 1195, 70;
28, 305, 17, 556, 737, 26, 112, 1189, 67;
24, 298, 11, 525, 674, -7, 95, 1165, 46;
31, 304, 17, 601, 718, 29, 122, 1186, 69;
22, 293, 8, 533, 618, -29, 89, 1146, 32;
32, 301, 16, 631, 684, 22, 125, 1175, 64;
31, 299, 15, 639, 660, 14, 124, 1167, 60;
30, 296, 13, 638, 627, 1, 119, 1156, 51;
26, 290, 8, 610, 567, -29, 103, 1133, 32;
28, 290, 9, 635, 560, -24, 110, 1133, 35;
31, 292, 11, 681, 573, -6, 124, 1140, 46;
30, 289, 9, 675, 535, -21, 118, 1127, 37;
38, 295, 16, 759, 587, 22, 149, 1151, 65;
33, 288, 10, 718, 514, -15, 128, 1124, 41;
38, 291, 15, 778, 543, 13, 149, 1138, 59;
35, 287, 11, 761, 494, -7, 139, 1121, 46;
40, 290, 15, 813, 515, 16, 157, 1132, 61;
36, 284, 11, 786, 456, -10, 142, 1110, 44;
42, 288, 16, 846, 485, 19, 164, 1125, 63;
40, 284, 13, 833, 442, 1, 156, 1110, 52;
40, 283, 13, 845, 423, 1, 158, 1105, 51;
35, 276, 7, 807, 355, -32, 139, 1080, 30;
39, 278, 10, 846, 364, -14, 153, 1087, 42;
37, 275, 8, 837, 326, -27, 146, 1074, 33;
46, 282, 16, 922, 381, 21, 179, 1100, 64;
44, 279, 14, 917, 347, 11, 175, 1089, 58;
38, 271, 8, 864, 266, -30, 151, 1058, 32;
43, 274, 12, 916, 289, -1, 170, 1071, 49;
40, 270, 9, 894, 239, -22, 159, 1054, 37;
47, 275, 16, 963, 281, 18, 186, 1074, 62;
40, 267, 8, 904, 195, -25, 159, 1042, 34;
44, 268, 12, 939, 203, -6, 172, 1049, 46;
42, 265, 10, 927, 165, -18, 166, 1036, 39;
47, 269, 14, 976, 189, 10, 185, 1049, 57;
45, 265, 12, 962, 149, -2, 178, 1036, 49;
49, 268, 16, 1002, 165, 21, 194, 1046, 64;
51, 268, 18, 1020, 159, 31, 201, 1047, 70;
43, 259, 10, 950, 66, -17, 171, 1012, 39;
47, 261, 13, 987, 79, 4, 185, 1020, 53;
42, 255, 8, 940, 9, -27, 165, 995, 33;
44, 256, 10, 962, 10, -13, 175, 999, 42;
50, 260, 16, 1015, 42, 21, 196, 1015, 64;
42, 251, 8, 943, -50, -26, 166, 980, 34;
48, 256, 14, 998, -15, 10, 189, 998, 57;
50, 257, 17, 1019, -13, 24, 198, 1002, 66;
47, 252, 13, 984, -67, 2, 184, 983, 52;
49, 253, 16, 1006, -63, 19, 194, 988, 62;
44, 247, 10, 954, -132, -13, 173, 963, 42;
43, 245, 10, 943, -159, -17, 170, 955, 39;
47, 248, 14, 980, -138, 9, 186, 967, 57;
43, 243, 10, 941, -193, -13, 171, 948, 42;
40, 239, 8, 909, -240, -31, 158, 932, 31;
40, 238, 8, 906, -256, -28, 159, 928, 33;
47, 243, 15, 964, -211, 14, 184, 950, 60;
47, 242, 15, 960, -227, 16, 185, 947, 61;
43, 237, 12, 917, -282, -6, 168, 928, 46;
45, 238, 14, 930, -280, 7, 176, 932, 55;
43, 236, 12, 905, -315, -3, 167, 920, 49;
45, 237, 15, 923, -307, 15, 177, 927, 60;
44, 236, 15, 911, -327, 14, 175, 922, 59;
45, 236, 16, 915, -330, 24, 179, 923, 66;
46, 236, 18, 916, -337, 32, 181, 924, 71;
36, 226, 9, 818, -441, -25, 143, 883, 35;
35, 225, 8, 802, -463, -27, 140, 877, 33;
35, 223, 8, 788, -480, -27, 137, 873, 33;
37, 225, 11, 803, -470, -9, 146, 880, 45;
39, 227, 14, 816, -459, 9, 155, 888, 56;
32, 220, 8, 742, -536, -30, 127, 858, 31;
32, 219, 8, 728, -551, -29, 125, 855, 32;
35, 222, 12, 754, -525, -2, 140, 868, 49;
36, 223, 14, 752, -527, 7, 142, 870, 55;
34, 221, 13, 726, -552, 0, 135, 862, 51;
36, 223, 15, 735, -541, 18, 143, 869, 62;
30, 216, 10, 670, -604, -14, 120, 846, 42;
35, 221, 16, 703, -567, 20, 138, 863, 63;
31, 217, 12, 653, -613, -1, 121, 847, 50;
26, 212, 8, 595, -666, -27, 101, 827, 33;
27, 213, 11, 600, -655, -11, 108, 834, 43;
26, 212, 11, 578, -670, -12, 103, 830, 42;
23, 209, 8, 536, -705, -27, 90, 817, 33;
22, 209, 9, 520, -712, -24, 88, 816, 35;
28, 215, 15, 560, -663, 15, 109, 838, 60;
25, 212, 13, 520, -693, 2, 97, 828, 52;
27, 214, 16, 529, -673, 22, 106, 838, 65;
20, 208, 11, 456, -735, -11, 81, 814, 43;
19, 207, 10, 428, -751, -15, 74, 809, 41;
25, 214, 18, 478, -688, 32, 100, 836, 70;
20, 209, 13, 413, -740, 3, 78, 816, 53;
15, 205, 10, 359, -779, -16, 61, 801, 40;
12, 203, 8, 319, -804, -28, 49, 792, 33;
19, 211, 16, 373, -734, 23, 77, 823, 65;
15, 207, 13, 323, -768, 5, 62, 810, 54;
19, 211, 18, 340, -734, 32, 74, 825, 71;
12, 205, 12, 261, -795, -4, 46, 800, 47;
11, 205, 13, 244, -793, 0, 45, 802, 51;
14, 209, 17, 259, -759, 26, 57, 817, 67;
11, 207, 15, 219, -780, 15, 46, 809, 60;
3, 200, 8, 128, -850, -29, 13, 781, 32;
5, 203, 11, 137, -820, -7, 23, 794, 46;
5, 203, 12, 116, -820, -4, 20, 794, 47;
5, 205, 14, 109, -804, 7, 23, 801, 55;
5, 206, 15, 93, -798, 12, 21, 804, 58;
5, 206, 15, 75, -792, 17, 20, 807, 61;
2, 205, 14, 35, -808, 7, 9, 800, 55;
-3, 200, 9, -29, -849, -19, -12, 783, 38;
0, 206, 15, -5, -800, 12, 3, 804, 58;
-4, 201, 10, -74, -843, -16, -19, 786, 40;
0, 208, 17, -32, -776, 27, 3, 813, 68;
-1, 207, 15, -71, -788, 18, -7, 808, 62;
-3, 207, 15, -97, -787, 16, -12, 808, 61;
-2, 209, 18, -100, -762, 31, -7, 818, 70;
-7, 205, 13, -164, -798, 5, -28, 802, 54;
-5, 209, 17, -155, -761, 27, -19, 817, 68;
-14, 201, 9, -257, -835, -24, -56, 786, 35;
-13, 204, 11, -258, -807, -9, -51, 796, 45;
-17, 201, 8, -309, -829, -27, -66, 787, 34;
-18, 202, 8, -333, -824, -27, -71, 788, 33;
-11, 210, 16, -281, -741, 22, -44, 821, 65;
-14, 209, 15, -320, -750, 12, -55, 816, 58;
-18, 206, 11, -376, -776, -9, -73, 804, 45;
-14, 212, 17, -346, -715, 25, -55, 828, 66;
-21, 206, 10, -428, -766, -13, -84, 805, 42;
-16, 213, 17, -392, -699, 24, -64, 832, 66;
-21, 209, 12, -454, -730, -1, -85, 818, 50;
-26, 206, 9, -511, -755, -24, -103, 805, 35;
-28, 206, 8, -542, -755, -31, -112, 804, 31;
-24, 211, 12, -517, -698, 0, -96, 826, 50;
-21, 216, 17, -498, -647, 26, -83, 845, 67;
-22, 217, 16, -521, -638, 24, -89, 847, 66;
-29, 211, 10, -598, -683, -13, -116, 826, 42;
-26, 216, 14, -580, -633, 11, -104, 845, 58;
-24, 220, 17, -573, -593, 29, -96, 859, 69;
-35, 211, 8, -682, -671, -30, -137, 825, 31;
-31, 216, 12, -660, -617, -3, -124, 845, 48;
-32, 218, 13, -672, -596, 0, -125, 851, 51;
-28, 223, 17, -648, -540, 28, -111, 872, 68;
-37, 216, 9, -742, -602, -22, -146, 844, 37;
-39, 216, 8, -767, -595, -28, -152, 844, 33;
-36, 221, 12, -747, -543, -3, -140, 863, 48;
-32, 226, 16, -724, -489, 22, -127, 883, 64;
-33, 227, 16, -738, -471, 23, -129, 888, 65;
-37, 224, 12, -790, -492, -1, -148, 877, 49;
-36, 227, 14, -788, -459, 9, -143, 888, 56;
-38, 227, 13, -811, -450, 3, -150, 888, 53;
-42, 225, 10, -857, -466, -18, -166, 879, 39;
-36, 233, 16, -807, -385, 24, -142, 910, 66;
-40, 230, 13, -853, -401, 1, -158, 900, 51;
-42, 230, 12, -875, -393, -5, -165, 900, 47;
-45, 229, 9, -916, -404, -24, -179, 893, 35;
-37, 239, 18, -841, -300, 32, -145, 933, 71;
-45, 233, 10, -920, -350, -13, -176, 909, 42;
-43, 236, 12, -911, -313, -1, -170, 921, 50;
-43, 238, 13, -914, -287, 3, -169, 929, 52;
-48, 234, 8, -967, -313, -26, -189, 915, 34;
-41, 243, 16, -903, -221, 21, -161, 950, 64;
-45, 241, 12, -944, -235, -1, -176, 941, 50;
-46, 241, 12, -958, -223, -6, -181, 942, 47;
-43, 245, 14, -938, -176, 11, -171, 958, 58;
-43, 247, 15, -941, -153, 13, -171, 965, 59;
-48, 244, 10, -987, -175, -14, -189, 952, 42;
-44, 249, 14, -955, -118, 10, -174, 973, 57;
-45, 249, 13, -968, -107, 3, -179, 974, 53;
-47, 249, 12, -982, -97, -3, -184, 974, 48;
-50, 248, 9, -1014, -107, -23, -197, 967, 36;
-48, 251, 11, -996, -66, -9, -189, 981, 44;
-45, 256, 14, -965, -13, 11, -175, 999, 58;
-46, 256, 13, -978, -5, 3, -181, 999, 53;
-51, 252, 8, -1022, -28, -25, -199, 986, 34;
-46, 258, 13, -978, 35, 3, -181, 1009, 52;
-50, 255, 9, -1016, 16, -23, -197, 998, 36;
-42, 265, 17, -939, 112, 26, -166, 1034, 67;
-51, 257, 8, -1018, 50, -27, -199, 1005, 33;
-50, 259, 9, -1009, 77, -23, -196, 1013, 36;
-47, 264, 12, -978, 125, -5, -184, 1029, 47;
-44, 267, 14, -950, 169, 10, -173, 1044, 57;
-49, 264, 9, -991, 143, -20, -191, 1030, 38;
-47, 267, 11, -970, 178, -10, -184, 1041, 44;
-48, 267, 10, -977, 185, -18, -188, 1041, 39;
-42, 273, 15, -920, 255, 14, -166, 1067, 60;
-45, 271, 12, -944, 244, -5, -178, 1059, 47;
-45, 272, 11, -939, 261, -7, -177, 1062, 46;
-41, 277, 15, -899, 311, 13, -163, 1080, 59;
-40, 279, 16, -879, 341, 20, -157, 1089, 63;
-41, 279, 15, -881, 348, 12, -160, 1089, 58;
-41, 279, 14, -878, 360, 7, -161, 1091, 55;
-41, 280, 13, -875, 370, 2, -162, 1092, 52;
-38, 284, 16, -836, 417, 21, -148, 1109, 64;
-45, 277, 8, -896, 363, -27, -176, 1083, 34;
-38, 285, 15, -822, 442, 14, -148, 1113, 59;
-37, 286, 15, -812, 457, 12, -147, 1116, 58;
-40, 284, 12, -826, 446, -6, -156, 1109, 46;
-40, 284, 10, -824, 451, -14, -158, 1108, 42;
-42, 282, 8, -834, 443, -30, -166, 1102, 31;
-32, 293, 17, -732, 547, 27, -127, 1142, 67;
-33, 292, 15, -734, 546, 15, -131, 1139, 60;
-33, 292, 14, -727, 552, 9, -132, 1139, 56;
-37, 289, 10, -747, 531, -14, -144, 1128, 41;
-38, 287, 8, -754, 522, -30, -151, 1122, 31;
-30, 295, 15, -671, 602, 13, -120, 1153, 59;
-33, 293, 11, -686, 584, -8, -131, 1143, 45;
-34, 292, 9, -686, 580, -20, -135, 1139, 38;
-34, 291, 8, -678, 582, -28, -136, 1137, 33;
-26, 300, 16, -586, 669, 20, -102, 1171, 63;
-33, 292, 7, -646, 602, -32, -131, 1141, 30;
-31, 295, 9, -611, 629, -22, -121, 1151, 37;
-22, 304, 17, -514, 718, 29, -85, 1186, 69;
-20, 305, 18, -490, 733, 31, -80, 1190, 70;
-24, 301, 13, -513, 700, 1, -95, 1174, 52;
-22, 302, 14, -484, 718, 6, -88, 1180, 55;
-24, 300, 11, -490, 701, -10, -95, 1171, 44;
-23, 300, 11, -471, 708, -12, -92, 1173, 43;
-17, 306, 15, -403, 763, 17, -69, 1194, 61;
-22, 300, 10, -436, 717, -19, -87, 1173, 39;
-20, 302, 11, -400, 738, -10, -78, 1181, 44;
-12, 309, 17, -317, 807, 30, -48, 1208, 69;
-13, 307, 15, -315, 792, 15, -53, 1201, 60;
-11, 309, 16, -285, 806, 19, -46, 1205, 63;
-9, 310, 17, -253, 821, 25, -38, 1210, 67;
-13, 306, 12, -272, 784, -2, -51, 1194, 49;
-6, 312, 18, -196, 841, 32, -25, 1217, 70;
-12, 305, 10, -240, 779, -13, -49, 1190, 42;
-4, 312, 18, -148, 850, 31, -16, 1219, 70;
-10, 305, 10, -197, 781, -16, -42, 1190, 40;
-5, 309, 14, -136, 822, 7, -22, 1206, 55;
-5, 308, 13, -122, 814, 0, -22, 1202, 51;
-5, 307, 12, -104, 809, -3, -20, 1200, 48;
0, 312, 17, -34, 856, 26, 2, 1219, 67;
-7, 303, 8, -94, 773, -29, -27, 1185, 32;
-4, 305, 9, -59, 784, -23, -18, 1189, 36;