-2, 306, 10, -23, 796, -15, -9, 1194, 41;
1, 309, 13, 27, 822, 2, 5, 1205, 52;
7, 313, 17, 93, 862, 29, 27, 1221, 69;
4, 309, 13, 80, 823, 4, 16, 1206, 53;
8, 312, 16, 135, 852, 24, 33, 1218, 66;
5, 307, 12, 118, 808, -3, 21, 1200, 49;
10, 311, 16, 177, 839, 19, 39, 1213, 63;
4, 304, 9, 135, 770, -24, 17, 1185, 35;
5, 303, 9, 158, 765, -24, 21, 1184, 35;
12, 309, 14, 237, 815, 11, 48, 1205, 58;
10, 306, 12, 237, 786, -4, 42, 1194, 47;
11, 304, 11, 251, 771, -11, 42, 1189, 43;
11, 303, 10, 269, 759, -15, 45, 1185, 41;
19, 309, 17, 353, 813, 24, 74, 1208, 66;
16, 305, 13, 341, 771, 1, 64, 1192, 51;
16, 304, 12, 352, 752, -6, 63, 1185, 47;
15, 301, 10, 358, 727, -17, 60, 1176, 40;
19, 304, 13, 410, 749, 2, 77, 1186, 52;
22, 305, 14, 446, 753, 11, 87, 1190, 57;
17, 298, 9, 415, 691, -24, 69, 1165, 35;
18, 297, 8, 433, 678, -26, 71, 1161, 34;
23, 301, 12, 493, 705, -1, 91, 1175, 50;
28, 304, 17, 554, 735, 25, 112, 1189, 66;
21, 295, 8, 497, 646, -26, 83, 1154, 34;
28, 301, 15, 579, 696, 14, 112, 1176, 59;
30, 301, 15, 602, 687, 16, 118, 1175, 61;
27, 296, 12, 588, 641, -6, 107, 1158, 47;
27, 294, 10, 596, 616, -14, 106, 1149, 42;
32, 298, 15, 659, 648, 15, 128, 1165, 60;
29, 293, 11, 641, 597, -9, 116, 1146, 45;
34, 296, 14, 690, 615, 11, 132, 1155, 58;
32, 292, 12, 683, 575, -5, 125, 1141, 47;
29, 288, 9, 670, 530, -25, 116, 1125, 35;
33, 290, 11, 712, 540, -8, 129, 1132, 45;
39, 294, 16, 775, 571, 22, 152, 1147, 64;
39, 292, 15, 785, 549, 18, 152, 1141, 62;
38, 289, 14, 785, 518, 7, 149, 1130, 55;
35, 285, 10, 764, 466, -15, 137, 1112, 41;
33, 282, 8, 760, 430, -28, 132, 1100, 33;
41, 288, 15, 841, 480, 16, 162, 1123, 61;
43, 288, 17, 870, 479, 26, 171, 1125, 67;
40, 283, 13, 843, 422, 0, 157, 1105, 51;
38, 280, 10, 836, 384, -13, 151, 1092, 42;
36, 276, 8, 820, 338, -31, 142, 1076, 31;
44, 282, 15, 902, 390, 15, 173, 1100, 60;
39, 275, 9, 859, 318, -20, 153, 1074, 38;
46, 281, 16, 936, 366, 24, 182, 1097, 65;
45, 278, 15, 930, 332, 13, 178, 1086, 59;
43, 274, 12, 916, 289, -1, 170, 1071, 49;
47, 276, 16, 956, 301, 19, 184, 1079, 62;
46, 274, 15, 953, 271, 12, 182, 1070, 58;
48, 275, 16, 978, 269, 24, 190, 1073, 65;
42, 267, 10, 924, 189, -16, 166, 1042, 40;
46, 269, 13, 960, 198, 2, 180, 1050, 52;
47, 269, 14, 978, 190, 11, 186, 1050, 57;
50, 270, 17, 1008, 196, 28, 197, 1055, 68;
42, 260, 9, 932, 95, -25, 165, 1017, 35;
45, 262, 11, 961, 100, -8, 176, 1022, 45;
42, 257, 8, 936, 51, -27, 165, 1005, 33;
45, 260, 12, 970, 62, -6, 178, 1014, 47;
44, 257, 10, 957, 27, -16, 173, 1002, 40;
42, 253, 8, 936, -15, -31, 163, 988, 31;
43, 253, 9, 951, -21, -21, 170, 989, 37;
42, 251, 8, 944, -49, -26, 167, 981, 34;
49, 257, 16, 1010, -3, 18, 194, 1003, 62;
42, 249, 9, 943, -89, -25, 167, 971, 35;
49, 254, 15, 1000, -51, 13, 191, 990, 59;
44, 248, 11, 958, -111, -12, 174, 969, 43;
43, 246, 10, 948, -139, -17, 170, 961, 40;
42, 243, 8, 929, -174, -27, 164, 949, 34;
49, 249, 15, 993, -126, 18, 191, 973, 62;
49, 248, 16, 994, -140, 22, 193, 970, 64;
40, 239, 8, 908, -240, -31, 158, 932, 31;
47, 244, 15, 969, -193, 13, 185, 955, 59;
49, 245, 17, 982, -194, 26, 192, 958, 67;
42, 237, 10, 910, -278, -16, 164, 926, 40;
41, 236, 10, 904, -296, -15, 163, 922, 41;
42, 235, 11, 902, -309, -11, 164, 920, 43;
41, 234, 10, 889, -331, -13, 161, 914, 42;
39, 232, 9, 869, -361, -20, 155, 904, 38;
41, 233, 12, 883, -355, -4, 163, 910, 48;
46, 237, 17, 918, -327, 26, 180, 924, 67;
43, 233, 15, 887, -366, 13, 170, 912, 59;
45, 235, 17, 898, -361, 28, 177, 917, 68;
45, 234, 18, 892, -372, 32, 177, 915, 71;
38, 227, 12, 822, -447, -5, 151, 887, 47;
40, 228, 14, 830, -442, 9, 158, 892, 56;
36, 224, 11, 787, -488, -10, 143, 875, 44;
33, 220, 8, 744, -533, -29, 128, 859, 32;
39, 226, 15, 797, -482, 15, 154, 883, 60;
41, 228, 18, 806, -473, 32, 161, 890, 71;
32, 219, 10, 715, -564, -17, 127, 855, 40;
30, 216, 8, 686, -592, -26, 119, 846, 34;
35, 221, 14, 719, -557, 7, 136, 863, 55;
30, 216, 10, 668, -605, -14, 119, 845, 41;
36, 222, 17, 715, -555, 28, 143, 868, 68;
33, 219, 15, 678, -587, 15, 131, 857, 60;
34, 220, 16, 672, -589, 23, 133, 859, 65;
28, 214, 11, 606, -648, -7, 110, 836, 46;
31, 217, 15, 621, -627, 15, 121, 847, 60;
30, 216, 15, 604, -636, 17, 118, 846, 62;
26, 213, 12, 555, -677, -1, 102, 830, 49;
23, 210, 11, 521, -702, -10, 93, 822, 44;
19, 206, 8, 469, -744, -31, 77, 807, 31;
26, 214, 15, 521, -681, 17, 103, 834, 61;
23, 211, 14, 483, -708, 6, 92, 825, 55;
26, 215, 18, 500, -679, 32, 104, 839, 71;
25, 214, 18, 478, -688, 32, 100, 836, 71;
22, 211, 15, 434, -719, 17, 87, 825, 62;
17, 207, 12, 381, -758, -2, 70, 810, 49;
14, 205, 10, 339, -784, -14, 58, 801, 41;
12, 203, 9, 303, -804, -23, 48, 793, 36;
17, 208, 15, 335, -756, 12, 66, 814, 58;
18, 210, 17, 333, -741, 27, 71, 822, 68;
10, 203, 10, 243, -813, -16, 39, 793, 40;
6, 200, 8, 197, -841, -31, 25, 782, 31;
5, 200, 7, 172, -846, -31, 21, 781, 31;
4, 200, 7, 148, -851, -32, 16, 780, 30;
3, 200, 8, 127, -851, -29, 13, 780, 32;
6, 203, 12, 140, -817, -5, 24, 795, 47;
1, 200, 8, 81, -854, -27, 5, 780, 33;
7, 207, 16, 128, -786, 19, 30, 809, 63;
1, 201, 10, 51, -840, -15, 4, 787, 41;
3, 205, 14, 60, -807, 7, 13, 800, 55;
4, 207, 16, 53, -790, 19, 16, 808, 62;
-1, 203, 12, -9, -829, -6, -3, 792, 47;
2, 207, 16, 5, -789, 20, 7, 808, 63;
-6, 200, 9, -86, -855, -24, -24, 781, 35;
-2, 204, 13, -68, -811, 3, -11, 799, 53;
-2, 206, 15, -76, -793, 14, -9, 806, 60;
-7, 203, 11, -136, -826, -8, -28, 792, 45;
-9, 202, 10, -172, -834, -16, -37, 788, 40;
-10, 203, 11, -188, -823, -11, -39, 792, 44;
-9, 204, 12, -199, -806, -1, -37, 799, 49;
-9, 206, 14, -209, -787, 7, -36, 805, 55;
-13, 203, 11, -262, -811, -11, -52, 795, 43;
-16, 202, 9, -300, -820, -21, -63, 790, 37;
-16, 204, 10, -313, -803, -14, -63, 796, 42;
-14, 207, 14, -305, -766, 6, -54, 811, 55;
-20, 202, 8, -383, -813, -29, -81, 790, 32;
-22, 202, 8, -407, -807, -30, -86, 791, 32;
-17, 209, 14, -375, -744, 6, -67, 816, 54;
-18, 209, 13, -400, -738, 4, -73, 817, 53;
-24, 205, 9, -467, -774, -24, -95, 801, 35;
-26, 205, 8, -497, -773, -30, -103, 799, 31;
-23, 210, 12, -477, -721, -2, -89, 819, 49;
-19, 215, 17, -451, -664, 28, -74, 841, 68;
-24, 211, 12, -517, -698, 0, -96, 826, 50;
-27, 210, 11, -554, -703, -11, -107, 822, 43;
-24, 215, 15, -537, -654, 13, -95, 840, 59;
-24, 216, 15, -551, -636, 17, -96, 845, 61;
-26, 216, 14, -581, -633, 11, -104, 845, 57;
-30, 214, 11, -629, -650, -7, -120, 836, 46;
-34, 212, 8, -678, -666, -27, -135, 827, 33;
-27, 220, 16, -621, -577, 22, -108, 861, 64;
-34, 215, 10, -696, -620, -15, -135, 841, 41;
-29, 222, 16, -660, -552, 20, -116, 867, 63;
-31, 222, 15, -690, -550, 12, -124, 866, 58;
-38, 217, 9, -757, -585, -21, -148, 848, 37;
-36, 220, 11, -754, -551, -8, -143, 860, 45;
-37, 221, 11, -770, -534, -8, -146, 864, 45;
-39, 221, 10, -800, -533, -17, -155, 862, 39;
-40, 222, 10, -813, -515, -16, -157, 867, 40;
-34, 230, 16, -766, -437, 24, -134, 897, 66;
-39, 226, 12, -824, -464, -5, -155, 883, 47;
-43, 224, 9, -864, -472, -22, -168, 876, 37;
-39, 230, 13, -837, -415, 3, -154, 897, 53;
-43, 228, 10, -876, -424, -13, -168, 891, 42;
-44, 228, 9, -899, -417, -20, -174, 891, 37;
-43, 231, 11, -893, -381, -9, -169, 902, 45;
-38, 238, 17, -847, -306, 28, -148, 930, 68;
-40, 238, 15, -873, -303, 17, -156, 929, 62;
-47, 232, 9, -944, -345, -23, -184, 908, 36;
-47, 233, 9, -955, -328, -24, -186, 912, 35;
-45, 237, 11, -941, -287, -9, -178, 926, 45;
-48, 236, 9, -968, -286, -21, -188, 923, 37;
-48, 237, 9, -976, -267, -22, -189, 927, 36;
-44, 243, 13, -943, -207, 3, -174, 949, 53;
-48, 241, 10, -977, -215, -14, -187, 942, 41;
-44, 246, 14, -948, -161, 8, -174, 962, 56;
-50, 242, 9, -1002, -190, -24, -195, 946, 35;
-49, 244, 9, -1002, -164, -21, -194, 953, 37;
-42, 253, 17, -931, -70, 28, -164, 989, 68;
-44, 252, 15, -955, -70, 14, -173, 986, 60;
-46, 251, 13, -978, -70, 0, -182, 982, 51;
-43, 256, 16, -947, -17, 22, -168, 1001, 65;
-51, 249, 8, -1025, -73, -28, -201, 974, 33;
-50, 252, 9, -1015, -42, -21, -196, 984, 37;
-47, 256, 12, -984, 8, 0, -184, 1001, 50;
-44, 261, 15, -957, 56, 16, -172, 1018, 61;
-43, 263, 16, -944, 88, 24, -167, 1028, 66;
-51, 255, 8, -1026, 24, -31, -202, 998, 31;
-44, 264, 15, -953, 116, 15, -172, 1032, 60;
-44, 265, 14, -957, 129, 11, -174, 1035, 57;
-48, 263, 11, -987, 116, -11, -188, 1026, 43;
-44, 267, 14, -951, 167, 9, -174, 1044, 56;
-48, 264, 10, -985, 149, -16, -189, 1033, 40;
-42, 272, 16, -922, 226, 22, -164, 1061, 64;
-46, 269, 12, -957, 205, -5, -180, 1049, 47;
-44, 271, 13, -936, 240, 4, -173, 1060, 53;
-44, 272, 12, -936, 252, 0, -174, 1062, 50;
-40, 278, 17, -887, 312, 26, -156, 1084, 67;
-46, 272, 10, -943, 267, -16, -181, 1062, 40;
-41, 277, 14, -894, 326, 10, -163, 1083, 57;
-39, 281, 16, -866, 364, 22, -153, 1096, 64;
-38, 282, 16, -853, 385, 24, -151, 1101, 65;
-46, 275, 8, -920, 326, -27, -181, 1074, 33;
-42, 280, 12, -877, 376, -6, -165, 1092, 47;
-44, 278, 9, -888, 371, -21, -173, 1087, 37;
-44, 279, 9, -879, 385, -23, -172, 1089, 36;
-41, 282, 11, -847, 421, -11, -162, 1102, 43;
-34, 290, 17, -772, 501, 29, -133, 1132, 69;
-33, 291, 18, -753, 522, 32, -129, 1138, 71;
-37, 287, 13, -786, 492, 1, -146, 1122, 51;
-32, 293, 17, -729, 549, 28, -126, 1143, 68;
-39, 286, 10, -784, 495, -18, -152, 1118, 39;
-37, 289, 11, -756, 523, -10, -144, 1127, 44;
-37, 288, 9, -754, 524, -19, -147, 1125, 38;
-29, 296, 17, -670, 606, 25, -116, 1157, 66;
-33, 293, 12, -695, 579, -2, -130, 1143, 49;
-33, 292, 11, -689, 581, -10, -132, 1141, 44;
-29, 296, 14, -642, 624, 8, -116, 1157, 56;
-29, 296, 13, -630, 631, 4, -116, 1157, 53;
-25, 301, 17, -577, 678, 26, -98, 1175, 67;
-25, 301, 16, -566, 682, 21, -98, 1174, 64;
-25, 301, 15, -553, 687, 16, -97, 1174, 61;
-23, 302, 15, -531, 701, 17, -93, 1178, 61;
-29, 296, 9, -571, 652, -22, -114, 1156, 36;
-23, 301, 14, -507, 706, 6, -92, 1177, 54;
-26, 298, 10, -523, 679, -19, -104, 1164, 39;
-19, 304, 15, -448, 743, 17, -77, 1189, 61;
-16, 307, 18, -404, 775, 31, -64, 1200, 70;
-24, 299, 9, -466, 700, -24, -95, 1168, 35;
-23, 299, 8, -448, 704, -27, -93, 1168, 33;
-19, 303, 12, -393, 745, -5, -75, 1184, 47;
-13, 308, 16, -328, 795, 22, -53, 1203, 64;
-17, 304, 11, -351, 756, -8, -68, 1186, 45;
-10, 310, 17, -271, 820, 29, -40, 1211, 69;
-14, 305, 12, -301, 773, -6, -58, 1190, 47;
-12, 307, 13, -264, 792, 2, -48, 1197, 52;
-13, 305, 11, -262, 775, -12, -53, 1189, 43;
-7, 310, 16, -190, 828, 19, -28, 1211, 63;
-11, 305, 11, -212, 786, -10, -43, 1193, 44;
-8, 307, 12, -175, 803, -2, -33, 1199, 49;
-4, 311, 16, -118, 839, 19, -15, 1213, 62;
-5, 308, 13, -123, 812, 0, -23, 1202, 50;
-4, 308, 13, -93, 820, 3, -16, 1204, 53;
0, 312, 16, -37, 853, 24, 1, 1218, 66;
-7, 303, 7, -97, 770, -31, -28, 1183, 31;
1, 311, 16, 4, 848, 19, 7, 1215, 63;
1, 309, 14, 10, 829, 6, 4, 1208, 55;
2, 310, 14, 38, 832, 8, 10, 1209, 56;
1, 308, 12, 45, 814, -2, 7, 1201, 49;
0, 305, 9, 42, 785, -21, 0, 1190, 37;
1, 305, 10, 72, 789, -17, 7, 1191, 40;
1, 303, 8, 80, 770, -28, 5, 1184, 33;
12, 313, 18, 196, 858, 32, 47, 1221, 71;
3, 302, 7, 123, 758, -32, 12, 1180, 30;
4, 302, 7, 148, 755, -31, 16, 1179, 31;
6, 302, 8, 178, 756, -27, 23, 1181, 33;
16, 311, 17, 287, 836, 28, 63, 1215, 68;
11, 305, 11, 255, 775, -8, 44, 1190, 45;
13, 305, 12, 287, 777, -3, 52, 1192, 48;
13, 304, 11, 302, 763, -8, 53, 1187, 45;
19, 308, 16, 368, 798, 19, 75, 1203, 63;
22, 310, 18, 409, 809, 31, 87, 1209, 70;
15, 301, 10, 360, 729, -16, 61, 1177, 40;
15, 300, 9, 373, 711, -22, 61, 1171, 36;
21, 304, 13, 436, 743, 4, 82, 1186, 53;
25, 306, 16, 484, 760, 21, 97, 1194, 64;
22, 302, 13, 475, 720, 1, 89, 1179, 51;
20, 298, 10, 468, 681, -18, 81, 1164, 39;
22, 298, 10, 496, 677, -13, 88, 1165, 42;
26, 301, 14, 548, 697, 7, 104, 1175, 55;
30, 303, 16, 593, 710, 23, 118, 1182, 65;
31, 302, 17, 615, 700, 25, 123, 1180, 66;
24, 293, 8, 557, 610, -27, 94, 1144, 34;
24, 292, 8, 571, 591, -30, 96, 1139, 31;
28, 294, 11, 617, 606, -12, 111, 1147, 43;
29, 293, 11, 640, 596, -9, 116, 1146, 44;
34, 296, 15, 691, 616, 12, 133, 1156, 58;
34, 295, 14, 708, 600, 11, 136, 1152, 58;
29, 288, 8, 665, 525, -28, 114, 1123, 33;
39, 296, 18, 772, 600, 31, 154, 1156, 70;
30, 285, 8, 694, 490, -31, 118, 1114, 31;
32, 285, 8, 718, 483, -26, 125, 1113, 34;
37, 289, 13, 776, 509, 2, 145, 1127, 52;
39, 289, 14, 805, 506, 11, 154, 1128, 57;
42, 290, 16, 839, 510, 24, 165, 1132, 66;
35, 281, 9, 779, 419, -24, 137, 1098, 35;
37, 281, 10, 805, 413, -16, 144, 1098, 40;
35, 278, 8, 800, 378, -28, 139, 1087, 33;
36, 278, 8, 817, 365, -25, 143, 1084, 34;
41, 280, 12, 864, 382, -1, 160, 1094, 49;
46, 283, 17, 918, 406, 25, 180, 1107, 67;
44, 280, 15, 911, 370, 14, 174, 1095, 59;
40, 274, 10, 874, 304, -17, 157, 1071, 40;
43, 276, 13, 913, 314, 2, 171, 1078, 52;
46, 277, 15, 938, 311, 12, 179, 1080, 59;
42, 272, 11, 914, 259, -8, 167, 1062, 45;
46, 273, 14, 948, 265, 8, 179, 1068, 56;
41, 267, 9, 905, 196, -24, 160, 1042, 35;
40, 265, 8, 903, 167, -30, 157, 1033, 31;
46, 269, 13, 960, 198, 3, 180, 1050, 53;
41, 263, 8, 919, 131, -28, 161, 1025, 33;
46, 266, 12, 964, 151, -1, 179, 1037, 50;
47, 266, 14, 981, 143, 7, 185, 1037, 55;
51, 268, 17, 1018, 157, 29, 200, 1046, 69;
49, 265, 16, 1006, 121, 19, 194, 1035, 63;
50, 264, 16, 1014, 106, 23, 197, 1032, 65;
47, 260, 13, 987, 57, 3, 185, 1015, 53;
46, 257, 12, 976, 23, -4, 180, 1004, 48;
50, 260, 16, 1018, 44, 23, 197, 1016, 65;
43, 252, 9, 952, -40, -20, 170, 984, 38;
51, 258, 17, 1024, 10, 27, 200, 1009, 68;
51, 257, 17, 1024, -8, 28, 200, 1005, 68;
49, 254, 15, 1003, -48, 15, 192, 992, 60;
48, 252, 14, 992, -77, 9, 188, 983, 57;
43, 245, 9, 943, -143, -20, 168, 959, 38;
46, 248, 13, 974, -129, 2, 182, 968, 52;
51, 251, 17, 1012, -107, 30, 199, 980, 69;
49, 248, 16, 993, -141, 21, 192, 970, 64;
45, 243, 12, 950, -199, -3, 175, 949, 48;
40, 237, 8, 902, -260, -31, 157, 927, 31;
49, 246, 17, 985, -190, 28, 193, 959, 68;
47, 243, 16, 964, -224, 19, 186, 948, 62;
41, 235, 9, 896, -303, -20, 160, 919, 38;
38, 232, 8, 872, -339, -31, 152, 907, 31;
43, 236, 13, 909, -311, 0, 169, 922, 50;
47, 239, 17, 939, -291, 25, 184, 933, 67;
42, 233, 12, 885, -353, -3, 164, 911, 48;
38, 229, 9, 845, -401, -22, 149, 894, 36;
46, 236, 18, 915, -337, 31, 181, 923, 70;
36, 226, 8, 816, -443, -26, 143, 883, 34;
42, 231, 15, 866, -398, 15, 166, 904, 60;
39, 227, 12, 825, -444, -3, 152, 888, 48;
40, 228, 14, 832, -441, 10, 158, 892, 57;
36, 224, 11, 789, -487, -9, 144, 876, 45;
42, 229, 17, 829, -448, 27, 164, 895, 68;
38, 225, 14, 785, -494, 7, 149, 878, 55;
34, 221, 11, 740, -540, -11, 134, 862, 43;
31, 217, 8, 699, -580, -27, 121, 848, 33;
31, 218, 10, 697, -581, -18, 123, 850, 39;
34, 220, 13, 711, -565, 1, 133, 859, 52;
33, 219, 13, 697, -577, 4, 131, 857, 53;
35, 221, 16, 705, -565, 21, 139, 864, 64;
32, 218, 13, 663, -602, 5, 125, 851, 54;
26, 213, 9, 603, -657, -21, 105, 831, 37;
24, 210, 8, 570, -685, -31, 95, 821, 31;
24, 210, 8, 559, -689, -25, 95, 822, 34;
27, 213, 12, 575, -665, -1, 106, 833, 49;
29, 216, 16, 586, -646, 18, 115, 843, 62;
25, 212, 12, 536, -687, 0, 99, 828, 50;
22, 209, 10, 491, -722, -16, 86, 816, 40;
24, 211, 13, 501, -701, 4, 95, 826, 53;
27, 215, 17, 517, -674, 29, 106, 839, 69;
21, 210, 13, 452, -727, 0, 84, 819, 51;
17, 206, 10, 405, -761, -16, 70, 806, 40;
15, 205, 9, 372, -781, -23, 61, 799, 36;
17, 207, 12, 378, -760, -4, 69, 809, 48;
15, 205, 11, 344, -779, -11, 60, 803, 43;
18, 209, 15, 361, -747, 14, 72, 817, 60;
17, 208, 15, 335, -756, 13, 67, 815, 59;
13, 206, 12, 287, -787, -2, 52, 803, 49;
8, 202, 9, 231, -825, -24, 34, 788, 35;
12, 206, 13, 250, -787, 4, 48, 805, 53;
6, 201, 8, 182, -837, -25, 25, 785, 35;
5, 201, 8, 157, -842, -26, 20, 784, 34;
8, 204, 12, 170, -808, 0, 31, 798, 50;
7, 205, 13, 151, -806, 2, 29, 799, 52;
2, 201, 9, 91, -845, -21, 9, 784, 37;
5, 205, 13, 104, -809, 3, 20, 799, 53;
1, 202, 10, 52, -838, -14, 4, 787, 42;
4, 206, 15, 71, -796, 14, 18, 805, 60;
-1, 201, 10, -2, -846, -18, -6, 784, 39;
-1, 202, 11, -16, -835, -10, -6, 789, 44;
-1, 203, 12, -31, -826, -4, -7, 793, 48;
-5, 200, 9, -83, -852, -22, -23, 782, 36;
-6, 200, 9, -106, -849, -21, -27, 783, 37;
-6, 202, 10, -119, -836, -13, -26, 788, 42;
-7, 202, 11, -137, -827, -9, -29, 791, 44;
-12, 199, 7, -196, -859, -32, -47, 778, 30;
-5, 207, 15, -150, -785, 14, -23, 808, 59;
-4, 209, 17, -153, -760, 28, -19, 817, 68;
-15, 200, 8, -262, -840, -28, -58, 783, 33;
-15, 201, 8, -284, -833, -26, -62, 785, 34;
-13, 205, 12, -270, -790, -1, -50, 803, 50;
-16, 204, 10, -313, -804, -14, -63, 796, 41;
-17, 204, 10, -340, -800, -16, -69, 796, 40;
-16, 206, 12, -346, -776, -4, -66, 805, 48;
-19, 205, 10, -384, -785, -15, -77, 800, 41;
-15, 211, 16, -356, -725, 19, -59, 824, 62;
-20, 207, 11, -420, -759, -8, -81, 808, 45;
-18, 211, 15, -405, -713, 15, -70, 826, 60;
-19, 211, 14, -434, -710, 11, -77, 826, 58;
-21, 211, 14, -461, -706, 8, -83, 826, 55;
-24, 210, 12, -500, -713, -3, -94, 821, 48;
-20, 216, 17, -472, -653, 29, -78, 844, 69;
-22, 216, 16, -504, -653, 21, -86, 842, 64;
-30, 209, 9, -591, -708, -22, -117, 818, 37;
-26, 215, 14, -566, -651, 7, -103, 839, 55;
-24, 218, 17, -559, -612, 25, -95, 853, 66;
-26, 218, 15, -592, -613, 16, -104, 851, 61;
-28, 218, 15, -614, -602, 14, -109, 853, 60;
-29, 218, 14, -642, -598, 8, -116, 853, 56;
-32, 218, 12, -674, -599, -1, -126, 850, 50;
-37, 214, 8, -734, -626, -28, -146, 836, 33;
-36, 217, 10, -735, -595, -17, -143, 847, 39;
-32, 223, 15, -706, -534, 12, -127, 870, 58;
-30, 226, 17, -696, -492, 30, -119, 885, 69;
-36, 223, 13, -756, -521, 0, -140, 870, 51;
-32, 228, 17, -730, -463, 28, -126, 891, 68;
-40, 221, 9, -818, -519, -19, -159, 865, 38;
-39, 225, 11, -813, -483, -6, -154, 877, 46;
-36, 229, 15, -794, -434, 14, -143, 895, 60;
-35, 232, 17, -790, -399, 26, -138, 907, 67;
-44, 225, 8, -882, -460, -25, -173, 878, 34;
-36, 235, 17, -810, -358, 30, -140, 918, 69;
-45, 227, 8, -908, -426, -27, -178, 887, 34;
-45, 229, 10, -907, -395, -18, -175, 896, 39;
-43, 233, 12, -894, -353, -2, -167, 911, 49;
-41, 236, 14, -885, -315, 9, -162, 923, 56;
-48, 231, 7, -958, -359, -32, -189, 902, 30;
-46, 234, 10, -947, -320, -18, -183, 915, 39;
-43, 240, 14, -918, -263, 6, -169, 936, 54;
-41, 243, 16, -903, -221, 21, -161, 950, 64;
-48, 237, 9, -976, -267, -22, -189, 927, 36;
-50, 237, 8, -994, -259, -30, -195, 927, 32;
-47, 242, 11, -969, -207, -9, -183, 946, 45;
-42, 248, 16, -930, -142, 20, -166, 969, 63;
-47, 245, 11, -980, -168, -9, -186, 955, 44;
-44, 249, 15, -952, -114, 12, -173, 974, 58;
-50, 245, 9, -1009, -148, -23, -196, 957, 36;
-50, 246, 8, -1015, -130, -25, -198, 961, 35;
-42, 256, 17, -937, -29, 28, -165, 999, 68;
-46, 253, 13, -981, -51, 0, -183, 987, 51;
-44, 256, 15, -963, -11, 13, -175, 1000, 59;
-43, 259, 16, -948, 24, 23, -168, 1011, 65;
-42, 261, 17, -940, 53, 28, -165, 1020, 68;
-50, 254, 9, -1019, -6, -24, -198, 992, 35;
-44, 261, 15, -960, 72, 14, -174, 1021, 59;
-50, 257, 9, -1017, 34, -24, -198, 1002, 35;
-49, 260, 10, -999, 70, -14, -191, 1014, 41;
-43, 266, 16, -946, 140, 18, -170, 1039, 62;
-46, 264, 13, -970, 132, 0, -181, 1032, 50;
-46, 265, 12, -969, 150, -2, -181, 1036, 49;
-46, 267, 12, -965, 169, -2, -180, 1041, 49;
-48, 265, 10, -982, 166, -17, -189, 1037, 39;
-42, 272, 15, -923, 239, 17, -166, 1063, 61;
-42, 273, 15, -918, 258, 16, -165, 1068, 61;
-42, 275, 15, -910, 278, 16, -164, 1073, 61;
-44, 273, 12, -931, 268, -2, -174, 1066, 49;
-46, 272, 10, -944, 266, -17, -182, 1061, 40;
-44, 275, 12, -915, 305, -4, -172, 1074, 48;
-45, 275, 11, -918, 311, -12, -175, 1074, 43;
-38, 283, 17, -847, 391, 28, -148, 1104, 68;
-38, 283, 17, -842, 404, 24, -148, 1106, 66;
-45, 276, 8, -909, 344, -27, -179, 1078, 33;
-38, 284, 15, -829, 430, 17, -148, 1111, 61;
-37, 286, 16, -814, 450, 19, -145, 1116, 62;
-39, 284, 12, -832, 437, -1, -155, 1108, 50;
-38, 286, 13, -809, 464, 5, -149, 1116, 54;
-38, 286, 13, -801, 474, 0, -149, 1118, 51;
-40, 284, 10, -816, 461, -18, -158, 1110, 39;
-33, 292, 16, -738, 541, 23, -129, 1140, 65;
-38, 287, 10, -778, 501, -13, -149, 1121, 42;
-31, 294, 17, -702, 577, 26, -122, 1150, 67;
-31, 294, 15, -698, 580, 17, -124, 1148, 62;
-30, 296, 16, -676, 600, 21, -119, 1154, 64;
-31, 295, 14, -677, 596, 9, -123, 1150, 56;
-35, 291, 10, -700, 570, -18, -137, 1137, 39;
-31, 294, 12, -660, 606, -3, -124, 1149, 48;
-28, 298, 15, -616, 644, 13, -110, 1163, 59;
-26, 300, 16, -584, 670, 21, -101, 1172, 64;
-27, 298, 14, -588, 660, 6, -107, 1165, 54;
-24, 302, 16, -544, 696, 22, -93, 1178, 64;
-22, 303, 17, -520, 712, 24, -88, 1183, 66;
-22, 303, 16, -507, 716, 20, -87, 1183, 63;
-29, 295, 8, -564, 649, -31, -116, 1153, 31;
-20, 305, 16, -461, 741, 22, -78, 1190, 64;
-18, 306, 17, -430, 761, 28, -70, 1196, 68;
-26, 298, 8, -493, 686, -27, -101, 1163, 33;
-20, 303, 13, -430, 737, 0, -80, 1183, 50;
-18, 304, 14, -398, 755, 6, -72, 1189, 54;
-15, 307, 16, -357, 782, 18, -60, 1199, 62;
-20, 301, 9, -392, 731, -20, -80, 1176, 38;
-15, 306, 13, -332, 776, 4, -60, 1194, 53;
-11, 309, 16, -285, 806, 19, -46, 1205, 63;
-16, 303, 10, -315, 759, -15, -64, 1185, 41;
-17, 301, 8, -313, 743, -29, -68, 1177, 32;
-14, 303, 9, -275, 763, -20, -58, 1184, 38;
-9, 308, 14, -211, 808, 6, -37, 1202, 54;
-13, 303, 9, -232, 766, -24, -51, 1184, 35;
-7, 308, 13, -165, 813, 4, -29, 1203, 53;
-9, 305, 10, -170, 787, -15, -37, 1191, 41;
-7, 306, 11, -139, 797, -10, -29, 1195, 44;
0, 313, 18, -51, 863, 31, 1, 1222, 70;
-1, 311, 15, -50, 841, 15, -3, 1213, 60;
0, 311, 16, -19, 849, 20, 3, 1216, 63;
-2, 307, 11, -38, 806, -8, -10, 1198, 45;
-3, 304, 9, -37, 782, -24, -15, 1188, 35;
-1, 306, 10, 0, 794, -16, -5, 1193, 40;
3, 309, 13, 55, 824, 4, 11, 1206, 53;
5, 310, 15, 95, 839, 14, 22, 1212, 59;
7, 311, 16, 129, 846, 20, 31, 1215, 63;
9, 311, 16, 157, 847, 22, 37, 1216, 65;
5, 306, 11, 135, 797, -8, 22, 1196, 45;
3, 303, 8, 126, 761, -30, 13, 1181, 32;
6, 304, 10, 167, 774, -19, 24, 1187, 39;
5, 302, 8, 175, 753, -30, 22, 1179, 32;
12, 307, 13, 249, 798, 3, 47, 1199, 52;
10, 304, 10, 245, 765, -15, 40, 1186, 41;
16, 308, 15, 316, 807, 16, 64, 1204, 61;
16, 307, 14, 332, 793, 11, 66, 1200, 58;
19, 308, 16, 371, 801, 21, 76, 1204, 64;
17, 305, 13, 365, 765, 2, 68, 1190, 52;
16, 302, 10, 362, 731, -14, 62, 1178, 41;
18, 302, 11, 394, 732, -8, 70, 1180, 45;
15, 298, 7, 381, 688, -32, 60, 1163, 30;
20, 301, 11, 438, 714, -8, 78, 1175, 45;
20, 300, 11, 458, 702, -10, 81, 1172, 44;
19, 297, 9, 459, 672, -23, 77, 1161, 36;
22, 298, 10, 491, 672, -16, 85, 1162, 40;
22, 297, 10, 510, 659, -18, 89, 1159, 39;
31, 304, 17, 603, 721, 30, 123, 1186, 70;
32, 303, 18, 626, 711, 32, 128, 1185, 71;
27, 297, 12, 589, 642, -5, 108, 1158, 47;
28, 296, 12, 607, 628, -6, 111, 1154, 46;
32, 298, 15, 660, 648, 16, 128, 1165, 60;
34, 298, 16, 686, 642, 20, 135, 1165, 63;
31, 293, 12, 664, 588, -6, 121, 1144, 47;
36, 297, 16, 726, 618, 23, 143, 1159, 65;
38, 297, 17, 753, 613, 29, 150, 1159, 69;
38, 295, 16, 758, 586, 22, 149, 1151, 64;
32, 288, 10, 716, 512, -16, 127, 1123, 40;
39, 292, 16, 787, 552, 19, 153, 1142, 63;
35, 287, 11, 760, 493, -8, 139, 1120, 45;
35, 285, 10, 763, 465, -16, 136, 1111, 40;
35, 284, 10, 779, 449, -15, 139, 1107, 41;
40, 287, 14, 831, 471, 9, 158, 1119, 57;
40, 285, 14, 840, 448, 6, 158, 1113, 54;
42, 285, 14, 859, 437, 10, 163, 1111, 57;
45, 286, 17, 895, 442, 26, 175, 1116, 67;
42, 282, 14, 879, 397, 7, 166, 1100, 55;
40, 278, 11, 866, 355, -8, 158, 1086, 45;
43, 279, 13, 898, 357, 5, 169, 1090, 54;
40, 274, 10, 874, 304, -17, 157, 1071, 40;
42, 275, 12, 903, 305, -3, 167, 1074, 48;
42, 273, 11, 902, 275, -11, 164, 1065, 43;
40, 270, 9, 891, 237, -23, 158, 1053, 36;
49, 277, 18, 983, 301, 32, 194, 1083, 71;
44, 271, 12, 940, 230, -1, 174, 1056, 49;
43, 267, 10, 929, 193, -13, 168, 1044, 42;
42, 265, 9, 925, 163, -20, 165, 1035, 38;
44, 266, 11, 947, 160, -8, 173, 1037, 45;
44, 264, 11, 953, 140, -8, 174, 1032, 45;
41, 260, 8, 925, 88, -29, 162, 1014, 32;
44, 261, 11, 958, 96, -10, 175, 1021, 44;
50, 266, 17, 1015, 131, 25, 198, 1039, 66;
51, 265, 18, 1026, 118, 31, 202, 1037, 70;
45, 257, 11, 963, 33, -11, 175, 1005, 43;
43, 254, 9, 948, -3, -22, 169, 993, 36;
45, 255, 11, 970, -3, -9, 177, 996, 45;
45, 254, 11, 973, -20, -6, 179, 993, 46;
44, 251, 10, 959, -54, -15, 173, 982, 41;
44, 250, 10, 956, -76, -16, 172, 976, 40;
50, 255, 16, 1012, -39, 21, 196, 995, 64;
51, 255, 18, 1025, -44, 31, 202, 996, 70;
50, 253, 17, 1015, -71, 27, 198, 989, 68;
46, 247, 12, 967, -136, -1, 179, 965, 49;
46, 246, 13, 967, -152, 0, 180, 962, 51;
45, 245, 12, 959, -175, -1, 178, 955, 50;
41, 240, 9, 918, -231, -24, 162, 936, 35;
45, 242, 12, 945, -217, -2, 175, 945, 49;
46, 242, 14, 951, -224, 6, 179, 945, 54;
41, 236, 9, 904, -284, -20, 161, 924, 38;
42, 237, 11, 909, -291, -12, 165, 924, 43;
41, 235, 10, 898, -312, -13, 162, 918, 42;
41, 234, 11, 895, -326, -9, 163, 916, 44;
40, 232, 10, 873, -356, -17, 156, 906, 39;
39, 230, 9, 858, -380, -21, 152, 900, 37;
37, 228, 8, 840, -406, -26, 147, 892, 34;
46, 236, 17, 913, -340, 30, 180, 922, 69;
37, 227, 9, 826, -433, -19, 147, 887, 38;
35, 224, 8, 796, -468, -31, 137, 875, 31;
41, 230, 14, 847, -422, 11, 161, 897, 58;
42, 230, 16, 848, -424, 21, 165, 899, 64;
36, 224, 10, 783, -492, -13, 141, 874, 42;
42, 229, 17, 830, -447, 28, 164, 895, 68;
35, 222, 11, 755, -524, -12, 136, 866, 43;
39, 226, 16, 786, -493, 19, 153, 881, 62;
36, 223, 14, 752, -527, 7, 142, 870, 55;
30, 216, 8, 682, -596, -28, 117, 844, 33;
30, 216, 9, 675, -601, -21, 118, 844, 37;
28, 214, 8, 649, -625, -28, 111, 837, 33;
28, 214, 9, 639, -631, -22, 111, 837, 37;
34, 220, 16, 686, -580, 20, 135, 860, 63;
30, 217, 13, 641, -620, 3, 120, 846, 52;
26, 213, 10, 593, -662, -16, 105, 831, 40;
27, 213, 11, 586, -662, -7, 106, 833, 46;
23, 210, 9, 542, -698, -23, 93, 820, 36;
21, 208, 8, 510, -722, -31, 84, 812, 31;
27, 214, 15, 557, -666, 13, 108, 837, 59;
27, 214, 16, 544, -669, 18, 107, 838, 62;
23, 211, 13, 496, -707, 0, 92, 824, 51;
20, 208, 11, 458, -734, -10, 81, 814, 44;
23, 211, 14, 469, -710, 11, 91, 826, 58;
18, 207, 10, 407, -759, -14, 71, 807, 41;
22, 211, 16, 436, -717, 18, 87, 826, 62;
22, 212, 17, 424, -715, 26, 88, 828, 67;
19, 209, 15, 382, -741, 13, 75, 818, 59;
17, 208, 13, 347, -761, 5, 66, 811, 54;
17, 208, 15, 333, -758, 12, 66, 814, 58;
12, 204, 11, 275, -799, -11, 47, 798, 43;
12, 206, 13, 269, -787, 0, 50, 804, 51;
11, 205, 12, 242, -796, -1, 44, 801, 50;
12, 207, 15, 240, -778, 13, 49, 809, 59;
10, 205, 13, 203, -796, 4, 39, 802, 53;
7, 204, 12, 168, -810, -2, 30, 797, 49;
10, 207, 16, 177, -780, 19, 39, 810, 63;
9, 208, 17, 161, -775, 25, 38, 813, 66;
9, 209, 18, 146, -768, 31, 38, 816, 70;
0, 201, 10, 46, -844, -18, 2, 785, 39;
3, 205, 14, 59, -808, 6, 13, 800, 55;
1, 203, 12, 23, -821, -1, 3, 795, 50;
0, 203, 12, -7, -826, -4, -2, 793, 48;
2, 207, 16, 7, -787, 21, 8, 809, 64;
1, 207, 16, -15, -785, 22, 4, 810, 64;
-2, 205, 13, -65, -808, 5, -10, 800, 54;
0, 209, 17, -53, -769, 30, 0, 816, 69;
-6, 203, 12, -128, -818, -3, -25, 795, 48;
-8, 203, 11, -163, -826, -10, -34, 791, 44;
-7, 205, 13, -167, -802, 3, -30, 801, 52;
-11, 203, 10, -216, -823, -13, -45, 791, 42;
-10, 205, 13, -219, -797, 0, -40, 801, 51;
-10, 206, 14, -235, -785, 5, -41, 806, 54;
-11, 207, 14, -255, -775, 8, -44, 809, 56;
-9, 211, 17, -248, -739, 28, -36, 823, 68;
-20, 201, 7, -363, -824, -31, -78, 787, 31;
-12, 210, 16, -308, -739, 20, -50, 821, 63;
-14, 210, 16, -333, -733, 19, -55, 822, 62;
-18, 208, 13, -382, -751, 1, -70, 813, 52;
-19, 209, 13, -403, -741, 2, -74, 816, 52;
-15, 214, 18, -381, -688, 32, -60, 836, 71;
-21, 209, 12, -453, -729, -1, -84, 818, 50;
-26, 206, 9, -509, -753, -23, -103, 806, 36;
-26, 208, 10, -520, -733, -16, -102, 813, 40;
-24, 211, 13, -516, -697, 0, -96, 826, 51;
-28, 210, 10, -559, -708, -14, -109, 820, 41;
-27, 212, 12, -562, -679, -2, -105, 830, 49;
-28, 213, 12, -581, -666, -2, -109, 833, 49;
-32, 211, 9, -633, -686, -23, -126, 823, 36;
-27, 218, 15, -595, -616, 14, -106, 850, 60;
-26, 220, 16, -600, -589, 23, -103, 859, 65;
-34, 214, 9, -684, -641, -19, -134, 835, 38;
-36, 213, 8, -715, -639, -28, -143, 833, 33;
-32, 220, 14, -681, -573, 6, -124, 859, 55;
-31, 222, 15, -687, -547, 14, -123, 867, 59;
-35, 220, 12, -733, -561, -5, -138, 858, 47;
-38, 219, 10, -766, -562, -16, -148, 855, 40;
-39, 219, 9, -788, -553, -20, -154, 857, 38;
-32, 228, 17, -731, -464, 28, -126, 891, 68;
-33, 229, 17, -746, -448, 27, -129, 895, 68;
-41, 223, 10, -829, -500, -17, -160, 871, 39;
-43, 223, 9, -855, -494, -25, -168, 870, 35;
-36, 231, 16, -800, -409, 20, -142, 903, 63;
-38, 231, 14, -825, -403, 11, -150, 902, 58;
-41, 229, 12, -864, -412, -5, -163, 896, 47;
-42, 230, 12, -876, -394, -5, -165, 900, 47;
-40, 234, 14, -864, -353, 9, -158, 914, 56;
-47, 229, 8, -934, -393, -29, -184, 894, 32;
-39, 239, 16, -863, -293, 24, -152, 932, 66;
-41, 239, 15, -886, -287, 15, -159, 932, 60;
-48, 232, 8, -965, -338, -30, -190, 908, 31;
-42, 240, 14, -911, -256, 10, -166, 938, 57;
-45, 239, 12, -944, -262, -6, -178, 933, 47;
-43, 243, 15, -924, -215, 12, -168, 949, 58;
-43, 244, 14, -932, -196, 11, -169, 954, 58;
-40, 249, 18, -907, -146, 31, -158, 971, 70;
-43, 248, 15, -933, -146, 18, -167, 968, 62;
-50, 242, 9, -1004, -191, -25, -196, 945, 35;
-48, 246, 11, -986, -149, -10, -187, 960, 44;
-50, 245, 9, -1007, -146, -22, -195, 958, 37;
-46, 250, 13, -973, -88, 2, -180, 978, 52;
-45, 253, 14, -966, -58, 8, -177, 987, 56;
-47, 252, 12, -985, -55, -2, -184, 985, 49;
-49, 251, 10, -1009, -57, -17, -194, 981, 39;
-47, 255, 12, -988, -15, -3, -185, 995, 48;
-51, 252, 8, -1021, -28, -25, -199, 986, 35;
-49, 255, 10, -1006, 7, -15, -193, 997, 41;
-49, 257, 10, -1005, 27, -15, -192, 1002, 41;
-45, 262, 14, -966, 84, 8, -177, 1023, 56;
-47, 261, 12, -980, 89, -2, -183, 1021, 49;
-43, 266, 15, -948, 138, 16, -171, 1038, 61;
-47, 263, 11, -980, 123, -6, -185, 1028, 46;
-43, 269, 16, -936, 182, 19, -168, 1050, 63;
-50, 263, 8, -1000, 134, -26, -195, 1026, 34;
-48, 265, 9, -986, 163, -20, -190, 1035, 38;
-47, 268, 11, -965, 198, -10, -183, 1046, 44;
-39, 276, 18, -894, 282, 32, -155, 1078, 71;
-47, 269, 10, -961, 227, -17, -185, 1052, 40;
-41, 276, 15, -903, 296, 16, -163, 1077, 60;
-45, 273, 11, -934, 276, -10, -178, 1066, 44;
-42, 276, 13, -904, 316, 3, -167, 1079, 53;
-43, 277, 12, -904, 326, -2, -169, 1080, 49;
-47, 273, 8, -937, 301, -31, -185, 1067, 31;
-46, 275, 8, -920, 325, -27, -181, 1074, 33;
-46, 276, 8, -910, 343, -28, -179, 1078, 33;
-36, 286, 17, -812, 447, 28, -141, 1118, 68;
-41, 282, 12, -849, 415, -4, -159, 1102, 48;
-38, 285, 14, -820, 449, 6, -150, 1113, 55;
-41, 283, 10, -839, 433, -15, -161, 1104, 41;
-37, 287, 14, -791, 485, 7, -144, 1122, 55;
-33, 291, 17, -748, 530, 26, -130, 1138, 67;
-39, 286, 10, -797, 482, -16, -154, 1115, 40;
-31, 294, 18, -710, 569, 31, -121, 1149, 70;
-37, 288, 10, -761, 518, -13, -146, 1125, 42;
-33, 293, 14, -712, 566, 8, -129, 1143, 56;
-38, 287, 8, -755, 521, -31, -151, 1122, 31;
-34, 291, 11, -707, 566, -11, -135, 1138, 43;
-30, 296, 15, -653, 617, 12, -117, 1156, 59;
-30, 296, 13, -647, 618, 5, -119, 1155, 54;
-27, 298, 15, -611, 649, 16, -108, 1165, 61;
-25, 301, 17, -579, 675, 25, -99, 1174, 66;
-25, 301, 16, -567, 681, 20, -98, 1174, 63;
-27, 299, 13, -574, 666, 2, -106, 1166, 52;
-31, 294, 8, -603, 629, -30, -123, 1148, 31;
-30, 295, 8, -584, 639, -31, -119, 1151, 31;
-26, 299, 11, -531, 682, -9, -102, 1167, 44;
-19, 305, 16, -458, 745, 24, -77, 1191, 66;
-19, 305, 16, -441, 750, 21, -74, 1192, 64;
-24, 300, 10, -477, 702, -16, -94, 1170, 40;
-20, 303, 13, -429, 737, 0, -80, 1183, 51;
-17, 305, 14, -389, 763, 11, -68, 1192, 58;
-23, 299, 8, -432, 707, -31, -91, 1168, 31;
-13, 309, 17, -323, 800, 25, -51, 1205, 66;
-13, 307, 15, -317, 791, 14, -54, 1200, 59;
-11, 309, 16, -284, 807, 20, -45, 1206, 63;
-17, 302, 9, -324, 750, -21, -67, 1181, 37;
-14, 304, 11, -284, 772, -10, -56, 1189, 44;
-11, 307, 13, -242, 796, 1, -44, 1198, 52;
-6, 311, 17, -183, 836, 24, -25, 1214, 66;
-8, 308, 13, -189, 809, 4, -33, 1202, 53;
-7, 308, 13, -167, 811, 2, -30, 1202, 52;
-2, 312, 17, -102, 855, 30, -8, 1220, 69;
-9, 305, 9, -152, 783, -19, -35, 1190, 38;
-7, 306, 10, -120, 793, -14, -27, 1193, 42;
0, 311, 15, -49, 841, 16, -3, 1213, 61;
1, 312, 16, -12, 855, 24, 6, 1218, 66;
-1, 308, 12, -28, 815, -2, -6, 1202, 49;
-1, 306, 11, -17, 801, -11, -7, 1196, 43;
-4, 303, 7, -24, 770, -32, -15, 1183, 30;
3, 309, 13, 55, 824, 4, 11, 1206, 53;
0, 304, 8, 34, 777, -26, -2, 1186, 34;
1, 305, 9, 69, 785, -19, 6, 1190, 38;
3, 305, 10, 100, 790, -15, 13, 1192, 41;
9, 310, 15, 171, 834, 15, 37, 1211, 60;
10, 310, 15, 196, 831, 16, 42, 1210, 61;
11, 309, 14, 212, 818, 10, 43, 1206, 57;
11, 308, 14, 233, 811, 8, 46, 1204, 56;
6, 302, 8, 197, 747, -31, 26, 1178, 31;
9, 303, 9, 239, 759, -19, 38, 1184, 38;
13, 306, 12, 289, 779, -1, 53, 1193, 49;
12, 303, 10, 294, 755, -13, 50, 1184, 42;
18, 307, 15, 359, 790, 13, 71, 1199, 59;
15, 303, 11, 344, 744, -11, 60, 1182, 43;
16, 302, 11, 365, 735, -12, 63, 1179, 42;
19, 304, 13, 411, 749, 2, 77, 1187, 52;
16, 299, 9, 393, 700, -24, 65, 1168, 35;
19, 301, 11, 435, 711, -10, 77, 1174, 44;
26, 306, 17, 511, 755, 25, 103, 1194, 66;
22, 300, 12, 488, 701, -4, 89, 1173, 48;
22, 298, 10, 491, 672, -16, 85, 1162, 40;
27, 301, 14, 553, 702, 10, 106, 1177, 57;
26, 299, 13, 560, 677, 1, 105, 1168, 51;
31, 302, 17, 618, 703, 26, 124, 1181, 67;
30, 299, 14, 612, 665, 9, 117, 1167, 56;
32, 299, 15, 642, 663, 16, 125, 1169, 61;
34, 300, 17, 675, 663, 25, 134, 1171, 67;
31, 295, 13, 656, 612, 0, 122, 1152, 51;
32, 294, 13, 677, 601, 2, 127, 1150, 52;
29, 289, 9, 657, 549, -22, 114, 1130, 36;
31, 290, 10, 688, 548, -13, 123, 1133, 42;
32, 289, 11, 706, 534, -12, 127, 1129, 43;
35, 290, 12, 741, 537, 0, 138, 1133, 50;
33, 287, 10, 733, 498, -16, 131, 1119, 40;
38, 290, 14, 791, 524, 11, 151, 1133, 58;
33, 283, 9, 752, 454, -23, 132, 1107, 36;
33, 281, 7, 754, 424, -32, 129, 1097, 30;
38, 284, 12, 810, 449, -4, 149, 1110, 48;
41, 286, 14, 846, 455, 10, 161, 1115, 57;
35, 278, 8, 800, 378, -28, 139, 1086, 33;
36, 278, 9, 818, 366, -25, 144, 1084, 35;
42, 281, 13, 873, 391, 3, 164, 1098, 53;
37, 275, 8, 840, 328, -25, 147, 1075, 34;
37, 273, 8, 844, 303, -30, 147, 1068, 32;
39, 274, 9, 869, 299, -20, 155, 1069, 38;
46, 279, 16, 938, 339, 18, 181, 1089, 62;
38, 269, 8, 871, 244, -31, 151, 1052, 31;
48, 277, 16, 962, 307, 23, 187, 1082, 65;
44, 272, 13, 935, 253, 0, 174, 1062, 50;
40, 267, 8, 902, 193, -26, 159, 1041, 34;
42, 267, 10, 924, 189, -16, 166, 1042, 40;
42, 265, 10, 929, 167, -17, 167, 1037, 39;
45, 267, 12, 957, 169, -2, 177, 1041, 49;
51, 271, 18, 1014, 201, 31, 200, 1058, 70;
44, 263, 11, 953, 116, -11, 174, 1026, 44;
44, 261, 11, 955, 94, -12, 174, 1020, 43;
49, 264, 15, 1000, 115, 15, 192, 1032, 60;
50, 264, 16, 1012, 104, 21, 196, 1031, 64;
51, 264, 17, 1027, 96, 30, 201, 1031, 69;
45, 256, 11, 967, 15, -10, 177, 1001, 44;
42, 252, 8, 944, -28, -25, 167, 986, 34;
45, 254, 11, 967, -26, -10, 176, 990, 44;
42, 250, 8, 943, -70, -26, 167, 976, 34;
44, 250, 10, 956, -76, -16, 172, 976, 40;
42, 247, 9, 942, -109, -25, 167, 966, 35;
48, 252, 14, 991, -78, 9, 188, 982, 56;
50, 253, 17, 1015, -71, 27, 198, 989, 68;
47, 248, 14, 980, -123, 6, 185, 970, 55;
41, 241, 8, 921, -198, -29, 161, 943, 32;
49, 248, 16, 993, -141, 21, 192, 970, 64;
48, 247, 16, 983, -165, 18, 189, 963, 62;
40, 237, 8, 903, -259, -30, 158, 927, 32;
40, 236, 8, 899, -276, -28, 157, 923, 33;
39, 235, 7, 887, -301, -31, 154, 917, 31;
42, 237, 11, 910, -289, -11, 166, 925, 43;
45, 238, 14, 929, -281, 6, 175, 931, 55;
41, 234, 10, 887, -333, -14, 160, 913, 41;
44, 236, 14, 915, -315, 10, 174, 924, 57;
38, 229, 8, 847, -391, -28, 148, 895, 33;
40, 231, 11, 867, -379, -8, 158, 903, 45;
44, 235, 16, 899, -354, 21, 174, 917, 64;
39, 229, 11, 843, -416, -8, 154, 894, 45;
39, 229, 12, 838, -426, -3, 155, 893, 49;
38, 226, 11, 815, -454, -10, 148, 884, 44;
34, 223, 8, 776, -496, -26, 135, 869, 34;
39, 227, 14, 812, -464, 6, 153, 886, 54;
41, 228, 16, 820, -458, 21, 160, 891, 64;
32, 219, 8, 727, -552, -30, 125, 855, 31;
39, 226, 16, 791, -488, 22, 155, 884, 65;
36, 222, 13, 747, -532, 3, 140, 868, 53;
38, 225, 17, 765, -513, 26, 152, 878, 67;
31, 217, 10, 684, -592, -16, 122, 848, 40;
32, 218, 12, 683, -590, -4, 125, 851, 47;
35, 221, 16, 702, -568, 19, 137, 863, 62;
35, 221, 17, 698, -568, 28, 139, 865, 68;
31, 217, 14, 649, -612, 8, 123, 849, 56;
25, 211, 9, 581, -674, -23, 100, 826, 36;
24, 210, 9, 560, -687, -24, 96, 822, 35;
26, 213, 12, 568, -672, -6, 103, 830, 46;
24, 210, 10, 534, -698, -15, 94, 822, 41;
27, 213, 14, 550, -673, 8, 105, 834, 56;
25, 212, 13, 524, -689, 5, 99, 829, 54;
18, 206, 8, 449, -753, -30, 73, 805, 32;
20, 208, 10, 454, -737, -13, 80, 813, 42;
17, 206, 9, 417, -763, -23, 69, 804, 36;
23, 212, 16, 460, -706, 20, 92, 829, 63;
16, 206, 10, 382, -770, -16, 65, 804, 40;
16, 206, 10, 364, -774, -13, 63, 803, 42;
15, 206, 11, 346, -777, -10, 61, 804, 44;
12, 204, 9, 307, -800, -20, 50, 795, 38;
16, 208, 14, 330, -761, 9, 64, 813, 57;
10, 203, 9, 261, -812, -20, 41, 792, 38;
11, 205, 12, 259, -797, -5, 46, 800, 47;
14, 208, 15, 270, -767, 17, 56, 813, 61;
13, 208, 16, 252, -767, 21, 54, 814, 64;
11, 206, 14, 211, -787, 10, 42, 806, 57;
9, 206, 14, 186, -792, 9, 38, 805, 57;
7, 204, 13, 150, -807, 1, 28, 799, 51;
7, 206, 14, 137, -799, 9, 28, 803, 56;
3, 202, 11, 84, -830, -9, 12, 791, 44;
0, 201, 10, 48, -842, -17, 3, 786, 40;
-2, 199, 8, 3, -864, -30, -9, 777, 32;
0, 203, 12, 19, -824, -3, 2, 794, 48;
3, 207, 16, 35, -784, 23, 14, 810, 65;
0, 205, 14, -11, -806, 8, 0, 801, 56;
0, 206, 15, -23, -792, 17, 1, 807, 61;
-1, 206, 14, -56, -799, 11, -6, 804, 58;
0, 208, 17, -57, -774, 27, -1, 814, 67;
-5, 205, 13, -116, -806, 4, -20, 800, 53;
-10, 201, 9, -177, -840, -20, -40, 785, 38;
-9, 204, 12, -180, -815, -5, -35, 795, 47;
-11, 202, 10, -220, -826, -15, -46, 790, 41;
-5, 210, 17, -176, -754, 29, -22, 819, 69;
-16, 201, 8, -286, -835, -27, -63, 785, 33;
-9, 209, 15, -241, -761, 18, -38, 815, 62;
-18, 201, 8, -334, -824, -28, -72, 787, 33;
-13, 208, 14, -300, -760, 10, -52, 813, 57;
-11, 212, 17, -292, -723, 30, -44, 827, 70;
-18, 207, 12, -369, -769, -4, -70, 807, 47;
-22, 204, 9, -422, -791, -24, -87, 797, 35;
-19, 208, 12, -409, -748, -1, -76, 813, 50;
-25, 204, 8, -476, -783, -31, -99, 797, 31;
-22, 209, 12, -459, -735, -5, -87, 815, 47;
-24, 209, 11, -487, -732, -9, -94, 815, 45;
-19, 215, 17, -456, -668, 26, -76, 840, 67;
-28, 208, 9, -548, -729, -21, -109, 813, 37;
-25, 212, 13, -534, -683, 1, -99, 830, 52;
-22, 217, 17, -520, -637, 24, -88, 847, 66;
-32, 209, 8, -624, -709, -30, -126, 816, 31;
-30, 212, 10, -620, -672, -14, -120, 828, 41;
-24, 220, 17, -572, -592, 30, -96, 860, 69;
-30, 216, 12, -641, -629, -3, -120, 842, 48;
-36, 212, 8, -701, -658, -31, -141, 828, 31;
-36, 214, 9, -710, -634, -24, -141, 835, 35;
-38, 214, 8, -737, -629, -31, -148, 835, 31;
-31, 222, 15, -683, -543, 16, -121, 868, 61;
-38, 217, 9, -762, -590, -24, -150, 847, 35;
-37, 219, 10, -763, -560, -14, -147, 857, 41;
-36, 222, 12, -763, -528, -3, -143, 867, 48;
-41, 219, 8, -814, -547, -27, -161, 857, 34;
-42, 220, 8, -830, -532, -28, -164, 860, 33;
-40, 224, 11, -819, -490, -11, -156, 875, 44;
-43, 223, 9, -854, -494, -25, -168, 870, 35;
-39, 228, 12, -832, -441, -1, -155, 889, 50;
-45, 224, 7, -892, -470, -32, -177, 874, 30;
-43, 228, 10, -880, -428, -16, -169, 889, 40;
-43, 229, 11, -886, -404, -12, -169, 896, 43;
-41, 233, 13, -875, -364, 2, -162, 909, 52;
-44, 232, 11, -906, -365, -10, -172, 906, 44;
-47, 230, 8, -942, -372, -28, -185, 900, 33;
-40, 239, 16, -877, -278, 21, -156, 935, 64;
-42, 238, 14, -909, -282, 6, -167, 931, 54;
-43, 240, 14, -915, -260, 8, -168, 937, 55;
-41, 243, 16, -902, -220, 22, -160, 950, 64;
-41, 245, 16, -905, -196, 24, -160, 957, 66;
-41, 247, 17, -909, -173, 26, -160, 963, 67;
-46, 242, 11, -965, -204, -6, -182, 947, 46;
-45, 245, 13, -955, -168, 3, -177, 959, 53;
-47, 245, 11, -978, -165, -7, -185, 956, 46;
-50, 243, 9, -1008, -170, -25, -196, 951, 35;
-49, 246, 10, -1000, -139, -17, -192, 961, 40;
-45, 252, 14, -963, -78, 9, -176, 982, 56;
-49, 249, 10, -1001, -93, -14, -191, 973, 42;
-50, 249, 9, -1013, -83, -21, -196, 973, 37;
-44, 257, 15, -955, -3, 18, -172, 1003, 62;
-46, 255, 13, -981, -8, 1, -182, 998, 51;
-42, 261, 17, -941, 52, 27, -166, 1019, 68;
-42, 263, 18, -936, 77, 31, -164, 1027, 70;
-50, 256, 9, -1011, 21, -19, -195, 1000, 38;
-46, 261, 13, -977, 73, 1, -181, 1018, 51;
-49, 259, 10, -1000, 69, -15, -191, 1013, 41;
-50, 259, 9, -1012, 74, -25, -197, 1012, 35;
-41, 269, 17, -928, 174, 27, -163, 1050, 68;
-49, 263, 10, -994, 125, -18, -191, 1026, 39;
-46, 266, 12, -970, 164, -6, -183, 1039, 47;
-50, 263, 8, -1003, 146, -31, -198, 1028, 31;
-40, 274, 18, -903, 260, 30, -157, 1072, 70;
-42, 273, 15, -918, 257, 16, -165, 1068, 61;
-45, 272, 12, -937, 250, -1, -175, 1061, 49;
-42, 275, 14, -910, 289, 11, -165, 1074, 58;
-48, 270, 8, -959, 251, -27, -188, 1055, 34;
-40, 279, 15, -882, 338, 18, -158, 1088, 62;
-44, 275, 11, -914, 315, -9, -174, 1076, 44;
-44, 276, 11, -906, 332, -11, -172, 1079, 44;
-45, 276, 9, -914, 332, -23, -178, 1076, 36;
-39, 283, 15, -844, 409, 15, -152, 1105, 60;
-39, 284, 14, -837, 421, 12, -152, 1107, 58;
-41, 282, 11, -854, 410, -7, -161, 1100, 46;
-38, 286, 14, -815, 454, 10, -148, 1115, 57;
-43, 281, 8, -857, 416, -26, -169, 1096, 34;
-41, 283, 10, -829, 446, -17, -160, 1106, 39;
-41, 283, 9, -823, 455, -23, -161, 1107, 36;
-34, 291, 15, -748, 531, 16, -133, 1136, 61;
-39, 286, 10, -786, 493, -19, -153, 1118, 39;
-36, 289, 11, -754, 525, -8, -143, 1128, 45;
-37, 289, 10, -747, 531, -14, -144, 1128, 41;
-32, 294, 14, -694, 583, 9, -126, 1147, 56;
-30, 296, 15, -665, 608, 17, -118, 1155, 61;
-28, 298, 17, -635, 635, 25, -109, 1164, 66;
-33, 293, 10, -675, 591, -13, -130, 1143, 42;
-31, 295, 11, -646, 614, -6, -122, 1151, 46;
-29, 296, 12, -618, 636, 0, -115, 1158, 50;
-27, 298, 13, -591, 657, 4, -108, 1164, 53;
-27, 299, 13, -574, 666, 2, -106, 1166, 52;
-31, 294, 8, -605, 627, -31, -123, 1148, 31;
-25, 300, 13, -536, 687, 0, -99, 1171, 51;
-28, 296, 9, -553, 660, -24, -111, 1158, 35;
-28, 297, 8, -536, 667, -27, -109, 1159, 33;
-17, 306, 17, -429, 762, 29, -70, 1196, 69;
-17, 307, 17, -411, 768, 27, -67, 1197, 67;
-19, 304, 14, -417, 750, 8, -74, 1188, 56;
-21, 301, 10, -429, 724, -14, -84, 1176, 42;
-14, 308, 17, -346, 792, 25, -56, 1203, 66;
-21, 300, 8, -402, 721, -27, -84, 1172, 34;
-13, 307, 15, -315, 792, 15, -53, 1200, 60;
-14, 306, 13, -313, 778, 1, -57, 1194, 51;
-18, 302, 8, -331, 742, -26, -70, 1178, 34;
-17, 302, 8, -309, 747, -27, -67, 1179, 33;
-10, 308, 14, -229, 808, 9, -39, 1203, 57;
-10, 307, 12, -221, 797, 0, -41, 1198, 50;
-14, 302, 8, -242, 756, -30, -55, 1180, 31;
-6, 309, 14, -157, 821, 9, -26, 1206, 56;
-8, 306, 11, -159, 798, -7, -32, 1196, 46;
-5, 308, 13, -117, 818, 3, -20, 1204, 53;
-5, 307, 12, -104, 809, -3, -20, 1200, 48;
0, 312, 16, -37, 854, 24, 1, 1218, 66;
0, 311, 15, -22, 845, 18, 2, 1214, 62;
3, 313, 17, 19, 863, 29, 13, 1222, 69;
0, 309, 13, 8, 827, 5, 3, 1207, 54;
1, 308, 13, 26, 821, 1, 5, 1204, 51;
2, 308, 12, 47, 816, -1, 8, 1202, 50;
0, 305, 9, 41, 784, -21, 0, 1189, 37;
0, 303, 8, 53, 770, -30, 0, 1184, 32;
4, 306, 11, 109, 799, -9, 17, 1196, 45;
10, 311, 16, 177, 840, 20, 40, 1214, 63;
6, 305, 11, 152, 787, -12, 24, 1192, 42;
4, 302, 7, 148, 754, -32, 16, 1179, 30;
9, 305, 11, 207, 785, -8, 35, 1193, 45;
14, 309, 15, 271, 821, 18, 56, 1208, 62;
14, 307, 14, 280, 800, 8, 55, 1201, 55;
13, 305, 12, 284, 775, -4, 51, 1191, 47;
13, 304, 11, 301, 762, -9, 53, 1187, 45;
18, 308, 15, 364, 795, 17, 73, 1202, 61;
17, 305, 13, 365, 765, 2, 68, 1190, 52;
22, 308, 16, 421, 791, 24, 87, 1202, 66;
19, 303, 12, 405, 743, -1, 75, 1184, 50;
25, 307, 17, 472, 779, 28, 97, 1201, 68;
21, 302, 12, 448, 724, -2, 82, 1179, 49;
22, 302, 13, 474, 718, 0, 88, 1178, 51;
22, 300, 11, 480, 693, -9, 86, 1170, 45;
23, 299, 11, 502, 683, -9, 90, 1167, 45;
28, 303, 16, 566, 715, 19, 112, 1182, 63;
23, 296, 9, 525, 643, -21, 90, 1154, 37;
25, 296, 10, 558, 643, -13, 99, 1156, 42;
30, 300, 15, 619, 672, 14, 120, 1170, 59;
34, 301, 17, 660, 681, 29, 133, 1176, 69;
30, 296, 13, 641, 630, 3, 120, 1157, 53;
36, 300, 18, 703, 660, 32, 142, 1172, 71;
34, 297, 15, 698, 622, 16, 135, 1158, 61;
36, 297, 16, 727, 619, 24, 144, 1160, 66;
37, 296, 16, 745, 605, 24, 147, 1156, 66;
32, 289, 11, 706, 534, -12, 127, 1129, 42;
34, 289, 11, 731, 527, -7, 133, 1129, 46;
34, 287, 10, 736, 501, -13, 132, 1121, 42;
33, 285, 9, 743, 476, -20, 131, 1113, 38;
37, 287, 12, 784, 485, -2, 145, 1120, 49;
36, 284, 10, 780, 451, -14, 140, 1108, 41;
44, 290, 17, 863, 502, 30, 171, 1132, 70;
42, 287, 15, 856, 465, 17, 165, 1120, 61;
42, 285, 15, 862, 440, 12, 165, 1112, 58;
41, 282, 13, 857, 405, 1, 160, 1101, 51;
45, 284, 16, 901, 419, 22, 175, 1109, 64;
41, 278, 12, 870, 358, -5, 160, 1087, 47;
39, 275, 9, 859, 318, -20, 153, 1074, 38;
39, 273, 9, 862, 292, -24, 152, 1066, 35;
39, 271, 8, 869, 270, -27, 152, 1060, 34;
43, 274, 12, 913, 286, -3, 169, 1070, 48;
44, 273, 13, 929, 274, 1, 173, 1068, 51;
49, 277, 17, 978, 296, 28, 192, 1081, 68;
44, 270, 12, 935, 226, -4, 172, 1055, 48;
46, 271, 14, 959, 223, 6, 181, 1057, 55;
49, 272, 17, 993, 231, 25, 193, 1063, 66;
50, 272, 17, 1004, 217, 29, 197, 1061, 69;
45, 265, 12, 959, 146, -4, 177, 1035, 48;
49, 268, 16, 999, 162, 19, 193, 1045, 63;
44, 261, 10, 953, 92, -13, 173, 1019, 42;
49, 264, 15, 1000, 115, 15, 192, 1032, 60;
49, 264, 16, 1009, 101, 19, 194, 1030, 63;
46, 258, 12, 973, 43, -5, 179, 1009, 47;
42, 254, 8, 941, -10, -27, 166, 990, 33;
51, 261, 17, 1025, 52, 27, 200, 1019, 68;
43, 252, 10, 954, -38, -19, 171, 985, 39;
42, 250, 8, 944, -69, -25, 167, 976, 34;
50, 256, 16, 1010, -22, 19, 195, 999, 62;
45, 250, 11, 964, -87, -10, 176, 975, 44;
45, 248, 11, 961, -108, -10, 175, 970, 44;
48, 251, 15, 994, -92, 13, 190, 980, 59;
48, 249, 14, 986, -117, 10, 187, 973, 57;
44, 244, 11, 946, -172, -12, 172, 953, 42;
45, 245, 12, 958, -176, -1, 178, 955, 50;
47, 246, 15, 975, -174, 13, 186, 959, 59;
43, 241, 11, 934, -229, -10, 170, 940, 44;
44, 240, 12, 934, -241, -5, 172, 938, 47;
41, 236, 9, 903, -284, -21, 161, 923, 37;
47, 242, 16, 957, -242, 19, 185, 944, 63;
39, 232, 8, 872, -338, -30, 152, 908, 31;
47, 240, 17, 948, -272, 25, 185, 938, 66;
40, 232, 10, 876, -354, -16, 157, 907, 40;
37, 229, 8, 844, -394, -30, 147, 894, 32;
39, 230, 10, 851, -394, -18, 152, 897, 39;
44, 234, 15, 893, -360, 17, 172, 914, 61;
40, 230, 12, 852, -407, -2, 158, 898, 49;
35, 224, 8, 798, -467, -30, 138, 876, 32;
37, 226, 11, 813, -456, -11, 147, 883, 43;
41, 229, 15, 841, -432, 16, 162, 896, 61;
40, 228, 15, 827, -449, 16, 159, 892, 60;
35, 222, 10, 767, -511, -14, 138, 869, 42;
35, 222, 11, 757, -522, -10, 137, 867, 44;
31, 218, 8, 717, -562, -26, 124, 853, 34;
37, 223, 14, 756, -523, 9, 144, 872, 57;
35, 221, 13, 731, -546, 4, 138, 865, 53;
39, 225, 18, 756, -520, 32, 152, 878, 70;
28, 214, 8, 650, -623, -27, 112, 838, 34;
30, 216, 10, 653, -617, -13, 117, 843, 42;
30, 216, 12, 648, -617, -4, 119, 845, 48;
33, 219, 16, 667, -593, 20, 131, 857, 63;
27, 214, 11, 602, -653, -10, 108, 835, 44;
27, 214, 12, 591, -657, -4, 108, 835, 48;
25, 211, 10, 557, -684, -14, 99, 826, 42;
31, 218, 17, 603, -629, 30, 123, 851, 70;
23, 210, 10, 516, -707, -13, 91, 820, 42;
26, 213, 15, 535, -678, 12, 104, 834, 59;
24, 211, 13, 502, -701, 4, 95, 826, 53;
22, 210, 13, 476, -716, 1, 89, 822, 51;
24, 212, 15, 474, -705, 14, 93, 828, 60;
24, 213, 16, 464, -702, 23, 94, 831, 65;
16, 205, 9, 377, -776, -20, 63, 801, 38;
17, 207, 11, 372, -766, -8, 66, 807, 45;
19, 210, 15, 382, -741, 13, 76, 819, 59;
11, 202, 8, 291, -816, -31, 43, 788, 31;
18, 210, 16, 347, -744, 21, 72, 820, 64;
11, 203, 10, 264, -810, -18, 43, 793, 39;
17, 211, 18, 315, -741, 31, 69, 823, 70;
7, 201, 9, 207, -830, -24, 30, 787, 35;
8, 203, 10, 198, -820, -14, 32, 792, 41;
8, 203, 11, 183, -815, -8, 31, 794, 45;
3, 200, 8, 130, -848, -27, 14, 782, 33;
11, 208, 17, 187, -770, 26, 44, 815, 67;
5, 203, 12, 115, -820, -4, 19, 794, 47;
0, 200, 9, 63, -850, -23, 3, 782, 36;
1, 202, 11, 56, -834, -11, 6, 789, 43;
0, 200, 9, 18, -849, -20, -3, 783, 38;
-3, 199, 8, -18, -862, -28, -13, 778, 33;
0, 203, 12, -8, -828, -5, -3, 792, 47;
3, 209, 18, 23, -771, 31, 15, 816, 70;
-2, 203, 12, -55, -824, -3, -11, 793, 48;
-3, 203, 12, -77, -820, -2, -15, 795, 49;
-5, 203, 11, -110, -827, -7, -23, 792, 46;
-1, 208, 17, -85, -775, 25, -7, 813, 66;
-3, 208, 16, -112, -774, 23, -12, 813, 65;
-8, 204, 12, -176, -811, -3, -34, 797, 48;
-4, 210, 18, -148, -755, 31, -16, 820, 70;
-10, 205, 13, -221, -799, 0, -41, 801, 50;
-11, 205, 12, -246, -796, -1, -46, 801, 49;
-17, 201, 8, -314, -834, -30, -69, 784, 31;
-18, 201, 8, -338, -828, -30, -73, 786, 31;
-20, 201, 8, -363, -823, -31, -78, 787, 31;
-11, 212, 18, -289, -720, 32, -42, 828, 71;
-13, 211, 16, -327, -727, 23, -53, 824, 65;
-20, 205, 10, -409, -778, -16, -81, 802, 40;
-17, 211, 15, -384, -722, 15, -66, 824, 60;
-15, 214, 18, -383, -690, 30, -60, 835, 70;
-24, 207, 10, -479, -754, -18, -95, 807, 39;
-27, 205, 8, -521, -765, -31, -108, 801, 31;
-25, 209, 10, -516, -729, -13, -101, 815, 42;
-23, 213, 14, -506, -687, 6, -92, 830, 55;
-20, 217, 17, -491, -640, 30, -81, 848, 70;
-22, 217, 17, -517, -634, 26, -87, 848, 67;
-24, 216, 15, -552, -637, 17, -97, 845, 61;
-24, 218, 16, -562, -615, 23, -97, 852, 65;
-24, 220, 17, -574, -594, 28, -97, 859, 68;
-28, 218, 14, -620, -609, 10, -112, 851, 57;
-31, 216, 12, -659, -615, -2, -123, 846, 49;
-32, 218, 13, -673, -597, 0, -125, 851, 51;
-29, 222, 16, -657, -550, 22, -115, 868, 64;
-32, 221, 14, -697, -557, 7, -127, 863, 55;
-35, 220, 12, -729, -557, -2, -136, 860, 49;
-40, 217, 8, -789, -585, -31, -158, 846, 31;
-40, 218, 8, -797, -562, -26, -157, 853, 34;
-38, 222, 11, -787, -520, -9, -150, 868, 44;
-40, 222, 10, -812, -514, -16, -157, 868, 40;
-43, 221, 8, -849, -519, -30, -168, 863, 31;
-42, 223, 9, -848, -487, -20, -165, 873, 38;
-37, 230, 15, -808, -416, 14, -145, 900, 60;
-43, 226, 9, -875, -453, -21, -170, 882, 37;
-44, 226, 9, -891, -439, -23, -174, 884, 36;
-46, 226, 8, -913, -431, -30, -180, 885, 32;
-37, 237, 17, -837, -325, 27, -146, 925, 68;
-45, 230, 9, -920, -379, -20, -178, 900, 38;
-38, 239, 17, -856, -286, 29, -149, 935, 69;
-41, 238, 15, -888, -290, 14, -160, 931, 59;
-40, 241, 16, -882, -255, 24, -156, 942, 66;
-46, 236, 10, -950, -296, -15, -182, 922, 41;
-39, 245, 17, -890, -208, 29, -155, 955, 69;
-47, 238, 10, -968, -259, -17, -186, 931, 40;
-48, 239, 9, -980, -244, -20, -190, 933, 38;
-43, 245, 14, -938, -176, 11, -171, 958, 58;
-45, 245, 13, -960, -172, 0, -178, 957, 51;
-47, 245, 11, -980, -168, -9, -186, 955, 44;
-44, 249, 14, -955, -118, 9, -174, 972, 57;
-44, 251, 15, -952, -91, 14, -172, 980, 59;
-45, 251, 14, -967, -82, 6, -178, 981, 55;
-50, 248, 9, -1014, -106, -23, -197, 967, 36;
-49, 250, 10, -1003, -73, -14, -192, 978, 41;
-49, 252, 10, -1002, -50, -13, -191, 984, 42;
-47, 255, 12, -989, -16, -3, -185, 994, 48;
-46, 257, 13, -975, 17, 5, -180, 1005, 54;
-42, 262, 17, -939, 74, 28, -165, 1025, 68;
-46, 260, 13, -975, 57, 4, -180, 1015, 53;
-45, 262, 14, -967, 83, 7, -177, 1022, 55;
-45, 263, 14, -965, 104, 8, -177, 1028, 56;
-51, 259, 8, -1016, 70, -28, -199, 1010, 33;
-50, 261, 9, -1006, 97, -23, -195, 1018, 36;
-41, 270, 17, -924, 195, 27, -162, 1055, 68;
-48, 265, 10, -982, 152, -14, -188, 1034, 42;
-45, 268, 13, -955, 193, 0, -178, 1048, 50;
-44, 271, 14, -936, 226, 8, -171, 1058, 56;
-46, 269, 11, -956, 219, -9, -181, 1052, 45;
-48, 268, 9, -971, 217, -24, -189, 1048, 36;
-42, 275, 15, -907, 293, 13, -164, 1076, 59;
-41, 277, 15, -895, 315, 15, -161, 1082, 60;
-43, 276, 13, -906, 314, 2, -168, 1078, 52;
-42, 278, 13, -892, 338, 5, -164, 1085, 54;
-45, 275, 9, -921, 317, -20, -179, 1073, 37;
-46, 275, 8, -923, 323, -29, -182, 1073, 32;
-37, 285, 17, -829, 424, 25, -145, 1111, 66;
-43, 279, 10, -884, 375, -18, -171, 1088, 39;
-39, 283, 13, -840, 425, 2, -155, 1106, 52;
-34, 289, 18, -782, 486, 31, -135, 1129, 70;
-38, 285, 13, -816, 457, 0, -152, 1113, 51;
-33, 291, 17, -757, 518, 29, -131, 1136, 69;
-35, 290, 15, -765, 512, 15, -137, 1131, 60;
-41, 283, 8, -817, 461, -29, -162, 1107, 32;
-34, 291, 14, -745, 534, 8, -136, 1134, 56;
-34, 291, 13, -735, 544, 4, -135, 1136, 53;
-36, 290, 11, -741, 537, -10, -141, 1131, 44;
-37, 288, 9, -745, 531, -24, -147, 1125, 35;
-33, 292, 12, -696, 577, -3, -131, 1142, 48;
-33, 293, 11, -686, 584, -8, -131, 1143, 45;
-31, 295, 13, -655, 611, 0, -122, 1152, 50;
-28, 298, 15, -617, 643, 12, -110, 1163, 58;
-33, 292, 8, -656, 598, -26, -131, 1142, 34;
-26, 300, 15, -574, 673, 15, -101, 1171, 60;
-26, 299, 14, -567, 673, 6, -103, 1169, 55;
-26, 299, 13, -557, 675, 0, -103, 1168, 51;
-28, 297, 10, -564, 659, -17, -111, 1159, 39;
-26, 299, 11, -534, 679, -11, -103, 1166, 43;
-22, 302, 14, -485, 718, 6, -88, 1180, 55;
-18, 306, 17, -434, 757, 25, -72, 1194, 67;
-18, 305, 15, -426, 753, 17, -73, 1191, 61;
-18, 305, 14, -412, 754, 11, -73, 1190, 57;
-24, 299, 8, -450, 702, -28, -93, 1167, 33;
-22, 300, 9, -422, 716, -25, -87, 1171, 35;
-12, 310, 18, -314, 810, 31, -47, 1209, 70;
-13, 308, 15, -311, 796, 18, -52, 1202, 62;
-14, 306, 13, -313, 778, 1, -57, 1194, 52;
-14, 305, 12, -296, 777, -3, -56, 1192, 49;
-8, 310, 17, -228, 828, 26, -33, 1212, 67;
-8, 309, 15, -219, 819, 17, -35, 1208, 61;
-14, 303, 9, -255, 763, -23, -55, 1184, 36;
-8, 308, 14, -186, 813, 6, -32, 1203, 55;
-10, 306, 11, -189, 789, -11, -39, 1193, 43;
-8, 306, 11, -164, 793, -11, -34, 1194, 43;
-1, 312, 17, -82, 853, 26, -6, 1218, 67;
0, 312, 17, -58, 855, 26, -1, 1219, 67;
-7, 304, 9, -110, 781, -24, -28, 1188, 35;
-4, 306, 11, -66, 801, -11, -16, 1196, 43;
0, 309, 13, -16, 827, 5, -1, 1207, 54;
0, 307, 12, -7, 812, -4, -2, 1200, 48;
2, 309, 14, 33, 828, 5, 8, 1207, 54;
0, 305, 10, 21, 791, -18, -2, 1192, 39;
0, 305, 9, 44, 788, -19, 1, 1191, 38;
2, 306, 10, 77, 794, -14, 9, 1193, 42;
2, 304, 9, 87, 777, -23, 8, 1187, 36;
5, 306, 11, 130, 792, -11, 20, 1194, 43;
3, 303, 8, 130, 765, -27, 14, 1183, 33;
12, 310, 15, 221, 828, 16, 47, 1210, 61;
14, 311, 17, 262, 840, 27, 58, 1215, 68;
15, 310, 16, 276, 825, 20, 58, 1210, 63;
13, 307, 13, 273, 793, 3, 52, 1198, 52;
8, 301, 7, 244, 734, -31, 34, 1174, 31;
12, 303, 10, 291, 751, -16, 48, 1182, 40;
16, 305, 13, 338, 768, 0, 63, 1191, 50;
18, 306, 14, 374, 774, 8, 72, 1194, 56;
23, 309, 18, 432, 801, 31, 91, 1207, 70;
20, 305, 14, 420, 758, 8, 81, 1190, 56;
20, 303, 13, 429, 737, 0, 80, 1183, 50;
19, 300, 10, 430, 706, -14, 75, 1172, 41;
20, 300, 11, 455, 699, -12, 80, 1170, 43;
23, 301, 12, 492, 704, -2, 91, 1174, 49;
24, 300, 13, 516, 697, 0, 96, 1173, 50;
27, 301, 14, 550, 699, 8, 105, 1176, 56;
28, 300, 14, 570, 687, 8, 109, 1173, 56;
25, 296, 10, 557, 642, -13, 99, 1156, 42;
25, 295, 10, 571, 624, -17, 100, 1150, 40;
34, 301, 17, 661, 682, 29, 133, 1176, 69;
27, 293, 9, 607, 595, -19, 106, 1143, 38;
35, 299, 16, 690, 646, 23, 136, 1166, 65;
32, 295, 13, 680, 604, 4, 128, 1151, 53;
34, 295, 14, 705, 597, 9, 134, 1151, 56;
30, 289, 9, 677, 537, -20, 119, 1128, 38;
35, 292, 14, 736, 564, 7, 139, 1142, 55;
39, 294, 17, 779, 575, 24, 153, 1149, 66;
37, 290, 14, 766, 531, 5, 145, 1133, 54;
40, 291, 16, 803, 536, 19, 156, 1138, 63;
38, 287, 13, 791, 492, 1, 148, 1123, 52;
41, 289, 16, 830, 501, 18, 161, 1129, 62;
37, 284, 11, 803, 442, -9, 146, 1107, 45;
42, 287, 16, 860, 469, 20, 167, 1121, 63;
37, 280, 10, 816, 394, -18, 146, 1093, 39;
44, 285, 16, 891, 439, 23, 174, 1115, 65;
44, 284, 16, 898, 416, 20, 174, 1108, 63;
45, 283, 16, 913, 401, 22, 178, 1105, 65;
39, 275, 10, 863, 322, -17, 154, 1075, 39;
47, 282, 17, 945, 375, 30, 186, 1100, 69;
43, 276, 12, 908, 309, 0, 169, 1076, 50;
41, 272, 10, 894, 267, -16, 161, 1062, 40;
47, 276, 16, 956, 301, 19, 184, 1079, 62;
49, 277, 18, 982, 299, 31, 193, 1082, 70;
47, 274, 15, 969, 260, 17, 186, 1069, 62;
43, 267, 10, 928, 192, -14, 168, 1044, 42;
49, 272, 17, 994, 232, 25, 194, 1064, 66;
43, 265, 10, 939, 151, -14, 170, 1034, 41;
47, 267, 13, 973, 161, 5, 183, 1041, 54;
50, 269, 17, 1011, 173, 27, 197, 1050, 67;
47, 264, 13, 978, 117, 3, 183, 1030, 52;
44, 260, 11, 958, 73, -12, 174, 1015, 43;
48, 262, 14, 994, 86, 9, 188, 1024, 57;
46, 259, 12, 980, 50, 0, 182, 1012, 50;
46, 257, 12, 974, 22, -5, 179, 1004, 47;
46, 256, 12, 980, 6, -2, 182, 1001, 49;
51, 260, 17, 1027, 33, 29, 201, 1015, 69;
47, 255, 14, 991, -21, 5, 187, 996, 54;
47, 253, 13, 982, -50, 0, 183, 987, 51;
46, 251, 12, 974, -77, -3, 180, 979, 48;
51, 254, 17, 1018, -51, 27, 199, 994, 68;
44, 246, 10, 950, -136, -15, 171, 962, 41;
47, 249, 14, 981, -122, 7, 185, 971, 55;
46, 247, 13, 970, -149, 2, 182, 963, 52;
46, 246, 13, 967, -167, 4, 182, 959, 53;
43, 241, 11, 936, -213, -12, 170, 943, 42;
44, 242, 12, 944, -218, -3, 175, 944, 48;
44, 240, 12, 934, -241, -5, 172, 938, 47;
46, 241, 14, 947, -240, 8, 179, 942, 56;
43, 238, 12, 921, -279, -4, 170, 929, 48;
46, 240, 15, 942, -268, 15, 181, 937, 60;
39, 232, 9, 872, -348, -24, 154, 907, 35;
45, 238, 15, 926, -304, 17, 178, 928, 61;
44, 235, 14, 904, -334, 9, 172, 919, 56;
41, 232, 12, 877, -369, -1, 163, 907, 50;
46, 237, 18, 916, -336, 32, 182, 924, 71;
45, 235, 17, 899, -360, 29, 177, 917, 69;
43, 233, 16, 876, -388, 21, 170, 908, 64;
38, 226, 11, 815, -453, -9, 148, 884, 44;
39, 227, 13, 819, -453, 1, 153, 887, 52;
41, 229, 15, 830, -445, 18, 161, 893, 62;
36, 224, 12, 778, -500, -6, 142, 873, 46;
33, 220, 9, 738, -541, -23, 129, 859, 36;
37, 224, 14, 770, -510, 8, 146, 875, 56;
37, 224, 15, 763, -516, 14, 147, 874, 59;
31, 218, 10, 699, -579, -17, 124, 851, 40;
31, 217, 10, 681, -595, -17, 120, 847, 39;
29, 215, 9, 660, -613, -20, 116, 842, 38;
36, 222, 17, 715, -555, 27, 142, 868, 68;
30, 216, 12, 647, -619, -5, 119, 844, 47;
25, 211, 8, 592, -669, -29, 100, 826, 32;
34, 220, 17, 660, -594, 28, 133, 859, 68;
32, 218, 17, 636, -612, 25, 127, 853, 66;
23, 209, 8, 534, -706, -28, 89, 817, 33;
30, 216, 16, 590, -642, 21, 117, 845, 64;
24, 211, 12, 528, -695, -5, 96, 825, 47;
20, 208, 9, 481, -732, -23, 81, 811, 36;
28, 216, 18, 541, -661, 30, 111, 843, 70;
20, 208, 11, 457, -734, -11, 81, 814, 44;
20, 208, 11, 441, -738, -6, 80, 814, 46;
24, 213, 17, 470, -696, 27, 97, 833, 67;
24, 213, 17, 451, -702, 29, 94, 832, 69;
20, 210, 14, 401, -737, 11, 78, 819, 57;
13, 203, 8, 322, -801, -26, 51, 794, 34;
11, 202, 8, 292, -816, -31, 43, 789, 31;
10, 202, 8, 273, -818, -28, 41, 789, 33;
12, 205, 11, 279, -795, -8, 49, 800, 45;
10, 203, 10, 243, -813, -16, 39, 793, 40;
10, 204, 12, 236, -802, -5, 42, 799, 47;
7, 202, 9, 189, -830, -20, 28, 788, 37;
5, 201, 9, 160, -839, -23, 21, 785, 36;
12, 209, 17, 214, -764, 28, 49, 816, 68;
7, 204, 13, 147, -810, 0, 27, 798, 50;
1, 200, 9, 85, -851, -25, 7, 781, 35;
3, 203, 11, 86, -827, -8, 13, 792, 45;
2, 203, 11, 62, -828, -7, 9, 791, 46;
-1, 200, 9, 13, -854, -23, -5, 781, 36;
1, 204, 13, 31, -812, 4, 7, 799, 53;
-1, 202, 11, -13, -832, -8, -5, 790, 45;
-1, 203, 12, -31, -825, -4, -7, 793, 48;
-3, 203, 11, -60, -829, -7, -13, 791, 46;
-1, 205, 14, -58, -801, 10, -7, 803, 57;
-5, 203, 12, -104, -821, -4, -20, 794, 48;
-10, 199, 7, -171, -861, -31, -42, 777, 31;
-3, 208, 16, -116, -779, 20, -14, 811, 63;
-9, 203, 11, -185, -820, -8, -37, 793, 45;
-5, 208, 16, -161, -768, 23, -22, 814, 65;
-8, 207, 14, -203, -782, 11, -34, 808, 57;
-16, 200, 8, -291, -840, -31, -65, 783, 31;
-17, 201, 8, -310, -830, -27, -67, 786, 33;
-14, 205, 12, -301, -791, -5, -58, 801, 47;
-11, 210, 16, -278, -739, 24, -43, 822, 66;
-20, 203, 8, -378, -809, -26, -79, 792, 34;
-16, 208, 13, -355, -755, 4, -64, 813, 53;
-17, 209, 13, -378, -747, 4, -68, 815, 53;
-15, 213, 17, -366, -705, 27, -59, 831, 67;
-18, 211, 14, -413, -721, 10, -73, 823, 57;
-25, 205, 9, -490, -766, -25, -100, 803, 35;
-26, 206, 9, -510, -755, -24, -103, 806, 35;
-21, 213, 15, -470, -683, 16, -82, 833, 61;
-23, 212, 13, -509, -690, 4, -93, 829, 53;
-23, 214, 15, -516, -665, 13, -91, 837, 59;
-21, 218, 17, -512, -629, 30, -85, 851, 69;
-26, 214, 13, -570, -655, 4, -104, 838, 53;
-33, 210, 8, -643, -696, -30, -130, 819, 32;
-28, 217, 14, -604, -625, 8, -109, 846, 56;
-29, 217, 13, -629, -618, 4, -115, 847, 53;
-33, 215, 11, -671, -627, -10, -129, 841, 44;
-36, 213, 8, -716, -640, -28, -143, 833, 33;
-35, 217, 11, -709, -601, -12, -136, 847, 43;
-34, 219, 12, -710, -570, -1, -133, 857, 50;
-34, 220, 12, -727, -555, -1, -136, 861, 50;
-38, 219, 10, -767, -563, -16, -148, 855, 40;
-32, 226, 16, -724, -489, 22, -127, 883, 64;
-41, 219, 8, -818, -551, -29, -162, 855, 32;
-39, 223, 11, -805, -506, -11, -154, 871, 43;
-39, 224, 11, -817, -488, -9, -155, 876, 44;
-35, 231, 16, -781, -420, 23, -137, 901, 65;
-41, 226, 11, -844, -453, -9, -160, 884, 44;
-38, 230, 14, -830, -408, 8, -152, 900, 56;
-41, 230, 12, -858, -406, -1, -160, 898, 49;
-39, 234, 15, -844, -362, 15, -152, 913, 60;
-37, 237, 17, -834, -322, 30, -145, 927, 69;
-41, 235, 13, -881, -340, 5, -162, 916, 54;
-39, 238, 16, -868, -298, 21, -154, 931, 64;
-43, 236, 12, -911, -312, -1, -170, 921, 50;
-40, 240, 16, -890, -263, 18, -159, 939, 62;
-41, 241, 15, -900, -245, 18, -161, 943, 62;
-46, 238, 11, -947, -265, -8, -179, 931, 45;
-47, 238, 10, -967, -258, -16, -186, 931, 40;
-41, 246, 16, -915, -179, 22, -162, 960, 65;
-42, 247, 16, -925, -163, 20, -165, 964, 63;
-45, 245, 13, -958, -171, 1, -178, 957, 51;
-51, 241, 7, -1014, -201, -32, -200, 941, 31;
-47, 247, 12, -978, -141, -5, -184, 963, 47;
-44, 251, 14, -957, -96, 11, -174, 978, 57;
-44, 252, 14, -959, -74, 12, -174, 984, 58;
-46, 251, 13, -978, -70, 0, -182, 982, 51;
-48, 251, 11, -995, -64, -8, -188, 981, 45;
-43, 258, 16, -949, 2, 22, -169, 1006, 64;
-42, 259, 17, -945, 28, 25, -167, 1013, 66;
-43, 260, 16, -949, 44, 22, -169, 1016, 65;
-50, 254, 9, -1017, -3, -23, -197, 993, 36;
-45, 260, 14, -971, 61, 6, -179, 1016, 54;
-47, 259, 12, -989, 62, -6, -186, 1013, 46;
-45, 263, 14, -964, 105, 8, -176, 1028, 56;
-46, 263, 13, -971, 116, 2, -180, 1029, 52;
-46, 264, 12, -974, 129, -2, -182, 1031, 49;
-47, 265, 12, -974, 144, -5, -183, 1034, 47;
-46, 266, 12, -969, 165, -5, -182, 1039, 47;
-49, 264, 8, -995, 153, -26, -194, 1031, 34;
-45, 269, 12, -951, 211, -1, -178, 1052, 49;
-44, 271, 13, -938, 237, 2, -174, 1059, 52;
-40, 276, 16, -898, 289, 24, -159, 1078, 66;
-41, 276, 15, -901, 298, 17, -162, 1078, 61;
-45, 273, 11, -929, 281, -7, -175, 1068, 46;
-40, 279, 16, -880, 340, 19, -157, 1089, 63;
-47, 273, 8, -941, 289, -27, -185, 1065, 33;
-39, 281, 15, -865, 373, 16, -155, 1096, 61;
-46, 274, 8, -925, 321, -30, -183, 1072, 31;
-41, 281, 13, -867, 386, 0, -161, 1096, 51;
-37, 285, 16, -823, 436, 21, -146, 1113, 64;
-43, 279, 9, -874, 390, -20, -170, 1091, 37;
-43, 280, 9, -863, 406, -21, -168, 1095, 37;
-34, 290, 18, -770, 502, 30, -133, 1132, 70;
-33, 291, 17, -760, 516, 28, -132, 1135, 68;
-32, 292, 18, -741, 537, 31, -127, 1141, 70;
-36, 289, 13, -769, 510, 2, -142, 1127, 52;
-35, 289, 13, -755, 524, 1, -140, 1130, 51;
-35, 290, 13, -740, 539, 0, -137, 1134, 51;
-33, 293, 14, -711, 567, 9, -129, 1143, 56;
-32, 293, 14, -698, 578, 6, -127, 1145, 55;
-36, 289, 9, -726, 547, -23, -143, 1130, 36;
-34, 292, 11, -691, 579, -11, -132, 1141, 43;
-27, 299, 17, -614, 651, 26, -105, 1168, 67;
-27, 299, 16, -605, 656, 20, -105, 1168, 63;
-34, 292, 8, -663, 591, -30, -134, 1139, 31;
-28, 298, 13, -593, 655, 3, -109, 1163, 52;
-24, 301, 16, -547, 693, 20, -95, 1177, 63;
-26, 299, 13, -553, 679, 3, -102, 1169, 52;
-24, 301, 14, -525, 698, 8, -95, 1175, 56;
-23, 302, 14, -501, 712, 9, -90, 1179, 57;
-20, 304, 16, -466, 737, 19, -80, 1188, 63;
-23, 301, 11, -484, 707, -6, -92, 1174, 46;
-22, 301, 12, -460, 719, -5, -87, 1177, 47;
-22, 301, 10, -450, 717, -13, -88, 1175, 42;
-21, 301, 10, -427, 725, -13, -84, 1177, 42;
-16, 306, 15, -366, 772, 12, -64, 1195, 58;
-15, 306, 14, -344, 779, 11, -60, 1196, 58;
-19, 301, 9, -373, 735, -22, -77, 1177, 36;
-12, 309, 16, -286, 805, 19, -46, 1205, 63;
-12, 308, 14, -274, 799, 11, -47, 1201, 58;
-13, 306, 12, -273, 783, -3, -52, 1194, 49;
-7, 311, 17, -203, 835, 27, -28, 1214, 68;
-14, 303, 9, -253, 766, -21, -54, 1185, 37;
-4, 312, 17, -155, 844, 27, -19, 1216, 68;
-3, 312, 17, -131, 847, 27, -15, 1217, 67;
-9, 305, 10, -169, 788, -14, -36, 1192, 42;
-10, 303, 8, -168, 768, -29, -41, 1183, 32;
-8, 304, 9, -135, 778, -24, -33, 1187, 35;
-4, 307, 12, -82, 808, -5, -17, 1199, 47;
0, 311, 15, -22, 845, 17, 1, 1214, 62;
-4, 305, 9, -55, 788, -20, -17, 1190, 38;
3, 311, 16, 29, 848, 19, 12, 1215, 63;
0, 307, 11, 12, 807, -7, 0, 1198, 46;
3, 309, 14, 59, 829, 6, 13, 1207, 55;
0, 305, 9, 42, 785, -21, 0, 1190, 37;
6, 310, 15, 118, 835, 13, 26, 1211, 59;
0, 303, 7, 75, 765, -32, 3, 1182, 31;
10, 312, 16, 184, 847, 24, 42, 1216, 66;
13, 313, 18, 220, 855, 32, 52, 1220, 70;
11, 310, 15, 219, 826, 15, 46, 1209, 60;
8, 304, 10, 196, 774, -15, 31, 1188, 41;
16, 311, 17, 289, 839, 30, 64, 1216, 69;
9, 303, 9, 238, 758, -19, 37, 1183, 38;
18, 310, 17, 336, 826, 29, 72, 1212, 69;
13, 304, 11, 300, 761, -10, 52, 1186, 44;
11, 301, 8, 298, 729, -26, 46, 1174, 34;
21, 309, 17, 402, 802, 26, 84, 1206, 67;
22, 308, 17, 426, 795, 27, 88, 1204, 68;
15, 299, 8, 365, 704, -27, 58, 1168, 33;
23, 306, 15, 454, 761, 16, 90, 1193, 61;
22, 304, 14, 463, 739, 7, 89, 1185, 55;
20, 300, 10, 454, 698, -13, 80, 1170, 42;
19, 297, 8, 454, 667, -27, 75, 1159, 34;
27, 303, 15, 542, 723, 17, 107, 1184, 61;
24, 299, 12, 527, 676, -6, 96, 1166, 47;
25, 298, 11, 544, 661, -9, 98, 1162, 45;
29, 300, 14, 595, 680, 11, 115, 1172, 58;
30, 299, 15, 616, 669, 12, 119, 1169, 58;
25, 293, 9, 582, 602, -23, 100, 1144, 36;
32, 298, 15, 654, 643, 12, 126, 1163, 58;
26, 290, 8, 609, 565, -30, 103, 1133, 32;
35, 298, 16, 707, 631, 22, 139, 1162, 65;
35, 296, 15, 718, 610, 18, 140, 1156, 62;
37, 296, 16, 745, 605, 24, 147, 1156, 66;
32, 289, 11, 706, 534, -12, 127, 1129, 43;
30, 285, 7, 694, 490, -31, 118, 1114, 31;
31, 284, 7, 709, 473, -32, 121, 1109, 30;
39, 291, 15, 795, 528, 14, 153, 1135, 60;
32, 282, 7, 740, 441, -32, 127, 1101, 30;
39, 287, 13, 811, 482, 5, 153, 1121, 54;
39, 285, 13, 819, 459, 1, 153, 1114, 52;
44, 288, 17, 872, 480, 27, 172, 1126, 68;
41, 284, 13, 850, 428, 4, 160, 1107, 53;
44, 286, 17, 894, 442, 25, 175, 1116, 66;
45, 285, 17, 906, 424, 25, 177, 1111, 66;
37, 275, 8, 838, 326, -27, 146, 1074, 33;
38, 274, 8, 848, 307, -27, 148, 1069, 33;
47, 281, 17, 940, 370, 26, 184, 1098, 67;
40, 273, 10, 885, 287, -16, 159, 1067, 40;
45, 276, 14, 930, 303, 7, 176, 1077, 55;
40, 269, 8, 887, 232, -26, 156, 1051, 34;
49, 276, 17, 977, 294, 27, 191, 1080, 68;
42, 268, 10, 918, 209, -16, 165, 1048, 40;
40, 265, 8, 904, 168, -30, 158, 1034, 32;
43, 266, 11, 937, 176, -11, 170, 1040, 43;
50, 272, 17, 1005, 218, 29, 197, 1061, 69;
42, 262, 9, 935, 122, -20, 167, 1025, 38;
45, 264, 12, 965, 127, -3, 178, 1030, 48;
49, 267, 16, 1006, 144, 21, 194, 1041, 64;
47, 263, 13, 984, 99, 4, 185, 1026, 54;
50, 264, 16, 1015, 108, 24, 197, 1032, 65;
45, 258, 11, 968, 38, -8, 177, 1007, 45;
43, 255, 9, 953, 1, -19, 170, 995, 38;
48, 258, 14, 993, 20, 6, 187, 1006, 55;
46, 255, 12, 982, -11, 0, 182, 996, 50;
43, 251, 9, 950, -62, -21, 170, 979, 37;
51, 257, 17, 1025, -7, 29, 201, 1005, 69;
45, 250, 11, 966, -85, -8, 177, 976, 45;
48, 252, 15, 995, -74, 12, 189, 984, 58;
49, 251, 15, 998, -88, 16, 191, 982, 61;
42, 244, 9, 937, -165, -21, 167, 953, 37;
51, 251, 18, 1014, -105, 32, 200, 981, 70;
46, 245, 13, 965, -169, 2, 181, 958, 52;
43, 242, 11, 937, -211, -11, 170, 944, 43;
47, 244, 15, 969, -194, 13, 185, 955, 59;
44, 240, 12, 936, -240, -4, 173, 939, 48;
46, 241, 14, 947, -241, 7, 179, 941, 55;
42, 237, 11, 909, -290, -11, 165, 924, 43;
48, 242, 17, 965, -245, 30, 190, 946, 70;
42, 235, 12, 902, -318, -4, 166, 919, 48;
37, 230, 7, 852, -378, -31, 148, 897, 31;
41, 233, 11, 879, -359, -7, 161, 908, 46;
39, 230, 10, 857, -389, -14, 155, 899, 41;
45, 235, 16, 901, -351, 22, 176, 918, 65;
37, 227, 9, 822, -437, -22, 145, 885, 37;
40, 229, 13, 842, -422, 0, 157, 894, 50;
43, 231, 16, 863, -406, 22, 168, 904, 64;
43, 231, 17, 854, -418, 25, 168, 902, 66;
38, 226, 13, 807, -468, 3, 151, 884, 52;
42, 229, 17, 832, -446, 29, 165, 896, 69;
41, 228, 17, 815, -464, 28, 161, 891, 68;
31, 218, 8, 716, -564, -27, 124, 852, 33;
34, 221, 12, 732, -547, -6, 134, 862, 47;
30, 216, 8, 686, -592, -26, 118, 845, 34;
29, 215, 8, 662, -614, -30, 113, 839, 32;
32, 218, 12, 682, -592, -6, 125, 851, 47;
27, 213, 8, 631, -639, -27, 108, 834, 33;
32, 219, 14, 670, -596, 9, 128, 854, 57;
32, 218, 14, 653, -607, 11, 125, 851, 58;
33, 219, 17, 655, -600, 25, 130, 857, 66;
27, 214, 12, 590, -658, -5, 108, 834, 47;
24, 211, 10, 549, -691, -18, 96, 823, 39;
23, 210, 9, 526, -706, -21, 91, 819, 37;
23, 209, 10, 512, -711, -16, 89, 818, 40;
22, 210, 11, 499, -714, -11, 89, 819, 43;
28, 216, 18, 542, -660, 31, 111, 843, 70;
24, 212, 14, 489, -702, 10, 94, 827, 57;
21, 209, 12, 447, -732, -3, 82, 816, 48;
21, 210, 13, 438, -728, 5, 83, 820, 54;
14, 204, 8, 362, -790, -29, 57, 795, 32;
17, 207, 12, 380, -758, -2, 70, 810, 49;
20, 210, 15, 387, -736, 16, 78, 820, 61;
19, 210, 15, 366, -742, 18, 74, 819, 62;
18, 210, 16, 351, -740, 24, 73, 821, 65;
14, 206, 13, 296, -778, 2, 56, 807, 52;
10, 203, 10, 242, -814, -17, 39, 792, 40;
8, 202, 9, 214, -823, -19, 33, 790, 38;
9, 204, 11, 210, -809, -6, 36, 796, 46;
5, 201, 9, 164, -835, -21, 23, 786, 37;
8, 204, 13, 172, -806, 0, 32, 799, 51;
2, 199, 8, 100, -857, -31, 8, 778, 31;
3, 201, 10, 96, -840, -18, 11, 786, 39;
3, 203, 12, 90, -823, -5, 15, 793, 47;
3, 204, 12, 71, -819, -1, 12, 795, 49;
6, 208, 17, 88, -779, 26, 25, 812, 67;
0, 203, 12, 14, -829, -6, 0, 792, 46;
1, 205, 14, 16, -802, 11, 7, 803, 57;
3, 208, 17, 17, -777, 28, 12, 813, 68;
-7, 199, 8, -93, -862, -29, -27, 778, 32;
-4, 203, 12, -78, -822, -3, -15, 794, 48;
-2, 207, 15, -74, -790, 16, -8, 807, 61;
-2, 207, 16, -93, -783, 19, -10, 809, 63;
-10, 200, 9, -182, -845, -23, -42, 783, 36;
-4, 208, 16, -140, -775, 21, -18, 812, 64;
-10, 204, 11, -207, -814, -7, -41, 795, 46;
-9, 206, 13, -212, -791, 5, -37, 804, 54;
-8, 209, 16, -211, -760, 22, -31, 816, 64;
-11, 207, 14, -258, -778, 6, -46, 807, 54;
-17, 202, 9, -328, -819, -24, -69, 790, 35;
-18, 203, 10, -343, -804, -18, -70, 795, 39;
-19, 203, 9, -373, -804, -23, -77, 794, 36;
-19, 205, 10, -383, -783, -14, -76, 801, 42;
-18, 208, 12, -387, -756, -1, -72, 811, 50;
-19, 208, 12, -411, -749, -2, -77, 812, 49;
-16, 212, 16, -396, -703, 22, -66, 830, 65;
-24, 206, 10, -480, -756, -18, -96, 807, 39;
-24, 209, 11, -487, -731, -8, -93, 815, 45;
-26, 208, 9, -524, -737, -19, -104, 811, 38;
-27, 208, 9, -546, -727, -19, -108, 814, 38;
-22, 215, 15, -511, -660, 17, -89, 839, 61;
-25, 214, 14, -548, -665, 6, -100, 835, 54;
-26, 214, 13, -571, -656, 4, -105, 837, 53;
-28, 214, 12, -599, -651, 0, -112, 837, 50;
-32, 212, 10, -643, -664, -17, -126, 830, 40;
-26, 220, 16, -600, -588, 24, -103, 859, 66;
-30, 218, 14, -644, -601, 6, -117, 852, 55;
-28, 222, 17, -634, -558, 25, -109, 867, 67;
-33, 218, 12, -697, -589, -4, -131, 852, 48;
-36, 217, 10, -732, -592, -16, -142, 848, 40;
-32, 223, 15, -703, -531, 14, -126, 871, 60;
-35, 221, 12, -746, -542, -2, -140, 864, 49;
-39, 219, 9, -791, -555, -22, -155, 856, 37;
-39, 221, 10, -801, -534, -18, -155, 862, 39;
-33, 228, 16, -752, -454, 23, -132, 892, 65;
-35, 228, 15, -780, -450, 15, -140, 891, 60;
-40, 225, 11, -833, -472, -10, -159, 879, 44;
-39, 228, 13, -829, -438, 0, -154, 891, 51;
-39, 230, 13, -836, -415, 4, -154, 897, 53;
-42, 228, 11, -871, -419, -10, -166, 892, 44;
-44, 228, 10, -895, -413, -18, -173, 892, 39;
-41, 233, 13, -877, -365, 1, -163, 909, 51;
-45, 231, 10, -914, -373, -16, -176, 902, 40;
-39, 238, 16, -869, -299, 20, -155, 930, 63;
-45, 235, 11, -924, -325, -9, -175, 916, 45;
-38, 242, 18, -871, -244, 31, -151, 946, 70;
-39, 244, 18, -880, -225, 31, -153, 951, 70;
-44, 240, 12, -937, -255, -1, -175, 936, 50;
-42, 244, 15, -918, -209, 16, -165, 952, 61;
-45, 242, 12, -951, -215, -1, -177, 946, 50;
-46, 243, 12, -964, -202, -5, -181, 948, 47;
-44, 246, 14, -950, -163, 6, -174, 961, 55;
-42, 250, 16, -932, -120, 22, -166, 975, 64;
-51, 243, 8, -1014, -177, -29, -199, 948, 32;
-47, 248, 12, -979, -117, -3, -183, 969, 48;
-47, 249, 12, -986, -101, -6, -186, 973, 47;
-50, 248, 9, -1013, -105, -22, -196, 968, 36;
-48, 252, 11, -992, -62, -7, -187, 982, 46;
-47, 253, 12, -988, -36, -3, -185, 990, 48;
-44, 258, 15, -961, 12, 15, -174, 1006, 60;
-41, 262, 18, -935, 58, 32, -163, 1022, 70;
-44, 260, 15, -960, 53, 14, -174, 1016, 60;
-41, 264, 18, -932, 100, 32, -162, 1033, 71;
-47, 260, 12, -987, 64, -5, -185, 1014, 47;
-49, 259, 10, -1000, 69, -15, -191, 1013, 41;
-51, 258, 7, -1022, 64, -32, -201, 1008, 30;
-42, 269, 17, -931, 172, 26, -164, 1049, 67;
-42, 269, 16, -931, 188, 23, -165, 1052, 65;
-46, 266, 12, -970, 164, -5, -182, 1039, 47;
-48, 266, 10, -979, 169, -16, -188, 1038, 40;
-48, 267, 10, -975, 187, -17, -188, 1042, 40;
-44, 271, 13, -939, 236, 2, -174, 1059, 52;
-42, 274, 15, -914, 274, 14, -165, 1071, 59;
-45, 272, 11, -940, 259, -8, -178, 1062, 45;
-46, 272, 10, -947, 263, -19, -183, 1060, 39;
-43, 276, 13, -906, 314, 2, -168, 1078, 52;
-45, 275, 10, -920, 310, -13, -176, 1073, 42;
-37, 283, 17, -846, 392, 29, -147, 1104, 69;
-40, 281, 14, -864, 382, 9, -157, 1097, 56;
-41, 281, 13, -863, 389, 2, -160, 1097, 52;
-43, 279, 10, -882, 377, -17, -170, 1089, 40;
-43, 279, 9, -875, 390, -21, -170, 1091, 37;
-44, 279, 8, -877, 392, -31, -174, 1089, 31;
-34, 289, 17, -777, 496, 26, -135, 1130, 67;
-40, 284, 10, -824, 452, -14, -158, 1108, 42;
-42, 282, 7, -836, 442, -31, -166, 1102, 31;
-34, 291, 15, -749, 529, 15, -134, 1135, 60;
-38, 287, 10, -781, 499, -15, -151, 1120, 41;
-31, 294, 16, -706, 573, 23, -123, 1148, 65;
-33, 292, 14, -714, 564, 7, -130, 1142, 55;
-30, 296, 16, -677, 599, 20, -119, 1154, 63;
-31, 294, 14, -678, 595, 8, -123, 1150, 56;
-29, 296, 15, -651, 619, 14, -116, 1157, 59;
-30, 296, 14, -645, 621, 6, -118, 1156, 55;
-27, 299, 16, -607, 654, 19, -106, 1167, 63;
-27, 299, 15, -595, 660, 14, -105, 1167, 60;
-29, 296, 11, -610, 638, -8, -116, 1156, 45;
-22, 303, 17, -533, 707, 29, -89, 1183, 69;
-24, 301, 14, -540, 692, 11, -96, 1175, 58;
-26, 299, 11, -548, 675, -7, -104, 1166, 46;
-26, 298, 10, -536, 677, -13, -104, 1165, 42;
-28, 296, 8, -538, 665, -28, -110, 1158, 33;
-18, 306, 17, -436, 755, 24, -72, 1194, 66;
-21, 302, 13, -451, 728, 0, -83, 1181, 51;
-21, 302, 12, -434, 732, -3, -82, 1181, 49;
-24, 298, 7, -456, 697, -32, -96, 1165, 30;
-15, 307, 16, -354, 784, 19, -59, 1200, 63;
-14, 308, 16, -333, 791, 19, -55, 1201, 62;
-16, 305, 12, -343, 765, -2, -65, 1189, 49;
-18, 303, 10, -343, 748, -18, -70, 1181, 39;
-18, 301, 8, -338, 736, -30, -73, 1175, 31;
-17, 302, 8, -309, 747, -27, -67, 1178, 33;
-14, 304, 10, -270, 768, -17, -56, 1186, 40;
-6, 311, 16, -186, 833, 22, -26, 1212, 65;
-11, 305, 10, -216, 782, -13, -45, 1191, 42;
-12, 303, 8, -210, 768, -25, -48, 1184, 35;
-7, 307, 12, -153, 804, -3, -29, 1199, 48;
0, 313, 18, -75, 861, 32, -3, 1222, 70;
0, 313, 18, -52, 861, 30, 0, 1222, 70;
-2, 310, 14, -59, 831, 9, -7, 1209, 56;
-7, 303, 7, -98, 769, -32, -29, 1183, 30;
-2, 306, 11, -41, 802, -10, -11, 1197, 44;
-2, 306, 10, -22, 797, -14, -9, 1194, 41;
-2, 305, 9, -7, 786, -21, -8, 1190, 37;
5, 311, 16, 77, 847, 19, 21, 1215, 62;
5, 310, 14, 88, 832, 9, 19, 1209, 57;
0, 304, 9, 61, 778, -24, 3, 1187, 35;
7, 309, 14, 135, 825, 7, 27, 1207, 55;
4, 305, 10, 124, 786, -15, 17, 1191, 41;
3, 303, 8, 130, 765, -27, 14, 1183, 33;
14, 312, 18, 243, 850, 31, 56, 1219, 70;
12, 309, 15, 242, 821, 14, 50, 1207, 60;
9, 304, 10, 219, 769, -16, 35, 1187, 40;
11, 305, 11, 255, 775, -8, 44, 1190, 45;
17, 309, 16, 325, 816, 22, 68, 1208, 64;
19, 310, 17, 359, 820, 29, 77, 1211, 69;
11, 300, 8, 296, 726, -28, 45, 1173, 33;
12, 299, 8, 314, 714, -31, 47, 1169, 31;
17, 303, 12, 380, 749, -3, 69, 1185, 48;
18, 302, 11, 394, 732, -8, 70, 1179, 45;
20, 302, 12, 425, 732, -2, 78, 1181, 49;
19, 300, 10, 431, 707, -13, 75, 1172, 42;
19, 298, 9, 440, 685, -21, 74, 1165, 37;
28, 306, 17, 538, 751, 28, 110, 1193, 68;
29, 305, 17, 562, 743, 30, 115, 1192, 70;
28, 302, 15, 559, 708, 14, 109, 1179, 60;
30, 302, 16, 590, 707, 21, 117, 1181, 64;
26, 297, 11, 564, 649, -9, 102, 1159, 45;
25, 295, 10, 573, 626, -16, 101, 1151, 40;
27, 294, 10, 596, 616, -14, 106, 1149, 42;
25, 291, 8, 591, 579, -30, 100, 1136, 32;
36, 300, 17, 699, 655, 29, 140, 1170, 69;
33, 295, 14, 687, 611, 9, 131, 1154, 56;
36, 297, 16, 727, 620, 24, 144, 1160, 66;
38, 296, 17, 748, 608, 26, 148, 1157, 67;
39, 296, 17, 768, 596, 28, 153, 1155, 68;
31, 287, 9, 708, 504, -22, 124, 1120, 37;
35, 288, 12, 750, 515, -4, 138, 1126, 47;
41, 293, 17, 815, 548, 28, 161, 1143, 68;
33, 283, 8, 747, 449, -27, 130, 1104, 34;
41, 290, 16, 835, 505, 21, 163, 1131, 64;
39, 285, 13, 821, 460, 2, 154, 1115, 52;
36, 280, 9, 797, 406, -21, 141, 1095, 37;
43, 286, 15, 870, 448, 18, 168, 1116, 62;
41, 283, 14, 865, 413, 6, 163, 1104, 55;
44, 284, 16, 899, 417, 21, 174, 1109, 64;
39, 277, 10, 856, 344, -15, 154, 1081, 41;
44, 280, 15, 911, 370, 14, 174, 1095, 59;
41, 276, 11, 887, 317, -8, 162, 1076, 45;
38, 271, 8, 864, 265, -30, 150, 1058, 32;
46, 278, 16, 947, 320, 18, 183, 1084, 62;
44, 273, 13, 927, 272, 0, 173, 1067, 50;
42, 270, 10, 912, 230, -15, 164, 1053, 41;
47, 273, 14, 960, 251, 12, 183, 1065, 58;
49, 273, 16, 986, 250, 24, 192, 1068, 66;
49, 272, 17, 994, 232, 25, 194, 1064, 66;
49, 271, 16, 995, 207, 22, 193, 1057, 64;
45, 265, 12, 958, 145, -5, 177, 1035, 47;
44, 262, 11, 951, 114, -12, 173, 1025, 43;
44, 261, 11, 954, 93, -12, 173, 1020, 42;
46, 261, 12, 973, 88, -2, 180, 1021, 49;
50, 264, 17, 1016, 108, 24, 198, 1033, 66;
45, 258, 11, 966, 36, -9, 176, 1006, 44;
43, 255, 9, 952, 0, -20, 170, 994, 38;
48, 258, 14, 996, 23, 8, 188, 1008, 56;
47, 256, 13, 987, -5, 2, 185, 999, 52;
49, 257, 15, 1007, -6, 16, 193, 1002, 61;
45, 251, 11, 970, -62, -7, 178, 982, 46;
47, 252, 13, 986, -65, 4, 185, 984, 53;
47, 250, 13, 979, -90, 1, 183, 977, 51;
43, 246, 10, 949, -137, -16, 171, 961, 40;
51, 252, 18, 1017, -86, 31, 200, 986, 70;
42, 243, 9, 934, -185, -21, 166, 948, 37;
50, 249, 17, 1001, -133, 26, 196, 973, 67;
50, 248, 17, 996, -152, 27, 195, 968, 67;
47, 244, 15, 967, -195, 12, 184, 954, 58;
41, 237, 9, 906, -269, -23, 160, 926, 36;
49, 244, 17, 977, -210, 28, 192, 954, 68;
42, 237, 11, 912, -287, -9, 166, 926, 44;
43, 237, 12, 913, -297, -3, 169, 925, 48;
45, 238, 15, 929, -291, 13, 177, 930, 59;
39, 231, 9, 865, -365, -23, 153, 903, 36;
44, 235, 14, 907, -331, 11, 173, 920, 58;
39, 230, 10, 858, -387, -13, 155, 900, 42;
46, 236, 18, 915, -338, 31, 181, 923, 70;
38, 228, 10, 835, -424, -13, 151, 890, 42;
44, 233, 17, 885, -379, 27, 174, 912, 68;
40, 229, 13, 837, -431, 4, 157, 893, 54;
42, 231, 16, 852, -421, 23, 166, 901, 65;
33, 221, 8, 759, -516, -28, 131, 864, 33;
42, 229, 17, 831, -447, 28, 164, 895, 68;
38, 225, 14, 787, -491, 9, 150, 880, 56;
32, 219, 9, 726, -553, -21, 128, 856, 37;
34, 221, 12, 736, -543, -3, 135, 863, 48;
30, 217, 9, 688, -590, -24, 119, 846, 35;
33, 220, 13, 707, -569, 0, 131, 858, 50;
37, 223, 17, 732, -541, 27, 146, 872, 68;
32, 218, 13, 678, -592, 3, 127, 853, 53;
33, 219, 14, 671, -594, 11, 129, 854, 57;
34, 220, 17, 676, -584, 27, 135, 861, 67;
24, 210, 8, 570, -684, -31, 95, 821, 31;
25, 212, 10, 570, -677, -18, 100, 826, 39;
25, 211, 10, 557, -684, -14, 99, 826, 42;
28, 215, 15, 577, -655, 12, 111, 840, 58;
28, 215, 16, 567, -656, 20, 112, 841, 63;
28, 215, 16, 549, -664, 21, 109, 840, 64;
28, 216, 18, 542, -661, 31, 111, 843, 70;
22, 210, 12, 469, -722, -2, 86, 819, 49;
26, 214, 17, 497, -682, 30, 103, 837, 69;
22, 211, 14, 447, -719, 11, 87, 823, 58;
20, 209, 13, 413, -739, 4, 78, 816, 53;
22, 212, 16, 421, -717, 24, 86, 827, 66;
12, 203, 8, 320, -804, -27, 50, 793, 33;
14, 205, 11, 320, -787, -12, 55, 801, 43;
19, 211, 17, 359, -732, 29, 76, 824, 69;
8, 201, 8, 244, -829, -31, 34, 785, 31;
13, 206, 13, 273, -783, 3, 51, 805, 52;
13, 207, 14, 259, -779, 9, 51, 808, 57;
15, 210, 17, 266, -753, 30, 60, 820, 69;
8, 203, 11, 183, -816, -8, 31, 794, 45;
12, 209, 17, 212, -766, 27, 49, 816, 67;
11, 209, 17, 192, -765, 29, 46, 816, 69;
1, 200, 9, 86, -850, -24, 7, 782, 35;
2, 201, 10, 73, -840, -16, 7, 786, 40;
6, 207, 16, 102, -789, 18, 25, 808, 62;
7, 209, 18, 97, -770, 31, 29, 816, 70;
1, 204, 13, 26, -818, 0, 5, 796, 51;
2, 206, 15, 26, -792, 17, 11, 807, 62;
-4, 200, 9, -59, -854, -23, -19, 781, 36;
-3, 202, 11, -61, -830, -7, -14, 791, 46;
-3, 204, 12, -75, -818, 0, -14, 796, 50;
-9, 199, 8, -144, -861, -30, -37, 778, 31;
-2, 207, 15, -95, -785, 18, -11, 809, 62;
-11, 200, 8, -189, -851, -27, -44, 781, 33;
-12, 201, 9, -208, -843, -24, -47, 784, 35;
-14, 200, 8, -243, -849, -31, -55, 780, 31;
-8, 207, 14, -205, -783, 10, -34, 807, 57;
-13, 203, 10, -266, -815, -14, -54, 793, 42;
-9, 209, 16, -232, -753, 23, -35, 818, 65;
-9, 210, 17, -251, -742, 26, -37, 821, 67;
-11, 210, 16, -281, -741, 23, -44, 821, 65;
-15, 208, 13, -332, -762, 4, -60, 811, 53;
-12, 212, 18, -313, -713, 32, -47, 830, 71;
-22, 204, 9, -423, -792, -25, -87, 796, 35;
-21, 207, 11, -423, -762, -10, -82, 807, 44;
-19, 210, 14, -416, -723, 8, -74, 822, 56;
-26, 204, 7, -500, -776, -32, -104, 798, 30;
-18, 214, 17, -433, -677, 27, -71, 838, 67;
-21, 213, 15, -474, -687, 13, -83, 832, 59;
-24, 212, 13, -515, -696, 0, -96, 826, 51;
-27, 211, 11, -551, -700, -9, -106, 823, 44;
-25, 214, 14, -544, -661, 8, -98, 837, 56;
-23, 217, 16, -543, -628, 23, -93, 849, 65;
-28, 215, 13, -594, -646, 2, -109, 839, 52;
-27, 218, 15, -593, -614, 15, -105, 851, 60;
-34, 212, 9, -673, -661, -24, -134, 829, 35;
-31, 217, 13, -655, -611, 0, -122, 847, 50;
-36, 214, 9, -711, -635, -25, -141, 835, 35;
-32, 220, 14, -681, -573, 6, -124, 859, 55;
-36, 217, 10, -735, -595, -17, -143, 847, 39;
-39, 216, 7, -773, -601, -31, -155, 842, 31;
-35, 221, 12, -746, -542, -3, -140, 864, 49;
-33, 225, 15, -734, -499, 15, -131, 879, 60;
-33, 227, 16, -739, -472, 22, -130, 888, 65;
-36, 226, 14, -775, -476, 8, -141, 883, 56;
-35, 228, 15, -777, -448, 16, -139, 892, 61;
-42, 223, 9, -851, -490, -22, -166, 872, 36;
-41, 227, 11, -842, -451, -8, -159, 885, 45;
-43, 225, 9, -877, -455, -22, -171, 881, 37;
-36, 234, 17, -818, -366, 25, -144, 915, 66;
-36, 236, 18, -819, -337, 32, -141, 924, 71;
-42, 232, 12, -881, -369, -1, -164, 907, 50;
-40, 236, 15, -867, -326, 15, -156, 922, 60;
-37, 240, 18, -852, -282, 31, -148, 937, 70;
-48, 231, 8, -955, -356, -30, -188, 903, 32;
-41, 240, 15, -895, -268, 15, -161, 937, 60;
-47, 236, 10, -954, -299, -17, -184, 920, 39;
-48, 236, 8, -974, -291, -25, -190, 921, 34;
-50, 236, 7, -990, -281, -32, -195, 921, 30;
-41, 247, 17, -909, -173, 27, -160, 963, 67;
-42, 247, 16, -924, -162, 20, -165, 964, 63;
-47, 243, 11, -980, -192, -12, -187, 948, 43;
-50, 242, 8, -1007, -195, -27, -197, 944, 33;
-50, 243, 8, -1012, -175, -28, -198, 949, 33;
-51, 244, 8, -1017, -155, -28, -199, 954, 33;
-46, 251, 13, -971, -86, 3, -179, 979, 53;
-46, 252, 13, -973, -66, 3, -180, 984, 53;
-45, 254, 14, -966, -36, 10, -176, 993, 57;
-52, 249, 7, -1031, -79, -32, -203, 971, 30;
-47, 255, 12, -984, -11, 0, -183, 997, 50;
-44, 259, 15, -961, 32, 14, -174, 1011, 60;
-41, 263, 18, -934, 79, 32, -163, 1027, 71;
-41, 264, 18, -934, 99, 31, -163, 1032, 70;
-44, 263, 15, -953, 98, 17, -171, 1028, 62;
-49, 259, 10, -1002, 67, -16, -192, 1012, 40;
-45, 264, 14, -961, 125, 8, -176, 1033, 56;
-42, 268, 17, -932, 171, 25, -165, 1049, 66;
-45, 267, 13, -957, 162, 5, -176, 1041, 54;
-50, 263, 9, -999, 135, -25, -195, 1027, 35;
-41, 273, 17, -911, 238, 29, -159, 1066, 69;
-43, 271, 14, -932, 231, 11, -169, 1060, 58;
-45, 270, 12, -946, 229, -2, -177, 1056, 49;
-41, 276, 16, -902, 286, 22, -160, 1076, 64;
-44, 273, 12, -929, 270, -1, -173, 1066, 50;
-44, 274, 12, -922, 288, -2, -172, 1071, 49;
-38, 281, 18, -863, 358, 31, -150, 1096, 70;
-41, 279, 14, -883, 347, 11, -160, 1089, 58;
-37, 283, 17, -846, 392, 28, -148, 1104, 68;
-45, 276, 10, -908, 338, -19, -175, 1079, 39;
-37, 284, 16, -831, 422, 24, -146, 1110, 65;
-44, 278, 9, -886, 373, -20, -172, 1087, 38;
-42, 281, 10, -864, 400, -14, -166, 1096, 42;
-42, 281, 10, -855, 413, -16, -165, 1098, 40;
-40, 284, 12, -825, 447, -5, -156, 1109, 47;
-40, 284, 10, -826, 450, -15, -159, 1108, 41;
-37, 287, 12, -789, 489, 0, -147, 1121, 50;
-38, 287, 11, -787, 492, -9, -150, 1120, 45;
-39, 286, 9, -789, 490, -21, -154, 1116, 37;
-39, 286, 8, -784, 495, -28, -155, 1116, 33;
-30, 296, 17, -683, 595, 27, -118, 1154, 68;
-35, 290, 11, -727, 549, -12, -139, 1133, 43;
-32, 294, 14, -681, 592, 6, -124, 1149, 54;
-29, 297, 16, -643, 627, 19, -113, 1161, 63;
-36, 290, 7, -703, 562, -32, -142, 1131, 30;
-30, 296, 13, -636, 625, 0, -118, 1155, 51;
-32, 294, 10, -645, 610, -18, -126, 1147, 39;
-27, 298, 14, -587, 660, 6, -107, 1166, 55;
-28, 298, 12, -582, 658, -2, -109, 1163, 49;
-29, 296, 9, -588, 644, -20, -116, 1155, 38;
-22, 303, 16, -505, 718, 21, -86, 1184, 64;
-27, 298, 10, -542, 671, -17, -107, 1162, 40;
-28, 296, 7, -544, 659, -32, -112, 1155, 30;
-20, 303, 14, -457, 734, 10, -81, 1185, 57;
-23, 301, 11, -467, 712, -10, -90, 1174, 44;
-23, 300, 9, -461, 705, -21, -93, 1170, 37;
-20, 302, 11, -420, 732, -8, -81, 1180, 45;
-21, 301, 9, -415, 723, -20, -84, 1175, 38;
-22, 299, 7, -410, 714, -32, -87, 1169, 31;
-16, 305, 12, -343, 765, -2, -64, 1189, 49;
-17, 303, 11, -334, 757, -12, -66, 1185, 43;
-17, 303, 9, -322, 752, -20, -67, 1182, 38;
-12, 307, 13, -264, 792, 2, -48, 1197, 52;
-12, 306, 12, -249, 789, -3, -47, 1195, 48;
-5, 312, 17, -175, 843, 29, -22, 1217, 69;
-6, 310, 15, -170, 828, 16, -26, 1210, 61;
-4, 311, 16, -135, 843, 24, -16, 1215, 66;
-8, 306, 11, -160, 797, -8, -32, 1196, 45;
0, 313, 18, -74, 862, 32, -2, 1222, 71;
-4, 308, 13, -95, 818, 2, -17, 1204, 52;
-8, 303, 8, -117, 773, -28, -31, 1185, 32;
-4, 306, 10, -69, 799, -13, -17, 1195, 42;
-1, 308, 12, -28, 815, -2, -6, 1202, 49;