5, 300, 5, 769, 31, 15, 19, 1172, 19;
-2, 292, -3, 717, -11, -4, -10, 1140, -11;
3, 298, 2, 753, 34, 18, 13, 1162, 11;
2, 296, 1, 742, 32, 18, 9, 1156, 6;
-1, 291, -3, 711, 11, 8, -7, 1137, -12;
0, 292, -2, 715, 24, 15, -2, 1139, -8;
-2, 290, -3, 702, 22, 14, -8, 1132, -15;
8, 300, 6, 765, 95, 52, 33, 1172, 25;
3, 295, 1, 730, 70, 40, 14, 1151, 5;
5, 296, 2, 735, 86, 48, 20, 1154, 10;
5, 295, 2, 731, 93, 52, 21, 1153, 10;
8, 298, 5, 747, 118, 66, 33, 1163, 21;
4, 293, 0, 713, 95, 55, 15, 1143, 2;
9, 298, 6, 745, 139, 77, 38, 1163, 24;
3, 291, 0, 697, 102, 60, 12, 1135, -2;
11, 299, 7, 745, 162, 90, 46, 1166, 29;
7, 294, 2, 712, 140, 80, 29, 1146, 11;
13, 299, 8, 742, 182, 102, 51, 1166, 32;
4, 289, 0, 679, 131, 77, 16, 1128, -3;
10, 294, 4, 711, 174, 99, 39, 1149, 18;
7, 291, 1, 685, 160, 93, 27, 1135, 5;
9, 293, 4, 696, 184, 105, 38, 1143, 15;
5, 288, 0, 661, 161, 94, 21, 1123, -2;
13, 295, 7, 705, 217, 123, 52, 1152, 27;
6, 287, 0, 654, 179, 104, 25, 1122, 0;
9, 290, 2, 668, 206, 118, 38, 1132, 11;
12, 291, 4, 674, 225, 128, 47, 1138, 19;
7, 286, 0, 639, 203, 118, 30, 1119, 1;
10, 289, 2, 649, 226, 130, 40, 1127, 11;
12, 289, 4, 651, 241, 138, 47, 1130, 16;
11, 288, 3, 639, 242, 140, 44, 1125, 12;
15, 291, 7, 657, 273, 156, 60, 1138, 27;
15, 291, 7, 649, 279, 159, 61, 1136, 27;
10, 285, 2, 611, 255, 148, 42, 1114, 8;
19, 293, 10, 658, 315, 178, 76, 1146, 41;
21, 294, 11, 659, 329, 186, 82, 1149, 46;
17, 289, 7, 624, 309, 176, 66, 1130, 29;
20, 292, 10, 636, 335, 190, 79, 1140, 41;
14, 285, 4, 589, 301, 174, 55, 1113, 17;
15, 286, 5, 588, 315, 181, 61, 1115, 21;
17, 286, 6, 588, 329, 188, 67, 1118, 26;
15, 284, 5, 570, 324, 186, 61, 1109, 19;
16, 285, 6, 568, 337, 193, 66, 1112, 24;
18, 285, 7, 569, 352, 201, 72, 1115, 29;
16, 283, 5, 548, 346, 199, 65, 1105, 22;
15, 281, 4, 532, 344, 198, 61, 1098, 17;
22, 287, 11, 564, 390, 222, 88, 1121, 43;
23, 288, 12, 562, 402, 228, 92, 1123, 46;
16, 280, 5, 508, 363, 210, 65, 1093, 19;
17, 279, 5, 500, 370, 213, 67, 1091, 20;
19, 281, 7, 503, 387, 222, 75, 1096, 27;
23, 284, 11, 518, 417, 238, 91, 1109, 42;
27, 287, 14, 533, 447, 253, 107, 1122, 58;
24, 284, 12, 507, 435, 247, 97, 1109, 47;
25, 284, 13, 502, 445, 253, 101, 1110, 51;
24, 282, 11, 485, 442, 252, 96, 1103, 46;
22, 280, 9, 462, 434, 248, 89, 1092, 38;
19, 275, 6, 428, 415, 239, 75, 1075, 23;
22, 278, 9, 438, 440, 252, 88, 1085, 36;
29, 284, 15, 469, 485, 275, 114, 1108, 61;
28, 282, 15, 453, 483, 275, 111, 1102, 58;
27, 280, 13, 434, 479, 273, 106, 1094, 53;
21, 273, 7, 386, 446, 257, 83, 1068, 30;
25, 277, 11, 399, 474, 271, 98, 1080, 44;
28, 278, 14, 404, 494, 281, 109, 1087, 55;
27, 277, 13, 387, 491, 280, 105, 1081, 50;
30, 280, 16, 400, 518, 294, 120, 1093, 65;
28, 276, 14, 372, 505, 288, 110, 1080, 55;
32, 280, 18, 386, 534, 302, 126, 1093, 71;
28, 275, 14, 348, 510, 291, 110, 1073, 54;
27, 274, 13, 334, 510, 291, 108, 1068, 52;
29, 274, 14, 331, 522, 297, 114, 1071, 58;
27, 272, 13, 311, 516, 295, 109, 1063, 52;
32, 276, 18, 329, 548, 311, 127, 1078, 71;
26, 269, 11, 277, 510, 293, 102, 1050, 46;
28, 271, 14, 281, 529, 302, 112, 1057, 56;
26, 268, 11, 254, 516, 296, 103, 1045, 46;
32, 273, 18, 283, 559, 318, 128, 1068, 72;
33, 273, 18, 274, 564, 320, 130, 1066, 73;
30, 269, 15, 243, 547, 312, 118, 1052, 62;
34, 273, 20, 257, 575, 326, 134, 1065, 78;
29, 267, 15, 217, 548, 313, 116, 1045, 60;
33, 270, 18, 225, 570, 324, 129, 1054, 73;
31, 267, 16, 199, 558, 318, 121, 1043, 65;
32, 268, 18, 198, 570, 325, 127, 1047, 71;
25, 260, 11, 141, 527, 303, 99, 1016, 44;
30, 264, 16, 160, 559, 319, 118, 1032, 63;
27, 260, 12, 127, 539, 309, 105, 1017, 50;
35, 268, 21, 166, 591, 336, 137, 1046, 82;
34, 267, 20, 151, 590, 335, 136, 1041, 81;
36, 267, 22, 147, 599, 340, 140, 1044, 86;
35, 266, 21, 133, 597, 339, 139, 1039, 85;
28, 258, 14, 75, 551, 316, 110, 1008, 56;
34, 264, 20, 102, 591, 336, 134, 1030, 81;
27, 255, 13, 43, 545, 313, 105, 998, 52;
30, 258, 16, 50, 564, 323, 117, 1007, 64;
27, 254, 13, 19, 546, 313, 105, 993, 53;
29, 256, 15, 21, 559, 320, 113, 998, 62;
34, 260, 21, 43, 593, 337, 134, 1017, 83;
28, 254, 15, -3, 558, 320, 112, 993, 62;
33, 258, 20, 10, 584, 333, 128, 1006, 78;
35, 260, 22, 14, 600, 341, 138, 1014, 89;
32, 256, 19, -16, 579, 330, 126, 999, 77;
33, 256, 20, -23, 584, 333, 129, 999, 80;
33, 256, 21, -31, 587, 334, 131, 999, 83;
27, 249, 15, -81, 548, 315, 107, 973, 60;
27, 248, 15, -93, 547, 314, 107, 970, 60;
35, 256, 23, -52, 598, 339, 138, 1000, 93;
32, 252, 20, -85, 575, 328, 125, 985, 80;
32, 252, 21, -93, 578, 329, 127, 984, 83;
27, 246, 16, -136, 545, 313, 107, 962, 64;
26, 245, 15, -153, 538, 309, 104, 957, 61;
32, 251, 22, -124, 577, 328, 128, 979, 87;
31, 248, 20, -147, 563, 322, 120, 970, 80;
27, 245, 17, -178, 542, 311, 108, 955, 68;
29, 245, 19, -181, 548, 314, 113, 958, 74;
27, 244, 17, -200, 539, 309, 108, 951, 70;
32, 247, 22, -183, 564, 321, 124, 966, 88;
35, 250, 25, -174, 582, 330, 136, 976, 101;
34, 249, 25, -186, 578, 328, 135, 973, 100;
26, 240, 17, -249, 523, 300, 102, 939, 68;
25, 239, 16, -265, 515, 296, 98, 933, 66;
31, 244, 23, -239, 550, 313, 121, 954, 89;
27, 240, 19, -270, 526, 301, 108, 939, 77;
25, 238, 18, -292, 512, 294, 100, 930, 71;
31, 243, 24, -266, 546, 310, 122, 951, 94;
30, 242, 23, -284, 534, 304, 117, 944, 90;
32, 243, 25, -280, 545, 310, 125, 951, 99;
30, 242, 24, -298, 534, 304, 120, 944, 95;
25, 236, 19, -339, 499, 286, 100, 923, 76;
23, 234, 17, -362, 483, 278, 91, 913, 69;
32, 242, 27, -314, 537, 305, 127, 947, 106;
26, 236, 21, -359, 499, 285, 104, 924, 85;
26, 236, 21, -370, 493, 282, 103, 921, 85;
23, 233, 19, -394, 474, 272, 93, 910, 76;
30, 239, 26, -360, 513, 291, 119, 935, 104;
28, 237, 25, -379, 499, 284, 112, 927, 98;
28, 237, 25, -388, 496, 282, 112, 926, 100;
29, 237, 26, -395, 494, 280, 113, 926, 102;
27, 236, 25, -409, 483, 275, 108, 920, 99;
30, 238, 28, -402, 495, 280, 118, 929, 110;
29, 236, 27, -417, 484, 274, 113, 923, 106;
21, 229, 20, -471, 434, 249, 84, 894, 79;
26, 234, 25, -447, 461, 262, 104, 913, 100;
27, 234, 26, -451, 461, 262, 106, 914, 104;
19, 226, 19, -506, 409, 235, 76, 883, 75;
24, 231, 24, -481, 437, 249, 95, 903, 97;
21, 227, 21, -510, 410, 235, 82, 888, 84;
27, 234, 28, -474, 448, 254, 108, 914, 112;
21, 227, 22, -521, 404, 231, 82, 888, 88;
22, 229, 24, -517, 409, 233, 88, 894, 96;
18, 224, 20, -553, 375, 216, 70, 875, 79;
17, 223, 20, -564, 366, 211, 67, 872, 78;
18, 224, 21, -563, 367, 211, 71, 875, 83;
16, 222, 19, -581, 350, 202, 63, 867, 77;
18, 224, 22, -572, 361, 207, 72, 876, 88;
17, 224, 22, -580, 353, 202, 70, 874, 88;
19, 226, 24, -573, 360, 206, 77, 881, 97;
17, 224, 23, -590, 343, 197, 70, 874, 91;
23, 229, 29, -560, 374, 211, 91, 896, 115;
20, 226, 26, -584, 349, 198, 79, 883, 104;
14, 220, 21, -627, 306, 176, 55, 860, 82;
20, 226, 27, -593, 339, 192, 79, 884, 108;
19, 225, 26, -605, 326, 185, 74, 879, 104;
19, 225, 27, -606, 323, 183, 75, 880, 107;
13, 220, 22, -646, 282, 162, 53, 858, 87;
17, 223, 26, -627, 299, 170, 66, 872, 102;
13, 219, 22, -656, 268, 154, 50, 857, 88;
13, 220, 23, -658, 263, 151, 51, 858, 90;
14, 222, 25, -650, 269, 154, 58, 865, 99;
13, 221, 25, -659, 258, 147, 54, 862, 97;
14, 221, 26, -657, 257, 146, 56, 865, 102;
9, 216, 21, -693, 218, 126, 35, 845, 83;
10, 218, 23, -688, 220, 126, 40, 850, 89;
11, 219, 24, -682, 222, 127, 45, 856, 96;
14, 222, 27, -667, 233, 132, 55, 867, 108;
14, 222, 28, -668, 228, 129, 55, 868, 110;
9, 218, 24, -700, 192, 110, 36, 850, 93;
7, 216, 22, -711, 176, 102, 30, 845, 89;
11, 220, 26, -690, 193, 109, 44, 859, 105;
13, 223, 29, -675, 203, 114, 54, 870, 116;
4, 214, 21, -732, 140, 82, 18, 836, 83;
9, 219, 26, -705, 162, 92, 35, 854, 102;
4, 214, 22, -736, 126, 74, 17, 837, 85;
11, 222, 29, -691, 165, 92, 44, 865, 115;
7, 218, 26, -714, 137, 78, 30, 853, 103;
4, 216, 23, -732, 112, 65, 18, 842, 93;
5, 216, 24, -729, 109, 63, 20, 845, 97;
4, 216, 24, -733, 98, 57, 17, 844, 95;
4, 216, 25, -731, 93, 53, 17, 846, 98;
2, 215, 23, -744, 74, 43, 9, 839, 91;
4, 217, 25, -730, 80, 45, 16, 848, 101;
5, 218, 27, -723, 80, 45, 20, 853, 107;
6, 220, 28, -716, 79, 44, 23, 858, 111;
0, 214, 22, -755, 32, 20, -1, 834, 88;
1, 216, 24, -742, 37, 22, 5, 843, 97;
1, 216, 25, -738, 33, 19, 6, 846, 100;
2, 218, 27, -727, 36, 20, 11, 852, 107;
-2, 213, 22, -759, -4, 0, -9, 833, 88;
-3, 213, 22, -763, -16, -7, -13, 831, 86;
-1, 216, 25, -744, -6, -3, -4, 842, 97;
-1, 215, 24, -745, -17, -9, -6, 842, 96;
-1, 216, 25, -739, -20, -11, -5, 845, 100;
-2, 216, 25, -741, -31, -17, -8, 844, 99;
-6, 212, 21, -767, -67, -36, -26, 828, 82;
1, 221, 30, -708, -18, -12, 6, 864, 118;
0, 220, 29, -714, -33, -20, 1, 860, 114;
-4, 216, 24, -741, -71, -40, -18, 842, 96;
-1, 219, 28, -719, -59, -34, -7, 856, 109;
-8, 213, 22, -754, -105, -58, -32, 833, 86;
-4, 217, 26, -726, -87, -50, -17, 850, 102;
-5, 217, 25, -729, -101, -57, -22, 847, 99;
-5, 217, 25, -724, -107, -61, -23, 849, 101;
-5, 218, 26, -717, -111, -63, -21, 853, 104;
-5, 219, 27, -711, -116, -67, -21, 856, 106;
-10, 215, 23, -734, -151, -85, -39, 840, 90;
-7, 218, 26, -711, -139, -79, -28, 853, 103;
-4, 222, 29, -686, -126, -73, -16, 868, 116;
-6, 221, 28, -691, -143, -82, -23, 863, 111;
-8, 219, 26, -701, -164, -94, -33, 856, 103;
-14, 214, 21, -730, -206, -115, -55, 836, 82;
-10, 218, 25, -701, -189, -108, -41, 852, 98;
-10, 219, 25, -693, -193, -110, -41, 856, 100;
-9, 221, 27, -677, -189, -109, -35, 864, 108;
-8, 222, 28, -667, -192, -111, -33, 869, 111;
-12, 219, 24, -686, -224, -127, -49, 855, 97;
-16, 215, 21, -705, -256, -144, -66, 841, 82;
-9, 224, 29, -648, -212, -123, -35, 875, 114;
-11, 222, 26, -658, -235, -135, -46, 867, 104;
-16, 218, 22, -680, -270, -153, -65, 851, 87;
-14, 220, 24, -660, -264, -150, -57, 861, 96;
-18, 217, 21, -676, -293, -165, -72, 849, 83;
-20, 216, 20, -678, -308, -173, -78, 846, 78;
-15, 222, 25, -641, -284, -162, -60, 867, 98;
-10, 227, 30, -603, -260, -151, -42, 888, 117;
-14, 224, 26, -619, -290, -166, -58, 875, 103;
-15, 224, 25, -617, -302, -173, -62, 874, 101;
-20, 220, 22, -634, -333, -189, -78, 860, 86;
-18, 223, 24, -614, -326, -186, -71, 870, 94;
-16, 226, 26, -592, -319, -183, -63, 881, 103;
-19, 223, 23, -603, -343, -196, -76, 872, 92;
-14, 229, 29, -560, -315, -182, -55, 895, 114;
-21, 223, 22, -597, -366, -208, -84, 869, 87;
-19, 225, 24, -576, -359, -205, -76, 880, 95;
-24, 221, 20, -596, -393, -222, -95, 865, 78;
-16, 230, 28, -534, -346, -199, -63, 899, 111;
-19, 228, 25, -544, -370, -212, -75, 891, 101;
-25, 223, 20, -571, -412, -233, -98, 870, 78;
-26, 222, 19, -568, -423, -239, -102, 869, 75;
-23, 226, 22, -541, -410, -233, -92, 883, 87;
-23, 227, 22, -530, -414, -236, -91, 886, 88;
-18, 233, 28, -487, -385, -222, -71, 909, 110;
-23, 228, 23, -508, -422, -240, -91, 892, 91;
-28, 224, 18, -528, -456, -258, -110, 877, 73;
-22, 231, 24, -483, -426, -243, -89, 901, 95;
-21, 233, 25, -466, -423, -242, -85, 908, 100;
-28, 227, 19, -495, -467, -265, -109, 887, 76;
-24, 232, 23, -459, -445, -254, -94, 905, 93;
-25, 231, 22, -458, -459, -262, -100, 902, 87;
-25, 232, 22, -447, -463, -264, -100, 905, 88;
-28, 229, 19, -456, -486, -276, -113, 896, 76;
-30, 229, 18, -452, -498, -282, -117, 894, 72;
-30, 229, 18, -444, -504, -286, -119, 895, 71;
-22, 238, 26, -380, -454, -261, -86, 931, 105;
-24, 237, 24, -383, -472, -270, -95, 925, 96;
-25, 237, 23, -378, -482, -276, -100, 924, 93;
-26, 236, 22, -374, -493, -281, -104, 922, 89;
-26, 237, 23, -361, -494, -282, -103, 926, 90;
-31, 233, 18, -381, -528, -300, -123, 910, 71;
-26, 239, 23, -338, -500, -286, -103, 932, 91;
-22, 243, 27, -302, -478, -275, -88, 950, 107;
-31, 235, 18, -346, -536, -305, -123, 919, 73;
-29, 238, 21, -319, -524, -299, -113, 931, 82;
-25, 243, 25, -281, -500, -287, -97, 950, 99;
-28, 241, 22, -291, -525, -300, -111, 939, 85;
-30, 239, 20, -293, -540, -308, -119, 934, 78;
-25, 245, 25, -248, -510, -293, -99, 958, 98;
-25, 246, 25, -236, -512, -294, -99, 960, 98;
-28, 244, 22, -240, -530, -304, -109, 953, 88;
-26, 247, 24, -216, -520, -298, -101, 964, 97;
-29, 244, 21, -228, -545, -311, -116, 952, 82;
-34, 240, 16, -242, -574, -326, -133, 938, 65;
-29, 246, 21, -201, -546, -312, -114, 960, 84;
-32, 243, 18, -207, -566, -322, -126, 951, 72;
-26, 250, 24, -159, -531, -305, -103, 977, 95;
-31, 246, 19, -177, -563, -321, -122, 960, 76;
-33, 245, 17, -176, -575, -327, -128, 957, 69;
-33, 246, 17, -164, -576, -328, -128, 959, 69;
-27, 252, 23, -117, -542, -311, -107, 984, 91;
-35, 245, 15, -154, -592, -336, -137, 956, 60;
-29, 251, 21, -107, -558, -319, -115, 980, 82;
-31, 250, 19, -106, -570, -325, -122, 976, 75;
-29, 253, 21, -80, -557, -319, -114, 988, 83;
-35, 247, 15, -107, -597, -339, -138, 966, 59;
-33, 250, 16, -85, -586, -334, -131, 975, 65;
-28, 256, 22, -40, -554, -318, -110, 998, 85;
-33, 251, 16, -62, -588, -335, -132, 980, 64;
-27, 258, 23, -8, -546, -314, -105, 1009, 90;
-33, 253, 17, -33, -584, -333, -128, 988, 66;
-34, 252, 14, -34, -596, -339, -136, 983, 58;
-28, 259, 21, 18, -555, -318, -110, 1011, 83;
-27, 260, 21, 33, -552, -317, -108, 1015, 84;
-31, 257, 18, 25, -571, -326, -121, 1005, 72;
-35, 253, 13, 7, -600, -341, -139, 990, 53;
-32, 258, 17, 40, -577, -329, -125, 1006, 66;
-27, 262, 21, 79, -550, -316, -108, 1025, 82;
-27, 264, 21, 95, -545, -313, -105, 1030, 84;
-29, 262, 19, 90, -560, -320, -115, 1023, 74;
-29, 263, 19, 104, -557, -319, -114, 1026, 74;
-26, 266, 21, 131, -540, -310, -103, 1038, 84;
-30, 262, 16, 115, -566, -323, -120, 1023, 66;
-31, 262, 15, 121, -570, -325, -123, 1022, 62;
-26, 268, 21, 168, -533, -306, -101, 1047, 83;
-28, 266, 18, 164, -546, -313, -110, 1040, 73;
-29, 266, 17, 169, -551, -315, -114, 1038, 69;
-33, 262, 12, 151, -578, -329, -132, 1022, 50;
-31, 264, 14, 174, -564, -322, -124, 1032, 56;
-31, 265, 14, 185, -562, -321, -123, 1034, 55;
-32, 265, 13, 192, -564, -321, -125, 1034, 52;
-27, 270, 18, 232, -532, -305, -107, 1054, 70;
-32, 265, 12, 208, -564, -321, -128, 1035, 48;
-32, 266, 12, 222, -559, -318, -125, 1039, 49;
-29, 269, 14, 248, -540, -308, -115, 1051, 57;
-31, 268, 13, 249, -548, -312, -121, 1046, 50;
-29, 270, 14, 270, -534, -305, -114, 1055, 56;
-32, 267, 10, 259, -553, -314, -127, 1044, 42;
-24, 276, 18, 318, -501, -288, -96, 1076, 71;
-32, 269, 10, 282, -544, -309, -124, 1049, 41;
-30, 270, 11, 299, -533, -303, -119, 1056, 45;
-24, 277, 17, 348, -490, -282, -94, 1082, 69;
-24, 277, 17, 357, -488, -280, -94, 1083, 67;
-25, 277, 15, 359, -492, -282, -99, 1080, 61;
-31, 271, 9, 332, -526, -298, -121, 1059, 37;
-23, 279, 17, 391, -472, -271, -90, 1091, 67;
-26, 277, 13, 381, -487, -279, -101, 1081, 54;
-23, 280, 16, 408, -465, -267, -89, 1094, 64;
-31, 272, 7, 363, -516, -292, -123, 1062, 29;
-23, 280, 14, 420, -464, -266, -92, 1093, 57;
-30, 273, 7, 384, -505, -286, -120, 1066, 28;
-28, 276, 9, 408, -485, -276, -110, 1077, 36;
-29, 275, 7, 408, -489, -277, -114, 1074, 30;
-23, 281, 12, 450, -451, -258, -93, 1096, 50;
-29, 276, 7, 424, -480, -272, -113, 1076, 27;
-22, 282, 13, 472, -436, -250, -88, 1102, 51;
-23, 281, 11, 473, -438, -250, -91, 1099, 45;
-23, 282, 11, 483, -431, -247, -90, 1102, 45;
-19, 285, 14, 510, -408, -234, -77, 1114, 55;
-20, 285, 12, 510, -410, -235, -81, 1111, 50;
-26, 279, 6, 479, -444, -251, -105, 1088, 24;
-22, 283, 10, 514, -410, -234, -87, 1107, 40;
-24, 282, 7, 508, -418, -238, -94, 1100, 31;
-24, 282, 7, 514, -414, -235, -94, 1100, 28;
-24, 282, 6, 520, -410, -233, -94, 1100, 26;
-18, 287, 11, 559, -371, -213, -73, 1122, 45;
-20, 285, 9, 554, -378, -216, -80, 1115, 36;
-20, 286, 9, 560, -372, -212, -79, 1116, 35;
-20, 286, 8, 568, -366, -209, -78, 1117, 34;
-16, 290, 12, 597, -336, -193, -62, 1133, 47;
-15, 290, 11, 604, -329, -190, -61, 1134, 46;
-23, 283, 3, 561, -373, -211, -91, 1104, 14;
-20, 286, 6, 585, -348, -198, -79, 1116, 24;
-20, 286, 5, 589, -343, -195, -78, 1116, 22;
-17, 288, 7, 608, -323, -184, -69, 1125, 29;
-17, 288, 7, 613, -317, -181, -68, 1126, 27;
-19, 287, 4, 607, -322, -183, -74, 1119, 19;
-13, 292, 10, 647, -281, -162, -52, 1141, 39;
-12, 293, 10, 657, -269, -155, -48, 1145, 40;
-18, 287, 3, 620, -305, -172, -73, 1119, 13;
-13, 292, 8, 657, -264, -152, -51, 1141, 32;
-10, 295, 10, 679, -240, -139, -39, 1152, 41;
-14, 291, 5, 655, -262, -149, -56, 1134, 22;
-13, 291, 5, 662, -252, -144, -54, 1137, 22;
-8, 297, 10, 699, -211, -123, -31, 1158, 42;
-16, 288, 2, 651, -256, -145, -63, 1126, 8;
-12, 291, 4, 673, -231, -131, -50, 1138, 18;
-17, 287, 0, 649, -251, -141, -66, 1121, 0;
-6, 297, 9, 716, -180, -105, -25, 1161, 38;
-10, 293, 5, 695, -197, -113, -39, 1146, 21;
-12, 291, 2, 684, -204, -115, -47, 1137, 11;
-8, 294, 5, 706, -176, -101, -34, 1150, 22;
-8, 294, 5, 707, -171, -98, -33, 1149, 19;
-13, 289, 0, 676, -197, -110, -53, 1128, -2;
-6, 296, 5, 721, -147, -85, -26, 1154, 22;
-10, 292, 1, 699, -163, -92, -39, 1139, 5;
-2, 299, 8, 745, -111, -66, -11, 1167, 31;
-10, 291, 0, 695, -156, -87, -42, 1134, -1;
-7, 293, 1, 712, -132, -75, -31, 1144, 6;
-10, 290, -1, 696, -142, -79, -41, 1133, -5;
-6, 294, 1, 718, -113, -64, -26, 1146, 6;
-5, 295, 2, 728, -96, -55, -19, 1151, 9;
-7, 292, 0, 713, -104, -58, -28, 1141, -1;
-7, 292, -1, 712, -98, -55, -28, 1140, -4;
-5, 293, 0, 720, -82, -46, -22, 1144, 0;
-7, 291, -2, 707, -89, -49, -29, 1135, -10;
-1, 296, 2, 742, -46, -27, -6, 1156, 9;
1, 299, 5, 760, -19, -13, 6, 1168, 19;
1, 298, 3, 755, -16, -11, 4, 1164, 15;
0, 297, 2, 749, -14, -9, 2, 1160, 10;
1, 297, 2, 751, -4, -3, 4, 1161, 10;
0, 296, 1, 744, -1, -1, 2, 1157, 5;
0, 295, 0, 738, 0, 0, 0, 1153, 0;
4, 299, 4, 764, 36, 18, 18, 1169, 16;
-3, 291, -4, 711, -7, -2, -12, 1136, -17;
2, 297, 0, 745, 36, 19, 11, 1158, 3;
5, 299, 2, 758, 58, 31, 21, 1166, 10;
7, 300, 3, 764, 74, 40, 27, 1170, 14;
1, 294, -2, 726, 45, 26, 6, 1147, -9;
3, 295, 0, 736, 66, 37, 15, 1153, -3;
5, 297, 0, 744, 84, 47, 23, 1159, 1;
0, 290, -6, 699, 50, 30, -1, 1132, -26;
9, 299, 2, 755, 116, 64, 35, 1167, 8;
4, 293, -3, 718, 90, 52, 15, 1145, -14;
6, 295, -2, 726, 109, 62, 24, 1151, -8;
6, 295, -2, 725, 119, 68, 26, 1151, -8;
6, 294, -3, 716, 121, 69, 24, 1146, -13;
9, 296, 0, 730, 147, 83, 36, 1157, -3;
4, 291, -6, 694, 122, 71, 18, 1135, -25;
4, 290, -7, 689, 129, 75, 18, 1133, -27;
11, 296, -1, 723, 174, 98, 43, 1156, -5;
8, 292, -4, 698, 161, 93, 31, 1141, -19;
12, 296, -1, 720, 196, 110, 49, 1157, -4;
7, 290, -7, 679, 167, 96, 28, 1133, -28;
12, 295, -2, 708, 209, 118, 50, 1152, -8;
14, 296, -1, 708, 221, 125, 54, 1154, -6;
14, 295, -2, 703, 228, 129, 56, 1153, -8;
10, 291, -6, 672, 210, 121, 41, 1135, -25;
15, 295, -2, 693, 244, 138, 58, 1150, -10;
14, 293, -4, 679, 243, 138, 55, 1144, -16;
17, 296, -1, 693, 270, 152, 68, 1154, -5;
12, 290, -6, 656, 246, 141, 50, 1133, -26;
10, 287, -10, 631, 235, 136, 39, 1120, -39;
11, 287, -9, 632, 249, 143, 45, 1123, -36;
14, 290, -6, 644, 274, 156, 57, 1132, -26;
13, 288, -9, 625, 268, 154, 51, 1123, -35;
18, 292, -4, 649, 306, 174, 71, 1140, -17;
14, 288, -8, 620, 291, 166, 58, 1124, -33;
16, 288, -7, 619, 303, 173, 63, 1126, -30;
14, 286, -10, 599, 297, 171, 56, 1117, -39;
21, 292, -3, 634, 346, 196, 83, 1141, -14;
14, 284, -11, 580, 306, 177, 56, 1110, -45;
14, 284, -12, 570, 311, 179, 55, 1107, -47;
18, 287, -8, 589, 344, 196, 73, 1122, -32;
23, 291, -4, 608, 377, 213, 90, 1136, -16;
19, 286, -9, 573, 356, 203, 75, 1117, -35;
23, 289, -5, 588, 385, 218, 90, 1130, -22;
16, 282, -12, 538, 350, 201, 65, 1102, -49;
24, 289, -5, 577, 403, 228, 95, 1129, -21;
20, 285, -9, 543, 383, 219, 80, 1111, -38;
18, 282, -12, 520, 375, 215, 72, 1100, -48;
18, 281, -13, 508, 377, 217, 71, 1096, -51;
21, 283, -10, 519, 403, 230, 85, 1106, -40;
17, 279, -14, 484, 382, 220, 69, 1088, -57;
26, 286, -6, 528, 441, 250, 103, 1119, -25;
20, 279, -13, 478, 405, 233, 79, 1091, -52;
24, 283, -9, 493, 436, 248, 95, 1104, -38;
19, 277, -15, 453, 410, 236, 76, 1083, -58;
19, 276, -15, 440, 412, 237, 76, 1079, -61;
29, 285, -6, 492, 479, 271, 114, 1115, -24;
27, 283, -8, 468, 469, 267, 106, 1104, -34;
21, 276, -14, 423, 438, 252, 85, 1079, -57;
23, 277, -13, 424, 454, 260, 93, 1083, -52;
25, 278, -12, 423, 468, 267, 99, 1087, -47;
29, 281, -8, 435, 495, 281, 114, 1098, -34;
28, 279, -10, 416, 490, 279, 109, 1090, -41;
24, 275, -14, 384, 473, 271, 96, 1075, -55;
22, 272, -16, 360, 464, 267, 88, 1064, -65;
27, 277, -12, 380, 498, 284, 108, 1080, -47;
30, 279, -9, 388, 521, 296, 120, 1090, -36;
29, 277, -11, 368, 515, 293, 115, 1081, -43;
24, 271, -17, 322, 484, 278, 94, 1057, -66;
24, 271, -16, 314, 491, 282, 96, 1056, -65;
30, 276, -11, 342, 532, 303, 120, 1078, -42;
31, 276, -11, 332, 537, 305, 122, 1076, -43;
28, 272, -13, 305, 524, 299, 112, 1063, -54;
31, 274, -11, 308, 542, 308, 122, 1070, -46;
25, 267, -18, 259, 507, 291, 98, 1044, -70;
28, 270, -15, 267, 529, 302, 111, 1053, -59;
32, 273, -11, 278, 554, 315, 125, 1065, -46;
26, 266, -17, 232, 522, 299, 104, 1041, -69;
29, 268, -15, 237, 541, 309, 114, 1048, -60;
30, 268, -15, 230, 547, 312, 117, 1048, -58;
28, 266, -16, 209, 541, 309, 112, 1040, -65;
27, 264, -18, 189, 534, 306, 107, 1032, -71;
27, 263, -18, 175, 534, 306, 106, 1028, -73;
32, 268, -14, 195, 567, 323, 125, 1045, -55;
32, 267, -14, 184, 569, 324, 126, 1043, -55;
28, 262, -18, 145, 544, 312, 109, 1023, -73;
31, 265, -15, 157, 569, 324, 124, 1035, -59;
31, 264, -16, 140, 565, 323, 121, 1030, -63;
34, 267, -12, 152, 590, 335, 136, 1041, -49;
27, 258, -20, 92, 543, 312, 106, 1009, -80;
31, 262, -16, 107, 571, 326, 123, 1023, -64;
31, 261, -16, 94, 571, 326, 122, 1020, -65;
31, 260, -17, 82, 571, 326, 122, 1017, -67;
32, 261, -16, 75, 576, 329, 125, 1017, -65;
29, 258, -19, 49, 563, 322, 116, 1007, -74;
33, 260, -16, 57, 583, 332, 128, 1016, -62;
34, 261, -15, 52, 590, 336, 133, 1018, -59;
36, 262, -13, 53, 603, 342, 141, 1023, -52;
34, 260, -15, 30, 592, 337, 134, 1014, -59;
35, 260, -14, 23, 596, 339, 136, 1014, -57;
34, 258, -15, 7, 592, 337, 133, 1009, -61;
33, 257, -16, -11, 585, 333, 129, 1002, -65;
32, 255, -17, -25, 582, 331, 127, 998, -68;
28, 250, -22, -66, 552, 317, 109, 977, -86;
31, 253, -19, -56, 572, 327, 122, 988, -74;
30, 251, -20, -76, 564, 323, 117, 981, -79;
28, 249, -22, -97, 553, 317, 111, 972, -86;
27, 248, -22, -113, 548, 314, 108, 967, -89;
28, 248, -22, -121, 550, 315, 109, 967, -88;
26, 245, -24, -144, 537, 309, 102, 957, -95;
31, 250, -19, -123, 568, 324, 122, 975, -76;
33, 251, -17, -122, 579, 329, 130, 981, -68;
28, 246, -22, -161, 549, 315, 112, 961, -86;
26, 243, -24, -188, 532, 306, 102, 949, -96;
25, 242, -25, -204, 525, 302, 98, 944, -100;
30, 246, -20, -184, 555, 317, 118, 961, -80;
29, 244, -21, -202, 545, 312, 113, 954, -85;
34, 250, -16, -176, 580, 329, 135, 975, -63;
26, 241, -24, -237, 527, 302, 103, 942, -95;
30, 244, -20, -225, 548, 313, 118, 954, -80;
31, 245, -19, -229, 552, 314, 121, 956, -77;
25, 239, -25, -273, 516, 296, 100, 933, -98;
26, 239, -24, -278, 518, 297, 103, 934, -95;
26, 239, -24, -287, 517, 297, 104, 934, -93;
30, 243, -19, -269, 542, 309, 120, 949, -76;
30, 242, -20, -282, 537, 306, 118, 945, -78;
25, 236, -25, -325, 501, 287, 97, 923, -99;
26, 238, -23, -322, 510, 292, 105, 929, -91;
30, 241, -19, -307, 531, 302, 120, 943, -76;
29, 240, -20, -322, 523, 298, 116, 938, -79;
29, 240, -20, -331, 520, 296, 116, 936, -79;
30, 240, -19, -337, 520, 296, 118, 937, -76;
22, 231, -27, -396, 467, 269, 86, 904, -107;
27, 237, -21, -370, 499, 284, 108, 925, -85;
27, 236, -22, -382, 491, 280, 105, 921, -87;
29, 238, -19, -374, 505, 287, 116, 931, -76;
30, 239, -18, -378, 505, 287, 118, 932, -73;
22, 231, -26, -433, 455, 261, 89, 902, -101;
29, 237, -19, -400, 493, 280, 114, 926, -75;
21, 229, -27, -458, 439, 252, 83, 894, -106;
24, 232, -23, -444, 457, 261, 96, 907, -92;
29, 236, -18, -423, 481, 273, 114, 923, -73;
21, 228, -26, -480, 428, 246, 83, 892, -104;
27, 234, -20, -449, 462, 263, 107, 915, -79;
23, 230, -24, -482, 433, 247, 90, 898, -94;
25, 232, -22, -477, 440, 251, 98, 905, -86;
21, 228, -25, -504, 416, 238, 85, 892, -97;
27, 234, -19, -476, 446, 253, 106, 912, -75;
23, 229, -23, -509, 415, 237, 90, 895, -91;
23, 230, -22, -512, 414, 236, 91, 897, -88;
19, 226, -26, -542, 386, 221, 77, 882, -102;
22, 228, -23, -532, 397, 227, 86, 891, -91;
19, 225, -25, -555, 376, 215, 76, 880, -100;
19, 225, -25, -560, 371, 213, 76, 880, -99;
21, 228, -22, -551, 382, 217, 85, 889, -89;
23, 229, -20, -545, 389, 220, 92, 896, -81;
22, 229, -21, -555, 379, 215, 89, 893, -83;
21, 227, -22, -570, 363, 207, 82, 886, -88;
15, 221, -28, -610, 324, 186, 60, 865, -109;
20, 226, -23, -585, 348, 198, 79, 883, -89;
18, 225, -24, -598, 335, 191, 73, 878, -93;
21, 227, -21, -587, 344, 195, 82, 887, -83;
17, 224, -24, -613, 318, 181, 69, 874, -95;
14, 220, -27, -638, 291, 167, 55, 860, -107;
13, 219, -28, -648, 279, 161, 51, 857, -110;
13, 220, -27, -651, 275, 158, 52, 858, -108;
15, 222, -25, -640, 284, 162, 60, 867, -98;
14, 221, -26, -652, 270, 155, 55, 862, -102;
18, 225, -21, -628, 291, 164, 71, 879, -84;
11, 218, -28, -674, 243, 140, 44, 853, -109;
11, 218, -27, -677, 237, 136, 44, 853, -108;
12, 220, -26, -671, 240, 137, 49, 859, -101;
10, 218, -27, -685, 223, 128, 42, 852, -107;
17, 225, -20, -646, 258, 145, 67, 878, -80;
9, 217, -28, -700, 201, 116, 35, 847, -111;
15, 224, -21, -660, 237, 133, 61, 873, -84;
14, 223, -21, -666, 226, 127, 57, 871, -85;
8, 216, -28, -710, 178, 103, 31, 846, -110;
8, 217, -27, -711, 172, 99, 31, 846, -108;
12, 221, -23, -686, 192, 108, 47, 863, -91;
10, 220, -24, -697, 176, 100, 40, 858, -96;
6, 216, -27, -721, 146, 84, 25, 845, -109;
6, 217, -27, -719, 143, 82, 27, 847, -106;
8, 219, -24, -707, 149, 85, 34, 856, -96;
10, 221, -22, -695, 155, 87, 42, 865, -87;
9, 220, -23, -705, 139, 78, 35, 859, -92;
6, 218, -25, -720, 118, 67, 26, 851, -100;
1, 213, -30, -749, 82, 48, 7, 834, -117;
3, 215, -28, -739, 85, 50, 13, 841, -109;
8, 221, -22, -703, 114, 63, 34, 864, -86;
2, 215, -28, -743, 67, 39, 9, 840, -109;
8, 222, -21, -702, 101, 55, 33, 866, -83;
0, 214, -29, -753, 43, 26, 1, 835, -114;
1, 216, -27, -741, 46, 27, 6, 843, -106;
4, 219, -23, -722, 58, 32, 17, 855, -93;
5, 220, -22, -715, 56, 30, 20, 860, -88;
0, 215, -28, -749, 14, 9, -2, 839, -109;
4, 220, -22, -713, 41, 22, 18, 861, -87;
-2, 214, -29, -756, -9, -4, -9, 835, -113;
4, 221, -21, -710, 27, 13, 17, 864, -84;
-4, 213, -29, -761, -33, -17, -16, 832, -116;
2, 220, -22, -714, 4, 0, 10, 861, -88;
0, 217, -25, -733, -23, -13, -3, 849, -99;
-3, 216, -27, -742, -42, -23, -11, 843, -106;
-5, 214, -28, -752, -62, -34, -20, 836, -112;
-5, 215, -28, -748, -67, -37, -20, 839, -110;
-8, 212, -30, -762, -92, -50, -31, 829, -119;
-8, 213, -30, -759, -99, -54, -32, 831, -118;
-4, 217, -26, -731, -82, -46, -17, 847, -102;
-7, 214, -28, -746, -107, -60, -30, 838, -112;
-6, 216, -27, -732, -104, -59, -24, 845, -105;
-4, 219, -24, -717, -99, -57, -18, 854, -96;
-10, 213, -30, -749, -143, -79, -41, 833, -118;
-6, 218, -25, -718, -123, -70, -25, 851, -100;
-10, 215, -28, -736, -152, -86, -40, 839, -113;
-3, 222, -21, -686, -114, -67, -13, 869, -83;
-13, 213, -30, -742, -181, -101, -51, 833, -120;
-4, 223, -21, -681, -133, -77, -17, 869, -84;
-7, 220, -23, -693, -156, -90, -28, 861, -93;
-10, 218, -26, -705, -181, -103, -40, 851, -103;
-5, 224, -20, -667, -155, -90, -20, 874, -81;
-13, 216, -28, -710, -210, -119, -51, 846, -110;
-13, 217, -28, -706, -219, -124, -53, 846, -110;
-8, 223, -22, -665, -190, -110, -32, 870, -87;
-14, 217, -27, -695, -233, -132, -55, 849, -108;
-9, 223, -22, -657, -208, -120, -36, 871, -87;
-17, 216, -29, -699, -263, -148, -67, 843, -116;
-10, 223, -22, -650, -227, -131, -41, 871, -89;
-18, 216, -29, -689, -279, -157, -70, 845, -116;
-11, 223, -23, -642, -246, -141, -46, 872, -90;
-13, 222, -24, -645, -261, -150, -53, 868, -94;
-14, 223, -24, -640, -269, -154, -54, 870, -94;
-19, 218, -29, -667, -310, -175, -76, 850, -114;
-19, 218, -29, -659, -316, -179, -77, 853, -113;
-12, 226, -21, -604, -275, -159, -48, 884, -83;
-16, 224, -24, -618, -303, -173, -62, 873, -95;
-18, 221, -26, -627, -325, -185, -73, 865, -104;
-16, 225, -23, -600, -313, -179, -62, 879, -91;
-20, 222, -27, -617, -343, -195, -79, 866, -105;
-17, 225, -23, -589, -330, -189, -67, 880, -92;
-23, 220, -29, -617, -371, -210, -90, 860, -113;
-21, 222, -27, -600, -368, -209, -85, 868, -107;
-22, 223, -27, -593, -376, -213, -87, 869, -107;
-14, 231, -19, -535, -333, -192, -57, 902, -75;
-21, 225, -25, -566, -377, -215, -82, 880, -98;
-21, 225, -25, -560, -386, -220, -85, 880, -100;
-18, 230, -21, -527, -368, -211, -71, 897, -83;
-25, 223, -28, -562, -417, -236, -98, 873, -109;
-18, 231, -20, -507, -376, -216, -71, 904, -80;
-19, 231, -21, -504, -388, -223, -75, 902, -83;
-19, 231, -21, -496, -394, -226, -77, 904, -83;
-19, 232, -20, -483, -396, -228, -75, 908, -80;
-21, 231, -22, -485, -413, -236, -83, 904, -86;
-26, 227, -26, -504, -446, -254, -101, 888, -103;
-28, 226, -28, -509, -466, -264, -111, 882, -111;
-24, 230, -24, -474, -446, -254, -96, 899, -94;
-26, 230, -25, -471, -457, -260, -101, 898, -98;
-27, 229, -26, -471, -473, -268, -108, 894, -103;
-22, 235, -20, -425, -441, -253, -87, 918, -80;
-23, 234, -21, -423, -454, -260, -92, 916, -84;
-22, 237, -19, -403, -449, -258, -87, 924, -77;
-30, 229, -28, -445, -505, -286, -120, 894, -109;
-21, 239, -18, -375, -449, -259, -83, 934, -71;
-23, 238, -19, -376, -465, -267, -91, 929, -77;
-28, 233, -24, -398, -501, -285, -112, 912, -96;
-23, 240, -19, -352, -470, -270, -91, 936, -74;
-31, 232, -27, -393, -526, -298, -123, 907, -105;
-23, 241, -18, -328, -475, -273, -90, 943, -70;
-26, 239, -20, -336, -498, -285, -102, 933, -81;
-29, 237, -23, -343, -520, -296, -114, 925, -92;
-23, 243, -17, -295, -486, -280, -91, 950, -68;
-28, 239, -22, -317, -522, -298, -112, 933, -87;
-32, 236, -25, -327, -546, -310, -126, 922, -100;
-25, 244, -18, -271, -505, -290, -99, 952, -72;
-28, 242, -21, -278, -526, -301, -110, 943, -82;
-26, 244, -18, -252, -514, -295, -102, 955, -72;
-33, 238, -25, -285, -561, -319, -130, 930, -99;
-34, 238, -25, -278, -568, -322, -132, 930, -101;
-24, 248, -16, -209, -513, -295, -97, 968, -64;
-25, 248, -16, -201, -519, -298, -100, 969, -66;
-25, 249, -16, -189, -521, -299, -100, 971, -65;
-28, 246, -19, -197, -542, -310, -112, 962, -76;
-31, 245, -21, -200, -558, -318, -121, 956, -84;
-31, 245, -21, -188, -560, -319, -121, 959, -83;
-30, 247, -20, -171, -557, -318, -118, 964, -79;
-31, 247, -20, -164, -563, -321, -121, 964, -81;
-28, 250, -18, -135, -547, -314, -111, 977, -70;
-33, 246, -22, -155, -580, -330, -130, 960, -89;
-32, 248, -21, -136, -574, -327, -126, 967, -83;
-30, 251, -18, -109, -560, -320, -117, 979, -73;
-35, 246, -23, -129, -593, -337, -136, 962, -92;
-32, 250, -20, -99, -576, -328, -125, 976, -80;
-35, 247, -24, -110, -600, -340, -140, 964, -94;
-34, 249, -22, -91, -593, -337, -135, 971, -89;
-28, 255, -16, -43, -557, -319, -112, 997, -65;
-29, 255, -17, -35, -562, -322, -115, 996, -67;
-27, 258, -14, -7, -545, -313, -105, 1009, -56;
-31, 255, -18, -21, -571, -326, -121, 996, -72;
-32, 254, -20, -21, -583, -332, -128, 991, -79;
-32, 255, -19, -7, -581, -331, -127, 995, -76;
-35, 253, -22, -11, -597, -339, -136, 987, -86;
-31, 257, -17, 24, -571, -326, -121, 1005, -69;
-27, 262, -14, 58, -549, -315, -107, 1021, -55;
-32, 258, -18, 41, -577, -329, -124, 1006, -72;
-26, 263, -13, 85, -544, -312, -104, 1029, -51;
-31, 260, -17, 70, -570, -325, -121, 1015, -67;
-26, 265, -12, 110, -540, -311, -103, 1035, -49;
-30, 262, -16, 99, -562, -321, -117, 1023, -63;
-33, 259, -19, 88, -583, -332, -130, 1011, -76;
-30, 263, -16, 121, -560, -320, -117, 1027, -62;
-26, 267, -12, 153, -538, -309, -104, 1042, -49;
-32, 261, -18, 124, -577, -328, -128, 1020, -73;
-35, 259, -21, 120, -591, -335, -137, 1012, -82;
-33, 262, -18, 145, -575, -327, -129, 1023, -73;
-26, 269, -12, 197, -532, -306, -103, 1051, -47;
-28, 268, -13, 197, -541, -310, -109, 1046, -53;
-34, 262, -20, 165, -582, -330, -136, 1022, -80;
-28, 269, -13, 216, -539, -309, -110, 1049, -54;
-26, 271, -12, 237, -528, -303, -104, 1057, -47;
-28, 269, -14, 234, -538, -308, -112, 1051, -55;
-30, 268, -15, 234, -547, -312, -118, 1046, -62;
-29, 269, -15, 247, -542, -309, -116, 1050, -60;
-25, 273, -11, 283, -513, -295, -100, 1068, -43;
-31, 268, -16, 259, -545, -310, -121, 1048, -64;
-27, 273, -12, 292, -520, -297, -106, 1064, -50;
-31, 269, -17, 275, -543, -309, -122, 1050, -66;
-27, 273, -13, 310, -516, -295, -107, 1067, -51;
-28, 273, -13, 316, -517, -295, -109, 1066, -53;
-23, 278, -8, 356, -483, -278, -89, 1087, -33;
-29, 272, -15, 325, -521, -297, -115, 1063, -59;
-27, 275, -13, 347, -505, -288, -106, 1072, -51;
-29, 273, -15, 341, -516, -294, -115, 1064, -60;
-28, 275, -13, 360, -503, -287, -109, 1072, -54;
-30, 273, -16, 355, -513, -292, -117, 1065, -62;
-23, 279, -9, 404, -470, -270, -92, 1091, -38;
-29, 274, -15, 375, -504, -286, -115, 1069, -61;
-27, 276, -13, 395, -489, -278, -108, 1077, -54;
-22, 281, -8, 436, -453, -260, -87, 1099, -34;
-20, 283, -7, 455, -438, -252, -80, 1107, -27;
-29, 275, -16, 407, -490, -278, -115, 1073, -62;
-24, 280, -11, 444, -456, -261, -96, 1093, -44;
-23, 281, -10, 460, -444, -254, -91, 1099, -39;
-21, 283, -8, 478, -430, -247, -84, 1106, -33;
-29, 276, -16, 439, -473, -268, -113, 1078, -62;
-19, 285, -6, 503, -411, -236, -77, 1114, -27;
-21, 284, -8, 501, -416, -238, -83, 1109, -33;
-23, 282, -10, 497, -423, -242, -90, 1103, -40;
-18, 287, -5, 534, -388, -224, -70, 1122, -22;
-19, 286, -7, 531, -394, -226, -76, 1117, -28;
-23, 283, -11, 514, -412, -235, -90, 1103, -43;
-26, 280, -14, 502, -426, -241, -102, 1092, -55;
-25, 281, -13, 514, -415, -235, -97, 1097, -51;
-16, 289, -5, 571, -359, -207, -65, 1129, -20;
-23, 283, -11, 539, -393, -224, -89, 1105, -44;
-20, 286, -8, 562, -371, -212, -78, 1116, -34;
-19, 286, -8, 570, -363, -207, -76, 1119, -33;
-20, 286, -9, 569, -364, -208, -80, 1115, -37;
-15, 290, -5, 603, -331, -190, -62, 1133, -20;
-13, 292, -3, 621, -313, -181, -53, 1141, -12;
-20, 286, -9, 585, -348, -198, -79, 1116, -38;
-13, 292, -3, 629, -303, -175, -53, 1141, -14;
-22, 284, -12, 581, -351, -198, -86, 1108, -47;
-14, 292, -4, 635, -296, -170, -55, 1139, -17;
-14, 291, -4, 637, -292, -168, -56, 1138, -19;
-17, 289, -7, 623, -304, -173, -67, 1127, -30;
-11, 294, -2, 660, -266, -153, -46, 1147, -10;
-10, 295, -2, 669, -255, -148, -42, 1150, -8;
-12, 293, -3, 663, -259, -149, -48, 1144, -14;
-12, 293, -3, 667, -252, -145, -47, 1145, -14;
-17, 288, -9, 637, -280, -158, -67, 1123, -36;
-11, 293, -3, 676, -238, -137, -45, 1145, -14;
-17, 287, -10, 639, -272, -153, -69, 1120, -39;
-13, 291, -6, 667, -240, -137, -53, 1136, -24;
-11, 293, -4, 683, -221, -127, -44, 1144, -16;
-10, 294, -3, 693, -207, -119, -39, 1148, -12;
-8, 296, -1, 706, -191, -110, -32, 1154, -6;
-13, 290, -7, 674, -218, -123, -52, 1133, -28;
-12, 291, -6, 681, -206, -117, -49, 1136, -25;
-14, 289, -8, 673, -210, -118, -54, 1129, -32;
-6, 296, 0, 722, -156, -91, -25, 1158, -3;
-11, 291, -6, 690, -183, -103, -45, 1137, -24;
-8, 294, -2, 712, -155, -89, -31, 1149, -11;
-8, 293, -3, 708, -154, -88, -34, 1145, -15;
-11, 290, -6, 693, -164, -92, -43, 1134, -26;
-11, 289, -7, 688, -162, -91, -46, 1130, -29;
-8, 293, -4, 709, -135, -76, -32, 1142, -17;
-9, 292, -5, 705, -133, -75, -35, 1139, -21;
-7, 292, -4, 711, -120, -67, -30, 1142, -17;
-5, 295, -2, 727, -98, -56, -20, 1151, -8;
-7, 292, -4, 713, -105, -58, -28, 1141, -17;
-1, 297, 0, 746, -64, -38, -7, 1161, 2;
-1, 297, 0, 747, -55, -33, -5, 1161, 3;
-4, 294, -2, 725, -70, -39, -18, 1147, -10;
0, 298, 1, 750, -37, -22, -1, 1162, 5;
-4, 293, -2, 723, -56, -31, -16, 1145, -11;
-1, 295, 0, 738, -33, -19, -6, 1153, -1;
-1, 295, 0, 734, -29, -16, -7, 1151, -3;
-3, 292, -3, 718, -36, -19, -15, 1141, -13;
-3, 293, -2, 721, -24, -13, -11, 1143, -10;
0, 295, 0, 735, -2, -1, -1, 1151, -1;
3, 298, 3, 756, 28, 14, 13, 1164, 12;
3, 298, 2, 753, 34, 18, 13, 1162, 11;
4, 298, 3, 755, 45, 24, 17, 1164, 13;
0, 294, 0, 728, 28, 16, 3, 1148, -1;
6, 299, 4, 760, 69, 38, 25, 1167, 19;
1, 293, 0, 723, 43, 25, 4, 1145, -1;
7, 299, 5, 756, 85, 47, 27, 1166, 19;
7, 298, 4, 751, 91, 50, 27, 1163, 18;
3, 294, 1, 726, 77, 44, 14, 1149, 4;
0, 290, -2, 701, 62, 37, 2, 1134, -8;
9, 298, 6, 751, 123, 68, 36, 1165, 24;
6, 295, 3, 728, 111, 63, 25, 1152, 12;
5, 293, 1, 715, 109, 63, 20, 1145, 6;
6, 294, 2, 720, 125, 71, 27, 1149, 11;
7, 294, 2, 716, 133, 76, 28, 1148, 11;
4, 290, 0, 691, 120, 70, 16, 1134, -1;
5, 291, 0, 692, 132, 77, 20, 1135, 1;
9, 294, 4, 714, 165, 94, 37, 1150, 17;
9, 293, 3, 704, 167, 96, 35, 1145, 14;
11, 295, 5, 711, 187, 106, 43, 1151, 21;
14, 298, 8, 727, 215, 120, 57, 1162, 34;
9, 291, 2, 683, 184, 105, 35, 1137, 11;
8, 290, 1, 671, 184, 106, 31, 1131, 6;
7, 288, 0, 661, 186, 108, 29, 1126, 3;
12, 292, 5, 682, 220, 125, 47, 1141, 20;
14, 294, 7, 692, 242, 137, 57, 1149, 30;
15, 295, 8, 691, 255, 144, 62, 1151, 33;
18, 297, 10, 699, 276, 155, 72, 1158, 42;
13, 291, 5, 661, 251, 143, 53, 1136, 22;
16, 293, 8, 671, 274, 156, 64, 1145, 32;
10, 286, 1, 623, 240, 139, 39, 1117, 7;
18, 294, 10, 669, 299, 169, 73, 1148, 39;
20, 295, 11, 671, 314, 177, 79, 1151, 45;
15, 289, 6, 632, 289, 165, 60, 1130, 25;
18, 291, 8, 639, 310, 176, 70, 1136, 34;
13, 286, 4, 604, 288, 166, 54, 1117, 16;
14, 286, 4, 598, 296, 170, 55, 1116, 17;
21, 292, 11, 635, 348, 197, 84, 1142, 45;
20, 290, 9, 616, 342, 195, 78, 1133, 38;
13, 283, 3, 567, 307, 177, 53, 1105, 13;
13, 282, 3, 559, 313, 181, 54, 1103, 13;
24, 292, 13, 614, 383, 216, 94, 1140, 52;
18, 286, 7, 571, 354, 202, 73, 1116, 31;
24, 290, 13, 594, 391, 222, 94, 1133, 50;
15, 281, 4, 533, 344, 199, 62, 1099, 18;
15, 280, 4, 522, 348, 201, 61, 1095, 17;
21, 286, 10, 550, 390, 223, 85, 1116, 39;
17, 280, 5, 511, 366, 211, 67, 1095, 21;
23, 286, 11, 539, 409, 233, 91, 1115, 44;
19, 281, 7, 504, 388, 223, 75, 1097, 28;
21, 283, 9, 509, 407, 233, 85, 1103, 37;
26, 286, 13, 525, 438, 249, 101, 1117, 53;
24, 284, 12, 506, 433, 247, 96, 1108, 47;
22, 281, 9, 482, 425, 243, 88, 1097, 38;
25, 283, 13, 492, 449, 255, 101, 1107, 50;
23, 280, 10, 465, 437, 250, 91, 1094, 40;
25, 281, 11, 464, 451, 257, 97, 1097, 46;
25, 280, 11, 453, 455, 259, 97, 1094, 45;
28, 283, 15, 464, 480, 272, 111, 1105, 58;
21, 275, 7, 409, 439, 253, 83, 1074, 31;
29, 282, 15, 447, 493, 280, 114, 1102, 61;
21, 274, 8, 389, 449, 258, 85, 1070, 32;
26, 278, 12, 407, 481, 275, 103, 1085, 49;
22, 273, 8, 370, 459, 264, 87, 1066, 33;
27, 277, 13, 389, 493, 281, 106, 1082, 52;
27, 276, 13, 377, 495, 283, 106, 1079, 51;
26, 275, 12, 362, 495, 283, 104, 1073, 49;
26, 273, 11, 346, 494, 282, 101, 1068, 46;
26, 273, 12, 339, 501, 287, 104, 1068, 49;
27, 273, 13, 332, 508, 290, 107, 1067, 51;
23, 269, 9, 297, 487, 280, 92, 1050, 36;
26, 271, 12, 304, 509, 291, 104, 1059, 48;
25, 269, 11, 286, 505, 290, 100, 1052, 44;
30, 273, 15, 303, 536, 306, 118, 1067, 62;
25, 268, 11, 262, 510, 293, 100, 1046, 44;
34, 275, 19, 303, 564, 320, 133, 1075, 76;
31, 272, 16, 272, 548, 312, 121, 1061, 65;
27, 267, 13, 238, 528, 302, 108, 1044, 51;
28, 267, 13, 230, 534, 306, 110, 1044, 54;
33, 272, 19, 251, 569, 323, 131, 1062, 74;
30, 268, 16, 220, 552, 315, 119, 1047, 62;
34, 272, 20, 235, 581, 329, 136, 1061, 79;
26, 263, 12, 171, 530, 304, 103, 1026, 47;
33, 268, 18, 200, 572, 325, 128, 1048, 72;
34, 269, 19, 195, 581, 330, 133, 1050, 77;
34, 268, 19, 183, 582, 331, 133, 1047, 77;
32, 266, 18, 163, 575, 328, 128, 1039, 73;
34, 267, 20, 163, 588, 334, 135, 1044, 80;
30, 262, 16, 124, 563, 322, 119, 1025, 64;
31, 262, 17, 115, 566, 323, 120, 1024, 66;
32, 263, 18, 114, 578, 329, 127, 1027, 73;
27, 258, 14, 72, 549, 315, 108, 1006, 54;
28, 257, 14, 61, 551, 316, 109, 1004, 56;
28, 257, 15, 53, 555, 318, 111, 1004, 58;
33, 261, 20, 72, 586, 334, 130, 1021, 78;
26, 254, 13, 18, 544, 313, 104, 992, 52;
35, 262, 22, 61, 599, 340, 138, 1023, 87;
35, 261, 22, 48, 598, 340, 137, 1020, 86;
27, 253, 14, -12, 549, 315, 107, 987, 56;
36, 261, 23, 31, 605, 343, 141, 1019, 91;
35, 259, 22, 11, 596, 339, 136, 1012, 87;
35, 259, 23, 5, 601, 341, 139, 1012, 90;
29, 252, 16, -47, 560, 321, 114, 985, 66;
27, 250, 15, -67, 551, 316, 108, 977, 61;
29, 251, 17, -70, 559, 320, 114, 980, 67;
33, 254, 21, -57, 583, 332, 129, 993, 83;
35, 256, 24, -51, 599, 340, 139, 1001, 93;
33, 253, 21, -79, 581, 331, 129, 988, 84;
26, 246, 15, -130, 541, 311, 104, 962, 60;
35, 254, 24, -88, 593, 337, 137, 992, 93;
25, 244, 14, -158, 533, 307, 100, 954, 58;
35, 254, 25, -106, 595, 338, 140, 991, 98;
26, 244, 16, -175, 535, 308, 103, 952, 62;
29, 246, 18, -170, 550, 315, 113, 960, 73;
25, 242, 15, -201, 528, 304, 100, 946, 61;
25, 241, 15, -215, 523, 301, 98, 942, 60;
27, 243, 18, -211, 536, 307, 107, 949, 70;
34, 249, 24, -180, 576, 327, 133, 972, 97;
26, 241, 17, -240, 525, 301, 102, 940, 67;
30, 244, 21, -225, 547, 312, 117, 954, 83;
27, 241, 19, -251, 530, 304, 108, 942, 75;
31, 245, 23, -237, 552, 314, 122, 956, 91;
27, 240, 19, -274, 522, 299, 105, 937, 75;
26, 238, 18, -290, 514, 295, 101, 931, 72;
32, 244, 24, -262, 550, 312, 125, 953, 97;
30, 242, 23, -281, 538, 306, 119, 946, 92;
33, 244, 26, -275, 550, 312, 128, 954, 102;
33, 244, 26, -283, 549, 311, 129, 953, 104;
25, 236, 19, -339, 500, 287, 100, 923, 77;
26, 237, 20, -344, 501, 287, 103, 924, 81;
25, 235, 20, -358, 493, 282, 99, 919, 78;
25, 235, 20, -367, 490, 281, 99, 918, 79;
23, 233, 18, -389, 474, 272, 91, 909, 73;
27, 237, 23, -369, 499, 285, 108, 925, 92;
25, 234, 21, -391, 482, 276, 100, 916, 85;
24, 233, 20, -409, 470, 269, 94, 909, 80;
24, 232, 21, -417, 467, 267, 94, 908, 82;
22, 230, 19, -436, 452, 260, 87, 900, 76;
24, 232, 21, -434, 459, 263, 93, 905, 84;
21, 229, 19, -456, 441, 253, 84, 895, 76;
21, 229, 20, -462, 439, 252, 85, 896, 79;
19, 227, 18, -484, 420, 242, 76, 886, 71;
26, 233, 25, -448, 460, 262, 103, 912, 100;
27, 234, 27, -447, 464, 263, 108, 916, 106;
24, 231, 24, -473, 442, 252, 96, 904, 96;
22, 229, 23, -492, 425, 243, 89, 896, 90;
24, 231, 25, -488, 432, 246, 95, 901, 98;
24, 230, 25, -496, 426, 243, 94, 900, 98;
25, 231, 26, -496, 428, 243, 98, 903, 104;
17, 223, 19, -551, 376, 217, 68, 873, 75;
19, 225, 21, -544, 384, 220, 75, 880, 85;
22, 228, 24, -533, 396, 226, 86, 891, 97;
26, 232, 29, -513, 418, 236, 102, 907, 115;
25, 231, 29, -522, 410, 232, 100, 904, 114;
23, 229, 27, -544, 389, 221, 89, 894, 106;
23, 229, 27, -547, 386, 219, 91, 895, 109;
16, 223, 21, -593, 341, 196, 65, 869, 85;
20, 226, 25, -576, 358, 204, 79, 883, 100;
23, 230, 29, -558, 376, 212, 93, 897, 116;
17, 223, 24, -601, 332, 190, 69, 873, 94;
13, 220, 20, -630, 302, 175, 53, 858, 80;
18, 224, 25, -605, 327, 186, 71, 876, 100;
14, 220, 22, -633, 298, 171, 56, 861, 87;
18, 224, 26, -615, 315, 179, 70, 875, 102;
20, 227, 29, -603, 325, 184, 79, 885, 114;
17, 224, 26, -625, 301, 171, 67, 873, 103;
12, 219, 22, -657, 267, 154, 50, 856, 88;
14, 221, 24, -648, 274, 156, 57, 864, 97;
14, 221, 25, -653, 266, 152, 56, 863, 97;
10, 217, 21, -679, 238, 137, 41, 849, 85;
17, 224, 28, -641, 273, 154, 67, 875, 112;
8, 216, 20, -698, 213, 124, 32, 842, 80;
11, 219, 24, -679, 229, 131, 45, 856, 95;
16, 224, 29, -652, 252, 142, 63, 874, 114;
13, 221, 26, -675, 226, 128, 50, 862, 103;
7, 216, 21, -709, 187, 108, 30, 843, 85;
9, 217, 23, -700, 191, 110, 36, 850, 93;
12, 221, 27, -681, 207, 117, 49, 864, 108;
10, 219, 26, -695, 188, 107, 41, 856, 102;
11, 220, 27, -692, 185, 105, 43, 859, 106;
11, 221, 28, -688, 184, 104, 45, 863, 110;
8, 218, 25, -710, 157, 90, 32, 851, 99;
11, 221, 28, -693, 169, 95, 43, 863, 112;
9, 219, 27, -706, 150, 85, 35, 856, 106;
9, 220, 28, -703, 148, 83, 37, 860, 110;
8, 220, 28, -706, 138, 78, 34, 859, 109;
5, 216, 24, -730, 107, 62, 19, 844, 96;
3, 215, 23, -741, 90, 52, 12, 839, 90;
10, 222, 30, -696, 128, 71, 39, 868, 120;
10, 222, 31, -696, 121, 67, 39, 868, 121;
9, 222, 30, -699, 111, 61, 36, 867, 120;
4, 218, 26, -727, 76, 43, 18, 851, 104;
3, 217, 25, -734, 61, 35, 12, 847, 100;
6, 220, 29, -713, 74, 41, 24, 860, 114;
7, 222, 30, -705, 75, 40, 28, 866, 120;
1, 216, 25, -740, 31, 18, 4, 844, 99;
6, 222, 31, -704, 59, 31, 26, 867, 122;
-3, 212, 21, -768, -13, -5, -15, 827, 82;
-1, 215, 24, -748, -1, 0, -4, 840, 95;
-3, 214, 23, -756, -18, -9, -11, 835, 90;
4, 221, 30, -708, 20, 9, 16, 865, 120;
-2, 215, 24, -748, -29, -16, -10, 840, 94;
-4, 214, 23, -756, -46, -25, -17, 835, 89;
-5, 214, 23, -755, -55, -30, -19, 835, 90;
-6, 213, 22, -758, -67, -37, -23, 833, 87;
-5, 214, 23, -752, -72, -39, -22, 836, 90;
-4, 216, 24, -741, -70, -39, -18, 843, 96;
-6, 214, 23, -751, -91, -50, -27, 836, 89;
-5, 216, 24, -740, -90, -51, -23, 842, 95;
-5, 216, 24, -735, -96, -54, -23, 844, 97;
-9, 213, 21, -753, -124, -69, -37, 833, 85;
-4, 219, 27, -712, -95, -55, -15, 857, 108;
-10, 214, 22, -746, -140, -78, -39, 835, 86;
-4, 220, 28, -705, -110, -64, -17, 860, 110;
-3, 221, 29, -694, -110, -65, -14, 865, 115;
-3, 222, 29, -690, -118, -69, -15, 867, 116;
-11, 214, 22, -734, -174, -97, -46, 838, 86;
-4, 223, 30, -680, -132, -77, -16, 870, 118;
-4, 223, 30, -676, -139, -81, -18, 871, 118;
-5, 223, 30, -672, -148, -86, -19, 872, 118;
-6, 223, 29, -674, -162, -94, -24, 870, 115;
-7, 223, 29, -671, -171, -99, -27, 870, 114;
-10, 220, 26, -687, -199, -114, -41, 858, 102;
-11, 219, 25, -688, -213, -121, -46, 856, 98;
-7, 225, 30, -650, -188, -109, -27, 878, 119;
-12, 220, 25, -679, -230, -131, -49, 858, 98;
-9, 224, 29, -650, -214, -123, -36, 874, 113;
-18, 215, 20, -698, -275, -155, -71, 842, 80;
-11, 223, 27, -647, -237, -136, -44, 872, 108;
-16, 218, 22, -673, -276, -156, -65, 853, 89;
-11, 224, 28, -632, -249, -143, -45, 876, 111;
-17, 220, 23, -658, -288, -164, -66, 858, 91;
-19, 218, 21, -664, -308, -174, -75, 852, 83;
-15, 222, 25, -634, -292, -166, -62, 868, 98;
-12, 227, 29, -602, -273, -158, -47, 886, 114;
-18, 221, 23, -634, -319, -181, -72, 863, 90;
-16, 224, 25, -610, -309, -177, -63, 875, 101;
-15, 226, 27, -593, -306, -176, -58, 883, 107;
-13, 229, 29, -573, -299, -173, -51, 893, 116;
-16, 226, 26, -586, -326, -187, -65, 882, 103;
-22, 221, 20, -614, -368, -209, -88, 862, 81;
-18, 226, 25, -577, -345, -198, -71, 882, 100;
-17, 228, 27, -559, -342, -197, -66, 890, 106;
-22, 224, 22, -582, -379, -215, -86, 873, 87;
-19, 227, 25, -554, -365, -209, -75, 887, 99;
-25, 222, 19, -582, -408, -231, -99, 867, 77;
-17, 231, 28, -522, -363, -209, -67, 901, 109;
-25, 223, 20, -562, -417, -236, -99, 873, 79;
-17, 232, 28, -502, -372, -214, -68, 907, 111;
-23, 227, 23, -526, -410, -234, -89, 888, 90;
-22, 228, 23, -514, -413, -236, -88, 892, 93;
-25, 226, 21, -523, -436, -248, -100, 883, 82;
-20, 233, 26, -477, -405, -232, -78, 909, 105;
-26, 227, 21, -503, -446, -253, -101, 888, 82;
-21, 233, 26, -464, -421, -241, -83, 910, 101;
-29, 226, 18, -501, -473, -268, -113, 883, 72;
-23, 232, 24, -454, -441, -252, -91, 908, 96;
-29, 227, 18, -482, -484, -274, -115, 887, 72;
-23, 234, 24, -435, -451, -258, -93, 912, 95;
-24, 234, 24, -428, -459, -262, -95, 913, 93;
-27, 232, 21, -433, -478, -272, -105, 906, 84;
-27, 233, 21, -421, -481, -274, -105, 909, 85;
-23, 237, 25, -390, -464, -266, -93, 925, 98;
-22, 239, 27, -367, -456, -263, -86, 935, 106;
-31, 230, 17, -417, -521, -295, -124, 899, 68;
-25, 238, 24, -365, -484, -277, -99, 928, 94;
-26, 237, 23, -361, -494, -282, -103, 926, 90;
-27, 237, 22, -354, -502, -287, -106, 926, 88;
-32, 233, 17, -374, -535, -304, -126, 910, 69;
-28, 238, 22, -336, -512, -292, -109, 929, 86;
-28, 239, 22, -324, -515, -294, -109, 932, 86;
-31, 236, 18, -333, -538, -306, -122, 922, 73;
-25, 243, 25, -283, -502, -288, -98, 949, 98;
-24, 244, 25, -267, -501, -288, -96, 955, 101;
-30, 240, 20, -291, -538, -307, -118, 936, 79;
-25, 245, 25, -247, -509, -293, -99, 958, 99;
-29, 242, 20, -264, -540, -308, -116, 943, 81;
-32, 240, 18, -268, -558, -317, -126, 936, 72;
-27, 246, 23, -223, -527, -302, -106, 960, 92;
-32, 241, 18, -243, -561, -319, -126, 942, 72;
-25, 249, 25, -187, -518, -298, -98, 973, 100;
-34, 241, 16, -231, -576, -327, -133, 941, 65;
-31, 244, 19, -203, -562, -320, -123, 954, 75;
-31, 245, 19, -188, -560, -320, -121, 958, 77;
-35, 242, 16, -200, -586, -332, -136, 946, 62;
-32, 245, 18, -173, -572, -326, -127, 958, 71;
-30, 248, 20, -150, -563, -321, -120, 968, 78;
-32, 247, 18, -149, -574, -327, -127, 964, 71;
-28, 252, 22, -110, -548, -314, -110, 983, 88;
-33, 247, 16, -133, -584, -332, -132, 964, 66;
-29, 252, 21, -93, -557, -319, -114, 984, 83;
-26, 256, 24, -62, -538, -310, -102, 999, 95;
-26, 256, 23, -52, -541, -311, -103, 1000, 93;
-32, 251, 17, -79, -581, -331, -128, 979, 68;
-26, 257, 23, -29, -543, -312, -104, 1005, 92;
-31, 254, 19, -45, -571, -326, -121, 990, 74;
-33, 252, 16, -48, -587, -334, -130, 984, 65;
-32, 253, 17, -33, -583, -332, -128, 988, 66;
-33, 253, 16, -24, -586, -334, -130, 989, 64;
-34, 253, 15, -17, -591, -336, -133, 988, 60;
-33, 255, 16, 0, -584, -333, -129, 995, 64;
-30, 258, 18, 26, -569, -325, -120, 1007, 73;
-34, 254, 14, 13, -594, -338, -135, 993, 57;
-35, 255, 14, 22, -596, -339, -136, 994, 54;
-36, 254, 12, 27, -602, -342, -140, 993, 50;
-30, 260, 17, 71, -568, -325, -120, 1015, 70;
-35, 256, 12, 51, -599, -340, -139, 998, 49;
-29, 262, 18, 102, -559, -320, -115, 1025, 73;
-33, 259, 14, 86, -585, -333, -131, 1010, 56;
-30, 262, 17, 117, -564, -322, -119, 1025, 67;
-33, 260, 13, 108, -583, -332, -132, 1014, 53;
-34, 260, 13, 117, -584, -332, -133, 1015, 51;
-35, 259, 11, 119, -591, -335, -138, 1012, 45;
-31, 264, 15, 155, -564, -322, -122, 1030, 60;
-33, 262, 13, 153, -576, -328, -130, 1024, 51;
-26, 270, 20, 210, -528, -303, -101, 1054, 79;
-25, 271, 20, 221, -526, -302, -101, 1057, 78;
-34, 263, 11, 179, -577, -327, -133, 1026, 44;
-29, 267, 15, 217, -548, -313, -116, 1045, 60;
-33, 264, 11, 205, -567, -322, -130, 1033, 46;
-28, 270, 16, 245, -536, -306, -111, 1053, 63;
-28, 270, 15, 254, -535, -306, -112, 1054, 61;
-26, 272, 17, 276, -521, -299, -104, 1063, 67;
-31, 268, 12, 257, -547, -311, -122, 1047, 48;
-33, 266, 10, 254, -558, -316, -130, 1041, 39;
-30, 270, 12, 281, -538, -306, -119, 1053, 48;
-26, 274, 16, 317, -509, -291, -102, 1071, 63;
-24, 277, 18, 340, -492, -283, -93, 1081, 71;
-26, 275, 15, 334, -505, -289, -103, 1073, 60;
-30, 271, 11, 319, -527, -300, -118, 1059, 43;
-31, 271, 9, 322, -529, -301, -122, 1057, 38;
-25, 277, 15, 366, -491, -281, -100, 1080, 58;
-30, 272, 9, 343, -520, -295, -119, 1062, 37;
-22, 280, 16, 400, -468, -269, -89, 1093, 66;
-26, 277, 12, 386, -488, -279, -103, 1080, 50;
-22, 281, 16, 421, -457, -263, -86, 1098, 65;
-24, 279, 14, 416, -468, -268, -95, 1091, 55;
-21, 282, 16, 440, -449, -258, -85, 1101, 63;
-21, 283, 16, 450, -443, -255, -83, 1104, 63;
-21, 282, 15, 455, -441, -254, -85, 1103, 60;
-29, 275, 7, 415, -486, -275, -114, 1074, 28;
-22, 282, 13, 464, -441, -252, -88, 1101, 52;
-26, 279, 9, 451, -457, -260, -101, 1089, 38;
-23, 281, 11, 472, -439, -251, -92, 1098, 44;
-28, 277, 6, 451, -464, -263, -110, 1081, 25;
-20, 285, 13, 505, -412, -236, -80, 1112, 53;
-18, 287, 15, 524, -396, -228, -73, 1120, 58;
-25, 281, 8, 491, -432, -245, -97, 1096, 31;
-17, 288, 15, 544, -380, -219, -68, 1125, 59;
-25, 280, 6, 498, -428, -243, -100, 1093, 24;
-24, 281, 6, 511, -417, -237, -96, 1098, 27;
-16, 289, 14, 566, -364, -210, -66, 1129, 55;
-25, 280, 4, 516, -415, -235, -100, 1094, 18;
-16, 290, 13, 581, -351, -202, -63, 1132, 53;
-15, 291, 14, 592, -341, -197, -59, 1135, 54;
-22, 284, 6, 554, -379, -215, -86, 1109, 26;
-23, 283, 5, 554, -380, -215, -89, 1106, 20;
-17, 288, 9, 591, -343, -196, -69, 1126, 38;
-22, 284, 4, 567, -366, -207, -87, 1108, 18;
-15, 290, 10, 612, -321, -184, -61, 1133, 41;
-17, 288, 7, 604, -329, -188, -70, 1125, 31;
-15, 291, 10, 625, -307, -176, -59, 1136, 39;
-20, 286, 4, 597, -333, -189, -78, 1116, 17;
-19, 286, 4, 605, -324, -184, -76, 1118, 17;
-13, 292, 9, 646, -282, -162, -53, 1141, 38;
-18, 288, 4, 621, -305, -173, -70, 1123, 18;
-18, 287, 3, 620, -304, -172, -73, 1119, 13;
-18, 287, 2, 623, -298, -169, -72, 1119, 11;
-15, 290, 5, 648, -272, -155, -59, 1132, 22;
-12, 293, 8, 669, -248, -142, -48, 1143, 31;
-9, 296, 10, 691, -223, -129, -35, 1155, 40;
-17, 288, 1, 644, -267, -151, -66, 1123, 7;
-11, 293, 6, 678, -230, -131, -46, 1143, 25;
-7, 296, 9, 705, -199, -115, -30, 1158, 38;
-16, 288, 1, 656, -244, -138, -62, 1125, 4;
-12, 291, 3, 677, -220, -125, -50, 1136, 13;
-11, 292, 4, 688, -204, -116, -44, 1141, 17;
-9, 294, 5, 700, -187, -107, -37, 1148, 21;
-14, 289, 0, 672, -211, -119, -55, 1128, 0;
-14, 289, 0, 672, -206, -115, -55, 1127, -2;
-5, 297, 7, 729, -144, -84, -20, 1161, 30;
-7, 294, 4, 714, -154, -88, -30, 1150, 17;
-4, 298, 7, 737, -125, -73, -16, 1163, 29;
-7, 294, 3, 715, -141, -81, -29, 1148, 13;
-4, 297, 5, 734, -117, -68, -18, 1159, 22;
-11, 290, -1, 693, -152, -84, -43, 1132, -5;
-5, 295, 3, 726, -111, -64, -21, 1152, 13;
-6, 294, 1, 720, -111, -63, -25, 1147, 6;
-8, 291, -1, 705, -120, -67, -34, 1137, -4;
-9, 290, -2, 699, -119, -65, -37, 1132, -10;
-4, 295, 2, 732, -78, -45, -16, 1152, 8;
0, 299, 5, 756, -47, -28, 0, 1166, 21;
0, 299, 5, 758, -37, -23, 2, 1167, 21;
-4, 293, 0, 721, -66, -37, -19, 1144, -3;
0, 298, 4, 756, -23, -15, 3, 1165, 17;
-5, 292, -2, 715, -56, -30, -20, 1139, -9;
-6, 290, -4, 706, -57, -30, -24, 1133, -16;
-1, 294, 0, 731, -23, -13, -7, 1149, -1;
-2, 293, -1, 726, -20, -10, -9, 1145, -6;
1, 296, 1, 745, 7, 3, 4, 1157, 4;
-2, 292, -3, 716, -11, -5, -11, 1139, -13;
1, 295, 0, 739, 19, 11, 4, 1153, 0;
-3, 290, -5, 704, -5, 0, -14, 1132, -22;
1, 294, -1, 731, 30, 18, 4, 1149, -6;
-1, 291, -5, 708, 18, 12, -7, 1135, -20;
0, 292, -3, 718, 38, 22, 1, 1142, -14;
2, 294, -2, 727, 56, 32, 9, 1148, -9;
5, 296, 0, 741, 81, 46, 21, 1157, 0;
4, 295, -1, 731, 82, 46, 17, 1152, -6;
7, 297, 0, 742, 103, 58, 27, 1159, 0;
6, 296, -1, 733, 105, 59, 25, 1154, -4;
9, 298, 0, 745, 128, 71, 35, 1163, 3;
1, 289, -7, 690, 84, 50, 5, 1130, -30;
7, 295, -2, 723, 129, 73, 29, 1151, -8;
9, 296, 0, 731, 148, 83, 37, 1157, -3;
7, 294, -3, 712, 140, 80, 29, 1146, -14;
8, 294, -3, 712, 152, 86, 32, 1147, -13;
8, 293, -3, 706, 158, 90, 33, 1145, -15;
5, 290, -7, 683, 146, 85, 22, 1132, -28;
6, 290, -7, 679, 155, 90, 24, 1131, -29;
6, 289, -8, 673, 161, 93, 24, 1129, -32;
12, 294, -2, 703, 204, 115, 47, 1150, -11;
6, 288, -8, 663, 175, 102, 26, 1126, -34;
15, 296, -1, 709, 235, 132, 59, 1156, -4;
9, 289, -7, 664, 202, 117, 36, 1130, -30;
9, 289, -7, 660, 211, 121, 38, 1130, -30;
10, 289, -8, 656, 220, 126, 40, 1129, -31;
13, 292, -5, 670, 247, 141, 53, 1140, -20;
16, 294, -3, 678, 268, 152, 63, 1147, -13;
11, 288, -9, 637, 240, 138, 42, 1123, -36;
18, 294, -2, 675, 292, 165, 72, 1149, -9;
13, 288, -8, 634, 264, 151, 51, 1126, -32;
16, 290, -6, 643, 287, 163, 62, 1134, -24;
13, 287, -9, 618, 275, 158, 52, 1121, -37;
11, 284, -12, 596, 267, 154, 43, 1110, -48;
19, 292, -4, 642, 326, 185, 77, 1141, -16;
14, 286, -10, 598, 296, 170, 55, 1116, -40;
13, 284, -11, 585, 297, 171, 53, 1111, -45;
17, 287, -8, 600, 326, 186, 68, 1122, -32;
19, 288, -7, 601, 341, 195, 74, 1126, -28;
18, 287, -8, 587, 342, 195, 71, 1120, -33;
24, 292, -3, 613, 382, 216, 93, 1139, -14;
14, 282, -13, 545, 328, 190, 57, 1100, -52;
18, 285, -9, 561, 358, 205, 73, 1113, -38;
19, 285, -9, 555, 367, 210, 76, 1113, -38;
25, 290, -4, 581, 407, 230, 98, 1132, -18;
23, 287, -7, 560, 400, 227, 91, 1122, -27;
19, 282, -11, 524, 379, 217, 75, 1103, -45;
21, 283, -10, 525, 394, 226, 82, 1107, -40;
21, 283, -10, 517, 401, 229, 83, 1105, -41;
21, 283, -10, 509, 408, 233, 85, 1104, -42;
18, 278, -15, 474, 388, 223, 70, 1085, -59;
19, 279, -14, 472, 400, 230, 75, 1088, -55;
28, 286, -6, 516, 458, 260, 109, 1118, -24;
27, 285, -7, 499, 457, 259, 105, 1112, -29;
23, 280, -11, 466, 437, 250, 91, 1094, -46;
21, 277, -14, 440, 426, 245, 82, 1082, -57;
27, 282, -9, 467, 468, 266, 106, 1103, -35;
21, 276, -14, 422, 438, 252, 85, 1079, -58;
23, 277, -13, 423, 454, 260, 92, 1083, -52;
23, 276, -14, 408, 453, 260, 90, 1078, -56;
28, 280, -10, 427, 487, 277, 109, 1094, -39;
21, 273, -16, 377, 451, 260, 85, 1066, -65;
22, 273, -16, 371, 460, 264, 88, 1066, -64;
21, 271, -17, 353, 457, 263, 84, 1060, -69;
28, 278, -11, 387, 505, 288, 112, 1085, -43;
23, 272, -16, 344, 477, 274, 93, 1062, -63;
29, 277, -10, 370, 517, 294, 116, 1082, -42;
22, 269, -18, 313, 474, 273, 88, 1051, -72;
30, 276, -11, 350, 527, 300, 118, 1079, -43;
28, 274, -13, 329, 520, 296, 112, 1070, -50;
31, 275, -11, 331, 536, 305, 121, 1076, -43;
25, 269, -17, 281, 501, 288, 98, 1049, -68;
31, 274, -11, 310, 544, 309, 123, 1071, -44;
32, 274, -11, 301, 549, 312, 125, 1070, -44;
24, 266, -18, 245, 507, 291, 97, 1039, -73;
27, 268, -16, 252, 528, 302, 109, 1048, -63;
24, 264, -20, 217, 507, 292, 95, 1031, -78;
33, 273, -11, 263, 567, 322, 131, 1064, -43;
28, 266, -17, 217, 535, 306, 109, 1040, -66;
29, 267, -16, 212, 543, 311, 114, 1042, -63;
25, 262, -20, 178, 523, 300, 100, 1025, -78;
27, 264, -18, 177, 536, 307, 107, 1029, -72;
32, 268, -14, 195, 567, 323, 125, 1045, -55;
26, 261, -20, 147, 533, 306, 103, 1020, -78;
25, 260, -21, 131, 530, 305, 100, 1014, -82;
34, 267, -12, 172, 584, 332, 133, 1045, -50;
28, 261, -18, 125, 550, 315, 112, 1020, -72;
31, 263, -16, 129, 567, 324, 122, 1027, -63;
32, 263, -15, 124, 575, 328, 126, 1029, -60;
28, 259, -19, 87, 551, 316, 110, 1011, -76;
29, 259, -18, 83, 559, 320, 115, 1013, -73;
28, 258, -19, 66, 556, 318, 112, 1007, -76;
28, 257, -20, 51, 553, 317, 110, 1003, -79;
33, 262, -15, 73, 587, 334, 131, 1021, -59;
31, 258, -17, 47, 573, 327, 122, 1010, -69;
26, 253, -22, 7, 545, 313, 105, 990, -87;
34, 261, -14, 44, 594, 338, 135, 1017, -57;
36, 261, -13, 40, 603, 342, 140, 1020, -53;
27, 252, -22, -22, 550, 316, 108, 985, -86;
29, 253, -20, -26, 559, 320, 113, 988, -81;
27, 251, -22, -45, 550, 316, 108, 981, -87;
30, 253, -19, -39, 568, 325, 119, 989, -76;
35, 258, -14, -19, 599, 340, 138, 1007, -57;
36, 258, -14, -26, 603, 342, 141, 1007, -55;
28, 250, -21, -83, 556, 319, 112, 976, -84;
34, 255, -15, -57, 593, 337, 136, 997, -61;
27, 247, -23, -115, 546, 313, 106, 966, -90;
31, 250, -19, -104, 567, 324, 120, 978, -77;
28, 247, -22, -130, 551, 316, 111, 966, -86;
28, 247, -22, -142, 549, 314, 110, 963, -87;
29, 247, -21, -146, 555, 318, 115, 966, -83;
35, 253, -15, -117, 593, 336, 139, 988, -59;
34, 251, -16, -136, 584, 332, 134, 981, -64;
33, 249, -17, -155, 574, 327, 129, 974, -69;
34, 250, -17, -160, 578, 328, 132, 976, -66;
35, 250, -15, -164, 583, 331, 136, 978, -62;
27, 243, -23, -220, 536, 307, 108, 948, -90;
31, 246, -19, -205, 560, 319, 124, 962, -74;
27, 241, -23, -244, 529, 303, 106, 942, -92;
30, 244, -20, -235, 546, 311, 117, 952, -80;
27, 241, -23, -261, 528, 302, 107, 941, -90;
26, 240, -24, -276, 520, 298, 104, 936, -93;
32, 244, -18, -252, 552, 314, 125, 955, -72;
33, 245, -17, -256, 556, 316, 129, 957, -68;
33, 245, -16, -260, 558, 316, 132, 959, -65;
29, 241, -20, -295, 530, 302, 116, 941, -80;
30, 241, -20, -302, 530, 302, 117, 942, -78;
28, 239, -21, -321, 518, 295, 111, 934, -84;
25, 236, -24, -350, 495, 284, 99, 921, -96;
25, 235, -24, -361, 491, 281, 98, 918, -97;
29, 239, -20, -343, 515, 293, 114, 933, -80;
29, 239, -19, -348, 515, 293, 116, 934, -77;
26, 235, -23, -379, 489, 280, 102, 919, -90;
21, 230, -27, -417, 457, 263, 84, 900, -108;
22, 231, -26, -418, 460, 265, 88, 903, -104;
27, 235, -21, -398, 486, 277, 106, 920, -85;
20, 229, -28, -446, 442, 255, 81, 894, -110;
22, 230, -26, -444, 448, 257, 87, 899, -103;
21, 229, -26, -456, 440, 253, 84, 895, -105;
27, 235, -21, -429, 472, 268, 106, 916, -82;
26, 234, -21, -440, 465, 265, 104, 913, -84;
21, 229, -26, -477, 431, 247, 85, 894, -101;
22, 229, -25, -480, 432, 247, 88, 896, -98;
22, 229, -25, -488, 426, 244, 87, 894, -98;
24, 231, -23, -482, 435, 248, 94, 901, -89;
18, 225, -28, -523, 397, 229, 73, 880, -109;
23, 230, -23, -501, 421, 240, 91, 897, -91;
24, 231, -21, -499, 425, 242, 96, 902, -85;
24, 231, -21, -504, 422, 240, 97, 902, -83;
25, 231, -20, -509, 419, 238, 97, 902, -81;
24, 230, -21, -518, 411, 234, 95, 900, -82;
19, 225, -26, -556, 374, 214, 75, 879, -102;
16, 222, -29, -581, 350, 202, 63, 867, -113;
20, 226, -24, -560, 373, 213, 79, 884, -95;
14, 221, -29, -600, 334, 193, 58, 862, -115;
24, 230, -20, -546, 387, 219, 94, 898, -78;
15, 222, -28, -603, 330, 190, 61, 866, -109;
22, 228, -21, -566, 367, 208, 87, 892, -82;
23, 229, -19, -566, 367, 208, 90, 895, -77;
15, 221, -27, -622, 311, 179, 58, 863, -108;
16, 223, -25, -614, 318, 182, 66, 870, -100;
12, 219, -29, -644, 286, 165, 49, 854, -115;
12, 219, -28, -647, 283, 163, 50, 855, -112;
18, 224, -23, -618, 310, 176, 70, 876, -91;
20, 227, -20, -607, 319, 180, 79, 885, -81;
20, 226, -20, -611, 313, 176, 78, 885, -80;
16, 223, -23, -637, 285, 162, 64, 871, -93;
12, 219, -27, -664, 256, 147, 49, 857, -106;
16, 223, -23, -643, 274, 155, 64, 872, -90;
10, 218, -28, -680, 234, 135, 42, 851, -110;
8, 216, -30, -697, 214, 124, 33, 842, -118;
12, 220, -25, -672, 235, 134, 50, 860, -99;
9, 217, -28, -695, 209, 121, 37, 848, -111;
8, 217, -28, -700, 200, 115, 34, 846, -111;
9, 218, -27, -696, 200, 115, 38, 851, -106;
9, 218, -27, -699, 193, 111, 37, 851, -106;
9, 218, -26, -699, 188, 108, 37, 852, -103;
8, 218, -27, -705, 178, 102, 34, 850, -105;
12, 221, -23, -684, 193, 109, 48, 864, -90;
4, 214, -30, -733, 140, 82, 18, 836, -118;
13, 223, -21, -679, 188, 105, 51, 871, -83;
8, 218, -25, -710, 152, 86, 32, 853, -100;
12, 223, -21, -683, 173, 96, 49, 870, -82;
7, 218, -25, -715, 135, 77, 29, 852, -100;
4, 215, -28, -736, 108, 63, 16, 840, -111;
10, 221, -22, -698, 139, 78, 39, 864, -86;
1, 213, -30, -751, 81, 48, 6, 833, -117;
7, 220, -23, -712, 113, 63, 30, 858, -92;
3, 216, -27, -738, 80, 46, 13, 843, -107;
5, 218, -25, -723, 87, 49, 21, 852, -97;
0, 213, -30, -757, 46, 28, 0, 832, -117;
6, 220, -22, -712, 83, 46, 26, 860, -88;
5, 219, -23, -719, 68, 38, 20, 856, -92;
-1, 213, -29, -757, 23, 14, -3, 834, -115;
3, 219, -24, -723, 48, 26, 15, 855, -94;
-3, 212, -30, -766, -2, 0, -12, 828, -120;
-2, 214, -29, -756, -1, 0, -8, 835, -114;
0, 217, -26, -738, 8, 4, 1, 846, -102;
1, 218, -25, -730, 6, 3, 4, 851, -97;
-3, 213, -29, -759, -31, -16, -15, 833, -115;
0, 218, -24, -726, -7, -4, 2, 853, -95;
-3, 214, -28, -751, -41, -22, -14, 838, -110;
-3, 215, -27, -746, -46, -25, -13, 841, -108;
-5, 214, -29, -755, -64, -35, -21, 835, -114;
-3, 216, -26, -739, -59, -33, -14, 844, -104;
1, 222, -21, -703, -33, -21, 5, 866, -83;
-8, 213, -30, -760, -100, -55, -32, 830, -119;
-9, 212, -31, -762, -113, -62, -37, 828, -121;
-7, 215, -28, -742, -103, -58, -27, 840, -110;
-4, 218, -24, -719, -91, -52, -16, 853, -97;
-5, 217, -26, -724, -107, -61, -22, 849, -101;
-7, 217, -26, -726, -120, -68, -27, 847, -104;
-8, 216, -27, -730, -136, -77, -33, 843, -108;
-11, 214, -29, -740, -157, -88, -43, 836, -115;
-10, 215, -29, -734, -162, -91, -42, 839, -113;
-9, 217, -26, -717, -157, -89, -35, 848, -104;
-12, 214, -29, -732, -184, -103, -49, 838, -116;
-10, 217, -27, -714, -177, -101, -41, 848, -106;
-12, 216, -28, -716, -192, -108, -47, 845, -109;
-11, 218, -26, -703, -191, -108, -42, 852, -103;
-7, 222, -22, -672, -172, -100, -27, 869, -86;
-14, 216, -29, -710, -223, -126, -56, 844, -113;
-16, 214, -30, -718, -243, -137, -65, 837, -120;
-9, 223, -22, -663, -201, -116, -35, 869, -88;
-16, 216, -29, -702, -253, -143, -64, 843, -115;
-15, 218, -28, -688, -251, -142, -60, 850, -109;
-11, 222, -23, -655, -232, -133, -44, 869, -92;
-13, 221, -24, -659, -249, -142, -51, 864, -97;
-14, 220, -26, -661, -265, -151, -58, 860, -101;
-17, 219, -27, -667, -284, -161, -67, 854, -108;
-18, 218, -28, -669, -299, -169, -73, 851, -112;
-19, 218, -29, -666, -310, -175, -76, 851, -114;
-20, 217, -30, -666, -323, -182, -81, 848, -117;
-11, 227, -20, -598, -269, -156, -45, 888, -79;
-11, 228, -20, -592, -276, -160, -46, 889, -78;
-21, 219, -29, -641, -340, -192, -82, 856, -113;
-19, 222, -26, -619, -331, -188, -74, 867, -103;
-22, 220, -29, -630, -356, -201, -86, 858, -113;
-16, 226, -23, -587, -327, -187, -65, 882, -90;
-14, 229, -20, -564, -319, -184, -57, 893, -80;
-16, 227, -22, -566, -335, -192, -64, 889, -86;
-16, 228, -21, -557, -340, -195, -65, 892, -84;
-24, 221, -29, -596, -394, -223, -95, 864, -113;
-25, 221, -29, -592, -404, -228, -99, 864, -115;
-25, 222, -29, -582, -408, -231, -99, 867, -113;
-17, 230, -21, -525, -366, -210, -70, 899, -82;
-23, 226, -25, -547, -402, -229, -89, 882, -100;
-21, 228, -23, -527, -396, -226, -83, 891, -93;
-17, 233, -19, -489, -373, -215, -66, 911, -74;
-24, 227, -25, -523, -421, -240, -93, 887, -99;
-25, 226, -26, -523, -436, -248, -100, 884, -104;
-27, 226, -27, -521, -449, -254, -105, 881, -108;
-26, 227, -26, -507, -449, -255, -103, 886, -105;
-23, 230, -23, -479, -436, -249, -93, 900, -92;
-23, 231, -23, -466, -438, -250, -92, 904, -90;
-29, 227, -28, -491, -477, -270, -114, 885, -110;
-22, 235, -20, -434, -436, -250, -85, 917, -80;
-22, 235, -20, -425, -441, -253, -86, 919, -80;
-20, 238, -18, -402, -433, -249, -79, 929, -71;
-29, 230, -26, -447, -492, -280, -114, 897, -105;
-29, 230, -26, -436, -496, -282, -115, 900, -103;
-23, 237, -20, -386, -461, -264, -90, 927, -78;
-30, 231, -26, -418, -507, -288, -117, 903, -103;
-30, 231, -26, -410, -514, -292, -120, 904, -104;
-25, 237, -21, -366, -485, -277, -99, 927, -83;
-28, 235, -24, -375, -508, -290, -112, 917, -94;
-26, 238, -21, -350, -497, -284, -103, 929, -84;
-24, 241, -19, -325, -487, -280, -96, 940, -75;
-22, 243, -17, -302, -478, -275, -88, 950, -66;
-28, 238, -22, -327, -518, -296, -111, 930, -88;
-23, 244, -17, -285, -490, -282, -92, 952, -68;
-31, 237, -24, -318, -538, -306, -121, 927, -95;
-31, 238, -24, -307, -540, -308, -121, 930, -94;
-28, 242, -21, -277, -525, -300, -110, 944, -82;
-26, 244, -19, -256, -518, -297, -104, 953, -74;
-27, 244, -19, -251, -527, -301, -108, 951, -77;
-33, 239, -25, -273, -563, -320, -129, 933, -98;
-33, 240, -24, -260, -563, -320, -128, 937, -96;
-27, 246, -18, -213, -531, -304, -107, 961, -73;
-31, 243, -22, -226, -558, -318, -123, 948, -88;
-28, 247, -18, -193, -538, -308, -109, 965, -73;
-26, 249, -16, -170, -529, -304, -103, 974, -66;
-35, 241, -25, -214, -586, -332, -137, 942, -99;
-30, 246, -20, -174, -560, -319, -120, 962, -81;
-34, 243, -24, -187, -586, -333, -136, 949, -96;
-34, 244, -23, -172, -584, -332, -134, 954, -93;
-25, 254, -15, -106, -532, -306, -100, 990, -59;
-28, 251, -17, -112, -551, -316, -111, 982, -69;
-34, 246, -23, -138, -589, -335, -135, 961, -91;
-33, 248, -21, -117, -581, -331, -129, 970, -85;
-31, 251, -19, -93, -570, -325, -121, 980, -77;
-36, 246, -24, -113, -602, -342, -141, 963, -96;
-34, 249, -22, -91, -593, -337, -135, 971, -89;
-36, 248, -24, -89, -603, -342, -141, 968, -94;
-35, 249, -23, -73, -599, -340, -138, 973, -91;
-34, 251, -22, -54, -593, -337, -134, 980, -86;
-34, 251, -22, -44, -594, -338, -135, 982, -86;
-30, 257, -17, -3, -565, -323, -117, 1002, -67;
-32, 255, -19, -7, -581, -331, -126, 995, -76;
-34, 253, -21, -10, -595, -338, -135, 988, -85;
-32, 256, -19, 14, -581, -331, -127, 999, -76;
-34, 254, -21, 11, -596, -338, -136, 992, -84;
-26, 263, -13, 73, -545, -313, -105, 1026, -52;
-30, 260, -16, 62, -567, -324, -119, 1014, -66;
-36, 254, -22, 37, -603, -342, -141, 994, -88;
-34, 257, -20, 63, -588, -334, -132, 1005, -79;
-29, 262, -16, 99, -562, -321, -116, 1023, -63;
-26, 266, -12, 132, -539, -310, -103, 1039, -49;
-29, 263, -15, 122, -559, -320, -116, 1028, -61;
-29, 264, -15, 133, -558, -319, -116, 1030, -61;
-28, 266, -13, 155, -545, -313, -109, 1039, -54;
-29, 265, -15, 156, -555, -317, -115, 1035, -60;
-32, 262, -18, 148, -572, -326, -127, 1025, -71;
-26, 269, -12, 196, -534, -306, -104, 1050, -48;
-34, 262, -20, 158, -581, -330, -134, 1022, -78;
-33, 263, -19, 172, -575, -327, -131, 1026, -75;
-24, 272, -10, 237, -518, -298, -97, 1062, -41;
-35, 262, -20, 184, -580, -329, -137, 1024, -80;
-31, 266, -16, 218, -555, -316, -122, 1041, -65;
-27, 271, -13, 250, -530, -304, -108, 1056, -51;
-27, 271, -12, 262, -527, -302, -107, 1059, -50;
-26, 273, -11, 279, -517, -297, -102, 1065, -46;
-32, 267, -18, 247, -557, -316, -128, 1041, -72;
-32, 267, -18, 257, -554, -315, -128, 1043, -72;
-31, 268, -17, 274, -545, -310, -124, 1048, -67;
-28, 272, -14, 303, -523, -298, -111, 1062, -55;
-32, 269, -17, 290, -542, -308, -125, 1050, -69;
-32, 269, -17, 299, -540, -307, -125, 1051, -69;
-23, 278, -9, 359, -486, -279, -93, 1084, -37;
-26, 275, -12, 350, -502, -287, -104, 1074, -49;
-26, 275, -12, 359, -498, -285, -104, 1076, -49;
-25, 277, -11, 373, -490, -280, -101, 1080, -46;
-28, 275, -13, 369, -500, -285, -109, 1073, -54;
-27, 276, -13, 380, -493, -281, -107, 1077, -52;
-23, 280, -9, 414, -464, -267, -91, 1094, -36;
-23, 280, -9, 422, -462, -265, -91, 1094, -37;
-29, 275, -15, 394, -494, -281, -113, 1073, -60;
-24, 279, -11, 430, -463, -265, -96, 1091, -43;
-26, 278, -12, 426, -470, -268, -103, 1085, -50;
-20, 284, -6, 473, -428, -246, -78, 1110, -26;
-24, 281, -10, 456, -448, -256, -93, 1096, -42;
-20, 285, -7, 486, -422, -243, -79, 1111, -28;
-28, 276, -15, 440, -471, -267, -112, 1079, -61;
-28, 277, -15, 450, -465, -263, -110, 1081, -60;
-20, 284, -8, 503, -414, -237, -81, 1111, -31;
-22, 283, -9, 501, -419, -240, -87, 1105, -38;
-19, 286, -7, 523, -400, -229, -77, 1116, -29;
-24, 281, -12, 499, -426, -242, -96, 1097, -48;
-18, 287, -6, 545, -381, -219, -71, 1123, -24;
-23, 283, -11, 520, -408, -232, -90, 1104, -43;
-21, 284, -9, 536, -393, -224, -84, 1110, -38;
-22, 284, -10, 537, -394, -224, -87, 1107, -42;
-22, 283, -11, 539, -392, -223, -89, 1106, -44;
-19, 287, -8, 566, -367, -210, -76, 1119, -31;
-20, 285, -9, 564, -369, -211, -80, 1115, -37;
-22, 284, -11, 560, -374, -212, -86, 1109, -43;
-23, 283, -12, 556, -377, -213, -91, 1104, -49;
-21, 285, -10, 575, -359, -204, -82, 1113, -41;
-18, 287, -8, 593, -340, -194, -73, 1121, -33;
-16, 290, -6, 614, -318, -182, -63, 1132, -23;
-15, 290, -5, 620, -311, -178, -62, 1133, -23;
-20, 286, -10, 598, -333, -189, -78, 1116, -40;
-14, 291, -4, 638, -292, -167, -55, 1138, -18;
-18, 287, -9, 615, -313, -178, -72, 1121, -36;
-11, 294, -2, 662, -264, -153, -45, 1148, -9;
-15, 290, -6, 643, -281, -161, -58, 1134, -24;
-10, 295, -1, 678, -244, -141, -39, 1153, -5;
-17, 287, -9, 632, -288, -163, -69, 1122, -36;
-12, 292, -4, 665, -251, -144, -50, 1141, -18;
-10, 294, -3, 680, -234, -135, -42, 1148, -11;
-12, 292, -4, 673, -237, -136, -48, 1142, -18;
-8, 296, -1, 697, -210, -122, -34, 1155, -5;
-14, 290, -6, 667, -237, -135, -54, 1134, -26;
-9, 294, -2, 694, -206, -118, -38, 1149, -11;
-15, 288, -8, 661, -235, -133, -60, 1126, -34;
-10, 293, -4, 690, -202, -115, -42, 1143, -17;
-13, 290, -7, 676, -212, -119, -52, 1132, -28;
-12, 291, -6, 686, -197, -112, -46, 1137, -24;
-10, 292, -4, 695, -182, -104, -41, 1141, -19;
-13, 290, -7, 681, -192, -108, -50, 1131, -29;
-9, 293, -3, 706, -162, -92, -35, 1145, -15;
-10, 291, -5, 696, -166, -94, -41, 1138, -23;
-10, 291, -6, 694, -162, -91, -42, 1135, -25;
-2, 299, 1, 748, -102, -60, -9, 1168, 7;
-3, 297, 0, 738, -106, -62, -15, 1160, 0;
-7, 293, -3, 714, -123, -70, -29, 1145, -14;
-6, 294, -2, 721, -110, -62, -24, 1148, -11;
-6, 293, -3, 717, -107, -60, -26, 1145, -14;
-4, 295, -1, 729, -88, -50, -18, 1151, -7;
-3, 296, 0, 738, -72, -41, -11, 1156, -1;
-4, 294, -2, 729, -74, -42, -16, 1150, -7;
-5, 293, -3, 718, -77, -43, -22, 1142, -14;
-7, 290, -5, 704, -83, -45, -29, 1133, -23;
2, 300, 4, 767, -12, -9, 10, 1172, 16;
-4, 293, -2, 722, -49, -27, -15, 1144, -11;
0, 297, 1, 749, -14, -9, 2, 1160, 5;
-3, 292, -3, 719, -35, -19, -14, 1141, -12;
1, 297, 2, 751, 4, 1, 6, 1161, 7;
-4, 290, -4, 708, -29, -14, -18, 1134, -18;
2, 297, 2, 751, 23, 12, 10, 1161, 9;
3, 297, 2, 750, 31, 16, 12, 1161, 9;
4, 298, 3, 756, 46, 25, 18, 1164, 14;
-2, 291, -3, 709, 9, 7, -9, 1135, -13;
7, 300, 6, 767, 77, 41, 29, 1172, 23;
2, 294, 0, 730, 50, 29, 9, 1149, 2;
4, 296, 2, 741, 70, 39, 18, 1156, 10;
7, 298, 5, 753, 93, 51, 28, 1164, 19;
6, 296, 3, 741, 91, 51, 23, 1158, 13;
2, 292, 0, 711, 72, 42, 8, 1140, -2;
0, 290, -2, 697, 69, 41, 3, 1132, -9;
6, 295, 2, 725, 108, 62, 23, 1150, 10;
8, 297, 5, 738, 132, 74, 34, 1159, 20;
6, 294, 3, 720, 126, 71, 27, 1149, 11;
7, 294, 2, 716, 133, 76, 28, 1148, 11;
7, 294, 3, 712, 140, 80, 29, 1147, 11;
8, 294, 3, 713, 152, 87, 33, 1148, 14;
11, 296, 6, 723, 175, 99, 43, 1156, 23;
7, 292, 2, 696, 159, 91, 30, 1140, 9;
6, 290, 0, 682, 157, 91, 25, 1133, 3;
7, 290, 1, 678, 166, 96, 27, 1132, 4;
13, 296, 7, 712, 212, 120, 52, 1155, 29;
10, 292, 3, 683, 196, 112, 39, 1139, 14;
8, 289, 1, 663, 189, 109, 31, 1128, 5;
15, 296, 8, 705, 243, 137, 61, 1156, 34;
10, 290, 3, 666, 216, 124, 41, 1133, 13;
12, 292, 5, 671, 235, 134, 50, 1139, 21;
12, 291, 5, 663, 240, 137, 49, 1135, 19;
15, 293, 7, 671, 261, 148, 59, 1142, 28;
10, 287, 2, 634, 238, 137, 41, 1122, 9;
13, 289, 5, 645, 261, 150, 53, 1130, 20;
14, 290, 5, 642, 272, 156, 56, 1131, 23;
14, 289, 5, 633, 277, 159, 56, 1128, 21;
15, 289, 6, 631, 288, 165, 59, 1129, 24;
21, 294, 11, 659, 330, 186, 82, 1149, 46;
17, 289, 7, 625, 309, 176, 67, 1130, 30;
12, 284, 2, 585, 283, 164, 47, 1108, 9;
17, 289, 7, 611, 324, 185, 69, 1127, 30;
14, 284, 4, 581, 307, 177, 56, 1111, 17;
16, 286, 6, 584, 324, 186, 64, 1116, 23;
18, 287, 8, 590, 345, 197, 73, 1122, 32;
19, 287, 8, 585, 354, 202, 76, 1122, 34;
20, 287, 9, 580, 363, 207, 79, 1122, 36;
17, 283, 5, 549, 347, 199, 66, 1106, 22;
23, 288, 11, 577, 389, 221, 89, 1126, 45;
20, 285, 8, 550, 376, 215, 79, 1113, 34;
25, 289, 13, 573, 413, 234, 99, 1130, 53;
24, 287, 12, 554, 409, 232, 94, 1121, 48;
24, 286, 12, 543, 413, 235, 93, 1118, 47;
20, 282, 8, 512, 396, 227, 80, 1102, 33;
18, 279, 6, 487, 386, 222, 71, 1090, 23;
27, 288, 15, 536, 449, 254, 108, 1124, 59;
23, 282, 10, 496, 424, 242, 90, 1102, 41;
24, 283, 12, 496, 439, 250, 97, 1106, 47;
25, 283, 12, 491, 448, 255, 100, 1106, 50;
26, 284, 13, 487, 459, 261, 104, 1108, 54;
25, 281, 12, 466, 453, 258, 98, 1099, 47;
20, 276, 7, 424, 425, 245, 79, 1076, 27;
26, 281, 13, 453, 469, 267, 104, 1098, 52;
23, 277, 10, 422, 453, 259, 92, 1083, 39;
25, 278, 11, 421, 466, 266, 98, 1086, 45;
23, 276, 10, 400, 460, 264, 92, 1077, 39;
26, 278, 12, 407, 482, 275, 103, 1085, 49;
28, 279, 14, 409, 498, 284, 112, 1090, 58;
25, 275, 11, 376, 480, 275, 98, 1074, 44;
27, 276, 13, 377, 496, 283, 106, 1079, 51;
30, 278, 16, 383, 516, 293, 117, 1087, 62;
29, 276, 14, 365, 512, 292, 113, 1079, 57;
27, 274, 12, 341, 503, 288, 106, 1069, 50;
30, 276, 16, 350, 526, 299, 118, 1078, 62;
29, 274, 15, 332, 523, 298, 115, 1072, 59;
24, 269, 10, 289, 494, 284, 95, 1049, 39;
26, 270, 11, 288, 508, 291, 102, 1053, 46;
30, 274, 16, 305, 539, 307, 120, 1068, 64;
31, 274, 17, 300, 547, 311, 124, 1069, 67;
28, 270, 14, 267, 529, 302, 111, 1053, 54;
28, 269, 13, 255, 531, 303, 110, 1050, 54;
24, 264, 10, 220, 510, 293, 96, 1033, 40;
31, 271, 17, 253, 557, 317, 124, 1058, 68;
28, 267, 14, 219, 537, 307, 111, 1041, 54;
30, 268, 15, 217, 548, 313, 117, 1045, 60;
25, 262, 10, 173, 519, 298, 97, 1022, 41;
29, 266, 15, 191, 550, 314, 115, 1038, 59;
31, 267, 17, 191, 563, 321, 123, 1042, 67;
28, 263, 13, 158, 543, 311, 110, 1026, 54;
26, 260, 11, 133, 532, 306, 102, 1016, 46;
25, 259, 11, 119, 531, 305, 100, 1012, 45;
26, 259, 12, 112, 537, 309, 104, 1012, 49;
36, 268, 21, 158, 597, 339, 140, 1046, 85;
29, 261, 15, 107, 558, 319, 115, 1018, 60;
34, 264, 20, 122, 586, 334, 132, 1033, 78;
33, 263, 19, 106, 583, 332, 130, 1028, 76;
26, 256, 13, 54, 543, 312, 105, 1000, 51;
30, 258, 16, 61, 563, 322, 117, 1009, 63;
35, 264, 22, 87, 601, 341, 140, 1030, 87;
33, 260, 19, 57, 583, 332, 128, 1016, 76;
31, 258, 17, 33, 572, 326, 121, 1006, 69;
26, 253, 13, -4, 546, 314, 105, 987, 53;
31, 257, 18, 12, 575, 328, 123, 1003, 72;
28, 253, 15, -16, 557, 319, 112, 989, 61;
33, 257, 20, -1, 584, 333, 128, 1004, 79;
31, 255, 19, -20, 576, 329, 123, 996, 74;
30, 254, 18, -37, 570, 326, 120, 991, 72;
26, 248, 14, -77, 541, 311, 102, 970, 54;
35, 257, 23, -28, 600, 341, 139, 1005, 92;
26, 247, 14, -100, 539, 310, 102, 966, 55;
30, 251, 19, -83, 567, 324, 119, 981, 74;
32, 252, 20, -84, 576, 329, 126, 985, 81;
29, 249, 17, -115, 556, 319, 114, 971, 70;
33, 252, 22, -99, 582, 331, 130, 985, 87;
28, 247, 17, -140, 551, 316, 112, 965, 69;
34, 252, 23, -114, 587, 334, 135, 986, 93;
34, 251, 23, -128, 582, 331, 132, 981, 92;
35, 252, 25, -130, 590, 335, 138, 985, 98;
26, 242, 16, -199, 530, 305, 101, 947, 63;
28, 244, 18, -197, 542, 310, 110, 953, 72;
31, 247, 22, -186, 561, 320, 123, 964, 86;
27, 242, 18, -221, 534, 306, 107, 947, 71;
25, 240, 16, -243, 521, 299, 100, 938, 65;
30, 244, 21, -225, 547, 312, 117, 954, 83;
30, 244, 22, -230, 550, 314, 120, 955, 87;
33, 246, 24, -227, 561, 319, 128, 961, 97;
27, 240, 19, -270, 526, 301, 108, 939, 77;
28, 240, 20, -278, 526, 301, 109, 939, 80;
33, 245, 25, -257, 555, 315, 128, 957, 100;
27, 239, 20, -299, 519, 297, 107, 934, 80;
23, 235, 17, -333, 493, 283, 92, 918, 67;
30, 242, 24, -299, 534, 304, 120, 944, 95;
23, 234, 17, -354, 485, 279, 91, 914, 67;
30, 241, 25, -317, 528, 300, 119, 941, 97;
25, 235, 20, -359, 492, 282, 99, 919, 78;
32, 242, 27, -325, 532, 302, 125, 945, 106;
27, 236, 22, -365, 498, 284, 106, 924, 88;
29, 238, 25, -360, 508, 289, 114, 931, 97;
29, 238, 25, -367, 507, 288, 115, 931, 100;
24, 232, 20, -410, 469, 269, 93, 908, 79;
22, 231, 19, -426, 458, 263, 88, 902, 76;
27, 236, 25, -401, 487, 277, 109, 922, 98;
28, 237, 26, -404, 489, 278, 112, 924, 102;
27, 235, 25, -421, 476, 271, 106, 917, 98;
27, 235, 25, -428, 473, 269, 106, 917, 100;
27, 234, 25, -437, 468, 266, 105, 915, 100;
24, 231, 23, -461, 447, 255, 95, 904, 91;
28, 235, 28, -442, 470, 266, 111, 919, 109;
28, 236, 28, -447, 468, 265, 112, 920, 112;
27, 234, 28, -461, 457, 259, 108, 915, 109;
27, 233, 27, -472, 448, 254, 105, 911, 108;
18, 225, 19, -531, 391, 225, 72, 878, 76;
23, 230, 25, -506, 419, 239, 92, 898, 98;
18, 225, 20, -544, 383, 220, 72, 877, 80;
22, 228, 24, -527, 401, 229, 86, 891, 96;
24, 230, 27, -519, 410, 233, 95, 899, 106;
25, 231, 28, -518, 413, 234, 99, 904, 112;
22, 228, 25, -544, 388, 221, 86, 891, 101;
18, 224, 22, -573, 360, 206, 71, 876, 88;
18, 224, 23, -578, 355, 204, 71, 876, 89;
23, 230, 29, -548, 386, 218, 93, 897, 113;
22, 228, 28, -561, 373, 211, 88, 892, 109;
17, 223, 23, -597, 336, 192, 68, 872, 91;
17, 223, 23, -602, 331, 189, 68, 872, 93;
22, 228, 29, -576, 357, 202, 87, 891, 114;
20, 226, 27, -595, 337, 191, 78, 882, 106;
21, 228, 29, -589, 342, 193, 84, 889, 114;
17, 223, 25, -619, 310, 177, 67, 872, 99;
17, 223, 26, -622, 305, 174, 67, 873, 101;
20, 226, 29, -607, 319, 180, 79, 885, 115;
13, 220, 23, -653, 271, 156, 52, 859, 90;
10, 217, 20, -675, 247, 143, 40, 847, 80;
13, 220, 24, -658, 261, 150, 53, 860, 94;
17, 225, 29, -634, 283, 160, 69, 878, 113;
12, 220, 24, -668, 246, 141, 49, 858, 95;
16, 223, 28, -650, 261, 147, 62, 872, 109;
14, 222, 27, -662, 245, 139, 56, 866, 105;
12, 219, 25, -679, 225, 128, 46, 857, 98;
14, 222, 28, -665, 236, 133, 57, 869, 110;
12, 220, 26, -680, 216, 123, 48, 861, 103;
15, 224, 30, -663, 229, 129, 60, 873, 117;
10, 219, 25, -692, 195, 111, 42, 856, 101;
12, 221, 27, -684, 199, 112, 47, 863, 108;
7, 217, 23, -714, 164, 95, 29, 846, 92;
11, 221, 28, -688, 185, 104, 46, 864, 111;
6, 216, 23, -725, 143, 82, 23, 842, 90;
3, 213, 21, -741, 121, 71, 13, 833, 82;
11, 221, 29, -693, 163, 92, 43, 865, 114;
11, 222, 30, -688, 162, 91, 46, 869, 119;
3, 214, 22, -742, 102, 60, 12, 836, 87;
8, 220, 28, -707, 131, 73, 33, 859, 110;
4, 216, 24, -732, 99, 57, 17, 844, 96;
8, 221, 29, -705, 120, 67, 34, 862, 114;
7, 220, 28, -712, 106, 59, 29, 859, 111;
2, 215, 23, -745, 65, 38, 7, 839, 92;
5, 218, 27, -723, 80, 45, 20, 853, 106;
3, 217, 26, -732, 63, 36, 13, 848, 102;
5, 219, 28, -719, 68, 38, 20, 856, 110;
0, 214, 23, -750, 29, 18, 0, 838, 92;
0, 215, 24, -749, 23, 14, 0, 839, 93;
1, 217, 26, -734, 29, 16, 7, 848, 103;
1, 217, 26, -732, 22, 12, 6, 850, 104;
-4, 212, 21, -766, -19, -9, -15, 829, 84;
1, 219, 28, -725, 12, 6, 7, 854, 109;
1, 219, 28, -723, 5, 2, 6, 856, 110;
0, 218, 27, -731, -12, -7, 0, 850, 105;
0, 218, 27, -730, -20, -12, -1, 851, 105;
2, 221, 30, -711, -10, -8, 7, 863, 117;
-1, 218, 27, -726, -36, -21, -4, 853, 107;
0, 220, 28, -717, -37, -22, -1, 858, 112;
0, 221, 30, -705, -35, -22, 3, 865, 118;
0, 222, 30, -702, -42, -26, 3, 866, 120;
-8, 213, 22, -753, -104, -58, -31, 833, 86;
-9, 212, 20, -760, -121, -67, -38, 829, 81;
-7, 215, 24, -739, -111, -62, -28, 841, 93;
-2, 221, 29, -704, -86, -51, -10, 862, 114;
-6, 217, 25, -724, -118, -67, -25, 849, 100;
-2, 222, 30, -689, -94, -56, -7, 869, 120;
-5, 220, 27, -706, -122, -70, -21, 858, 108;
-11, 214, 21, -739, -167, -94, -46, 836, 85;
-12, 213, 21, -740, -180, -100, -50, 834, 83;
-10, 217, 24, -716, -168, -95, -39, 848, 95;
-12, 215, 22, -725, -188, -106, -48, 841, 88;
-4, 223, 30, -671, -147, -86, -19, 873, 119;
-13, 215, 22, -718, -206, -116, -52, 842, 87;
-5, 224, 30, -664, -164, -96, -23, 874, 118;
-6, 223, 29, -664, -176, -102, -27, 873, 116;
-6, 224, 30, -654, -179, -104, -25, 877, 119;
-14, 217, 23, -695, -233, -132, -55, 850, 91;
-7, 225, 30, -646, -197, -114, -29, 878, 118;
-13, 219, 24, -677, -241, -137, -53, 857, 96;
-16, 217, 21, -689, -266, -150, -66, 847, 85;
-11, 223, 27, -649, -239, -137, -45, 870, 107;
-16, 219, 23, -672, -275, -156, -64, 854, 89;
-19, 216, 20, -683, -299, -169, -76, 845, 79;
-17, 219, 22, -663, -293, -166, -69, 855, 87;
-19, 218, 21, -667, -310, -175, -76, 850, 82;
-14, 224, 26, -626, -283, -162, -56, 873, 103;
-19, 220, 22, -645, -316, -179, -74, 859, 87;
-18, 221, 22, -636, -320, -182, -73, 862, 89;
-19, 221, 22, -629, -327, -186, -75, 864, 89;
-14, 227, 28, -589, -301, -173, -55, 886, 110;
-18, 223, 24, -607, -333, -190, -72, 872, 94;
-23, 219, 19, -629, -369, -208, -91, 856, 76;
-18, 225, 25, -584, -339, -194, -70, 880, 99;
-15, 229, 28, -557, -326, -188, -59, 894, 112;
-21, 223, 22, -587, -370, -210, -83, 873, 88;
-15, 230, 29, -538, -335, -193, -59, 900, 114;
-17, 229, 27, -544, -355, -204, -68, 894, 106;
-25, 221, 19, -584, -411, -232, -100, 865, 75;
-23, 224, 21, -563, -404, -229, -93, 875, 83;
-23, 225, 21, -553, -408, -232, -93, 878, 85;
-26, 223, 19, -559, -429, -243, -103, 871, 75;
-23, 227, 22, -529, -413, -235, -91, 887, 89;
-26, 225, 20, -536, -434, -246, -102, 879, 79;
-19, 233, 27, -481, -394, -227, -74, 909, 108;
-18, 234, 28, -468, -395, -228, -72, 914, 110;
-26, 227, 21, -504, -447, -254, -102, 888, 82;
-27, 227, 19, -503, -460, -261, -108, 885, 77;
-20, 235, 27, -444, -416, -239, -78, 918, 108;
-19, 236, 28, -430, -417, -240, -76, 923, 110;
-20, 236, 27, -426, -427, -246, -80, 922, 107;
-22, 235, 26, -426, -442, -253, -87, 918, 101;
-25, 233, 23, -431, -461, -264, -97, 911, 92;
-20, 238, 28, -393, -439, -253, -81, 930, 109;
-25, 234, 23, -413, -473, -270, -100, 914, 90;
-27, 233, 21, -412, -487, -277, -106, 911, 85;
-27, 233, 21, -404, -493, -281, -108, 912, 83;
-28, 234, 21, -393, -497, -283, -109, 914, 83;
-24, 238, 25, -360, -478, -274, -96, 931, 97;
-28, 235, 21, -373, -506, -288, -111, 919, 83;
-31, 233, 18, -379, -526, -299, -121, 911, 73;
-27, 238, 22, -345, -507, -289, -108, 928, 87;
-29, 237, 20, -344, -520, -296, -114, 924, 80;
-29, 237, 20, -333, -523, -298, -115, 927, 81;
-24, 243, 26, -287, -493, -283, -94, 951, 102;
-32, 236, 17, -329, -549, -311, -127, 920, 69;
-24, 245, 26, -263, -497, -286, -94, 957, 103;
-30, 240, 20, -289, -537, -306, -117, 937, 80;
-32, 238, 18, -291, -553, -314, -126, 931, 71;
-25, 246, 25, -238, -514, -295, -100, 959, 97;
-31, 240, 19, -264, -554, -315, -124, 939, 74;
-33, 239, 17, -264, -568, -323, -131, 934, 66;
-32, 241, 18, -247, -564, -321, -128, 940, 70;
-31, 243, 19, -223, -555, -316, -121, 950, 77;
-30, 245, 20, -206, -551, -315, -117, 956, 81;
-26, 249, 24, -174, -532, -305, -105, 972, 93;
-30, 246, 20, -181, -554, -316, -117, 962, 81;
-31, 246, 19, -179, -564, -322, -123, 960, 75;
-34, 244, 16, -182, -581, -330, -132, 953, 66;
-29, 249, 21, -143, -555, -317, -115, 972, 82;
-25, 254, 25, -106, -532, -306, -100, 990, 97;
-30, 249, 20, -126, -565, -322, -120, 973, 78;
-35, 245, 14, -146, -597, -339, -140, 956, 58;
-29, 252, 20, -96, -560, -321, -116, 982, 81;
-29, 252, 20, -85, -562, -321, -116, 985, 80;
-31, 251, 19, -82, -571, -326, -122, 982, 75;
-32, 251, 18, -74, -576, -329, -125, 982, 72;
-33, 250, 16, -73, -587, -334, -131, 978, 64;
-31, 254, 19, -44, -570, -326, -120, 991, 75;
-26, 258, 23, -7, -545, -313, -104, 1009, 90;
-35, 251, 14, -47, -597, -339, -137, 980, 58;
-26, 260, 23, 17, -544, -313, -104, 1015, 90;
-30, 257, 19, 7, -566, -324, -117, 1004, 76;
-27, 260, 22, 35, -549, -315, -107, 1017, 86;
-28, 260, 21, 41, -555, -318, -111, 1015, 82;
-36, 253, 13, 3, -604, -343, -141, 987, 50;
-33, 256, 15, 34, -584, -333, -129, 1002, 62;
-33, 257, 15, 42, -586, -334, -131, 1002, 59;
-36, 255, 12, 38, -602, -342, -141, 994, 49;
-33, 258, 15, 68, -582, -331, -129, 1009, 60;
-29, 262, 18, 101, -560, -320, -115, 1024, 72;
-36, 256, 12, 72, -599, -340, -140, 1001, 46;
-27, 266, 20, 137, -544, -312, -107, 1037, 79;
-33, 260, 14, 110, -581, -331, -130, 1016, 55;
-31, 262, 15, 131, -569, -325, -124, 1024, 61;
-32, 262, 15, 140, -570, -325, -125, 1025, 58;
-29, 265, 17, 166, -554, -317, -116, 1036, 67;
-30, 266, 16, 175, -554, -317, -117, 1037, 65;
-35, 261, 11, 152, -586, -332, -137, 1019, 43;
-25, 271, 20, 224, -523, -301, -99, 1058, 80;
-25, 272, 20, 235, -521, -300, -99, 1061, 79;
-28, 269, 17, 227, -537, -307, -110, 1051, 67;
-28, 269, 16, 233, -539, -308, -112, 1050, 63;
-28, 270, 16, 249, -532, -305, -109, 1055, 65;
-30, 268, 13, 241, -548, -312, -120, 1046, 53;
-33, 265, 10, 232, -564, -320, -131, 1036, 40;
-26, 273, 17, 289, -515, -296, -102, 1067, 68;
-25, 275, 18, 305, -506, -291, -98, 1073, 71;
-24, 276, 18, 321, -497, -286, -94, 1078, 73;
-29, 272, 13, 300, -525, -300, -113, 1061, 53;
-28, 272, 13, 313, -520, -297, -111, 1064, 54;
-23, 278, 18, 353, -486, -279, -91, 1085, 72;
-28, 274, 13, 334, -511, -292, -109, 1069, 52;
-27, 274, 13, 344, -507, -290, -108, 1070, 52;
-25, 277, 15, 369, -488, -280, -98, 1082, 60;
-27, 276, 13, 366, -497, -284, -105, 1076, 51;
-23, 280, 16, 399, -469, -270, -90, 1092, 65;
-21, 282, 17, 417, -456, -263, -84, 1099, 69;
-30, 272, 8, 367, -512, -290, -120, 1064, 31;
-22, 282, 16, 430, -453, -261, -86, 1099, 64;
-23, 280, 14, 427, -461, -264, -93, 1093, 55;
-25, 279, 12, 428, -465, -266, -97, 1090, 49;
-24, 280, 13, 442, -455, -261, -93, 1095, 51;
-29, 275, 7, 415, -486, -275, -114, 1074, 28;
-27, 277, 8, 432, -472, -268, -108, 1081, 32;
-19, 285, 15, 489, -419, -241, -77, 1113, 61;
-20, 284, 14, 491, -420, -242, -81, 1110, 56;
-25, 280, 9, 468, -446, -254, -99, 1092, 36;
-26, 279, 8, 470, -447, -254, -102, 1090, 31;
-23, 282, 10, 494, -426, -243, -91, 1101, 40;
-23, 282, 9, 500, -422, -241, -91, 1102, 37;
-26, 279, 6, 487, -438, -248, -104, 1090, 23;
-27, 279, 5, 490, -436, -247, -105, 1089, 19;
-20, 286, 11, 540, -388, -222, -78, 1116, 44;
-18, 287, 12, 555, -375, -215, -72, 1122, 48;
-25, 281, 5, 519, -412, -233, -98, 1096, 20;
-25, 281, 4, 525, -407, -230, -98, 1097, 18;
-19, 287, 10, 569, -364, -208, -74, 1121, 40;
-16, 289, 12, 588, -345, -198, -65, 1130, 47;
-22, 284, 5, 557, -377, -214, -87, 1107, 22;
-20, 286, 7, 574, -359, -204, -79, 1115, 28;
-16, 290, 10, 605, -328, -188, -63, 1132, 42;
-13, 292, 12, 625, -308, -178, -54, 1141, 49;
-15, 291, 10, 621, -311, -179, -59, 1136, 42;
-14, 291, 10, 628, -304, -175, -57, 1137, 41;
-12, 293, 11, 644, -287, -166, -49, 1145, 46;
-19, 287, 4, 608, -322, -183, -74, 1119, 19;
-21, 284, 2, 598, -330, -186, -82, 1111, 8;
-16, 289, 6, 633, -293, -167, -63, 1130, 26;
-18, 287, 3, 620, -304, -172, -73, 1120, 13;
-18, 287, 3, 626, -295, -167, -71, 1121, 13;
-12, 292, 8, 663, -257, -147, -50, 1142, 31;
-9, 295, 10, 685, -232, -134, -38, 1153, 41;
-15, 290, 4, 654, -260, -148, -58, 1132, 18;
-11, 293, 7, 679, -232, -133, -44, 1145, 29;
-15, 289, 3, 658, -250, -141, -59, 1130, 12;
-9, 295, 8, 694, -209, -121, -37, 1151, 31;
-13, 290, 3, 669, -231, -131, -54, 1133, 12;
-11, 293, 5, 686, -210, -120, -44, 1142, 19;
-14, 289, 1, 667, -224, -126, -57, 1129, 4;
-9, 294, 5, 701, -186, -107, -36, 1148, 22;
-11, 292, 3, 691, -192, -109, -43, 1140, 12;
-5, 297, 7, 726, -152, -89, -22, 1160, 31;
-5, 298, 8, 731, -142, -83, -19, 1162, 31;
-4, 298, 7, 735, -133, -78, -17, 1163, 31;
-5, 297, 6, 729, -133, -77, -21, 1158, 24;
-8, 293, 2, 707, -149, -85, -34, 1143, 8;
-7, 294, 2, 715, -136, -77, -29, 1147, 10;
-3, 297, 5, 738, -106, -62, -15, 1160, 22;
-10, 290, -1, 693, -145, -80, -42, 1131, -7;
-7, 293, 1, 716, -115, -65, -28, 1145, 4;
-6, 293, 0, 718, -106, -60, -25, 1145, 3;
-8, 291, -1, 704, -114, -63, -34, 1135, -7;
-5, 294, 1, 725, -86, -48, -20, 1148, 3;
-7, 291, -2, 708, -95, -52, -29, 1137, -8;
-2, 296, 2, 740, -56, -32, -9, 1156, 9;
1, 299, 5, 760, -27, -17, 4, 1168, 21;
-5, 292, -2, 715, -64, -35, -21, 1140, -8;
-1, 296, 1, 740, -32, -18, -5, 1154, 5;
-1, 295, 0, 735, -28, -16, -6, 1151, 1;
0, 295, 0, 737, -17, -10, -3, 1152, 1;
-4, 292, -3, 715, -31, -16, -15, 1138, -13;