-1, 307, 11, -10, 808, -7, -4, 1199, 46;
6, 313, 18, 72, 867, 32, 24, 1223, 70;
3, 309, 13, 55, 825, 4, 11, 1206, 53;
3, 308, 13, 74, 817, 0, 13, 1203, 51;
1, 305, 10, 70, 787, -18, 6, 1191, 39;
5, 307, 12, 115, 805, -4, 19, 1199, 47;
3, 304, 9, 110, 772, -25, 11, 1185, 35;
12, 312, 17, 212, 846, 26, 48, 1217, 67;
10, 308, 14, 207, 814, 7, 41, 1204, 55;
10, 307, 13, 220, 798, 0, 40, 1198, 50;
15, 311, 17, 284, 833, 26, 61, 1213, 67;
17, 311, 17, 308, 829, 26, 66, 1212, 67;
14, 306, 13, 296, 786, 2, 56, 1196, 52;
13, 304, 11, 305, 765, -6, 54, 1188, 46;
11, 301, 8, 298, 728, -26, 46, 1174, 34;
20, 308, 16, 392, 792, 20, 80, 1202, 63;
14, 300, 8, 343, 713, -27, 54, 1170, 33;
24, 308, 17, 452, 791, 30, 94, 1204, 69;
25, 308, 17, 475, 782, 30, 98, 1202, 69;
22, 304, 14, 463, 739, 7, 88, 1185, 55;
21, 300, 11, 458, 702, -10, 81, 1172, 44;
19, 297, 8, 452, 665, -28, 74, 1158, 33;
29, 305, 17, 557, 738, 27, 113, 1190, 68;
27, 302, 15, 558, 707, 14, 109, 1179, 59;
30, 303, 17, 596, 713, 25, 120, 1183, 66;
26, 297, 12, 570, 655, -5, 104, 1161, 47;
30, 299, 15, 616, 669, 12, 119, 1169, 58;
30, 298, 14, 630, 651, 8, 120, 1164, 56;
34, 300, 17, 673, 662, 24, 134, 1170, 66;
30, 294, 12, 646, 602, -5, 118, 1148, 47;
27, 290, 8, 631, 556, -27, 108, 1131, 33;
37, 297, 17, 728, 620, 25, 144, 1160, 66;
32, 291, 11, 695, 555, -8, 126, 1136, 45;
31, 288, 9, 691, 519, -22, 121, 1123, 36;
30, 285, 7, 693, 489, -32, 118, 1113, 30;
34, 288, 11, 742, 506, -10, 134, 1123, 44;
37, 289, 13, 778, 511, 3, 146, 1128, 53;
38, 288, 13, 796, 497, 5, 150, 1125, 54;
38, 286, 13, 803, 474, 0, 150, 1118, 51;
35, 281, 9, 782, 422, -22, 138, 1099, 36;
39, 283, 12, 823, 432, -4, 152, 1106, 48;
38, 281, 11, 827, 405, -10, 150, 1098, 44;
43, 284, 15, 881, 429, 17, 170, 1111, 61;
38, 278, 10, 840, 358, -18, 150, 1084, 39;
38, 275, 9, 842, 330, -24, 148, 1076, 35;
40, 277, 11, 874, 333, -10, 159, 1080, 44;
46, 281, 16, 936, 366, 23, 182, 1097, 65;
39, 272, 9, 872, 273, -25, 154, 1061, 35;
46, 277, 15, 943, 317, 16, 181, 1082, 61;
43, 273, 12, 920, 265, -4, 170, 1064, 48;
45, 273, 13, 939, 257, 2, 176, 1064, 52;
45, 271, 13, 944, 235, 1, 176, 1058, 51;
40, 265, 8, 903, 168, -30, 158, 1034, 32;
45, 268, 12, 950, 188, -3, 176, 1045, 48;
50, 272, 18, 1008, 220, 31, 198, 1062, 70;
47, 267, 14, 978, 165, 8, 185, 1043, 55;
49, 268, 16, 999, 162, 19, 193, 1045, 63;
46, 263, 13, 977, 115, 1, 182, 1029, 52;
46, 262, 13, 977, 92, 0, 182, 1022, 50;
46, 260, 12, 972, 64, -5, 179, 1014, 47;
42, 255, 8, 939, 9, -28, 165, 995, 33;
45, 257, 11, 970, 18, -8, 178, 1002, 45;
44, 254, 10, 956, -16, -17, 172, 991, 39;
51, 260, 17, 1028, 34, 30, 202, 1016, 69;
46, 253, 12, 977, -36, -3, 181, 989, 48;
45, 251, 11, 965, -68, -11, 176, 980, 44;
42, 247, 9, 942, -109, -25, 167, 966, 35;
44, 248, 11, 958, -111, -12, 174, 969, 43;
42, 245, 9, 936, -150, -24, 166, 956, 35;
50, 252, 17, 1011, -92, 27, 198, 983, 68;
49, 250, 16, 999, -120, 22, 194, 975, 64;
45, 245, 12, 958, -176, -1, 178, 955, 49;
48, 247, 16, 986, -163, 20, 190, 964, 63;
45, 242, 13, 948, -214, 0, 176, 946, 50;
41, 238, 9, 910, -265, -21, 162, 928, 37;
39, 235, 8, 887, -300, -31, 154, 917, 31;
42, 236, 10, 906, -294, -14, 164, 923, 42;
49, 242, 18, 967, -243, 32, 191, 947, 71;
46, 239, 16, 941, -279, 21, 182, 935, 64;
38, 230, 8, 857, -372, -28, 150, 900, 33;
37, 229, 8, 843, -395, -30, 146, 894, 31;
38, 229, 9, 845, -401, -22, 149, 894, 36;
37, 227, 8, 826, -426, -27, 144, 887, 33;
42, 231, 14, 868, -391, 8, 164, 904, 56;
40, 229, 12, 842, -422, 0, 156, 894, 50;
43, 232, 17, 868, -401, 25, 170, 906, 66;
43, 231, 17, 857, -416, 26, 169, 903, 67;
34, 222, 9, 765, -510, -24, 134, 866, 35;
33, 221, 8, 750, -528, -25, 131, 862, 35;
38, 225, 14, 786, -492, 9, 149, 879, 56;
37, 224, 14, 773, -506, 10, 147, 876, 57;
34, 220, 11, 728, -551, -8, 133, 860, 45;
29, 216, 8, 678, -600, -31, 115, 842, 31;
35, 222, 15, 727, -549, 12, 139, 866, 58;
30, 216, 10, 669, -605, -14, 119, 845, 41;
28, 214, 8, 634, -636, -25, 109, 835, 34;
30, 216, 11, 643, -622, -7, 117, 843, 46;
26, 212, 8, 595, -665, -27, 101, 827, 34;
26, 212, 10, 590, -665, -18, 103, 830, 39;
33, 220, 18, 646, -602, 32, 131, 858, 70;
23, 209, 8, 537, -703, -27, 91, 818, 34;
25, 211, 11, 544, -688, -8, 98, 826, 45;
29, 216, 16, 573, -650, 24, 115, 844, 66;
24, 211, 12, 513, -700, -2, 94, 825, 49;
25, 213, 15, 513, -689, 12, 100, 831, 58;
19, 207, 9, 442, -749, -20, 75, 808, 38;
23, 211, 14, 470, -709, 12, 91, 826, 58;
18, 207, 11, 411, -755, -12, 72, 808, 43;
23, 213, 17, 448, -704, 27, 93, 831, 67;
15, 205, 10, 359, -780, -17, 61, 801, 40;
19, 209, 14, 379, -744, 11, 74, 817, 58;
13, 204, 10, 312, -795, -17, 52, 797, 40;
19, 211, 17, 359, -732, 29, 76, 824, 69;
11, 203, 10, 266, -808, -17, 43, 794, 40;
9, 202, 9, 233, -823, -23, 35, 789, 36;
16, 210, 17, 290, -748, 30, 64, 821, 69;
11, 206, 14, 233, -786, 8, 46, 806, 56;
13, 208, 16, 231, -767, 23, 51, 814, 65;
5, 202, 10, 147, -832, -16, 21, 788, 40;
11, 208, 17, 186, -771, 25, 43, 814, 66;
1, 200, 8, 80, -855, -28, 5, 780, 33;
0, 200, 9, 62, -851, -24, 3, 782, 35;
7, 208, 17, 114, -777, 26, 30, 813, 67;
-1, 200, 9, 16, -851, -21, -4, 782, 37;
3, 206, 15, 43, -800, 12, 12, 804, 58;
-1, 202, 11, -12, -832, -8, -5, 790, 45;
4, 209, 18, 24, -770, 32, 15, 816, 71;
0, 206, 14, -32, -801, 11, -2, 803, 58;
-6, 201, 10, -100, -844, -17, -24, 785, 39;
-6, 202, 11, -113, -830, -9, -24, 791, 44;
-3, 207, 15, -99, -789, 15, -13, 807, 60;
-6, 204, 13, -145, -808, 1, -26, 799, 51;
-4, 208, 16, -137, -772, 23, -17, 813, 65;
-11, 203, 11, -212, -818, -10, -43, 793, 44;
-12, 203, 10, -242, -820, -14, -50, 792, 41;
-15, 201, 8, -284, -833, -26, -62, 786, 34;
-13, 205, 12, -274, -794, -3, -52, 801, 48;
-9, 210, 17, -252, -742, 26, -37, 821, 67;
-19, 202, 8, -360, -821, -29, -77, 788, 32;
-16, 206, 12, -342, -773, -2, -64, 806, 49;
-20, 204, 9, -394, -794, -21, -81, 796, 37;
-23, 203, 7, -433, -803, -32, -92, 792, 30;
-20, 207, 12, -416, -755, -6, -79, 810, 47;
-23, 206, 9, -461, -769, -21, -93, 803, 37;
-19, 212, 15, -428, -704, 15, -74, 828, 60;
-26, 206, 8, -512, -757, -26, -104, 805, 34;
-27, 207, 9, -529, -742, -22, -106, 809, 36;
-24, 212, 13, -514, -695, 1, -95, 827, 51;
-25, 212, 13, -537, -686, 0, -100, 829, 50;
-30, 209, 9, -591, -708, -22, -117, 818, 37;
-31, 209, 8, -618, -703, -26, -124, 818, 34;
-33, 210, 8, -639, -692, -27, -128, 820, 33;
-31, 213, 11, -635, -656, -12, -122, 833, 43;
-35, 211, 8, -684, -672, -31, -138, 824, 31;
-32, 215, 11, -669, -626, -9, -128, 841, 44;
-28, 222, 16, -637, -561, 24, -110, 866, 65;
-31, 220, 14, -674, -566, 10, -122, 861, 57;
-31, 222, 15, -681, -541, 17, -121, 869, 62;
-32, 223, 15, -701, -529, 15, -125, 872, 60;
-34, 223, 14, -730, -526, 7, -133, 871, 55;
-41, 217, 7, -806, -571, -32, -161, 849, 30;
-33, 227, 16, -740, -473, 21, -130, 887, 64;
-39, 223, 11, -805, -506, -11, -153, 871, 44;
-41, 223, 9, -831, -502, -19, -161, 870, 38;
-40, 225, 11, -832, -472, -10, -158, 879, 44;
-37, 230, 15, -807, -415, 15, -145, 900, 60;
-44, 224, 8, -886, -465, -28, -175, 877, 32;
-45, 226, 8, -894, -442, -25, -175, 883, 35;
-37, 235, 17, -830, -348, 24, -146, 919, 66;
-37, 237, 17, -840, -328, 25, -147, 924, 67;
-45, 230, 9, -921, -380, -21, -179, 900, 37;
-38, 240, 18, -852, -282, 31, -148, 937, 70;
-48, 231, 7, -957, -359, -31, -189, 902, 31;
-45, 236, 11, -931, -305, -8, -176, 922, 45;
-47, 235, 9, -961, -306, -22, -187, 918, 36;
-46, 238, 11, -949, -267, -9, -180, 931, 45;
-45, 240, 12, -950, -241, -5, -178, 938, 47;
-40, 247, 18, -903, -167, 31, -157, 966, 70;
-42, 247, 16, -925, -163, 19, -165, 964, 63;
-49, 241, 9, -997, -210, -24, -194, 941, 35;
-41, 251, 18, -918, -105, 31, -160, 981, 70;
-45, 249, 14, -959, -121, 7, -176, 971, 55;
-45, 249, 13, -967, -105, 4, -178, 974, 53;
-41, 255, 18, -930, -45, 31, -162, 996, 70;
-45, 252, 14, -970, -62, 6, -178, 986, 54;
-42, 258, 18, -935, -4, 31, -163, 1006, 70;
-41, 259, 18, -934, 17, 32, -163, 1012, 71;
-44, 258, 15, -956, 16, 17, -172, 1008, 62;
-49, 254, 10, -1005, -11, -14, -192, 993, 42;
-42, 263, 17, -937, 76, 30, -164, 1026, 69;
-50, 256, 9, -1010, 22, -19, -195, 1000, 38;
-50, 257, 9, -1013, 38, -22, -196, 1004, 37;
-44, 264, 15, -956, 113, 13, -173, 1031, 59;
-42, 267, 16, -938, 148, 23, -166, 1043, 65;
-49, 261, 9, -1002, 101, -21, -194, 1019, 37;
-43, 269, 16, -937, 182, 19, -168, 1050, 62;
-45, 267, 13, -958, 176, 1, -178, 1044, 52;
-49, 264, 9, -993, 155, -25, -194, 1032, 35;
-42, 272, 15, -925, 237, 15, -167, 1062, 60;
-48, 268, 10, -971, 205, -18, -187, 1046, 39;
-43, 273, 14, -925, 263, 6, -170, 1067, 55;
-48, 269, 8, -968, 231, -27, -190, 1050, 33;
-41, 277, 15, -891, 319, 18, -160, 1084, 62;
-46, 273, 10, -936, 284, -17, -180, 1066, 40;
-43, 277, 12, -903, 326, -2, -169, 1080, 49;
-40, 280, 14, -873, 365, 10, -159, 1093, 57;
-39, 281, 15, -859, 386, 12, -155, 1099, 58;
-39, 283, 15, -844, 409, 15, -152, 1105, 60;
-35, 287, 18, -807, 451, 32, -139, 1120, 70;
-43, 280, 9, -873, 391, -20, -169, 1092, 38;
-43, 280, 9, -866, 402, -24, -169, 1094, 35;
-41, 282, 10, -841, 431, -16, -162, 1103, 40;
-42, 282, 8, -845, 430, -28, -167, 1099, 33;
-37, 288, 13, -785, 493, 2, -145, 1123, 52;
-38, 287, 11, -787, 492, -9, -150, 1120, 45;
-33, 292, 15, -736, 544, 14, -132, 1138, 60;
-34, 291, 13, -736, 543, 3, -136, 1136, 53;
-31, 294, 15, -698, 580, 18, -124, 1148, 62;
-34, 292, 12, -714, 562, -3, -134, 1139, 48;
-35, 290, 10, -717, 557, -17, -139, 1134, 40;
-34, 291, 10, -698, 572, -16, -136, 1138, 40;
-36, 290, 7, -704, 562, -32, -142, 1131, 30;
-28, 298, 15, -615, 646, 14, -109, 1164, 59;
-30, 296, 12, -622, 633, -3, -117, 1156, 48;
-33, 292, 7, -645, 602, -31, -131, 1141, 31;
-31, 294, 9, -615, 625, -24, -123, 1149, 35;
-23, 302, 15, -530, 702, 18, -92, 1179, 62;
-24, 301, 14, -526, 697, 7, -95, 1175, 55;
-27, 298, 10, -540, 673, -15, -106, 1163, 41;
-28, 296, 7, -544, 659, -32, -112, 1155, 30;
-21, 303, 14, -461, 730, 8, -83, 1183, 56;
-21, 303, 13, -448, 731, 2, -83, 1182, 52;
-16, 307, 17, -392, 775, 25, -64, 1199, 66;
-21, 301, 11, -426, 727, -12, -83, 1177, 43;
-22, 300, 8, -425, 713, -26, -88, 1170, 34;
-13, 308, 17, -324, 799, 24, -52, 1205, 66;
-16, 304, 12, -343, 764, -3, -65, 1189, 48;
-17, 303, 10, -341, 750, -17, -69, 1182, 40;
-9, 310, 17, -249, 825, 28, -36, 1212, 68;
-15, 304, 10, -293, 763, -16, -60, 1185, 40;
-10, 308, 14, -232, 806, 8, -40, 1202, 56;
-5, 312, 18, -174, 845, 31, -21, 1217, 70;
-7, 309, 14, -179, 819, 11, -29, 1206, 57;
-3, 312, 17, -129, 849, 28, -14, 1218, 68;
-4, 311, 16, -119, 838, 18, -15, 1213, 62;
-2, 311, 16, -90, 845, 21, -9, 1215, 64;
-1, 311, 15, -72, 842, 17, -7, 1213, 61;
-1, 310, 14, -59, 831, 9, -7, 1209, 57;
-3, 307, 11, -59, 808, -7, -13, 1199, 46;
2, 312, 16, 9, 853, 22, 9, 1218, 65;
-1, 307, 11, -12, 807, -8, -5, 1198, 45;
3, 310, 15, 45, 840, 13, 13, 1212, 59;
4, 310, 15, 70, 839, 13, 17, 1212, 59;
0, 304, 8, 33, 776, -27, -3, 1186, 34;
8, 312, 16, 135, 851, 24, 33, 1217, 66;
1, 304, 8, 83, 773, -26, 6, 1185, 34;
10, 311, 16, 184, 847, 24, 42, 1216, 66;
11, 310, 16, 200, 835, 18, 43, 1212, 62;
13, 312, 17, 238, 845, 27, 54, 1217, 68;
6, 302, 8, 178, 756, -28, 23, 1181, 33;
14, 309, 15, 268, 818, 16, 55, 1207, 61;
10, 304, 10, 247, 767, -13, 41, 1187, 42;
15, 307, 14, 305, 796, 8, 60, 1200, 56;
9, 300, 7, 267, 728, -32, 38, 1173, 31;
13, 302, 10, 311, 742, -18, 51, 1180, 39;
15, 302, 10, 340, 740, -14, 58, 1180, 42;
19, 305, 13, 391, 760, 4, 74, 1190, 53;
17, 301, 11, 388, 726, -12, 68, 1177, 42;
21, 304, 14, 443, 750, 8, 85, 1188, 56;
21, 302, 12, 449, 725, -1, 83, 1180, 49;
24, 304, 15, 493, 737, 13, 96, 1186, 59;
24, 302, 13, 501, 714, 4, 95, 1178, 53;
23, 299, 11, 501, 682, -10, 89, 1167, 44;
23, 297, 10, 512, 661, -16, 89, 1160, 40;
31, 304, 18, 606, 723, 32, 124, 1187, 71;
26, 297, 11, 563, 648, -10, 101, 1158, 44;
31, 300, 16, 626, 679, 18, 123, 1173, 62;
26, 294, 10, 589, 609, -18, 103, 1147, 39;
31, 297, 14, 647, 636, 7, 123, 1160, 55;
26, 290, 8, 613, 569, -27, 104, 1134, 33;
29, 291, 9, 643, 568, -19, 113, 1136, 38;
36, 297, 16, 725, 617, 22, 143, 1159, 65;
33, 292, 13, 708, 568, 0, 132, 1141, 50;
30, 287, 8, 681, 509, -29, 117, 1119, 32;
32, 287, 9, 710, 507, -20, 125, 1120, 38;
31, 285, 8, 716, 481, -27, 124, 1112, 33;
36, 288, 12, 770, 503, -1, 143, 1124, 49;
42, 292, 17, 833, 534, 29, 165, 1140, 69;
35, 283, 10, 774, 444, -19, 137, 1105, 39;
36, 282, 10, 788, 427, -19, 140, 1101, 39;
35, 280, 9, 793, 402, -24, 139, 1093, 35;
37, 279, 9, 812, 390, -20, 144, 1091, 38;
35, 277, 8, 808, 356, -31, 140, 1080, 31;
36, 276, 8, 823, 341, -29, 143, 1077, 32;
41, 279, 12, 874, 362, -3, 161, 1089, 48;
46, 282, 17, 929, 388, 26, 182, 1103, 67;
46, 281, 16, 936, 366, 24, 182, 1097, 65;
44, 276, 13, 915, 317, 3, 172, 1079, 53;
47, 278, 16, 953, 326, 22, 185, 1086, 65;
44, 273, 12, 925, 270, -1, 172, 1066, 50;
49, 277, 17, 977, 295, 28, 191, 1080, 68;
48, 274, 16, 970, 261, 18, 187, 1069, 62;
44, 268, 11, 938, 202, -7, 172, 1048, 46;
44, 267, 12, 946, 184, -6, 174, 1044, 46;
43, 264, 10, 935, 147, -17, 168, 1032, 40;
45, 265, 12, 963, 151, -1, 179, 1037, 49;
48, 267, 15, 991, 154, 14, 189, 1042, 59;
46, 263, 13, 974, 113, 0, 181, 1028, 51;
50, 266, 16, 1014, 129, 24, 197, 1038, 66;
46, 260, 12, 972, 64, -4, 179, 1014, 48;
45, 257, 11, 963, 33, -12, 175, 1005, 43;
51, 263, 17, 1029, 77, 30, 202, 1026, 70;
51, 261, 17, 1026, 53, 28, 201, 1020, 68;
48, 257, 14, 1001, 7, 12, 190, 1004, 58;
45, 252, 11, 964, -48, -12, 175, 984, 43;
50, 256, 16, 1017, -15, 23, 197, 1002, 65;
41, 246, 7, 930, -120, -32, 162, 961, 30;
49, 252, 15, 998, -71, 14, 191, 985, 59;
44, 247, 11, 954, -132, -12, 173, 963, 42;
45, 247, 12, 964, -139, -3, 178, 964, 48;
45, 245, 12, 958, -161, -5, 177, 958, 47;
49, 248, 16, 993, -141, 21, 192, 970, 64;
45, 243, 12, 953, -195, -1, 177, 951, 50;
46, 244, 14, 962, -200, 8, 182, 952, 56;
49, 246, 17, 987, -189, 29, 194, 960, 69;
41, 236, 9, 902, -286, -22, 160, 923, 37;
40, 234, 8, 889, -311, -25, 157, 916, 35;
44, 237, 13, 919, -291, 0, 171, 927, 51;
44, 238, 14, 923, -297, 9, 175, 928, 56;
43, 235, 13, 901, -328, 0, 168, 918, 51;
45, 237, 16, 917, -321, 18, 177, 924, 62;
40, 231, 11, 868, -378, -7, 159, 904, 46;
42, 233, 14, 881, -372, 9, 167, 909, 56;
43, 233, 16, 884, -375, 18, 171, 911, 62;
40, 229, 12, 841, -423, -1, 156, 894, 50;
36, 224, 9, 797, -471, -21, 141, 877, 37;
43, 231, 17, 858, -414, 27, 169, 903, 68;
34, 221, 8, 763, -513, -26, 133, 865, 34;
34, 222, 10, 761, -516, -17, 136, 867, 39;
36, 223, 12, 769, -510, -2, 142, 872, 49;
36, 223, 13, 759, -520, 1, 142, 870, 51;
33, 220, 11, 723, -556, -12, 130, 858, 43;
38, 225, 17, 765, -513, 26, 151, 878, 67;
34, 220, 13, 710, -566, 1, 132, 859, 51;
34, 220, 14, 704, -569, 8, 134, 860, 56;
32, 218, 13, 672, -598, 0, 125, 851, 50;
27, 213, 9, 621, -645, -22, 108, 833, 36;
31, 218, 14, 650, -610, 9, 124, 850, 56;
33, 219, 17, 657, -598, 26, 131, 857, 67;
23, 209, 8, 551, -697, -30, 92, 818, 31;
25, 212, 11, 562, -678, -10, 101, 828, 44;
26, 212, 12, 552, -680, -3, 101, 829, 48;
29, 216, 17, 574, -649, 24, 115, 844, 66;
25, 212, 13, 519, -694, 1, 97, 827, 52;
25, 213, 15, 516, -687, 13, 100, 832, 59;
21, 209, 12, 466, -725, -4, 85, 818, 48;
23, 211, 14, 469, -710, 11, 91, 826, 58;
25, 213, 17, 472, -694, 28, 98, 834, 68;
23, 212, 17, 445, -707, 25, 91, 830, 66;
16, 206, 10, 364, -774, -13, 63, 803, 42;
13, 204, 9, 329, -794, -21, 54, 796, 37;
13, 204, 10, 316, -791, -14, 54, 799, 41;
15, 206, 13, 315, -776, 0, 58, 806, 51;
9, 201, 8, 245, -829, -30, 35, 786, 31;
13, 207, 14, 278, -778, 6, 54, 807, 54;
10, 204, 11, 229, -809, -10, 39, 796, 44;
11, 205, 13, 225, -793, 3, 43, 803, 53;
5, 201, 9, 160, -838, -23, 21, 785, 36;
4, 201, 9, 139, -840, -22, 18, 785, 37;
3, 201, 9, 112, -845, -23, 13, 783, 36;
7, 205, 14, 135, -800, 8, 28, 802, 56;
9, 209, 17, 144, -769, 30, 37, 816, 70;
0, 201, 9, 45, -846, -19, 1, 784, 38;
6, 208, 16, 85, -782, 24, 24, 811, 66;
-1, 201, 9, -4, -848, -19, -7, 784, 38;
-4, 199, 8, -44, -864, -29, -18, 777, 32;
0, 205, 14, -7, -802, 11, 2, 803, 58;
0, 206, 15, -29, -798, 13, 0, 804, 59;
-6, 201, 10, -100, -843, -17, -24, 785, 39;
0, 208, 17, -59, -775, 26, -1, 813, 67;
-10, 199, 7, -171, -861, -31, -42, 777, 31;
-6, 205, 14, -138, -800, 6, -23, 802, 54;
-6, 207, 15, -151, -786, 13, -23, 807, 59;
-14, 200, 7, -244, -850, -31, -56, 780, 31;
-14, 201, 9, -254, -832, -22, -55, 787, 36;
-15, 201, 8, -284, -833, -26, -62, 786, 34;
-10, 208, 15, -247, -767, 13, -41, 812, 59;
-10, 209, 16, -263, -754, 18, -42, 817, 62;
-17, 204, 10, -340, -800, -16, -68, 796, 40;
-17, 206, 11, -351, -781, -8, -68, 803, 45;
-19, 205, 10, -384, -784, -15, -76, 801, 41;
-22, 204, 8, -424, -793, -26, -88, 796, 34;
-15, 212, 17, -369, -707, 25, -60, 830, 66;
-16, 213, 17, -389, -697, 26, -63, 833, 67;
-22, 209, 12, -458, -734, -4, -86, 816, 48;
-25, 207, 10, -501, -746, -18, -99, 809, 39;
-23, 211, 13, -495, -708, 0, -92, 823, 50;
-22, 214, 15, -492, -673, 16, -86, 836, 61;
-25, 212, 12, -539, -688, -1, -101, 828, 50;
-25, 214, 14, -543, -660, 9, -98, 838, 57;
-30, 211, 10, -605, -690, -18, -119, 823, 39;
-29, 214, 12, -606, -659, -5, -114, 834, 47;
-27, 217, 15, -597, -617, 13, -106, 849, 59;
-31, 215, 12, -645, -633, -5, -122, 840, 47;
-34, 214, 9, -687, -643, -21, -135, 834, 37;
-34, 216, 10, -693, -617, -13, -134, 842, 42;
-33, 218, 12, -697, -589, -4, -131, 852, 48;
-32, 221, 14, -696, -556, 7, -127, 863, 55;
-37, 218, 10, -751, -580, -17, -146, 851, 39;
-33, 224, 15, -719, -515, 14, -129, 875, 60;
-37, 221, 11, -769, -534, -7, -146, 865, 46;
-35, 225, 14, -761, -494, 7, -139, 878, 55;
-34, 228, 16, -759, -461, 19, -135, 890, 62;
-38, 226, 13, -803, -473, 0, -149, 882, 50;
-38, 227, 13, -814, -454, 1, -151, 887, 51;
-36, 231, 16, -801, -410, 19, -142, 902, 63;
-39, 230, 14, -833, -412, 6, -153, 899, 54;
-45, 226, 8, -899, -447, -28, -177, 881, 33;
-37, 235, 16, -832, -350, 23, -147, 918, 65;
-43, 231, 11, -890, -378, -7, -168, 904, 46;
-39, 237, 16, -857, -316, 21, -152, 926, 64;
-39, 238, 16, -866, -296, 22, -153, 931, 65;
-45, 234, 11, -928, -329, -12, -177, 914, 43;
-40, 240, 16, -889, -262, 19, -159, 939, 63;
-48, 234, 8, -966, -311, -25, -189, 916, 34;
-39, 245, 17, -890, -208, 29, -155, 955, 69;
-40, 246, 17, -899, -189, 29, -157, 959, 69;
-41, 246, 17, -911, -176, 25, -161, 962, 66;
-41, 248, 17, -913, -152, 27, -160, 969, 68;
-49, 242, 10, -989, -202, -19, -191, 944, 39;
-49, 242, 9, -1000, -188, -23, -194, 947, 36;
-49, 244, 9, -1002, -165, -21, -194, 953, 37;
-48, 247, 11, -988, -126, -9, -187, 966, 45;
-48, 249, 11, -991, -106, -9, -188, 971, 45;
-51, 247, 8, -1020, -112, -27, -199, 965, 34;
-43, 256, 16, -945, -15, 23, -168, 1002, 65;
-43, 257, 16, -953, -1, 19, -171, 1004, 63;
-45, 256, 14, -973, 0, 6, -179, 1001, 55;
-46, 257, 13, -978, 15, 3, -181, 1004, 53;
-48, 257, 11, -993, 20, -7, -187, 1003, 46;
-48, 258, 11, -995, 37, -9, -189, 1006, 45;
-47, 260, 12, -985, 66, -3, -184, 1015, 48;
-41, 267, 17, -931, 138, 30, -163, 1042, 70;
-44, 265, 14, -957, 129, 10, -174, 1034, 57;
-48, 262, 10, -994, 109, -15, -190, 1023, 41;
-50, 261, 8, -1010, 108, -29, -198, 1019, 32;
-43, 269, 15, -940, 194, 13, -170, 1051, 59;
-48, 265, 9, -986, 163, -20, -191, 1035, 38;
-47, 267, 10, -970, 192, -14, -185, 1044, 42;
-47, 269, 11, -961, 214, -12, -183, 1050, 43;
-42, 274, 15, -914, 274, 14, -165, 1071, 59;
-40, 277, 16, -893, 307, 22, -158, 1082, 65;
-47, 271, 9, -956, 254, -25, -187, 1057, 35;
-43, 276, 12, -911, 310, 0, -170, 1076, 50;
-42, 277, 13, -898, 332, 1, -167, 1082, 51;
-43, 277, 11, -902, 336, -8, -171, 1081, 45;
-37, 284, 17, -837, 408, 27, -146, 1108, 68;
-37, 285, 17, -826, 427, 27, -144, 1113, 68;
-44, 278, 9, -887, 372, -20, -172, 1087, 38;
-38, 285, 14, -826, 438, 11, -150, 1111, 58;
-37, 286, 15, -808, 461, 14, -145, 1118, 60;
-37, 287, 14, -799, 474, 11, -145, 1120, 58;
-37, 287, 13, -798, 478, 3, -147, 1119, 53;
-39, 285, 10, -809, 469, -13, -155, 1113, 42;
-33, 292, 16, -740, 539, 22, -130, 1139, 64;
-36, 289, 12, -761, 518, -2, -143, 1128, 49;
-35, 290, 12, -744, 535, -2, -139, 1132, 49;
-31, 294, 16, -695, 583, 19, -122, 1150, 63;
-38, 288, 8, -752, 524, -29, -150, 1123, 32;
-32, 293, 13, -688, 585, 1, -127, 1146, 51;
-28, 298, 16, -637, 633, 23, -110, 1163, 65;
-33, 293, 10, -675, 590, -13, -130, 1143, 42;
-34, 292, 9, -671, 590, -23, -133, 1140, 36;
-31, 295, 11, -636, 618, -12, -123, 1150, 42;
-29, 296, 11, -610, 637, -8, -116, 1156, 45;
-28, 298, 12, -583, 657, -3, -110, 1162, 48;
-22, 303, 17, -518, 714, 26, -87, 1184, 67;
-24, 301, 14, -525, 698, 8, -95, 1175, 56;
-21, 304, 16, -482, 731, 22, -82, 1187, 65;
-18, 306, 18, -448, 755, 31, -72, 1195, 70;
-21, 303, 13, -466, 725, 4, -85, 1181, 54;
-26, 298, 8, -497, 682, -30, -103, 1162, 32;
-15, 308, 18, -380, 786, 32, -59, 1203, 71;
-15, 307, 17, -370, 783, 25, -60, 1201, 66;
-14, 308, 16, -350, 788, 23, -57, 1201, 65;
-19, 303, 11, -380, 743, -12, -75, 1181, 43;
-15, 306, 13, -331, 776, 4, -60, 1194, 53;
-15, 305, 12, -319, 772, -2, -60, 1191, 49;
-15, 304, 11, -306, 768, -9, -60, 1188, 45;
-10, 309, 15, -244, 813, 16, -39, 1206, 61;
-12, 306, 12, -253, 785, -5, -49, 1193, 47;
-7, 310, 16, -189, 830, 21, -28, 1211, 64;
-10, 306, 11, -210, 788, -9, -42, 1193, 45;
-5, 310, 15, -145, 833, 17, -20, 1211, 62;
-7, 307, 12, -154, 803, -4, -30, 1198, 48;
-6, 307, 12, -129, 807, -3, -25, 1199, 48;
-9, 303, 8, -144, 769, -30, -37, 1183, 31;
0, 312, 16, -39, 851, 22, 0, 1217, 65;
2, 313, 18, -2, 865, 31, 10, 1223, 70;
-2, 307, 12, -33, 810, -6, -8, 1200, 47;
0, 308, 12, -3, 816, -2, -1, 1202, 49;
4, 311, 15, 51, 846, 17, 15, 1214, 61;
0, 306, 11, 31, 801, -11, 1, 1196, 43;
-1, 303, 8, 29, 772, -29, -4, 1184, 32;
5, 309, 14, 108, 825, 6, 22, 1206, 55;
5, 307, 12, 118, 808, -3, 21, 1200, 49;
6, 307, 12, 137, 800, -6, 23, 1197, 46;
9, 308, 14, 181, 816, 6, 35, 1204, 54;
6, 304, 10, 168, 775, -18, 25, 1188, 39;
13, 310, 15, 245, 824, 16, 51, 1209, 61;
8, 304, 10, 219, 768, -17, 35, 1186, 40;
14, 308, 14, 285, 805, 11, 56, 1202, 57;
16, 308, 15, 315, 806, 15, 64, 1204, 60;
17, 308, 15, 336, 797, 14, 67, 1201, 59;
18, 308, 15, 362, 793, 15, 73, 1201, 60;
18, 305, 14, 370, 770, 5, 71, 1193, 54;
21, 307, 15, 412, 781, 18, 83, 1199, 62;
21, 306, 15, 429, 767, 14, 84, 1194, 59;
20, 303, 13, 433, 741, 2, 81, 1185, 52;
26, 307, 17, 493, 769, 27, 101, 1198, 68;
27, 306, 17, 516, 761, 28, 106, 1196, 68;
27, 305, 17, 532, 745, 24, 107, 1191, 66;
21, 297, 9, 484, 665, -21, 83, 1160, 37;
27, 301, 14, 549, 698, 8, 105, 1175, 56;
25, 297, 11, 542, 659, -10, 97, 1161, 44;
24, 296, 10, 553, 638, -16, 97, 1154, 40;
23, 292, 7, 549, 602, -32, 91, 1141, 30;
33, 301, 17, 658, 679, 27, 132, 1175, 68;
27, 293, 10, 611, 599, -16, 108, 1145, 40;
29, 293, 11, 641, 598, -8, 116, 1146, 45;
34, 297, 15, 698, 623, 17, 136, 1159, 61;
37, 298, 17, 733, 625, 28, 146, 1162, 68;
35, 293, 14, 719, 579, 7, 136, 1146, 55;
30, 287, 8, 684, 512, -27, 118, 1120, 34;
32, 287, 9, 709, 506, -21, 125, 1120, 37;
36, 290, 13, 761, 525, 2, 142, 1131, 52;
35, 287, 11, 761, 494, -7, 139, 1121, 46;
33, 283, 8, 749, 450, -26, 130, 1105, 34;
36, 285, 11, 788, 459, -9, 143, 1111, 45;
36, 282, 10, 792, 431, -16, 142, 1103, 40;
37, 281, 10, 807, 415, -15, 145, 1099, 41;
38, 281, 11, 829, 408, -9, 151, 1099, 45;
46, 287, 18, 904, 452, 32, 179, 1120, 70;
43, 282, 14, 884, 402, 11, 168, 1103, 58;
45, 283, 16, 913, 402, 23, 178, 1105, 65;
46, 282, 17, 929, 388, 26, 182, 1103, 67;
43, 278, 13, 908, 338, 5, 171, 1085, 54;
39, 272, 8, 870, 272, -26, 153, 1061, 34;
44, 275, 13, 921, 294, 1, 172, 1073, 52;
44, 274, 13, 931, 276, 2, 174, 1069, 52;
43, 271, 11, 923, 241, -8, 169, 1057, 45;
47, 273, 15, 961, 252, 12, 183, 1065, 58;
41, 266, 9, 914, 179, -23, 162, 1038, 36;
42, 265, 9, 925, 163, -20, 165, 1035, 38;
44, 265, 11, 943, 156, -11, 172, 1035, 43;
46, 266, 13, 973, 160, 4, 183, 1041, 53;
50, 269, 17, 1010, 173, 26, 197, 1049, 67;
51, 268, 17, 1018, 156, 29, 199, 1046, 69;
41, 257, 8, 929, 44, -31, 162, 1003, 31;
46, 260, 12, 977, 70, -1, 181, 1017, 50;
48, 261, 15, 1000, 70, 12, 191, 1020, 58;
45, 257, 11, 971, 19, -7, 178, 1003, 46;
47, 257, 13, 989, 15, 3, 185, 1004, 53;
42, 251, 8, 939, -54, -29, 165, 979, 32;
46, 253, 12, 977, -36, -3, 181, 990, 48;
41, 247, 7, 932, -100, -32, 162, 966, 30;
48, 253, 15, 999, -52, 13, 190, 990, 59;
49, 253, 16, 1004, -64, 18, 193, 988, 62;
50, 252, 16, 1009, -77, 23, 196, 986, 65;
45, 246, 11, 960, -143, -6, 176, 962, 46;
46, 247, 13, 971, -148, 3, 182, 963, 53;
47, 247, 14, 978, -156, 11, 186, 963, 58;
48, 246, 15, 982, -167, 17, 189, 962, 61;
41, 238, 8, 908, -254, -27, 160, 929, 33;
45, 242, 13, 948, -227, 3, 178, 944, 53;
46, 241, 14, 948, -240, 8, 179, 942, 56;
42, 236, 10, 905, -294, -14, 163, 923, 41;
48, 241, 17, 957, -253, 25, 187, 943, 67;
45, 238, 15, 930, -291, 13, 178, 930, 59;
41, 233, 11, 883, -347, -11, 160, 910, 43;
46, 238, 17, 929, -309, 26, 182, 929, 67;
42, 233, 13, 884, -361, 3, 166, 910, 53;
46, 236, 18, 916, -337, 32, 182, 924, 71;
40, 230, 12, 854, -405, -1, 159, 898, 50;
42, 232, 15, 867, -397, 16, 167, 905, 61;
37, 226, 10, 808, -460, -14, 145, 881, 42;
34, 222, 8, 775, -497, -27, 135, 869, 33;
34, 222, 9, 770, -505, -21, 136, 868, 37;
38, 225, 13, 794, -484, 3, 149, 880, 53;
32, 219, 8, 733, -546, -26, 127, 857, 34;
33, 220, 10, 732, -548, -17, 130, 859, 40;
35, 222, 13, 746, -533, 3, 140, 868, 52;
38, 225, 17, 763, -515, 25, 151, 878, 66;
32, 219, 11, 698, -578, -6, 127, 854, 46;
32, 218, 12, 688, -585, -1, 127, 853, 49;
33, 219, 14, 688, -582, 10, 132, 857, 57;
34, 220, 16, 688, -578, 21, 135, 861, 64;
26, 212, 9, 602, -658, -22, 104, 830, 36;
30, 216, 13, 621, -633, 2, 117, 843, 52;
31, 217, 15, 620, -627, 15, 121, 847, 60;
26, 212, 11, 565, -675, -8, 102, 829, 45;
30, 217, 17, 596, -636, 25, 120, 848, 67;
27, 214, 14, 553, -670, 10, 106, 835, 57;
21, 209, 10, 490, -723, -17, 85, 815, 40;
25, 213, 15, 515, -687, 13, 100, 832, 59;
23, 211, 14, 484, -707, 7, 92, 825, 55;
18, 206, 9, 421, -758, -20, 71, 806, 38;
16, 204, 8, 387, -780, -28, 62, 798, 33;
17, 206, 10, 386, -766, -13, 67, 805, 42;
19, 209, 14, 396, -742, 7, 76, 817, 55;
19, 210, 15, 385, -738, 15, 77, 820, 60;
18, 209, 15, 362, -746, 15, 72, 818, 60;
11, 203, 9, 285, -806, -20, 46, 794, 38;
15, 208, 14, 309, -765, 11, 61, 812, 58;
13, 206, 13, 276, -780, 5, 53, 807, 54;
9, 203, 10, 221, -817, -15, 35, 792, 41;
15, 210, 17, 266, -752, 30, 60, 820, 70;
12, 207, 15, 221, -778, 16, 46, 810, 61;
11, 208, 16, 201, -777, 19, 44, 811, 63;
10, 208, 16, 182, -775, 23, 42, 813, 65;
3, 202, 10, 103, -832, -13, 14, 789, 42;
6, 206, 14, 114, -799, 10, 25, 803, 57;
8, 208, 17, 116, -775, 27, 31, 814, 68;
-2, 199, 7, 0, -867, -32, -11, 776, 30;
0, 203, 12, 22, -821, -1, 3, 795, 49;
0, 203, 12, -4, -824, -3, -1, 794, 48;
2, 208, 16, 11, -782, 24, 10, 811, 66;
-2, 204, 13, -48, -817, 0, -8, 796, 51;
-8, 199, 8, -120, -863, -30, -32, 777, 31;
-9, 199, 8, -145, -862, -31, -37, 777, 31;
-7, 202, 11, -137, -827, -9, -29, 791, 44;
-8, 203, 11, -158, -821, -7, -31, 794, 46;
-12, 200, 9, -209, -844, -24, -47, 783, 35;
-10, 204, 12, -202, -808, -3, -39, 797, 48;
-7, 208, 15, -193, -771, 18, -29, 812, 62;
-7, 209, 17, -207, -756, 24, -30, 817, 66;
-8, 210, 17, -231, -751, 24, -34, 819, 66;
-12, 207, 14, -281, -771, 7, -50, 809, 55;
-20, 201, 8, -361, -822, -30, -78, 787, 31;
-21, 202, 8, -385, -815, -30, -82, 789, 31;
-20, 204, 10, -389, -789, -17, -78, 799, 39;
-18, 207, 12, -389, -758, -3, -73, 810, 49;
-21, 206, 10, -431, -769, -15, -85, 804, 41;
-23, 206, 10, -458, -765, -18, -91, 804, 39;
-25, 206, 9, -483, -759, -21, -97, 805, 37;
-17, 215, 18, -424, -669, 32, -68, 841, 71;
-28, 206, 8, -536, -749, -27, -109, 806, 33;
-25, 211, 12, -521, -702, -3, -98, 824, 48;
-23, 215, 15, -512, -661, 16, -89, 839, 61;
-26, 213, 13, -552, -669, 3, -101, 834, 53;
-24, 217, 16, -549, -634, 19, -95, 847, 62;
-31, 211, 9, -629, -682, -21, -124, 825, 37;
-33, 211, 8, -657, -678, -27, -131, 824, 34;
-27, 219, 15, -609, -597, 18, -107, 855, 62;
-30, 217, 13, -651, -607, 2, -120, 849, 52;
-34, 215, 10, -695, -619, -14, -134, 842, 41;
-30, 221, 15, -668, -560, 14, -119, 864, 60;
-30, 223, 16, -674, -535, 22, -118, 872, 64;
-31, 224, 16, -692, -520, 22, -121, 876, 64;
-30, 226, 17, -696, -492, 30, -119, 885, 69;
-34, 224, 14, -740, -505, 11, -134, 877, 58;
-34, 226, 15, -754, -487, 12, -136, 881, 58;
-40, 222, 10, -813, -515, -16, -157, 867, 40;
-39, 225, 12, -809, -480, -4, -152, 879, 48;
-39, 227, 12, -817, -457, 0, -152, 886, 50;
-44, 223, 8, -876, -485, -30, -174, 871, 31;
-37, 232, 16, -812, -390, 20, -144, 908, 63;
-40, 231, 13, -847, -395, 5, -156, 903, 54;
-40, 232, 14, -857, -375, 7, -157, 908, 55;
-46, 228, 8, -925, -413, -30, -183, 889, 31;
-39, 237, 16, -860, -319, 19, -153, 925, 63;
-43, 235, 12, -901, -331, 0, -168, 917, 50;
-42, 237, 13, -903, -304, 4, -167, 925, 53;
-46, 235, 10, -940, -313, -14, -180, 918, 42;
-46, 237, 11, -945, -290, -11, -180, 924, 43;
-39, 245, 17, -890, -208, 30, -155, 955, 69;
-46, 239, 11, -958, -249, -10, -182, 935, 44;
-48, 239, 10, -977, -241, -18, -188, 935, 39;
-41, 247, 16, -919, -157, 24, -163, 966, 66;
-49, 241, 9, -995, -207, -22, -193, 942, 36;
-42, 250, 16, -931, -119, 22, -166, 975, 65;
-44, 249, 14, -954, -117, 10, -174, 973, 57;
-46, 249, 12, -975, -113, 0, -182, 971, 50;
-48, 248, 11, -992, -107, -9, -188, 970, 44;
-49, 248, 10, -1006, -98, -17, -193, 971, 39;
-49, 250, 10, -1008, -78, -17, -194, 976, 39;
-50, 250, 9, -1019, -67, -24, -198, 977, 35;
-45, 256, 14, -972, 0, 7, -178, 1002, 55;
-42, 261, 17, -944, 49, 26, -167, 1018, 67;
-51, 253, 8, -1027, -13, -29, -201, 989, 32;
-46, 260, 13, -977, 56, 3, -181, 1014, 52;
-51, 256, 8, -1023, 28, -29, -200, 999, 32;
-50, 258, 8, -1016, 53, -26, -198, 1006, 34;
-42, 268, 17, -932, 155, 28, -164, 1045, 68;
-46, 265, 13, -967, 136, 2, -179, 1034, 52;
-48, 264, 10, -986, 132, -13, -188, 1029, 42;
-44, 268, 14, -951, 183, 6, -175, 1047, 54;
-42, 272, 16, -923, 225, 21, -164, 1061, 64;
-46, 268, 11, -962, 200, -8, -182, 1047, 45;
-46, 269, 11, -957, 219, -9, -181, 1052, 44;
-41, 275, 16, -907, 281, 18, -162, 1074, 62;
-46, 271, 10, -951, 248, -16, -183, 1057, 40;
-42, 276, 14, -905, 305, 9, -165, 1078, 56;
-41, 278, 15, -889, 331, 13, -161, 1085, 59;
-44, 276, 11, -913, 317, -8, -173, 1076, 45;
-40, 281, 15, -866, 372, 15, -156, 1096, 60;
-36, 284, 18, -831, 415, 31, -144, 1111, 70;
-40, 282, 14, -857, 396, 7, -157, 1100, 55;
-37, 285, 16, -827, 432, 19, -147, 1112, 62;
-39, 284, 14, -832, 432, 7, -152, 1109, 55;
-44, 280, 8, -871, 398, -27, -171, 1092, 34;
-38, 286, 13, -809, 463, 4, -149, 1116, 54;
-37, 287, 13, -798, 477, 2, -148, 1119, 52;
-39, 285, 11, -807, 471, -12, -154, 1114, 43;
-35, 290, 14, -756, 523, 11, -137, 1132, 57;
-36, 289, 12, -759, 520, -1, -142, 1129, 50;
-38, 287, 9, -772, 507, -20, -151, 1121, 38;
-32, 293, 15, -704, 574, 14, -126, 1146, 59;
-34, 292, 12, -713, 563, -3, -134, 1139, 48;
-38, 288, 7, -739, 534, -32, -148, 1125, 30;
-36, 290, 8, -712, 558, -26, -141, 1132, 34;
-31, 295, 13, -655, 611, 0, -122, 1152, 50;
-27, 298, 15, -613, 647, 15, -109, 1164, 60;
-31, 295, 11, -631, 624, -9, -120, 1152, 45;
-27, 299, 14, -586, 661, 7, -106, 1166, 55;
-25, 300, 15, -557, 683, 13, -99, 1173, 59;
-22, 303, 17, -520, 712, 24, -88, 1183, 66;
-27, 298, 10, -557, 666, -13, -108, 1162, 42;
-19, 306, 18, -467, 746, 32, -75, 1193, 71;
-20, 304, 16, -466, 737, 19, -80, 1188, 63;
-17, 307, 17, -427, 764, 30, -69, 1197, 70;
-26, 298, 8, -496, 683, -29, -102, 1162, 32;
-17, 306, 16, -399, 768, 20, -67, 1196, 63;
-20, 302, 11, -418, 735, -7, -80, 1181, 46;
-22, 300, 9, -420, 718, -23, -86, 1172, 36;
-14, 307, 15, -336, 787, 16, -57, 1200, 61;
-16, 304, 12, -345, 762, -4, -65, 1188, 48;
-13, 307, 15, -297, 794, 12, -51, 1200, 58;
-10, 310, 16, -255, 819, 24, -39, 1209, 66;
-10, 309, 15, -242, 814, 17, -39, 1206, 61;
-7, 311, 17, -205, 833, 26, -29, 1213, 67;
-10, 307, 13, -216, 803, 2, -39, 1200, 52;
-4, 312, 18, -149, 849, 31, -17, 1219, 70;
-6, 309, 14, -158, 820, 9, -26, 1206, 56;
-4, 310, 15, -124, 833, 15, -18, 1211, 60;
-9, 304, 9, -160, 776, -24, -38, 1186, 35;
-1, 311, 15, -71, 842, 17, -7, 1214, 62;
-8, 304, 8, -116, 775, -28, -31, 1185, 33;
0, 311, 15, -23, 844, 17, 1, 1214, 61;
-3, 306, 10, -48, 796, -15, -14, 1194, 41;
4, 312, 17, 39, 859, 26, 16, 1220, 67;
-3, 304, 8, -17, 776, -28, -12, 1186, 33;
7, 313, 17, 94, 863, 29, 27, 1222, 69;
7, 312, 17, 115, 858, 27, 31, 1220, 68;
9, 312, 17, 141, 857, 28, 35, 1220, 68;
7, 309, 14, 139, 829, 10, 29, 1208, 57;
7, 309, 13, 156, 819, 5, 31, 1205, 54;
13, 312, 18, 219, 854, 31, 51, 1220, 70;
10, 308, 14, 208, 815, 8, 41, 1204, 56;
12, 308, 14, 234, 813, 9, 47, 1204, 56;
11, 307, 13, 244, 793, 0, 45, 1197, 50;
14, 308, 14, 286, 806, 12, 57, 1203, 58;
17, 309, 16, 326, 816, 22, 68, 1208, 65;
14, 305, 12, 308, 769, -4, 55, 1190, 48;
20, 310, 17, 382, 812, 28, 81, 1209, 68;
14, 301, 9, 332, 732, -20, 55, 1177, 38;
19, 305, 14, 397, 766, 8, 76, 1192, 56;
16, 300, 9, 376, 714, -20, 63, 1172, 37;
20, 303, 13, 431, 738, 1, 80, 1183, 51;
18, 299, 9, 421, 696, -20, 71, 1168, 38;
22, 301, 12, 470, 714, -2, 86, 1177, 49;
25, 303, 14, 509, 722, 9, 98, 1181, 56;
20, 296, 8, 476, 657, -26, 79, 1156, 34;
24, 298, 11, 523, 672, -9, 94, 1164, 45;
31, 304, 17, 600, 717, 28, 121, 1185, 68;
32, 303, 17, 621, 706, 28, 125, 1182, 68;
27, 296, 11, 587, 640, -7, 107, 1157, 46;
27, 295, 11, 598, 619, -12, 107, 1150, 43;
31, 297, 14, 650, 639, 9, 124, 1161, 56;
28, 293, 10, 632, 589, -14, 112, 1142, 41;
28, 290, 9, 636, 561, -24, 110, 1133, 35;
28, 289, 8, 652, 544, -26, 112, 1128, 34;
37, 296, 17, 746, 606, 25, 147, 1157, 66;
30, 287, 8, 684, 512, -27, 118, 1120, 34;
33, 288, 11, 723, 519, -12, 130, 1126, 43;
32, 286, 9, 725, 489, -21, 127, 1116, 37;
39, 291, 15, 797, 530, 16, 154, 1136, 61;
42, 292, 17, 833, 534, 29, 165, 1140, 69;
37, 285, 12, 795, 466, -4, 146, 1114, 47;
39, 286, 13, 825, 464, 5, 155, 1116, 54;
42, 287, 15, 854, 463, 16, 165, 1119, 61;
42, 285, 15, 862, 440, 12, 165, 1112, 58;
37, 278, 9, 823, 371, -21, 146, 1087, 37;
40, 279, 11, 855, 373, -8, 156, 1090, 45;
40, 278, 11, 864, 352, -10, 157, 1085, 44;
45, 281, 15, 913, 372, 15, 175, 1096, 60;
45, 279, 15, 922, 352, 14, 177, 1091, 60;
43, 276, 13, 912, 313, 1, 170, 1078, 51;
45, 276, 14, 933, 306, 9, 177, 1078, 56;
46, 276, 15, 951, 297, 16, 183, 1077, 61;
41, 269, 9, 903, 221, -21, 161, 1049, 37;
49, 275, 16, 979, 270, 24, 191, 1073, 66;
49, 274, 17, 988, 252, 25, 193, 1069, 67;
49, 272, 17, 993, 231, 24, 193, 1063, 66;
50, 271, 17, 999, 211, 25, 195, 1059, 66;
51, 271, 18, 1014, 202, 32, 200, 1058, 71;
47, 266, 14, 982, 145, 7, 185, 1038, 55;
43, 260, 9, 942, 81, -21, 168, 1014, 37;
43, 259, 9, 946, 61, -20, 169, 1010, 38;
45, 259, 11, 964, 56, -10, 176, 1011, 44;
49, 262, 15, 1005, 75, 15, 193, 1022, 60;
49, 260, 15, 1007, 55, 16, 193, 1017, 61;
47, 257, 13, 988, 15, 3, 185, 1004, 53;
46, 255, 12, 980, -13, -2, 182, 996, 49;
49, 257, 16, 1010, -2, 18, 194, 1003, 62;
44, 250, 10, 959, -73, -14, 174, 978, 41;
46, 251, 12, 975, -76, -2, 180, 980, 49;
50, 254, 16, 1012, -57, 23, 196, 991, 65;
41, 244, 8, 927, -159, -31, 162, 952, 31;
43, 244, 10, 942, -161, -18, 169, 955, 39;
41, 241, 8, 918, -201, -31, 160, 942, 31;
41, 241, 8, 922, -212, -25, 163, 940, 34;
45, 243, 12, 954, -195, -1, 177, 951, 50;
44, 241, 12, 941, -222, -5, 173, 943, 47;
40, 237, 8, 903, -273, -26, 159, 925, 34;
47, 242, 15, 956, -231, 14, 183, 945, 59;
41, 236, 10, 904, -295, -15, 163, 922, 41;
41, 235, 10, 892, -318, -17, 160, 916, 40;
42, 235, 12, 902, -318, -4, 166, 919, 48;
43, 235, 13, 900, -329, 0, 168, 918, 51;
45, 237, 16, 920, -318, 20, 178, 926, 63;
38, 229, 9, 842, -404, -24, 148, 893, 35;
40, 230, 12, 858, -395, -6, 158, 900, 47;
45, 235, 17, 897, -361, 28, 177, 916, 68;
43, 232, 16, 871, -393, 18, 169, 906, 62;
36, 225, 10, 804, -465, -17, 144, 880, 40;
39, 228, 13, 823, -449, 4, 155, 889, 53;
43, 231, 18, 850, -425, 32, 169, 902, 70;
38, 226, 14, 799, -478, 7, 151, 882, 55;
35, 222, 11, 756, -523, -11, 137, 866, 43;
35, 222, 12, 748, -531, -6, 137, 866, 47;
40, 226, 17, 787, -492, 30, 157, 885, 69;
35, 221, 13, 733, -545, 5, 138, 865, 54;
38, 224, 17, 751, -525, 28, 149, 876, 68;
34, 220, 14, 702, -572, 7, 133, 859, 55;
29, 215, 10, 644, -625, -18, 113, 839, 39;
35, 221, 16, 690, -576, 23, 136, 862, 65;
26, 212, 9, 598, -662, -25, 103, 828, 35;
25, 211, 9, 580, -674, -24, 99, 826, 35;
28, 214, 12, 594, -653, -2, 110, 836, 49;
24, 210, 9, 546, -695, -21, 94, 821, 37;
25, 212, 12, 549, -683, -5, 100, 828, 47;
27, 214, 15, 555, -668, 12, 107, 836, 58;
24, 211, 12, 510, -703, -4, 93, 823, 48;
25, 213, 15, 515, -688, 13, 100, 832, 59;
18, 206, 8, 432, -759, -27, 71, 804, 33;
17, 206, 9, 415, -764, -24, 69, 803, 35;
19, 208, 12, 422, -744, -4, 77, 813, 47;
19, 208, 12, 406, -746, 0, 75, 814, 50;
20, 210, 14, 403, -736, 12, 79, 819, 58;
19, 210, 15, 386, -737, 16, 77, 820, 60;
16, 207, 13, 340, -768, 0, 63, 809, 51;
19, 210, 16, 352, -739, 24, 74, 822, 66;
14, 206, 13, 292, -781, 0, 54, 805, 51;
16, 209, 16, 303, -753, 23, 64, 818, 65;
7, 202, 9, 209, -829, -23, 30, 787, 36;
11, 206, 14, 230, -789, 6, 45, 805, 54;
9, 205, 13, 201, -797, 3, 38, 802, 53;
12, 208, 16, 208, -770, 24, 47, 814, 65;
4, 201, 10, 121, -837, -17, 16, 787, 39;
9, 208, 17, 160, -775, 24, 38, 813, 66;
3, 203, 11, 88, -825, -6, 14, 792, 46;
-1, 199, 8, 30, -861, -29, -4, 778, 32;
0, 202, 11, 35, -832, -9, 3, 790, 45;
0, 203, 12, 20, -823, -2, 2, 794, 49;
3, 208, 16, 36, -783, 24, 15, 811, 66;
-4, 201, 10, -51, -846, -18, -15, 784, 39;
-3, 203, 12, -57, -826, -5, -12, 793, 47;
0, 208, 17, -35, -778, 25, 2, 812, 66;
0, 208, 17, -56, -773, 28, 0, 814, 68;
-10, 199, 8, -166, -856, -28, -41, 779, 32;
-2, 209, 17, -106, -769, 27, -10, 815, 67;
-7, 206, 14, -160, -795, 7, -27, 803, 55;
-10, 203, 11, -211, -817, -9, -42, 794, 44;
-11, 204, 11, -234, -812, -9, -46, 795, 45;
-7, 210, 17, -202, -751, 28, -28, 820, 68;
-14, 204, 11, -282, -802, -9, -55, 798, 45;
-16, 204, 10, -315, -806, -15, -64, 795, 41;
-10, 211, 18, -269, -729, 31, -39, 826, 70;
-19, 203, 9, -373, -804, -23, -77, 794, 36;
-15, 209, 14, -349, -749, 8, -62, 815, 56;
-23, 203, 7, -433, -803, -32, -92, 792, 30;
-15, 212, 16, -373, -712, 22, -62, 828, 64;
-22, 207, 11, -445, -753, -10, -86, 810, 44;
-25, 206, 9, -485, -761, -22, -98, 804, 36;
-27, 205, 8, -518, -763, -29, -107, 802, 32;
-20, 214, 15, -468, -681, 17, -81, 834, 61;
-20, 216, 17, -474, -655, 27, -79, 843, 68;
-29, 208, 9, -573, -722, -24, -115, 814, 36;
-24, 215, 15, -535, -652, 15, -94, 841, 60;
-30, 211, 10, -602, -687, -16, -117, 824, 40;
-32, 211, 9, -633, -686, -23, -126, 823, 36;
-27, 217, 15, -599, -619, 12, -107, 848, 58;
-25, 221, 18, -588, -576, 32, -98, 864, 70;
-29, 218, 14, -642, -598, 8, -116, 853, 56;
-33, 216, 11, -685, -609, -8, -130, 846, 45;
-30, 222, 15, -663, -555, 18, -117, 866, 62;
-28, 225, 18, -660, -520, 31, -112, 878, 70;
-31, 223, 15, -699, -528, 16, -124, 872, 61;
-40, 217, 8, -786, -583, -29, -156, 847, 32;
-36, 222, 12, -762, -527, -3, -143, 868, 48;
-40, 220, 9, -806, -539, -21, -157, 860, 37;
-37, 224, 12, -790, -491, -1, -147, 877, 50;
-34, 230, 17, -764, -434, 25, -133, 898, 67;
-39, 227, 12, -819, -458, -1, -153, 885, 50;
-44, 224, 8, -870, -479, -26, -171, 874, 34;
-43, 226, 10, -871, -449, -18, -168, 883, 39;
-41, 229, 12, -862, -410, -4, -162, 896, 48;
-40, 232, 14, -857, -375, 7, -157, 908, 55;
-46, 228, 8, -922, -411, -29, -182, 890, 32;
-47, 229, 8, -932, -391, -28, -183, 895, 33;
-39, 238, 16, -870, -300, 19, -155, 930, 63;
-47, 232, 8, -951, -352, -27, -186, 905, 33;
-38, 242, 18, -872, -245, 31, -152, 946, 70;
-45, 237, 11, -939, -284, -7, -177, 927, 46;
-41, 243, 15, -909, -226, 17, -163, 947, 61;
-40, 245, 17, -902, -193, 26, -159, 958, 67;
-48, 239, 9, -979, -243, -19, -189, 934, 38;
-49, 240, 9, -991, -229, -23, -193, 936, 36;
-42, 248, 16, -927, -140, 22, -165, 970, 64;
-42, 250, 16, -930, -117, 23, -165, 976, 65;
-50, 243, 9, -1008, -171, -25, -196, 951, 35;
-50, 245, 8, -1012, -151, -25, -197, 956, 35;
-46, 250, 13, -977, -92, 0, -182, 976, 50;
-43, 255, 16, -945, -37, 23, -168, 996, 65;
-49, 250, 10, -1005, -75, -16, -193, 977, 40;
-44, 257, 15, -958, -6, 16, -173, 1002, 61;
-46, 256, 14, -973, 0, 6, -179, 1001, 54;
-48, 255, 12, -993, 0, -6, -187, 998, 46;
-42, 263, 17, -938, 74, 29, -165, 1025, 69;
-44, 262, 15, -956, 76, 16, -172, 1023, 61;
-50, 257, 9, -1017, 34, -24, -198, 1002, 35;
-47, 261, 12, -986, 83, -6, -186, 1019, 47;
-44, 265, 15, -955, 131, 12, -173, 1035, 58;
-46, 264, 12, -973, 130, -2, -182, 1031, 49;
-41, 271, 17, -919, 199, 30, -161, 1057, 70;
-47, 266, 11, -972, 162, -7, -183, 1038, 46;
-44, 269, 14, -946, 202, 5, -174, 1051, 54;
-49, 265, 8, -989, 173, -26, -193, 1036, 34;
-45, 270, 12, -951, 225, -5, -179, 1054, 47;
-45, 271, 12, -944, 244, -6, -178, 1059, 47;
-41, 276, 15, -901, 298, 17, -162, 1078, 61;
-47, 271, 9, -951, 259, -21, -184, 1059, 37;
-44, 274, 11, -921, 299, -8, -174, 1072, 45;
-45, 274, 10, -925, 305, -16, -178, 1071, 40;
-37, 283, 17, -843, 395, 30, -146, 1105, 70;
-41, 280, 13, -877, 369, 1, -163, 1092, 51;
-43, 279, 11, -882, 371, -9, -167, 1090, 45;
-38, 284, 15, -832, 426, 15, -150, 1109, 60;
-44, 279, 8, -881, 383, -25, -173, 1088, 35;
-40, 284, 12, -833, 436, -1, -156, 1108, 49;
-43, 280, 8, -861, 411, -29, -170, 1094, 32;
-43, 282, 8, -846, 430, -28, -167, 1099, 33;
-41, 283, 9, -826, 452, -25, -162, 1106, 35;
-41, 284, 8, -812, 467, -25, -160, 1109, 34;
-31, 294, 18, -708, 571, 32, -121, 1150, 71;
-31, 294, 16, -705, 574, 24, -123, 1149, 66;
-38, 287, 9, -761, 517, -24, -150, 1122, 36;
-34, 292, 12, -711, 565, -1, -133, 1140, 49;
-27, 298, 18, -642, 631, 32, -108, 1165, 70;
-27, 299, 17, -630, 640, 28, -107, 1166, 68;
-30, 295, 13, -649, 616, 3, -119, 1154, 53;
-32, 294, 11, -655, 606, -12, -126, 1147, 43;
-25, 301, 17, -574, 680, 28, -97, 1176, 68;
-32, 293, 8, -636, 612, -25, -127, 1145, 34;
-32, 293, 7, -626, 614, -32, -127, 1144, 30;
-23, 302, 15, -532, 700, 16, -93, 1178, 61;
-28, 297, 10, -564, 659, -17, -111, 1159, 39;
-26, 298, 11, -534, 679, -12, -103, 1165, 43;
-27, 297, 8, -534, 669, -26, -108, 1159, 34;
-26, 298, 9, -509, 683, -23, -102, 1164, 36;
-21, 302, 12, -454, 725, -1, -85, 1180, 50;
-16, 307, 17, -387, 779, 28, -62, 1201, 68;
-21, 302, 11, -425, 728, -11, -83, 1178, 43;
-20, 302, 10, -408, 730, -15, -81, 1177, 41;
-18, 304, 12, -368, 755, -4, -70, 1186, 48;
-13, 308, 15, -312, 796, 17, -52, 1202, 62;
-17, 303, 10, -336, 755, -13, -67, 1184, 42;
-15, 304, 11, -306, 768, -9, -60, 1188, 44;
-13, 305, 12, -277, 779, -6, -53, 1192, 47;
-8, 309, 15, -217, 820, 17, -34, 1208, 62;
-11, 306, 12, -226, 792, -3, -43, 1196, 48;
-6, 310, 16, -165, 833, 20, -23, 1212, 63;
-7, 308, 13, -168, 810, 2, -30, 1202, 52;
-11, 303, 8, -189, 768, -28, -45, 1184, 33;
-2, 311, 16, -93, 843, 19, -10, 1214, 63;
-5, 307, 12, -105, 808, -4, -21, 1199, 48;
0, 311, 16, -43, 847, 20, -1, 1215, 63;
-3, 307, 11, -63, 804, -9, -15, 1197, 45;
1, 310, 15, -4, 840, 13, 3, 1212, 59;
-5, 303, 7, -47, 771, -31, -19, 1184, 31;
-1, 305, 10, -1, 793, -17, -6, 1193, 40;
5, 311, 15, 75, 844, 17, 19, 1214, 61;
3, 308, 12, 72, 815, -1, 13, 1202, 50;
1, 304, 9, 65, 781, -22, 4, 1188, 37;
5, 308, 13, 123, 813, 0, 22, 1202, 50;
12, 313, 18, 194, 857, 31, 47, 1221, 70;
9, 308, 13, 180, 815, 5, 35, 1204, 54;
9, 308, 13, 200, 807, 2, 38, 1201, 52;
6, 303, 9, 186, 764, -22, 27, 1184, 36;
7, 302, 8, 203, 752, -27, 28, 1180, 33;
17, 311, 18, 316, 836, 31, 69, 1215, 70;
14, 306, 13, 295, 785, 2, 55, 1196, 52;
19, 310, 17, 361, 821, 30, 77, 1211, 69;
12, 302, 9, 306, 736, -21, 49, 1177, 37;
20, 307, 15, 387, 787, 16, 78, 1200, 61;
16, 302, 11, 369, 738, -10, 65, 1181, 44;
18, 303, 12, 398, 736, -6, 72, 1181, 47;
22, 305, 15, 450, 757, 13, 88, 1191, 59;
25, 306, 17, 489, 765, 25, 99, 1196, 66;
23, 302, 13, 478, 723, 3, 90, 1180, 53;
27, 305, 17, 535, 748, 26, 108, 1192, 67;
21, 297, 9, 484, 665, -21, 83, 1160, 37;
28, 302, 15, 560, 709, 15, 109, 1180, 60;
30, 302, 16, 590, 708, 22, 117, 1181, 64;
32, 303, 18, 625, 710, 31, 127, 1184, 70;
32, 301, 17, 636, 688, 25, 127, 1177, 66;
28, 296, 12, 608, 628, -6, 111, 1154, 47;
31, 296, 13, 641, 630, 3, 120, 1157, 53;
28, 292, 10, 630, 586, -16, 111, 1141, 40;
29, 291, 10, 648, 572, -16, 115, 1138, 40;
31, 291, 11, 675, 567, -10, 122, 1138, 44;
35, 294, 14, 726, 586, 11, 139, 1148, 58;
33, 290, 11, 714, 542, -7, 130, 1133, 46;
35, 290, 13, 741, 537, 0, 138, 1133, 50;
36, 290, 13, 763, 527, 3, 143, 1132, 53;
36, 288, 12, 768, 501, -3, 142, 1123, 48;
39, 289, 14, 805, 507, 11, 154, 1129, 58;
40, 289, 15, 826, 496, 15, 159, 1127, 60;
36, 283, 10, 794, 434, -14, 143, 1104, 41;
37, 282, 10, 808, 416, -14, 145, 1099, 41;
37, 280, 10, 819, 397, -16, 147, 1094, 40;
42, 284, 15, 874, 422, 12, 167, 1108, 58;
41, 280, 12, 863, 381, -3, 159, 1094, 49;
43, 281, 14, 890, 379, 7, 168, 1096, 55;
38, 274, 8, 847, 306, -28, 148, 1069, 33;
47, 281, 17, 937, 367, 24, 183, 1097, 66;
44, 276, 13, 916, 317, 4, 172, 1080, 53;
42, 273, 11, 906, 280, -8, 166, 1067, 45;
46, 275, 14, 944, 290, 11, 180, 1074, 58;
49, 277, 17, 979, 297, 29, 192, 1081, 69;
47, 273, 15, 967, 258, 16, 186, 1068, 61;
48, 272, 15, 975, 240, 17, 187, 1064, 61;
43, 266, 10, 930, 168, -16, 167, 1037, 40;
45, 266, 12, 954, 167, -4, 176, 1040, 48;
43, 263, 10, 938, 126, -18, 168, 1026, 39;
46, 265, 13, 971, 134, 0, 181, 1033, 51;
42, 259, 8, 934, 73, -26, 165, 1011, 34;
51, 267, 18, 1025, 141, 32, 202, 1043, 71;
43, 257, 9, 946, 38, -22, 168, 1004, 37;
50, 263, 16, 1012, 82, 20, 196, 1025, 63;
51, 262, 17, 1022, 70, 26, 199, 1024, 67;
47, 257, 13, 990, 17, 4, 186, 1005, 53;
50, 259, 16, 1019, 25, 23, 198, 1012, 65;
51, 259, 17, 1026, 12, 28, 201, 1010, 68;
43, 249, 9, 945, -87, -24, 168, 972, 36;
42, 247, 8, 940, -111, -25, 166, 965, 34;
47, 251, 14, 986, -83, 6, 186, 980, 54;
46, 249, 12, 973, -113, 0, 181, 971, 50;
43, 245, 10, 947, -156, -15, 171, 957, 41;
44, 244, 11, 950, -169, -10, 173, 955, 44;
49, 248, 16, 990, -144, 19, 191, 968, 63;
43, 241, 11, 936, -213, -12, 170, 943, 42;
47, 245, 15, 971, -191, 14, 186, 956, 60;
40, 236, 8, 900, -276, -28, 158, 924, 33;
46, 241, 14, 949, -239, 9, 180, 942, 56;
46, 241, 15, 952, -248, 16, 183, 942, 61;
46, 239, 15, 939, -271, 13, 180, 935, 59;
43, 236, 12, 906, -314, -1, 168, 921, 49;
41, 233, 11, 881, -349, -12, 160, 910, 43;
38, 230, 8, 850, -388, -26, 149, 897, 34;
36, 227, 7, 831, -415, -31, 144, 888, 31;
46, 236, 18, 914, -339, 31, 181, 923, 70;
43, 233, 16, 883, -376, 18, 171, 910, 62;
38, 227, 11, 827, -437, -10, 150, 888, 44;
36, 225, 9, 798, -470, -21, 141, 877, 37;
39, 227, 13, 821, -452, 2, 154, 888, 52;
33, 221, 8, 759, -516, -28, 131, 864, 33;
42, 230, 17, 834, -444, 30, 166, 897, 69;
41, 228, 17, 812, -466, 26, 160, 890, 67;
37, 224, 14, 766, -513, 6, 145, 873, 54;
39, 226, 17, 781, -498, 26, 154, 882, 67;
37, 224, 16, 754, -524, 19, 147, 874, 62;
30, 216, 9, 673, -603, -23, 117, 843, 36;
33, 219, 13, 691, -583, 0, 128, 854, 51;
29, 215, 10, 650, -620, -15, 116, 841, 41;
29, 216, 11, 642, -624, -8, 116, 842, 45;
29, 215, 11, 625, -635, -7, 114, 840, 46;
30, 217, 14, 630, -625, 8, 120, 846, 56;
33, 219, 17, 641, -607, 28, 129, 856, 68;
22, 209, 8, 531, -709, -31, 88, 815, 31;
31, 218, 17, 603, -629, 30, 123, 851, 69;
23, 210, 11, 518, -705, -12, 92, 821, 43;
23, 210, 12, 507, -706, -5, 92, 822, 47;
25, 212, 14, 511, -692, 10, 98, 830, 57;
25, 213, 15, 499, -693, 16, 98, 831, 61;
16, 204, 7, 403, -776, -32, 64, 798, 30;
15, 204, 8, 383, -783, -30, 60, 797, 31;
18, 207, 11, 393, -759, -9, 70, 808, 45;
18, 208, 13, 388, -750, 2, 73, 813, 52;
15, 205, 11, 344, -779, -11, 60, 803, 43;
20, 211, 16, 375, -733, 24, 78, 823, 65;
10, 201, 7, 267, -824, -31, 39, 787, 31;
13, 206, 12, 289, -784, -1, 53, 804, 50;
12, 205, 12, 265, -791, -1, 49, 802, 49;
13, 207, 14, 258, -780, 9, 51, 808, 56;
11, 205, 13, 225, -794, 2, 42, 803, 52;
12, 208, 16, 226, -772, 20, 49, 812, 63;
5, 202, 10, 146, -832, -16, 21, 788, 40;
2, 200, 8, 105, -853, -28, 9, 780, 33;
6, 205, 14, 132, -803, 6, 26, 801, 54;
5, 205, 13, 107, -806, 5, 22, 800, 54;
2, 203, 12, 64, -826, -6, 9, 792, 47;
4, 206, 15, 68, -799, 12, 16, 804, 58;
4, 207, 16, 56, -788, 20, 17, 809, 63;
1, 205, 14, 17, -802, 11, 7, 803, 58;
-1, 203, 12, -27, -821, -1, -5, 795, 49;
-6, 200, 9, -83, -852, -22, -23, 782, 36;
0, 207, 16, -40, -783, 22, 0, 810, 64;
-1, 207, 16, -65, -782, 22, -4, 810, 64;
-3, 206, 15, -102, -792, 14, -14, 806, 59;
-12, 199, 7, -195, -858, -32, -47, 778, 31;
-11, 201, 10, -200, -835, -18, -43, 787, 39;
-5, 208, 16, -162, -769, 22, -22, 814, 65;
-11, 204, 12, -225, -803, -3, -43, 799, 48;
-14, 203, 10, -269, -818, -16, -55, 792, 40;
-11, 207, 14, -258, -778, 6, -45, 808, 55;
-13, 207, 13, -284, -774, 5, -51, 808, 54;
-13, 208, 14, -301, -761, 9, -52, 812, 57;
-11, 211, 17, -297, -728, 27, -46, 825, 68;
-21, 203, 8, -402, -802, -26, -84, 793, 34;
-13, 212, 17, -342, -711, 28, -54, 830, 68;
-18, 209, 14, -398, -736, 6, -72, 818, 54;
-19, 210, 14, -417, -724, 8, -75, 821, 56;
-17, 214, 17, -410, -686, 27, -67, 836, 68;
-21, 211, 14, -463, -708, 6, -84, 825, 55;
-22, 211, 13, -488, -701, 4, -89, 826, 53;
-25, 211, 12, -523, -704, -4, -99, 823, 48;
-29, 209, 9, -571, -720, -22, -114, 815, 36;
-30, 209, 9, -594, -711, -24, -119, 817, 35;
-30, 211, 10, -603, -688, -16, -118, 824, 40;
-24, 219, 17, -556, -609, 27, -94, 855, 68;
-33, 211, 8, -656, -676, -25, -131, 825, 34;
-34, 212, 8, -678, -667, -28, -136, 827, 33;
-33, 215, 11, -673, -629, -12, -129, 840, 43;
-36, 213, 8, -714, -638, -27, -142, 834, 33;
-37, 215, 9, -729, -621, -25, -144, 839, 35;
-32, 221, 14, -699, -559, 6, -128, 862, 54;
-33, 222, 14, -709, -537, 10, -128, 868, 57;
-35, 221, 12, -745, -541, -2, -139, 864, 49;
-36, 222, 12, -761, -526, -2, -142, 868, 49;
-32, 228, 17, -733, -466, 26, -127, 890, 67;
-39, 223, 11, -807, -508, -12, -154, 870, 43;
-42, 222, 9, -837, -507, -23, -164, 867, 36;
-36, 229, 15, -792, -431, 16, -142, 896, 61;
-43, 224, 9, -862, -471, -21, -168, 877, 37;
-39, 230, 14, -833, -411, 6, -153, 899, 55;
-40, 231, 13, -847, -395, 5, -156, 902, 54;
-41, 231, 13, -868, -386, 0, -162, 903, 50;
-37, 237, 17, -833, -322, 30, -145, 927, 69;
-44, 231, 10, -912, -371, -14, -175, 904, 41;
-46, 232, 9, -929, -359, -19, -180, 905, 38;
-39, 240, 17, -870, -272, 26, -153, 938, 67;
-43, 238, 13, -910, -284, 5, -168, 930, 54;
-39, 244, 18, -878, -223, 32, -152, 952, 71;
-48, 236, 9, -969, -287, -22, -188, 922, 36;
-46, 240, 12, -952, -243, -6, -179, 937, 46;
-42, 246, 16, -918, -183, 20, -164, 959, 63;
-41, 247, 16, -920, -158, 23, -163, 966, 65;
-41, 250, 17, -915, -127, 30, -160, 975, 70;
-45, 247, 13, -957, -145, 5, -176, 965, 54;
-48, 245, 10, -992, -155, -14, -190, 957, 41;
-51, 243, 7, -1023, -161, -32, -202, 951, 30;
-44, 252, 15, -956, -71, 13, -173, 985, 59;
-50, 247, 9, -1016, -108, -24, -198, 966, 35;
-44, 255, 15, -962, -32, 12, -175, 995, 58;
-48, 252, 11, -999, -47, -11, -190, 985, 43;
-48, 253, 11, -1000, -27, -11, -190, 990, 43;
-43, 260, 16, -953, 40, 19, -171, 1014, 63;
-46, 258, 13, -979, 33, 2, -182, 1008, 52;
-43, 262, 16, -951, 82, 20, -170, 1025, 63;
-46, 261, 13, -977, 73, 1, -181, 1018, 51;
-46, 262, 13, -970, 98, 4, -179, 1025, 53;
-42, 268, 17, -932, 154, 27, -164, 1045, 68;
-45, 266, 14, -960, 143, 6, -176, 1037, 55;
-42, 269, 16, -934, 185, 21, -167, 1051, 64;
-47, 265, 11, -978, 156, -11, -186, 1036, 43;
-44, 270, 14, -943, 206, 8, -173, 1053, 56;
-41, 274, 17, -908, 254, 27, -160, 1070, 67;
-49, 267, 9, -980, 196, -24, -191, 1042, 35;
-48, 268, 9, -970, 218, -23, -188, 1048, 36;
-47, 270, 9, -959, 240, -21, -186, 1054, 37;
-49, 269, 7, -967, 243, -32, -191, 1052, 30;
-41, 277, 14, -895, 325, 9, -163, 1083, 56;
-39, 280, 16, -868, 361, 21, -154, 1095, 64;
-41, 279, 13, -883, 355, 4, -163, 1089, 53;
-43, 278, 11, -889, 357, -6, -168, 1087, 46;
-40, 282, 14, -857, 395, 6, -157, 1100, 55;
-39, 284, 14, -838, 421, 11, -152, 1107, 58;
-45, 278, 8, -889, 375, -30, -176, 1085, 31;
-36, 287, 16, -800, 468, 19, -142, 1121, 63;
-39, 285, 12, -820, 452, -2, -153, 1111, 49;
-35, 289, 15, -777, 498, 16, -139, 1128, 61;
-36, 289, 14, -775, 503, 8, -141, 1127, 56;
-41, 284, 8, -812, 467, -25, -160, 1109, 34;
-36, 289, 12, -758, 521, 0, -141, 1129, 50;
-35, 290, 12, -745, 534, -2, -139, 1132, 49;
-35, 291, 12, -730, 548, -3, -137, 1135, 48;
-32, 293, 13, -699, 577, 5, -128, 1144, 54;
-33, 293, 13, -691, 582, 0, -129, 1144, 50;
-31, 294, 13, -669, 601, 2, -124, 1150, 52;
-31, 295, 12, -658, 607, -2, -123, 1150, 49;
-31, 295, 12, -641, 619, -3, -120, 1153, 48;
-29, 297, 13, -616, 638, 0, -114, 1159, 51;
-27, 298, 13, -592, 656, 3, -109, 1164, 53;
-30, 295, 10, -606, 634, -18, -119, 1153, 39;
-29, 296, 9, -588, 644, -20, -116, 1155, 38;
-24, 301, 13, -529, 694, 5, -96, 1174, 54;
-29, 296, 8, -560, 653, -29, -114, 1155, 32;
-19, 305, 17, -454, 748, 27, -75, 1192, 67;
-20, 304, 15, -450, 741, 15, -78, 1188, 60;
-23, 300, 10, -472, 707, -13, -92, 1172, 42;
-16, 307, 16, -395, 771, 23, -65, 1197, 65;
-17, 306, 15, -386, 766, 13, -67, 1194, 59;
-14, 307, 16, -352, 786, 21, -58, 1200, 64;
-22, 299, 7, -411, 713, -32, -87, 1169, 30;
-17, 304, 12, -347, 760, -5, -66, 1187, 47;
-16, 304, 11, -332, 759, -11, -65, 1186, 43;
-9, 311, 17, -245, 828, 30, -35, 1213, 70;
-8, 310, 17, -228, 828, 26, -33, 1212, 67;
-12, 306, 12, -252, 785, -5, -49, 1194, 47;
-13, 304, 9, -250, 768, -20, -53, 1186, 38;
-9, 307, 12, -197, 802, 0, -36, 1199, 50;
-11, 304, 9, -205, 774, -21, -45, 1187, 37;
-8, 306, 11, -161, 796, -9, -33, 1195, 45;
-9, 304, 9, -157, 779, -22, -37, 1188, 36;
-1, 311, 16, -69, 844, 19, -6, 1215, 63;
-5, 306, 10, -95, 795, -14, -22, 1194, 42;
-2, 308, 12, -53, 814, -2, -10, 1202, 49;
-4, 305, 9, -57, 786, -21, -18, 1190, 37;
0, 308, 12, -3, 815, -2, -1, 1202, 49;
3, 310, 15, 45, 840, 14, 13, 1212, 59;
0, 306, 11, 31, 800, -11, 1, 1196, 43;
5, 310, 15, 93, 836, 12, 21, 1211, 58;
2, 306, 10, 78, 795, -13, 9, 1194, 42;
1, 304, 8, 84, 773, -26, 6, 1186, 34;
9, 310, 15, 166, 829, 12, 35, 1209, 58;
6, 305, 11, 152, 787, -12, 24, 1192, 42;
4, 302, 8, 151, 758, -29, 18, 1181, 32;
10, 307, 13, 220, 798, 0, 41, 1198, 51;
16, 312, 18, 292, 841, 31, 65, 1217, 70;
12, 306, 12, 265, 785, -2, 48, 1194, 49;
12, 304, 11, 274, 765, -11, 47, 1187, 43;
13, 304, 11, 297, 758, -11, 51, 1185, 43;
18, 307, 15, 359, 790, 13, 71, 1200, 59;
18, 306, 14, 372, 772, 6, 71, 1193, 55;
23, 309, 17, 429, 799, 30, 90, 1206, 69;
23, 307, 16, 444, 782, 24, 91, 1200, 66;
23, 306, 15, 455, 762, 17, 90, 1193, 61;
26, 308, 18, 501, 776, 32, 104, 1201, 71;
27, 306, 17, 518, 763, 29, 107, 1197, 69;
19, 297, 8, 453, 666, -27, 75, 1158, 33;
24, 301, 13, 517, 698, 0, 96, 1174, 51;
29, 303, 16, 568, 717, 20, 113, 1183, 64;
25, 298, 12, 548, 665, -6, 100, 1163, 46;
32, 303, 18, 624, 709, 30, 127, 1184, 70;
27, 296, 12, 588, 641, -6, 107, 1157, 47;
28, 296, 12, 607, 628, -6, 111, 1154, 47;
27, 293, 10, 613, 601, -15, 109, 1145, 41;
33, 297, 15, 678, 634, 15, 131, 1161, 60;
30, 293, 11, 661, 585, -8, 120, 1143, 45;
30, 290, 10, 663, 555, -18, 117, 1133, 39;
33, 292, 13, 708, 568, 0, 132, 1141, 50;
37, 294, 15, 751, 579, 17, 146, 1148, 61;
35, 290, 13, 743, 539, 1, 139, 1134, 51;
39, 292, 16, 787, 551, 19, 153, 1142, 63;
40, 292, 16, 804, 537, 20, 157, 1138, 63;
42, 291, 17, 829, 530, 27, 163, 1138, 67;
39, 287, 13, 808, 479, 3, 152, 1120, 53;
42, 289, 16, 853, 492, 24, 167, 1128, 65;
40, 285, 13, 837, 446, 4, 157, 1112, 53;
35, 278, 8, 799, 377, -29, 139, 1086, 32;
43, 284, 15, 880, 428, 16, 169, 1110, 61;
38, 277, 9, 836, 354, -21, 148, 1082, 37;
46, 284, 17, 921, 409, 28, 181, 1108, 68;
41, 277, 11, 878, 337, -7, 161, 1082, 46;
44, 278, 14, 910, 340, 6, 171, 1086, 55;
45, 278, 14, 926, 327, 11, 176, 1084, 57;
46, 278, 16, 946, 320, 18, 182, 1084, 62;
44, 274, 13, 932, 277, 3, 175, 1069, 53;
48, 276, 16, 971, 289, 24, 189, 1077, 65;
40, 267, 8, 903, 193, -26, 159, 1041, 34;
48, 273, 16, 982, 246, 21, 190, 1066, 64;
46, 269, 13, 963, 201, 5, 181, 1051, 54;
48, 269, 15, 983, 196, 14, 188, 1052, 60;
43, 263, 10, 938, 126, -18, 168, 1026, 39;
48, 267, 15, 991, 154, 13, 189, 1041, 59;
43, 260, 10, 946, 85, -18, 170, 1016, 39;
43, 259, 10, 948, 64, -18, 170, 1011, 39;
46, 260, 12, 974, 66, -3, 180, 1015, 48;
48, 261, 14, 996, 66, 10, 189, 1019, 57;
42, 253, 8, 936, -15, -31, 164, 988, 31;
48, 259, 15, 1001, 28, 12, 191, 1010, 58;
48, 257, 14, 995, 2, 8, 188, 1002, 56;
43, 251, 9, 950, -63, -21, 170, 978, 37;
47, 253, 13, 982, -50, 0, 183, 987, 51;
51, 256, 17, 1023, -27, 29, 201, 1000, 69;
48, 251, 14, 990, -79, 8, 187, 982, 56;
42, 245, 9, 936, -150, -25, 166, 956, 35;
48, 250, 15, 990, -112, 13, 189, 975, 59;
41, 241, 8, 920, -199, -30, 161, 942, 32;
46, 245, 13, 967, -167, 4, 181, 959, 53;
42, 240, 9, 922, -226, -21, 164, 938, 37;
49, 246, 16, 986, -177, 24, 192, 962, 66;
44, 240, 12, 937, -238, -3, 173, 939, 48;
41, 237, 10, 908, -280, -17, 163, 925, 39;
43, 237, 11, 915, -284, -8, 167, 927, 45;
39, 233, 9, 881, -329, -24, 155, 911, 35;
47, 240, 17, 949, -271, 26, 186, 938, 67;
38, 231, 8, 859, -371, -27, 151, 900, 34;
43, 235, 14, 899, -339, 6, 170, 917, 55;
45, 236, 16, 913, -333, 22, 178, 922, 65;
43, 233, 15, 887, -366, 12, 169, 911, 58;
44, 233, 16, 886, -373, 20, 172, 912, 63;
38, 227, 11, 824, -440, -12, 149, 887, 43;
41, 230, 14, 847, -421, 11, 162, 897, 58;
39, 227, 13, 819, -453, 1, 153, 887, 52;
41, 229, 15, 829, -447, 17, 160, 893, 61;
42, 229, 17, 830, -448, 27, 164, 895, 68;
40, 227, 16, 803, -476, 20, 156, 886, 63;
41, 228, 18, 806, -474, 32, 161, 890, 71;
38, 225, 16, 773, -506, 21, 151, 879, 64;
32, 218, 10, 700, -578, -16, 125, 852, 40;
36, 222, 15, 728, -548, 13, 140, 867, 59;
34, 220, 14, 702, -571, 7, 133, 859, 55;
27, 213, 8, 632, -638, -27, 108, 834, 34;
30, 216, 12, 647, -619, -5, 118, 844, 47;
31, 217, 14, 646, -614, 6, 123, 848, 55;
32, 218, 16, 645, -610, 18, 126, 852, 62;
33, 219, 17, 642, -605, 29, 130, 856, 69;
26, 213, 12, 571, -669, -4, 105, 832, 48;
23, 210, 10, 531, -701, -17, 93, 821, 40;
29, 216, 16, 573, -650, 23, 115, 844, 65;
22, 210, 11, 499, -714, -11, 89, 819, 43;
20, 208, 9, 466, -737, -19, 80, 811, 38;
23, 211, 13, 478, -714, 2, 90, 823, 52;
21, 209, 12, 449, -730, -1, 83, 817, 49;
25, 214, 17, 475, -691, 30, 98, 835, 69;
18, 208, 12, 400, -753, -4, 72, 811, 47;
16, 206, 10, 364, -774, -13, 63, 803, 42;
20, 211, 16, 396, -727, 22, 81, 824, 65;
18, 209, 14, 356, -751, 11, 70, 816, 58;
19, 211, 17, 359, -732, 29, 77, 825, 69;
11, 203, 10, 265, -809, -17, 43, 794, 39;
12, 205, 12, 264, -792, -2, 48, 802, 49;
13, 207, 15, 265, -773, 13, 54, 810, 59;
10, 205, 12, 216, -802, -2, 39, 799, 49;
10, 206, 14, 207, -792, 7, 41, 804, 55;
6, 203, 11, 159, -819, -8, 26, 793, 45;
4, 202, 10, 125, -832, -14, 18, 789, 41;
5, 204, 13, 122, -813, 0, 22, 797, 50;
3, 203, 12, 88, -825, -6, 14, 793, 46;
4, 204, 13, 78, -813, 2, 15, 798, 52;
0, 202, 10, 29, -838, -13, 0, 788, 42;
-2, 200, 9, -5, -849, -20, -7, 783, 38;
3, 208, 16, 36, -782, 24, 15, 811, 66;
-1, 203, 12, -26, -821, -1, -5, 795, 50;
2, 208, 17, -5, -774, 29, 9, 814, 69;
-3, 204, 12, -74, -818, 0, -14, 796, 50;
-9, 199, 8, -143, -860, -29, -36, 778, 32;
-6, 204, 12, -127, -817, -2, -24, 796, 49;
-11, 200, 8, -188, -851, -27, -44, 781, 33;
-3, 209, 17, -130, -765, 27, -14, 816, 68;
-14, 200, 8, -243, -850, -31, -56, 780, 31;
-9, 206, 14, -209, -787, 7, -36, 805, 55;
-15, 202, 9, -276, -825, -21, -58, 789, 37;
-8, 210, 16, -231, -751, 24, -34, 819, 66;
-12, 207, 14, -280, -770, 8, -49, 810, 55;
-12, 209, 15, -290, -750, 16, -48, 817, 61;
-13, 209, 15, -313, -744, 16, -52, 818, 61;
-17, 207, 13, -362, -762, 0, -67, 810, 50;
-16, 209, 14, -370, -739, 9, -65, 818, 57;
-15, 212, 17, -369, -707, 25, -60, 830, 66;
-20, 209, 12, -431, -739, -1, -81, 815, 50;
-18, 213, 16, -421, -697, 20, -71, 831, 63;
-27, 206, 8, -516, -760, -28, -106, 803, 33;
-25, 209, 11, -512, -725, -11, -99, 816, 43;
-25, 211, 12, -523, -703, -4, -99, 823, 48;
-29, 209, 9, -570, -719, -22, -114, 815, 37;
-29, 210, 10, -585, -702, -18, -115, 820, 39;
-28, 213, 12, -587, -672, -6, -111, 831, 47;
-32, 211, 9, -633, -686, -23, -126, 823, 36;
-27, 218, 15, -594, -614, 15, -105, 850, 60;
-27, 219, 15, -613, -601, 15, -109, 854, 60;
-26, 222, 17, -611, -568, 28, -104, 865, 68;
-32, 217, 12, -677, -602, -3, -127, 849, 49;
-33, 218, 12, -696, -588, -3, -131, 852, 48;
-31, 222, 15, -682, -542, 17, -121, 869, 61;
-29, 225, 17, -680, -509, 29, -116, 880, 69;
-40, 217, 8, -786, -582, -29, -156, 847, 32;
-37, 221, 11, -772, -537, -9, -147, 863, 44;
-34, 226, 15, -753, -487, 12, -136, 882, 59;
-32, 230, 17, -742, -444, 30, -128, 897, 69;
-42, 221, 8, -845, -515, -28, -167, 864, 33;
-40, 225, 11, -831, -470, -9, -158, 880, 45;
-43, 224, 9, -863, -471, -21, -168, 877, 37;
-38, 231, 14, -829, -407, 9, -151, 901, 56;
-44, 226, 9, -892, -440, -24, -175, 884, 35;
-43, 229, 11, -886, -404, -12, -169, 896, 43;
-37, 237, 17, -835, -323, 29, -145, 926, 69;
-39, 236, 15, -863, -322, 17, -155, 924, 61;
-39, 238, 16, -869, -299, 20, -155, 930, 63;
-47, 232, 9, -947, -348, -24, -185, 907, 35;
-47, 233, 9, -956, -329, -25, -187, 911, 35;
-42, 240, 14, -914, -259, 8, -167, 937, 56;
-40, 244, 17, -893, -211, 28, -157, 954, 68;
-45, 240, 12, -949, -240, -4, -178, 939, 48;
-40, 247, 17, -907, -171, 27, -159, 964, 68;
-50, 239, 8, -1001, -239, -30, -197, 932, 32;
-43, 247, 15, -939, -152, 14, -170, 965, 59;
-45, 247, 13, -961, -148, 3, -178, 963, 53;
-47, 246, 11, -983, -146, -8, -186, 961, 45;
-41, 254, 18, -925, -64, 32, -161, 992, 71;
-47, 249, 11, -988, -103, -7, -186, 972, 46;
-43, 254, 16, -951, -43, 19, -170, 994, 62;
-44, 255, 15, -960, -30, 14, -174, 995, 59;
-42, 258, 17, -940, 11, 27, -165, 1009, 68;
-43, 259, 17, -945, 27, 25, -167, 1013, 66;
-45, 258, 14, -967, 26, 11, -176, 1009, 57;
-46, 258, 13, -977, 36, 3, -181, 1010, 53;
-42, 264, 17, -940, 92, 27, -165, 1029, 68;
-43, 264, 16, -946, 105, 22, -169, 1031, 64;
-43, 265, 15, -951, 118, 17, -171, 1033, 61;
-43, 266, 15, -948, 138, 16, -171, 1038, 61;
-50, 261, 9, -1004, 99, -22, -195, 1019, 36;
-45, 267, 13, -957, 161, 5, -176, 1041, 54;
-46, 267, 12, -963, 171, -1, -180, 1042, 49;
-41, 273, 17, -914, 234, 27, -161, 1065, 67;
-44, 270, 13, -941, 221, 5, -173, 1056, 54;
-45, 270, 12, -951, 225, -5, -179, 1054, 47;
-41, 275, 16, -906, 282, 19, -162, 1074, 62;
-48, 269, 8, -968, 232, -27, -189, 1051, 34;
-44, 274, 12, -925, 285, -4, -174, 1070, 48;
-46, 272, 9, -942, 278, -21, -183, 1063, 37;
-41, 278, 14, -886, 343, 9, -162, 1087, 56;
-38, 282, 17, -849, 389, 26, -149, 1103, 67;
-38, 283, 16, -846, 399, 21, -150, 1104, 64;
-40, 281, 13, -861, 391, 4, -159, 1098, 53;
-38, 284, 15, -835, 424, 13, -151, 1108, 59;
-42, 280, 10, -867, 397, -16, -167, 1094, 40;
-37, 286, 15, -811, 458, 12, -147, 1117, 58;
-42, 281, 9, -853, 420, -24, -167, 1098, 35;
-39, 285, 11, -813, 462, -7, -154, 1113, 46;
-42, 282, 7, -837, 441, -32, -167, 1101, 30;
-36, 288, 13, -773, 506, 0, -144, 1126, 51;
-38, 287, 10, -780, 499, -15, -150, 1120, 41;
-32, 293, 15, -716, 563, 17, -127, 1144, 61;
-30, 296, 17, -683, 595, 28, -117, 1155, 68;
-29, 296, 17, -669, 607, 25, -116, 1157, 67;
-36, 289, 9, -726, 547, -23, -143, 1130, 36;
-36, 289, 8, -717, 553, -29, -143, 1130, 32;
-26, 299, 17, -614, 652, 27, -105, 1169, 67;
-35, 291, 8, -680, 581, -29, -136, 1137, 32;
-29, 297, 13, -613, 642, 2, -113, 1160, 52;
-24, 302, 17, -555, 693, 28, -93, 1179, 68;
-31, 295, 9, -612, 628, -22, -122, 1150, 36;
-30, 295, 9, -591, 641, -22, -117, 1154, 37;
-21, 304, 17, -496, 727, 27, -83, 1187, 68;
-19, 305, 17, -470, 743, 30, -77, 1192, 69;
-25, 299, 10, -515, 688, -13, -100, 1167, 42;
-22, 302, 13, -470, 721, 2, -87, 1179, 52;
-23, 300, 10, -472, 707, -13, -92, 1172, 42;
-23, 300, 10, -456, 710, -17, -91, 1172, 39;
-15, 307, 16, -373, 780, 22, -61, 1199, 65;
-22, 300, 9, -421, 717, -24, -87, 1172, 35;
-20, 301, 9, -394, 729, -21, -80, 1176, 37;
-13, 307, 15, -317, 790, 14, -54, 1200, 59;
-17, 303, 10, -339, 752, -15, -68, 1183, 41;
-13, 306, 13, -292, 782, 0, -54, 1194, 50;
-10, 309, 15, -245, 811, 15, -40, 1205, 60;
-7, 310, 16, -208, 829, 24, -30, 1212, 65;
-12, 305, 11, -236, 783, -10, -47, 1192, 44;
-5, 311, 16, -164, 835, 21, -23, 1213, 64;
-13, 303, 8, -217, 761, -30, -51, 1181, 32;
-6, 308, 13, -145, 812, 1, -26, 1202, 51;
-10, 304, 8, -162, 773, -26, -39, 1185, 34;
-4, 308, 13, -98, 815, 0, -18, 1202, 51;
-6, 305, 9, -105, 785, -21, -26, 1190, 37;
-5, 305, 10, -77, 790, -19, -21, 1191, 39;
-1, 308, 12, -25, 818, 0, -4, 1203, 50;
2, 310, 15, 21, 840, 14, 8, 1212, 59;
-1, 306, 10, 0, 795, -16, -5, 1193, 40;
1, 307, 11, 38, 807, -7, 4, 1199, 46;
8, 313, 18, 121, 865, 31, 33, 1223, 70;
7, 310, 15, 120, 837, 14, 27, 1211, 59;
2, 305, 10, 95, 785, -18, 11, 1190, 39;
5, 306, 11, 132, 794, -10, 21, 1195, 44;
4, 304, 9, 140, 775, -20, 19, 1187, 38;
10, 309, 14, 210, 817, 9, 42, 1205, 56;
11, 308, 13, 227, 805, 4, 44, 1201, 53;
16, 311, 17, 288, 837, 28, 63, 1215, 68;
16, 309, 16, 299, 819, 20, 62, 1208, 63;
17, 309, 16, 325, 815, 22, 68, 1208, 64;
11, 302, 9, 285, 746, -19, 46, 1180, 38;
18, 307, 15, 361, 791, 14, 72, 1200, 60;
14, 301, 9, 331, 731, -20, 54, 1176, 38;
16, 302, 11, 368, 738, -10, 65, 1180, 44;
20, 305, 14, 417, 755, 6, 80, 1189, 55;
22, 304, 14, 443, 750, 9, 85, 1189, 56;
20, 301, 11, 441, 716, -7, 79, 1176, 46;
20, 300, 11, 455, 700, -12, 80, 1171, 43;
23, 301, 12, 494, 707, 0, 92, 1175, 50;
23, 300, 12, 508, 689, -5, 92, 1170, 47;
21, 295, 8, 495, 644, -28, 82, 1153, 33;
29, 302, 16, 585, 702, 18, 115, 1179, 62;
23, 294, 9, 541, 626, -24, 92, 1149, 35;
32, 301, 16, 633, 686, 23, 126, 1176, 65;
32, 300, 16, 645, 666, 18, 126, 1170, 62;
30, 296, 12, 635, 624, 0, 118, 1155, 50;
28, 292, 10, 628, 585, -17, 111, 1141, 40;
30, 292, 11, 658, 583, -9, 119, 1142, 44;
35, 296, 15, 716, 608, 16, 139, 1155, 61;
35, 294, 15, 727, 587, 12, 139, 1149, 58;
33, 290, 11, 711, 539, -9, 129, 1131, 45;
31, 286, 9, 703, 500, -25, 122, 1118, 35;
37, 291, 14, 774, 538, 10, 148, 1136, 57;
37, 288, 13, 774, 507, 0, 144, 1126, 51;
42, 292, 17, 829, 530, 27, 164, 1138, 67;
43, 291, 18, 849, 519, 31, 169, 1137, 70;
43, 290, 17, 859, 499, 28, 170, 1131, 68;
36, 281, 9, 801, 409, -19, 142, 1097, 38;
38, 281, 11, 827, 405, -10, 150, 1098, 44;
37, 278, 9, 819, 367, -24, 144, 1085, 35;
39, 279, 11, 849, 367, -12, 154, 1088, 43;
38, 276, 9, 843, 331, -23, 149, 1076, 36;
41, 277, 12, 880, 339, -6, 162, 1082, 47;
47, 282, 17, 945, 375, 30, 186, 1101, 69;
48, 281, 18, 958, 360, 32, 190, 1097, 71;
44, 275, 13, 923, 296, 2, 173, 1074, 52;
39, 269, 8, 885, 230, -27, 155, 1050, 33;
46, 274, 15, 956, 274, 13, 183, 1071, 59;
49, 275, 17, 981, 272, 26, 192, 1074, 67;
45, 270, 13, 950, 214, 0, 177, 1053, 51;
50, 273, 18, 1004, 242, 32, 198, 1068, 71;
40, 262, 7, 913, 126, -31, 159, 1023, 31;
44, 264, 11, 947, 134, -12, 172, 1030, 43;
46, 265, 13, 975, 137, 3, 182, 1035, 52;
45, 262, 12, 967, 106, -4, 179, 1025, 48;
45, 260, 11, 964, 79, -8, 176, 1017, 45;
45, 259, 12, 969, 62, -6, 178, 1013, 46;
43, 256, 9, 952, 22, -19, 170, 1000, 38;
48, 260, 14, 999, 47, 11, 190, 1014, 57;
50, 260, 16, 1017, 44, 22, 197, 1016, 64;
44, 252, 10, 956, -37, -18, 172, 986, 39;
42, 249, 8, 938, -74, -29, 165, 974, 32;
51, 257, 17, 1023, -9, 27, 200, 1004, 68;
44, 249, 11, 961, -90, -12, 175, 974, 43;
44, 248, 10, 954, -115, -15, 172, 967, 41;
46, 249, 12, 972, -114, 0, 181, 971, 50;
51, 252, 17, 1014, -89, 29, 199, 985, 69;
43, 243, 10, 941, -178, -16, 169, 951, 40;
47, 246, 14, 976, -158, 10, 185, 963, 57;
50, 248, 17, 997, -151, 27, 195, 969, 68;
48, 245, 15, 975, -187, 17, 187, 957, 61;
44, 241, 12, 941, -235, -1, 175, 941, 50;
46, 242, 14, 953, -235, 12, 182, 944, 58;
48, 243, 17, 966, -233, 26, 189, 948, 67;
39, 233, 8, 874, -337, -29, 152, 908, 32;
48, 241, 17, 953, -267, 29, 187, 940, 69;
43, 235, 13, 905, -325, 3, 169, 919, 52;
38, 230, 9, 853, -385, -24, 150, 897, 35;
46, 237, 17, 920, -326, 27, 180, 925, 67;
39, 229, 11, 850, -402, -11, 154, 896, 43;
41, 231, 13, 863, -396, 4, 162, 902, 53;
35, 225, 8, 802, -463, -27, 140, 877, 33;
42, 231, 15, 855, -414, 16, 165, 900, 61;
44, 232, 18, 863, -409, 31, 171, 905, 70;
41, 229, 15, 830, -446, 18, 161, 893, 62;
42, 229, 17, 832, -445, 29, 165, 896, 69;
34, 221, 10, 750, -529, -15, 134, 864, 41;
32, 218, 8, 719, -561, -25, 125, 854, 34;
36, 222, 13, 748, -531, 4, 140, 868, 53;
29, 216, 8, 678, -600, -31, 115, 842, 31;
37, 224, 17, 746, -530, 25, 148, 874, 66;
37, 223, 17, 732, -542, 27, 145, 871, 68;
33, 219, 14, 684, -585, 7, 130, 856, 55;
36, 222, 18, 703, -563, 32, 142, 867, 70;
31, 217, 14, 647, -613, 7, 123, 849, 55;
26, 212, 9, 585, -670, -21, 101, 828, 37;
33, 219, 18, 645, -603, 31, 131, 857, 70;
31, 217, 16, 614, -626, 24, 122, 850, 66;
21, 208, 8, 513, -719, -29, 85, 813, 32;
21, 208, 9, 502, -721, -23, 85, 814, 36;
27, 215, 16, 547, -666, 20, 109, 839, 63;
26, 213, 15, 519, -684, 15, 102, 833, 60;
21, 209, 12, 465, -726, -5, 84, 817, 47;
22, 210, 13, 456, -723, 3, 86, 820, 52;
19, 208, 12, 421, -745, -5, 76, 813, 47;
23, 213, 17, 447, -706, 26, 92, 830, 67;
14, 203, 8, 344, -794, -27, 55, 795, 34;
18, 208, 13, 368, -755, 4, 70, 813, 53;
19, 210, 16, 371, -737, 21, 76, 821, 64;
11, 202, 9, 277, -814, -25, 43, 791, 35;
17, 210, 16, 326, -748, 22, 68, 819, 65;
14, 207, 14, 279, -777, 7, 54, 808, 55;
8, 202, 10, 216, -821, -18, 34, 791, 39;
11, 206, 13, 228, -790, 5, 44, 804, 54;
8, 204, 12, 187, -811, -5, 33, 796, 47;
9, 206, 14, 185, -793, 9, 37, 804, 56;
9, 206, 15, 167, -790, 13, 35, 806, 59;
8, 207, 15, 149, -786, 17, 33, 808, 61;
8, 208, 17, 137, -776, 25, 34, 813, 67;
8, 209, 17, 118, -772, 29, 32, 815, 69;
6, 208, 17, 92, -775, 28, 27, 814, 68;
5, 208, 17, 67, -776, 28, 22, 813, 68;
-1, 202, 11, -10, -830, -7, -4, 791, 46;
0, 205, 14, -13, -808, 7, 0, 800, 55;
-1, 204, 13, -45, -815, 2, -7, 797, 52;
-8, 199, 8, -117, -860, -28, -31, 778, 32;
-5, 203, 12, -103, -820, -2, -20, 795, 49;
-10, 199, 8, -170, -860, -31, -42, 778, 31;
-12, 199, 7, -196, -858, -32, -47, 778, 30;
-9, 203, 11, -186, -820, -9, -37, 793, 45;
-8, 205, 13, -190, -797, 3, -34, 802, 53;
-13, 202, 10, -245, -823, -16, -51, 790, 40;
-10, 207, 14, -231, -781, 8, -40, 807, 56;
-10, 208, 15, -243, -763, 16, -39, 814, 61;
-11, 209, 15, -265, -756, 17, -43, 816, 62;
-10, 211, 18, -268, -728, 31, -39, 826, 70;
-17, 205, 11, -354, -784, -10, -69, 802, 44;
-12, 212, 17, -318, -718, 29, -49, 828, 69;
-15, 211, 15, -358, -728, 17, -61, 823, 61;
-14, 213, 17, -361, -700, 30, -57, 833, 69;
-18, 211, 15, -406, -713, 15, -70, 826, 60;
-16, 214, 18, -405, -681, 31, -65, 838, 70;
-18, 214, 17, -433, -678, 26, -71, 837, 67;
-21, 213, 15, -472, -685, 14, -83, 833, 60;
-28, 208, 9, -548, -729, -20, -109, 813, 37;
-22, 215, 16, -505, -654, 21, -87, 842, 64;
-26, 213, 13, -556, -673, 0, -103, 832, 51;
-32, 209, 8, -621, -706, -28, -125, 817, 33;
-31, 211, 10, -626, -679, -18, -123, 826, 39;
-25, 220, 17, -575, -595, 28, -97, 858, 68;
-30, 216, 12, -640, -629, -2, -120, 842, 49;
-30, 218, 13, -646, -602, 5, -118, 851, 54;
-35, 214, 9, -707, -631, -22, -139, 837, 36;
-37, 214, 8, -735, -627, -29, -147, 836, 32;
-37, 216, 9, -740, -600, -21, -145, 845, 37;
-33, 222, 14, -711, -539, 9, -129, 868, 56;
-33, 224, 15, -720, -517, 14, -129, 874, 59;
-31, 227, 17, -716, -480, 27, -124, 887, 68;
-32, 228, 17, -729, -462, 29, -126, 892, 69;
-35, 227, 15, -769, -471, 12, -139, 885, 58;
-39, 225, 11, -813, -484, -7, -154, 877, 46;
-43, 222, 8, -861, -500, -29, -170, 868, 32;
-35, 232, 17, -792, -401, 25, -139, 906, 66;
-44, 225, 8, -884, -463, -27, -174, 877, 33;
-41, 229, 12, -863, -411, -5, -162, 896, 47;
-38, 235, 16, -835, -353, 21, -148, 917, 64;
-42, 232, 12, -879, -368, 0, -164, 908, 50;
-40, 235, 14, -874, -333, 10, -159, 919, 57;
-46, 232, 10, -927, -357, -18, -179, 906, 39;
-40, 239, 16, -881, -283, 18, -158, 934, 62;
-39, 242, 17, -876, -249, 28, -153, 944, 68;
-44, 238, 12, -932, -278, -3, -175, 929, 48;
-44, 240, 13, -933, -251, 1, -173, 937, 51;
-41, 245, 17, -904, -195, 25, -160, 957, 66;
-44, 243, 13, -940, -205, 5, -173, 950, 54;
-49, 239, 8, -994, -232, -25, -194, 935, 34;
-44, 246, 14, -950, -162, 7, -174, 961, 55;
-51, 241, 8, -1011, -198, -30, -198, 943, 32;
-41, 252, 18, -923, -86, 31, -161, 986, 70;
-46, 248, 12, -976, -115, -1, -182, 970, 49;
-42, 255, 17, -932, -48, 29, -163, 995, 69;
-47, 250, 11, -990, -82, -6, -187, 977, 46;
-47, 252, 12, -983, -52, 0, -183, 986, 50;
-50, 250, 9, -1016, -64, -22, -197, 978, 37;
-52, 250, 7, -1031, -58, -32, -203, 977, 30;
-45, 258, 14, -968, 24, 9, -177, 1008, 57;
-48, 256, 11, -999, 14, -10, -190, 1000, 44;
-47, 259, 12, -987, 45, -4, -185, 1010, 48;
-44, 263, 15, -955, 96, 16, -172, 1028, 61;
-49, 259, 10, -1002, 67, -16, -192, 1012, 40;
-46, 263, 12, -975, 111, 0, -182, 1027, 50;
-43, 268, 16, -939, 163, 20, -168, 1045, 63;
-49, 263, 10, -994, 124, -19, -192, 1026, 39;
-49, 264, 9, -993, 141, -21, -192, 1029, 37;
-45, 269, 13, -949, 199, 4, -175, 1050, 53;
-46, 268, 11, -960, 203, -6, -181, 1048, 46;
-40, 276, 17, -896, 279, 30, -156, 1077, 70;
-43, 273, 14, -923, 265, 8, -169, 1068, 56;
-43, 274, 13, -923, 276, 2, -171, 1069, 52;
-48, 270, 8, -962, 248, -28, -189, 1054, 33;
-42, 277, 13, -901, 319, 5, -166, 1080, 54;
-46, 274, 9, -930, 300, -19, -180, 1069, 38;
-40, 281, 15, -866, 372, 15, -156, 1096, 60;
-43, 278, 12, -889, 357, -6, -168, 1087, 46;
-39, 282, 15, -849, 404, 12, -154, 1103, 58;
-45, 278, 8, -895, 364, -26, -175, 1084, 34;
-36, 286, 16, -811, 453, 21, -144, 1118, 64;
-44, 279, 8, -872, 397, -27, -172, 1091, 33;
-36, 288, 16, -788, 485, 19, -140, 1125, 62;
-36, 288, 14, -789, 487, 9, -144, 1123, 56;
-35, 289, 15, -768, 510, 13, -138, 1130, 59;
-37, 288, 12, -777, 502, -2, -145, 1124, 49;
-40, 285, 8, -801, 479, -28, -159, 1111, 32;
-37, 288, 10, -765, 515, -15, -147, 1124, 41;
-37, 288, 9, -755, 523, -19, -147, 1125, 38;
-31, 295, 15, -684, 592, 16, -122, 1151, 60;
-36, 289, 9, -727, 546, -24, -144, 1129, 35;
-28, 297, 16, -643, 627, 20, -113, 1161, 63;
-30, 296, 13, -649, 617, 3, -119, 1154, 53;
-35, 291, 8, -683, 577, -31, -138, 1135, 31;
-26, 300, 16, -589, 665, 18, -103, 1170, 62;
-28, 298, 13, -595, 652, 1, -110, 1162, 51;
-29, 296, 11, -595, 645, -11, -115, 1157, 43;
-23, 302, 16, -529, 703, 19, -92, 1179, 62;
-29, 296, 9, -570, 653, -22, -114, 1156, 37;
-25, 300, 12, -523, 690, -4, -99, 1170, 47;
-27, 298, 9, -527, 675, -21, -105, 1162, 37;
-18, 306, 17, -434, 757, 26, -72, 1194, 67;
-19, 305, 15, -429, 750, 15, -74, 1190, 60;
-17, 306, 16, -400, 766, 19, -67, 1195, 63;
-20, 302, 11, -421, 731, -9, -81, 1179, 45;
-16, 306, 15, -364, 775, 13, -63, 1196, 59;
-19, 302, 10, -383, 740, -14, -76, 1180, 42;
-15, 306, 14, -330, 778, 5, -59, 1195, 54;
-12, 308, 15, -295, 796, 13, -50, 1201, 59;
-8, 311, 18, -244, 830, 31, -34, 1214, 70;
-15, 304, 10, -293, 763, -16, -60, 1185, 40;
-12, 305, 11, -254, 783, -6, -49, 1193, 46;
-10, 307, 12, -222, 796, -1, -41, 1197, 50;
-9, 307, 13, -193, 806, 2, -35, 1201, 52;
-7, 308, 13, -167, 811, 3, -30, 1202, 52;
-4, 310, 15, -127, 830, 13, -19, 1209, 59;
-7, 306, 11, -136, 799, -9, -28, 1196, 45;
-9, 303, 8, -146, 768, -31, -38, 1183, 31;
-6, 305, 9, -104, 786, -20, -26, 1190, 38;
-3, 307, 11, -62, 805, -8, -14, 1198, 45;
0, 309, 13, -16, 827, 5, -1, 1207, 54;
4, 313, 17, 44, 864, 29, 18, 1222, 69;
1, 308, 13, 25, 819, 0, 4, 1204, 51;
3, 309, 13, 56, 825, 4, 12, 1206, 53;
8, 313, 18, 121, 864, 31, 33, 1222, 70;
7, 311, 16, 128, 845, 19, 30, 1215, 63;
9, 311, 16, 156, 846, 22, 36, 1216, 64;
12, 313, 18, 196, 859, 32, 47, 1221, 71;
4, 304, 9, 140, 775, -21, 18, 1187, 37;
10, 308, 13, 204, 811, 5, 40, 1203, 54;
13, 310, 16, 250, 828, 19, 53, 1210, 63;
10, 305, 11, 230, 779, -9, 39, 1191, 45;
17, 311, 17, 312, 832, 29, 68, 1214, 69;
13, 305, 12, 283, 773, -5, 50, 1190, 47;
18, 309, 16, 346, 807, 20, 71, 1205, 63;
18, 307, 15, 359, 789, 13, 71, 1199, 59;
12, 300, 8, 317, 717, -29, 48, 1170, 32;
20, 306, 14, 400, 770, 10, 78, 1194, 57;
20, 305, 14, 420, 758, 8, 81, 1190, 56;
25, 308, 18, 479, 786, 32, 100, 1203, 71;
16, 297, 8, 405, 681, -30, 65, 1161, 31;
19, 298, 9, 441, 685, -21, 74, 1165, 37;
24, 301, 13, 498, 711, 1, 93, 1177, 52;
23, 299, 12, 508, 689, -5, 92, 1169, 47;
25, 299, 12, 533, 683, -2, 98, 1169, 49;
28, 301, 15, 576, 693, 12, 111, 1175, 58;
25, 296, 11, 560, 645, -11, 100, 1157, 43;
29, 299, 14, 610, 663, 8, 116, 1166, 56;
30, 298, 14, 628, 649, 7, 119, 1163, 55;
29, 294, 11, 623, 612, -8, 113, 1150, 45;
28, 292, 10, 628, 585, -17, 111, 1141, 40;
27, 289, 8, 629, 553, -29, 107, 1130, 32;
28, 289, 8, 649, 541, -27, 111, 1127, 33;
35, 293, 14, 720, 580, 8, 137, 1146, 55;
30, 287, 8, 684, 512, -27, 118, 1120, 33;
37, 292, 14, 757, 554, 10, 145, 1140, 57;
40, 294, 17, 798, 563, 27, 158, 1146, 67;
33, 285, 9, 743, 476, -19, 131, 1113, 38;
34, 284, 10, 759, 461, -19, 135, 1110, 39;
37, 285, 12, 794, 464, -5, 146, 1114, 47;
34, 280, 8, 773, 413, -28, 134, 1095, 33;
42, 287, 16, 858, 467, 18, 166, 1120, 62;
36, 279, 9, 811, 390, -20, 144, 1091, 37;
37, 278, 9, 823, 371, -21, 146, 1086, 37;
46, 285, 17, 912, 430, 30, 180, 1114, 69;
40, 278, 11, 863, 352, -10, 157, 1085, 44;
41, 277, 12, 882, 341, -5, 162, 1083, 47;
40, 274, 10, 874, 304, -17, 157, 1071, 40;
41, 274, 11, 890, 292, -12, 161, 1069, 43;
39, 270, 8, 872, 246, -30, 152, 1053, 31;
49, 278, 17, 971, 317, 29, 191, 1086, 69;
40, 267, 8, 891, 209, -29, 156, 1044, 32;
41, 267, 9, 908, 199, -23, 161, 1043, 36;
40, 264, 7, 900, 165, -32, 156, 1033, 30;
43, 266, 10, 933, 171, -14, 169, 1039, 41;
42, 263, 9, 925, 137, -24, 164, 1028, 36;
46, 266, 13, 970, 157, 2, 181, 1039, 52;
49, 268, 16, 1001, 164, 20, 193, 1045, 63;
42, 259, 8, 934, 72, -26, 165, 1011, 34;
50, 266, 17, 1015, 131, 25, 198, 1039, 67;
42, 256, 8, 936, 28, -28, 164, 999, 33;
41, 254, 7, 932, 2, -32, 162, 992, 30;
50, 262, 16, 1018, 66, 23, 197, 1022, 65;
41, 251, 7, 935, -38, -32, 163, 982, 30;
50, 258, 16, 1011, 17, 18, 195, 1008, 62;
51, 259, 18, 1029, 15, 31, 202, 1011, 70;
42, 249, 8, 943, -89, -25, 167, 971, 35;
45, 250, 11, 965, -86, -9, 176, 976, 45;
45, 249, 12, 967, -102, -6, 178, 972, 46;
50, 253, 17, 1011, -75, 25, 197, 987, 66;
42, 243, 9, 933, -170, -24, 165, 951, 35;
41, 241, 7, 917, -202, -32, 160, 941, 30;
44, 243, 11, 947, -187, -9, 173, 950, 45;
50, 248, 17, 1001, -147, 30, 197, 970, 69;
40, 237, 7, 901, -261, -31, 157, 927, 31;
50, 246, 18, 991, -185, 32, 196, 962, 71;
45, 240, 13, 942, -246, 4, 177, 939, 53;
42, 236, 10, 907, -292, -13, 164, 923, 42;
44, 238, 13, 927, -284, 5, 174, 930, 54;
45, 238, 15, 928, -292, 12, 177, 930, 58;
44, 236, 14, 912, -318, 7, 172, 922, 55;
42, 234, 13, 893, -345, 2, 167, 914, 52;
41, 232, 12, 870, -376, -5, 160, 904, 47;
38, 229, 10, 843, -410, -16, 151, 893, 40;
40, 230, 12, 851, -407, -2, 158, 897, 49;
44, 233, 17, 882, -382, 25, 173, 911, 67;
41, 230, 15, 849, -420, 12, 162, 898, 58;
36, 224, 10, 791, -482, -17, 141, 875, 40;
38, 225, 12, 799, -477, -2, 148, 880, 49;
39, 227, 15, 808, -470, 13, 155, 886, 59;
40, 227, 16, 806, -473, 21, 157, 887, 64;
38, 224, 14, 774, -505, 11, 148, 877, 57;
30, 217, 8, 694, -585, -31, 118, 846, 31;
35, 221, 13, 731, -547, 3, 137, 864, 53;
34, 221, 14, 718, -558, 6, 136, 862, 55;
28, 214, 8, 647, -626, -29, 110, 836, 32;
28, 214, 9, 638, -632, -23, 111, 836, 36;
29, 215, 10, 634, -632, -13, 113, 839, 42;
34, 220, 17, 677, -583, 27, 135, 861, 67;
31, 217, 15, 637, -618, 13, 123, 849, 59;
32, 218, 16, 633, -614, 23, 126, 853, 65;
29, 215, 14, 592, -648, 9, 113, 840, 56;
27, 214, 14, 567, -665, 6, 108, 836, 55;
23, 210, 10, 514, -709, -15, 90, 819, 41;
19, 206, 8, 469, -744, -31, 76, 806, 31;
21, 208, 10, 471, -731, -15, 82, 814, 41;
19, 207, 9, 443, -748, -20, 75, 808, 38;
18, 207, 10, 426, -753, -16, 73, 808, 40;
22, 211, 15, 448, -718, 12, 88, 824, 58;
24, 213, 18, 453, -699, 30, 95, 833, 70;
17, 207, 12, 375, -763, -6, 68, 808, 47;
14, 205, 10, 339, -784, -15, 58, 801, 41;
11, 202, 8, 297, -811, -27, 45, 791, 33;
10, 202, 8, 273, -818, -27, 41, 789, 33;
9, 202, 8, 252, -822, -26, 38, 789, 34;
17, 211, 18, 315, -741, 31, 69, 823, 70;
6, 200, 7, 196, -842, -32, 25, 782, 30;
14, 209, 16, 255, -764, 23, 55, 815, 65;
12, 208, 16, 226, -773, 19, 48, 812, 63;
8, 205, 13, 177, -801, 3, 34, 801, 53;
10, 207, 16, 176, -782, 18, 39, 810, 62;
9, 208, 17, 160, -776, 24, 38, 813, 66;
1, 201, 9, 69, -844, -19, 6, 785, 38;
1, 202, 11, 55, -835, -12, 6, 789, 43;
4, 206, 15, 73, -794, 16, 19, 806, 60;
-3, 199, 8, -22, -867, -31, -15, 776, 31;
1, 205, 14, 11, -808, 7, 4, 800, 55;
-6, 199, 7, -73, -867, -32, -24, 776, 30;
0, 205, 14, -34, -803, 10, -2, 802, 57;
-7, 200, 9, -108, -851, -22, -28, 782, 36;
-9, 199, 7, -147, -864, -32, -38, 777, 30;
-3, 206, 15, -103, -793, 12, -14, 805, 58;
-8, 203, 11, -163, -826, -10, -34, 791, 44;
-12, 200, 8, -213, -848, -27, -49, 782, 33;
-6, 208, 16, -168, -775, 18, -25, 811, 62;
-13, 202, 9, -250, -829, -20, -53, 788, 38;
-9, 207, 14, -226, -775, 12, -38, 810, 58;
-15, 203, 10, -289, -809, -14, -58, 795, 42;
-10, 209, 16, -259, -749, 21, -40, 818, 64;
-16, 205, 11, -333, -794, -11, -66, 799, 43;
-19, 204, 9, -370, -800, -20, -76, 795, 37;
-17, 207, 12, -365, -765, -1, -68, 809, 49;
-16, 209, 14, -370, -739, 9, -65, 818, 57;
-16, 211, 15, -380, -719, 17, -64, 825, 62;
-16, 213, 17, -392, -699, 25, -64, 832, 66;
-16, 214, 17, -405, -681, 30, -65, 838, 70;
-27, 205, 7, -522, -766, -32, -108, 801, 30;
-19, 215, 17, -456, -669, 25, -76, 839, 67;
-27, 208, 10, -544, -725, -18, -108, 814, 39;
-30, 208, 8, -579, -728, -27, -117, 811, 33;
-30, 209, 9, -594, -711, -24, -119, 817, 35;
-24, 217, 16, -544, -629, 22, -93, 849, 65;
-28, 215, 13, -593, -646, 3, -109, 840, 52;
-29, 216, 13, -614, -634, 2, -113, 842, 52;
-28, 218, 14, -621, -610, 9, -112, 850, 57;
-27, 221, 17, -617, -573, 25, -106, 863, 66;
-33, 217, 11, -685, -609, -7, -130, 846, 46;
-37, 214, 8, -736, -628, -30, -147, 836, 32;
-29, 224, 17, -667, -527, 27, -115, 875, 67;
-31, 224, 16, -697, -525, 18, -123, 874, 62;
-38, 219, 10, -770, -566, -18, -150, 854, 39;
-35, 223, 13, -749, -514, 5, -137, 873, 54;
-32, 228, 17, -728, -461, 30, -125, 892, 69;
-37, 224, 12, -791, -492, -1, -148, 876, 49;
-34, 230, 17, -763, -433, 26, -133, 898, 67;
-41, 224, 10, -841, -481, -16, -162, 876, 40;
-37, 230, 14, -813, -421, 11, -147, 898, 58;
-43, 226, 10, -869, -448, -17, -168, 884, 40;
-36, 234, 17, -817, -365, 25, -143, 915, 66;
-46, 226, 7, -915, -433, -32, -181, 884, 31;
-42, 232, 12, -883, -372, -3, -165, 906, 49;
-40, 235, 14, -873, -332, 10, -159, 919, 57;
-41, 237, 14, -883, -313, 10, -161, 924, 57;
-45, 234, 11, -926, -327, -11, -176, 915, 44;
-40, 241, 16, -886, -259, 21, -158, 940, 64;
-43, 239, 13, -918, -264, 5, -169, 935, 54;
-48, 236, 9, -972, -290, -24, -189, 921, 35;
-44, 242, 13, -937, -228, 3, -173, 943, 53;
-41, 246, 16, -916, -180, 22, -163, 960, 64;
-42, 247, 16, -926, -165, 19, -166, 963, 62;
-43, 247, 15, -942, -154, 12, -171, 964, 58;
-50, 242, 9, -1004, -191, -25, -195, 946, 35;
-45, 248, 13, -965, -128, 3, -178, 968, 53;
-45, 250, 14, -963, -102, 7, -177, 976, 55;
-44, 252, 15, -957, -72, 13, -174, 985, 59;
-50, 248, 9, -1013, -105, -22, -196, 967, 36;
-50, 249, 9, -1016, -86, -23, -197, 972, 36;
-48, 253, 12, -992, -40, -6, -187, 988, 46;
-50, 252, 9, -1015, -42, -21, -196, 984, 37;
-51, 252, 8, -1023, -29, -26, -199, 986, 34;
-43, 262, 16, -947, 66, 23, -168, 1022, 65;
-41, 264, 18, -934, 98, 31, -163, 1032, 70;
-45, 262, 14, -962, 89, 11, -175, 1025, 58;
-48, 260, 11, -992, 77, -10, -188, 1016, 44;
-50, 260, 9, -1006, 80, -21, -195, 1014, 37;
-49, 261, 10, -998, 105, -18, -192, 1021, 39;
-51, 261, 8, -1011, 107, -30, -199, 1019, 31;
-42, 271, 16, -927, 207, 22, -165, 1057, 64;
-49, 265, 9, -986, 162, -20, -191, 1035, 38;
-48, 266, 9, -982, 180, -22, -190, 1039, 37;
-43, 272, 14, -930, 246, 8, -170, 1063, 56;
-40, 276, 17, -896, 292, 25, -158, 1079, 67;
-39, 278, 17, -881, 318, 30, -154, 1086, 69;
-44, 274, 12, -921, 289, -1, -172, 1071, 49;
-40, 278, 15, -885, 335, 16, -159, 1087, 61;
-44, 276, 11, -914, 316, -9, -173, 1076, 45;
-43, 277, 12, -898, 340, -5, -169, 1083, 47;
-39, 282, 15, -857, 389, 14, -154, 1100, 59;
-45, 277, 9, -905, 348, -25, -177, 1080, 35;
-43, 279, 10, -880, 378, -16, -170, 1090, 40;
-35, 288, 17, -797, 467, 30, -138, 1123, 70;
-38, 285, 14, -817, 451, 8, -149, 1114, 56;
-37, 286, 14, -806, 467, 7, -147, 1117, 55;
-43, 281, 8, -849, 426, -31, -169, 1098, 31;
-39, 285, 10, -809, 468, -14, -155, 1113, 42;
-34, 291, 15, -750, 529, 15, -134, 1135, 60;
-39, 286, 9, -788, 491, -20, -154, 1117, 38;
-31, 294, 16, -704, 575, 24, -123, 1149, 66;
-35, 291, 12, -730, 548, -3, -137, 1135, 49;
-30, 295, 15, -680, 596, 18, -120, 1152, 62;
-34, 292, 12, -701, 573, -6, -133, 1140, 46;
-33, 292, 11, -689, 581, -10, -132, 1141, 44;
-28, 298, 16, -626, 640, 19, -110, 1163, 62;
-30, 296, 13, -635, 626, 0, -118, 1155, 51;
-30, 296, 12, -622, 632, -3, -117, 1156, 48;
-23, 302, 18, -551, 697, 31, -92, 1181, 70;
-29, 297, 11, -592, 648, -9, -113, 1158, 45;
-27, 298, 12, -566, 666, -5, -107, 1164, 47;
-26, 299, 12, -547, 676, -6, -104, 1166, 46;
-23, 301, 14, -506, 707, 6, -92, 1177, 55;
-19, 305, 16, -460, 743, 23, -77, 1190, 65;
-24, 299, 10, -494, 697, -13, -97, 1169, 42;
-18, 306, 16, -420, 759, 21, -71, 1194, 64;
-23, 300, 10, -453, 713, -15, -90, 1173, 41;
-19, 303, 13, -408, 745, 0, -76, 1185, 50;
-16, 306, 15, -366, 772, 12, -64, 1195, 58;
-14, 307, 15, -337, 786, 16, -57, 1199, 60;
-20, 300, 8, -383, 725, -29, -81, 1173, 32;
-13, 307, 14, -304, 787, 7, -54, 1197, 55;
-11, 308, 15, -267, 807, 16, -44, 1204, 61;
-17, 301, 7, -316, 740, -31, -69, 1176, 31;
-11, 307, 13, -241, 797, 2, -44, 1198, 52;
-14, 303, 9, -257, 761, -24, -56, 1183, 35;
-8, 308, 14, -183, 815, 8, -31, 1204, 56;
-5, 310, 15, -147, 831, 16, -22, 1210, 60;
-8, 306, 11, -163, 794, -10, -34, 1194, 44;
-9, 304, 9, -155, 780, -21, -36, 1188, 37;
-4, 308, 13, -95, 818, 2, -17, 1204, 52;
-8, 303, 8, -119, 771, -30, -32, 1184, 32;
-3, 307, 12, -58, 809, -6, -13, 1199, 47;
-3, 306, 10, -49, 795, -16, -14, 1193, 40;