4, 338, 4, 763, 25, 12, 16, 1321, 16;
0, 329, -4, 702, 12, 9, 0, 1284, -16;
8, 332, 0, 718, 79, 46, 33, 1295, 1;
11, 329, 0, 696, 112, 66, 46, 1284, -1;
20, 331, 4, 705, 181, 103, 81, 1293, 18;
24, 327, 4, 675, 213, 122, 93, 1278, 16;
30, 326, 6, 659, 263, 150, 117, 1274, 25;
35, 324, 7, 634, 305, 174, 136, 1264, 31;
34, 316, 4, 573, 314, 181, 135, 1233, 17;
41, 315, 8, 556, 367, 210, 162, 1229, 32;
41, 307, 5, 491, 376, 217, 161, 1197, 20;
51, 309, 13, 492, 450, 256, 202, 1207, 51;
51, 301, 10, 426, 456, 261, 201, 1175, 41;
51, 293, 8, 361, 465, 267, 202, 1144, 34;
53, 286, 8, 302, 479, 276, 207, 1118, 33;
60, 286, 14, 280, 528, 302, 234, 1115, 55;
58, 276, 11, 203, 520, 299, 226, 1079, 44;
60, 271, 12, 150, 536, 308, 234, 1057, 49;
66, 270, 18, 125, 576, 328, 258, 1054, 72;
60, 257, 13, 28, 542, 312, 235, 1005, 50;
64, 255, 18, -2, 571, 326, 253, 998, 70;
69, 254, 23, -29, 600, 341, 271, 993, 92;
61, 240, 16, -135, 546, 313, 238, 939, 64;
61, 236, 18, -185, 544, 312, 239, 920, 71;
60, 230, 19, -237, 536, 307, 236, 899, 76;
58, 224, 19, -296, 515, 295, 226, 873, 75;
60, 223, 24, -319, 526, 299, 236, 870, 96;
55, 215, 22, -386, 488, 279, 216, 839, 88;
53, 210, 23, -432, 465, 265, 207, 821, 91;
49, 205, 23, -480, 435, 248, 193, 800, 91;
45, 200, 23, -526, 400, 229, 176, 780, 90;
41, 195, 23, -566, 367, 210, 162, 764, 92;
37, 192, 24, -600, 333, 190, 147, 750, 94;
38, 193, 29, -603, 325, 184, 148, 755, 113;
26, 183, 22, -675, 242, 139, 104, 716, 87;
29, 188, 29, -655, 245, 138, 113, 733, 116;
18, 179, 23, -713, 165, 95, 71, 701, 93;
19, 184, 30, -688, 162, 90, 77, 720, 118;
9, 177, 25, -734, 83, 48, 36, 694, 97;
3, 176, 24, -745, 35, 20, 13, 688, 95;
-1, 176, 24, -750, -12, -6, -7, 686, 94;
-4, 178, 26, -734, -43, -25, -19, 695, 102;
-11, 177, 24, -738, -99, -56, -45, 692, 95;
-11, 184, 29, -692, -109, -64, -44, 717, 116;
-23, 178, 22, -721, -197, -111, -91, 696, 88;
-28, 180, 21, -705, -243, -137, -112, 702, 84;
-31, 184, 23, -669, -272, -155, -123, 719, 91;
-38, 185, 20, -656, -327, -184, -150, 722, 81;
-37, 194, 26, -589, -329, -188, -145, 757, 101;
-42, 196, 24, -564, -375, -214, -167, 765, 93;
-46, 201, 24, -521, -405, -231, -179, 784, 94;
-47, 207, 25, -468, -425, -243, -186, 808, 99;
-49, 213, 26, -411, -442, -254, -192, 834, 104;
-53, 217, 24, -373, -476, -273, -209, 847, 96;
-54, 224, 26, -309, -485, -279, -210, 877, 102;
-60, 226, 21, -283, -531, -303, -236, 882, 83;
-66, 227, 16, -256, -574, -326, -260, 887, 64;
-63, 238, 21, -169, -554, -317, -245, 930, 81;
-65, 243, 19, -120, -571, -326, -254, 949, 74;
-65, 250, 19, -59, -573, -327, -254, 975, 74;
-63, 257, 19, 8, -565, -323, -249, 1005, 77;
-66, 261, 16, 51, -577, -329, -257, 1020, 65;
-60, 272, 20, 139, -542, -311, -236, 1062, 80;
-62, 275, 17, 178, -551, -315, -243, 1075, 67;
-62, 280, 15, 228, -545, -311, -241, 1094, 60;
-65, 281, 9, 250, -561, -318, -255, 1097, 36;
-61, 289, 10, 317, -528, -300, -238, 1127, 42;
-57, 296, 11, 377, -497, -283, -222, 1154, 44;
-53, 301, 10, 427, -469, -268, -209, 1176, 42;
-50, 306, 10, 474, -440, -251, -196, 1195, 40;
-43, 314, 12, 538, -388, -223, -169, 1226, 49;
-37, 320, 13, 591, -342, -197, -146, 1251, 54;
-34, 324, 12, 624, -309, -178, -132, 1264, 48;
-37, 319, 3, 605, -323, -183, -147, 1246, 12;
-32, 323, 2, 636, -280, -159, -128, 1259, 11;
-20, 332, 9, 707, -193, -112, -81, 1298, 35;
-20, 330, 3, 697, -181, -103, -81, 1288, 13;
-14, 333, 4, 723, -127, -73, -55, 1301, 16;
-9, 334, 2, 731, -87, -50, -38, 1303, 9;
-6, 333, 0, 728, -51, -29, -24, 1300, 0;
1, 336, 1, 750, 12, 6, 7, 1313, 7;
5, 335, 0, 740, 50, 28, 23, 1308, 0;
13, 337, 1, 749, 110, 61, 52, 1314, 4;
15, 332, -3, 716, 132, 76, 58, 1296, -12;
17, 328, -6, 685, 161, 93, 69, 1281, -25;
25, 328, -5, 681, 219, 125, 97, 1282, -19;
28, 324, -7, 647, 250, 143, 109, 1266, -30;
35, 325, -5, 639, 310, 176, 139, 1267, -20;
38, 319, -8, 594, 335, 191, 148, 1246, -32;
46, 319, -5, 584, 396, 224, 180, 1247, -20;
45, 311, -10, 518, 402, 230, 178, 1214, -40;
51, 309, -9, 491, 448, 255, 201, 1206, -35;
52, 302, -12, 430, 461, 263, 204, 1177, -48;
53, 295, -14, 374, 478, 274, 210, 1152, -56;
59, 292, -12, 340, 516, 294, 230, 1142, -49;
63, 289, -11, 299, 547, 311, 246, 1127, -45;
58, 277, -18, 207, 525, 301, 229, 1081, -72;
67, 279, -11, 199, 585, 332, 264, 1088, -46;
63, 267, -18, 107, 558, 319, 246, 1042, -71;
63, 260, -19, 47, 561, 321, 247, 1017, -75;
68, 259, -15, 17, 591, 336, 265, 1011, -61;
63, 248, -21, -70, 559, 320, 246, 968, -82;
68, 248, -15, -89, 592, 336, 267, 968, -61;
64, 239, -19, -165, 564, 321, 251, 932, -76;
66, 236, -16, -198, 574, 326, 260, 923, -64;
60, 226, -21, -281, 530, 303, 235, 883, -84;
62, 225, -17, -305, 540, 306, 245, 879, -68;
60, 220, -17, -354, 519, 294, 236, 859, -69;
49, 207, -26, -452, 445, 255, 194, 808, -102;
50, 206, -22, -473, 441, 252, 197, 804, -89;
46, 201, -23, -517, 409, 233, 182, 786, -91;
42, 196, -24, -562, 370, 212, 164, 766, -96;
41, 196, -21, -574, 359, 203, 163, 766, -83;
29, 184, -30, -659, 269, 155, 114, 720, -117;
25, 182, -29, -684, 232, 135, 98, 710, -116;
28, 187, -22, -662, 238, 135, 109, 729, -88;
22, 184, -23, -685, 193, 109, 88, 719, -90;
20, 185, -20, -685, 166, 92, 79, 722, -81;
11, 180, -24, -720, 97, 55, 44, 702, -96;
5, 178, -25, -734, 45, 26, 20, 695, -101;
-4, 173, -30, -763, -25, -12, -15, 678, -117;
-4, 178, -25, -731, -40, -23, -17, 697, -99;
-6, 182, -22, -704, -65, -39, -24, 713, -86;
-19, 175, -30, -744, -161, -90, -76, 685, -118;
-21, 180, -27, -712, -187, -106, -85, 702, -107;
-20, 188, -21, -653, -191, -111, -79, 735, -82;
-29, 187, -24, -653, -256, -146, -113, 729, -96;
-35, 188, -26, -635, -306, -174, -137, 735, -102;
-36, 194, -23, -587, -328, -188, -144, 758, -91;
-47, 191, -29, -593, -405, -229, -185, 747, -115;
-48, 198, -26, -537, -421, -239, -189, 774, -103;
-51, 204, -25, -487, -444, -253, -199, 796, -97;
-56, 207, -26, -453, -484, -275, -218, 807, -103;
-60, 210, -27, -417, -521, -295, -237, 820, -108;
-61, 217, -25, -353, -530, -301, -238, 849, -98;
-62, 223, -24, -297, -545, -310, -245, 873, -94;
-62, 231, -21, -229, -547, -312, -243, 904, -83;
-66, 235, -23, -188, -574, -326, -257, 918, -90;
-63, 244, -19, -111, -563, -322, -249, 954, -75;
-66, 248, -20, -68, -582, -331, -260, 969, -81;
-66, 255, -19, -5, -579, -330, -258, 996, -75;
-68, 258, -21, 34, -595, -338, -268, 1009, -83;
-67, 265, -20, 96, -585, -333, -263, 1035, -78;
-61, 277, -13, 187, -542, -311, -238, 1081, -53;
-62, 280, -15, 226, -547, -312, -243, 1093, -60;
-62, 284, -16, 271, -540, -308, -241, 1110, -63;
-61, 289, -16, 316, -529, -301, -238, 1127, -64;
-54, 299, -11, 395, -478, -274, -210, 1166, -43;
-56, 299, -15, 411, -485, -276, -219, 1166, -59;
-49, 307, -10, 479, -436, -249, -193, 1198, -42;
-49, 308, -13, 497, -429, -243, -194, 1201, -53;
-45, 313, -11, 543, -390, -221, -176, 1221, -46;
-41, 316, -11, 577, -356, -202, -162, 1235, -43;
-36, 320, -9, 612, -316, -179, -143, 1250, -37;
-34, 321, -10, 626, -291, -164, -134, 1253, -42;
-25, 328, -5, 680, -220, -125, -98, 1281, -20;
-20, 330, -4, 697, -181, -103, -81, 1288, -18;
-20, 327, -8, 685, -166, -92, -79, 1277, -31;
-7, 336, 0, 745, -73, -42, -29, 1312, 2;
-9, 330, -5, 706, -73, -40, -37, 1287, -21;
5, 340, 5, 770, 32, 16, 20, 1326, 20;
6, 335, 2, 743, 52, 29, 24, 1309, 8;
10, 334, 2, 733, 94, 53, 42, 1304, 10;
13, 330, 1, 704, 121, 70, 51, 1289, 4;
22, 333, 6, 716, 191, 108, 87, 1299, 24;
21, 325, 1, 660, 198, 114, 84, 1269, 6;
31, 328, 7, 668, 271, 154, 122, 1279, 30;
36, 325, 9, 645, 316, 179, 143, 1270, 37;
39, 320, 8, 600, 341, 194, 152, 1249, 33;
37, 310, 3, 529, 340, 196, 145, 1212, 15;
47, 313, 11, 529, 413, 235, 184, 1220, 43;
51, 309, 12, 490, 448, 255, 201, 1205, 49;
54, 303, 13, 442, 472, 269, 211, 1185, 51;
60, 302, 17, 416, 520, 295, 236, 1179, 69;
57, 291, 12, 329, 506, 289, 223, 1135, 50;
56, 282, 10, 259, 507, 291, 221, 1102, 42;
66, 284, 19, 254, 572, 325, 258, 1110, 76;
61, 273, 14, 161, 547, 313, 241, 1064, 56;
66, 270, 18, 125, 576, 328, 258, 1054, 72;
69, 266, 21, 83, 597, 339, 270, 1039, 85;
61, 253, 15, -21, 552, 317, 241, 986, 58;
63, 248, 17, -69, 560, 321, 247, 969, 67;
64, 244, 20, -113, 568, 324, 253, 953, 78;
67, 241, 24, -148, 581, 330, 262, 943, 94;
66, 236, 25, -198, 575, 326, 260, 923, 100;
59, 225, 20, -286, 525, 300, 232, 880, 81;
61, 224, 25, -313, 533, 303, 240, 874, 100;
53, 213, 20, -400, 474, 272, 207, 830, 79;
52, 209, 22, -437, 460, 263, 203, 817, 88;
47, 203, 21, -490, 425, 243, 186, 794, 85;
41, 196, 19, -548, 379, 218, 163, 767, 77;
38, 192, 20, -587, 345, 199, 148, 750, 78;
34, 189, 21, -620, 313, 180, 134, 737, 81;
38, 193, 29, -604, 324, 183, 148, 754, 113;
29, 186, 25, -656, 261, 149, 116, 728, 99;
24, 183, 24, -687, 214, 122, 94, 714, 96;
20, 182, 26, -699, 178, 102, 79, 710, 101;
20, 185, 31, -685, 166, 92, 79, 722, 121;
7, 176, 23, -744, 73, 43, 29, 688, 91;
6, 179, 27, -729, 50, 28, 23, 698, 105;
-4, 173, 21, -765, -27, -13, -17, 676, 84;
-6, 176, 24, -745, -54, -30, -26, 689, 95;
-12, 176, 24, -741, -102, -57, -47, 690, 93;
-16, 179, 24, -723, -139, -79, -63, 698, 97;
-24, 177, 21, -728, -204, -114, -95, 692, 84;
-24, 184, 26, -677, -215, -123, -94, 720, 102;
-27, 188, 27, -644, -247, -142, -107, 735, 107;
-29, 194, 30, -596, -267, -155, -113, 759, 118;
-34, 197, 29, -569, -309, -178, -132, 769, 114;
-41, 198, 25, -552, -363, -208, -159, 773, 101;
-49, 197, 20, -541, -425, -241, -192, 771, 81;
-48, 206, 24, -473, -431, -246, -190, 804, 95;
-55, 207, 20, -452, -483, -274, -217, 808, 78;
-55, 216, 23, -381, -484, -277, -214, 842, 91;
-60, 218, 19, -350, -526, -299, -236, 851, 77;
-62, 224, 19, -294, -542, -308, -242, 875, 77;
-57, 236, 25, -199, -517, -297, -224, 922, 99;
-60, 240, 23, -155, -541, -310, -237, 938, 90;
-62, 246, 22, -101, -552, -316, -243, 960, 86;
-60, 254, 23, -28, -542, -312, -235, 994, 92;
-69, 252, 14, -25, -599, -340, -270, 983, 56;
-62, 265, 20, 76, -553, -317, -242, 1035, 80;
-61, 271, 20, 134, -547, -314, -239, 1059, 78;
-65, 272, 14, 158, -571, -325, -256, 1062, 54;
-62, 280, 15, 226, -547, -312, -243, 1093, 58;
-60, 286, 14, 282, -529, -302, -235, 1117, 56;
-54, 295, 17, 357, -488, -280, -212, 1153, 67;
-54, 298, 13, 392, -482, -276, -212, 1164, 54;
-50, 305, 14, 451, -446, -256, -195, 1190, 57;
-53, 303, 7, 456, -458, -260, -207, 1184, 28;
-48, 309, 7, 505, -421, -239, -190, 1206, 29;
-41, 316, 9, 563, -369, -211, -163, 1234, 37;
-42, 315, 4, 571, -362, -205, -165, 1231, 15;
-35, 322, 6, 622, -306, -174, -137, 1256, 23;
-24, 331, 10, 687, -230, -133, -96, 1291, 42;
-26, 326, 3, 669, -231, -131, -105, 1274, 12;
-20, 330, 3, 700, -178, -101, -79, 1290, 15;
-18, 329, 0, 696, -154, -86, -72, 1284, 0;
-13, 330, -1, 705, -112, -62, -54, 1287, -6;
0, 338, 5, 762, -18, -12, -3, 1321, 20;
4, 339, 4, 764, 26, 13, 16, 1322, 16;
6, 335, 0, 741, 50, 28, 23, 1308, 0;
10, 334, -1, 730, 92, 52, 41, 1303, -6;
16, 333, -2, 723, 140, 79, 63, 1301, -8;
15, 325, -9, 670, 145, 85, 59, 1271, -35;
23, 327, -6, 671, 209, 120, 91, 1276, -25;
30, 326, -5, 660, 264, 150, 117, 1274, -21;
30, 319, -10, 608, 279, 161, 120, 1247, -40;
36, 317, -10, 584, 324, 186, 141, 1239, -39;
41, 315, -9, 557, 369, 211, 163, 1230, -37;
41, 307, -14, 493, 377, 217, 162, 1198, -56;
45, 303, -14, 453, 411, 236, 178, 1182, -58;
50, 300, -13, 421, 452, 259, 198, 1172, -53;
59, 301, -8, 409, 513, 291, 232, 1174, -34;
62, 295, -9, 359, 535, 304, 242, 1154, -37;
56, 282, -18, 258, 506, 291, 220, 1102, -71;
62, 281, -14, 230, 548, 313, 244, 1096, -58;
61, 272, -18, 160, 545, 312, 240, 1063, -70;
66, 270, -15, 125, 577, 329, 258, 1054, -59;
65, 262, -17, 59, 573, 327, 254, 1024, -68;
66, 257, -17, 4, 578, 330, 257, 1002, -69;
61, 246, -22, -79, 550, 316, 240, 962, -88;
63, 242, -21, -123, 558, 319, 246, 946, -82;
62, 237, -21, -178, 551, 315, 243, 924, -84;
58, 228, -25, -253, 520, 299, 226, 889, -98;
58, 224, -24, -297, 515, 295, 226, 873, -93;
55, 218, -24, -349, 496, 284, 217, 851, -96;
59, 218, -19, -363, 510, 290, 230, 853, -75;
50, 208, -25, -446, 450, 258, 197, 811, -99;
54, 210, -18, -447, 467, 265, 213, 821, -72;
44, 199, -26, -533, 393, 225, 172, 776, -101;
39, 193, -27, -579, 354, 203, 154, 756, -106;
36, 191, -26, -606, 327, 187, 143, 746, -102;
33, 189, -25, -630, 298, 170, 132, 738, -99;
34, 191, -20, -625, 292, 164, 135, 747, -79;
21, 180, -28, -701, 199, 115, 85, 705, -112;
20, 182, -25, -699, 178, 102, 79, 710, -99;
15, 180, -25, -714, 136, 77, 61, 704, -99;
11, 180, -24, -719, 98, 55, 45, 703, -95;
0, 173, -30, -762, 18, 12, 3, 678, -118;
0, 178, -25, -733, 4, 2, 2, 696, -99;
-4, 178, -25, -732, -41, -24, -18, 697, -99;
-9, 179, -25, -724, -85, -49, -37, 700, -99;
-11, 183, -22, -695, -112, -65, -46, 715, -87;
-17, 185, -22, -681, -157, -91, -66, 721, -88;
-24, 184, -25, -681, -219, -125, -97, 717, -99;
-32, 184, -27, -673, -276, -156, -125, 717, -108;
-31, 191, -22, -613, -284, -163, -123, 748, -88;
-34, 196, -20, -571, -312, -180, -134, 768, -81;
-41, 197, -23, -556, -368, -210, -162, 770, -92;
-41, 205, -19, -491, -375, -216, -161, 802, -75;
-49, 205, -24, -480, -438, -250, -194, 800, -93;
-56, 206, -26, -456, -487, -276, -220, 805, -105;
-58, 212, -26, -405, -509, -289, -229, 827, -101;
-61, 217, -25, -354, -531, -302, -239, 848, -99;
-65, 221, -26, -312, -560, -317, -254, 864, -103;
-61, 233, -20, -222, -540, -309, -239, 908, -79;
-64, 236, -21, -179, -565, -322, -252, 923, -84;
-62, 246, -17, -101, -552, -316, -242, 961, -68;
-64, 251, -18, -51, -565, -323, -250, 979, -70;
-67, 253, -21, -16, -590, -335, -264, 989, -82;
-70, 257, -22, 25, -604, -343, -274, 1003, -89;
-59, 273, -11, 147, -534, -307, -231, 1067, -46;
-58, 279, -11, 202, -527, -303, -229, 1090, -44;
-66, 276, -19, 199, -574, -326, -260, 1076, -77;
-57, 289, -11, 299, -512, -294, -224, 1127, -45;
-58, 291, -14, 331, -514, -293, -229, 1136, -55;
-56, 296, -13, 381, -493, -281, -219, 1157, -52;
-52, 302, -11, 435, -462, -264, -205, 1180, -45;
-46, 310, -7, 501, -414, -238, -179, 1212, -28;
-43, 314, -7, 535, -391, -224, -171, 1224, -30;
-41, 317, -8, 567, -366, -209, -161, 1236, -31;
-33, 325, -2, 629, -304, -176, -129, 1267, -11;
-37, 319, -10, 608, -320, -181, -145, 1247, -40;
-31, 324, -8, 643, -274, -155, -124, 1263, -32;
-25, 328, -5, 681, -219, -125, -97, 1282, -20;
-25, 325, -9, 670, -208, -117, -98, 1271, -35;
-16, 331, -4, 706, -144, -81, -65, 1290, -18;
-10, 333, -2, 728, -90, -51, -40, 1301, -8;
-5, 333, -1, 730, -50, -28, -23, 1301, -7;
-1, 333, -1, 727, -10, -5, -6, 1299, -6;
7, 336, 3, 749, 59, 32, 28, 1313, 12;
14, 337, 6, 753, 114, 63, 55, 1317, 23;
16, 334, 4, 727, 144, 81, 66, 1303, 18;
18, 329, 2, 693, 168, 97, 73, 1285, 10;
22, 326, 2, 666, 204, 117, 87, 1272, 10;
32, 329, 9, 676, 279, 158, 127, 1284, 35;
32, 321, 5, 619, 290, 166, 127, 1254, 21;
34, 315, 3, 569, 309, 179, 132, 1230, 14;
45, 319, 12, 582, 394, 223, 179, 1246, 48;
50, 315, 14, 547, 431, 244, 196, 1232, 55;
48, 306, 9, 472, 430, 246, 189, 1194, 38;
57, 306, 16, 461, 491, 279, 223, 1197, 63;
50, 292, 7, 354, 457, 263, 197, 1140, 30;
60, 294, 16, 349, 525, 299, 236, 1148, 62;
63, 289, 17, 303, 551, 313, 248, 1130, 69;
58, 276, 11, 204, 522, 300, 227, 1080, 45;
66, 277, 19, 190, 576, 328, 259, 1082, 74;
59, 263, 12, 84, 535, 308, 232, 1028, 46;
64, 261, 16, 51, 565, 323, 250, 1020, 65;
64, 255, 17, -7, 566, 324, 250, 995, 67;
62, 247, 16, -76, 553, 317, 242, 964, 63;
65, 245, 21, -107, 574, 327, 256, 957, 82;
61, 236, 18, -184, 545, 312, 239, 920, 72;
60, 230, 19, -236, 537, 307, 237, 900, 77;
61, 227, 23, -272, 540, 307, 241, 889, 90;
55, 217, 19, -354, 491, 282, 214, 849, 74;
52, 212, 19, -404, 469, 269, 205, 828, 76;
53, 210, 23, -431, 466, 266, 207, 821, 92;
46, 201, 20, -502, 413, 237, 179, 787, 78;
42, 196, 20, -547, 380, 218, 164, 767, 78;
44, 198, 26, -547, 386, 219, 173, 775, 103;
42, 196, 28, -573, 360, 204, 164, 767, 111;
35, 190, 26, -622, 306, 174, 137, 743, 102;
34, 191, 30, -627, 290, 163, 134, 746, 117;
24, 182, 24, -687, 213, 122, 93, 713, 96;
22, 184, 28, -686, 192, 108, 88, 718, 109;
14, 178, 24, -725, 126, 72, 54, 697, 96;
14, 183, 30, -703, 115, 64, 55, 713, 117;
3, 176, 24, -746, 33, 20, 13, 688, 94;
0, 178, 26, -736, 1, 0, 0, 695, 102;
0, 183, 30, -705, -14, -10, -1, 713, 120;
-8, 180, 27, -718, -80, -46, -33, 703, 107;
-13, 182, 28, -703, -120, -69, -50, 711, 109;
-18, 183, 27, -688, -164, -94, -70, 717, 108;
-29, 179, 21, -710, -248, -139, -115, 699, 82;
-33, 182, 21, -680, -284, -160, -130, 712, 84;
-36, 186, 22, -645, -315, -179, -143, 729, 88;
-42, 188, 20, -625, -365, -206, -167, 734, 79;
-37, 201, 29, -531, -342, -197, -146, 786, 114;
-44, 203, 26, -507, -392, -225, -171, 792, 102;
-47, 207, 25, -467, -424, -243, -186, 808, 99;
-54, 208, 21, -446, -477, -271, -214, 812, 82;
-50, 220, 27, -354, -458, -264, -198, 859, 108;
-56, 222, 24, -322, -498, -285, -219, 868, 94;
-57, 228, 24, -266, -514, -294, -225, 892, 94;
-58, 235, 24, -207, -525, -301, -229, 917, 94;
-65, 235, 18, -186, -571, -325, -256, 920, 71;
-68, 240, 16, -137, -589, -335, -265, 938, 63;
-69, 246, 14, -84, -598, -340, -270, 959, 58;
-66, 255, 17, -8, -582, -332, -260, 994, 66;
-61, 265, 21, 79, -550, -316, -240, 1037, 82;
-69, 264, 12, 87, -594, -337, -269, 1030, 48;
-60, 277, 19, 191, -539, -309, -236, 1083, 74;
-63, 278, 13, 217, -556, -317, -249, 1087, 53;
-57, 289, 17, 302, -510, -292, -222, 1129, 69;
-55, 294, 16, 350, -495, -284, -217, 1148, 63;
-53, 299, 14, 398, -476, -273, -209, 1167, 57;
-50, 305, 14, 450, -447, -256, -195, 1190, 56;
-50, 306, 10, 475, -439, -250, -195, 1196, 40;
-46, 311, 9, 521, -406, -232, -180, 1215, 38;
-38, 319, 12, 584, -349, -201, -151, 1246, 49;
-38, 319, 8, 596, -337, -192, -150, 1247, 31;
-31, 326, 9, 646, -282, -162, -122, 1271, 38;
-26, 329, 8, 675, -242, -139, -104, 1283, 35;
-29, 324, 0, 652, -248, -140, -115, 1264, 1;
-24, 326, 0, 673, -204, -115, -95, 1273, -1;
-13, 334, 4, 727, -123, -71, -52, 1303, 18;
-7, 336, 4, 746, -72, -42, -28, 1313, 19;
-1, 338, 5, 761, -19, -12, -3, 1320, 20;
-4, 330, -4, 711, -26, -13, -16, 1289, -16;
0, 330, -5, 708, 18, 12, 3, 1288, -20;
7, 330, -5, 709, 70, 41, 27, 1290, -19;
18, 335, 0, 736, 153, 86, 71, 1309, 0;
20, 330, -4, 701, 176, 101, 78, 1290, -16;
29, 333, 0, 711, 249, 140, 115, 1300, -1;
25, 322, -10, 630, 234, 135, 99, 1256, -40;
35, 324, -6, 635, 306, 174, 137, 1264, -23;
43, 324, -3, 627, 367, 207, 168, 1266, -12;
45, 319, -5, 582, 393, 223, 178, 1245, -22;
50, 316, -5, 551, 435, 246, 198, 1234, -20;
50, 308, -9, 486, 443, 253, 198, 1203, -38;
51, 301, -13, 426, 456, 261, 201, 1175, -50;
58, 300, -9, 404, 508, 289, 229, 1171, -37;
62, 295, -9, 358, 534, 304, 241, 1153, -38;
60, 286, -14, 284, 532, 303, 236, 1118, -55;
63, 281, -14, 233, 551, 314, 245, 1097, -56;
65, 276, -14, 183, 569, 324, 254, 1078, -56;
65, 270, -15, 123, 575, 328, 256, 1053, -60;
67, 265, -15, 73, 587, 334, 263, 1033, -59;
66, 257, -16, 9, 583, 332, 260, 1006, -66;
66, 251, -17, -47, 582, 332, 260, 982, -68;
60, 240, -23, -140, 541, 311, 235, 936, -93;
60, 235, -23, -190, 539, 309, 236, 917, -91;
57, 227, -26, -260, 513, 295, 222, 885, -102;
63, 229, -18, -262, 549, 312, 247, 895, -72;
62, 225, -18, -308, 537, 305, 243, 877, -70;
51, 211, -27, -412, 461, 265, 200, 823, -105;
55, 213, -20, -414, 483, 274, 218, 832, -78;
52, 208, -20, -461, 453, 257, 204, 812, -81;
42, 196, -28, -546, 380, 219, 164, 768, -109;
38, 192, -28, -587, 345, 199, 148, 750, -112;
37, 191, -25, -603, 330, 189, 145, 748, -101;
39, 194, -20, -597, 330, 186, 152, 758, -78;
34, 191, -20, -627, 290, 163, 134, 746, -80;
25, 184, -25, -678, 222, 127, 99, 719, -98;
23, 185, -22, -679, 199, 112, 92, 723, -86;
10, 175, -30, -746, 104, 62, 41, 684, -119;
8, 177, -27, -736, 81, 47, 34, 692, -106;
0, 173, -30, -762, 18, 12, 3, 678, -118;
-3, 174, -29, -759, -22, -11, -13, 680, -115;
-1, 182, -22, -711, -20, -13, -4, 710, -86;
-10, 179, -25, -727, -88, -50, -39, 698, -100;
-16, 178, -27, -728, -144, -81, -66, 695, -107;
-17, 184, -22, -683, -159, -92, -67, 720, -89;
-21, 187, -22, -661, -199, -115, -85, 729, -87;
-28, 187, -24, -649, -252, -144, -110, 732, -94;
-29, 194, -20, -599, -270, -156, -114, 757, -79;
-41, 189, -28, -617, -357, -203, -162, 739, -109;
-46, 192, -28, -588, -400, -226, -182, 750, -112;
-45, 201, -23, -519, -403, -230, -178, 785, -92;
-45, 210, -19, -450, -407, -235, -176, 819, -74;
-49, 213, -20, -414, -445, -255, -194, 832, -78;
-54, 216, -21, -378, -482, -276, -213, 844, -84;
-54, 224, -18, -311, -488, -280, -212, 875, -72;
-59, 226, -21, -279, -527, -301, -233, 884, -82;
-61, 233, -20, -221, -539, -308, -238, 909, -78;
-64, 236, -21, -180, -565, -322, -252, 923, -84;
-67, 241, -22, -131, -582, -331, -261, 942, -87;
-67, 248, -21, -71, -586, -333, -262, 967, -83;
-66, 255, -19, -5, -579, -330, -258, 996, -75;
-61, 265, -14, 78, -551, -316, -241, 1037, -56;
-62, 270, -15, 125, -556, -318, -245, 1053, -60;
-59, 278, -12, 196, -533, -306, -232, 1086, -48;
-58, 284, -11, 251, -521, -299, -227, 1109, -45;
-63, 283, -17, 265, -547, -311, -246, 1106, -67;
-61, 288, -17, 313, -533, -303, -240, 1125, -66;
-51, 301, -8, 412, -462, -265, -200, 1176, -32;
-54, 300, -13, 423, -474, -270, -212, 1173, -52;
-48, 308, -9, 485, -430, -246, -189, 1202, -38;
-43, 314, -7, 537, -389, -223, -170, 1226, -29;
-45, 313, -11, 543, -390, -221, -176, 1221, -46;
-38, 319, -8, 595, -338, -193, -150, 1246, -32;
-37, 319, -10, 605, -322, -182, -147, 1246, -42;
-28, 327, -4, 664, -253, -145, -111, 1276, -19;
-28, 324, -9, 656, -244, -137, -112, 1267, -35;
-21, 329, -5, 691, -187, -106, -85, 1284, -22;
-20, 327, -8, 686, -165, -92, -78, 1277, -31;
-11, 332, -3, 722, -96, -54, -43, 1298, -11;
-8, 331, -4, 714, -65, -35, -32, 1292, -16;
-2, 332, -2, 723, -14, -7, -8, 1297, -8;
6, 335, 2, 741, 51, 28, 23, 1308, 7;
15, 338, 6, 758, 120, 66, 58, 1320, 26;
16, 333, 4, 723, 139, 79, 63, 1301, 15;
16, 327, 0, 677, 153, 89, 63, 1276, 1;
26, 330, 6, 689, 227, 129, 102, 1287, 24;
26, 323, 3, 638, 241, 139, 104, 1260, 12;
37, 327, 10, 652, 323, 183, 147, 1275, 42;
37, 318, 6, 588, 328, 188, 144, 1242, 26;
38, 312, 5, 535, 347, 200, 149, 1216, 19;
43, 309, 7, 505, 389, 223, 170, 1206, 28;
47, 305, 8, 464, 422, 242, 184, 1189, 33;
51, 300, 10, 423, 454, 260, 199, 1173, 40;
59, 301, 16, 411, 515, 292, 233, 1176, 66;
58, 292, 13, 335, 511, 292, 227, 1138, 53;
58, 284, 12, 270, 518, 297, 228, 1109, 49;
57, 275, 10, 198, 516, 297, 224, 1076, 41;
64, 275, 17, 180, 565, 322, 252, 1076, 68;
66, 270, 19, 129, 581, 331, 260, 1056, 75;
66, 263, 18, 64, 578, 330, 258, 1028, 73;
69, 260, 22, 26, 600, 341, 271, 1016, 88;
66, 251, 20, -47, 582, 332, 260, 982, 81;
66, 246, 22, -101, 580, 330, 260, 960, 86;
66, 241, 23, -151, 578, 329, 260, 941, 93;
62, 232, 21, -226, 547, 312, 243, 906, 83;
59, 225, 20, -287, 524, 300, 231, 879, 81;
60, 222, 24, -323, 522, 297, 234, 868, 94;
54, 213, 21, -395, 479, 274, 211, 834, 82;
50, 207, 20, -448, 449, 257, 197, 811, 81;
46, 201, 20, -501, 413, 237, 179, 787, 78;
44, 199, 22, -531, 396, 227, 174, 777, 88;
46, 200, 28, -537, 395, 224, 179, 781, 110;
39, 194, 26, -588, 345, 197, 155, 758, 102;
29, 184, 20, -658, 270, 156, 114, 720, 79;
33, 190, 29, -634, 283, 160, 129, 741, 113;
21, 180, 22, -704, 197, 114, 83, 703, 85;
22, 184, 28, -684, 194, 109, 89, 719, 111;
12, 177, 23, -733, 117, 68, 49, 692, 90;
8, 177, 24, -738, 79, 46, 33, 691, 95;
0, 173, 21, -765, 15, 10, 1, 676, 83;
2, 180, 28, -724, 13, 6, 8, 702, 110;
0, 183, 31, -703, -13, -9, 0, 715, 121;
-14, 175, 22, -752, -114, -63, -54, 682, 86;
-18, 177, 22, -736, -153, -86, -71, 690, 89;
-23, 178, 22, -719, -195, -110, -89, 697, 89;
-26, 182, 23, -692, -230, -130, -104, 710, 93;
-29, 186, 25, -658, -261, -149, -116, 727, 98;
-35, 188, 24, -634, -305, -174, -136, 735, 94;
-36, 195, 26, -583, -324, -186, -141, 760, 104;
-41, 198, 25, -552, -364, -208, -160, 772, 100;
-44, 202, 25, -510, -394, -226, -173, 790, 100;
-45, 209, 27, -455, -412, -237, -179, 816, 107;
-54, 208, 21, -446, -476, -271, -214, 812, 82;
-51, 220, 27, -356, -460, -264, -199, 858, 107;
-63, 215, 17, -365, -542, -307, -246, 841, 67;
-62, 224, 19, -293, -541, -308, -242, 875, 77;
-57, 236, 25, -199, -517, -297, -224, 922, 99;
-59, 242, 24, -147, -533, -306, -232, 943, 95;
-64, 243, 19, -117, -569, -325, -253, 950, 75;
-61, 253, 22, -37, -551, -316, -241, 988, 87;
-62, 258, 21, 15, -557, -319, -244, 1009, 81;
-69, 258, 13, 30, -599, -340, -271, 1006, 52;
-68, 264, 13, 90, -591, -336, -266, 1032, 50;
-61, 276, 18, 185, -544, -312, -239, 1079, 71;
-57, 285, 20, 258, -515, -296, -223, 1113, 78;
-63, 283, 11, 261, -550, -313, -248, 1104, 43;
-52, 297, 18, 367, -478, -275, -206, 1159, 73;
-60, 292, 7, 353, -521, -295, -237, 1139, 29;
-54, 300, 10, 424, -473, -270, -212, 1173, 40;
-48, 308, 11, 483, -431, -246, -190, 1201, 45;
-46, 311, 9, 517, -409, -233, -182, 1213, 36;
-45, 312, 5, 540, -393, -223, -178, 1219, 22;
-34, 323, 11, 619, -314, -181, -135, 1261, 45;
-33, 324, 7, 633, -295, -168, -130, 1263, 30;
-30, 325, 5, 654, -263, -150, -117, 1270, 21;
-29, 324, 0, 654, -246, -138, -114, 1265, 3;
-15, 336, 9, 733, -145, -85, -59, 1310, 35;
-17, 330, 0, 702, -148, -83, -68, 1288, 2;
-12, 332, 0, 717, -101, -56, -46, 1294, 0;
-2, 337, 3, 751, -28, -17, -9, 1314, 14;
-3, 331, -3, 717, -19, -9, -12, 1293, -12;
5, 335, 0, 739, 49, 27, 22, 1307, -1;
7, 331, -4, 713, 74, 43, 30, 1292, -17;
18, 335, 0, 736, 153, 86, 71, 1309, 0;
23, 334, 0, 721, 197, 111, 91, 1303, -3;
22, 326, -7, 663, 201, 116, 86, 1271, -30;
33, 330, -1, 683, 286, 162, 132, 1288, -7;
34, 323, -6, 629, 300, 171, 133, 1261, -27;
42, 324, -3, 623, 364, 206, 166, 1264, -14;
42, 316, -8, 563, 375, 214, 167, 1234, -33;
44, 310, -11, 511, 395, 226, 173, 1209, -45;
50, 308, -10, 484, 442, 252, 197, 1202, -39;
47, 297, -16, 402, 432, 249, 186, 1160, -65;
60, 302, -7, 416, 519, 294, 236, 1178, -30;
63, 297, -8, 367, 543, 308, 247, 1158, -33;
60, 286, -14, 280, 528, 302, 234, 1116, -57;
57, 275, -20, 196, 514, 296, 222, 1075, -79;
61, 272, -18, 159, 544, 312, 239, 1063, -71;
59, 263, -21, 85, 536, 308, 232, 1029, -85;
66, 264, -16, 67, 582, 331, 260, 1030, -62;
63, 255, -19, -8, 565, 323, 249, 994, -77;
64, 249, -19, -61, 568, 325, 251, 973, -76;
67, 247, -16, -94, 587, 334, 264, 965, -64;
66, 241, -17, -150, 579, 329, 261, 941, -66;
59, 229, -24, -246, 526, 302, 230, 893, -94;
61, 227, -21, -278, 534, 304, 237, 885, -82;
60, 223, -19, -319, 526, 299, 236, 870, -77;
54, 214, -24, -393, 480, 275, 212, 834, -94;
53, 211, -22, -428, 469, 267, 209, 823, -87;
46, 202, -26, -498, 417, 239, 181, 789, -104;
47, 202, -22, -510, 416, 237, 187, 790, -87;
41, 195, -25, -566, 366, 209, 161, 763, -99;
34, 188, -29, -622, 311, 179, 133, 736, -113;
30, 185, -29, -654, 274, 158, 117, 723, -113;
31, 188, -23, -646, 271, 154, 122, 734, -92;
24, 183, -25, -682, 219, 125, 97, 717, -100;
16, 178, -29, -723, 155, 90, 65, 695, -114;
10, 175, -30, -747, 103, 61, 40, 683, -120;
10, 179, -25, -724, 93, 53, 42, 700, -99;
8, 181, -22, -714, 65, 36, 32, 708, -88;
2, 180, -23, -721, 16, 8, 10, 704, -91;
-6, 177, -27, -741, -50, -28, -23, 691, -105;
-10, 178, -26, -732, -93, -53, -42, 695, -103;
-13, 182, -23, -704, -121, -70, -51, 710, -93;
-21, 180, -27, -709, -185, -105, -83, 704, -105;
-24, 184, -24, -676, -214, -123, -94, 720, -96;
-25, 191, -20, -628, -231, -134, -97, 745, -81;
-32, 190, -23, -619, -290, -166, -127, 744, -92;
-42, 188, -28, -621, -362, -205, -165, 737, -112;
-39, 199, -21, -543, -355, -204, -154, 778, -85;
-50, 196, -28, -549, -433, -245, -197, 766, -111;
-52, 203, -26, -494, -451, -257, -203, 791, -102;
-48, 214, -19, -408, -438, -252, -190, 836, -74;
-51, 219, -18, -359, -463, -266, -201, 856, -72;
-53, 225, -17, -305, -481, -277, -208, 879, -68;
-58, 228, -19, -268, -515, -295, -226, 891, -75;
-64, 230, -23, -240, -558, -318, -250, 897, -90;
-64, 236, -21, -181, -566, -323, -253, 923, -85;
-60, 248, -15, -90, -542, -311, -236, 967, -62;
-68, 246, -22, -80, -594, -338, -268, 961, -88;
-64, 257, -17, 3, -569, -325, -252, 1002, -69;
-64, 263, -17, 62, -567, -324, -251, 1026, -66;
-68, 264, -20, 90, -591, -336, -267, 1032, -81;
-65, 272, -18, 157, -572, -325, -256, 1062, -71;
-58, 284, -11, 250, -522, -300, -228, 1108, -45;
-64, 282, -18, 256, -556, -316, -251, 1100, -72;
-55, 294, -11, 351, -494, -283, -216, 1149, -43;
-59, 293, -16, 361, -513, -291, -232, 1144, -64;
-52, 302, -11, 436, -461, -263, -204, 1181, -44;
-47, 310, -8, 495, -419, -240, -183, 1209, -32;
-49, 308, -13, 500, -426, -242, -193, 1203, -52;
-39, 318, -6, 579, -354, -203, -154, 1243, -24;
-36, 321, -5, 610, -323, -186, -141, 1255, -23;
-37, 319, -10, 604, -323, -183, -148, 1245, -42;
-24, 331, 0, 689, -228, -132, -95, 1292, -3;
-28, 324, -9, 657, -244, -137, -112, 1267, -35;
-15, 335, 0, 731, -147, -86, -60, 1309, 2;
-12, 335, 0, 734, -117, -68, -49, 1307, -1;
-13, 330, -5, 708, -109, -61, -52, 1289, -20;
-3, 335, 0, 742, -37, -22, -15, 1309, 0;
-1, 333, -1, 727, -9, -4, -6, 1299, -6;
0, 329, -3, 704, 13, 10, 0, 1285, -15;
12, 336, 4, 742, 103, 58, 48, 1310, 16;
14, 332, 2, 713, 130, 74, 57, 1295, 9;
19, 330, 3, 695, 171, 98, 75, 1287, 12;
26, 330, 7, 693, 231, 131, 105, 1290, 27;
27, 323, 3, 642, 245, 141, 106, 1263, 14;
30, 319, 3, 606, 277, 160, 119, 1246, 13;
40, 322, 10, 612, 352, 200, 159, 1257, 41;
38, 312, 5, 536, 348, 200, 150, 1217, 20;
44, 310, 8, 510, 394, 226, 173, 1209, 31;
51, 308, 12, 489, 446, 254, 200, 1205, 49;
48, 297, 7, 404, 434, 250, 187, 1161, 28;
57, 299, 14, 395, 499, 284, 223, 1166, 56;
56, 289, 11, 322, 498, 285, 219, 1130, 45;
60, 286, 14, 284, 532, 304, 237, 1118, 58;
66, 285, 19, 256, 574, 326, 260, 1112, 77;
68, 279, 20, 200, 586, 332, 265, 1088, 80;
62, 266, 14, 100, 552, 316, 242, 1038, 57;
59, 257, 12, 25, 539, 310, 233, 1003, 49;
64, 255, 18, -2, 571, 326, 253, 998, 70;
63, 248, 17, -68, 561, 321, 247, 969, 68;
60, 240, 15, -140, 541, 311, 236, 936, 61;
63, 238, 20, -170, 559, 319, 248, 929, 81;
61, 231, 20, -234, 539, 308, 238, 901, 78;
59, 225, 20, -289, 522, 299, 230, 878, 80;
61, 224, 25, -312, 533, 303, 240, 874, 100;
60, 220, 27, -356, 518, 294, 235, 858, 107;
53, 210, 23, -429, 468, 267, 208, 822, 93;
52, 207, 26, -464, 450, 256, 202, 810, 101;
45, 200, 23, -525, 402, 230, 177, 781, 91;
41, 196, 23, -564, 368, 210, 163, 764, 93;
36, 190, 22, -609, 324, 186, 141, 744, 89;
29, 184, 20, -660, 268, 155, 113, 719, 78;
34, 191, 29, -628, 288, 163, 133, 745, 116;
27, 186, 27, -668, 232, 131, 105, 725, 108;
15, 177, 20, -731, 147, 86, 59, 690, 81;
10, 175, 20, -749, 101, 60, 39, 682, 81;
11, 180, 27, -719, 99, 55, 45, 703, 107;
7, 180, 28, -723, 57, 31, 27, 702, 109;
-2, 175, 23, -755, -18, -9, -11, 682, 90;
-5, 178, 26, -735, -44, -25, -19, 695, 101;
-7, 181, 28, -712, -73, -43, -30, 707, 111;
-10, 184, 30, -687, -104, -61, -41, 720, 119;
-18, 183, 27, -693, -169, -97, -73, 714, 105;
-23, 185, 27, -669, -207, -119, -90, 724, 107;
-28, 187, 26, -649, -252, -144, -110, 732, 104;
-38, 184, 20, -658, -329, -186, -151, 720, 79;
-33, 197, 29, -568, -308, -178, -132, 770, 114;
-38, 200, 28, -535, -346, -200, -149, 783, 111;
-43, 204, 27, -501, -385, -221, -167, 796, 106;
-53, 201, 19, -502, -459, -261, -208, 786, 77;
-50, 213, 25, -416, -447, -256, -195, 830, 101;
-51, 219, 27, -358, -461, -265, -200, 857, 105;
-56, 222, 24, -323, -499, -286, -219, 868, 94;
-55, 231, 26, -251, -499, -287, -216, 902, 104;
-59, 234, 23, -212, -530, -304, -232, 914, 91;
-66, 235, 17, -190, -575, -327, -258, 917, 68;
-59, 249, 24, -84, -535, -308, -232, 971, 96;
-60, 254, 23, -28, -542, -312, -235, 994, 92;
-68, 253, 15, -20, -594, -338, -267, 987, 59;
-61, 265, 21, 78, -551, -316, -241, 1037, 82;
-68, 265, 13, 93, -588, -334, -265, 1034, 52;
-63, 274, 16, 171, -558, -318, -247, 1071, 62;
-63, 279, 13, 218, -555, -316, -248, 1088, 53;
-57, 288, 16, 297, -514, -295, -225, 1126, 66;
-54, 295, 17, 357, -488, -280, -212, 1153, 67;
-60, 292, 7, 354, -520, -295, -236, 1140, 30;
-50, 304, 14, 449, -448, -257, -196, 1189, 55;
-48, 308, 12, 487, -428, -245, -188, 1203, 47;
-47, 311, 9, 516, -411, -234, -183, 1212, 35;
-45, 313, 6, 542, -391, -222, -177, 1220, 23;
-40, 317, 5, 582, -351, -200, -158, 1238, 22;
-38, 319, 2, 602, -325, -184, -149, 1244, 11;
-29, 326, 6, 660, -256, -147, -113, 1274, 26;
-24, 329, 5, 683, -217, -124, -96, 1284, 21;
-17, 333, 6, 716, -162, -94, -69, 1299, 24;
-18, 329, 0, 694, -156, -87, -73, 1283, -1;
-7, 336, 5, 748, -70, -41, -27, 1314, 20;
-10, 329, -4, 702, -77, -42, -40, 1284, -16;
-2, 332, -2, 724, -13, -6, -8, 1297, -8;
3, 332, -2, 723, 33, 19, 12, 1297, -11;
12, 336, 0, 744, 105, 59, 49, 1311, 1;
12, 329, -6, 698, 114, 66, 47, 1285, -23;
23, 334, 0, 724, 200, 112, 93, 1305, -1;
26, 330, -3, 692, 230, 130, 104, 1289, -13;
28, 325, -6, 651, 254, 146, 112, 1269, -27;
34, 323, -7, 629, 300, 171, 133, 1260, -27;
36, 317, -10, 583, 323, 185, 141, 1238, -40;
44, 318, -7, 573, 385, 219, 173, 1240, -27;
44, 309, -11, 509, 393, 225, 172, 1208, -46;
48, 305, -12, 470, 427, 245, 188, 1193, -47;
55, 304, -9, 447, 477, 272, 214, 1188, -37;
52, 293, -16, 363, 467, 268, 203, 1146, -63;
60, 294, -11, 348, 524, 298, 235, 1147, -44;
64, 290, -10, 305, 553, 314, 249, 1131, -42;
64, 282, -13, 241, 558, 318, 250, 1102, -51;
67, 279, -11, 200, 585, 332, 265, 1088, -45;
59, 263, -22, 83, 534, 307, 231, 1027, -86;
64, 262, -17, 56, 570, 326, 253, 1023, -69;
64, 255, -18, -2, 571, 326, 253, 998, -73;
68, 253, -15, -35, 594, 338, 267, 989, -60;
63, 243, -20, -120, 561, 321, 248, 948, -80;
64, 238, -19, -167, 562, 321, 250, 931, -77;
66, 236, -16, -198, 575, 326, 260, 923, -64;
65, 231, -16, -251, 561, 318, 254, 902, -65;
62, 225, -17, -306, 539, 306, 244, 878, -69;
52, 212, -26, -406, 467, 268, 204, 826, -102;
49, 206, -27, -457, 440, 253, 191, 805, -105;
54, 210, -19, -450, 465, 263, 211, 819, -74;
42, 197, -27, -543, 383, 220, 166, 770, -107;
45, 200, -21, -540, 393, 223, 178, 780, -82;
33, 188, -29, -626, 307, 177, 131, 734, -115;
36, 191, -23, -616, 312, 177, 140, 747, -90;
26, 182, -29, -680, 237, 137, 101, 713, -113;
21, 180, -29, -706, 194, 113, 82, 702, -115;
24, 186, -21, -672, 206, 115, 96, 727, -82;
11, 176, -29, -739, 111, 65, 45, 688, -115;
10, 179, -25, -727, 90, 51, 40, 698, -101;
2, 175, -29, -754, 25, 15, 7, 682, -113;
-5, 172, -31, -769, -31, -15, -19, 674, -121;
-9, 173, -30, -762, -72, -39, -37, 678, -118;
-7, 182, -22, -709, -70, -41, -27, 710, -89;
-11, 183, -22, -694, -110, -65, -45, 716, -86;
-21, 180, -26, -708, -184, -104, -83, 704, -105;
-25, 183, -26, -687, -225, -128, -100, 714, -103;
-33, 183, -28, -679, -282, -159, -129, 713, -112;
-30, 193, -21, -603, -274, -158, -117, 754, -82;
-42, 188, -29, -625, -365, -206, -167, 734, -114;
-38, 200, -21, -539, -350, -202, -151, 780, -82;
-48, 198, -26, -535, -419, -238, -188, 774, -102;
-49, 205, -23, -480, -437, -250, -194, 800, -93;
-53, 210, -23, -435, -465, -266, -207, 819, -91;
-56, 214, -23, -388, -492, -281, -219, 838, -91;
-57, 221, -22, -333, -509, -291, -226, 862, -85;
-59, 227, -20, -274, -522, -299, -230, 887, -80;
-61, 232, -20, -226, -543, -310, -241, 906, -81;
-60, 240, -17, -156, -541, -310, -237, 938, -69;
-60, 248, -15, -89, -540, -310, -235, 968, -61;
-63, 252, -17, -45, -560, -320, -246, 983, -67;
-63, 258, -16, 11, -562, -322, -247, 1007, -64;
-68, 259, -21, 35, -593, -337, -267, 1010, -82;
-67, 265, -19, 97, -585, -333, -263, 1036, -77;
-67, 270, -20, 144, -585, -332, -265, 1054, -80;
-65, 277, -18, 207, -566, -321, -255, 1081, -72;
-59, 287, -13, 290, -521, -298, -230, 1122, -51;
-57, 292, -13, 336, -509, -291, -226, 1139, -52;
-57, 295, -14, 372, -502, -286, -225, 1151, -58;
-53, 301, -12, 426, -471, -268, -210, 1175, -50;
-53, 303, -14, 456, -458, -260, -207, 1184, -56;
-44, 313, -8, 533, -393, -225, -172, 1223, -31;
-43, 315, -9, 555, -377, -215, -168, 1229, -38;
-33, 324, -3, 625, -308, -178, -131, 1265, -13;
-35, 322, -8, 621, -307, -174, -137, 1256, -32;
-25, 330, -1, 686, -231, -134, -97, 1290, -5;
-21, 332, -1, 706, -195, -113, -82, 1297, -4;
-17, 333, -1, 716, -162, -94, -69, 1299, -6;
-16, 331, -3, 712, -139, -79, -62, 1294, -15;
-10, 333, -2, 725, -92, -52, -41, 1300, -9;
-9, 330, -4, 710, -69, -37, -35, 1289, -19;
-1, 333, -1, 728, -8, -4, -5, 1300, -5;
6, 335, 2, 744, 53, 30, 25, 1310, 9;
14, 337, 6, 753, 114, 63, 55, 1317, 23;
14, 331, 2, 712, 129, 74, 56, 1294, 9;
20, 331, 4, 706, 182, 103, 81, 1293, 18;
26, 329, 6, 688, 226, 128, 101, 1286, 23;
32, 328, 8, 673, 276, 157, 125, 1282, 33;
31, 320, 4, 612, 283, 163, 122, 1250, 17;
36, 318, 6, 585, 325, 187, 142, 1240, 24;
39, 313, 6, 543, 354, 204, 154, 1221, 24;
47, 313, 11, 530, 414, 236, 185, 1221, 44;
50, 308, 11, 483, 440, 251, 196, 1201, 45;
56, 306, 15, 458, 488, 277, 221, 1195, 61;
57, 299, 14, 397, 501, 285, 224, 1167, 57;
62, 296, 18, 362, 539, 306, 244, 1156, 70;
64, 290, 18, 306, 554, 315, 250, 1132, 71;
64, 282, 17, 242, 560, 319, 251, 1103, 68;
65, 276, 18, 184, 570, 324, 255, 1079, 70;
64, 268, 16, 113, 564, 322, 250, 1046, 65;
66, 263, 18, 65, 579, 330, 258, 1028, 73;
63, 254, 16, -9, 564, 323, 248, 994, 66;
67, 252, 21, -41, 587, 334, 263, 985, 84;
67, 247, 23, -94, 587, 334, 264, 964, 90;
64, 239, 21, -163, 566, 323, 253, 934, 85;
63, 233, 22, -218, 555, 316, 248, 911, 88;
59, 225, 20, -287, 524, 300, 231, 879, 81;
56, 219, 20, -345, 500, 287, 220, 854, 80;
60, 220, 28, -352, 521, 295, 237, 860, 109;
56, 213, 26, -412, 484, 275, 219, 833, 103;
47, 203, 21, -494, 421, 241, 184, 791, 83;
42, 197, 20, -544, 382, 220, 165, 769, 79;
45, 199, 27, -541, 392, 222, 177, 779, 107;
37, 192, 24, -600, 333, 191, 147, 750, 94;
38, 194, 29, -599, 329, 186, 151, 757, 116;
25, 182, 21, -682, 235, 136, 100, 712, 83;
27, 186, 28, -666, 234, 133, 106, 726, 109;
21, 183, 27, -692, 185, 105, 84, 714, 106;
12, 177, 23, -735, 115, 67, 48, 691, 89;
7, 175, 22, -748, 69, 41, 27, 685, 89;
1, 174, 21, -761, 19, 12, 3, 679, 85;
0, 178, 26, -734, 3, 1, 2, 696, 104;
-4, 178, 26, -733, -43, -24, -18, 696, 102;
-11, 177, 24, -736, -97, -55, -44, 693, 96;
-13, 182, 28, -704, -121, -70, -51, 710, 109;
-24, 177, 21, -727, -203, -114, -94, 693, 84;
-30, 178, 20, -713, -251, -141, -117, 697, 79;
-32, 184, 23, -672, -275, -156, -124, 718, 89;
-30, 192, 28, -607, -278, -160, -119, 752, 111;
-40, 190, 22, -609, -349, -199, -157, 744, 89;
-45, 193, 21, -581, -393, -223, -178, 754, 82;
-45, 201, 25, -515, -399, -228, -176, 787, 97;
-47, 208, 26, -462, -419, -240, -183, 811, 103;
-52, 210, 23, -432, -462, -264, -205, 821, 91;
-56, 214, 22, -390, -493, -281, -220, 837, 86;
-56, 222, 23, -326, -503, -288, -222, 866, 91;
-60, 226, 21, -282, -530, -302, -235, 883, 84;
-66, 227, 16, -255, -573, -325, -259, 888, 65;
-68, 233, 16, -200, -585, -332, -265, 911, 62;
-61, 247, 23, -93, -544, -312, -238, 965, 91;
-63, 252, 21, -44, -558, -320, -245, 984, 83;
-67, 254, 16, -13, -587, -334, -263, 991, 63;
-66, 261, 16, 49, -580, -331, -259, 1018, 63;
-66, 266, 15, 103, -579, -330, -259, 1040, 58;
-64, 273, 15, 166, -563, -321, -251, 1068, 59;
-59, 283, 17, 244, -529, -303, -232, 1104, 69;
-58, 287, 15, 291, -520, -298, -229, 1122, 62;
-54, 295, 17, 358, -487, -280, -212, 1153, 68;
-55, 297, 13, 388, -486, -278, -215, 1161, 51;
-53, 301, 10, 428, -469, -268, -209, 1176, 42;
-53, 303, 7, 454, -460, -261, -209, 1183, 27;
-51, 306, 4, 489, -437, -247, -199, 1196, 19;
-46, 311, 4, 535, -398, -225, -181, 1216, 19;
-40, 318, 6, 586, -347, -197, -156, 1240, 25;
-34, 322, 6, 625, -303, -173, -135, 1258, 25;
-24, 331, 11, 688, -229, -133, -96, 1291, 43;
-24, 329, 5, 686, -214, -123, -94, 1285, 22;
-19, 331, 5, 707, -171, -98, -75, 1294, 19;
-19, 328, -1, 688, -162, -90, -77, 1279, -5;
-7, 336, 4, 744, -74, -43, -30, 1311, 17;
-4, 335, 1, 739, -41, -23, -17, 1307, 6;
-1, 333, -1, 730, -6, -3, -4, 1301, -4;
2, 332, -3, 719, 29, 17, 10, 1294, -13;
5, 329, -6, 701, 62, 37, 22, 1285, -24;
14, 332, -3, 715, 132, 75, 58, 1296, -13;
21, 331, -3, 707, 183, 104, 82, 1294, -12;
22, 326, -7, 667, 205, 118, 89, 1274, -28;
30, 327, -5, 663, 266, 152, 119, 1276, -19;
30, 319, -10, 607, 278, 160, 120, 1247, -40;
36, 318, -9, 587, 327, 187, 143, 1241, -37;
37, 311, -13, 532, 344, 198, 148, 1215, -52;
42, 308, -13, 498, 382, 220, 166, 1202, -53;
47, 304, -13, 463, 420, 241, 183, 1188, -52;
52, 301, -12, 428, 459, 262, 203, 1176, -49;
52, 294, -16, 365, 468, 269, 204, 1147, -62;
59, 292, -12, 340, 516, 295, 230, 1142, -49;
57, 283, -17, 262, 510, 293, 223, 1104, -68;
66, 284, -11, 252, 570, 324, 257, 1110, -44;
63, 275, -15, 174, 560, 319, 249, 1072, -61;
65, 269, -15, 123, 574, 327, 256, 1052, -61;
62, 260, -19, 44, 558, 319, 245, 1015, -77;
60, 251, -22, -27, 546, 314, 237, 982, -89;
63, 248, -21, -69, 559, 320, 246, 968, -82;
61, 241, -22, -134, 547, 314, 239, 940, -89;
58, 233, -25, -201, 528, 303, 229, 910, -98;
59, 229, -23, -243, 529, 303, 232, 895, -92;
55, 221, -26, -312, 499, 287, 216, 864, -103;
54, 217, -26, -358, 487, 280, 212, 846, -101;
60, 220, -18, -355, 518, 294, 235, 858, -70;
49, 207, -26, -452, 444, 255, 194, 808, -102;
48, 203, -25, -489, 426, 244, 187, 795, -98;
44, 198, -26, -534, 392, 225, 172, 775, -102;
41, 195, -25, -566, 367, 210, 162, 764, -98;
39, 194, -23, -589, 344, 196, 154, 757, -92;
30, 186, -28, -649, 279, 161, 120, 726, -110;
25, 182, -29, -683, 234, 135, 99, 711, -115;
19, 178, -30, -714, 187, 109, 77, 697, -120;
20, 181, -25, -702, 176, 101, 78, 708, -101;
14, 179, -26, -720, 130, 74, 57, 700, -103;
8, 177, -27, -738, 79, 46, 33, 691, -107;
1, 174, -30, -760, 20, 13, 4, 679, -117;
-3, 174, -30, -762, -24, -12, -15, 678, -117;
0, 182, -21, -706, -16, -11, -2, 712, -84;
-9, 179, -25, -722, -84, -48, -36, 701, -98;
-16, 179, -26, -722, -139, -79, -62, 699, -104;
-21, 180, -26, -707, -182, -104, -82, 705, -104;
-29, 178, -30, -712, -250, -141, -116, 698, -119;
-34, 182, -29, -684, -288, -162, -132, 710, -116;
-39, 184, -30, -659, -330, -186, -152, 720, -117;
-41, 189, -28, -618, -358, -203, -163, 739, -110;
-37, 201, -19, -528, -340, -196, -145, 787, -75;
-41, 205, -19, -491, -376, -217, -161, 802, -75;
-54, 200, -28, -511, -468, -265, -213, 781, -112;
-52, 210, -22, -431, -461, -263, -204, 821, -89;
-51, 219, -18, -360, -464, -267, -201, 855, -73;
-55, 223, -19, -316, -492, -282, -215, 872, -75;
-63, 223, -24, -301, -549, -312, -247, 870, -96;
-60, 234, -19, -214, -532, -305, -234, 913, -74;
-62, 238, -19, -167, -553, -316, -244, 931, -77;
-59, 248, -15, -86, -537, -309, -233, 970, -59;
-60, 254, -14, -29, -543, -312, -236, 993, -57;
-66, 255, -19, -8, -582, -332, -260, 994, -77;
-59, 267, -12, 90, -539, -310, -233, 1044, -48;
-68, 264, -20, 92, -590, -335, -266, 1033, -80;
-62, 275, -15, 177, -553, -316, -244, 1074, -60;
-62, 280, -15, 228, -545, -311, -242, 1094, -59;
-65, 281, -19, 250, -562, -318, -255, 1097, -76;
-61, 288, -17, 311, -534, -303, -241, 1124, -67;
-55, 297, -12, 387, -487, -278, -215, 1161, -48;
-58, 297, -17, 401, -496, -281, -226, 1159, -66;
-54, 302, -15, 449, -466, -264, -212, 1180, -61;
-46, 311, -10, 519, -408, -232, -181, 1214, -40;
-44, 313, -11, 546, -387, -220, -174, 1223, -44;
-43, 314, -13, 564, -369, -208, -169, 1227, -51;
-30, 327, -3, 653, -275, -158, -117, 1276, -12;
-25, 330, -1, 683, -234, -135, -99, 1288, -7;
-20, 333, 0, 710, -190, -110, -79, 1300, -1;
-22, 328, -6, 687, -191, -108, -87, 1282, -24;
-10, 337, 1, 745, -105, -62, -41, 1315, 5;
-6, 337, 1, 752, -65, -39, -24, 1317, 7;
-2, 337, 1, 752, -28, -17, -9, 1315, 6;
0, 333, 0, 731, -5, -2, -3, 1302, -3;
4, 333, 0, 729, 38, 22, 16, 1300, 0;
11, 335, 3, 738, 99, 56, 46, 1308, 14;
10, 328, -1, 690, 107, 63, 42, 1280, -4;
16, 327, 0, 678, 154, 89, 64, 1276, 1;
24, 328, 4, 677, 215, 123, 95, 1280, 17;
34, 330, 10, 686, 289, 163, 133, 1290, 41;
32, 321, 5, 617, 288, 165, 126, 1253, 20;
38, 319, 7, 595, 336, 192, 149, 1246, 30;
38, 312, 5, 537, 348, 201, 150, 1217, 20;
49, 315, 13, 542, 427, 242, 193, 1229, 52;
48, 306, 9, 471, 428, 245, 188, 1193, 37;
48, 297, 7, 404, 435, 250, 188, 1161, 28;
50, 292, 7, 355, 459, 264, 198, 1141, 31;
58, 292, 13, 335, 512, 292, 227, 1139, 53;
64, 290, 19, 310, 558, 317, 253, 1134, 74;
66, 285, 19, 256, 573, 325, 259, 1112, 77;
58, 270, 11, 143, 528, 304, 229, 1053, 44;
62, 266, 14, 100, 551, 316, 242, 1038, 57;
67, 264, 20, 72, 586, 334, 263, 1033, 78;
66, 257, 19, 5, 579, 330, 258, 1003, 75;
66, 251, 20, -52, 577, 329, 257, 979, 78;
60, 240, 15, -141, 541, 310, 235, 936, 61;
60, 235, 17, -189, 541, 310, 237, 918, 69;
62, 232, 21, -224, 549, 313, 244, 907, 84;
65, 231, 26, -250, 562, 318, 255, 902, 104;
58, 221, 22, -331, 514, 293, 229, 863, 88;
52, 211, 19, -407, 466, 268, 203, 826, 74;
53, 211, 24, -428, 469, 268, 209, 823, 94;
46, 202, 20, -499, 416, 239, 181, 788, 80;
41, 195, 18, -554, 373, 215, 160, 763, 74;
38, 192, 20, -588, 344, 199, 148, 750, 78;
41, 196, 28, -574, 359, 203, 163, 766, 110;
31, 186, 22, -647, 281, 162, 121, 727, 86;
32, 189, 28, -639, 278, 157, 127, 738, 110;
23, 182, 23, -693, 207, 119, 90, 710, 92;
19, 180, 24, -708, 170, 98, 74, 705, 96;
20, 185, 30, -686, 165, 92, 78, 722, 120;
10, 179, 26, -727, 90, 51, 40, 698, 102;
0, 173, 20, -768, 12, 9, 0, 674, 81;
3, 181, 29, -716, 20, 10, 13, 707, 114;
-7, 176, 24, -747, -57, -31, -27, 687, 94;
-12, 177, 24, -740, -101, -57, -47, 690, 94;
-14, 181, 27, -710, -127, -73, -55, 706, 105;
-16, 185, 29, -676, -152, -88, -63, 724, 116;
-22, 186, 28, -665, -203, -117, -87, 727, 109;
-34, 181, 20, -686, -289, -163, -133, 709, 81;
-37, 186, 21, -649, -320, -181, -146, 726, 85;
-36, 195, 27, -582, -323, -185, -140, 761, 105;
-46, 192, 20, -586, -397, -225, -181, 751, 79;
-45, 201, 25, -515, -399, -228, -176, 787, 97;
-45, 210, 28, -450, -407, -235, -176, 819, 110;
-57, 205, 18, -464, -495, -280, -225, 801, 71;
-60, 210, 18, -415, -519, -294, -235, 821, 70;
-56, 222, 23, -324, -500, -286, -220, 867, 93;
-55, 231, 26, -251, -499, -287, -216, 902, 103;
-62, 232, 21, -227, -545, -311, -242, 905, 82;
-66, 234, 17, -192, -577, -328, -260, 916, 67;
-65, 243, 19, -119, -571, -326, -254, 949, 74;
-69, 246, 15, -82, -596, -339, -269, 960, 59;
-62, 259, 21, 18, -554, -318, -243, 1011, 83;
-63, 264, 19, 69, -560, -320, -246, 1031, 76;
-64, 268, 16, 112, -569, -325, -253, 1046, 64;
-63, 274, 15, 171, -559, -319, -248, 1070, 62;
-57, 284, 19, 254, -519, -298, -225, 1111, 76;
-59, 286, 14, 284, -527, -301, -233, 1118, 58;
-56, 294, 15, 348, -497, -285, -218, 1147, 61;
-51, 301, 16, 410, -464, -266, -201, 1175, 65;
-55, 300, 9, 419, -478, -272, -214, 1171, 37;
-52, 305, 8, 464, -450, -256, -202, 1189, 33;
-44, 313, 11, 530, -397, -227, -174, 1221, 44;
-47, 311, 4, 529, -403, -228, -184, 1213, 15;
-39, 319, 7, 592, -341, -194, -152, 1244, 28;
-39, 318, 1, 596, -332, -187, -153, 1240, 7;
-28, 327, 6, 662, -255, -146, -112, 1275, 26;
-29, 324, 0, 652, -248, -139, -115, 1264, 1;
-15, 335, 8, 729, -149, -87, -61, 1307, 32;
-10, 337, 8, 749, -101, -60, -39, 1317, 32;
-13, 330, -1, 704, -113, -63, -54, 1287, -6;
0, 338, 5, 762, -17, -11, -2, 1322, 21;
0, 334, 0, 732, -4, -2, -3, 1302, -3;
4, 334, -1, 733, 43, 24, 19, 1303, -4;
6, 329, -6, 702, 63, 38, 23, 1285, -24;
12, 329, -6, 698, 114, 66, 47, 1285, -23;
23, 334, 0, 724, 200, 112, 92, 1304, -1;
28, 332, -1, 701, 239, 135, 110, 1295, -7;
32, 329, -3, 675, 278, 157, 126, 1283, -12;
35, 324, -6, 634, 305, 174, 136, 1264, -23;
37, 318, -9, 588, 328, 188, 144, 1242, -36;
47, 321, -3, 593, 404, 228, 185, 1252, -15;
43, 309, -12, 504, 388, 223, 169, 1205, -49;
53, 311, -7, 503, 460, 261, 209, 1213, -27;
55, 304, -9, 447, 478, 272, 214, 1188, -37;
55, 296, -13, 382, 486, 277, 215, 1157, -51;
63, 296, -8, 365, 542, 307, 246, 1158, -33;
60, 286, -14, 280, 528, 301, 234, 1115, -57;
59, 278, -17, 213, 531, 304, 233, 1085, -68;
65, 276, -14, 182, 568, 323, 254, 1077, -56;
65, 270, -15, 123, 575, 328, 256, 1053, -61;
60, 257, -22, 27, 541, 311, 235, 1005, -88;
62, 253, -21, -19, 553, 317, 242, 987, -84;
66, 252, -17, -46, 583, 332, 261, 983, -67;
60, 239, -24, -141, 540, 310, 235, 935, -93;
65, 240, -18, -158, 572, 325, 256, 937, -71;
64, 234, -18, -212, 560, 319, 251, 914, -73;
56, 222, -25, -306, 505, 290, 220, 867, -99;
60, 223, -19, -318, 527, 300, 237, 871, -76;
52, 212, -25, -405, 469, 269, 204, 827, -101;
50, 207, -25, -450, 447, 256, 195, 809, -101;
45, 201, -28, -506, 409, 235, 177, 784, -109;
43, 198, -26, -537, 390, 224, 170, 774, -103;
46, 200, -20, -534, 398, 226, 181, 783, -79;
36, 190, -26, -609, 324, 186, 141, 744, -104;
38, 194, -20, -600, 327, 185, 150, 756, -80;
25, 182, -29, -685, 232, 134, 97, 709, -116;
29, 188, -20, -651, 249, 140, 116, 736, -81;
23, 184, -22, -683, 195, 110, 90, 720, -89;
11, 176, -29, -741, 109, 64, 44, 687, -116;
15, 183, -21, -697, 120, 66, 59, 717, -82;
6, 180, -24, -723, 56, 31, 27, 702, -94;
0, 178, -26, -737, 0, 0, 0, 694, -101;
-7, 175, -28, -751, -61, -33, -30, 684, -112;
-11, 177, -27, -735, -96, -54, -44, 693, -106;
-15, 179, -26, -720, -136, -77, -61, 700, -102;
-24, 177, -30, -728, -204, -114, -95, 692, -117;
-21, 187, -21, -658, -196, -113, -83, 731, -85;
-24, 191, -20, -626, -229, -133, -96, 746, -79;
-35, 188, -26, -637, -308, -175, -138, 734, -103;
-36, 194, -22, -584, -324, -186, -142, 760, -89;
-42, 196, -24, -563, -374, -214, -166, 766, -97;
-49, 197, -27, -544, -428, -243, -194, 769, -108;
-54, 200, -28, -510, -467, -265, -213, 781, -112;
-51, 211, -21, -424, -455, -260, -200, 825, -85;
-60, 210, -27, -414, -518, -294, -235, 822, -106;
-53, 225, -17, -303, -480, -276, -207, 880, -67;
-58, 228, -19, -268, -516, -296, -227, 891, -76;
-57, 236, -16, -199, -517, -297, -224, 923, -64;
-66, 234, -23, -193, -579, -329, -261, 915, -93;
-69, 238, -25, -147, -598, -339, -271, 932, -97;
-66, 249, -20, -63, -577, -329, -257, 972, -78;
-64, 257, -17, 5, -567, -324, -251, 1003, -68;
-69, 258, -22, 29, -600, -341, -271, 1006, -86;
-61, 271, -13, 135, -546, -313, -239, 1060, -53;
-59, 279, -11, 200, -529, -304, -230, 1088, -45;
-60, 281, -14, 236, -537, -307, -237, 1099, -54;
-61, 284, -16, 272, -539, -307, -241, 1111, -62;
-60, 289, -15, 320, -525, -299, -236, 1129, -62;
-56, 296, -13, 380, -494, -282, -220, 1156, -52;
-49, 305, -8, 452, -445, -255, -194, 1191, -34;
-46, 310, -7, 501, -413, -237, -179, 1212, -28;
-45, 312, -9, 522, -404, -231, -179, 1217, -38;
-38, 319, -5, 584, -349, -201, -151, 1246, -20;
-40, 317, -10, 581, -352, -200, -159, 1237, -40;
-33, 323, -6, 630, -298, -170, -132, 1261, -26;
-24, 331, -1, 689, -228, -132, -95, 1292, -4;
-23, 330, -3, 693, -208, -119, -90, 1289, -12;
-22, 328, -6, 685, -193, -109, -88, 1280, -26;
-15, 332, -3, 713, -138, -78, -62, 1294, -14;
-6, 337, 1, 749, -69, -41, -27, 1314, 4;
-10, 329, -5, 704, -75, -41, -39, 1285, -23;
-1, 332, -1, 726, -11, -5, -7, 1298, -7;
3, 333, 0, 725, 35, 20, 13, 1298, -2;
9, 333, 1, 726, 87, 50, 38, 1300, 6;
13, 330, 0, 703, 120, 69, 50, 1288, 3;
24, 335, 8, 728, 204, 114, 95, 1307, 32;
27, 331, 7, 698, 236, 134, 108, 1293, 30;
28, 325, 5, 652, 256, 146, 113, 1269, 21;
34, 323, 7, 630, 301, 172, 134, 1261, 28;
41, 322, 11, 616, 356, 202, 161, 1259, 43;
45, 319, 12, 583, 394, 224, 179, 1246, 49;
49, 314, 13, 540, 424, 241, 191, 1227, 50;
53, 311, 15, 505, 462, 262, 210, 1214, 59;
50, 300, 9, 421, 452, 259, 198, 1172, 38;
55, 297, 13, 387, 490, 280, 218, 1160, 50;
56, 290, 12, 325, 502, 287, 221, 1133, 47;
57, 283, 12, 266, 514, 295, 225, 1107, 47;
63, 281, 16, 235, 553, 315, 247, 1099, 64;
68, 279, 20, 201, 586, 333, 265, 1089, 81;
67, 271, 19, 133, 585, 332, 263, 1059, 77;
63, 261, 16, 50, 564, 323, 249, 1019, 64;
70, 261, 23, 29, 603, 342, 273, 1018, 90;
69, 254, 23, -32, 597, 339, 269, 991, 90;
67, 247, 23, -94, 587, 334, 264, 964, 90;
64, 239, 21, -166, 563, 321, 251, 932, 83;
61, 231, 20, -234, 539, 308, 238, 901, 78;
62, 228, 23, -269, 542, 309, 243, 890, 92;
53, 216, 18, -361, 484, 278, 210, 844, 70;
53, 212, 20, -402, 472, 271, 206, 829, 78;
47, 205, 18, -465, 432, 249, 186, 800, 71;
50, 206, 24, -472, 442, 252, 197, 805, 96;
41, 196, 19, -552, 375, 216, 161, 764, 75;
40, 194, 22, -572, 361, 207, 158, 760, 88;
39, 194, 26, -589, 344, 196, 154, 757, 101;
37, 192, 28, -610, 318, 180, 144, 750, 109;
33, 190, 29, -631, 286, 161, 131, 743, 115;
29, 187, 29, -656, 244, 138, 113, 733, 115;
22, 183, 27, -688, 190, 107, 86, 717, 108;
19, 184, 30, -690, 160, 90, 76, 719, 117;
6, 175, 22, -750, 68, 40, 26, 684, 88;
9, 182, 30, -709, 71, 38, 36, 711, 118;
1, 179, 27, -727, 9, 4, 6, 700, 107;
-9, 173, 21, -762, -72, -39, -36, 678, 85;
-14, 175, 22, -752, -113, -63, -54, 682, 86;
-13, 181, 27, -705, -122, -70, -52, 709, 108;
-21, 180, 24, -707, -183, -104, -82, 705, 96;
-29, 179, 21, -708, -246, -138, -114, 700, 83;
-31, 184, 23, -668, -271, -154, -122, 720, 92;
-39, 184, 20, -659, -330, -186, -152, 720, 78;
-39, 191, 23, -606, -347, -197, -155, 746, 90;
-37, 201, 29, -530, -342, -197, -146, 786, 114;
-41, 205, 28, -493, -377, -217, -162, 801, 111;
-44, 210, 28, -449, -406, -234, -175, 819, 111;
-53, 210, 23, -434, -465, -265, -206, 819, 90;
-52, 219, 26, -362, -466, -267, -202, 854, 103;
-62, 216, 18, -360, -536, -304, -242, 845, 71;
-65, 221, 16, -314, -562, -319, -255, 862, 64;
-63, 230, 19, -239, -557, -317, -249, 898, 75;
-65, 236, 18, -185, -570, -325, -255, 920, 72;
-66, 242, 17, -127, -579, -330, -259, 944, 69;
-68, 246, 15, -80, -594, -338, -267, 962, 60;
-66, 254, 17, -8, -582, -332, -260, 994, 66;
-67, 260, 15, 43, -586, -334, -263, 1014, 59;
-65, 267, 16, 111, -571, -325, -254, 1045, 63;
-64, 273, 15, 167, -562, -321, -250, 1068, 60;
-62, 279, 14, 223, -550, -314, -245, 1091, 57;
-65, 281, 9, 251, -561, -318, -254, 1097, 37;
-62, 287, 9, 308, -537, -305, -243, 1122, 36;
-51, 302, 17, 414, -460, -265, -199, 1177, 67;
-57, 298, 7, 407, -490, -278, -222, 1163, 30;
-49, 307, 11, 482, -432, -247, -191, 1200, 45;
-46, 311, 9, 517, -409, -233, -182, 1213, 36;
-42, 315, 8, 558, -375, -214, -167, 1230, 33;
-42, 315, 3, 568, -365, -206, -167, 1229, 13;
-35, 321, 5, 618, -310, -176, -139, 1254, 20;
-33, 322, 1, 631, -286, -161, -131, 1256, 7;
-23, 330, 6, 689, -211, -121, -92, 1287, 25;
-24, 326, 0, 673, -205, -115, -96, 1273, -1;
-15, 332, 3, 718, -132, -75, -58, 1298, 12;
-15, 328, -2, 697, -120, -66, -59, 1282, -11;
-6, 332, 0, 724, -55, -31, -26, 1298, -2;
-3, 331, -3, 716, -21, -10, -13, 1292, -13;
10, 339, 4, 767, 77, 41, 40, 1324, 16;
15, 338, 2, 760, 121, 67, 59, 1321, 11;
17, 334, -1, 728, 145, 82, 66, 1304, -5;
21, 332, -2, 710, 185, 105, 84, 1296, -10;
29, 332, -1, 707, 245, 138, 113, 1298, -4;
27, 323, -8, 642, 246, 141, 106, 1263, -32;
34, 324, -6, 633, 304, 173, 136, 1263, -24;
39, 320, -7, 602, 342, 195, 153, 1250, -28;
40, 313, -11, 547, 359, 206, 157, 1224, -43;
49, 315, -6, 542, 426, 242, 193, 1229, -25;
51, 309, -9, 489, 447, 254, 200, 1205, -35;
54, 304, -10, 444, 474, 270, 212, 1186, -39;
51, 293, -16, 360, 463, 266, 201, 1144, -65;
55, 289, -16, 317, 494, 283, 216, 1128, -63;
65, 291, -9, 313, 561, 318, 254, 1136, -37;
65, 284, -11, 252, 569, 323, 257, 1109, -44;
58, 270, -20, 142, 528, 304, 229, 1053, -81;
63, 267, -17, 109, 560, 320, 248, 1044, -69;
68, 266, -14, 79, 593, 337, 267, 1037, -55;
67, 259, -15, 16, 590, 336, 265, 1010, -61;
68, 253, -15, -34, 595, 338, 268, 990, -60;
60, 240, -23, -139, 542, 311, 236, 937, -92;
67, 242, -16, -146, 583, 331, 263, 944, -64;
57, 228, -25, -254, 519, 298, 226, 889, -98;
59, 225, -22, -289, 522, 299, 230, 878, -89;
59, 222, -20, -324, 522, 297, 233, 867, -80;
60, 220, -18, -355, 518, 294, 235, 858, -70;
51, 209, -24, -440, 457, 261, 201, 815, -95;
49, 204, -24, -482, 432, 247, 191, 799, -94;
44, 199, -25, -532, 394, 226, 173, 776, -101;
45, 199, -21, -541, 391, 222, 177, 779, -83;
39, 193, -24, -592, 341, 195, 152, 755, -94;
36, 192, -22, -612, 316, 179, 143, 749, -87;
34, 191, -20, -628, 289, 163, 133, 745, -80;
26, 185, -24, -674, 226, 128, 101, 721, -95;
21, 183, -24, -693, 185, 105, 84, 714, -95;
19, 184, -21, -689, 161, 90, 76, 719, -83;
13, 182, -22, -707, 110, 61, 52, 710, -88;
6, 179, -24, -724, 55, 30, 26, 701, -95;
4, 182, -21, -708, 29, 14, 18, 712, -83;
-2, 180, -23, -722, -31, -19, -11, 703, -93;
-6, 182, -22, -708, -69, -41, -27, 710, -88;
-16, 178, -27, -725, -141, -80, -64, 697, -106;
-15, 186, -21, -671, -147, -86, -60, 727, -82;
-26, 182, -27, -693, -231, -131, -105, 709, -107;
-24, 191, -20, -626, -229, -133, -96, 746, -80;
-31, 192, -22, -612, -283, -163, -122, 749, -87;
-35, 195, -22, -580, -320, -184, -139, 762, -86;
-45, 194, -27, -577, -389, -221, -175, 757, -105;
-42, 204, -20, -500, -385, -221, -167, 796, -81;
-44, 210, -18, -447, -404, -233, -174, 821, -72;
-56, 206, -26, -454, -485, -275, -219, 807, -103;
-56, 214, -23, -390, -493, -281, -220, 837, -91;
-54, 224, -18, -312, -489, -281, -213, 874, -73;
-61, 225, -22, -287, -535, -305, -238, 879, -88;
-58, 236, -17, -203, -521, -299, -227, 920, -67;
-60, 241, -17, -151, -537, -308, -234, 941, -67;
-60, 248, -15, -89, -541, -311, -235, 968, -61;
-67, 247, -21, -75, -589, -335, -264, 965, -85;
-67, 253, -20, -15, -589, -335, -264, 990, -81;
-61, 266, -13, 81, -548, -315, -239, 1038, -54;
-68, 265, -20, 92, -589, -335, -266, 1033, -80;
-61, 276, -14, 184, -545, -312, -239, 1079, -55;
-58, 283, -12, 248, -524, -301, -229, 1107, -46;
-58, 288, -12, 295, -516, -296, -227, 1125, -48;
-57, 293, -12, 341, -504, -288, -222, 1143, -48;
-54, 298, -11, 390, -483, -276, -213, 1163, -46;
-51, 304, -10, 444, -453, -259, -199, 1186, -39;
-47, 309, -9, 491, -424, -243, -186, 1206, -35;
-42, 315, -6, 541, -385, -221, -167, 1228, -26;
-37, 321, -3, 593, -340, -196, -145, 1252, -15;
-36, 321, -6, 607, -326, -187, -143, 1254, -24;
-38, 319, -11, 604, -324, -183, -148, 1245, -43;
-28, 327, -4, 665, -252, -144, -110, 1277, -18;
-28, 325, -8, 659, -241, -136, -110, 1269, -33;
-18, 332, -2, 714, -164, -95, -70, 1298, -8;
-14, 333, -2, 722, -128, -73, -56, 1300, -8;
-10, 333, -2, 726, -91, -52, -41, 1300, -9;
-2, 336, 1, 748, -31, -18, -11, 1313, 4;
4, 339, 4, 765, 27, 13, 17, 1323, 17;
6, 336, 2, 744, 54, 30, 25, 1310, 9;
13, 336, 4, 746, 107, 60, 51, 1313, 19;
16, 333, 4, 723, 139, 79, 63, 1301, 15;
24, 335, 8, 727, 203, 114, 94, 1307, 32;
24, 328, 4, 676, 214, 122, 94, 1279, 16;
33, 329, 9, 679, 282, 160, 129, 1286, 37;
38, 327, 11, 656, 327, 185, 150, 1278, 44;
35, 317, 5, 579, 320, 184, 139, 1236, 21;
46, 320, 13, 587, 399, 226, 181, 1249, 51;
45, 311, 9, 516, 400, 229, 177, 1213, 35;
52, 309, 13, 494, 452, 257, 203, 1208, 52;
48, 298, 7, 408, 438, 252, 190, 1163, 30;
57, 298, 14, 393, 497, 283, 222, 1165, 55;
54, 288, 9, 310, 487, 280, 211, 1123, 38;
57, 283, 11, 264, 511, 293, 224, 1105, 45;
60, 278, 13, 214, 532, 305, 234, 1086, 51;
58, 269, 11, 142, 528, 303, 229, 1052, 44;
61, 265, 13, 93, 545, 313, 238, 1034, 52;
67, 264, 19, 71, 585, 333, 262, 1032, 77;
67, 258, 20, 15, 588, 335, 264, 1009, 81;
62, 247, 16, -72, 557, 319, 244, 966, 65;
69, 248, 24, -86, 595, 338, 269, 970, 95;
58, 233, 15, -203, 526, 303, 228, 909, 60;
59, 229, 18, -242, 531, 304, 233, 896, 73;
56, 222, 18, -304, 508, 291, 221, 869, 71;
56, 218, 20, -347, 498, 285, 219, 853, 78;
57, 216, 24, -376, 498, 284, 223, 846, 94;
48, 206, 19, -459, 438, 252, 189, 804, 74;
44, 200, 18, -509, 405, 233, 174, 782, 73;
50, 204, 27, -497, 429, 243, 195, 798, 109;
39, 193, 21, -580, 352, 202, 153, 755, 83;
37, 192, 24, -600, 333, 190, 147, 750, 94;
33, 188, 24, -634, 294, 168, 129, 736, 94;
30, 187, 26, -649, 268, 152, 120, 732, 103;
20, 179, 21, -708, 192, 111, 80, 700, 83;
22, 184, 28, -685, 193, 109, 88, 719, 110;
14, 179, 25, -720, 130, 74, 57, 700, 99;
12, 181, 28, -711, 106, 59, 50, 708, 112;
8, 181, 29, -715, 64, 35, 32, 707, 113;
0, 178, 26, -735, 2, 1, 1, 695, 103;
-6, 176, 24, -744, -53, -30, -25, 689, 96;
-15, 173, 20, -761, -122, -67, -60, 677, 81;
-18, 177, 22, -736, -152, -86, -71, 690, 89;
-20, 181, 25, -705, -180, -103, -81, 706, 98;
-27, 181, 22, -700, -238, -134, -109, 705, 88;
-24, 191, 30, -627, -230, -133, -97, 746, 117;
-36, 187, 23, -642, -313, -177, -141, 730, 89;
-34, 196, 28, -574, -314, -181, -135, 766, 110;
-39, 200, 27, -539, -351, -202, -152, 780, 108;
-41, 205, 28, -494, -378, -218, -163, 800, 110;
-54, 201, 19, -506, -463, -263, -210, 784, 75;
-54, 208, 21, -445, -476, -271, -213, 812, 83;
-60, 211, 18, -412, -516, -293, -234, 823, 72;
-61, 217, 18, -356, -532, -302, -240, 847, 73;
-61, 225, 20, -290, -537, -306, -240, 878, 79;
-60, 233, 22, -220, -537, -307, -237, 910, 87;
-65, 235, 18, -186, -572, -326, -256, 919, 70;
-61, 247, 22, -96, -547, -314, -240, 963, 89;
-64, 250, 19, -53, -568, -324, -251, 978, 77;
-63, 258, 20, 13, -559, -320, -246, 1008, 80;
-70, 257, 12, 25, -604, -342, -274, 1003, 49;
-61, 272, 20, 136, -545, -313, -238, 1060, 79;
-68, 269, 11, 141, -589, -334, -267, 1052, 43;
-63, 279, 14, 222, -551, -314, -245, 1091, 56;
-63, 283, 11, 265, -546, -311, -245, 1106, 46;
-57, 292, 14, 340, -505, -289, -223, 1142, 56;
-56, 296, 11, 380, -494, -282, -220, 1156, 46;
-49, 306, 15, 455, -442, -254, -192, 1193, 59;
-44, 312, 16, 510, -404, -233, -174, 1218, 62;
-45, 312, 10, 526, -400, -229, -177, 1219, 42;
-41, 316, 9, 564, -368, -211, -163, 1234, 37;
-35, 322, 10, 611, -322, -185, -140, 1256, 40;
-32, 324, 8, 638, -290, -166, -127, 1266, 33;
-25, 329, 9, 680, -237, -137, -101, 1286, 38;
-25, 328, 4, 678, -223, -127, -99, 1280, 17;
-21, 329, 2, 694, -184, -105, -83, 1286, 11;
-10, 337, 7, 746, -105, -62, -41, 1315, 29;
-10, 333, 1, 725, -92, -52, -41, 1300, 6;
-1, 338, 4, 757, -22, -14, -6, 1318, 17;
-2, 332, -2, 722, -14, -7, -9, 1296, -9;
7, 336, 0, 747, 57, 31, 27, 1312, 3;
5, 329, -6, 700, 61, 37, 22, 1284, -25;
12, 330, -5, 701, 118, 68, 49, 1287, -21;
22, 333, -2, 714, 190, 107, 86, 1298, -7;
28, 332, -1, 705, 243, 137, 112, 1297, -5;
34, 331, -1, 687, 290, 164, 134, 1291, -4;
31, 320, -9, 613, 284, 163, 123, 1251, -37;
36, 318, -9, 587, 328, 188, 144, 1241, -37;
47, 320, -4, 591, 403, 228, 184, 1251, -16;
48, 314, -7, 537, 421, 239, 190, 1226, -29;
47, 304, -13, 463, 420, 241, 184, 1188, -52;
48, 298, -16, 407, 437, 252, 189, 1163, -62;
52, 293, -16, 362, 466, 267, 202, 1145, -64;
63, 297, -8, 367, 543, 308, 247, 1158, -33;
59, 285, -15, 276, 523, 299, 231, 1113, -60;
57, 276, -19, 201, 519, 298, 225, 1077, -76;
61, 272, -18, 158, 543, 311, 239, 1062, -71;
61, 266, -19, 98, 550, 315, 241, 1037, -76;
64, 261, -18, 52, 566, 324, 250, 1020, -72;
67, 258, -16, 12, 586, 334, 262, 1007, -64;
68, 253, -15, -37, 592, 336, 266, 988, -62;
63, 243, -20, -121, 560, 320, 248, 948, -81;
61, 235, -22, -185, 544, 312, 239, 920, -88;
57, 227, -26, -258, 514, 296, 223, 886, -101;
55, 221, -26, -314, 497, 286, 215, 862, -104;
61, 224, -18, -311, 534, 303, 241, 875, -72;
54, 213, -24, -394, 479, 274, 211, 834, -94;
56, 214, -19, -410, 487, 276, 220, 834, -76;
46, 202, -26, -499, 416, 239, 181, 788, -104;
45, 200, -24, -524, 402, 230, 178, 781, -96;
45, 199, -21, -542, 390, 222, 176, 778, -84;
37, 192, -25, -600, 333, 190, 147, 750, -99;
31, 186, -27, -646, 282, 162, 122, 728, -108;
31, 188, -23, -643, 274, 155, 124, 736, -90;
24, 183, -25, -681, 219, 125, 97, 717, -100;
24, 185, -21, -676, 202, 113, 94, 724, -85;
10, 175, -30, -746, 104, 61, 41, 684, -119;
13, 181, -23, -710, 107, 60, 51, 709, -90;
2, 175, -28, -751, 29, 17, 10, 685, -111;
3, 181, -22, -713, 23, 11, 14, 709, -87;
-2, 180, -23, -721, -31, -18, -11, 703, -93;
-5, 183, -21, -698, -59, -36, -21, 716, -83;
-16, 178, -27, -724, -141, -80, -64, 698, -105;
-21, 180, -27, -712, -188, -106, -85, 702, -107;
-21, 187, -22, -661, -199, -115, -84, 730, -87;
-26, 189, -22, -638, -241, -139, -103, 739, -87;
-34, 188, -26, -634, -305, -174, -136, 735, -101;
-41, 189, -27, -615, -356, -202, -161, 740, -108;
-39, 199, -21, -543, -354, -204, -154, 778, -84;
-43, 204, -21, -501, -386, -222, -167, 795, -81;
-46, 208, -20, -458, -415, -238, -180, 814, -79;
-53, 210, -23, -434, -465, -265, -206, 819, -91;
-54, 216, -21, -378, -482, -275, -212, 844, -84;
-60, 218, -24, -349, -525, -299, -235, 852, -95;
-65, 221, -26, -313, -560, -318, -254, 863, -103;
-66, 228, -25, -253, -571, -324, -258, 889, -98;
-63, 238, -20, -172, -558, -319, -248, 928, -80;
-59, 249, -14, -83, -534, -307, -231, 971, -57;
-67, 247, -21, -72, -587, -334, -263, 966, -84;
-70, 251, -23, -31, -605, -343, -274, 980, -91;
-61, 266, -14, 80, -549, -315, -240, 1037, -55;
-62, 270, -14, 128, -553, -317, -243, 1055, -58;
-68, 270, -20, 143, -586, -333, -265, 1053, -81;
-67, 275, -20, 196, -577, -327, -261, 1075, -79;
-61, 285, -15, 276, -535, -305, -238, 1113, -60;
-59, 290, -14, 327, -518, -295, -231, 1134, -57;
-50, 302, -7, 418, -456, -263, -196, 1180, -29;
-51, 304, -10, 443, -453, -260, -199, 1186, -39;
-48, 308, -9, 489, -425, -244, -187, 1205, -36;
-42, 315, -6, 545, -381, -219, -165, 1231, -23;
-41, 316, -8, 564, -368, -210, -163, 1235, -32;
-40, 317, -10, 583, -350, -199, -158, 1239, -39;
-30, 326, -3, 649, -279, -161, -120, 1273, -15;
-31, 324, -8, 644, -272, -155, -123, 1264, -31;
-22, 331, -2, 698, -202, -116, -86, 1293, -9;
-22, 328, -6, 684, -194, -109, -89, 1280, -26;
-15, 332, -3, 715, -135, -77, -60, 1296, -12;
-10, 333, -2, 724, -93, -53, -42, 1299, -10;
-1, 338, 2, 757, -22, -14, -6, 1318, 9;
0, 335, 0, 742, 4, 2, 3, 1308, 3;
4, 333, 0, 730, 39, 23, 16, 1301, 0;
6, 329, -1, 703, 65, 38, 24, 1286, -7;
19, 336, 7, 742, 158, 88, 74, 1312, 27;
22, 332, 6, 713, 189, 107, 86, 1298, 23;
24, 328, 4, 677, 215, 123, 94, 1279, 17;
25, 322, 2, 632, 235, 136, 100, 1257, 8;
34, 323, 7, 633, 304, 173, 135, 1263, 30;
39, 320, 9, 602, 343, 195, 153, 1251, 35;
38, 312, 5, 536, 347, 200, 150, 1217, 19;
47, 312, 10, 527, 411, 234, 183, 1219, 42;
46, 304, 7, 459, 416, 239, 181, 1186, 30;
52, 302, 11, 431, 461, 264, 204, 1178, 44;
56, 298, 13, 392, 496, 283, 221, 1164, 54;
58, 292, 14, 337, 513, 293, 228, 1140, 54;
61, 287, 15, 291, 539, 307, 241, 1122, 62;
59, 278, 12, 213, 530, 304, 233, 1085, 50;
60, 272, 13, 155, 540, 310, 237, 1060, 52;
59, 263, 12, 84, 535, 308, 232, 1028, 46;
64, 262, 17, 56, 570, 326, 253, 1023, 68;
60, 251, 13, -31, 542, 312, 235, 980, 52;
67, 253, 22, -40, 589, 335, 265, 987, 85;
61, 241, 16, -133, 548, 314, 240, 940, 66;
62, 237, 19, -178, 551, 315, 243, 924, 75;
57, 227, 16, -255, 517, 297, 225, 888, 65;
62, 228, 23, -269, 543, 309, 243, 891, 92;
63, 225, 27, -304, 541, 307, 245, 880, 105;
54, 213, 21, -395, 478, 274, 210, 833, 82;
53, 210, 23, -429, 467, 267, 208, 822, 93;
52, 208, 26, -461, 453, 257, 204, 812, 103;
48, 203, 26, -504, 422, 240, 190, 794, 104;
41, 196, 23, -565, 368, 210, 162, 764, 92;
36, 191, 23, -606, 327, 187, 143, 746, 91;
34, 190, 25, -624, 303, 173, 135, 741, 100;
24, 181, 20, -689, 228, 132, 95, 707, 78;
27, 186, 28, -665, 235, 133, 107, 727, 109;
19, 181, 25, -704, 174, 100, 77, 707, 99;
10, 175, 21, -746, 104, 61, 41, 684, 82;
10, 179, 26, -724, 93, 53, 42, 700, 104;
1, 175, 22, -755, 25, 15, 7, 682, 89;
3, 181, 30, -712, 24, 12, 15, 709, 117;
-2, 181, 28, -717, -27, -16, -9, 706, 112;
-12, 176, 23, -745, -106, -59, -50, 687, 91;
-14, 180, 26, -715, -132, -75, -58, 703, 102;
-15, 186, 30, -671, -147, -86, -60, 727, 119;
-22, 186, 27, -668, -206, -119, -89, 725, 107;
-31, 184, 23, -671, -274, -156, -124, 718, 90;
-36, 187, 22, -642, -313, -178, -141, 730, 89;
-42, 188, 20, -624, -365, -206, -167, 735, 79;
-39, 199, 27, -542, -354, -203, -154, 778, 106;
-41, 205, 29, -490, -374, -216, -160, 803, 113;
-54, 201, 19, -506, -464, -263, -211, 784, 75;
-56, 207, 20, -453, -484, -275, -218, 807, 78;
-53, 217, 24, -374, -478, -274, -210, 846, 95;
-56, 222, 24, -323, -499, -286, -219, 868, 94;
-62, 224, 19, -293, -541, -308, -242, 876, 77;
-59, 234, 23, -210, -528, -303, -231, 916, 93;
-66, 234, 17, -193, -579, -329, -260, 915, 66;
-60, 248, 24, -89, -540, -310, -235, 968, 93;
-69, 245, 14, -85, -599, -340, -271, 958, 57;
-64, 257, 19, 3, -569, -325, -252, 1002, 74;
-69, 258, 13, 29, -600, -341, -271, 1006, 51;
-60, 272, 20, 138, -543, -312, -237, 1062, 80;
-60, 277, 18, 189, -540, -309, -236, 1082, 74;
-61, 280, 15, 229, -543, -310, -241, 1095, 61;
-57, 289, 17, 299, -512, -294, -224, 1127, 67;
-58, 291, 12, 330, -515, -294, -229, 1136, 50;
-54, 298, 13, 390, -484, -277, -214, 1162, 52;
-50, 305, 14, 449, -448, -257, -196, 1189, 56;
-52, 304, 8, 461, -453, -257, -204, 1187, 31;
-50, 307, 5, 494, -432, -245, -197, 1199, 22;
-46, 312, 5, 535, -397, -225, -181, 1216, 19;
-37, 320, 9, 603, -331, -189, -145, 1251, 35;
-32, 324, 8, 639, -289, -165, -126, 1267, 34;
-31, 324, 4, 648, -269, -153, -121, 1267, 18;
-28, 324, 1, 657, -243, -137, -112, 1267, 4;
-19, 332, 5, 709, -169, -97, -74, 1295, 20;
-16, 331, 1, 709, -141, -80, -64, 1292, 7;
-10, 334, 2, 729, -88, -50, -39, 1302, 8;
-2, 336, 3, 750, -30, -18, -10, 1314, 13;
-1, 333, -1, 731, -6, -3, -4, 1301, -4;
6, 336, 0, 746, 56, 31, 26, 1311, 2;
6, 329, -6, 703, 64, 38, 24, 1286, -23;
18, 336, 0, 740, 157, 88, 73, 1311, 2;
15, 325, -9, 669, 145, 85, 58, 1271, -35;
25, 329, -4, 687, 225, 128, 101, 1286, -16;
26, 323, -9, 637, 241, 139, 103, 1260, -35;
36, 325, -4, 643, 313, 178, 141, 1269, -18;
34, 315, -12, 571, 312, 180, 134, 1231, -47;
38, 312, -12, 537, 349, 201, 151, 1218, -49;
47, 313, -8, 530, 415, 236, 186, 1222, -33;
52, 310, -8, 497, 454, 258, 205, 1209, -31;
50, 300, -14, 419, 449, 258, 197, 1170, -55;
58, 300, -9, 404, 508, 289, 229, 1171, -38;
54, 288, -17, 313, 489, 281, 213, 1125, -66;
58, 284, -16, 267, 515, 295, 226, 1108, -65;
64, 283, -12, 244, 562, 320, 252, 1104, -49;
63, 274, -16, 171, 557, 318, 247, 1070, -63;
65, 269, -15, 122, 573, 327, 255, 1051, -62;
67, 265, -15, 74, 588, 335, 264, 1034, -59;
64, 255, -19, -7, 566, 324, 250, 995, -76;
61, 246, -23, -83, 546, 314, 238, 960, -90;
64, 243, -20, -117, 564, 322, 250, 950, -78;
67, 241, -16, -148, 581, 330, 262, 943, -65;
64, 234, -18, -213, 559, 318, 251, 914, -73;
57, 223, -24, -297, 514, 295, 225, 873, -94;
53, 215, -27, -365, 480, 277, 208, 842, -105;
52, 212, -25, -404, 469, 269, 205, 828, -101;
57, 215, -18, -402, 495, 280, 225, 839, -71;
49, 205, -24, -481, 433, 247, 192, 799, -94;
46, 201, -23, -518, 408, 233, 181, 785, -92;
37, 192, -29, -590, 343, 198, 147, 749, -113;
38, 192, -25, -597, 336, 192, 149, 752, -97;
35, 191, -23, -618, 310, 176, 139, 745, -91;
33, 190, -21, -632, 285, 161, 131, 743, -83;
25, 184, -25, -679, 221, 126, 98, 718, -98;
18, 180, -27, -711, 167, 96, 72, 703, -106;
15, 180, -25, -715, 135, 77, 60, 703, -100;
7, 176, -28, -746, 72, 42, 28, 687, -112;
0, 173, -30, -764, 15, 11, 1, 676, -120;
-1, 176, -27, -749, -11, -5, -7, 687, -109;
-2, 180, -23, -719, -29, -17, -10, 704, -92;
-14, 174, -30, -758, -119, -66, -58, 679, -119;
-15, 179, -26, -720, -136, -77, -61, 700, -102;
-18, 183, -23, -688, -164, -94, -70, 717, -92;
-26, 182, -26, -688, -226, -129, -102, 712, -104;
-25, 190, -20, -629, -232, -134, -98, 744, -81;
-32, 191, -23, -615, -286, -164, -124, 747, -89;
-41, 189, -28, -617, -357, -202, -162, 740, -109;
-46, 192, -28, -588, -400, -226, -182, 750, -112;
-47, 200, -24, -526, -410, -234, -183, 780, -97;
-53, 201, -27, -503, -460, -261, -208, 786, -107;
-49, 213, -20, -415, -445, -256, -194, 831, -79;
-53, 217, -20, -370, -474, -272, -208, 849, -79;
-54, 224, -18, -309, -486, -279, -211, 876, -71;
-56, 229, -18, -260, -508, -291, -221, 896, -71;
-62, 231, -21, -229, -546, -312, -243, 904, -83;
-65, 235, -22, -185, -571, -325, -256, 920, -88;
-66, 242, -21, -128, -579, -330, -259, 944, -85;
-67, 247, -21, -74, -588, -335, -264, 965, -85;
-62, 258, -15, 15, -558, -320, -245, 1009, -62;
-68, 258, -21, 34, -595, -338, -268, 1009, -83;
-61, 272, -13, 136, -545, -313, -238, 1061, -53;
-60, 277, -12, 192, -537, -308, -235, 1084, -50;
-58, 284, -11, 253, -519, -298, -226, 1110, -43;
-63, 282, -18, 259, -552, -314, -249, 1103, -70;
-62, 287, -18, 305, -540, -306, -245, 1120, -71;
-51, 301, -8, 414, -460, -265, -199, 1177, -31;
-56, 298, -15, 410, -487, -276, -220, 1165, -60;
-49, 307, -11, 478, -436, -249, -194, 1198, -42;
-44, 313, -8, 532, -394, -226, -173, 1223, -32;
-40, 317, -7, 572, -361, -207, -158, 1239, -28;
-41, 316, -11, 574, -359, -203, -163, 1233, -45;
-36, 321, -9, 616, -312, -177, -141, 1252, -35;
-30, 325, -7, 650, -267, -152, -120, 1268, -28;
-24, 329, -4, 685, -215, -123, -95, 1284, -17;
-20, 331, -3, 702, -176, -100, -78, 1291, -15;
-18, 329, -5, 699, -151, -85, -70, 1286, -22;
-10, 333, -2, 725, -92, -52, -41, 1300, -9;
-4, 335, 0, 741, -38, -22, -16, 1308, 0;
1, 336, 1, 747, 9, 4, 5, 1311, 5;
9, 339, 5, 763, 72, 39, 37, 1322, 21;
7, 330, -1, 709, 70, 41, 27, 1290, -3;
17, 335, 5, 732, 149, 84, 68, 1306, 21;
25, 335, 9, 732, 208, 116, 98, 1310, 35;
21, 325, 1, 658, 196, 114, 83, 1268, 5;
25, 321, 1, 629, 233, 135, 98, 1255, 6;
39, 328, 12, 660, 331, 187, 152, 1280, 47;
33, 314, 3, 565, 305, 176, 130, 1227, 11;
47, 320, 13, 591, 403, 228, 184, 1251, 54;
48, 313, 12, 534, 418, 238, 188, 1224, 47;
50, 308, 11, 484, 441, 251, 196, 1201, 45;
57, 306, 16, 460, 490, 278, 222, 1196, 62;
50, 292, 7, 352, 456, 263, 196, 1139, 29;
58, 291, 13, 333, 510, 291, 226, 1138, 52;
57, 283, 11, 265, 512, 294, 224, 1106, 45;
59, 277, 12, 210, 528, 303, 231, 1083, 49;
61, 272, 13, 157, 543, 311, 238, 1062, 53;
60, 264, 12, 88, 539, 310, 234, 1030, 49;
65, 262, 17, 59, 573, 327, 254, 1024, 69;
67, 258, 20, 11, 585, 333, 262, 1007, 79;
61, 246, 15, -78, 551, 316, 241, 962, 61;
68, 248, 24, -88, 593, 337, 268, 968, 94;
62, 236, 19, -179, 550, 315, 243, 924, 75;
58, 228, 17, -253, 519, 298, 226, 889, 66;
58, 224, 20, -291, 520, 298, 229, 877, 79;
61, 224, 25, -313, 532, 303, 240, 874, 100;
53, 213, 20, -399, 474, 272, 208, 831, 79;
56, 213, 26, -412, 484, 275, 219, 833, 103;
51, 206, 25, -469, 445, 253, 199, 807, 98;
47, 202, 25, -515, 412, 235, 184, 787, 98;
46, 200, 28, -537, 396, 224, 180, 782, 110;
35, 190, 22, -612, 321, 184, 139, 742, 87;
29, 184, 20, -660, 267, 155, 113, 719, 78;
29, 186, 25, -657, 259, 148, 115, 727, 98;
21, 180, 22, -700, 200, 115, 85, 705, 87;
19, 180, 24, -708, 170, 97, 74, 704, 96;
11, 176, 22, -741, 109, 64, 44, 687, 86;
14, 183, 30, -701, 116, 64, 56, 714, 118;
9, 182, 30, -709, 70, 38, 35, 710, 117;
0, 177, 25, -743, -5, -2, -3, 690, 98;
-1, 181, 29, -715, -25, -15, -7, 707, 114;
-15, 174, 21, -759, -120, -66, -58, 678, 82;
-19, 175, 21, -744, -160, -89, -76, 685, 84;
-22, 179, 23, -715, -191, -108, -87, 700, 91;
-27, 181, 23, -695, -233, -132, -106, 708, 91;
-34, 181, 20, -686, -290, -163, -134, 709, 80;
-36, 186, 22, -645, -316, -179, -143, 728, 87;
-36, 194, 26, -585, -325, -186, -142, 759, 104;
-37, 201, 29, -531, -343, -198, -147, 785, 113;
-47, 199, 22, -531, -415, -236, -186, 777, 87;
-49, 205, 24, -476, -433, -247, -192, 803, 94;
-53, 209, 22, -439, -470, -268, -210, 816, 86;
-54, 217, 24, -375, -479, -274, -211, 846, 95;
-53, 225, 27, -302, -478, -275, -206, 881, 107;
-62, 224, 19, -295, -543, -309, -243, 874, 76;
-57, 237, 26, -197, -514, -296, -223, 924, 101;
-63, 238, 20, -172, -557, -318, -247, 928, 80;
-69, 239, 14, -146, -598, -339, -271, 932, 57;
-59, 255, 24, -25, -539, -310, -233, 996, 95;
-61, 260, 22, 26, -547, -314, -238, 1016, 88;
-65, 262, 17, 54, -574, -328, -255, 1022, 67;
-68, 264, 13, 90, -591, -336, -267, 1032, 50;
-63, 274, 16, 171, -558, -319, -248, 1070, 62;
-62, 280, 14, 224, -548, -313, -244, 1092, 57;
-63, 283, 11, 265, -547, -311, -245, 1106, 46;
-57, 293, 14, 341, -504, -288, -223, 1142, 57;
-54, 298, 14, 393, -481, -275, -212, 1164, 54;
-48, 306, 16, 460, -437, -251, -189, 1196, 63;
-54, 303, 6, 451, -463, -262, -210, 1181, 25;
-45, 312, 10, 524, -402, -230, -178, 1217, 40;
-39, 318, 11, 576, -357, -205, -155, 1242, 44;
-41, 316, 4, 577, -357, -202, -162, 1235, 19;
-38, 319, 3, 604, -324, -183, -148, 1245, 12;
-28, 327, 7, 665, -252, -144, -110, 1277, 28;
-23, 329, 6, 688, -212, -121, -93, 1286, 24;
-15, 336, 9, 733, -145, -85, -58, 1310, 35;
-19, 328, 0, 692, -158, -88, -74, 1282, -3;
-13, 330, -1, 706, -111, -62, -53, 1288, -5;
0, 339, 6, 767, -12, -9, 0, 1324, 24;
-1, 333, -1, 726, -10, -5, -6, 1299, -6;
7, 337, 1, 752, 62, 34, 30, 1315, 6;
10, 334, -1, 733, 94, 53, 42, 1304, -5;
20, 337, 2, 749, 166, 92, 79, 1317, 8;
21, 332, -2, 711, 186, 106, 84, 1296, -9;
22, 326, -7, 667, 205, 118, 88, 1273, -28;
30, 326, -5, 661, 264, 150, 118, 1274, -21;
33, 322, -7, 623, 294, 168, 129, 1257, -31;
40, 322, -5, 610, 351, 199, 158, 1256, -22;
42, 315, -9, 559, 371, 212, 164, 1231, -35;
48, 314, -7, 535, 419, 238, 189, 1225, -30;
47, 304, -13, 464, 421, 241, 184, 1189, -51;
58, 307, -6, 466, 496, 281, 226, 1200, -25;
51, 293, -16, 359, 462, 266, 200, 1143, -66;
53, 287, -18, 306, 482, 277, 209, 1121, -70;
56, 282, -18, 256, 504, 289, 219, 1100, -72;
57, 276, -19, 199, 517, 297, 224, 1076, -77;
61, 272, -17, 161, 547, 313, 241, 1064, -69;
67, 271, -14, 131, 583, 332, 261, 1058, -55;
68, 265, -14, 75, 590, 335, 265, 1035, -57;
61, 252, -22, -23, 550, 316, 240, 985, -86;
65, 250, -19, -57, 572, 326, 254, 976, -74;
68, 248, -15, -87, 594, 337, 269, 969, -60;
61, 235, -23, -188, 542, 310, 237, 918, -89;
59, 230, -23, -241, 532, 305, 233, 897, -90;
63, 229, -18, -263, 548, 312, 247, 894, -73;
54, 216, -26, -358, 487, 280, 212, 846, -101;
60, 219, -18, -358, 516, 293, 234, 857, -72;
55, 213, -20, -416, 481, 273, 217, 831, -79;
46, 202, -26, -497, 418, 240, 182, 790, -103;
45, 199, -25, -528, 398, 228, 175, 779, -98;
44, 199, -22, -545, 388, 220, 175, 777, -85;
43, 197, -20, -566, 367, 207, 168, 771, -78;
29, 185, -29, -656, 271, 157, 115, 721, -115;
27, 183, -28, -673, 244, 140, 105, 717, -109;
22, 181, -27, -694, 206, 119, 89, 709, -107;
15, 177, -30, -730, 148, 86, 60, 690, -118;
16, 181, -24, -710, 140, 79, 63, 706, -97;
8, 177, -27, -739, 78, 45, 33, 691, -108;
4, 177, -26, -738, 42, 24, 18, 693, -103;
0, 177, -26, -738, 0, 0, 0, 693, -102;
-1, 181, -22, -713, -23, -14, -6, 708, -88;
-15, 173, -31, -761, -122, -67, -60, 677, -121;
-17, 177, -28, -731, -147, -83, -68, 694, -109;
-17, 184, -22, -683, -159, -92, -67, 720, -89;
-25, 183, -25, -683, -221, -126, -98, 716, -101;
-29, 186, -25, -657, -260, -149, -115, 727, -99;
-36, 187, -27, -644, -315, -179, -142, 729, -107;
-41, 190, -27, -614, -355, -201, -160, 741, -108;
-43, 195, -25, -566, -378, -215, -169, 763, -99;
-46, 200, -24, -524, -408, -233, -182, 781, -96;
-45, 209, -19, -453, -410, -236, -177, 817, -76;
-57, 205, -27, -462, -492, -279, -224, 802, -108;
-59, 211, -26, -410, -513, -291, -232, 824, -104;
-61, 217, -25, -352, -529, -301, -238, 849, -98;
-61, 224, -23, -292, -540, -307, -241, 876, -90;
-63, 230, -22, -239, -556, -317, -249, 898, -89;
-60, 241, -17, -152, -538, -308, -235, 940, -67;
-68, 239, -24, -142, -594, -337, -268, 935, -94;
-68, 246, -22, -79, -593, -337, -267, 962, -88;
-70, 251, -23, -29, -603, -342, -273, 981, -90;
-65, 262, -17, 57, -572, -327, -254, 1023, -69;
-65, 267, -17, 109, -573, -326, -255, 1043, -70;
-65, 273, -17, 162, -568, -323, -254, 1065, -69;
-65, 276, -19, 204, -569, -323, -256, 1079, -74;
-57, 289, -11, 300, -511, -293, -224, 1128, -45;
-58, 292, -13, 335, -510, -291, -226, 1139, -52;
-59, 293, -16, 359, -515, -292, -233, 1143, -65;
-50, 305, -9, 451, -446, -256, -195, 1190, -35;
-54, 302, -15, 448, -466, -264, -212, 1179, -61;
-49, 308, -13, 500, -427, -242, -193, 1202, -52;
-46, 312, -12, 537, -395, -224, -179, 1218, -49;
-33, 324, -3, 627, -306, -177, -130, 1266, -12;
-32, 324, -5, 639, -289, -165, -126, 1267, -20;
-32, 323, -8, 641, -276, -156, -125, 1262, -33;
-27, 326, -7, 668, -232, -132, -105, 1274, -28;
-24, 326, -8, 676, -202, -113, -94, 1275, -31;
-17, 330, -4, 705, -145, -82, -66, 1290, -19;
-10, 333, -2, 726, -91, -52, -41, 1300, -9;
-5, 334, -1, 734, -46, -26, -20, 1304, -4;
3, 338, 3, 762, 24, 12, 15, 1321, 15;
0, 330, -3, 708, 18, 12, 3, 1288, -12;
10, 334, 2, 732, 93, 53, 42, 1304, 10;
14, 331, 2, 711, 128, 73, 56, 1294, 8;
16, 327, 0, 679, 155, 90, 64, 1276, 2;
23, 327, 3, 671, 209, 120, 91, 1276, 13;
28, 324, 4, 648, 252, 144, 110, 1267, 18;
34, 323, 7, 632, 303, 173, 135, 1262, 29;
34, 315, 3, 570, 310, 179, 133, 1230, 14;
39, 313, 6, 544, 355, 204, 155, 1222, 24;
43, 309, 7, 507, 391, 224, 171, 1207, 30;
47, 304, 8, 462, 419, 240, 183, 1188, 32;
49, 298, 8, 409, 440, 253, 191, 1164, 31;
57, 299, 14, 396, 500, 285, 224, 1166, 56;
56, 290, 12, 324, 501, 287, 220, 1132, 46;
63, 289, 17, 302, 550, 313, 248, 1129, 69;
59, 277, 12, 209, 527, 302, 231, 1083, 48;
60, 271, 13, 154, 540, 310, 236, 1060, 52;
68, 272, 20, 140, 591, 336, 267, 1063, 81;
67, 264, 19, 71, 585, 333, 262, 1032, 77;
68, 259, 21, 17, 591, 336, 265, 1010, 82;
65, 250, 19, -53, 576, 329, 256, 978, 77;
60, 239, 15, -143, 538, 309, 234, 934, 59;
63, 237, 20, -175, 554, 317, 245, 926, 78;
61, 231, 20, -234, 539, 308, 238, 901, 78;
60, 226, 21, -282, 529, 302, 235, 882, 84;
56, 219, 20, -345, 501, 287, 220, 854, 80;
56, 216, 23, -380, 494, 282, 220, 843, 92;
56, 214, 27, -408, 489, 277, 221, 835, 106;
46, 202, 20, -499, 415, 239, 181, 788, 79;
49, 203, 27, -503, 423, 240, 191, 795, 105;
39, 193, 21, -580, 353, 203, 153, 755, 83;
36, 191, 23, -608, 325, 186, 142, 745, 89;
37, 192, 28, -608, 320, 181, 146, 752, 111;
29, 186, 25, -659, 258, 147, 114, 725, 97;
27, 186, 28, -664, 236, 133, 108, 728, 110;
19, 181, 25, -705, 173, 99, 76, 706, 98;
10, 175, 21, -745, 106, 62, 42, 685, 83;
13, 182, 29, -706, 112, 62, 53, 711, 115;
7, 180, 28, -719, 61, 33, 30, 705, 111;
0, 178, 26, -736, 1, 0, 0, 694, 102;
-7, 175, 23, -753, -62, -34, -31, 684, 90;
-13, 175, 22, -751, -112, -62, -54, 683, 87;
-19, 176, 22, -741, -158, -88, -74, 687, 86;
-18, 183, 27, -693, -169, -97, -73, 714, 105;
-28, 180, 22, -700, -238, -134, -109, 705, 88;
-27, 188, 27, -643, -246, -142, -107, 735, 107;
-31, 192, 27, -612, -283, -163, -123, 749, 108;
-36, 194, 26, -586, -327, -187, -143, 758, 103;
-44, 195, 22, -570, -382, -217, -171, 761, 89;
-41, 205, 28, -493, -377, -217, -162, 801, 111;
-53, 201, 19, -503, -460, -261, -208, 786, 77;
-50, 212, 25, -421, -451, -259, -198, 827, 98;
-59, 211, 19, -407, -511, -290, -231, 826, 75;
-57, 221, 23, -329, -506, -289, -223, 864, 90;
-57, 229, 24, -262, -510, -292, -223, 895, 97;
-63, 230, 19, -237, -555, -316, -248, 899, 76;
-65, 236, 18, -182, -568, -324, -254, 922, 73;
-66, 242, 18, -127, -578, -329, -258, 944, 70;
-61, 253, 22, -35, -549, -315, -240, 990, 88;
-65, 256, 18, -1, -575, -328, -255, 998, 71;
-67, 259, 14, 40, -589, -335, -264, 1013, 58;
-60, 272, 21, 140, -541, -311, -235, 1063, 81;
-67, 270, 12, 146, -583, -331, -263, 1055, 47;
-58, 284, 19, 252, -520, -299, -226, 1109, 75;
-60, 286, 14, 281, -530, -303, -235, 1116, 56;
-54, 295, 17, 359, -486, -279, -211, 1154, 68;
-59, 293, 8, 359, -515, -292, -233, 1143, 33;
-50, 304, 13, 445, -452, -259, -198, 1187, 53;
-52, 304, 7, 459, -455, -258, -205, 1186, 30;
-46, 311, 10, 522, -404, -231, -179, 1216, 39;
-39, 318, 11, 579, -354, -203, -154, 1243, 46;
-36, 321, 9, 607, -326, -187, -142, 1254, 38;
-36, 320, 4, 613, -315, -179, -142, 1250, 17;
-29, 326, 6, 659, -257, -147, -114, 1274, 25;
-25, 328, 5, 680, -220, -125, -97, 1282, 19;
-16, 334, 7, 724, -154, -90, -64, 1304, 29;
-11, 336, 6, 739, -111, -65, -45, 1311, 25;
-6, 337, 5, 751, -67, -39, -25, 1316, 22;
-3, 335, 2, 743, -36, -21, -14, 1310, 9;
4, 339, 4, 766, 29, 14, 18, 1323, 18;
8, 338, 2, 757, 67, 36, 33, 1318, 9;
12, 336, 0, 745, 106, 59, 50, 1312, 2;
10, 327, -8, 686, 102, 60, 40, 1278, -31;
16, 326, -8, 675, 151, 88, 62, 1274, -32;
22, 326, -7, 664, 202, 116, 86, 1271, -30;
27, 324, -8, 643, 246, 141, 107, 1263, -32;
31, 320, -9, 610, 281, 162, 121, 1249, -38;
40, 322, -5, 612, 352, 200, 159, 1256, -22;
38, 312, -12, 537, 349, 201, 151, 1218, -49;
51, 316, -4, 553, 437, 247, 199, 1235, -19;
46, 304, -13, 460, 417, 239, 182, 1186, -54;
48, 297, -16, 403, 434, 250, 187, 1161, -64;
51, 292, -17, 357, 460, 265, 199, 1142, -67;
58, 291, -13, 334, 510, 291, 226, 1138, -53;
64, 290, -10, 309, 557, 316, 252, 1134, -39;
67, 285, -10, 260, 578, 328, 262, 1114, -39;
59, 270, -20, 147, 533, 306, 232, 1056, -78;
67, 271, -14, 131, 582, 331, 261, 1057, -56;
65, 263, -17, 60, 575, 328, 255, 1025, -67;
62, 253, -21, -16, 557, 319, 244, 989, -82;
61, 246, -22, -79, 550, 315, 240, 962, -88;
60, 240, -23, -140, 541, 311, 236, 936, -92;
59, 234, -24, -196, 533, 306, 232, 913, -95;
61, 231, -21, -231, 542, 310, 240, 903, -84;
58, 224, -23, -292, 519, 297, 228, 876, -91;
53, 215, -27, -365, 480, 277, 208, 842, -105;
60, 219, -18, -357, 516, 293, 234, 857, -71;
54, 211, -21, -423, 474, 270, 212, 826, -84;
46, 202, -26, -496, 418, 240, 182, 790, -103;
42, 197, -27, -542, 385, 221, 167, 771, -106;
45, 199, -21, -541, 392, 222, 177, 779, -83;
40, 194, -22, -584, 349, 198, 157, 760, -89;
38, 193, -20, -601, 326, 184, 150, 756, -81;
26, 183, -28, -677, 239, 138, 102, 714, -111;
28, 187, -22, -659, 241, 136, 111, 731, -86;
21, 182, -24, -696, 182, 104, 82, 712, -97;
17, 182, -23, -704, 146, 82, 67, 710, -93;
13, 182, -22, -705, 113, 63, 54, 712, -86;
3, 176, -27, -743, 36, 21, 14, 689, -107;
-2, 175, -28, -750, -12, -6, -8, 686, -109;
-1, 182, -21, -709, -19, -12, -3, 711, -85;
-15, 173, -31, -761, -122, -67, -60, 677, -121;
-14, 180, -25, -715, -132, -75, -58, 703, -100;
-22, 179, -28, -717, -193, -109, -88, 699, -110;
-19, 189, -20, -648, -186, -109, -77, 737, -79;
-24, 191, -20, -627, -230, -133, -97, 746, -80;
-37, 186, -28, -648, -318, -180, -145, 727, -110;
-41, 189, -28, -617, -358, -203, -162, 739, -109;
-41, 197, -23, -553, -365, -209, -160, 772, -91;
-47, 199, -25, -532, -416, -237, -186, 777, -100;
-49, 205, -23, -479, -436, -249, -194, 800, -92;
-50, 212, -21, -419, -449, -258, -197, 829, -81;
-55, 215, -22, -386, -489, -279, -217, 839, -89;
-56, 222, -20, -325, -502, -287, -221, 866, -81;
-57, 229, -18, -264, -512, -293, -224, 894, -73;
-62, 231, -21, -232, -550, -314, -245, 902, -85;
-64, 237, -21, -177, -562, -321, -250, 925, -83;
-60, 248, -15, -89, -541, -311, -235, 968, -61;
-66, 249, -20, -63, -577, -329, -257, 972, -78;
-67, 254, -20, -14, -587, -334, -263, 991, -80;
-67, 260, -20, 43, -586, -334, -263, 1014, -78;
-59, 273, -11, 147, -534, -307, -231, 1068, -45;
-64, 273, -17, 163, -566, -322, -253, 1066, -68;
-59, 283, -12, 245, -528, -303, -231, 1105, -49;
-60, 286, -14, 281, -530, -303, -235, 1116, -56;
-57, 293, -12, 341, -504, -288, -222, 1143, -48;
-55, 297, -12, 385, -488, -279, -217, 1159, -49;
-48, 307, -7, 463, -434, -250, -187, 1198, -27;
-53, 303, -15, 453, -462, -262, -209, 1182, -58;
-42, 315, -6, 545, -381, -219, -165, 1231, -24;
-37, 320, -4, 590, -342, -197, -146, 1251, -16;
-34, 324, -3, 623, -310, -179, -132, 1264, -14;
-36, 320, -9, 611, -317, -179, -143, 1249, -38;
-31, 324, -7, 647, -270, -153, -121, 1266, -29;
-24, 328, -5, 681, -219, -125, -97, 1282, -19;
-23, 327, -7, 681, -197, -111, -91, 1278, -28;
-11, 336, 0, 741, -110, -64, -44, 1312, 2;
-14, 329, -6, 701, -116, -64, -56, 1285, -24;
-4, 335, 0, 741, -39, -22, -16, 1308, 0;
2, 337, 2, 752, 14, 7, 8, 1314, 8;
7, 336, 2, 747, 57, 31, 27, 1312, 11;
5, 329, -2, 700, 61, 37, 22, 1284, -9;
20, 337, 7, 748, 164, 91, 78, 1316, 31;
21, 332, 5, 708, 184, 104, 82, 1295, 20;
29, 333, 10, 712, 250, 140, 116, 1301, 39;
31, 328, 8, 670, 273, 155, 123, 1280, 31;
29, 318, 2, 598, 268, 155, 113, 1241, 8;
43, 324, 12, 626, 366, 207, 167, 1265, 49;
45, 318, 11, 577, 388, 220, 175, 1242, 45;
41, 307, 5, 491, 375, 216, 161, 1197, 20;
45, 302, 6, 450, 408, 235, 176, 1181, 25;
56, 305, 15, 453, 484, 275, 218, 1192, 58;
53, 295, 10, 372, 476, 273, 209, 1151, 41;
55, 289, 10, 318, 494, 283, 216, 1128, 42;
61, 287, 15, 287, 534, 305, 238, 1119, 59;
65, 284, 18, 250, 568, 323, 256, 1108, 73;
60, 271, 13, 154, 539, 309, 236, 1060, 51;
63, 267, 15, 106, 557, 319, 246, 1042, 60;
69, 267, 22, 88, 602, 342, 272, 1042, 88;
64, 255, 17, -3, 569, 325, 252, 997, 69;
67, 252, 21, -44, 585, 333, 262, 984, 83;
62, 241, 17, -131, 551, 315, 241, 942, 67;
66, 240, 22, -156, 573, 326, 257, 938, 89;
65, 235, 24, -204, 569, 323, 257, 920, 97;
64, 231, 26, -253, 559, 317, 253, 901, 102;
53, 216, 18, -361, 484, 278, 210, 844, 70;
51, 211, 18, -412, 462, 266, 200, 823, 72;
51, 208, 21, -442, 455, 261, 200, 814, 85;
46, 202, 20, -497, 418, 240, 182, 790, 81;
46, 201, 24, -521, 406, 232, 180, 784, 94;
43, 198, 25, -552, 380, 217, 170, 772, 100;
42, 197, 28, -570, 363, 205, 165, 768, 113;
36, 191, 27, -615, 313, 178, 141, 747, 106;
33, 190, 29, -633, 284, 160, 130, 742, 113;
21, 180, 22, -703, 197, 114, 83, 703, 86;
18, 180, 24, -710, 168, 97, 73, 703, 95;
18, 183, 29, -695, 156, 87, 73, 716, 114;
9, 177, 24, -735, 82, 47, 35, 693, 97;
3, 176, 24, -747, 33, 19, 12, 687, 94;
-3, 174, 22, -757, -20, -10, -12, 681, 89;
-2, 180, 28, -718, -28, -17, -9, 705, 112;
-15, 173, 20, -760, -121, -67, -59, 678, 81;
-16, 179, 24, -724, -140, -79, -63, 698, 97;
-24, 177, 21, -731, -206, -116, -97, 690, 82;
-25, 183, 24, -686, -224, -127, -100, 714, 97;
-29, 186, 25, -657, -260, -149, -115, 727, 98;
-32, 191, 26, -617, -288, -165, -125, 746, 105;
-34, 197, 29, -569, -309, -179, -132, 769, 113;
-38, 200, 28, -536, -348, -200, -150, 782, 110;
-50, 196, 19, -547, -432, -245, -196, 767, 77;
-48, 207, 25, -468, -425, -244, -187, 807, 99;
-48, 214, 27, -407, -438, -252, -190, 836, 106;
-60, 210, 18, -414, -518, -294, -235, 822, 70;
-57, 221, 22, -332, -508, -290, -225, 862, 88;
-60, 225, 21, -285, -533, -304, -237, 880, 82;
-58, 235, 24, -204, -522, -300, -228, 919, 96;
-59, 242, 24, -144, -530, -305, -230, 945, 97;
-62, 246, 21, -103, -554, -317, -244, 959, 85;
-60, 254, 23, -30, -544, -313, -236, 993, 91;
-70, 251, 13, -30, -604, -343, -273, 980, 53;
-68, 258, 13, 33, -596, -338, -268, 1009, 54;
-63, 269, 17, 121, -560, -320, -248, 1051, 69;
-68, 270, 11, 143, -586, -333, -265, 1053, 45;
-64, 278, 13, 214, -559, -318, -250, 1086, 51;
-58, 288, 16, 296, -515, -295, -226, 1125, 65;
-62, 287, 9, 306, -539, -306, -244, 1121, 35;
-53, 299, 15, 401, -472, -271, -207, 1169, 60;
-50, 304, 13, 445, -452, -259, -198, 1187, 53;
-53, 303, 7, 456, -458, -260, -207, 1184, 28;
-45, 313, 11, 529, -398, -228, -175, 1220, 43;
-39, 319, 12, 580, -353, -203, -153, 1244, 47;
-41, 317, 5, 580, -353, -201, -160, 1237, 21;
-32, 324, 8, 639, -289, -166, -126, 1267, 34;
-28, 327, 7, 664, -253, -145, -111, 1276, 28;
-25, 328, 5, 681, -219, -125, -97, 1282, 19;
-17, 333, 6, 717, -161, -93, -68, 1300, 25;
-17, 330, 0, 703, -147, -83, -67, 1289, 3;
-7, 336, 4, 746, -71, -42, -28, 1313, 19;
-6, 333, 0, 726, -53, -30, -25, 1299, -1;