0, 294, 0, 731, -6, -3, -3, 1149, -3;
-3, 292, -3, 715, -12, -5, -11, 1139, -12;
-3, 290, -4, 707, -12, -4, -14, 1134, -17;
0, 294, 0, 731, 21, 12, 2, 1149, -1;
3, 296, 2, 744, 43, 24, 12, 1157, 8;
4, 297, 3, 750, 60, 33, 18, 1161, 13;
5, 297, 3, 749, 69, 38, 20, 1161, 14;
4, 296, 2, 738, 68, 38, 16, 1155, 8;
1, 292, -1, 714, 54, 32, 4, 1140, -4;
4, 295, 2, 733, 83, 47, 18, 1153, 8;
5, 295, 2, 731, 92, 52, 21, 1152, 9;
4, 293, 1, 719, 91, 52, 16, 1146, 4;
4, 293, 1, 717, 100, 57, 18, 1145, 5;
9, 298, 6, 745, 139, 77, 38, 1163, 24;
4, 292, 0, 703, 108, 63, 16, 1138, 0;
3, 290, 0, 692, 109, 64, 13, 1133, -3;
8, 294, 3, 718, 146, 83, 32, 1150, 15;
13, 299, 8, 743, 183, 102, 52, 1167, 33;
13, 299, 8, 739, 191, 107, 53, 1166, 33;
14, 298, 8, 735, 198, 111, 54, 1164, 33;
14, 298, 8, 730, 206, 116, 56, 1163, 34;
6, 289, 0, 675, 163, 94, 25, 1130, 2;
11, 293, 5, 697, 198, 112, 43, 1146, 19;
11, 293, 5, 695, 208, 118, 46, 1146, 21;
11, 293, 5, 686, 212, 121, 45, 1142, 19;
16, 296, 9, 706, 244, 138, 62, 1157, 35;
14, 294, 7, 689, 239, 136, 56, 1147, 28;
8, 287, 1, 645, 208, 121, 33, 1122, 4;
15, 294, 8, 683, 259, 147, 61, 1148, 31;
16, 294, 9, 682, 272, 154, 66, 1149, 35;
19, 296, 10, 687, 290, 163, 74, 1155, 42;
13, 290, 5, 646, 263, 150, 54, 1131, 21;
12, 288, 4, 631, 261, 150, 49, 1124, 16;
19, 294, 10, 663, 306, 173, 74, 1146, 40;
11, 285, 2, 605, 262, 152, 43, 1113, 8;
14, 288, 5, 619, 290, 166, 57, 1124, 21;
14, 286, 4, 605, 290, 166, 54, 1118, 17;
19, 291, 9, 630, 328, 186, 75, 1136, 37;
19, 290, 9, 619, 331, 189, 74, 1132, 35;
18, 289, 8, 608, 334, 190, 73, 1128, 33;
15, 285, 5, 580, 320, 184, 61, 1113, 21;
14, 283, 4, 563, 318, 183, 56, 1105, 15;
23, 291, 12, 608, 377, 213, 91, 1136, 49;
17, 284, 6, 560, 343, 197, 66, 1109, 24;
16, 282, 4, 544, 341, 196, 62, 1102, 19;
21, 287, 10, 567, 378, 215, 83, 1120, 39;
19, 284, 7, 543, 369, 212, 74, 1108, 30;
17, 282, 6, 525, 365, 210, 69, 1100, 24;
18, 282, 7, 522, 377, 216, 73, 1101, 27;
24, 287, 12, 545, 414, 235, 94, 1119, 47;
19, 281, 7, 506, 390, 224, 76, 1098, 29;
26, 287, 13, 535, 433, 246, 101, 1120, 53;
26, 286, 13, 526, 440, 250, 102, 1118, 54;
25, 284, 12, 509, 437, 249, 98, 1111, 49;
24, 283, 11, 492, 434, 248, 94, 1103, 44;
24, 282, 11, 481, 438, 250, 94, 1100, 43;
26, 284, 13, 487, 459, 261, 104, 1108, 54;
19, 275, 6, 429, 416, 240, 75, 1076, 24;
20, 275, 6, 423, 424, 244, 78, 1075, 26;
21, 276, 7, 418, 434, 249, 82, 1076, 30;
26, 280, 12, 438, 469, 267, 102, 1093, 49;
26, 279, 12, 429, 474, 270, 103, 1091, 50;
25, 277, 11, 411, 471, 269, 99, 1083, 45;
28, 280, 14, 419, 493, 281, 111, 1092, 57;
30, 281, 16, 422, 511, 290, 120, 1098, 65;
22, 272, 8, 359, 462, 266, 87, 1063, 33;
28, 278, 14, 386, 504, 287, 112, 1084, 57;
24, 272, 10, 346, 479, 275, 94, 1063, 39;
28, 276, 14, 361, 508, 290, 110, 1077, 55;
26, 273, 12, 338, 500, 286, 103, 1067, 48;
24, 270, 10, 313, 490, 281, 95, 1056, 40;
24, 269, 9, 299, 489, 281, 94, 1051, 38;
26, 271, 12, 302, 507, 290, 103, 1057, 47;
28, 272, 13, 302, 521, 298, 110, 1062, 54;
28, 271, 14, 290, 524, 299, 111, 1059, 54;
31, 273, 16, 295, 542, 309, 120, 1066, 64;
25, 267, 11, 250, 512, 294, 100, 1043, 44;
24, 265, 10, 231, 507, 292, 96, 1036, 40;
34, 274, 19, 280, 570, 323, 133, 1070, 77;
28, 268, 14, 232, 536, 307, 111, 1045, 55;
33, 272, 19, 253, 571, 324, 132, 1063, 75;
25, 263, 11, 190, 522, 300, 100, 1028, 44;
32, 269, 17, 220, 565, 321, 126, 1051, 70;
31, 267, 17, 202, 560, 319, 122, 1044, 66;
35, 271, 21, 215, 587, 333, 138, 1057, 82;
29, 264, 15, 168, 554, 316, 116, 1033, 60;
33, 267, 19, 178, 577, 328, 130, 1044, 74;
35, 269, 21, 180, 592, 336, 139, 1050, 83;
34, 267, 20, 162, 587, 334, 135, 1043, 79;
33, 265, 19, 141, 579, 330, 129, 1035, 74;
33, 265, 19, 130, 582, 331, 130, 1033, 75;
26, 257, 12, 74, 538, 309, 102, 1003, 48;
29, 260, 16, 85, 561, 321, 116, 1014, 62;
32, 262, 18, 89, 578, 330, 126, 1022, 73;
26, 255, 13, 42, 544, 312, 105, 997, 51;
30, 258, 16, 52, 566, 323, 118, 1008, 65;
28, 255, 14, 27, 553, 317, 110, 997, 57;
29, 256, 16, 24, 562, 322, 115, 1000, 63;
31, 257, 17, 21, 571, 326, 121, 1003, 69;
30, 256, 17, 6, 568, 325, 119, 999, 68;
33, 258, 20, 15, 589, 335, 131, 1009, 81;
34, 258, 21, 7, 593, 337, 134, 1009, 84;
29, 253, 17, -33, 563, 322, 116, 989, 67;
30, 253, 17, -42, 565, 323, 117, 988, 69;
30, 253, 18, -50, 568, 325, 119, 987, 71;
29, 252, 17, -66, 563, 322, 116, 982, 69;
30, 252, 18, -72, 568, 324, 119, 983, 73;
30, 251, 19, -82, 568, 325, 120, 982, 75;
30, 250, 18, -99, 562, 321, 117, 976, 72;
35, 255, 24, -75, 596, 338, 138, 995, 94;
35, 255, 24, -84, 597, 339, 140, 995, 96;
33, 252, 22, -110, 581, 331, 130, 983, 88;
30, 248, 19, -139, 561, 321, 119, 970, 77;
26, 244, 16, -173, 537, 309, 104, 954, 64;
28, 245, 18, -173, 547, 313, 111, 959, 71;
29, 246, 19, -177, 552, 316, 115, 961, 76;
28, 245, 19, -192, 546, 312, 112, 956, 74;
28, 244, 18, -206, 542, 310, 110, 952, 73;
30, 245, 20, -206, 550, 314, 117, 956, 81;
26, 241, 17, -237, 528, 303, 104, 942, 69;
32, 247, 23, -210, 562, 320, 126, 963, 93;
30, 244, 22, -233, 548, 313, 119, 954, 86;
28, 242, 20, -255, 534, 305, 111, 944, 80;
24, 238, 16, -289, 508, 292, 96, 928, 66;
30, 242, 22, -265, 539, 307, 117, 947, 87;
25, 237, 17, -306, 505, 290, 97, 926, 69;
28, 240, 21, -297, 522, 298, 109, 936, 82;
33, 244, 26, -274, 552, 313, 129, 955, 103;
24, 235, 18, -338, 494, 284, 95, 919, 71;
31, 242, 25, -302, 537, 305, 123, 946, 100;
28, 239, 22, -331, 514, 294, 111, 932, 89;
28, 238, 22, -341, 510, 291, 110, 930, 89;
24, 234, 19, -377, 481, 276, 93, 912, 74;
23, 233, 19, -387, 476, 273, 92, 910, 74;
29, 239, 25, -357, 511, 291, 116, 933, 99;
22, 231, 18, -414, 460, 265, 86, 902, 70;
25, 234, 21, -401, 478, 273, 99, 914, 85;
29, 238, 26, -382, 501, 285, 115, 929, 103;
30, 238, 27, -387, 501, 284, 118, 931, 107;
21, 229, 18, -453, 440, 253, 81, 893, 72;
25, 233, 23, -430, 467, 266, 100, 911, 92;
26, 234, 24, -434, 467, 266, 103, 913, 96;
24, 232, 23, -450, 454, 259, 97, 907, 92;
25, 232, 24, -456, 452, 258, 98, 907, 94;
28, 235, 27, -445, 467, 265, 109, 918, 107;
23, 230, 23, -483, 432, 247, 90, 898, 90;
18, 225, 18, -518, 399, 230, 72, 879, 73;
23, 230, 24, -495, 425, 243, 91, 897, 94;
22, 228, 23, -509, 413, 236, 86, 892, 90;
22, 228, 23, -514, 411, 235, 87, 893, 93;
20, 226, 22, -532, 394, 226, 79, 885, 87;
20, 227, 23, -537, 391, 224, 80, 885, 89;
25, 232, 28, -509, 420, 238, 101, 905, 112;
24, 230, 27, -523, 408, 231, 95, 900, 108;
22, 228, 26, -541, 390, 222, 87, 892, 102;
22, 228, 26, -545, 387, 220, 88, 893, 104;
17, 223, 22, -584, 349, 200, 67, 872, 85;
17, 223, 22, -591, 343, 197, 66, 871, 86;
16, 222, 22, -598, 335, 192, 65, 869, 86;
19, 226, 25, -583, 351, 200, 77, 881, 100;
22, 228, 28, -572, 361, 204, 87, 891, 112;
15, 221, 21, -622, 311, 179, 58, 863, 85;
19, 225, 26, -597, 334, 190, 76, 881, 105;
15, 221, 23, -628, 303, 174, 60, 865, 90;
15, 221, 23, -633, 297, 170, 59, 864, 91;
16, 223, 25, -625, 303, 173, 66, 871, 100;
13, 220, 22, -649, 278, 159, 53, 859, 89;
18, 225, 28, -622, 302, 171, 71, 878, 109;
10, 217, 20, -676, 246, 142, 40, 847, 80;
15, 222, 25, -649, 270, 154, 58, 866, 100;
18, 225, 29, -632, 284, 161, 70, 878, 114;
9, 216, 20, -691, 223, 129, 35, 844, 81;
17, 225, 30, -638, 273, 154, 70, 879, 117;
8, 215, 20, -702, 205, 119, 31, 841, 80;
11, 219, 24, -684, 220, 126, 44, 855, 95;
8, 216, 22, -703, 197, 114, 33, 845, 86;
9, 217, 23, -700, 196, 113, 35, 848, 91;
16, 224, 30, -658, 234, 131, 63, 876, 120;
8, 217, 23, -707, 181, 104, 33, 847, 92;
13, 223, 29, -673, 209, 118, 54, 870, 115;
11, 221, 27, -689, 189, 107, 45, 862, 108;
7, 217, 24, -715, 158, 91, 29, 847, 94;
6, 216, 23, -721, 146, 84, 25, 844, 92;
10, 221, 28, -695, 167, 94, 42, 862, 111;
11, 222, 29, -691, 165, 92, 44, 866, 115;
3, 214, 22, -741, 109, 64, 13, 836, 86;
10, 222, 29, -695, 149, 83, 41, 866, 116;
2, 214, 22, -745, 93, 55, 10, 836, 87;
6, 218, 26, -719, 112, 63, 26, 852, 104;
6, 219, 27, -717, 108, 61, 26, 855, 107;
9, 222, 30, -697, 120, 66, 38, 868, 120;
1, 214, 22, -749, 61, 36, 5, 836, 89;
0, 213, 22, -757, 46, 28, 0, 832, 85;
3, 217, 25, -735, 60, 34, 12, 846, 100;
-1, 212, 21, -764, 23, 15, -7, 828, 83;
0, 214, 22, -755, 25, 15, -2, 835, 89;
6, 222, 30, -706, 65, 35, 26, 865, 120;
6, 222, 31, -704, 59, 31, 25, 867, 122;
-1, 214, 23, -753, 2, 2, -6, 837, 91;
5, 222, 31, -706, 40, 20, 21, 866, 121;
-3, 213, 22, -762, -24, -12, -15, 831, 86;
-3, 213, 22, -759, -30, -15, -15, 833, 88;
-1, 216, 25, -741, -22, -12, -6, 844, 99;
-4, 214, 22, -757, -47, -25, -18, 834, 89;
2, 221, 30, -708, -7, -6, 9, 864, 119;
-2, 217, 26, -733, -42, -24, -8, 848, 103;
0, 220, 29, -715, -35, -21, 0, 859, 113;
1, 221, 30, -704, -34, -21, 4, 865, 119;
-4, 216, 25, -736, -76, -43, -18, 845, 98;
-4, 217, 25, -733, -84, -47, -19, 846, 99;
-4, 218, 26, -723, -85, -48, -16, 851, 104;
-1, 221, 29, -702, -74, -44, -5, 864, 116;
-10, 212, 20, -756, -139, -77, -42, 829, 81;
-8, 215, 23, -735, -129, -72, -32, 842, 93;
-6, 218, 26, -718, -123, -70, -25, 851, 102;
-9, 216, 24, -728, -145, -82, -35, 844, 93;
-4, 221, 29, -693, -122, -71, -17, 864, 113;
-9, 217, 24, -717, -157, -89, -35, 848, 97;
-12, 214, 21, -733, -185, -104, -49, 837, 85;
-10, 218, 25, -710, -173, -98, -39, 850, 97;
-14, 214, 20, -733, -209, -117, -57, 834, 80;
-10, 218, 25, -700, -188, -107, -41, 853, 98;
-11, 218, 24, -701, -201, -114, -46, 851, 95;
-14, 216, 22, -712, -225, -127, -57, 842, 86;
-8, 223, 28, -666, -191, -110, -32, 870, 112;
-17, 215, 20, -713, -251, -141, -66, 838, 79;
-17, 215, 20, -706, -257, -145, -67, 841, 81;
-12, 221, 25, -669, -233, -133, -48, 862, 101;
-14, 220, 24, -671, -248, -141, -54, 859, 96;
-13, 221, 25, -660, -249, -143, -52, 864, 100;
-18, 216, 20, -686, -289, -163, -73, 845, 81;
-12, 224, 27, -637, -254, -146, -48, 873, 107;
-14, 223, 26, -639, -269, -154, -54, 870, 102;
-16, 221, 24, -648, -291, -166, -65, 862, 93;
-16, 222, 25, -636, -293, -167, -62, 867, 97;
-18, 220, 23, -641, -312, -177, -71, 861, 90;
-21, 218, 20, -652, -336, -190, -83, 852, 79;
-13, 227, 28, -592, -290, -167, -51, 887, 112;
-20, 220, 21, -631, -343, -194, -81, 860, 84;
-21, 220, 21, -627, -354, -200, -85, 859, 82;
-13, 229, 29, -568, -308, -178, -54, 894, 114;
-14, 229, 28, -564, -319, -184, -57, 893, 112;
-17, 226, 26, -573, -342, -196, -69, 885, 102;
-15, 230, 29, -547, -330, -190, -58, 898, 113;
-21, 224, 23, -577, -375, -213, -83, 876, 90;
-17, 229, 26, -545, -357, -205, -69, 893, 105;
-19, 228, 25, -546, -372, -213, -76, 889, 99;
-23, 225, 22, -559, -400, -227, -91, 878, 86;
-22, 226, 23, -544, -399, -227, -88, 884, 90;
-23, 226, 22, -538, -408, -232, -90, 884, 88;
-22, 228, 24, -521, -405, -231, -86, 891, 94;
-21, 230, 25, -504, -403, -231, -82, 898, 99;
-23, 228, 23, -509, -422, -241, -91, 892, 90;
-22, 230, 24, -494, -422, -241, -89, 898, 94;
-22, 231, 25, -480, -422, -242, -87, 903, 97;
-22, 232, 24, -471, -428, -245, -88, 905, 97;
-23, 232, 24, -464, -436, -249, -90, 906, 95;
-22, 233, 25, -450, -437, -250, -89, 910, 98;
-28, 228, 19, -475, -477, -270, -111, 891, 76;
-30, 227, 18, -475, -491, -278, -118, 887, 70;
-29, 229, 19, -457, -487, -277, -113, 895, 76;
-27, 231, 21, -436, -481, -274, -107, 904, 83;
-29, 230, 19, -438, -498, -282, -115, 899, 75;
-30, 230, 18, -431, -505, -287, -118, 899, 73;
-25, 235, 23, -392, -481, -275, -101, 920, 91;
-26, 236, 23, -383, -487, -278, -103, 921, 89;
-25, 237, 23, -368, -486, -278, -100, 926, 92;
-31, 232, 18, -394, -527, -299, -124, 906, 70;
-30, 234, 19, -376, -523, -297, -120, 913, 74;
-27, 238, 22, -342, -504, -288, -106, 929, 88;
-27, 238, 22, -332, -508, -290, -107, 932, 88;
-26, 240, 23, -314, -505, -289, -103, 938, 92;
-31, 236, 18, -336, -541, -307, -124, 920, 72;
-28, 240, 21, -304, -523, -299, -111, 936, 85;
-27, 241, 22, -287, -520, -298, -108, 942, 88;
-30, 239, 20, -292, -540, -308, -119, 934, 78;
-25, 245, 25, -247, -509, -292, -98, 958, 99;
-25, 246, 25, -234, -510, -293, -98, 962, 100;
-31, 240, 18, -265, -555, -316, -124, 938, 73;
-25, 247, 25, -212, -516, -297, -99, 966, 99;
-32, 241, 18, -246, -564, -321, -127, 941, 70;
-32, 242, 18, -229, -561, -319, -124, 946, 73;
-30, 244, 20, -208, -553, -316, -119, 955, 79;
-30, 245, 20, -196, -554, -316, -118, 958, 80;
-26, 250, 24, -161, -533, -306, -104, 975, 94;
-31, 246, 19, -179, -564, -322, -123, 960, 75;
-29, 249, 21, -153, -552, -316, -114, 971, 84;
-25, 253, 24, -119, -532, -306, -101, 987, 97;
-33, 246, 17, -152, -578, -329, -129, 962, 69;
-31, 248, 19, -131, -569, -325, -123, 970, 75;
-29, 252, 21, -103, -554, -317, -113, 983, 85;
-33, 248, 17, -116, -580, -330, -128, 970, 69;
-29, 253, 21, -80, -556, -319, -113, 988, 84;
-30, 253, 20, -74, -563, -322, -117, 987, 80;
-33, 250, 16, -85, -587, -334, -131, 975, 65;
-33, 251, 17, -71, -585, -333, -130, 979, 66;
-28, 256, 21, -28, -554, -318, -111, 1001, 85;
-26, 259, 24, -2, -540, -311, -102, 1012, 93;
-33, 253, 16, -35, -585, -333, -129, 987, 65;
-28, 259, 21, 8, -553, -317, -109, 1010, 85;
-33, 254, 16, -12, -586, -333, -129, 992, 64;
-35, 253, 14, -12, -598, -340, -137, 987, 56;
-33, 255, 15, 7, -588, -335, -131, 995, 61;
-28, 261, 20, 53, -554, -318, -110, 1018, 81;
-32, 257, 16, 39, -579, -330, -126, 1005, 65;
-30, 260, 18, 65, -564, -323, -117, 1016, 73;
-30, 260, 18, 72, -568, -324, -120, 1016, 70;
-30, 261, 17, 83, -567, -324, -119, 1018, 69;
-26, 266, 22, 124, -537, -309, -101, 1039, 87;
-26, 266, 22, 134, -537, -309, -101, 1040, 86;
-30, 262, 17, 118, -563, -322, -119, 1025, 67;
-35, 258, 11, 96, -595, -338, -139, 1007, 46;
-31, 263, 15, 133, -568, -324, -122, 1025, 62;
-31, 263, 15, 145, -565, -323, -122, 1028, 61;
-31, 264, 15, 155, -564, -322, -122, 1030, 60;
-27, 268, 19, 193, -536, -308, -105, 1049, 76;
-27, 269, 19, 202, -536, -307, -106, 1049, 74;
-34, 262, 12, 170, -577, -328, -132, 1025, 47;
-30, 267, 15, 204, -552, -315, -118, 1041, 60;
-30, 266, 14, 210, -554, -316, -120, 1041, 56;
-25, 272, 19, 253, -520, -299, -100, 1063, 75;
-30, 268, 14, 236, -545, -311, -117, 1048, 57;
-26, 272, 17, 267, -522, -299, -104, 1062, 69;
-27, 272, 17, 274, -522, -299, -105, 1062, 66;
-27, 272, 16, 281, -523, -299, -107, 1062, 63;
-28, 271, 14, 283, -528, -302, -112, 1059, 57;
-25, 274, 17, 311, -507, -291, -100, 1072, 67;
-30, 270, 12, 292, -534, -304, -118, 1055, 48;
-26, 274, 15, 323, -509, -291, -104, 1071, 60;
-23, 278, 18, 355, -484, -279, -90, 1086, 73;
-28, 273, 12, 329, -516, -294, -112, 1065, 49;
-27, 274, 13, 345, -506, -289, -107, 1071, 52;
-27, 275, 13, 356, -501, -286, -106, 1074, 52;
-28, 274, 11, 355, -508, -289, -112, 1069, 44;
-28, 274, 10, 363, -506, -288, -112, 1070, 42;
-29, 273, 9, 366, -508, -288, -115, 1068, 38;
-28, 275, 10, 384, -495, -282, -110, 1074, 42;
-26, 277, 12, 404, -480, -274, -102, 1083, 48;
-21, 283, 17, 445, -444, -255, -82, 1104, 66;
-24, 279, 13, 430, -463, -265, -96, 1091, 50;
-29, 274, 7, 405, -492, -279, -116, 1072, 28;
-20, 284, 16, 471, -430, -247, -80, 1109, 63;
-25, 279, 10, 447, -458, -261, -99, 1090, 41;
-20, 284, 15, 485, -423, -243, -80, 1110, 59;
-27, 278, 8, 452, -460, -261, -105, 1086, 32;
-26, 279, 8, 465, -449, -256, -101, 1090, 34;
-19, 285, 14, 510, -407, -234, -77, 1115, 56;
-19, 286, 14, 521, -398, -229, -74, 1118, 57;
-21, 285, 12, 516, -406, -233, -82, 1111, 47;
-18, 287, 14, 540, -385, -222, -71, 1123, 56;
-23, 282, 8, 513, -413, -235, -91, 1103, 34;
-22, 284, 9, 528, -400, -228, -85, 1108, 37;
-16, 290, 14, 570, -360, -208, -63, 1131, 57;
-21, 285, 9, 544, -387, -221, -83, 1112, 35;
-18, 288, 11, 570, -362, -208, -70, 1125, 46;
-22, 284, 7, 549, -384, -218, -86, 1108, 28;
-14, 291, 13, 600, -333, -192, -58, 1137, 54;
-15, 291, 12, 600, -333, -192, -60, 1134, 49;
-21, 284, 5, 565, -368, -209, -85, 1110, 22;
-22, 284, 4, 567, -366, -207, -87, 1108, 18;
-21, 285, 5, 578, -355, -201, -83, 1112, 20;
-15, 291, 10, 621, -312, -179, -59, 1135, 41;
-21, 284, 3, 583, -349, -197, -85, 1109, 13;
-20, 285, 4, 594, -336, -190, -80, 1114, 15;
-20, 286, 4, 602, -327, -185, -78, 1116, 15;
-21, 285, 2, 599, -329, -186, -82, 1111, 9;
-15, 290, 7, 636, -290, -166, -61, 1132, 27;
-13, 292, 9, 655, -269, -154, -51, 1142, 35;
-20, 285, 1, 614, -308, -174, -78, 1113, 5;
-15, 290, 5, 649, -271, -154, -58, 1133, 22;
-12, 293, 7, 668, -249, -143, -48, 1143, 30;
-12, 292, 6, 669, -245, -140, -49, 1141, 27;
-12, 293, 7, 675, -235, -135, -46, 1143, 27;
-10, 294, 8, 688, -219, -126, -40, 1149, 31;
-14, 290, 3, 663, -241, -137, -57, 1131, 12;
-6, 297, 10, 714, -186, -109, -26, 1161, 40;
-10, 293, 5, 690, -206, -118, -42, 1144, 21;
-9, 295, 6, 702, -190, -109, -35, 1150, 26;
-15, 288, 0, 663, -224, -126, -60, 1124, -1;
-11, 291, 2, 688, -195, -111, -45, 1138, 10;
-4, 298, 9, 732, -146, -85, -18, 1164, 35;
-12, 290, 0, 683, -190, -107, -49, 1132, 1;
-8, 294, 3, 708, -159, -91, -33, 1146, 14;
-13, 289, -1, 681, -181, -101, -51, 1128, -5;
-6, 296, 4, 725, -131, -76, -23, 1154, 19;
-8, 293, 1, 709, -141, -80, -33, 1143, 7;
-4, 296, 4, 732, -112, -65, -18, 1157, 19;
-10, 290, -1, 693, -145, -80, -42, 1131, -7;
-4, 296, 3, 732, -99, -57, -18, 1154, 14;
-4, 296, 3, 734, -91, -52, -16, 1155, 13;
-8, 291, -1, 705, -112, -62, -33, 1136, -6;
-5, 294, 0, 724, -86, -49, -20, 1147, 3;
-9, 290, -3, 699, -104, -57, -35, 1131, -13;
-5, 293, 0, 721, -74, -41, -20, 1144, -1;
0, 297, 3, 749, -38, -23, -1, 1161, 14;
-7, 290, -4, 703, -77, -41, -29, 1132, -16;
-5, 292, -2, 716, -55, -30, -19, 1140, -8;
0, 297, 2, 746, -17, -10, 0, 1158, 8;
0, 296, 0, 740, -14, -8, -1, 1154, 3;
0, 296, 1, 745, -1, -1, 2, 1157, 5;
-2, 292, -2, 719, -18, -9, -11, 1141, -11;
0, 295, 0, 736, 7, 4, 0, 1151, -1;
3, 298, 2, 752, 33, 18, 13, 1162, 8;
4, 298, 2, 753, 44, 23, 16, 1163, 8;
-2, 291, -4, 710, 10, 7, -8, 1136, -19;
-1, 291, -5, 708, 18, 12, -6, 1135, -20;
1, 293, -2, 724, 44, 25, 5, 1146, -10;
2, 294, -1, 729, 59, 34, 11, 1149, -7;
1, 293, -3, 718, 58, 34, 7, 1143, -14;
0, 290, -6, 700, 50, 31, -1, 1132, -25;
6, 296, 0, 735, 96, 54, 23, 1155, -3;
2, 291, -5, 705, 77, 45, 7, 1137, -21;
8, 297, 0, 743, 126, 70, 34, 1161, 1;
3, 292, -5, 706, 100, 58, 14, 1139, -20;
9, 297, 0, 738, 143, 80, 38, 1160, 0;
3, 290, -6, 693, 110, 64, 13, 1133, -26;
11, 297, 0, 737, 165, 92, 44, 1162, 1;
8, 294, -2, 714, 154, 88, 34, 1149, -11;
8, 293, -3, 707, 159, 91, 33, 1146, -14;
4, 289, -8, 675, 139, 81, 17, 1127, -33;
4, 288, -9, 669, 145, 85, 17, 1125, -35;
10, 294, -3, 702, 190, 108, 42, 1147, -13;
12, 294, -2, 704, 205, 116, 48, 1150, -10;
10, 292, -5, 686, 199, 114, 41, 1140, -20;
16, 297, 0, 714, 240, 135, 63, 1160, -1;
12, 293, -4, 686, 224, 128, 49, 1144, -16;
13, 293, -4, 683, 234, 133, 52, 1144, -16;
11, 291, -6, 665, 229, 131, 46, 1135, -25;
9, 288, -9, 644, 221, 128, 37, 1124, -36;
10, 288, -9, 642, 232, 134, 41, 1125, -35;
16, 294, -3, 674, 277, 157, 66, 1146, -13;
18, 294, -2, 676, 292, 165, 72, 1150, -9;
12, 287, -9, 627, 257, 148, 47, 1122, -37;
11, 286, -10, 616, 259, 150, 45, 1117, -41;
12, 286, -10, 612, 269, 155, 48, 1117, -41;
13, 286, -10, 609, 280, 161, 51, 1118, -39;
18, 291, -5, 635, 320, 182, 73, 1137, -20;
16, 288, -8, 613, 311, 178, 65, 1125, -31;
12, 283, -12, 578, 290, 168, 48, 1106, -49;
18, 288, -7, 606, 333, 190, 72, 1127, -28;
13, 283, -12, 566, 306, 177, 52, 1104, -50;
18, 287, -8, 588, 343, 196, 72, 1121, -32;
23, 291, -4, 609, 378, 214, 91, 1137, -16;
15, 282, -12, 549, 332, 192, 60, 1103, -49;
18, 285, -10, 560, 357, 204, 72, 1112, -39;
23, 289, -5, 583, 395, 224, 93, 1130, -21;
16, 281, -13, 523, 349, 202, 62, 1096, -54;
25, 290, -4, 575, 415, 235, 100, 1131, -18;
18, 281, -12, 516, 371, 214, 70, 1098, -50;
17, 279, -14, 500, 370, 213, 67, 1091, -56;
24, 286, -7, 538, 422, 240, 96, 1118, -28;
21, 282, -11, 505, 404, 231, 82, 1101, -44;
18, 279, -14, 478, 391, 225, 72, 1088, -56;
19, 278, -14, 471, 399, 229, 74, 1087, -56;
28, 287, -5, 519, 462, 261, 111, 1120, -22;
26, 284, -7, 497, 455, 258, 104, 1110, -31;
22, 279, -13, 458, 429, 246, 86, 1089, -50;
23, 279, -12, 452, 439, 251, 90, 1090, -49;
27, 283, -8, 472, 473, 269, 109, 1106, -32;
27, 281, -9, 455, 471, 268, 105, 1099, -37;
29, 283, -7, 460, 491, 278, 115, 1106, -29;
21, 274, -16, 397, 442, 254, 83, 1071, -63;
30, 283, -7, 446, 506, 286, 120, 1105, -28;
24, 276, -13, 396, 471, 269, 96, 1078, -53;
23, 274, -15, 375, 464, 267, 91, 1069, -61;
24, 275, -14, 373, 477, 273, 97, 1072, -57;
22, 271, -17, 348, 466, 268, 88, 1060, -67;
24, 273, -15, 350, 483, 277, 97, 1066, -60;
26, 274, -13, 351, 499, 285, 104, 1071, -54;
27, 274, -14, 341, 503, 287, 105, 1069, -54;
23, 269, -18, 306, 482, 277, 91, 1051, -71;
31, 277, -10, 346, 537, 305, 123, 1081, -40;
32, 276, -10, 338, 543, 308, 125, 1080, -39;
28, 272, -14, 303, 523, 298, 111, 1063, -55;
26, 269, -17, 275, 509, 292, 101, 1050, -66;
27, 269, -15, 273, 521, 298, 107, 1052, -62;
26, 268, -16, 257, 519, 297, 105, 1047, -66;
27, 268, -16, 248, 524, 300, 106, 1046, -65;
29, 269, -15, 248, 538, 307, 114, 1050, -59;
27, 266, -17, 222, 526, 302, 105, 1039, -69;
26, 265, -18, 206, 524, 301, 103, 1034, -73;
33, 271, -11, 241, 572, 325, 132, 1060, -45;
25, 262, -20, 178, 523, 301, 100, 1025, -78;
28, 264, -17, 181, 540, 309, 109, 1032, -69;
26, 262, -19, 159, 531, 305, 103, 1022, -77;
25, 260, -21, 141, 527, 303, 100, 1016, -82;
27, 261, -19, 140, 539, 309, 106, 1020, -76;
29, 262, -18, 139, 552, 316, 113, 1024, -70;
29, 262, -17, 132, 558, 319, 116, 1025, -68;
33, 265, -14, 140, 579, 329, 129, 1035, -56;
29, 260, -18, 103, 554, 317, 113, 1016, -73;
31, 262, -16, 106, 570, 325, 122, 1022, -65;
33, 263, -14, 107, 584, 332, 130, 1028, -57;
27, 257, -21, 57, 547, 314, 107, 1002, -82;
31, 260, -17, 72, 574, 328, 123, 1016, -66;
30, 258, -18, 54, 568, 324, 119, 1009, -71;
27, 255, -21, 24, 551, 316, 108, 996, -83;
26, 253, -23, 2, 540, 311, 102, 987, -90;
30, 257, -18, 20, 571, 326, 120, 1003, -72;
29, 255, -20, 1, 563, 322, 115, 995, -78;
29, 254, -20, -13, 560, 321, 113, 991, -80;
34, 258, -15, 5, 591, 336, 133, 1008, -61;
30, 254, -19, -28, 568, 325, 119, 992, -76;
30, 253, -19, -39, 568, 325, 119, 989, -76;
32, 255, -17, -35, 583, 332, 128, 996, -67;
27, 250, -22, -78, 551, 316, 109, 975, -87;
31, 252, -19, -69, 571, 326, 121, 985, -75;
31, 252, -19, -78, 572, 327, 122, 984, -74;
35, 255, -15, -66, 595, 338, 137, 997, -60;
31, 251, -19, -102, 569, 325, 121, 979, -76;
28, 248, -22, -129, 552, 316, 112, 967, -86;
29, 248, -21, -136, 555, 317, 114, 967, -84;
28, 246, -22, -154, 547, 313, 109, 961, -88;
33, 251, -17, -132, 578, 329, 130, 979, -68;
27, 244, -23, -182, 538, 309, 106, 953, -92;
25, 242, -25, -201, 528, 304, 100, 946, -98;
27, 243, -23, -202, 536, 308, 106, 950, -92;
27, 243, -23, -212, 535, 307, 106, 948, -92;
28, 244, -22, -214, 542, 310, 112, 951, -86;
24, 239, -26, -248, 516, 297, 97, 935, -101;
32, 246, -18, -212, 561, 319, 126, 962, -72;
31, 246, -18, -224, 557, 317, 124, 959, -73;
31, 245, -19, -235, 554, 315, 124, 957, -74;
25, 238, -25, -283, 513, 295, 100, 931, -98;
31, 244, -18, -253, 551, 313, 124, 954, -73;
27, 239, -23, -293, 519, 297, 106, 934, -91;
24, 236, -26, -322, 497, 286, 93, 920, -103;
24, 236, -25, -326, 499, 287, 96, 922, -100;
24, 235, -26, -339, 493, 283, 94, 919, -101;
24, 235, -26, -350, 489, 281, 93, 916, -102;
24, 235, -25, -355, 490, 281, 95, 917, -100;
23, 233, -27, -374, 477, 275, 89, 910, -105;
26, 236, -23, -360, 497, 284, 103, 922, -91;
31, 241, -18, -337, 525, 298, 123, 941, -71;
22, 232, -26, -402, 467, 268, 88, 905, -105;
24, 233, -24, -398, 476, 272, 96, 911, -97;
28, 237, -20, -382, 497, 283, 111, 926, -81;
25, 234, -23, -408, 475, 272, 99, 913, -92;
25, 234, -23, -415, 473, 270, 100, 913, -90;
22, 230, -26, -446, 447, 257, 86, 898, -104;
29, 237, -19, -406, 491, 278, 115, 926, -74;
21, 228, -27, -468, 433, 249, 81, 892, -107;
22, 229, -25, -467, 438, 251, 87, 896, -100;
20, 227, -27, -487, 421, 242, 78, 887, -108;
28, 235, -19, -444, 468, 265, 110, 918, -75;
23, 230, -23, -480, 434, 248, 92, 899, -93;
18, 225, -28, -518, 399, 230, 72, 879, -111;
25, 232, -21, -479, 441, 251, 101, 907, -82;
22, 228, -24, -509, 414, 236, 86, 892, -96;
27, 234, -18, -481, 444, 251, 107, 913, -73;
22, 228, -24, -520, 406, 232, 87, 892, -93;
17, 223, -28, -557, 371, 214, 67, 872, -111;
24, 230, -21, -518, 412, 234, 95, 900, -82;
25, 232, -19, -516, 415, 235, 100, 905, -76;
15, 221, -29, -585, 347, 200, 61, 865, -115;
20, 226, -24, -561, 372, 212, 79, 883, -95;
18, 224, -26, -579, 354, 203, 71, 875, -102;
18, 224, -25, -583, 350, 200, 71, 875, -101;
18, 224, -25, -590, 344, 197, 70, 874, -101;
13, 220, -29, -620, 313, 181, 54, 858, -115;
16, 222, -26, -607, 326, 187, 65, 869, -103;
19, 225, -23, -593, 340, 193, 76, 881, -90;
15, 221, -27, -624, 308, 177, 59, 864, -106;
14, 221, -27, -631, 300, 172, 57, 862, -106;
16, 223, -25, -624, 305, 174, 64, 869, -98;
15, 222, -25, -633, 295, 169, 61, 866, -100;
11, 218, -29, -663, 263, 152, 44, 850, -115;
16, 223, -24, -634, 290, 165, 64, 870, -94;
17, 224, -23, -632, 290, 164, 67, 874, -90;
15, 222, -24, -647, 272, 155, 59, 867, -96;
13, 220, -26, -662, 255, 146, 52, 860, -102;
8, 216, -30, -694, 219, 127, 33, 842, -119;
14, 222, -24, -660, 251, 143, 56, 866, -95;
9, 216, -29, -696, 212, 122, 35, 845, -114;
13, 221, -24, -670, 233, 133, 52, 863, -96;
8, 216, -29, -706, 194, 113, 31, 843, -115;
12, 221, -24, -678, 218, 124, 49, 862, -95;
6, 215, -30, -718, 174, 101, 25, 839, -117;
11, 220, -24, -687, 201, 114, 45, 860, -96;
8, 217, -27, -707, 176, 101, 33, 849, -106;
9, 219, -25, -701, 177, 101, 38, 854, -100;
4, 214, -30, -734, 139, 81, 17, 835, -118;
7, 217, -26, -713, 155, 88, 31, 850, -103;
12, 222, -21, -685, 177, 99, 48, 868, -84;
7, 218, -26, -717, 140, 80, 28, 850, -102;
9, 220, -23, -703, 147, 83, 37, 859, -92;
12, 223, -20, -687, 157, 87, 46, 871, -81;
10, 222, -21, -696, 142, 79, 40, 866, -85;
5, 217, -26, -726, 105, 60, 21, 848, -102;
10, 222, -21, -697, 127, 71, 39, 867, -83;
6, 219, -24, -719, 98, 55, 24, 854, -96;
2, 216, -27, -740, 71, 41, 11, 842, -107;
6, 220, -23, -713, 90, 50, 27, 859, -90;
7, 221, -21, -707, 89, 49, 29, 864, -85;
3, 218, -25, -728, 59, 33, 14, 851, -98;
-2, 212, -31, -767, 12, 9, -10, 827, -121;
-2, 212, -30, -764, 8, 6, -9, 830, -119;
0, 216, -27, -743, 20, 11, 1, 842, -106;
-3, 213, -30, -762, -6, -2, -11, 831, -117;
-1, 215, -28, -750, -3, -1, -6, 839, -109;
4, 221, -21, -711, 26, 13, 16, 863, -85;
2, 219, -23, -720, 7, 3, 8, 857, -91;
-5, 212, -30, -767, -47, -25, -22, 828, -120;
-6, 212, -31, -769, -59, -31, -25, 827, -121;
-5, 213, -30, -760, -60, -32, -22, 832, -117;
-6, 213, -30, -760, -70, -38, -25, 831, -117;
-1, 219, -24, -722, -42, -24, -4, 855, -94;
-3, 217, -26, -734, -64, -36, -14, 847, -102;
-6, 215, -28, -746, -86, -48, -24, 839, -110;
0, 222, -21, -700, -50, -31, 1, 867, -82;
0, 221, -21, -702, -63, -38, -2, 865, -85;
-10, 213, -30, -755, -127, -70, -39, 831, -119;
-7, 216, -27, -735, -118, -67, -29, 842, -108;
-7, 216, -27, -729, -123, -70, -29, 845, -105;
-3, 221, -22, -696, -101, -59, -11, 865, -86;
-7, 218, -26, -719, -135, -77, -29, 850, -102;
-11, 214, -29, -738, -166, -93, -45, 836, -116;
-11, 214, -29, -734, -174, -97, -46, 838, -115;
-8, 218, -26, -709, -161, -91, -34, 852, -101;
-13, 214, -29, -731, -194, -109, -52, 837, -116;
-9, 218, -26, -703, -178, -102, -38, 853, -101;
-9, 220, -24, -692, -180, -103, -36, 858, -97;
-13, 216, -28, -712, -212, -120, -52, 844, -111;
-11, 218, -26, -695, -207, -118, -46, 853, -103;
-12, 218, -26, -694, -219, -124, -50, 852, -105;
-9, 222, -23, -665, -203, -117, -36, 868, -90;
-15, 217, -28, -693, -244, -138, -59, 849, -110;
-8, 225, -20, -642, -205, -119, -31, 879, -80;
-15, 218, -27, -679, -256, -145, -59, 853, -107;
-11, 223, -23, -649, -239, -137, -45, 870, -91;
-9, 226, -20, -625, -228, -133, -35, 883, -79;
-15, 220, -26, -657, -274, -156, -60, 861, -102;
-13, 224, -23, -633, -263, -151, -50, 874, -90;
-15, 222, -24, -638, -281, -161, -59, 868, -97;
-11, 227, -20, -604, -261, -151, -43, 887, -79;
-19, 219, -28, -648, -319, -181, -76, 857, -110;
-19, 220, -28, -642, -326, -185, -77, 858, -109;
-12, 228, -19, -584, -282, -163, -47, 892, -77;
-20, 220, -28, -629, -341, -193, -80, 861, -109;
-14, 228, -21, -580, -306, -176, -55, 889, -82;
-15, 227, -22, -579, -320, -184, -61, 886, -86;
-22, 221, -28, -612, -367, -208, -87, 863, -110;
-16, 227, -22, -568, -337, -193, -66, 887, -87;
-23, 222, -28, -597, -380, -216, -90, 866, -110;
-15, 230, -20, -540, -338, -195, -60, 899, -78;
-23, 223, -27, -581, -393, -223, -92, 870, -108;
-18, 229, -21, -536, -362, -208, -70, 895, -85;
-21, 226, -25, -550, -391, -223, -85, 883, -98;
-17, 231, -20, -513, -368, -212, -68, 903, -79;
-17, 232, -19, -502, -371, -214, -67, 907, -77;
-21, 229, -23, -517, -401, -229, -83, 894, -91;
-22, 229, -23, -510, -408, -233, -85, 895, -91;
-18, 233, -19, -478, -392, -225, -72, 911, -77;
-25, 227, -26, -510, -438, -249, -99, 888, -101;
-28, 225, -28, -518, -461, -261, -110, 879, -112;
-24, 230, -23, -480, -437, -250, -93, 899, -93;
-20, 234, -20, -449, -421, -242, -81, 915, -79;
-22, 234, -21, -447, -434, -249, -86, 912, -83;
-27, 229, -26, -468, -469, -267, -106, 895, -101;
-27, 230, -26, -459, -475, -270, -108, 897, -101;
-25, 233, -23, -432, -462, -264, -98, 910, -90;
-28, 230, -26, -443, -488, -277, -112, 900, -102;
-21, 238, -18, -386, -446, -257, -83, 931, -72;
-31, 229, -28, -437, -512, -290, -122, 895, -110;
-30, 231, -26, -418, -508, -288, -117, 903, -103;
-31, 231, -27, -414, -518, -294, -122, 901, -107;
-32, 231, -27, -408, -526, -298, -125, 901, -108;
-23, 240, -18, -342, -475, -273, -92, 938, -73;
-25, 239, -20, -344, -492, -282, -100, 932, -81;
-31, 234, -26, -369, -531, -302, -123, 913, -102;
-29, 236, -24, -347, -523, -298, -116, 922, -94;
-27, 239, -21, -320, -511, -292, -107, 935, -84;
-23, 244, -17, -284, -489, -281, -92, 953, -67;
-32, 235, -26, -330, -549, -312, -128, 920, -102;
-25, 244, -18, -272, -506, -290, -99, 951, -72;
-28, 241, -21, -278, -526, -301, -110, 943, -82;
-32, 238, -25, -294, -556, -316, -128, 929, -98;
-26, 245, -18, -241, -517, -296, -102, 958, -71;
-32, 240, -24, -267, -557, -317, -125, 937, -94;
-30, 243, -21, -241, -544, -311, -117, 949, -84;
-26, 247, -17, -204, -522, -300, -101, 967, -68;
-33, 240, -24, -241, -573, -325, -132, 939, -97;
-31, 244, -21, -212, -557, -317, -121, 953, -85;
-32, 243, -23, -209, -568, -323, -127, 950, -90;
-28, 249, -18, -168, -540, -310, -109, 971, -71;
-31, 246, -21, -175, -561, -320, -121, 962, -82;
-27, 250, -17, -144, -543, -311, -108, 977, -69;
-26, 252, -15, -121, -534, -307, -102, 986, -61;
-34, 244, -24, -164, -589, -335, -136, 955, -94;
-29, 250, -18, -119, -557, -319, -115, 978, -73;
-29, 252, -18, -103, -555, -317, -113, 983, -70;
-32, 249, -21, -112, -576, -328, -126, 973, -82;
-34, 247, -23, -115, -592, -336, -135, 966, -90;
-36, 247, -24, -111, -601, -341, -140, 963, -95;
-28, 255, -16, -50, -552, -316, -110, 997, -63;
-31, 252, -19, -60, -575, -328, -123, 986, -76;
-34, 250, -22, -66, -592, -337, -134, 977, -86;
-35, 250, -22, -58, -596, -339, -136, 978, -88;
-36, 249, -23, -55, -606, -344, -142, 974, -93;
-32, 255, -19, -16, -578, -330, -125, 994, -75;
-29, 258, -16, 13, -560, -321, -114, 1008, -63;
-26, 261, -13, 39, -546, -314, -105, 1019, -54;
-33, 255, -20, 9, -587, -334, -130, 996, -79;
-31, 258, -18, 34, -573, -327, -122, 1006, -70;
-34, 256, -20, 28, -590, -335, -132, 998, -80;
-29, 260, -16, 66, -563, -322, -116, 1017, -63;
-35, 255, -21, 43, -597, -339, -138, 998, -84;
-27, 264, -13, 105, -546, -313, -106, 1031, -52;
-34, 257, -20, 70, -591, -336, -135, 1005, -81;
-34, 258, -20, 83, -588, -334, -133, 1008, -79;
-35, 258, -21, 89, -592, -336, -136, 1007, -82;
-29, 264, -15, 132, -559, -320, -116, 1029, -62;
-28, 266, -14, 152, -549, -315, -111, 1037, -56;
-35, 259, -21, 120, -591, -335, -137, 1012, -82;
-32, 263, -17, 151, -569, -324, -125, 1027, -69;
-31, 264, -17, 163, -567, -323, -124, 1029, -68;
-34, 262, -19, 159, -579, -329, -133, 1023, -77;
-27, 269, -13, 211, -536, -307, -107, 1050, -51;
-32, 265, -17, 192, -564, -321, -125, 1034, -69;
-32, 265, -17, 201, -563, -320, -126, 1035, -69;
-33, 264, -19, 201, -571, -324, -132, 1031, -76;
-28, 270, -13, 248, -532, -305, -109, 1055, -53;
-29, 269, -14, 250, -538, -308, -114, 1052, -58;
-28, 270, -14, 263, -533, -305, -112, 1055, -56;
-32, 267, -18, 248, -556, -316, -128, 1041, -71;
-25, 274, -11, 301, -511, -293, -101, 1070, -44;
-31, 269, -16, 277, -541, -308, -121, 1051, -65;
-26, 274, -11, 318, -507, -291, -102, 1072, -45;
-32, 269, -18, 288, -544, -309, -126, 1049, -70;
-30, 271, -15, 311, -528, -301, -118, 1058, -62;
-26, 275, -12, 343, -502, -287, -103, 1074, -48;
-25, 276, -11, 356, -496, -284, -101, 1078, -45;
-30, 272, -16, 337, -520, -296, -118, 1062, -62;
-31, 272, -16, 341, -522, -296, -121, 1060, -66;
-30, 272, -16, 351, -518, -294, -120, 1062, -65;
-21, 281, -7, 417, -457, -263, -84, 1099, -29;
-23, 280, -9, 414, -465, -267, -91, 1093, -37;
-21, 282, -7, 432, -451, -260, -84, 1101, -31;
-26, 277, -12, 410, -478, -273, -103, 1083, -49;
-27, 276, -14, 409, -483, -275, -108, 1079, -55;
-28, 276, -14, 415, -482, -274, -110, 1078, -57;
-21, 283, -8, 463, -438, -251, -84, 1104, -32;
-24, 280, -10, 455, -450, -257, -94, 1095, -42;
-26, 279, -12, 451, -457, -260, -101, 1089, -50;
-24, 281, -11, 467, -444, -253, -95, 1095, -44;
-21, 283, -9, 491, -424, -243, -85, 1106, -35;
-27, 277, -15, 460, -457, -259, -108, 1084, -59;
-26, 279, -14, 474, -446, -253, -104, 1088, -55;
-19, 286, -7, 524, -399, -229, -77, 1116, -28;
-26, 280, -13, 490, -434, -246, -102, 1092, -53;
-19, 286, -7, 537, -390, -224, -76, 1117, -29;
-24, 281, -12, 511, -417, -237, -96, 1098, -49;
-26, 280, -14, 507, -423, -239, -102, 1092, -56;
-20, 286, -8, 551, -380, -217, -78, 1116, -33;
-25, 281, -13, 526, -406, -230, -97, 1097, -52;
-24, 281, -13, 534, -399, -226, -95, 1099, -51;
-23, 282, -12, 545, -389, -220, -92, 1103, -49;
-21, 285, -10, 564, -370, -210, -83, 1112, -40;
-18, 288, -7, 589, -345, -197, -70, 1124, -29;
-23, 282, -13, 557, -376, -212, -93, 1102, -52;
-18, 288, -7, 598, -335, -191, -70, 1124, -30;
-13, 292, -3, 631, -301, -174, -52, 1142, -13;
-20, 285, -10, 591, -341, -193, -80, 1114, -41;
-12, 293, -3, 644, -286, -165, -49, 1145, -11;
-20, 285, -11, 597, -333, -188, -81, 1113, -44;
-20, 286, -10, 605, -322, -182, -78, 1115, -42;
-20, 285, -11, 605, -321, -181, -80, 1113, -45;
-10, 295, -1, 673, -251, -146, -40, 1153, -5;
-12, 293, -3, 663, -259, -149, -48, 1144, -14;
-11, 294, -2, 672, -247, -142, -44, 1148, -11;
-17, 287, -9, 634, -283, -160, -69, 1121, -38;
-18, 287, -10, 636, -278, -157, -70, 1120, -39;
-13, 291, -6, 664, -246, -140, -53, 1136, -23;
-15, 289, -8, 654, -253, -143, -61, 1128, -32;
-9, 295, -2, 695, -209, -121, -37, 1151, -9;
-11, 293, -4, 684, -216, -124, -45, 1143, -18;
-6, 297, 0, 716, -180, -105, -25, 1161, 0;
-11, 292, -5, 684, -208, -118, -46, 1139, -21;
-6, 297, 0, 720, -168, -97, -25, 1160, -1;
-12, 291, -6, 685, -198, -112, -47, 1136, -24;
-8, 294, -2, 708, -170, -97, -33, 1149, -11;
-11, 291, -6, 691, -182, -103, -44, 1137, -23;
-7, 295, -2, 715, -153, -88, -29, 1151, -10;
-11, 291, -6, 694, -168, -95, -42, 1136, -24;
-2, 299, 1, 745, -111, -66, -11, 1167, 6;
-11, 289, -7, 688, -162, -91, -46, 1130, -30;
-11, 289, -7, 689, -155, -86, -45, 1130, -30;
-1, 299, 2, 752, -86, -51, -6, 1168, 8;
-2, 298, 0, 745, -86, -50, -9, 1163, 3;
-4, 296, -1, 734, -91, -52, -16, 1155, -4;
-7, 292, -4, 710, -107, -60, -30, 1140, -18;
-6, 293, -3, 719, -91, -51, -24, 1144, -14;
-5, 293, -3, 720, -83, -46, -22, 1144, -13;
0, 298, 1, 751, -44, -26, -1, 1163, 5;
1, 299, 2, 759, -28, -18, 4, 1168, 11;
0, 298, 1, 751, -29, -17, 0, 1162, 5;
3, 300, 4, 768, -4, -4, 12, 1172, 16;
-3, 294, -2, 727, -36, -20, -11, 1146, -8;
3, 299, 3, 764, 9, 3, 13, 1169, 15;
1, 297, 1, 748, 2, 0, 5, 1159, 6;
2, 298, 2, 753, 15, 7, 9, 1162, 9;
-2, 292, -2, 717, -11, -4, -10, 1140, -11;
1, 296, 0, 740, 21, 12, 6, 1155, 3;
0, 294, 0, 728, 18, 11, 0, 1147, -2;
1, 294, 0, 732, 31, 18, 5, 1149, 0;
1, 294, 0, 728, 37, 22, 5, 1147, 0;
5, 297, 3, 748, 68, 37, 20, 1161, 13;
0, 291, -2, 710, 40, 24, 0, 1138, -8;
2, 294, 0, 725, 65, 37, 11, 1147, 2;
9, 299, 6, 759, 109, 60, 35, 1169, 25;
1, 291, -1, 707, 68, 40, 5, 1137, -5;
3, 292, 0, 713, 85, 49, 12, 1142, 0;
2, 291, -1, 702, 85, 50, 9, 1136, -4;
7, 296, 3, 730, 124, 70, 29, 1154, 15;
3, 291, 0, 701, 106, 62, 15, 1137, 0;
12, 299, 8, 749, 166, 92, 48, 1168, 32;
6, 293, 2, 708, 136, 78, 26, 1144, 8;
6, 292, 1, 701, 141, 81, 25, 1141, 7;
5, 291, 0, 689, 141, 82, 22, 1135, 2;
11, 296, 6, 722, 185, 105, 46, 1156, 25;
6, 290, 0, 678, 154, 89, 23, 1131, 1;
13, 297, 8, 721, 209, 118, 54, 1159, 31;
7, 290, 1, 674, 174, 101, 29, 1131, 5;
11, 293, 5, 692, 205, 117, 44, 1144, 19;
13, 295, 7, 700, 226, 128, 54, 1151, 28;
10, 291, 3, 673, 211, 121, 41, 1136, 14;
16, 296, 9, 702, 253, 142, 64, 1156, 36;
15, 294, 7, 685, 249, 141, 58, 1147, 29;
8, 287, 1, 638, 215, 124, 33, 1120, 4;
12, 290, 4, 654, 244, 140, 48, 1132, 18;
15, 292, 7, 666, 269, 153, 61, 1141, 29;
11, 287, 2, 628, 245, 141, 42, 1120, 10;
17, 293, 8, 661, 291, 165, 68, 1143, 34;
19, 294, 10, 663, 307, 173, 74, 1147, 40;
13, 287, 4, 618, 275, 158, 51, 1121, 16;
16, 289, 7, 628, 299, 171, 63, 1130, 27;
14, 287, 4, 607, 291, 167, 55, 1119, 18;
19, 291, 9, 629, 327, 186, 74, 1135, 37;
21, 292, 11, 631, 344, 195, 82, 1139, 43;
18, 288, 8, 605, 332, 189, 71, 1126, 32;
23, 293, 12, 627, 367, 208, 90, 1142, 50;
20, 289, 9, 600, 354, 201, 79, 1128, 38;
20, 288, 9, 589, 358, 204, 79, 1124, 37;
21, 288, 10, 586, 369, 210, 83, 1126, 40;
22, 289, 11, 583, 381, 216, 87, 1127, 44;
17, 283, 5, 541, 353, 203, 67, 1104, 23;
25, 290, 13, 582, 408, 231, 99, 1133, 54;
26, 290, 14, 576, 417, 236, 101, 1132, 55;
22, 286, 11, 546, 401, 229, 89, 1117, 43;
22, 285, 10, 534, 404, 230, 88, 1112, 41;
23, 285, 11, 533, 417, 237, 93, 1115, 46;
27, 288, 14, 543, 441, 250, 106, 1124, 58;
18, 279, 6, 479, 392, 226, 73, 1088, 24;
22, 281, 9, 489, 417, 238, 86, 1098, 36;
18, 277, 5, 457, 399, 230, 72, 1082, 22;
24, 282, 11, 484, 441, 252, 96, 1102, 46;
25, 282, 12, 478, 450, 256, 99, 1102, 48;
24, 280, 11, 460, 447, 255, 95, 1095, 43;
26, 282, 13, 462, 463, 264, 103, 1100, 51;
27, 282, 14, 459, 475, 270, 108, 1102, 56;
27, 281, 13, 445, 475, 271, 106, 1097, 53;
23, 277, 10, 412, 458, 262, 93, 1080, 39;
22, 274, 8, 391, 451, 259, 87, 1071, 33;
23, 275, 9, 389, 464, 266, 92, 1074, 38;
31, 282, 17, 427, 516, 293, 123, 1102, 69;
22, 272, 8, 356, 460, 265, 86, 1061, 31;
23, 273, 9, 356, 474, 272, 93, 1066, 38;
24, 273, 10, 351, 484, 277, 97, 1066, 42;
30, 277, 15, 371, 518, 295, 117, 1083, 61;
23, 270, 9, 318, 480, 276, 91, 1055, 36;
30, 276, 16, 350, 527, 300, 118, 1079, 63;
28, 273, 13, 323, 514, 293, 109, 1066, 53;
30, 274, 15, 324, 529, 301, 117, 1071, 61;
30, 274, 15, 312, 532, 303, 117, 1068, 61;
26, 269, 11, 276, 509, 292, 101, 1050, 45;
24, 267, 10, 255, 502, 289, 96, 1041, 39;
34, 275, 19, 303, 565, 320, 133, 1075, 76;
31, 272, 16, 273, 549, 313, 122, 1062, 65;
29, 269, 15, 251, 541, 309, 115, 1052, 59;
24, 264, 10, 208, 511, 294, 96, 1030, 40;
29, 268, 15, 226, 544, 311, 115, 1046, 59;
27, 265, 12, 198, 530, 304, 105, 1033, 49;
32, 270, 18, 223, 568, 323, 128, 1053, 72;
27, 264, 13, 180, 539, 309, 109, 1031, 52;
25, 261, 11, 155, 527, 303, 101, 1020, 45;
30, 265, 16, 171, 557, 318, 118, 1035, 62;
32, 266, 17, 170, 569, 324, 125, 1039, 69;
30, 264, 16, 150, 562, 321, 120, 1031, 65;
28, 261, 13, 121, 546, 313, 109, 1018, 54;
28, 261, 14, 114, 552, 316, 112, 1018, 57;
31, 263, 17, 121, 573, 327, 124, 1027, 70;
27, 258, 13, 81, 545, 313, 107, 1007, 52;
33, 263, 19, 105, 582, 331, 129, 1027, 75;
27, 256, 13, 55, 545, 313, 106, 1001, 52;
30, 259, 17, 67, 569, 325, 120, 1013, 67;
27, 255, 13, 33, 547, 314, 106, 996, 53;
32, 260, 19, 55, 581, 331, 127, 1015, 75;
26, 253, 12, 2, 541, 311, 102, 987, 50;
36, 262, 22, 52, 603, 342, 140, 1023, 89;
31, 257, 18, 11, 573, 327, 122, 1002, 71;
31, 256, 18, -1, 572, 327, 121, 998, 71;
28, 252, 15, -29, 555, 318, 111, 986, 61;
34, 258, 22, 0, 595, 338, 136, 1009, 87;
28, 251, 15, -54, 553, 317, 110, 980, 61;
32, 255, 20, -38, 579, 330, 126, 994, 78;
31, 253, 19, -57, 572, 327, 122, 988, 75;
32, 254, 20, -61, 579, 330, 126, 990, 80;
30, 251, 18, -84, 566, 324, 119, 981, 73;
26, 246, 15, -120, 541, 311, 103, 963, 58;
31, 251, 20, -100, 571, 326, 123, 980, 78;
29, 248, 18, -127, 554, 317, 113, 968, 70;
33, 251, 22, -112, 579, 329, 129, 982, 86;
28, 246, 17, -154, 546, 313, 109, 960, 68;
28, 246, 18, -161, 549, 314, 112, 961, 71;
30, 247, 20, -160, 560, 320, 119, 967, 80;
29, 246, 19, -179, 551, 315, 114, 960, 75;
29, 245, 19, -191, 547, 313, 113, 956, 75;
27, 243, 18, -211, 536, 307, 107, 949, 70;
32, 248, 23, -189, 567, 323, 127, 967, 91;
32, 247, 23, -202, 562, 320, 125, 963, 90;
31, 245, 22, -219, 554, 316, 121, 958, 87;
28, 242, 19, -248, 532, 305, 109, 944, 76;
27, 241, 19, -259, 530, 303, 108, 942, 77;
24, 237, 16, -291, 506, 291, 95, 927, 64;
31, 244, 23, -258, 546, 311, 122, 952, 92;
25, 237, 18, -304, 507, 291, 99, 927, 70;
26, 238, 19, -308, 510, 292, 102, 929, 75;
33, 244, 26, -275, 550, 312, 128, 954, 102;
29, 240, 23, -308, 525, 299, 114, 938, 89;
23, 234, 17, -352, 487, 280, 92, 915, 69;
26, 236, 20, -345, 500, 286, 102, 924, 80;
29, 239, 23, -336, 515, 294, 113, 933, 92;
32, 242, 27, -324, 533, 302, 126, 945, 106;
25, 235, 20, -377, 486, 278, 98, 916, 80;
26, 236, 22, -378, 491, 280, 103, 920, 86;
22, 231, 18, -414, 460, 265, 86, 902, 70;
24, 233, 20, -408, 470, 270, 94, 909, 80;
22, 231, 19, -427, 456, 262, 88, 901, 75;
25, 233, 22, -419, 469, 268, 98, 911, 87;
21, 229, 18, -451, 442, 254, 83, 895, 73;
20, 228, 18, -461, 436, 251, 81, 893, 73;
20, 228, 19, -469, 431, 248, 81, 891, 74;
20, 228, 19, -477, 427, 246, 80, 890, 75;
20, 227, 19, -487, 421, 242, 79, 888, 75;
25, 232, 24, -462, 449, 256, 98, 907, 96;
24, 232, 24, -472, 442, 252, 97, 904, 96;
26, 233, 26, -470, 447, 254, 102, 909, 103;
18, 225, 19, -524, 396, 228, 73, 879, 75;
22, 229, 23, -508, 415, 237, 87, 893, 91;
26, 232, 27, -489, 435, 247, 102, 908, 108;
22, 228, 24, -522, 405, 231, 86, 891, 93;
22, 228, 24, -526, 402, 229, 86, 892, 96;
21, 227, 23, -540, 390, 223, 82, 886, 93;
21, 227, 24, -544, 387, 221, 83, 887, 95;
25, 231, 29, -522, 410, 232, 100, 904, 114;
18, 224, 22, -574, 359, 206, 71, 875, 87;
16, 222, 20, -591, 342, 197, 63, 867, 81;
16, 222, 21, -598, 336, 193, 62, 866, 82;
15, 222, 21, -603, 330, 190, 61, 866, 83;
15, 221, 21, -609, 325, 187, 61, 865, 84;
20, 226, 26, -583, 350, 199, 80, 884, 105;
20, 226, 27, -588, 345, 196, 79, 884, 106;
20, 226, 27, -593, 339, 192, 79, 884, 107;
14, 220, 21, -636, 295, 170, 54, 859, 85;
20, 227, 29, -598, 332, 188, 80, 886, 113;
15, 222, 24, -634, 294, 168, 60, 866, 94;
10, 217, 20, -667, 259, 150, 42, 848, 78;
16, 222, 25, -637, 287, 163, 62, 869, 100;
11, 218, 21, -667, 255, 147, 45, 852, 85;
17, 224, 28, -634, 286, 162, 68, 875, 109;
9, 216, 20, -685, 231, 134, 37, 846, 81;
8, 216, 20, -693, 221, 128, 34, 843, 79;
9, 217, 21, -690, 221, 128, 37, 847, 85;
10, 218, 23, -687, 220, 127, 40, 851, 90;
13, 221, 26, -670, 234, 133, 52, 863, 103;
12, 221, 26, -675, 225, 128, 50, 862, 103;
16, 225, 30, -653, 243, 136, 64, 877, 120;
11, 220, 26, -687, 205, 117, 44, 858, 101;
10, 219, 25, -695, 193, 110, 40, 855, 99;
14, 223, 29, -672, 210, 118, 55, 870, 116;
9, 219, 26, -700, 178, 101, 38, 855, 101;
7, 216, 23, -718, 155, 89, 27, 845, 92;
8, 218, 25, -710, 157, 90, 32, 851, 99;
11, 221, 28, -693, 169, 95, 43, 863, 112;
6, 216, 24, -724, 132, 76, 24, 845, 95;
2, 213, 20, -749, 101, 60, 8, 831, 81;
1, 212, 20, -752, 92, 55, 6, 830, 81;
1, 213, 21, -753, 85, 50, 5, 830, 81;
3, 215, 23, -737, 94, 54, 14, 841, 93;
4, 216, 24, -734, 91, 52, 16, 844, 96;
8, 221, 29, -707, 111, 61, 32, 862, 114;
6, 219, 27, -718, 92, 52, 24, 856, 109;
2, 215, 24, -741, 61, 36, 9, 842, 95;
0, 213, 21, -759, 36, 22, -2, 831, 85;
0, 214, 23, -751, 37, 22, 0, 837, 91;
-2, 212, 21, -764, 15, 10, -8, 829, 83;
1, 216, 25, -740, 31, 18, 4, 844, 99;
-1, 214, 22, -757, 6, 5, -6, 834, 89;
5, 221, 30, -708, 46, 24, 21, 864, 119;
-2, 214, 23, -755, -8, -3, -9, 835, 90;
4, 221, 30, -710, 27, 13, 16, 863, 118;
-4, 213, 22, -761, -33, -17, -16, 832, 86;
3, 222, 31, -706, 12, 5, 15, 866, 120;
-3, 215, 24, -748, -38, -21, -12, 840, 94;
-5, 213, 22, -757, -57, -31, -21, 833, 88;
1, 221, 29, -711, -21, -13, 5, 862, 116;
-4, 215, 24, -744, -64, -35, -17, 841, 95;
-2, 218, 26, -728, -57, -33, -10, 851, 104;
0, 221, 29, -709, -49, -29, -1, 862, 115;
0, 222, 31, -697, -48, -29, 2, 868, 121;
-5, 217, 25, -732, -93, -53, -21, 846, 99;
-8, 214, 23, -744, -116, -65, -32, 838, 90;
-3, 220, 28, -708, -91, -53, -13, 859, 111;
-4, 219, 27, -710, -104, -60, -17, 857, 108;
-2, 222, 30, -692, -97, -57, -9, 867, 118;
-12, 213, 21, -746, -163, -91, -46, 832, 82;
-4, 221, 29, -692, -121, -70, -16, 865, 114;
-4, 222, 29, -687, -127, -74, -17, 867, 115;
-5, 221, 28, -689, -140, -81, -22, 865, 112;
-8, 219, 26, -699, -163, -93, -32, 857, 104;
-6, 222, 28, -682, -158, -91, -26, 866, 112;
-4, 224, 30, -665, -153, -89, -19, 875, 120;
-9, 220, 26, -687, -188, -107, -37, 860, 104;
-9, 220, 26, -682, -195, -112, -38, 861, 105;
-12, 219, 24, -690, -215, -123, -47, 854, 97;
-15, 216, 21, -705, -243, -137, -61, 844, 85;
-15, 217, 22, -697, -248, -140, -61, 846, 87;
-17, 216, 21, -698, -262, -148, -66, 844, 83;
-17, 216, 20, -696, -273, -154, -70, 843, 81;
-13, 221, 25, -659, -249, -142, -51, 864, 101;
-16, 218, 22, -674, -277, -157, -66, 853, 88;
-9, 226, 30, -620, -237, -137, -37, 884, 118;
-10, 226, 30, -615, -245, -142, -39, 885, 117;
-18, 219, 22, -658, -301, -171, -71, 856, 87;
-11, 226, 29, -608, -265, -153, -45, 885, 115;
-19, 220, 22, -647, -318, -180, -75, 858, 86;
-14, 225, 27, -608, -293, -168, -56, 879, 106;
-14, 226, 27, -599, -298, -171, -56, 882, 108;
-15, 225, 26, -599, -311, -179, -62, 880, 103;
-17, 225, 25, -598, -325, -186, -67, 877, 100;
-14, 229, 29, -569, -309, -179, -54, 893, 113;
-15, 228, 28, -566, -320, -184, -58, 892, 111;
-21, 223, 22, -596, -365, -207, -83, 870, 87;
-20, 225, 24, -578, -361, -206, -78, 878, 94;
-22, 223, 21, -584, -382, -217, -88, 871, 85;
-24, 222, 20, -588, -400, -226, -96, 866, 78;
-17, 230, 27, -532, -358, -206, -68, 898, 108;
-24, 224, 21, -565, -406, -230, -94, 874, 82;
-22, 226, 23, -544, -399, -227, -87, 884, 90;
-25, 224, 20, -551, -420, -238, -98, 876, 81;
-18, 232, 28, -495, -379, -218, -70, 907, 110;
-19, 232, 27, -494, -393, -226, -76, 905, 105;
-24, 228, 22, -513, -426, -243, -94, 890, 88;
-21, 231, 25, -485, -413, -236, -83, 904, 100;
-19, 234, 28, -459, -402, -231, -74, 916, 110;
-19, 235, 27, -453, -410, -236, -76, 916, 108;
-21, 234, 26, -452, -424, -243, -83, 913, 103;
-21, 235, 26, -441, -427, -245, -82, 916, 104;
-28, 228, 19, -477, -478, -271, -112, 890, 75;
-24, 233, 23, -439, -455, -260, -95, 910, 93;
-24, 233, 23, -431, -461, -264, -97, 911, 92;
-23, 236, 25, -407, -452, -259, -89, 922, 100;
-22, 238, 26, -390, -450, -259, -86, 929, 105;
-21, 240, 28, -372, -447, -257, -82, 936, 109;
-27, 234, 22, -400, -489, -279, -106, 914, 85;
-26, 236, 23, -381, -485, -277, -102, 922, 91;
-22, 240, 27, -347, -466, -268, -88, 939, 105;
-28, 235, 21, -374, -507, -289, -111, 918, 82;
-32, 233, 17, -383, -531, -301, -124, 908, 70;
-32, 232, 17, -377, -539, -305, -128, 908, 67;
-30, 236, 20, -348, -524, -298, -117, 922, 78;
-30, 237, 20, -337, -527, -300, -117, 924, 78;
-29, 238, 21, -320, -525, -299, -114, 930, 82;
-23, 245, 27, -271, -490, -282, -91, 957, 105;
-28, 240, 21, -292, -526, -300, -112, 939, 85;
-26, 243, 23, -269, -517, -296, -105, 949, 92;
-24, 246, 26, -242, -504, -290, -95, 961, 102;
-29, 242, 21, -260, -536, -306, -114, 946, 84;
-24, 248, 26, -218, -508, -293, -95, 967, 102;
-32, 241, 18, -254, -558, -317, -125, 940, 73;
-26, 247, 24, -205, -522, -300, -102, 966, 96;
-32, 242, 18, -231, -563, -320, -126, 945, 72;
-32, 243, 18, -220, -565, -322, -126, 948, 72;
-32, 243, 18, -209, -567, -323, -127, 950, 71;
-26, 250, 24, -159, -532, -305, -103, 976, 95;
-29, 247, 21, -167, -553, -316, -116, 967, 82;
-28, 250, 22, -146, -545, -312, -110, 975, 88;
-32, 246, 18, -159, -572, -326, -126, 962, 72;
-33, 246, 17, -152, -578, -329, -129, 962, 69;
-29, 250, 21, -118, -556, -318, -115, 978, 83;
-30, 250, 19, -115, -566, -323, -120, 976, 77;
-29, 252, 21, -94, -558, -320, -115, 984, 82;
-28, 254, 22, -74, -551, -316, -110, 991, 87;
-29, 253, 20, -71, -560, -321, -115, 989, 81;
-34, 249, 16, -90, -591, -336, -134, 972, 62;
-33, 250, 16, -73, -587, -334, -131, 978, 65;
-29, 256, 21, -33, -559, -320, -114, 998, 82;
-34, 251, 15, -53, -591, -336, -133, 981, 62;
-31, 255, 18, -21, -572, -327, -121, 996, 74;
-26, 260, 23, 17, -545, -313, -104, 1015, 90;
-26, 261, 23, 30, -543, -312, -103, 1018, 90;
-35, 252, 14, -14, -599, -340, -138, 986, 55;
-35, 253, 14, -1, -598, -340, -137, 989, 55;
-27, 262, 22, 61, -546, -314, -105, 1023, 87;
-34, 255, 14, 23, -595, -338, -136, 995, 55;
-26, 263, 22, 85, -544, -312, -104, 1029, 86;
-29, 261, 18, 77, -562, -322, -116, 1019, 73;
-27, 264, 21, 107, -544, -312, -105, 1032, 84;
-27, 265, 21, 115, -545, -313, -106, 1033, 82;
-34, 258, 13, 83, -588, -334, -133, 1009, 54;
-27, 266, 20, 138, -543, -312, -106, 1038, 80;
-30, 263, 17, 129, -562, -321, -118, 1027, 67;
-31, 263, 16, 135, -566, -323, -122, 1026, 63;
-33, 261, 13, 132, -578, -329, -130, 1020, 53;
-29, 265, 17, 165, -555, -317, -116, 1036, 66;
-27, 269, 19, 193, -536, -307, -105, 1049, 76;
-32, 263, 13, 167, -571, -325, -128, 1028, 52;
-25, 271, 20, 222, -525, -302, -100, 1057, 79;
-27, 269, 18, 221, -535, -306, -107, 1052, 71;
-26, 270, 18, 235, -529, -303, -105, 1056, 72;
-28, 269, 16, 236, -536, -307, -110, 1052, 65;
-32, 266, 12, 223, -558, -318, -125, 1039, 49;
-25, 274, 19, 277, -512, -294, -97, 1069, 75;
-26, 273, 18, 281, -515, -296, -101, 1066, 70;
-29, 270, 14, 269, -535, -305, -114, 1055, 56;
-27, 272, 16, 292, -520, -297, -106, 1064, 62;
-31, 269, 11, 277, -541, -308, -121, 1051, 46;
-31, 269, 11, 286, -540, -307, -122, 1052, 44;
-24, 276, 17, 337, -495, -284, -95, 1079, 69;
-30, 271, 11, 311, -528, -301, -118, 1058, 45;
-26, 275, 15, 345, -500, -286, -102, 1076, 60;
-29, 273, 12, 336, -515, -293, -113, 1066, 47;
-30, 271, 9, 333, -524, -298, -120, 1060, 38;
-32, 270, 8, 334, -529, -300, -125, 1056, 31;
-29, 274, 10, 362, -506, -288, -113, 1069, 42;
-25, 278, 14, 396, -478, -274, -97, 1086, 56;
-29, 274, 9, 376, -503, -286, -115, 1069, 37;
-26, 277, 12, 403, -481, -274, -103, 1082, 47;
-22, 281, 15, 435, -454, -260, -88, 1098, 60;
-30, 274, 7, 394, -498, -282, -118, 1069, 28;
-24, 280, 12, 438, -459, -262, -95, 1092, 49;
-22, 282, 14, 457, -443, -254, -88, 1101, 54;
-29, 276, 7, 424, -481, -272, -113, 1076, 27;
-27, 278, 8, 444, -464, -264, -105, 1085, 33;
-24, 281, 11, 471, -441, -252, -93, 1097, 43;
-27, 278, 7, 457, -458, -260, -106, 1085, 29;
-18, 287, 15, 518, -400, -230, -73, 1119, 60;
-27, 278, 6, 471, -449, -255, -106, 1087, 25;
-24, 281, 8, 495, -427, -243, -94, 1098, 34;
-18, 287, 14, 539, -385, -222, -71, 1122, 56;
-26, 280, 6, 497, -429, -243, -101, 1093, 23;
-22, 283, 8, 524, -404, -230, -88, 1106, 34;
-18, 287, 12, 555, -375, -215, -72, 1122, 48;
-24, 281, 5, 523, -408, -231, -95, 1099, 23;
-21, 285, 8, 550, -382, -218, -82, 1112, 34;
-23, 283, 5, 540, -392, -222, -91, 1103, 22;
-25, 281, 3, 536, -397, -224, -97, 1098, 14;
-14, 291, 13, 605, -329, -190, -58, 1137, 52;
-15, 291, 12, 605, -328, -189, -60, 1134, 47;
-19, 287, 7, 586, -347, -198, -75, 1120, 30;
-15, 291, 11, 617, -316, -182, -58, 1136, 44;
-18, 288, 7, 601, -331, -189, -71, 1124, 29;
-21, 284, 3, 585, -346, -196, -83, 1111, 14;
-19, 286, 4, 600, -331, -188, -77, 1117, 19;
-11, 294, 12, 654, -275, -159, -45, 1148, 48;
-14, 291, 9, 641, -287, -165, -56, 1137, 35;
-15, 291, 7, 640, -286, -164, -58, 1135, 30;
-12, 293, 10, 662, -262, -151, -47, 1146, 39;
-13, 292, 8, 658, -264, -151, -51, 1141, 32;
-13, 291, 7, 656, -263, -150, -54, 1138, 27;
-19, 286, 1, 626, -291, -164, -74, 1116, 4;
-13, 291, 6, 663, -251, -143, -53, 1137, 23;
-12, 292, 6, 671, -240, -137, -49, 1140, 24;
-9, 295, 9, 696, -212, -122, -35, 1154, 36;
-17, 287, 0, 645, -259, -145, -67, 1120, 1;
-10, 293, 6, 690, -211, -121, -41, 1146, 25;
-9, 294, 7, 699, -197, -114, -36, 1150, 27;
-12, 291, 2, 678, -213, -121, -50, 1136, 11;
-11, 292, 4, 691, -197, -112, -43, 1142, 15;
-5, 298, 9, 728, -155, -91, -20, 1163, 35;
-7, 296, 6, 717, -161, -93, -28, 1155, 25;
-11, 291, 1, 692, -181, -102, -43, 1138, 7;
-12, 289, 0, 682, -185, -104, -50, 1130, -1;
-4, 298, 7, 736, -126, -74, -16, 1162, 28;
-11, 291, 0, 694, -162, -91, -43, 1135, 0;
-3, 298, 6, 741, -109, -64, -13, 1163, 27;
-1, 299, 7, 751, -93, -55, -6, 1169, 30;
-1, 299, 7, 753, -85, -50, -5, 1169, 29;
-2, 298, 5, 744, -87, -51, -10, 1162, 21;
-1, 298, 6, 750, -74, -44, -5, 1165, 23;
-9, 290, -2, 698, -119, -66, -37, 1132, -10;
0, 299, 5, 755, -55, -33, -1, 1166, 22;
-2, 297, 3, 742, -60, -35, -8, 1158, 13;
-2, 296, 2, 741, -54, -31, -8, 1157, 10;
-5, 292, -1, 716, -71, -39, -22, 1141, -6;
-3, 294, 0, 729, -51, -28, -13, 1148, 0;
0, 296, 1, 742, -29, -17, -3, 1156, 7;
0, 297, 2, 747, -16, -10, 0, 1159, 9;
3, 300, 5, 766, 11, 4, 14, 1170, 19;
1, 297, 2, 751, 4, 1, 6, 1161, 9;
-1, 294, -1, 727, -9, -4, -6, 1146, -6;
-1, 293, -2, 725, -3, 0, -5, 1145, -8;
0, 294, -1, 732, 12, 7, 0, 1149, -4;
-3, 290, -5, 706, -3, 0, -13, 1133, -21;
5, 299, 3, 760, 60, 32, 22, 1167, 11;
6, 299, 3, 762, 72, 39, 26, 1169, 13;
2, 295, -1, 734, 54, 30, 11, 1152, -4;
7, 299, 3, 761, 90, 49, 30, 1169, 11;
1, 292, -4, 715, 55, 32, 5, 1141, -16;
1, 292, -4, 713, 64, 37, 6, 1140, -17;
7, 297, 0, 746, 107, 60, 30, 1161, 2;
10, 299, 2, 756, 128, 71, 39, 1169, 9;
7, 296, 0, 737, 120, 67, 30, 1158, -1;
9, 298, 0, 743, 137, 76, 37, 1162, 2;
2, 290, -7, 690, 95, 56, 8, 1131, -29;
3, 290, -6, 693, 110, 64, 13, 1133, -26;
12, 298, 1, 741, 169, 95, 47, 1164, 4;
5, 291, -6, 694, 134, 78, 21, 1136, -24;
12, 298, 0, 734, 186, 104, 50, 1163, 1;
12, 296, 0, 724, 187, 106, 47, 1158, -3;
13, 297, 0, 723, 199, 112, 51, 1159, -2;
5, 288, -9, 667, 155, 91, 20, 1125, -35;
11, 293, -3, 698, 198, 113, 43, 1146, -14;
14, 296, -1, 710, 223, 126, 56, 1156, -5;
10, 292, -5, 680, 206, 118, 41, 1138, -22;
8, 288, -9, 656, 194, 112, 31, 1125, -35;
7, 287, -10, 644, 195, 113, 28, 1120, -40;
12, 291, -5, 669, 233, 133, 48, 1137, -23;
12, 291, -6, 664, 240, 137, 49, 1136, -24;
18, 296, -1, 692, 282, 159, 72, 1156, -4;
17, 294, -2, 679, 282, 159, 69, 1150, -9;
13, 289, -7, 644, 260, 149, 52, 1130, -29;
13, 289, -7, 639, 269, 154, 54, 1129, -29;
11, 286, -10, 615, 259, 149, 45, 1117, -41;
18, 292, -4, 650, 307, 174, 71, 1141, -17;
16, 289, -7, 626, 297, 170, 62, 1129, -28;
18, 290, -6, 630, 315, 179, 70, 1133, -23;
16, 288, -7, 614, 312, 178, 65, 1126, -30;
17, 289, -7, 611, 324, 185, 69, 1127, -28;
15, 286, -10, 588, 315, 181, 61, 1115, -39;
16, 286, -9, 587, 327, 187, 65, 1117, -37;
20, 289, -6, 599, 354, 201, 79, 1128, -26;
20, 289, -6, 593, 362, 206, 81, 1127, -26;
19, 286, -9, 571, 355, 203, 74, 1117, -36;
16, 282, -12, 545, 342, 197, 63, 1103, -49;
16, 282, -12, 537, 349, 201, 65, 1101, -49;
25, 290, -4, 581, 407, 230, 98, 1132, -18;
24, 288, -6, 563, 404, 229, 93, 1124, -25;
22, 286, -8, 545, 400, 228, 88, 1116, -32;
26, 289, -5, 559, 429, 243, 103, 1128, -19;
24, 286, -7, 537, 421, 239, 96, 1118, -29;
25, 286, -7, 530, 429, 244, 98, 1117, -29;
23, 283, -9, 508, 422, 240, 91, 1107, -38;
19, 278, -14, 470, 398, 229, 74, 1086, -57;
19, 278, -14, 461, 404, 232, 75, 1084, -58;
23, 281, -10, 479, 436, 249, 93, 1099, -42;
28, 286, -6, 500, 472, 267, 112, 1116, -24;
20, 277, -14, 439, 425, 244, 81, 1081, -57;
25, 281, -10, 457, 459, 261, 100, 1097, -41;
27, 282, -8, 461, 476, 271, 109, 1103, -34;
29, 283, -8, 456, 486, 276, 113, 1104, -32;
24, 277, -13, 415, 460, 263, 94, 1082, -52;
28, 280, -10, 428, 488, 278, 109, 1094, -39;
31, 282, -7, 435, 509, 289, 121, 1102, -29;
29, 280, -9, 413, 502, 285, 114, 1093, -37;
22, 273, -16, 361, 464, 267, 89, 1064, -64;
23, 272, -16, 353, 472, 271, 91, 1064, -63;
29, 278, -10, 379, 512, 291, 114, 1084, -42;
31, 279, -9, 378, 526, 299, 121, 1088, -37;
26, 273, -14, 335, 497, 285, 102, 1065, -58;
26, 272, -15, 324, 500, 286, 102, 1062, -59;
27, 272, -14, 319, 510, 292, 106, 1064, -56;
31, 276, -10, 336, 541, 307, 124, 1079, -40;
27, 271, -15, 297, 516, 295, 107, 1059, -59;
25, 268, -17, 274, 507, 291, 100, 1048, -67;
23, 266, -19, 249, 497, 286, 92, 1038, -76;
29, 271, -14, 274, 536, 306, 115, 1058, -55;
30, 271, -13, 269, 545, 311, 119, 1059, -52;
26, 266, -18, 229, 519, 298, 102, 1039, -71;
29, 269, -15, 239, 542, 310, 115, 1049, -59;
25, 264, -19, 200, 517, 297, 99, 1029, -77;
25, 263, -20, 186, 517, 298, 97, 1025, -79;
29, 266, -16, 202, 547, 313, 115, 1040, -63;
28, 264, -17, 181, 540, 309, 109, 1032, -69;
30, 266, -15, 187, 559, 319, 120, 1040, -60;
26, 261, -20, 146, 531, 305, 102, 1019, -79;
32, 267, -14, 175, 574, 327, 128, 1042, -54;
29, 263, -17, 144, 556, 318, 116, 1027, -67;
33, 266, -13, 158, 583, 331, 132, 1040, -52;
29, 261, -17, 119, 557, 319, 115, 1021, -70;
35, 267, -12, 143, 594, 337, 138, 1041, -48;
34, 265, -13, 127, 591, 336, 135, 1036, -51;
28, 259, -19, 78, 555, 318, 112, 1010, -75;
31, 261, -17, 82, 572, 326, 122, 1018, -66;
36, 265, -12, 101, 603, 342, 141, 1034, -48;
32, 260, -16, 65, 580, 330, 126, 1016, -64;
33, 261, -15, 60, 586, 334, 130, 1018, -61;
32, 259, -16, 45, 583, 332, 128, 1013, -63;
30, 256, -18, 18, 568, 325, 119, 1001, -73;
28, 253, -21, -7, 554, 318, 110, 990, -83;
32, 257, -17, 7, 581, 331, 127, 1004, -67;
36, 260, -13, 21, 606, 344, 142, 1017, -52;
28, 252, -21, -41, 555, 318, 110, 983, -84;
32, 255, -18, -29, 578, 330, 125, 995, -70;
26, 249, -23, -75, 543, 312, 104, 972, -92;
30, 252, -20, -65, 564, 322, 117, 983, -79;
35, 257, -14, -41, 599, 340, 139, 1003, -57;
33, 254, -16, -63, 587, 334, 132, 993, -65;
34, 255, -15, -68, 593, 337, 136, 995, -61;
36, 256, -14, -71, 600, 340, 141, 998, -56;
27, 246, -23, -140, 541, 311, 105, 960, -92;
34, 253, -16, -102, 589, 334, 135, 988, -63;
29, 247, -21, -149, 552, 316, 113, 964, -85;
27, 245, -23, -169, 541, 311, 107, 956, -91;
32, 249, -18, -148, 572, 326, 127, 974, -71;
31, 248, -19, -166, 564, 321, 122, 968, -76;
28, 244, -22, -194, 544, 312, 111, 955, -87;
33, 249, -17, -172, 575, 327, 131, 973, -67;
32, 248, -18, -188, 567, 323, 127, 967, -70;
35, 250, -15, -184, 581, 329, 137, 975, -61;
28, 243, -22, -235, 538, 308, 111, 948, -87;
31, 245, -19, -225, 556, 317, 124, 959, -74;
30, 244, -20, -243, 546, 311, 119, 952, -79;
32, 246, -17, -238, 559, 318, 128, 960, -69;
33, 246, -16, -241, 563, 319, 132, 962, -65;
26, 238, -24, -300, 511, 293, 101, 930, -96;
25, 237, -24, -311, 507, 291, 100, 927, -96;
27, 238, -23, -312, 514, 294, 106, 931, -91;
33, 244, -17, -283, 549, 312, 129, 954, -66;
28, 239, -21, -319, 519, 296, 112, 935, -83;
24, 235, -25, -356, 490, 281, 95, 917, -100;
25, 235, -24, -359, 492, 282, 98, 919, -96;
29, 239, -20, -342, 516, 294, 115, 934, -79;
31, 241, -18, -339, 524, 297, 122, 940, -72;
23, 233, -26, -396, 472, 271, 92, 908, -101;
24, 233, -24, -398, 476, 273, 96, 912, -96;
29, 238, -20, -378, 500, 285, 113, 928, -79;
26, 235, -22, -403, 481, 274, 103, 917, -88;
23, 231, -25, -429, 459, 263, 91, 904, -99;
21, 229, -27, -448, 444, 255, 84, 896, -105;
28, 236, -20, -413, 484, 275, 111, 922, -78;
28, 236, -19, -421, 480, 273, 111, 921, -77;
19, 227, -28, -484, 421, 243, 76, 886, -111;
27, 234, -20, -442, 466, 265, 107, 916, -80;
28, 235, -19, -444, 467, 265, 110, 918, -76;
23, 230, -24, -481, 434, 248, 91, 899, -93;
22, 229, -24, -491, 426, 244, 89, 896, -95;
24, 230, -23, -490, 430, 245, 93, 900, -89;
25, 232, -21, -489, 433, 246, 98, 905, -83;
21, 228, -25, -520, 405, 232, 83, 889, -98;
18, 224, -28, -546, 381, 219, 71, 876, -109;
25, 232, -20, -505, 423, 240, 100, 905, -79;
25, 231, -20, -515, 415, 235, 97, 902, -80;
24, 230, -21, -525, 406, 230, 94, 899, -82;
24, 230, -20, -529, 402, 228, 95, 899, -80;
18, 224, -26, -571, 362, 207, 73, 877, -101;
21, 227, -23, -558, 375, 213, 84, 888, -89;
21, 227, -23, -566, 367, 209, 81, 886, -90;
18, 224, -25, -585, 348, 199, 73, 877, -98;
15, 222, -27, -608, 325, 187, 61, 865, -108;
19, 225, -23, -590, 343, 196, 76, 880, -92;
21, 228, -20, -578, 354, 200, 85, 890, -81;
15, 221, -27, -625, 306, 176, 58, 863, -107;
13, 219, -29, -642, 288, 166, 50, 856, -113;
20, 227, -21, -598, 331, 187, 80, 886, -82;
11, 218, -29, -657, 271, 156, 46, 851, -115;
13, 219, -28, -652, 274, 157, 51, 857, -109;
18, 225, -22, -620, 304, 172, 73, 879, -86;
11, 218, -28, -665, 256, 148, 46, 853, -110;
12, 219, -27, -664, 256, 147, 49, 857, -106;
14, 222, -24, -653, 264, 150, 58, 866, -96;
12, 219, -27, -672, 242, 139, 47, 856, -105;
13, 220, -25, -667, 244, 139, 52, 861, -99;
13, 221, -24, -665, 242, 138, 54, 864, -95;
11, 219, -26, -680, 224, 128, 46, 857, -101;
6, 215, -30, -713, 187, 109, 26, 838, -120;
14, 222, -22, -666, 230, 130, 56, 869, -88;
11, 220, -25, -687, 204, 116, 44, 858, -98;
15, 224, -20, -663, 224, 126, 60, 874, -81;
5, 214, -30, -727, 156, 91, 21, 837, -118;
11, 221, -23, -687, 191, 108, 46, 863, -91;
4, 214, -30, -732, 140, 82, 18, 836, -118;
9, 219, -24, -701, 167, 95, 38, 857, -96;
12, 222, -21, -686, 176, 98, 47, 867, -85;
12, 222, -21, -686, 170, 95, 47, 869, -83;
3, 214, -29, -738, 112, 65, 15, 838, -114;
1, 213, -31, -752, 92, 55, 6, 830, -121;
11, 223, -20, -691, 147, 82, 44, 869, -81;
7, 219, -24, -716, 115, 65, 27, 854, -96;
4, 216, -27, -732, 92, 53, 17, 845, -105;
5, 218, -25, -723, 94, 53, 22, 852, -98;
9, 222, -21, -699, 111, 61, 36, 867, -82;
2, 215, -27, -741, 61, 36, 9, 842, -107;
1, 215, -27, -742, 53, 31, 7, 842, -107;
4, 218, -25, -727, 60, 34, 15, 851, -97;
-1, 213, -30, -761, 19, 12, -6, 831, -117;
-1, 213, -29, -760, 11, 8, -7, 832, -116;
5, 220, -22, -713, 50, 27, 20, 861, -87;
4, 221, -22, -712, 42, 22, 19, 862, -86;
1, 218, -24, -730, 16, 8, 6, 851, -97;
-4, 212, -30, -766, -28, -14, -17, 829, -119;
1, 218, -24, -727, 1, 0, 4, 853, -95;
-1, 216, -26, -739, -19, -11, -5, 845, -103;
-2, 216, -27, -744, -34, -19, -10, 842, -106;
2, 222, -21, -706, -6, -5, 10, 865, -83;
-1, 218, -25, -728, -38, -22, -5, 851, -97;
0, 221, -22, -710, -30, -19, 3, 862, -87;
-4, 216, -27, -741, -71, -40, -18, 842, -107;
-6, 214, -28, -749, -89, -50, -26, 837, -112;
-6, 215, -28, -745, -95, -53, -26, 839, -110;
-10, 212, -31, -760, -121, -67, -39, 829, -121;
-10, 213, -30, -755, -127, -70, -39, 831, -119;
-3, 220, -23, -711, -94, -54, -14, 858, -93;
-6, 218, -26, -722, -116, -66, -24, 850, -101;
-8, 216, -27, -728, -133, -75, -32, 845, -106;
-7, 217, -26, -720, -137, -78, -30, 849, -103;
-12, 213, -30, -745, -173, -96, -49, 832, -120;
-12, 213, -30, -740, -180, -101, -50, 834, -119;
-7, 220, -24, -699, -150, -86, -28, 858, -95;
-4, 223, -20, -674, -138, -81, -16, 872, -81;
-6, 222, -22, -679, -155, -90, -24, 868, -87;
-9, 219, -25, -696, -184, -105, -38, 856, -99;
-12, 217, -27, -705, -205, -116, -48, 849, -107;
-9, 221, -24, -680, -193, -111, -37, 862, -94;
-7, 224, -21, -658, -184, -107, -28, 874, -83;
-8, 224, -21, -657, -195, -113, -31, 873, -84;
-7, 225, -20, -648, -198, -115, -30, 877, -81;
-15, 218, -28, -689, -252, -143, -60, 850, -110;
-9, 224, -21, -642, -219, -127, -36, 877, -83;
-10, 224, -22, -641, -231, -133, -40, 875, -86;
-11, 224, -22, -637, -240, -138, -43, 876, -86;
-17, 218, -28, -672, -288, -163, -69, 852, -111;
-14, 222, -24, -642, -272, -155, -56, 868, -96;
-13, 224, -23, -626, -270, -155, -51, 875, -89;
-13, 225, -22, -619, -277, -159, -52, 877, -88;
-19, 219, -28, -650, -321, -181, -77, 856, -111;
-13, 226, -21, -602, -286, -165, -52, 883, -85;
-15, 225, -23, -603, -302, -173, -59, 880, -89;
-14, 227, -21, -590, -302, -174, -56, 885, -85;
-18, 224, -25, -604, -330, -188, -70, 874, -97;
-20, 222, -26, -607, -348, -198, -78, 869, -103;
-21, 221, -27, -609, -363, -206, -85, 865, -108;
-24, 220, -29, -614, -382, -216, -94, 859, -115;
-19, 225, -24, -574, -357, -204, -75, 881, -95;
-17, 228, -22, -554, -351, -201, -69, 890, -87;
-18, 228, -22, -550, -362, -207, -72, 890, -89;
-24, 223, -27, -575, -401, -227, -94, 871, -109;
-17, 230, -21, -525, -366, -210, -69, 899, -82;
-24, 224, -27, -556, -411, -233, -95, 877, -106;
-26, 223, -29, -560, -429, -243, -104, 871, -113;
-25, 225, -27, -541, -425, -241, -98, 879, -106;
-24, 226, -26, -527, -426, -242, -96, 884, -102;
-20, 232, -21, -488, -402, -230, -79, 905, -83;
-22, 230, -23, -493, -421, -241, -88, 898, -91;
-28, 225, -28, -517, -460, -260, -110, 880, -111;
-22, 232, -22, -470, -427, -245, -87, 906, -87;
-25, 230, -24, -476, -448, -255, -98, 898, -96;
-19, 236, -18, -429, -416, -240, -75, 923, -72;
-24, 232, -23, -450, -452, -258, -95, 907, -90;
-20, 237, -19, -416, -432, -249, -81, 924, -74;
-23, 235, -21, -420, -451, -258, -90, 918, -82;
-26, 233, -23, -428, -473, -270, -102, 909, -93;
-29, 230, -26, -436, -496, -282, -115, 900, -103;
-28, 233, -24, -416, -490, -279, -109, 908, -96;
-25, 236, -22, -390, -479, -274, -100, 921, -86;
-26, 236, -22, -382, -486, -277, -102, 922, -86;
-23, 240, -19, -353, -471, -271, -91, 936, -74;
-31, 232, -27, -393, -526, -298, -123, 906, -105;
-32, 232, -27, -387, -535, -303, -127, 906, -107;
-22, 243, -17, -313, -475, -274, -88, 947, -67;
-27, 238, -22, -333, -509, -291, -108, 931, -86;
-29, 238, -23, -331, -522, -297, -114, 928, -90;
-26, 241, -20, -304, -509, -292, -104, 940, -80;
-33, 235, -26, -334, -553, -314, -130, 918, -104;
-25, 244, -18, -271, -505, -290, -99, 952, -72;
-27, 242, -20, -274, -522, -299, -108, 946, -79;
-29, 241, -22, -276, -538, -307, -116, 940, -87;
-28, 243, -20, -252, -528, -302, -109, 950, -78;
-25, 246, -17, -226, -516, -296, -100, 962, -68;
-31, 241, -23, -250, -554, -315, -122, 943, -89;
-34, 239, -25, -256, -573, -325, -133, 935, -99;
-32, 242, -23, -234, -565, -322, -127, 944, -92;
-26, 249, -17, -183, -528, -303, -103, 971, -67;
-33, 242, -24, -216, -575, -327, -131, 946, -94;
-27, 249, -17, -164, -536, -308, -106, 973, -68;
-35, 242, -25, -203, -589, -334, -138, 944, -99;
-30, 248, -20, -159, -558, -319, -118, 967, -78;
-34, 245, -23, -170, -582, -331, -132, 956, -91;
-32, 247, -21, -148, -574, -327, -126, 964, -85;
-33, 246, -22, -144, -583, -331, -131, 962, -89;
-34, 246, -23, -139, -590, -335, -135, 961, -92;
-29, 252, -17, -91, -555, -318, -113, 986, -69;
-29, 253, -17, -81, -558, -319, -114, 987, -69;
-34, 248, -22, -102, -592, -336, -135, 969, -89;
-31, 252, -19, -72, -574, -327, -123, 983, -77;
-29, 254, -17, -47, -561, -321, -115, 994, -68;
-26, 259, -13, -14, -540, -311, -102, 1010, -54;
-34, 251, -22, -56, -595, -338, -135, 979, -87;
-30, 255, -18, -18, -568, -325, -119, 998, -70;
-34, 252, -22, -33, -595, -338, -135, 984, -86;
-27, 260, -14, 22, -551, -316, -108, 1014, -57;
-30, 258, -17, 19, -565, -323, -117, 1007, -66;
-27, 261, -14, 44, -551, -316, -108, 1018, -57;
-29, 260, -15, 49, -558, -320, -113, 1016, -61;
-35, 255, -21, 22, -596, -339, -136, 994, -84;
-26, 264, -13, 86, -543, -312, -104, 1029, -51;
-29, 262, -15, 82, -557, -319, -113, 1022, -60;
-27, 264, -13, 105, -545, -313, -106, 1032, -52;
-34, 257, -20, 69, -592, -336, -135, 1004, -81;
-34, 258, -20, 84, -587, -334, -133, 1009, -78;
-25, 267, -11, 147, -534, -307, -101, 1043, -46;
-34, 259, -20, 106, -585, -333, -132, 1013, -78;
-25, 268, -11, 169, -531, -306, -100, 1048, -45;
-27, 267, -13, 170, -541, -310, -106, 1043, -51;
-34, 260, -20, 135, -584, -332, -134, 1017, -79;
-31, 264, -17, 164, -565, -322, -123, 1031, -67;
-27, 268, -13, 199, -540, -309, -108, 1047, -52;
-33, 263, -18, 175, -572, -326, -130, 1028, -73;
-30, 266, -16, 200, -556, -317, -120, 1039, -64;
-31, 266, -16, 209, -556, -317, -121, 1040, -65;
-34, 264, -19, 201, -572, -324, -132, 1030, -76;
-25, 273, -11, 264, -517, -297, -99, 1065, -43;
-34, 264, -20, 217, -572, -324, -135, 1031, -78;
-31, 268, -16, 248, -549, -313, -122, 1046, -65;
-27, 272, -13, 280, -524, -300, -108, 1061, -51;
-34, 266, -19, 250, -561, -318, -132, 1038, -76;
-23, 276, -9, 323, -496, -285, -93, 1079, -37;
-32, 268, -17, 280, -545, -310, -125, 1048, -69;
-23, 277, -9, 344, -489, -281, -91, 1083, -35;
-30, 271, -16, 310, -529, -301, -118, 1058, -62;
-23, 279, -8, 365, -480, -276, -89, 1088, -34;
-23, 279, -9, 372, -479, -275, -90, 1088, -35;
-30, 271, -16, 334, -524, -298, -120, 1060, -65;
-30, 272, -16, 343, -520, -295, -119, 1062, -64;
-25, 277, -11, 385, -483, -277, -99, 1084, -44;
-27, 275, -13, 379, -494, -282, -107, 1076, -53;
-29, 274, -15, 375, -504, -286, -115, 1069, -61;
-26, 277, -13, 401, -483, -275, -104, 1081, -50;
-24, 280, -10, 426, -462, -265, -93, 1093, -40;
-24, 279, -11, 428, -465, -266, -97, 1090, -44;
-21, 283, -7, 460, -437, -251, -82, 1106, -29;
-24, 280, -10, 448, -453, -259, -94, 1095, -42;
-20, 284, -7, 479, -425, -245, -79, 1110, -27;
-21, 283, -8, 477, -431, -247, -85, 1105, -33;
-23, 282, -10, 474, -437, -250, -91, 1100, -40;
-26, 279, -13, 464, -450, -256, -101, 1090, -51;
-22, 283, -9, 495, -422, -241, -86, 1106, -36;
-18, 287, -5, 528, -392, -226, -70, 1122, -21;
-27, 278, -14, 478, -445, -252, -105, 1087, -57;
-20, 285, -8, 523, -401, -230, -81, 1112, -33;
-20, 285, -8, 529, -398, -228, -81, 1112, -34;
-25, 281, -13, 507, -421, -239, -98, 1096, -51;
-25, 281, -13, 514, -416, -236, -98, 1096, -52;
-21, 285, -9, 543, -388, -221, -83, 1111, -38;
-23, 283, -11, 539, -393, -223, -89, 1105, -44;
-23, 283, -11, 544, -389, -221, -89, 1105, -45;
-14, 291, -3, 600, -333, -192, -58, 1137, -14;
-23, 283, -12, 550, -383, -217, -91, 1103, -49;
-19, 286, -8, 579, -354, -202, -76, 1118, -34;
-16, 290, -5, 607, -327, -188, -62, 1132, -21;
-16, 290, -5, 610, -323, -185, -63, 1132, -22;
-14, 292, -4, 626, -307, -177, -56, 1139, -16;
-15, 290, -5, 623, -309, -177, -60, 1134, -21;
-22, 284, -12, 585, -346, -195, -86, 1108, -48;
-12, 293, -3, 648, -281, -162, -49, 1145, -12;
-19, 286, -10, 607, -321, -182, -77, 1117, -41;
-18, 287, -9, 617, -309, -175, -73, 1120, -37;
-12, 293, -3, 659, -265, -153, -49, 1144, -14;
-17, 288, -8, 631, -290, -165, -67, 1124, -34;
-12, 293, -3, 667, -252, -145, -47, 1144, -14;
-11, 294, -3, 675, -242, -139, -44, 1147, -12;
-11, 293, -3, 674, -239, -137, -46, 1145, -15;
-9, 295, -2, 690, -221, -128, -38, 1152, -8;
-12, 292, -4, 676, -231, -132, -47, 1142, -18;
-12, 292, -5, 676, -228, -130, -49, 1139, -21;
-8, 295, -1, 701, -200, -115, -34, 1153, -7;
-11, 293, -4, 687, -210, -120, -44, 1142, -18;
-11, 293, -4, 689, -203, -116, -43, 1142, -18;
-10, 293, -4, 692, -196, -111, -42, 1142, -18;
-5, 297, 0, 724, -159, -93, -23, 1160, 0;
-10, 292, -5, 695, -183, -104, -41, 1141, -19;
-12, 291, -6, 687, -186, -105, -47, 1134, -26;
-7, 294, -2, 713, -155, -88, -31, 1149, -11;
-6, 296, -1, 725, -137, -79, -23, 1156, -4;
-11, 290, -6, 691, -165, -93, -44, 1133, -27;
-6, 295, -2, 723, -128, -73, -24, 1152, -8;
-8, 292, -4, 706, -138, -78, -34, 1140, -19;
-5, 295, -2, 725, -113, -64, -22, 1151, -8;
-7, 292, -4, 711, -120, -67, -30, 1142, -17;
-6, 294, -3, 720, -104, -59, -24, 1146, -12;
0, 299, 2, 758, -59, -36, 0, 1169, 10;
-1, 298, 1, 751, -59, -35, -3, 1164, 6;
-5, 294, -2, 724, -79, -44, -19, 1147, -10;
-5, 293, -3, 720, -75, -42, -21, 1144, -13;
-2, 295, -1, 734, -54, -30, -11, 1152, -4;
2, 300, 3, 766, -13, -10, 9, 1171, 15;
2, 300, 3, 764, -8, -6, 9, 1170, 14;
-4, 293, -3, 721, -42, -23, -15, 1142, -12;
-5, 291, -4, 709, -46, -24, -21, 1135, -19;
0, 297, 1, 746, 0, 0, 3, 1158, 4;
-3, 292, -3, 718, -19, -9, -12, 1140, -12;
-2, 292, -3, 717, -11, -4, -10, 1140, -11;
-3, 290, -4, 707, -11, -4, -14, 1134, -16;
-3, 290, -3, 708, -1, 1, -12, 1134, -15;
2, 295, 0, 736, 36, 20, 7, 1152, 3;
0, 293, 0, 724, 34, 20, 3, 1145, -2;
6, 299, 5, 759, 78, 43, 26, 1167, 20;
0, 292, -1, 713, 43, 26, 1, 1139, -6;
4, 296, 2, 736, 76, 43, 18, 1154, 9;
0, 290, -2, 700, 50, 31, -1, 1132, -11;
3, 293, 0, 718, 79, 46, 12, 1144, 1;
1, 291, -1, 704, 76, 45, 7, 1136, -4;
10, 299, 6, 751, 134, 74, 39, 1166, 26;
4, 293, 1, 711, 105, 61, 18, 1143, 3;
10, 297, 6, 740, 145, 81, 39, 1162, 23;
11, 298, 6, 741, 157, 88, 43, 1163, 26;
6, 292, 1, 705, 133, 76, 24, 1142, 6;
9, 295, 4, 718, 157, 89, 36, 1151, 17;
10, 296, 5, 721, 172, 97, 42, 1154, 22;
5, 290, 0, 681, 144, 84, 21, 1131, 0;
12, 296, 6, 717, 193, 109, 47, 1155, 25;
12, 295, 6, 711, 199, 113, 48, 1153, 25;
8, 291, 2, 682, 182, 105, 34, 1136, 10;
10, 292, 3, 685, 197, 113, 40, 1139, 15;
14, 295, 7, 704, 229, 129, 56, 1153, 30;
15, 296, 9, 706, 244, 137, 62, 1156, 35;
12, 292, 5, 677, 228, 130, 49, 1140, 21;
11, 290, 4, 663, 227, 130, 45, 1134, 16;
12, 291, 4, 662, 238, 136, 48, 1135, 18;
15, 293, 8, 675, 265, 150, 62, 1145, 31;
18, 295, 10, 682, 285, 161, 70, 1151, 39;
13, 289, 5, 644, 261, 149, 52, 1130, 19;
11, 287, 3, 624, 254, 147, 45, 1120, 11;
13, 288, 4, 630, 273, 157, 53, 1126, 19;
14, 288, 5, 627, 284, 163, 57, 1126, 22;
20, 293, 11, 653, 324, 183, 79, 1145, 43;
18, 291, 8, 632, 317, 180, 71, 1135, 34;
14, 286, 5, 601, 300, 172, 58, 1118, 20;
18, 290, 8, 617, 329, 188, 73, 1131, 34;
17, 288, 7, 602, 329, 188, 69, 1124, 30;
16, 285, 5, 581, 322, 185, 62, 1114, 22;
23, 292, 13, 620, 374, 212, 92, 1141, 51;
17, 285, 6, 569, 338, 194, 66, 1112, 24;
15, 282, 4, 548, 331, 191, 59, 1102, 16;
17, 284, 6, 552, 349, 201, 68, 1107, 24;
20, 286, 9, 561, 373, 213, 79, 1116, 35;
20, 285, 9, 553, 379, 216, 81, 1114, 36;
19, 283, 7, 536, 376, 215, 76, 1107, 30;
26, 289, 14, 568, 423, 240, 103, 1130, 56;
20, 283, 8, 524, 393, 225, 81, 1106, 34;
22, 284, 10, 524, 408, 233, 88, 1110, 41;
17, 278, 5, 481, 379, 219, 67, 1086, 19;
24, 285, 12, 517, 430, 245, 96, 1112, 48;
26, 285, 13, 515, 443, 252, 102, 1114, 53;
27, 286, 15, 514, 457, 259, 108, 1117, 58;
25, 283, 13, 492, 449, 255, 101, 1107, 50;
21, 278, 8, 451, 423, 243, 82, 1085, 31;
24, 280, 11, 459, 445, 254, 94, 1094, 43;
23, 279, 10, 446, 447, 256, 93, 1090, 41;
28, 283, 15, 467, 483, 274, 112, 1106, 60;
20, 274, 7, 404, 435, 250, 80, 1071, 28;
26, 279, 12, 427, 472, 269, 102, 1089, 48;
29, 281, 15, 434, 494, 281, 113, 1098, 60;
28, 280, 14, 420, 494, 281, 111, 1093, 57;
22, 272, 8, 367, 456, 262, 85, 1064, 31;
28, 278, 14, 393, 497, 283, 109, 1084, 54;
26, 276, 12, 374, 493, 281, 104, 1077, 50;
29, 277, 15, 378, 511, 291, 114, 1084, 59;
32, 280, 18, 385, 532, 302, 125, 1092, 70;
30, 277, 16, 364, 526, 299, 120, 1083, 64;
29, 276, 15, 346, 522, 297, 116, 1076, 60;
26, 272, 12, 315, 505, 289, 103, 1061, 48;
23, 268, 9, 283, 488, 281, 91, 1045, 35;
28, 272, 14, 302, 521, 298, 110, 1062, 54;
30, 273, 16, 305, 538, 307, 119, 1068, 63;
32, 274, 17, 303, 551, 313, 126, 1071, 69;
28, 270, 14, 268, 530, 303, 111, 1054, 55;
24, 265, 10, 233, 509, 292, 97, 1036, 40;
24, 264, 10, 219, 509, 293, 96, 1032, 39;
25, 264, 10, 212, 516, 296, 99, 1032, 42;
34, 273, 19, 256, 574, 326, 134, 1065, 77;
30, 268, 16, 221, 553, 315, 119, 1048, 63;
30, 267, 15, 206, 551, 315, 117, 1042, 61;
32, 269, 18, 209, 567, 323, 127, 1049, 70;
27, 263, 13, 165, 537, 308, 107, 1026, 51;
34, 269, 20, 198, 583, 331, 134, 1051, 79;
25, 260, 11, 130, 529, 304, 100, 1014, 44;
27, 261, 13, 132, 544, 312, 109, 1020, 53;
34, 267, 20, 163, 588, 334, 135, 1044, 80;
27, 259, 13, 106, 544, 312, 107, 1013, 52;
32, 264, 18, 125, 576, 328, 127, 1030, 72;
30, 261, 16, 102, 566, 323, 120, 1020, 65;
33, 263, 19, 105, 582, 331, 129, 1027, 75;
26, 255, 12, 49, 539, 310, 102, 997, 48;
32, 261, 19, 78, 580, 330, 127, 1019, 74;
29, 257, 15, 45, 559, 320, 113, 1004, 61;
31, 259, 18, 48, 574, 328, 123, 1010, 70;
28, 255, 15, 18, 556, 319, 112, 997, 60;
28, 254, 15, 4, 555, 318, 110, 993, 59;
36, 262, 23, 43, 605, 343, 141, 1022, 91;
35, 260, 22, 25, 599, 340, 138, 1016, 88;
29, 253, 16, -24, 560, 321, 114, 989, 64;
31, 255, 18, -22, 573, 327, 122, 995, 73;
32, 255, 19, -30, 577, 329, 124, 995, 76;
33, 256, 21, -32, 586, 334, 130, 998, 82;
33, 255, 21, -43, 586, 334, 131, 997, 83;
31, 252, 19, -70, 570, 326, 121, 985, 74;
30, 251, 19, -82, 568, 325, 120, 982, 74;
30, 250, 18, -98, 563, 322, 117, 977, 72;
28, 248, 17, -119, 552, 317, 111, 969, 67;
35, 254, 24, -88, 594, 337, 137, 993, 94;
35, 254, 24, -99, 592, 336, 137, 990, 94;
35, 253, 24, -111, 590, 335, 136, 987, 95;
27, 244, 16, -172, 539, 309, 105, 954, 65;
31, 248, 21, -153, 566, 323, 123, 970, 83;
31, 248, 21, -163, 566, 323, 124, 969, 85;
28, 244, 18, -194, 545, 312, 111, 955, 73;
31, 247, 22, -183, 564, 321, 124, 966, 87;
33, 248, 24, -185, 571, 324, 130, 969, 94;
29, 244, 20, -221, 544, 311, 114, 952, 79;
32, 247, 24, -209, 564, 321, 128, 964, 94;
32, 246, 24, -219, 562, 319, 127, 962, 95;
30, 243, 22, -245, 544, 310, 117, 951, 86;
31, 244, 23, -246, 551, 313, 123, 954, 92;
26, 238, 18, -291, 513, 294, 101, 931, 72;
30, 242, 22, -275, 536, 306, 117, 945, 88;
33, 245, 27, -260, 558, 317, 132, 959, 105;
27, 239, 20, -310, 516, 295, 107, 932, 81;
32, 243, 25, -289, 543, 308, 125, 950, 101;
26, 237, 20, -337, 502, 287, 101, 924, 78;
31, 242, 26, -309, 536, 304, 124, 946, 102;
31, 242, 26, -319, 532, 302, 124, 944, 103;
30, 240, 25, -334, 523, 297, 119, 939, 100;
23, 233, 19, -387, 476, 273, 92, 910, 74;
26, 236, 22, -375, 493, 282, 105, 922, 88;
27, 236, 23, -382, 491, 280, 105, 921, 90;
29, 238, 26, -374, 505, 287, 116, 931, 102;
29, 238, 26, -382, 502, 285, 116, 930, 103;
21, 229, 18, -443, 445, 256, 82, 895, 71;
20, 228, 18, -456, 437, 252, 80, 892, 70;
25, 233, 23, -433, 464, 265, 99, 910, 90;
20, 228, 19, -469, 432, 248, 81, 891, 74;
24, 232, 23, -452, 452, 258, 96, 905, 91;
23, 231, 22, -466, 442, 253, 92, 901, 88;
24, 231, 23, -469, 443, 253, 94, 903, 92;
19, 226, 19, -504, 410, 236, 77, 884, 76;
22, 229, 22, -496, 422, 241, 86, 893, 87;
18, 225, 19, -523, 397, 229, 73, 880, 76;
18, 225, 20, -529, 393, 226, 73, 880, 78;
20, 227, 22, -525, 399, 229, 80, 885, 86;
17, 223, 19, -553, 373, 215, 66, 872, 74;
23, 230, 26, -517, 411, 234, 92, 897, 101;
17, 223, 20, -562, 368, 212, 68, 873, 79;
19, 225, 22, -556, 375, 215, 75, 880, 88;
20, 227, 24, -552, 380, 217, 81, 885, 95;
24, 231, 29, -532, 401, 227, 97, 901, 113;
20, 226, 25, -565, 368, 210, 79, 884, 97;
18, 224, 23, -584, 350, 200, 71, 875, 90;
15, 221, 21, -605, 329, 189, 61, 865, 82;
22, 228, 28, -566, 368, 208, 88, 892, 111;
20, 227, 27, -581, 352, 200, 81, 885, 106;
23, 229, 30, -571, 361, 204, 90, 894, 117;
14, 220, 21, -629, 303, 174, 56, 861, 85;
15, 221, 22, -629, 301, 173, 58, 863, 89;
12, 219, 21, -647, 282, 163, 49, 855, 82;
20, 226, 28, -605, 323, 183, 78, 884, 113;
11, 218, 20, -662, 264, 152, 44, 851, 80;
15, 222, 25, -638, 286, 163, 61, 868, 99;
14, 221, 24, -650, 271, 155, 56, 863, 95;
13, 220, 24, -659, 260, 149, 52, 859, 93;
19, 226, 30, -625, 292, 164, 75, 883, 119;
10, 218, 22, -681, 233, 134, 42, 850, 87;
8, 216, 20, -697, 214, 124, 33, 843, 80;
10, 217, 22, -689, 218, 126, 39, 849, 88;
8, 216, 21, -700, 204, 118, 34, 845, 85;
12, 221, 26, -675, 225, 128, 50, 862, 103;
7, 216, 21, -709, 187, 109, 30, 843, 85;
15, 223, 29, -664, 228, 128, 59, 872, 116;
8, 216, 23, -710, 177, 102, 31, 845, 90;
6, 215, 21, -721, 161, 94, 24, 840, 85;
9, 218, 25, -705, 172, 99, 35, 851, 97;
13, 223, 30, -676, 197, 110, 53, 871, 118;
9, 219, 26, -706, 162, 92, 35, 854, 102;
8, 219, 26, -708, 154, 88, 34, 854, 103;
4, 215, 22, -735, 122, 71, 17, 839, 88;
5, 216, 24, -726, 124, 72, 22, 845, 95;
11, 222, 30, -693, 151, 84, 42, 867, 117;
6, 218, 26, -719, 119, 67, 26, 852, 103;
7, 219, 27, -714, 117, 66, 29, 856, 107;
5, 217, 26, -726, 98, 56, 20, 849, 101;
5, 218, 26, -725, 93, 52, 21, 851, 103;
8, 221, 30, -705, 105, 58, 32, 864, 117;
5, 219, 28, -719, 84, 47, 23, 856, 109;
5, 219, 27, -721, 74, 41, 20, 855, 109;
6, 220, 29, -713, 74, 41, 24, 860, 114;
6, 221, 30, -707, 72, 39, 26, 864, 118;
4, 220, 29, -717, 54, 29, 19, 858, 113;
-1, 214, 23, -752, 11, 7, -4, 837, 92;
-2, 214, 23, -756, 0, 0, -7, 835, 90;
1, 218, 27, -731, 14, 8, 5, 850, 105;
2, 219, 28, -720, 17, 8, 10, 857, 112;
-2, 214, 23, -751, -22, -12, -10, 838, 93;
1, 219, 28, -724, -4, -3, 4, 855, 110;
-4, 213, 22, -757, -47, -25, -18, 834, 88;
-2, 216, 25, -741, -40, -22, -10, 844, 98;
-6, 213, 21, -761, -70, -38, -25, 831, 85;
-2, 217, 26, -732, -52, -30, -10, 848, 102;
0, 221, 30, -708, -38, -23, 1, 863, 117;
0, 222, 30, -702, -42, -26, 2, 866, 119;
-6, 215, 23, -746, -96, -54, -27, 838, 91;
-8, 214, 22, -748, -110, -61, -31, 836, 88;
-2, 221, 29, -706, -78, -46, -8, 862, 114;
-8, 214, 22, -743, -126, -71, -34, 837, 89;
-6, 218, 26, -722, -116, -66, -24, 850, 101;
-10, 214, 22, -742, -148, -83, -40, 836, 87;
-7, 218, 25, -717, -134, -76, -28, 850, 100;
-8, 217, 25, -718, -146, -83, -33, 849, 98;
-11, 215, 23, -728, -168, -95, -43, 841, 90;
-10, 216, 24, -719, -171, -97, -41, 846, 93;
-5, 222, 29, -683, -147, -85, -22, 867, 114;
-6, 222, 29, -680, -156, -90, -24, 867, 113;
-13, 215, 22, -721, -209, -117, -54, 840, 86;
-11, 218, 24, -700, -200, -114, -45, 852, 96;
-8, 222, 28, -673, -186, -107, -33, 867, 110;
-10, 220, 26, -679, -204, -117, -41, 861, 104;
-8, 223, 28, -661, -199, -115, -34, 870, 112;
-14, 217, 23, -692, -243, -137, -58, 849, 90;
-10, 223, 28, -656, -220, -127, -40, 870, 109;
-11, 222, 27, -655, -231, -133, -44, 869, 107;
-12, 222, 26, -652, -242, -139, -47, 868, 105;
-12, 223, 27, -646, -249, -143, -48, 870, 106;
-13, 222, 26, -644, -261, -149, -52, 869, 103;
-14, 222, 25, -645, -274, -157, -58, 866, 99;
-19, 218, 21, -666, -310, -175, -76, 851, 82;
-17, 221, 23, -642, -300, -170, -67, 863, 93;
-12, 226, 28, -605, -276, -159, -49, 884, 112;
-15, 224, 26, -615, -299, -171, -60, 875, 102;
-14, 225, 27, -601, -300, -172, -58, 881, 106;
-21, 220, 21, -635, -347, -196, -84, 858, 81;
-20, 221, 22, -618, -345, -196, -79, 865, 87;
-22, 220, 20, -622, -363, -205, -87, 860, 80;
-23, 220, 20, -616, -371, -210, -90, 861, 80;
-22, 221, 21, -606, -375, -212, -89, 864, 81;
-23, 221, 20, -600, -383, -217, -91, 865, 80;
-19, 226, 25, -564, -362, -207, -75, 884, 98;
-17, 229, 26, -545, -357, -205, -69, 893, 105;
-17, 229, 27, -535, -361, -207, -69, 896, 106;
-22, 225, 22, -555, -396, -225, -88, 880, 88;
-24, 224, 21, -558, -413, -234, -96, 875, 82;
-24, 225, 21, -546, -416, -236, -95, 879, 83;
-23, 227, 22, -531, -415, -236, -92, 885, 87;
-19, 232, 27, -493, -392, -225, -75, 905, 106;
-19, 233, 27, -482, -395, -227, -74, 909, 107;
-27, 226, 19, -521, -449, -254, -106, 881, 77;
-20, 233, 26, -470, -413, -237, -80, 909, 103;
-21, 233, 25, -465, -422, -242, -84, 909, 101;
-27, 227, 20, -491, -463, -263, -107, 889, 78;
-28, 227, 19, -488, -475, -269, -112, 887, 74;
-27, 229, 20, -470, -472, -268, -108, 894, 79;
-21, 236, 27, -418, -434, -249, -82, 923, 106;
-29, 229, 19, -458, -489, -277, -114, 894, 75;
-26, 233, 22, -429, -474, -270, -103, 908, 87;
-25, 235, 24, -408, -468, -268, -97, 917, 93;
-30, 230, 18, -431, -506, -287, -118, 899, 73;
-25, 236, 23, -391, -480, -274, -100, 920, 91;
-28, 234, 21, -395, -498, -284, -110, 914, 82;
-24, 239, 25, -359, -477, -273, -95, 932, 98;
-29, 234, 20, -381, -514, -292, -115, 914, 78;
-22, 242, 27, -324, -471, -271, -87, 945, 106;
-23, 242, 26, -319, -481, -277, -92, 944, 103;
-26, 240, 24, -323, -499, -286, -101, 937, 94;
-27, 239, 22, -323, -514, -293, -109, 933, 87;
-32, 235, 18, -338, -543, -308, -125, 919, 70;
-31, 237, 19, -322, -541, -308, -123, 925, 74;
-23, 245, 26, -261, -495, -285, -92, 958, 104;
-32, 237, 18, -305, -553, -314, -127, 927, 70;
-28, 243, 22, -264, -526, -301, -109, 947, 88;
-29, 242, 21, -261, -537, -307, -115, 945, 83;
-30, 242, 20, -255, -545, -311, -118, 944, 80;
-34, 239, 16, -266, -570, -323, -132, 933, 65;
-31, 242, 19, -238, -556, -317, -122, 946, 75;
-33, 240, 17, -241, -573, -325, -132, 939, 66;
-29, 246, 21, -199, -544, -311, -113, 961, 85;
-31, 245, 19, -200, -559, -319, -121, 956, 77;
-26, 250, 24, -157, -529, -304, -102, 978, 96;
-33, 244, 18, -187, -573, -326, -128, 954, 70;
-29, 249, 21, -151, -550, -315, -113, 972, 85;
-33, 245, 17, -165, -577, -329, -129, 959, 69;
-30, 249, 20, -137, -563, -321, -119, 971, 78;
-28, 252, 22, -110, -548, -314, -110, 983, 88;
-34, 246, 16, -139, -590, -335, -135, 961, 62;
-31, 250, 19, -106, -571, -326, -123, 976, 75;
-31, 250, 19, -95, -572, -327, -123, 978, 74;
-36, 247, 14, -112, -601, -341, -141, 963, 56;
-30, 253, 20, -62, -564, -322, -117, 989, 79;
-35, 249, 15, -82, -596, -339, -137, 972, 59;
-30, 254, 19, -42, -569, -325, -119, 992, 76;
-28, 257, 21, -17, -556, -318, -111, 1003, 84;
-32, 254, 17, -29, -580, -331, -126, 991, 69;
-30, 256, 19, -4, -566, -324, -117, 1001, 77;
-30, 257, 19, 7, -566, -324, -117, 1004, 76;
-32, 255, 16, 1, -583, -332, -128, 996, 65;
-35, 253, 13, -5, -601, -341, -139, 987, 53;
-28, 261, 20, 52, -555, -318, -111, 1018, 81;
-28, 261, 20, 63, -555, -318, -111, 1020, 80;
-32, 257, 16, 47, -581, -331, -128, 1005, 63;
-32, 259, 16, 63, -577, -329, -125, 1010, 64;
-27, 264, 20, 102, -548, -315, -108, 1030, 81;
-26, 266, 22, 123, -537, -309, -101, 1038, 86;
-33, 259, 14, 89, -582, -331, -129, 1012, 58;
-26, 267, 21, 146, -536, -308, -101, 1042, 85;
-34, 259, 13, 105, -586, -333, -133, 1012, 52;
-31, 262, 15, 131, -570, -325, -124, 1024, 60;
-29, 265, 17, 155, -556, -318, -116, 1034, 67;
-32, 262, 14, 146, -574, -327, -128, 1024, 54;
-30, 265, 16, 173, -556, -318, -118, 1036, 63;
-33, 263, 12, 164, -575, -327, -130, 1025, 50;
-28, 268, 17, 206, -542, -310, -110, 1047, 68;
-31, 265, 14, 195, -560, -319, -123, 1036, 54;
-31, 266, 13, 207, -558, -318, -123, 1038, 54;
-32, 266, 12, 212, -560, -319, -125, 1037, 50;
-26, 272, 18, 259, -522, -299, -103, 1062, 71;
-31, 267, 13, 238, -551, -314, -122, 1044, 51;
-26, 273, 17, 279, -518, -297, -102, 1065, 69;
-26, 273, 17, 288, -516, -296, -103, 1066, 67;
-28, 271, 15, 285, -526, -301, -110, 1060, 58;
-25, 275, 17, 315, -503, -289, -98, 1074, 70;
-31, 269, 11, 286, -540, -307, -122, 1052, 44;
-30, 270, 11, 298, -534, -304, -120, 1055, 45;
-25, 276, 16, 341, -497, -285, -99, 1078, 64;
-32, 269, 9, 307, -539, -306, -126, 1052, 35;
-27, 275, 14, 349, -503, -287, -105, 1073, 54;
-28, 274, 12, 350, -507, -289, -110, 1070, 49;
-30, 272, 10, 345, -517, -294, -118, 1063, 39;
-27, 275, 12, 372, -496, -283, -107, 1075, 48;
-31, 271, 7, 354, -520, -295, -123, 1060, 30;
-25, 278, 13, 402, -477, -273, -99, 1086, 53;
-22, 282, 16, 431, -453, -260, -85, 1100, 64;
-26, 277, 11, 410, -478, -273, -103, 1083, 45;
-21, 282, 15, 447, -445, -256, -85, 1102, 61;
-27, 277, 9, 420, -477, -271, -107, 1081, 38;
-21, 283, 14, 463, -438, -251, -84, 1104, 58;
-24, 280, 11, 452, -453, -258, -96, 1093, 45;
-28, 276, 7, 434, -474, -269, -111, 1079, 27;
-23, 281, 11, 472, -439, -251, -92, 1098, 44;
-22, 283, 12, 488, -426, -244, -87, 1105, 48;
-21, 283, 12, 498, -420, -240, -85, 1107, 48;
-23, 282, 10, 494, -426, -243, -91, 1101, 40;
-19, 286, 13, 523, -399, -229, -77, 1116, 52;
-26, 280, 6, 491, -434, -246, -101, 1092, 25;
-17, 289, 15, 552, -374, -216, -66, 1127, 58;
-17, 288, 13, 555, -373, -215, -68, 1126, 54;
-24, 282, 6, 520, -409, -232, -94, 1100, 26;
-26, 280, 4, 513, -418, -236, -102, 1092, 16;
-18, 288, 11, 569, -363, -208, -71, 1124, 45;
-24, 282, 5, 537, -395, -224, -93, 1101, 20;
-21, 285, 7, 558, -375, -213, -83, 1111, 28;
-24, 282, 3, 545, -389, -220, -95, 1100, 14;
-22, 283, 4, 559, -375, -212, -89, 1106, 18;
-18, 288, 8, 594, -340, -194, -70, 1124, 34;
-17, 288, 8, 601, -332, -190, -69, 1126, 34;
-17, 289, 8, 609, -324, -185, -66, 1128, 34;
-18, 288, 6, 605, -327, -186, -71, 1123, 26;
-14, 291, 10, 633, -297, -171, -56, 1138, 39;
-16, 290, 7, 626, -303, -173, -63, 1131, 30;
-17, 288, 5, 620, -308, -175, -69, 1124, 22;
-12, 293, 10, 656, -270, -156, -48, 1145, 40;
-11, 294, 10, 666, -258, -149, -44, 1149, 42;
-10, 294, 10, 672, -250, -144, -42, 1150, 41;
-15, 289, 5, 644, -276, -157, -61, 1130, 19;
-14, 290, 5, 654, -263, -150, -57, 1134, 22;
-18, 286, 1, 632, -282, -159, -72, 1118, 4;
-14, 291, 4, 662, -248, -141, -54, 1135, 19;
-17, 287, 1, 646, -262, -147, -66, 1123, 5;
-10, 294, 7, 689, -215, -123, -40, 1148, 28;
-13, 291, 4, 675, -225, -128, -50, 1137, 15;
-8, 296, 8, 706, -191, -110, -32, 1154, 31;
-11, 292, 4, 689, -203, -116, -43, 1142, 17;
-6, 296, 8, 716, -171, -99, -27, 1158, 31;
-11, 291, 2, 687, -195, -111, -45, 1138, 10;
-6, 296, 7, 720, -158, -92, -26, 1156, 27;
-9, 293, 3, 700, -173, -98, -38, 1143, 12;
-10, 291, 1, 695, -173, -98, -42, 1138, 6;
-11, 291, 0, 692, -170, -96, -44, 1135, 1;
-8, 293, 2, 710, -147, -83, -33, 1145, 10;
-12, 289, -1, 687, -163, -91, -46, 1130, -6;
-3, 298, 6, 741, -104, -60, -13, 1162, 24;
-5, 295, 3, 727, -111, -64, -21, 1152, 13;
-8, 292, 0, 709, -122, -68, -32, 1140, 0;
-2, 297, 4, 742, -83, -48, -11, 1160, 18;
-4, 295, 2, 731, -86, -49, -17, 1153, 10;
-8, 291, -2, 704, -106, -59, -33, 1135, -9;
-7, 291, -2, 708, -95, -52, -30, 1137, -8;
-7, 291, -2, 710, -86, -47, -27, 1137, -8;
-7, 290, -3, 705, -83, -45, -29, 1134, -13;
-1, 295, 1, 738, -41, -24, -7, 1154, 5;
-2, 294, 0, 732, -39, -22, -9, 1150, 0;
-1, 295, 0, 736, -27, -15, -6, 1152, 2;
-3, 292, -2, 720, -34, -18, -14, 1142, -8;
-3, 292, -3, 717, -29, -15, -14, 1140, -11;