-5, 303, 8, -47, 772, -31, -19, 1184, 31;
-3, 303, 7, -23, 770, -32, -15, 1183, 30;
7, 313, 18, 98, 867, 32, 29, 1223, 71;
1, 306, 10, 54, 797, -13, 5, 1195, 42;
4, 308, 13, 100, 817, 1, 19, 1203, 51;
3, 305, 10, 96, 786, -17, 11, 1191, 39;
2, 303, 8, 100, 763, -31, 8, 1182, 31;
4, 303, 8, 132, 767, -26, 15, 1184, 34;
4, 302, 8, 150, 757, -30, 17, 1180, 32;
9, 305, 11, 206, 784, -9, 35, 1192, 44;
10, 306, 12, 235, 784, -6, 41, 1193, 47;
10, 303, 10, 241, 761, -17, 39, 1185, 39;
16, 308, 15, 315, 805, 15, 64, 1204, 60;
13, 304, 11, 304, 765, -7, 54, 1188, 46;
15, 304, 11, 327, 758, -7, 58, 1186, 46;
15, 303, 11, 344, 744, -11, 60, 1182, 43;
13, 299, 8, 340, 709, -29, 53, 1168, 32;
22, 306, 16, 435, 773, 18, 87, 1197, 62;
25, 308, 18, 476, 783, 31, 99, 1202, 70;
23, 304, 14, 468, 744, 10, 91, 1187, 57;
23, 302, 13, 480, 725, 4, 91, 1181, 53;
21, 298, 10, 470, 683, -16, 82, 1165, 40;
19, 296, 8, 471, 652, -29, 77, 1154, 32;
30, 305, 18, 583, 733, 31, 119, 1190, 70;
27, 299, 13, 561, 678, 2, 105, 1169, 52;
25, 296, 10, 556, 641, -14, 98, 1155, 41;
27, 296, 11, 585, 637, -8, 106, 1156, 45;
27, 295, 11, 600, 621, -11, 108, 1151, 44;
31, 296, 13, 642, 631, 4, 121, 1158, 53;
28, 292, 9, 625, 581, -19, 109, 1139, 38;
27, 289, 7, 625, 549, -32, 105, 1128, 30;
33, 294, 13, 696, 588, 3, 131, 1147, 53;
30, 289, 9, 678, 538, -20, 119, 1128, 38;
31, 288, 9, 695, 524, -19, 123, 1125, 38;
38, 293, 15, 765, 562, 16, 148, 1143, 60;
32, 285, 9, 719, 484, -25, 125, 1114, 35;
37, 289, 13, 779, 512, 4, 146, 1128, 53;
38, 288, 13, 793, 495, 3, 149, 1123, 53;
35, 283, 10, 778, 448, -16, 139, 1107, 40;
43, 290, 17, 861, 500, 29, 170, 1131, 69;
34, 279, 8, 785, 394, -30, 136, 1090, 32;
37, 280, 9, 812, 391, -20, 144, 1092, 38;
38, 279, 10, 835, 383, -13, 151, 1091, 42;
44, 283, 15, 895, 413, 18, 173, 1107, 62;
42, 280, 13, 886, 374, 4, 166, 1094, 53;
38, 274, 8, 847, 306, -28, 148, 1069, 33;
39, 273, 9, 866, 296, -22, 153, 1068, 36;
40, 273, 10, 884, 286, -16, 159, 1067, 40;
46, 277, 15, 940, 313, 14, 180, 1081, 59;
44, 273, 13, 927, 272, 0, 172, 1067, 50;
43, 271, 11, 921, 239, -9, 168, 1057, 45;
42, 268, 10, 914, 205, -18, 164, 1046, 39;
42, 267, 10, 923, 187, -17, 166, 1042, 40;
47, 270, 15, 975, 214, 13, 186, 1056, 59;
44, 266, 12, 951, 164, -6, 175, 1039, 47;
48, 268, 15, 991, 178, 16, 190, 1048, 61;
44, 262, 10, 948, 111, -14, 172, 1024, 42;
44, 261, 10, 951, 90, -15, 172, 1018, 41;
44, 260, 10, 957, 72, -13, 173, 1014, 42;
43, 258, 10, 952, 44, -18, 171, 1006, 39;
48, 261, 15, 999, 69, 12, 190, 1020, 58;
46, 257, 12, 978, 26, -2, 181, 1005, 49;
41, 251, 7, 935, -37, -31, 163, 982, 31;
45, 254, 11, 971, -21, -7, 178, 992, 46;
42, 249, 8, 936, -77, -30, 164, 973, 31;
51, 257, 17, 1027, -5, 30, 202, 1006, 69;
46, 250, 12, 971, -80, -5, 179, 978, 47;
41, 245, 8, 932, -137, -30, 163, 958, 32;
49, 252, 16, 1006, -81, 21, 194, 985, 64;
42, 243, 8, 930, -173, -26, 164, 950, 34;
43, 243, 10, 939, -180, -17, 169, 950, 39;
45, 244, 12, 957, -177, -2, 177, 955, 49;
41, 240, 9, 919, -230, -24, 163, 936, 35;
41, 238, 8, 909, -253, -26, 160, 930, 34;
42, 239, 10, 921, -254, -14, 167, 933, 42;
48, 244, 17, 973, -214, 25, 190, 952, 66;
39, 234, 8, 882, -317, -30, 154, 913, 32;
41, 235, 10, 897, -313, -14, 162, 918, 42;
40, 233, 10, 883, -337, -17, 158, 911, 40;
38, 230, 8, 856, -373, -28, 149, 899, 32;
41, 233, 12, 884, -354, -3, 163, 910, 48;
46, 237, 17, 921, -325, 27, 181, 925, 68;
40, 231, 12, 860, -392, -4, 158, 901, 47;
45, 235, 18, 902, -357, 31, 179, 918, 70;
40, 229, 13, 844, -420, 0, 157, 895, 51;
37, 225, 10, 806, -463, -16, 144, 880, 40;
39, 227, 13, 817, -456, 0, 152, 886, 51;
35, 222, 9, 772, -504, -20, 137, 869, 38;
34, 222, 10, 760, -517, -18, 135, 866, 39;
36, 223, 12, 768, -511, -3, 142, 871, 48;
39, 226, 16, 787, -493, 19, 153, 882, 63;
38, 224, 15, 768, -511, 18, 149, 877, 62;
30, 216, 8, 685, -593, -26, 118, 845, 34;
28, 215, 7, 660, -616, -31, 112, 838, 31;
31, 217, 11, 673, -600, -11, 121, 847, 43;
34, 220, 15, 696, -574, 15, 135, 861, 60;
27, 213, 9, 621, -645, -22, 108, 833, 36;
30, 216, 12, 634, -627, -1, 117, 843, 49;
26, 212, 9, 586, -668, -20, 102, 828, 38;
31, 217, 15, 621, -627, 15, 121, 847, 60;
29, 216, 15, 596, -644, 12, 115, 842, 58;
25, 212, 11, 546, -686, -7, 99, 827, 46;
29, 216, 17, 574, -649, 24, 115, 844, 66;
29, 216, 17, 558, -655, 28, 113, 843, 68;
24, 211, 13, 499, -704, 2, 94, 825, 52;
17, 205, 8, 428, -764, -30, 69, 802, 31;
25, 213, 17, 489, -690, 24, 99, 834, 66;
22, 211, 15, 448, -718, 12, 87, 824, 58;
22, 211, 15, 431, -721, 16, 86, 824, 61;
16, 206, 11, 369, -770, -10, 65, 805, 44;
19, 210, 15, 385, -738, 15, 77, 820, 60;
19, 210, 16, 366, -741, 18, 74, 820, 62;
10, 202, 8, 271, -820, -29, 40, 788, 32;
13, 205, 12, 287, -787, -3, 52, 803, 48;
16, 209, 16, 299, -758, 20, 62, 816, 63;
12, 206, 13, 252, -785, 5, 49, 805, 54;
9, 204, 12, 211, -807, -5, 37, 797, 47;
8, 204, 12, 187, -811, -5, 33, 796, 47;
6, 203, 11, 154, -824, -11, 24, 792, 43;
4, 201, 10, 121, -836, -17, 16, 787, 40;
10, 209, 17, 168, -767, 30, 41, 816, 69;
5, 205, 13, 106, -807, 5, 21, 800, 54;
0, 200, 9, 37, -854, -24, -1, 781, 35;
1, 202, 11, 37, -830, -8, 4, 791, 45;
-1, 201, 10, -3, -847, -18, -6, 784, 39;
-4, 199, 8, -45, -865, -30, -18, 777, 32;
1, 206, 15, 0, -794, 16, 5, 806, 61;
-5, 200, 9, -82, -851, -22, -22, 782, 37;
-1, 206, 15, -53, -797, 13, -5, 805, 59;
0, 208, 17, -58, -775, 26, -1, 813, 67;
-5, 205, 13, -114, -804, 5, -19, 801, 54;
-9, 202, 11, -166, -828, -12, -35, 790, 43;
-8, 204, 12, -173, -808, -1, -32, 798, 50;
-10, 203, 11, -209, -816, -8, -42, 794, 45;
-9, 206, 13, -212, -790, 5, -37, 804, 54;
-6, 210, 18, -197, -746, 31, -25, 822, 70;
-15, 203, 10, -289, -809, -13, -58, 795, 42;
-19, 201, 7, -339, -830, -31, -74, 785, 31;
-11, 210, 16, -279, -739, 24, -43, 822, 66;
-17, 205, 11, -353, -784, -9, -69, 802, 44;
-12, 212, 17, -316, -716, 30, -48, 829, 69;
-15, 211, 16, -357, -726, 18, -60, 823, 62;
-23, 205, 9, -442, -780, -23, -90, 800, 36;
-17, 212, 16, -402, -709, 18, -68, 828, 62;
-26, 205, 8, -495, -771, -28, -102, 800, 32;
-25, 207, 10, -499, -744, -17, -99, 810, 40;
-22, 212, 14, -483, -696, 7, -87, 828, 55;
-25, 210, 11, -527, -708, -7, -100, 822, 46;
-21, 216, 16, -501, -650, 23, -85, 844, 65;
-30, 209, 9, -592, -709, -23, -118, 817, 36;
-32, 209, 7, -626, -711, -31, -127, 815, 31;
-33, 210, 8, -640, -693, -28, -129, 820, 33;
-31, 213, 10, -639, -660, -14, -124, 832, 41;
-34, 212, 9, -670, -659, -23, -133, 830, 36;
-34, 214, 10, -680, -637, -17, -132, 837, 40;
-28, 221, 16, -639, -563, 22, -111, 865, 64;
-34, 217, 11, -703, -595, -7, -133, 850, 46;
-30, 223, 16, -679, -539, 19, -120, 870, 62;
-39, 216, 8, -771, -599, -30, -154, 843, 32;
-33, 224, 15, -722, -518, 12, -130, 874, 59;
-31, 228, 18, -710, -475, 31, -121, 889, 70;
-38, 222, 11, -788, -521, -9, -150, 867, 44;
-42, 220, 8, -834, -536, -30, -166, 858, 31;
-36, 227, 14, -787, -458, 10, -143, 888, 57;
-34, 232, 17, -772, -412, 29, -133, 904, 69;
-40, 227, 12, -835, -444, -3, -157, 888, 48;
-38, 231, 14, -828, -406, 10, -150, 901, 57;
-39, 232, 14, -840, -388, 10, -153, 905, 57;
-46, 226, 7, -915, -433, -31, -181, 884, 31;
-43, 231, 12, -888, -376, -6, -167, 904, 47;
-42, 234, 13, -888, -347, 1, -165, 913, 51;
-47, 230, 8, -945, -375, -30, -186, 899, 32;
-44, 235, 12, -915, -317, -3, -172, 920, 48;
-42, 238, 14, -909, -283, 6, -167, 931, 54;
-40, 242, 16, -893, -238, 22, -158, 946, 65;
-44, 240, 13, -931, -249, 2, -173, 938, 52;
-41, 244, 16, -911, -201, 21, -162, 955, 64;
-44, 243, 13, -942, -207, 4, -174, 949, 53;
-45, 244, 13, -954, -193, 0, -177, 952, 51;
-48, 242, 10, -988, -200, -18, -190, 945, 39;
-49, 243, 9, -997, -184, -20, -193, 948, 38;
-47, 246, 12, -979, -142, -6, -184, 963, 47;
-48, 247, 11, -992, -130, -12, -189, 964, 43;
-48, 248, 10, -997, -112, -13, -190, 968, 42;
-48, 250, 11, -991, -83, -7, -187, 977, 46;
-43, 256, 16, -951, -21, 19, -170, 999, 63;
-45, 255, 14, -969, -17, 8, -177, 997, 56;
-48, 253, 11, -1001, -27, -11, -190, 990, 43;
-52, 251, 7, -1032, -38, -32, -203, 982, 30;
-42, 263, 17, -937, 76, 30, -164, 1026, 69;
-45, 261, 14, -966, 66, 10, -176, 1019, 57;
-46, 261, 13, -976, 75, 2, -181, 1019, 52;
-42, 266, 17, -940, 129, 24, -166, 1038, 66;
-47, 263, 12, -979, 107, -3, -183, 1025, 48;
-47, 263, 11, -982, 121, -7, -185, 1028, 46;
-49, 262, 9, -999, 119, -22, -194, 1024, 36;
-50, 262, 8, -1004, 131, -28, -197, 1025, 33;
-49, 264, 9, -991, 158, -23, -193, 1033, 36;
-43, 272, 15, -929, 233, 13, -168, 1061, 59;
-41, 274, 16, -912, 264, 20, -163, 1070, 63;
-39, 277, 18, -887, 301, 32, -154, 1082, 70;
-48, 269, 8, -968, 232, -27, -189, 1050, 34;
-39, 279, 17, -876, 334, 28, -153, 1090, 68;
-42, 277, 14, -897, 323, 8, -164, 1082, 56;
-43, 277, 12, -904, 326, -2, -169, 1080, 49;
-44, 276, 10, -912, 326, -15, -175, 1077, 41;
-43, 278, 11, -895, 351, -10, -170, 1084, 44;
-36, 285, 17, -824, 429, 28, -143, 1113, 68;
-41, 281, 12, -858, 401, -1, -160, 1099, 49;
-38, 285, 15, -821, 443, 14, -148, 1113, 60;
-42, 282, 10, -853, 416, -15, -164, 1099, 41;
-34, 289, 17, -777, 495, 26, -136, 1129, 67;
-39, 285, 11, -817, 458, -9, -155, 1111, 44;
-33, 291, 17, -750, 528, 25, -131, 1137, 66;
-40, 285, 9, -807, 472, -22, -158, 1111, 36;
-37, 288, 11, -769, 510, -7, -146, 1125, 46;
-36, 289, 11, -755, 524, -8, -143, 1128, 45;
-33, 292, 13, -717, 561, 5, -132, 1140, 54;
-34, 291, 12, -716, 560, -5, -135, 1138, 47;
-37, 289, 8, -730, 543, -26, -145, 1128, 34;
-34, 292, 10, -692, 578, -12, -133, 1140, 42;
-28, 298, 16, -623, 642, 20, -109, 1165, 63;
-25, 300, 17, -594, 667, 28, -101, 1172, 68;
-28, 297, 13, -612, 643, 3, -113, 1160, 53;
-27, 299, 14, -583, 665, 9, -105, 1167, 56;
-25, 301, 15, -555, 686, 15, -98, 1174, 60;
-23, 302, 15, -531, 701, 17, -93, 1178, 62;
-24, 301, 13, -529, 694, 5, -96, 1174, 54;
-27, 297, 9, -546, 667, -20, -108, 1160, 38;
-19, 305, 16, -459, 743, 23, -77, 1190, 65;
-17, 307, 17, -427, 764, 30, -69, 1197, 70;
-25, 298, 8, -490, 689, -25, -100, 1165, 34;
-21, 302, 12, -439, 728, -6, -83, 1179, 47;
-21, 301, 10, -427, 725, -13, -84, 1177, 42;
-22, 300, 9, -420, 718, -23, -86, 1172, 36;
-16, 306, 14, -351, 772, 7, -63, 1194, 55;
-14, 307, 15, -318, 789, 13, -54, 1199, 59;
-10, 310, 17, -275, 816, 26, -42, 1209, 67;
-11, 308, 15, -268, 806, 15, -44, 1204, 60;
-17, 301, 8, -315, 741, -31, -69, 1176, 31;
-11, 307, 13, -239, 798, 3, -43, 1199, 52;
-6, 311, 17, -178, 841, 28, -23, 1216, 68;
-14, 302, 7, -244, 755, -31, -56, 1179, 31;
-12, 303, 8, -211, 767, -26, -48, 1184, 34;
-5, 310, 15, -128, 829, 12, -19, 1209, 58;
-6, 307, 12, -125, 810, -1, -24, 1201, 49;
-5, 307, 12, -105, 808, -4, -21, 1200, 48;
-7, 304, 9, -110, 781, -24, -28, 1188, 35;
1, 312, 16, -14, 853, 23, 5, 1218, 65;
-4, 305, 9, -58, 786, -22, -18, 1189, 37;
-4, 303, 8, -44, 775, -29, -18, 1185, 32;
2, 310, 14, 41, 836, 11, 11, 1210, 58;
5, 311, 16, 79, 848, 20, 21, 1216, 63;
6, 311, 15, 100, 844, 17, 24, 1214, 62;
4, 308, 13, 98, 815, 0, 18, 1202, 50;
5, 307, 12, 116, 806, -4, 20, 1199, 47;
3, 304, 9, 112, 774, -23, 12, 1186, 36;
13, 312, 17, 218, 853, 30, 51, 1219, 70;
12, 310, 15, 221, 828, 16, 47, 1210, 61;
11, 308, 14, 233, 811, 8, 46, 1203, 56;
13, 308, 14, 257, 806, 8, 50, 1202, 56;
10, 304, 10, 244, 764, -16, 40, 1186, 40;
14, 307, 13, 298, 789, 4, 57, 1197, 53;
17, 308, 15, 337, 797, 14, 67, 1202, 59;
18, 307, 15, 360, 790, 14, 71, 1200, 59;
20, 308, 16, 392, 792, 20, 80, 1202, 63;
15, 301, 10, 357, 726, -18, 60, 1176, 39;
19, 303, 12, 404, 743, -1, 74, 1184, 49;
21, 304, 14, 443, 750, 8, 85, 1188, 56;
21, 302, 13, 452, 728, 0, 84, 1181, 51;
20, 300, 11, 457, 702, -10, 81, 1171, 44;
27, 305, 16, 529, 742, 22, 106, 1190, 65;
27, 303, 16, 544, 725, 18, 108, 1185, 62;
26, 300, 13, 541, 690, 2, 101, 1172, 52;
26, 298, 12, 551, 668, -4, 101, 1165, 48;
26, 297, 11, 566, 651, -7, 103, 1160, 46;
32, 301, 17, 635, 687, 24, 126, 1177, 66;
30, 298, 14, 628, 648, 7, 119, 1163, 55;
26, 292, 9, 603, 591, -22, 104, 1141, 37;
34, 298, 16, 688, 644, 22, 135, 1165, 64;
33, 295, 13, 681, 605, 5, 128, 1151, 54;
35, 295, 15, 709, 601, 12, 136, 1152, 58;
33, 292, 12, 703, 563, -3, 129, 1139, 48;
31, 288, 9, 696, 524, -19, 123, 1125, 38;
36, 291, 14, 751, 547, 6, 142, 1137, 54;
32, 285, 9, 719, 484, -25, 125, 1114, 35;
39, 291, 15, 797, 531, 16, 154, 1136, 61;
40, 290, 15, 812, 514, 16, 157, 1131, 60;
39, 287, 13, 810, 481, 5, 153, 1121, 54;
34, 281, 8, 777, 417, -26, 136, 1097, 34;
43, 288, 16, 867, 476, 24, 170, 1124, 66;
38, 281, 11, 827, 405, -10, 150, 1098, 44;
39, 280, 11, 844, 392, -7, 155, 1095, 46;
42, 281, 13, 874, 392, 4, 164, 1098, 53;
46, 284, 17, 924, 412, 30, 182, 1110, 69;
44, 280, 14, 905, 364, 10, 172, 1093, 57;
43, 278, 13, 906, 336, 3, 170, 1084, 53;
40, 273, 9, 880, 281, -19, 157, 1065, 38;
41, 272, 10, 893, 266, -16, 160, 1062, 40;
44, 273, 12, 926, 272, 0, 172, 1067, 50;
46, 273, 14, 948, 266, 8, 180, 1068, 56;
44, 270, 12, 939, 230, -2, 174, 1056, 49;
45, 269, 12, 947, 211, -1, 176, 1052, 50;
46, 269, 13, 960, 198, 3, 180, 1050, 53;
50, 271, 17, 1000, 212, 26, 195, 1059, 67;
47, 267, 14, 980, 168, 9, 186, 1044, 57;
49, 268, 16, 1003, 165, 21, 194, 1046, 64;
42, 260, 9, 940, 79, -22, 167, 1014, 36;
50, 266, 17, 1016, 131, 26, 198, 1039, 67;
46, 260, 12, 974, 66, -3, 180, 1015, 48;
48, 261, 14, 995, 65, 9, 188, 1018, 56;
45, 256, 11, 969, 16, -9, 177, 1001, 45;
48, 258, 14, 999, 26, 10, 190, 1009, 57;
46, 255, 12, 981, -12, -1, 182, 996, 50;
43, 250, 9, 949, -64, -22, 169, 978, 36;
49, 255, 15, 1007, -25, 17, 193, 997, 61;
47, 252, 13, 988, -63, 5, 186, 985, 54;
50, 254, 17, 1015, -53, 25, 198, 992, 66;
45, 248, 12, 967, -119, -4, 179, 969, 48;
47, 248, 13, 977, -125, 4, 184, 969, 54;
43, 244, 10, 944, -175, -14, 171, 952, 41;
50, 250, 18, 1008, -126, 31, 198, 976, 70;
45, 243, 12, 951, -198, -3, 176, 949, 49;
47, 244, 15, 969, -193, 13, 185, 955, 59;
43, 239, 11, 927, -249, -10, 169, 935, 44;
43, 239, 11, 923, -265, -7, 169, 932, 46;
46, 241, 15, 950, -249, 15, 182, 941, 60;
40, 234, 9, 886, -324, -21, 158, 913, 37;
41, 234, 11, 891, -329, -11, 162, 915, 43;
45, 237, 15, 919, -310, 13, 176, 926, 59;
38, 229, 8, 847, -391, -28, 148, 895, 33;
43, 234, 14, 892, -354, 8, 169, 914, 56;
44, 235, 16, 899, -354, 20, 174, 917, 63;
45, 235, 18, 902, -356, 31, 179, 919, 70;
38, 227, 11, 825, -439, -11, 150, 887, 43;
44, 233, 18, 877, -391, 31, 174, 910, 70;
42, 230, 16, 848, -425, 20, 165, 899, 63;
42, 230, 17, 845, -431, 28, 167, 899, 68;
41, 228, 16, 824, -454, 23, 161, 893, 65;
33, 220, 9, 739, -539, -22, 130, 860, 37;
38, 225, 15, 780, -499, 15, 150, 879, 60;
32, 219, 10, 713, -566, -18, 126, 854, 39;
39, 226, 18, 774, -504, 32, 155, 882, 71;
35, 222, 14, 726, -550, 11, 139, 866, 58;
36, 222, 16, 723, -550, 21, 142, 868, 64;
32, 218, 13, 673, -597, 0, 125, 851, 51;
35, 221, 17, 694, -571, 26, 138, 864, 67;
31, 217, 14, 646, -615, 6, 122, 848, 55;
32, 218, 15, 641, -614, 15, 125, 851, 60;
33, 219, 17, 641, -606, 29, 129, 856, 69;
26, 212, 11, 567, -673, -7, 103, 830, 46;
26, 213, 12, 555, -677, -1, 103, 831, 50;
24, 211, 11, 522, -701, -9, 94, 823, 44;
22, 209, 11, 497, -716, -12, 88, 818, 42;
22, 210, 12, 487, -716, -5, 89, 820, 47;
19, 207, 9, 440, -751, -22, 74, 807, 37;
17, 205, 8, 409, -770, -28, 66, 801, 33;
15, 204, 8, 385, -782, -29, 61, 798, 32;
16, 205, 10, 380, -773, -18, 64, 803, 39;
14, 204, 9, 349, -789, -23, 57, 797, 36;
16, 206, 12, 352, -772, -6, 63, 806, 46;
12, 204, 9, 308, -799, -20, 50, 796, 38;
12, 203, 10, 287, -804, -19, 47, 795, 39;
11, 203, 10, 267, -807, -16, 44, 794, 40;
12, 206, 13, 269, -787, 0, 50, 804, 51;
12, 206, 13, 249, -788, 3, 47, 804, 53;
9, 204, 12, 213, -805, -4, 38, 798, 47;
4, 200, 7, 147, -851, -32, 16, 780, 30;
13, 209, 17, 217, -761, 30, 51, 818, 69;
8, 206, 14, 163, -794, 10, 34, 805, 57;
10, 209, 18, 170, -765, 31, 42, 817, 70;
1, 200, 9, 64, -849, -22, 4, 783, 36;
2, 203, 12, 67, -823, -4, 11, 794, 48;
1, 203, 12, 42, -825, -4, 6, 793, 48;
0, 202, 11, 11, -832, -8, 0, 790, 45;
-2, 202, 10, -19, -839, -13, -8, 787, 42;
3, 208, 17, 16, -778, 27, 12, 813, 68;
1, 208, 17, -9, -778, 26, 7, 812, 67;
0, 208, 16, -37, -781, 24, 1, 811, 65;
-1, 207, 16, -64, -781, 22, -4, 811, 64;
-8, 202, 10, -145, -835, -14, -32, 788, 41;
-8, 202, 11, -164, -827, -11, -34, 791, 43;
-7, 205, 13, -169, -804, 1, -31, 800, 51;
-14, 200, 8, -242, -849, -30, -55, 781, 31;
-13, 202, 10, -245, -823, -16, -51, 791, 40;
-11, 206, 13, -241, -790, 2, -44, 804, 52;
-17, 201, 8, -308, -828, -26, -66, 787, 34;
-11, 208, 15, -270, -761, 14, -45, 814, 59;
-16, 205, 11, -333, -793, -11, -66, 799, 43;
-18, 204, 10, -362, -792, -15, -72, 798, 41;
-22, 203, 8, -406, -806, -29, -85, 792, 32;
-16, 209, 14, -369, -738, 10, -65, 818, 57;
-18, 210, 14, -396, -734, 7, -71, 819, 55;
-25, 204, 8, -474, -781, -29, -98, 798, 32;
-24, 206, 9, -481, -757, -19, -96, 806, 38;
-24, 209, 11, -486, -730, -8, -93, 816, 45;
-25, 209, 11, -513, -726, -12, -100, 816, 43;
-29, 206, 7, -564, -745, -31, -116, 806, 31;
-23, 214, 14, -521, -670, 10, -93, 835, 57;
-23, 216, 16, -524, -641, 22, -90, 846, 64;
-22, 219, 18, -530, -615, 32, -87, 855, 70;
-29, 213, 11, -609, -662, -7, -116, 833, 46;
-32, 212, 9, -647, -668, -20, -127, 828, 38;
-34, 212, 9, -674, -662, -25, -134, 828, 35;
-28, 220, 15, -630, -586, 16, -111, 858, 61;
-31, 218, 13, -669, -593, 2, -123, 853, 52;
-31, 220, 14, -680, -572, 7, -124, 859, 55;
-35, 218, 11, -720, -580, -8, -137, 853, 45;
-34, 221, 13, -722, -550, 2, -134, 863, 52;
-39, 217, 8, -780, -577, -26, -154, 849, 34;
-34, 224, 14, -743, -507, 9, -135, 876, 57;
-34, 226, 15, -751, -484, 14, -135, 883, 60;
-37, 225, 12, -789, -491, 0, -147, 877, 50;
-35, 229, 16, -774, -444, 19, -137, 894, 62;
-41, 225, 10, -838, -477, -14, -161, 877, 42;
-36, 231, 16, -802, -411, 18, -143, 902, 62;
-44, 225, 8, -885, -463, -28, -174, 877, 33;
-43, 228, 10, -879, -427, -15, -169, 889, 41;
-40, 233, 14, -856, -374, 7, -157, 908, 55;
-45, 229, 10, -907, -396, -19, -175, 896, 39;
-46, 230, 9, -923, -382, -22, -180, 899, 36;
-44, 233, 11, -914, -344, -9, -173, 911, 45;
-38, 241, 17, -863, -265, 30, -150, 941, 70;
-46, 235, 10, -944, -317, -16, -181, 916, 40;
-41, 242, 16, -898, -243, 19, -160, 944, 63;
-48, 236, 9, -970, -287, -23, -188, 922, 36;
-40, 245, 17, -902, -193, 26, -159, 958, 67;
-41, 246, 16, -914, -178, 23, -162, 961, 65;
-47, 242, 11, -972, -210, -10, -185, 944, 44;
-42, 248, 16, -929, -141, 21, -165, 970, 64;
-51, 241, 8, -1013, -201, -31, -199, 942, 31;
-46, 247, 13, -970, -133, 0, -181, 966, 50;
-45, 250, 14, -964, -103, 6, -177, 975, 54;
-51, 246, 8, -1019, -134, -28, -199, 959, 33;
-43, 255, 16, -946, -38, 22, -168, 995, 64;
-46, 253, 13, -978, -48, 1, -182, 988, 52;
-46, 254, 13, -979, -27, 2, -181, 993, 52;
-43, 259, 16, -952, 20, 20, -170, 1010, 63;
-46, 258, 14, -973, 19, 6, -179, 1006, 54;
-52, 253, 7, -1031, -17, -32, -203, 987, 30;
-48, 258, 11, -996, 37, -9, -189, 1006, 45;
-42, 265, 17, -937, 114, 28, -165, 1035, 68;
-43, 265, 16, -949, 120, 18, -170, 1034, 62;
-43, 266, 16, -942, 144, 21, -168, 1041, 64;
-44, 267, 15, -948, 155, 14, -171, 1042, 60;
-42, 270, 16, -930, 189, 23, -165, 1053, 65;
-42, 270, 16, -928, 206, 21, -165, 1056, 64;
-46, 267, 11, -966, 183, -6, -182, 1043, 46;
-46, 269, 12, -956, 207, -4, -179, 1050, 48;
-48, 267, 9, -978, 197, -24, -190, 1043, 36;
-40, 276, 17, -894, 293, 27, -157, 1079, 67;
-48, 269, 8, -967, 232, -26, -189, 1051, 34;
-40, 278, 16, -882, 329, 24, -156, 1087, 66;
-43, 275, 12, -913, 308, -2, -171, 1076, 49;
-48, 272, 7, -949, 281, -32, -188, 1061, 30;
-44, 276, 11, -905, 333, -10, -172, 1080, 44;
-42, 278, 12, -887, 358, -5, -167, 1087, 47;
-45, 276, 8, -909, 344, -27, -179, 1078, 33;
-38, 284, 15, -834, 425, 14, -150, 1109, 59;
-35, 288, 17, -798, 466, 29, -138, 1123, 69;
-36, 287, 16, -802, 467, 18, -143, 1120, 62;
-35, 288, 16, -784, 489, 21, -138, 1127, 64;
-43, 281, 8, -850, 426, -31, -169, 1098, 31;
-34, 290, 15, -762, 515, 17, -136, 1132, 61;
-38, 287, 11, -786, 493, -8, -149, 1120, 45;
-40, 285, 8, -799, 480, -28, -158, 1112, 33;
-35, 291, 13, -737, 542, 3, -136, 1135, 52;
-35, 291, 12, -728, 550, -2, -136, 1136, 49;
-32, 294, 14, -691, 585, 11, -125, 1148, 57;
-29, 297, 16, -656, 618, 23, -114, 1159, 65;
-29, 296, 15, -651, 619, 14, -116, 1157, 60;
-35, 291, 8, -694, 571, -26, -138, 1135, 34;
-27, 299, 15, -608, 652, 18, -107, 1166, 62;
-27, 299, 15, -596, 659, 14, -106, 1167, 59;
-30, 296, 11, -612, 636, -9, -117, 1155, 44;
-25, 300, 15, -558, 682, 12, -99, 1172, 58;
-29, 296, 9, -588, 644, -20, -116, 1155, 38;
-21, 304, 17, -499, 724, 25, -84, 1186, 66;
-25, 300, 12, -522, 691, -4, -98, 1170, 48;
-21, 304, 15, -470, 733, 16, -81, 1186, 61;
-21, 302, 13, -467, 724, 4, -85, 1181, 53;
-24, 299, 10, -479, 700, -18, -95, 1169, 39;
-15, 308, 17, -384, 783, 30, -61, 1202, 69;
-20, 302, 11, -420, 733, -8, -81, 1180, 45;
-14, 308, 16, -351, 787, 22, -57, 1201, 64;
-16, 305, 13, -358, 765, 2, -66, 1190, 52;
-12, 309, 16, -304, 803, 22, -49, 1205, 65;
-20, 300, 8, -362, 729, -31, -78, 1173, 31;
-17, 303, 9, -321, 753, -19, -66, 1182, 38;
-17, 302, 8, -308, 748, -26, -66, 1179, 34;
-8, 310, 16, -210, 827, 22, -31, 1211, 65;
-5, 312, 18, -172, 847, 32, -21, 1218, 71;
-7, 309, 14, -182, 817, 9, -30, 1205, 56;
-10, 305, 10, -195, 783, -15, -41, 1191, 41;
-5, 310, 15, -129, 828, 12, -19, 1209, 58;
-6, 307, 12, -126, 810, -1, -24, 1201, 49;
-8, 304, 8, -138, 775, -26, -34, 1186, 34;
-6, 305, 10, -101, 790, -18, -25, 1191, 39;
-5, 305, 9, -82, 786, -21, -22, 1190, 37;
3, 313, 18, 23, 867, 31, 15, 1223, 70;
2, 310, 15, 20, 840, 13, 8, 1212, 59;
1, 309, 13, 31, 826, 4, 7, 1206, 53;
4, 310, 15, 69, 838, 13, 17, 1212, 59;
-1, 303, 8, 31, 774, -28, -4, 1185, 33;
1, 305, 10, 73, 789, -17, 7, 1192, 40;
0, 303, 7, 75, 765, -32, 3, 1182, 31;
11, 312, 17, 185, 847, 24, 43, 1217, 66;
8, 307, 12, 169, 804, -1, 31, 1199, 50;
13, 312, 17, 238, 845, 28, 54, 1217, 68;
15, 312, 17, 266, 844, 30, 60, 1217, 70;
9, 304, 10, 224, 774, -13, 37, 1189, 42;
13, 307, 13, 276, 796, 5, 53, 1199, 54;
11, 304, 10, 272, 762, -13, 46, 1186, 42;
15, 305, 13, 316, 776, 0, 59, 1193, 51;
14, 304, 11, 325, 756, -8, 57, 1185, 45;
12, 300, 8, 315, 715, -30, 48, 1170, 31;
16, 302, 11, 369, 738, -10, 65, 1181, 44;
21, 306, 15, 427, 765, 13, 84, 1193, 59;
24, 307, 17, 468, 775, 25, 96, 1199, 66;
21, 302, 12, 448, 724, -2, 82, 1179, 49;
27, 307, 17, 520, 764, 30, 107, 1197, 70;
18, 296, 7, 447, 660, -31, 72, 1156, 31;
20, 296, 8, 478, 659, -25, 80, 1157, 35;
24, 299, 11, 527, 676, -6, 95, 1166, 46;
21, 294, 7, 509, 626, -32, 83, 1147, 30;
25, 296, 11, 560, 645, -11, 100, 1157, 43;
30, 299, 15, 616, 669, 12, 119, 1169, 58;
31, 298, 14, 631, 651, 9, 120, 1164, 56;
27, 293, 9, 606, 594, -19, 106, 1143, 38;
35, 299, 17, 692, 648, 24, 137, 1167, 66;
34, 297, 15, 698, 622, 16, 135, 1158, 61;
34, 295, 14, 704, 596, 8, 134, 1150, 56;
37, 296, 16, 744, 604, 24, 147, 1156, 65;
31, 288, 10, 697, 525, -18, 123, 1126, 39;
37, 292, 15, 762, 558, 13, 146, 1142, 59;
33, 287, 10, 735, 499, -15, 132, 1120, 41;
35, 287, 11, 760, 493, -8, 138, 1120, 45;
36, 285, 11, 772, 473, -10, 140, 1115, 44;
37, 285, 12, 796, 467, -3, 147, 1115, 48;
34, 281, 8, 777, 416, -26, 135, 1097, 34;
36, 280, 9, 797, 405, -22, 141, 1095, 37;
38, 281, 11, 826, 404, -11, 150, 1097, 43;
43, 284, 15, 875, 423, 13, 167, 1108, 59;
37, 277, 9, 831, 349, -24, 146, 1080, 35;
46, 284, 17, 918, 407, 26, 180, 1107, 67;
39, 275, 9, 856, 315, -22, 152, 1073, 37;
40, 275, 10, 880, 310, -13, 159, 1073, 42;
46, 278, 15, 933, 335, 15, 179, 1087, 60;
41, 272, 10, 893, 266, -17, 160, 1062, 40;
47, 276, 15, 953, 298, 17, 183, 1078, 61;
49, 277, 17, 978, 295, 28, 192, 1080, 68;
47, 273, 15, 966, 256, 15, 185, 1067, 60;
47, 272, 15, 973, 237, 15, 187, 1063, 60;
46, 269, 13, 961, 199, 3, 180, 1050, 53;
47, 269, 14, 977, 190, 11, 186, 1050, 57;
51, 271, 17, 1011, 199, 30, 199, 1057, 69;
44, 262, 10, 949, 112, -13, 172, 1024, 42;
47, 264, 14, 984, 123, 7, 186, 1032, 55;
49, 264, 15, 999, 114, 14, 191, 1032, 60;
51, 265, 17, 1019, 111, 26, 199, 1034, 67;
52, 264, 18, 1029, 99, 31, 203, 1032, 70;
50, 261, 16, 1012, 60, 19, 195, 1020, 63;
43, 253, 9, 946, -26, -24, 168, 987, 35;
44, 253, 10, 958, -35, -16, 173, 986, 40;
46, 253, 12, 973, -39, -6, 179, 988, 47;
49, 256, 16, 1009, -23, 18, 194, 998, 62;
51, 256, 17, 1024, -27, 29, 201, 1000, 69;
51, 255, 18, 1025, -44, 32, 202, 996, 70;
44, 247, 10, 954, -132, -13, 173, 963, 42;
50, 251, 16, 1005, -98, 23, 195, 981, 65;
43, 243, 10, 940, -179, -17, 169, 951, 40;
47, 246, 14, 973, -161, 8, 184, 962, 56;
41, 240, 9, 919, -229, -24, 163, 936, 35;
47, 244, 15, 969, -193, 13, 185, 955, 59;
49, 246, 17, 986, -189, 29, 194, 960, 69;
47, 243, 16, 964, -223, 19, 186, 949, 63;
45, 240, 14, 939, -260, 7, 177, 937, 55;
46, 240, 16, 946, -264, 18, 183, 938, 62;
47, 240, 17, 947, -273, 25, 185, 938, 66;
44, 236, 14, 915, -314, 10, 174, 924, 57;
39, 231, 10, 861, -377, -18, 154, 901, 39;
37, 228, 8, 839, -406, -26, 147, 892, 34;
38, 228, 10, 840, -412, -18, 150, 892, 39;
38, 228, 10, 835, -423, -13, 151, 891, 42;
35, 225, 8, 801, -463, -27, 140, 877, 33;
36, 224, 9, 797, -472, -22, 141, 876, 37;
36, 224, 10, 794, -478, -14, 143, 877, 41;
33, 221, 8, 755, -520, -31, 130, 862, 31;
39, 227, 14, 806, -472, 11, 154, 885, 58;
35, 222, 11, 759, -520, -9, 138, 868, 45;
34, 221, 11, 738, -541, -12, 133, 862, 42;
36, 223, 14, 750, -529, 6, 142, 869, 54;
38, 224, 16, 761, -517, 23, 150, 877, 65;
37, 223, 16, 742, -534, 22, 146, 872, 65;
33, 219, 13, 690, -583, 0, 128, 854, 50;
33, 219, 14, 682, -588, 5, 129, 855, 54;
33, 219, 15, 679, -587, 16, 132, 857, 60;
31, 217, 13, 643, -617, 4, 121, 847, 53;
32, 219, 16, 649, -605, 21, 128, 854, 64;
29, 215, 13, 602, -646, 3, 113, 840, 52;
25, 212, 10, 558, -682, -13, 99, 826, 42;
28, 214, 14, 572, -660, 9, 110, 838, 56;
30, 217, 18, 586, -637, 32, 120, 849, 71;
29, 216, 17, 562, -651, 30, 115, 845, 69;
23, 211, 12, 494, -708, 0, 92, 823, 50;
27, 215, 17, 515, -676, 27, 105, 838, 68;
23, 211, 14, 466, -713, 9, 90, 824, 56;
24, 213, 17, 468, -698, 25, 96, 832, 66;
15, 204, 8, 368, -785, -26, 59, 798, 34;
20, 210, 14, 401, -737, 10, 78, 819, 57;
21, 212, 17, 404, -719, 28, 85, 828, 68;
21, 212, 18, 385, -722, 31, 82, 827, 70;
14, 205, 12, 306, -785, -5, 55, 803, 47;
17, 210, 16, 327, -747, 23, 69, 819, 65;
9, 203, 10, 239, -817, -19, 38, 791, 39;
12, 206, 13, 251, -786, 4, 48, 805, 54;
9, 203, 11, 206, -813, -9, 35, 795, 45;
9, 205, 13, 198, -800, 1, 37, 801, 52;
10, 206, 15, 190, -788, 12, 39, 806, 58;
8, 206, 14, 162, -795, 9, 33, 804, 56;
2, 201, 9, 92, -843, -20, 10, 784, 38;
2, 202, 10, 77, -837, -14, 9, 788, 42;
0, 201, 10, 46, -844, -18, 2, 785, 39;
6, 208, 17, 87, -780, 25, 25, 812, 66;
-1, 201, 10, 0, -845, -17, -6, 785, 40;
-4, 199, 8, -39, -858, -26, -16, 779, 34;
-2, 202, 11, -36, -830, -7, -9, 791, 46;
2, 209, 17, -4, -773, 30, 9, 815, 69;
-4, 203, 12, -78, -821, -2, -15, 794, 49;
-5, 204, 12, -102, -818, -2, -19, 795, 49;
-1, 208, 17, -85, -775, 25, -7, 813, 66;
-4, 207, 16, -119, -782, 18, -16, 809, 62;
-8, 204, 12, -175, -810, -2, -33, 797, 49;
-10, 204, 11, -207, -814, -7, -41, 795, 46;
-8, 207, 15, -201, -779, 13, -33, 809, 59;
-12, 204, 12, -253, -803, -6, -49, 798, 47;
-15, 203, 10, -295, -815, -17, -61, 792, 39;
-15, 204, 11, -309, -800, -11, -61, 798, 43;
-19, 202, 8, -358, -819, -28, -76, 788, 33;
-20, 202, 8, -381, -812, -28, -81, 790, 33;
-18, 206, 11, -376, -776, -9, -73, 804, 45;
-15, 211, 16, -355, -724, 19, -59, 824, 63;
-16, 212, 16, -375, -713, 21, -62, 827, 64;
-23, 206, 9, -459, -766, -19, -92, 804, 38;
-24, 207, 10, -474, -750, -14, -93, 809, 41;
-24, 208, 11, -491, -736, -12, -95, 813, 43;
-28, 206, 8, -540, -752, -29, -110, 805, 32;
-25, 210, 11, -528, -709, -7, -101, 821, 46;
-21, 217, 17, -493, -642, 29, -82, 847, 69;
-26, 213, 12, -560, -677, -1, -105, 830, 49;
-23, 218, 17, -538, -623, 26, -91, 851, 67;
-29, 213, 12, -606, -659, -5, -115, 834, 47;
-25, 219, 17, -577, -598, 26, -98, 857, 67;
-25, 221, 18, -589, -578, 31, -99, 863, 70;
-35, 213, 8, -693, -650, -25, -138, 831, 34;
-30, 219, 14, -658, -582, 10, -119, 857, 57;
-36, 216, 10, -719, -611, -18, -140, 843, 39;
-34, 219, 12, -718, -578, -6, -136, 854, 46;
-31, 224, 16, -696, -524, 19, -123, 874, 63;
-38, 218, 9, -773, -569, -20, -151, 853, 38;
-40, 218, 8, -798, -562, -26, -158, 853, 34;
-32, 228, 17, -733, -466, 26, -127, 890, 67;
-37, 225, 13, -784, -485, 2, -145, 879, 52;
-40, 223, 10, -827, -497, -16, -159, 872, 40;
-40, 226, 11, -827, -466, -6, -156, 882, 46;
-37, 230, 15, -809, -418, 13, -146, 899, 59;
-41, 228, 12, -853, -431, -6, -161, 891, 46;
-46, 225, 8, -903, -451, -31, -179, 879, 31;
-38, 235, 16, -837, -355, 20, -149, 916, 63;
-40, 234, 14, -864, -352, 9, -157, 914, 57;
-40, 236, 15, -865, -324, 16, -156, 923, 60;
-39, 238, 16, -868, -298, 21, -154, 931, 64;
-47, 232, 9, -947, -349, -25, -185, 906, 35;
-48, 233, 8, -963, -336, -29, -189, 909, 32;
-47, 236, 10, -954, -299, -18, -184, 920, 39;
-44, 240, 12, -936, -254, 0, -174, 936, 50;
-43, 243, 14, -926, -217, 10, -169, 948, 57;
-50, 237, 7, -998, -262, -32, -197, 926, 30;
-47, 242, 11, -973, -212, -12, -185, 944, 43;
-44, 246, 14, -947, -159, 9, -173, 962, 56;
-43, 249, 15, -942, -129, 15, -170, 971, 60;
-43, 251, 16, -939, -102, 20, -168, 979, 63;
-48, 246, 10, -996, -135, -14, -190, 962, 41;
-44, 253, 15, -953, -68, 15, -172, 986, 60;
-46, 251, 12, -980, -73, 0, -183, 981, 50;
-52, 248, 8, -1029, -99, -31, -202, 967, 31;
-51, 250, 8, -1022, -70, -26, -199, 976, 34;
-44, 258, 16, -955, 17, 18, -171, 1009, 62;
-49, 254, 10, -1003, -9, -13, -191, 994, 42;
-52, 253, 7, -1031, -17, -32, -203, 987, 30;
-47, 259, 12, -985, 47, -2, -184, 1011, 49;
-42, 265, 17, -936, 115, 28, -164, 1035, 68;
-49, 259, 9, -1007, 62, -20, -194, 1010, 38;
-48, 262, 11, -988, 98, -9, -187, 1022, 44;
-47, 263, 11, -981, 122, -7, -185, 1028, 46;
-50, 261, 8, -1009, 110, -28, -198, 1020, 33;
-42, 270, 16, -931, 203, 19, -167, 1055, 63;
-40, 273, 17, -910, 239, 30, -159, 1067, 69;
-48, 267, 10, -976, 186, -18, -188, 1041, 39;
-43, 272, 14, -928, 247, 9, -170, 1063, 56;
-48, 268, 9, -969, 219, -22, -188, 1048, 36;
-40, 277, 17, -890, 310, 24, -157, 1083, 66;
-47, 271, 9, -955, 255, -24, -186, 1057, 35;
-47, 272, 9, -942, 278, -21, -183, 1063, 37;
-39, 280, 16, -870, 359, 19, -155, 1094, 63;
-42, 279, 13, -885, 353, 3, -164, 1088, 52;
-45, 276, 9, -910, 336, -20, -176, 1078, 38;
-45, 276, 8, -909, 343, -27, -179, 1078, 33;
-36, 286, 17, -813, 445, 28, -142, 1117, 68;
-43, 280, 10, -870, 394, -18, -168, 1093, 39;
-42, 281, 9, -860, 408, -20, -167, 1096, 38;
-39, 285, 13, -817, 455, 0, -152, 1113, 50;
-36, 288, 14, -788, 488, 9, -143, 1123, 57;
-41, 283, 9, -826, 452, -25, -162, 1106, 35;
-34, 291, 15, -750, 529, 15, -134, 1135, 60;
-39, 286, 10, -786, 493, -19, -153, 1117, 39;
-39, 287, 9, -776, 504, -22, -152, 1119, 36;
-36, 290, 11, -737, 541, -8, -140, 1132, 45;
-36, 290, 10, -729, 547, -14, -140, 1132, 42;
-29, 296, 16, -662, 612, 19, -116, 1157, 62;
-36, 289, 8, -717, 553, -29, -144, 1130, 32;
-32, 294, 11, -665, 600, -7, -126, 1147, 46;
-33, 293, 10, -662, 598, -17, -129, 1144, 40;
-30, 295, 11, -628, 626, -7, -119, 1154, 46;
-24, 302, 17, -556, 692, 27, -94, 1179, 68;
-32, 294, 8, -619, 621, -27, -124, 1147, 33;
-28, 297, 11, -573, 659, -10, -110, 1161, 44;
-26, 299, 12, -546, 677, -5, -103, 1167, 47;
-20, 304, 16, -481, 732, 23, -81, 1188, 65;
-28, 296, 7, -543, 659, -32, -112, 1156, 30;
-20, 303, 14, -457, 734, 10, -81, 1185, 57;
-19, 305, 15, -431, 748, 13, -75, 1189, 59;
-20, 303, 13, -426, 740, 2, -78, 1184, 52;
-16, 307, 16, -376, 777, 21, -62, 1198, 64;
-16, 306, 15, -365, 773, 13, -63, 1195, 59;
-19, 303, 11, -379, 744, -11, -74, 1182, 43;
-12, 308, 16, -307, 801, 21, -50, 1204, 64;
-17, 303, 10, -342, 749, -17, -69, 1182, 40;
-10, 309, 16, -262, 811, 19, -42, 1206, 63;
-11, 307, 14, -259, 797, 5, -46, 1199, 54;
-9, 309, 15, -224, 813, 13, -37, 1205, 59;
-11, 306, 12, -226, 793, -3, -43, 1196, 48;
-4, 312, 17, -150, 848, 30, -17, 1218, 69;
-13, 302, 7, -219, 759, -31, -51, 1180, 31;
-3, 311, 16, -113, 844, 22, -13, 1215, 65;
-7, 307, 11, -135, 801, -7, -27, 1197, 46;
-3, 309, 13, -90, 823, 5, -15, 1206, 54;
0, 311, 16, -42, 848, 20, 0, 1216, 63;
-2, 308, 12, -52, 815, -2, -10, 1202, 49;
1, 311, 16, 3, 847, 18, 7, 1215, 62;
4, 313, 17, 45, 864, 30, 18, 1222, 69;
5, 312, 17, 62, 857, 25, 20, 1219, 66;
6, 312, 16, 86, 855, 24, 24, 1218, 66;
-1, 303, 8, 28, 772, -30, -4, 1184, 32;
5, 309, 14, 109, 826, 7, 22, 1207, 55;
10, 312, 17, 162, 852, 26, 39, 1218, 67;
11, 312, 17, 190, 853, 28, 45, 1219, 68;
4, 303, 8, 133, 768, -25, 16, 1184, 34;
5, 303, 9, 161, 767, -23, 22, 1185, 36;
15, 312, 18, 269, 847, 32, 61, 1218, 71;
13, 309, 15, 263, 813, 12, 53, 1205, 58;
8, 302, 8, 225, 745, -28, 32, 1178, 32;
18, 310, 17, 332, 823, 27, 71, 1211, 67;
11, 302, 9, 279, 740, -24, 43, 1178, 36;
16, 305, 13, 339, 770, 0, 63, 1191, 51;
19, 307, 15, 385, 786, 15, 77, 1199, 60;
14, 300, 8, 343, 713, -27, 54, 1170, 33;
15, 299, 8, 368, 707, -25, 60, 1169, 34;
18, 301, 10, 410, 717, -13, 72, 1175, 42;
22, 303, 14, 462, 738, 6, 88, 1185, 55;
18, 297, 8, 430, 674, -29, 70, 1160, 32;
26, 304, 15, 519, 732, 16, 102, 1186, 61;
25, 302, 14, 527, 708, 7, 100, 1178, 55;
28, 302, 15, 562, 711, 16, 110, 1181, 61;
25, 298, 11, 545, 662, -8, 99, 1162, 45;
26, 297, 12, 571, 656, -4, 105, 1162, 48;
29, 299, 14, 608, 661, 7, 116, 1166, 55;
27, 295, 11, 602, 623, -9, 109, 1152, 44;
31, 297, 14, 649, 637, 8, 124, 1160, 56;
34, 298, 16, 684, 641, 19, 134, 1164, 63;
33, 296, 14, 687, 611, 9, 131, 1154, 56;
33, 294, 13, 698, 590, 4, 131, 1148, 54;
36, 295, 15, 731, 591, 15, 141, 1151, 60;
37, 294, 15, 749, 577, 16, 145, 1147, 61;
35, 290, 12, 738, 534, -2, 136, 1132, 49;
36, 289, 12, 755, 520, -1, 140, 1129, 50;
35, 287, 11, 759, 492, -9, 138, 1120, 45;
41, 291, 16, 822, 523, 22, 161, 1135, 64;
39, 287, 13, 811, 481, 5, 153, 1121, 54;
40, 286, 14, 828, 467, 7, 157, 1118, 55;
42, 287, 16, 859, 467, 19, 166, 1121, 62;
35, 278, 7, 795, 373, -31, 137, 1085, 31;
38, 280, 11, 836, 384, -12, 151, 1092, 42;
42, 281, 14, 876, 394, 6, 165, 1099, 54;
42, 280, 13, 884, 372, 3, 166, 1093, 53;
41, 277, 12, 880, 339, -6, 161, 1082, 46;
39, 273, 9, 863, 293, -24, 152, 1066, 35;
40, 273, 10, 884, 285, -17, 159, 1066, 40;
44, 275, 13, 925, 298, 4, 174, 1075, 53;
49, 278, 18, 975, 320, 31, 192, 1087, 70;
49, 277, 17, 979, 297, 29, 192, 1081, 69;
41, 267, 9, 904, 195, -25, 160, 1042, 35;
40, 265, 8, 903, 167, -30, 158, 1034, 31;
45, 268, 13, 955, 193, 0, 178, 1048, 51;
46, 267, 13, 962, 175, 1, 180, 1043, 51;
49, 269, 16, 997, 184, 20, 193, 1051, 63;
45, 263, 12, 961, 123, -6, 177, 1029, 47;
45, 262, 12, 967, 106, -4, 178, 1025, 48;
42, 257, 8, 934, 49, -28, 164, 1005, 33;
42, 257, 9, 943, 35, -24, 167, 1002, 35;
46, 259, 12, 975, 45, -4, 180, 1010, 48;
48, 259, 14, 996, 44, 8, 188, 1013, 56;
42, 252, 8, 942, -31, -27, 166, 985, 33;
48, 257, 14, 1000, 6, 11, 190, 1004, 58;
49, 257, 15, 1008, -5, 17, 193, 1002, 61;
44, 251, 11, 963, -69, -12, 175, 979, 43;
49, 254, 16, 1008, -43, 19, 194, 994, 62;
43, 246, 9, 942, -127, -23, 167, 962, 36;
41, 244, 8, 926, -160, -31, 162, 952, 31;
46, 247, 12, 967, -136, -2, 179, 965, 49;
41, 241, 8, 922, -197, -29, 162, 943, 32;
44, 243, 11, 946, -188, -9, 173, 950, 45;
41, 239, 8, 916, -233, -26, 162, 935, 34;
49, 247, 17, 990, -172, 27, 194, 963, 68;
41, 238, 9, 912, -263, -19, 163, 929, 38;
42, 238, 11, 918, -270, -11, 167, 929, 43;
49, 244, 18, 976, -223, 32, 193, 952, 71;
39, 233, 8, 878, -333, -27, 154, 910, 33;
48, 241, 17, 953, -268, 28, 187, 940, 68;
45, 237, 15, 921, -308, 14, 176, 926, 59;
46, 237, 16, 925, -313, 23, 180, 927, 65;
42, 233, 13, 883, -363, 2, 165, 910, 52;
36, 226, 7, 819, -433, -31, 142, 884, 31;
43, 233, 15, 881, -378, 16, 170, 910, 61;
38, 227, 10, 821, -443, -14, 148, 886, 41;
42, 231, 15, 856, -413, 17, 165, 901, 61;
37, 226, 11, 806, -466, -6, 148, 882, 46;
34, 222, 9, 769, -507, -22, 135, 868, 36;
40, 227, 15, 813, -464, 16, 157, 888, 61;
39, 226, 15, 793, -485, 13, 152, 882, 59;
41, 227, 17, 803, -477, 30, 160, 888, 69;
31, 218, 9, 707, -572, -22, 124, 852, 36;
29, 216, 8, 679, -599, -30, 116, 843, 32;
30, 216, 9, 677, -600, -20, 119, 845, 37;
29, 215, 9, 656, -617, -22, 114, 840, 36;
29, 215, 10, 649, -621, -16, 115, 841, 40;
34, 221, 16, 689, -577, 22, 136, 861, 65;
30, 216, 12, 633, -628, -2, 117, 843, 49;
31, 218, 15, 639, -615, 14, 124, 850, 60;
23, 210, 8, 552, -696, -30, 92, 819, 32;
28, 214, 13, 583, -657, 3, 110, 837, 53;
22, 209, 8, 517, -715, -26, 87, 815, 34;
24, 211, 11, 524, -699, -8, 94, 823, 45;
28, 215, 17, 554, -659, 25, 111, 842, 66;
27, 215, 17, 535, -668, 26, 108, 840, 67;
17, 205, 8, 427, -764, -30, 69, 802, 31;
19, 207, 10, 430, -749, -14, 75, 810, 42;
25, 213, 17, 473, -694, 28, 98, 834, 68;
14, 203, 8, 360, -792, -31, 56, 795, 31;
22, 212, 17, 425, -713, 27, 88, 829, 67;
14, 204, 9, 331, -792, -20, 54, 797, 38;
11, 202, 8, 294, -814, -29, 44, 790, 32;
10, 202, 8, 275, -816, -26, 42, 790, 34;
16, 208, 15, 312, -761, 13, 63, 813, 59;
14, 207, 14, 279, -777, 7, 54, 808, 55;
12, 206, 13, 249, -789, 3, 47, 804, 52;
7, 202, 10, 193, -825, -17, 30, 790, 39;
14, 210, 17, 242, -757, 30, 55, 819, 70;
6, 203, 11, 158, -820, -9, 26, 793, 45;
4, 201, 10, 120, -838, -18, 16, 786, 39;
6, 204, 13, 126, -809, 2, 24, 799, 52;
2, 201, 10, 73, -840, -16, 7, 786, 40;
7, 207, 16, 107, -783, 22, 27, 810, 64;
0, 202, 11, 35, -832, -9, 3, 790, 45;
2, 205, 14, 36, -807, 7, 9, 800, 55;
-3, 200, 9, -32, -852, -21, -13, 782, 37;
-6, 199, 8, -70, -865, -30, -23, 777, 31;
0, 206, 15, -28, -797, 14, 0, 805, 59;
1, 209, 18, -25, -768, 32, 6, 816, 71;
-5, 203, 11, -110, -826, -7, -23, 792, 46;
-4, 206, 14, -107, -797, 10, -16, 804, 57;
-2, 209, 17, -106, -769, 27, -10, 815, 67;
-13, 200, 8, -217, -852, -30, -51, 780, 32;
-4, 210, 18, -147, -754, 32, -16, 820, 71;
-13, 202, 9, -249, -828, -19, -53, 789, 38;
-13, 204, 11, -260, -810, -10, -52, 795, 44;
-10, 208, 15, -247, -767, 14, -41, 812, 59;
-15, 204, 11, -307, -798, -10, -60, 798, 44;
-9, 212, 18, -266, -727, 32, -38, 827, 71;
-21, 202, 8, -385, -815, -30, -82, 789, 31;
-21, 203, 8, -402, -802, -26, -84, 793, 34;
-13, 212, 17, -342, -712, 28, -54, 829, 68;
-15, 212, 17, -368, -706, 26, -59, 830, 67;
-23, 206, 10, -456, -764, -17, -91, 805, 39;
-21, 210, 13, -448, -724, 2, -82, 820, 52;
-18, 214, 17, -432, -677, 27, -71, 838, 67;
-21, 213, 14, -478, -690, 11, -85, 830, 58;
-29, 207, 8, -560, -741, -29, -114, 808, 32;
-24, 213, 14, -528, -677, 5, -96, 832, 54;
-25, 214, 14, -548, -665, 6, -99, 836, 55;
-26, 215, 14, -567, -652, 6, -103, 839, 55;
-30, 213, 11, -615, -668, -11, -118, 830, 43;
-24, 220, 18, -570, -591, 30, -95, 860, 70;
-33, 213, 9, -665, -653, -19, -130, 832, 38;
-29, 219, 15, -634, -590, 13, -113, 856, 59;
-36, 214, 8, -712, -636, -25, -141, 835, 34;
-31, 220, 14, -674, -566, 10, -122, 861, 57;
-36, 217, 10, -736, -596, -18, -143, 846, 39;
-29, 225, 17, -680, -508, 30, -116, 881, 69;
-38, 219, 10, -768, -564, -17, -149, 855, 40;
-38, 220, 10, -778, -542, -13, -149, 861, 42;
-38, 222, 11, -784, -517, -7, -148, 869, 46;
-41, 221, 8, -827, -528, -25, -163, 862, 34;
-41, 222, 9, -834, -505, -21, -163, 869, 37;
-38, 227, 13, -814, -453, 1, -151, 887, 52;
-34, 233, 18, -781, -390, 32, -134, 910, 71;
-35, 234, 17, -800, -378, 28, -139, 912, 68;
-35, 235, 18, -807, -355, 32, -139, 919, 70;
-44, 229, 10, -892, -410, -16, -172, 893, 40;
-42, 232, 12, -881, -369, -1, -164, 907, 50;
-41, 235, 14, -880, -339, 6, -161, 917, 55;
-40, 238, 15, -874, -304, 16, -157, 928, 61;
-44, 235, 12, -919, -320, -6, -173, 918, 47;
-41, 240, 15, -896, -269, 14, -162, 936, 60;
-42, 241, 15, -908, -253, 12, -164, 940, 59;
-46, 238, 11, -948, -266, -8, -180, 931, 45;
-49, 237, 8, -983, -274, -27, -192, 924, 33;
-45, 242, 13, -947, -212, 1, -176, 947, 51;
-48, 241, 10, -982, -220, -17, -189, 940, 39;
-49, 241, 9, -996, -208, -23, -193, 942, 36;
-50, 242, 8, -1008, -195, -28, -197, 944, 33;
-46, 247, 12, -974, -137, -2, -182, 964, 49;
-42, 253, 17, -933, -72, 26, -165, 988, 67;
-46, 250, 13, -974, -89, 1, -181, 978, 52;
-45, 253, 14, -963, -55, 10, -176, 988, 57;
-49, 250, 10, -1008, -77, -17, -194, 976, 40;
-49, 252, 10, -1002, -50, -13, -191, 984, 42;
-51, 251, 8, -1026, -52, -28, -201, 979, 33;
-50, 253, 9, -1020, -26, -24, -198, 987, 35;
-43, 261, 16, -952, 60, 19, -170, 1020, 63;
-51, 255, 8, -1024, 8, -28, -200, 995, 33;
-50, 257, 9, -1014, 37, -22, -196, 1003, 36;
-50, 258, 9, -1013, 56, -23, -197, 1008, 36;
-44, 265, 15, -954, 132, 13, -173, 1036, 59;
-46, 264, 12, -972, 131, -1, -181, 1032, 50;
-49, 263, 9, -995, 124, -19, -192, 1026, 38;
-48, 264, 10, -988, 146, -18, -190, 1031, 39;
-46, 268, 12, -962, 186, -4, -181, 1045, 48;
-45, 269, 12, -953, 210, -2, -178, 1051, 49;
-42, 274, 15, -915, 261, 18, -164, 1069, 62;
-40, 276, 17, -895, 293, 26, -157, 1079, 67;
-45, 273, 12, -935, 265, -4, -176, 1064, 47;
-40, 278, 16, -884, 326, 22, -157, 1086, 65;
-42, 277, 14, -898, 322, 7, -164, 1082, 55;
-39, 281, 17, -862, 368, 25, -152, 1097, 66;
-45, 275, 9, -920, 318, -20, -178, 1073, 38;
-41, 280, 13, -876, 369, 1, -162, 1092, 51;
-41, 280, 12, -871, 381, -2, -163, 1094, 49;
-39, 284, 14, -838, 421, 11, -152, 1107, 58;
-36, 286, 16, -811, 453, 21, -144, 1117, 64;
-41, 283, 11, -843, 426, -8, -160, 1104, 45;
-36, 287, 15, -797, 476, 13, -144, 1121, 59;
-41, 283, 9, -836, 439, -22, -163, 1103, 37;
-32, 292, 18, -740, 538, 32, -127, 1141, 71;
-33, 291, 16, -742, 537, 20, -131, 1138, 63;
-32, 293, 17, -719, 561, 25, -125, 1146, 67;
-32, 293, 16, -711, 568, 20, -125, 1146, 63;
-29, 296, 17, -679, 598, 30, -116, 1156, 69;
-30, 295, 16, -680, 596, 18, -120, 1152, 62;
-37, 289, 8, -733, 540, -28, -146, 1127, 33;
-33, 293, 11, -684, 586, -7, -130, 1143, 46;
-29, 296, 14, -641, 624, 8, -116, 1157, 56;
-33, 293, 10, -664, 597, -18, -130, 1143, 39;
-28, 298, 14, -605, 650, 8, -110, 1163, 56;
-32, 293, 9, -635, 613, -24, -127, 1146, 35;
-23, 302, 17, -541, 700, 24, -92, 1180, 66;
-27, 298, 11, -568, 664, -6, -108, 1163, 46;
-30, 295, 8, -584, 639, -31, -119, 1151, 31;
-19, 305, 17, -471, 742, 29, -77, 1192, 69;
-19, 305, 17, -454, 748, 27, -75, 1193, 67;
-20, 304, 15, -453, 738, 13, -80, 1187, 59;
-20, 303, 14, -441, 738, 7, -79, 1185, 55;
-25, 298, 8, -476, 690, -30, -99, 1164, 31;
-20, 303, 12, -414, 738, -4, -79, 1182, 47;
-16, 306, 15, -366, 772, 12, -64, 1195, 58;
-12, 309, 17, -317, 806, 29, -49, 1207, 69;
-12, 309, 16, -304, 803, 22, -48, 1205, 65;
-13, 307, 14, -303, 788, 8, -53, 1198, 56;
-12, 307, 14, -280, 794, 7, -49, 1199, 55;
-12, 307, 13, -264, 792, 2, -48, 1197, 52;
-13, 304, 10, -265, 773, -13, -54, 1188, 42;
-11, 306, 11, -231, 787, -7, -45, 1194, 46;
-10, 306, 12, -205, 793, -6, -40, 1195, 47;
-12, 303, 9, -210, 768, -25, -47, 1184, 35;
-8, 306, 11, -164, 793, -11, -34, 1194, 43;
-9, 304, 9, -154, 781, -20, -36, 1189, 37;
-2, 310, 15, -78, 835, 13, -9, 1211, 59;
0, 311, 16, -42, 849, 21, 0, 1216, 64;
-5, 305, 10, -75, 792, -17, -20, 1192, 39;
1, 311, 16, 4, 848, 19, 7, 1215, 62;
3, 312, 16, 36, 856, 24, 15, 1219, 66;
-3, 304, 8, -17, 777, -27, -12, 1186, 33;
1, 307, 11, 38, 807, -7, 4, 1199, 46;
0, 305, 9, 43, 786, -20, 1, 1190, 38;
0, 304, 8, 59, 776, -26, 2, 1186, 34;
0, 303, 8, 75, 765, -31, 3, 1182, 31;
6, 307, 12, 143, 805, -3, 25, 1199, 49;
4, 304, 9, 140, 775, -21, 18, 1187, 37;
12, 310, 16, 225, 832, 19, 48, 1211, 63;
12, 309, 15, 241, 820, 14, 49, 1207, 59;
16, 311, 18, 291, 840, 30, 64, 1216, 70;
16, 309, 16, 298, 818, 19, 62, 1208, 63;
12, 304, 11, 278, 769, -8, 48, 1189, 45;
15, 306, 13, 322, 783, 4, 61, 1196, 53;
20, 309, 17, 379, 810, 27, 80, 1208, 67;
14, 302, 10, 336, 736, -16, 57, 1179, 40;
18, 304, 13, 388, 758, 2, 73, 1189, 52;
18, 303, 12, 401, 740, -3, 73, 1183, 48;
20, 303, 13, 431, 739, 1, 80, 1184, 51;
21, 302, 12, 447, 723, -3, 82, 1179, 48;
24, 304, 15, 495, 740, 14, 97, 1187, 60;
24, 302, 13, 499, 712, 3, 94, 1178, 52;
23, 300, 12, 508, 689, -5, 92, 1170, 47;
26, 300, 13, 543, 692, 4, 102, 1173, 53;
31, 304, 18, 604, 721, 31, 123, 1187, 70;
26, 297, 12, 569, 654, -6, 104, 1161, 47;
32, 301, 16, 634, 687, 24, 126, 1177, 66;
24, 292, 8, 574, 595, -28, 97, 1141, 33;
28, 294, 11, 619, 608, -11, 111, 1148, 43;
34, 299, 16, 689, 645, 22, 136, 1166, 65;
32, 294, 13, 675, 600, 1, 126, 1149, 52;
30, 291, 10, 668, 560, -15, 119, 1135, 41;
33, 292, 12, 707, 567, 0, 131, 1141, 50;
39, 296, 17, 771, 599, 30, 154, 1156, 70;
35, 291, 13, 745, 541, 2, 139, 1135, 52;
37, 291, 14, 770, 534, 8, 146, 1135, 56;
38, 289, 14, 785, 518, 7, 149, 1130, 55;
32, 282, 8, 741, 442, -31, 127, 1102, 31;
33, 281, 8, 756, 427, -30, 130, 1098, 31;
43, 290, 17, 862, 502, 30, 171, 1132, 69;
36, 281, 10, 803, 412, -18, 143, 1097, 39;
42, 285, 15, 865, 443, 14, 166, 1113, 59;
37, 279, 10, 827, 375, -19, 147, 1088, 39;
46, 285, 17, 913, 431, 30, 180, 1114, 69;
41, 278, 12, 869, 357, -6, 159, 1087, 46;
45, 281, 15, 915, 374, 16, 176, 1097, 61;
38, 273, 8, 859, 289, -26, 151, 1065, 34;
41, 274, 11, 892, 293, -11, 162, 1070, 43;
47, 278, 16, 949, 322, 20, 184, 1085, 63;
42, 271, 11, 908, 253, -12, 165, 1060, 43;
49, 277, 17, 980, 298, 29, 193, 1081, 69;
44, 270, 12, 933, 224, -6, 171, 1054, 47;
50, 274, 17, 992, 257, 28, 195, 1071, 68;
50, 273, 18, 1004, 242, 32, 198, 1068, 71;
43, 264, 10, 933, 146, -18, 167, 1031, 39;
48, 268, 14, 984, 171, 11, 187, 1045, 58;
46, 264, 13, 971, 134, 0, 181, 1033, 51;
47, 264, 14, 983, 122, 6, 185, 1032, 54;
48, 264, 14, 993, 108, 10, 189, 1029, 57;
47, 261, 14, 988, 80, 5, 186, 1021, 54;
50, 263, 16, 1014, 84, 21, 196, 1026, 64;
43, 254, 9, 949, -2, -22, 169, 993, 37;
45, 255, 11, 971, -1, -7, 178, 997, 46;
43, 252, 9, 953, -40, -20, 170, 984, 38;
51, 259, 18, 1029, 15, 31, 202, 1011, 70;
46, 252, 12, 973, -59, -5, 179, 983, 47;
47, 252, 13, 982, -69, 1, 183, 983, 52;
48, 252, 14, 994, -75, 11, 189, 984, 58;
46, 249, 13, 977, -109, 2, 183, 973, 52;
43, 244, 9, 938, -164, -21, 167, 953, 37;
42, 242, 8, 927, -192, -26, 164, 945, 34;
47, 246, 14, 973, -161, 8, 184, 961, 55;
41, 240, 9, 920, -229, -23, 163, 937, 36;
45, 243, 13, 953, -209, 2, 178, 948, 52;
45, 241, 13, 944, -232, 0, 176, 942, 51;
45, 241, 14, 945, -243, 6, 178, 941, 55;
47, 242, 16, 960, -240, 21, 186, 945, 64;
48, 242, 17, 965, -245, 30, 190, 946, 70;
46, 239, 16, 938, -282, 19, 181, 934, 62;
42, 234, 12, 892, -337, -5, 164, 914, 47;
45, 237, 16, 919, -319, 19, 178, 925, 63;
44, 235, 15, 900, -346, 14, 172, 917, 59;
44, 234, 16, 896, -356, 19, 173, 916, 63;
40, 230, 13, 855, -404, 0, 159, 899, 50;
39, 228, 12, 833, -431, -6, 153, 891, 46;
34, 223, 8, 783, -485, -31, 135, 871, 31;
36, 224, 10, 791, -482, -17, 141, 875, 40;
36, 224, 11, 784, -491, -12, 142, 874, 43;
42, 229, 17, 833, -445, 29, 165, 896, 69;
32, 220, 8, 735, -544, -25, 128, 858, 35;
41, 228, 18, 805, -475, 31, 161, 889, 70;
36, 222, 13, 746, -533, 3, 140, 868, 52;
32, 218, 10, 700, -578, -16, 124, 851, 40;
36, 222, 15, 730, -546, 14, 141, 867, 59;
36, 222, 16, 719, -554, 19, 140, 866, 62;
32, 218, 13, 676, -594, 2, 127, 852, 52;
33, 219, 15, 674, -592, 12, 130, 855, 58;
26, 212, 8, 597, -663, -25, 102, 828, 35;
33, 219, 16, 650, -605, 21, 128, 854, 64;
26, 212, 10, 577, -671, -13, 102, 829, 42;
25, 211, 10, 556, -684, -14, 98, 826, 42;
27, 213, 13, 561, -671, 2, 105, 833, 52;
24, 211, 12, 528, -695, -6, 96, 825, 47;
19, 206, 8, 469, -744, -31, 76, 807, 31;
20, 208, 10, 469, -733, -17, 81, 813, 40;
23, 211, 14, 484, -707, 7, 92, 825, 55;
24, 212, 15, 476, -703, 16, 94, 828, 60;
18, 207, 10, 407, -759, -14, 71, 807, 41;
21, 210, 15, 426, -727, 12, 83, 822, 58;
17, 207, 12, 375, -763, -6, 68, 808, 47;
21, 212, 17, 402, -722, 26, 84, 827, 67;
15, 206, 12, 329, -778, -6, 59, 804, 47;
19, 211, 17, 357, -734, 27, 76, 824, 68;
17, 209, 16, 322, -752, 20, 67, 817, 63;
16, 210, 16, 305, -751, 24, 65, 819, 66;
12, 206, 13, 248, -789, 2, 47, 804, 52;
15, 210, 17, 265, -754, 29, 59, 819, 69;
12, 208, 16, 225, -774, 19, 48, 812, 62;
8, 204, 13, 171, -807, 0, 32, 799, 50;
7, 204, 13, 148, -809, 0, 27, 798, 51;
8, 206, 15, 143, -793, 13, 31, 805, 59;
5, 204, 13, 103, -811, 3, 20, 799, 52;
8, 209, 18, 122, -769, 32, 33, 816, 70;
6, 208, 16, 85, -782, 23, 24, 811, 65;
0, 202, 11, 7, -836, -11, -2, 788, 43;
-2, 201, 10, -22, -841, -14, -9, 786, 41;
-2, 202, 11, -40, -835, -10, -11, 789, 44;
0, 206, 14, -32, -801, 11, -2, 803, 58;
-3, 204, 13, -70, -813, 2, -12, 798, 52;
-4, 204, 12, -99, -816, 0, -18, 796, 50;
-8, 202, 10, -145, -835, -14, -32, 788, 41;
-5, 206, 14, -135, -797, 8, -22, 803, 56;
-12, 201, 9, -208, -843, -24, -47, 784, 35;
-10, 203, 11, -208, -814, -7, -41, 795, 46;
-6, 209, 17, -180, -758, 26, -24, 817, 67;
-12, 204, 11, -254, -804, -6, -49, 798, 46;
-11, 207, 14, -258, -778, 6, -46, 807, 54;
-17, 202, 9, -325, -815, -22, -68, 791, 37;
-11, 210, 16, -284, -745, 20, -46, 819, 63;
-20, 202, 8, -382, -812, -28, -81, 790, 33;
-15, 209, 14, -344, -744, 11, -60, 817, 58;
-22, 204, 9, -421, -790, -24, -86, 797, 35;
-17, 210, 14, -391, -729, 10, -69, 821, 57;
-19, 210, 13, -422, -729, 5, -76, 819, 54;
-22, 208, 11, -464, -740, -8, -89, 813, 45;
-17, 215, 18, -426, -670, 31, -68, 841, 70;
-20, 214, 16, -460, -673, 23, -78, 838, 65;
-20, 215, 17, -479, -660, 24, -80, 842, 66;
-24, 213, 14, -527, -676, 6, -96, 833, 54;
-27, 212, 12, -563, -680, -3, -106, 829, 48;
-30, 211, 10, -600, -685, -14, -117, 825, 41;
-28, 214, 13, -597, -650, 0, -111, 838, 51;
-24, 220, 17, -572, -593, 29, -96, 859, 69;
-29, 217, 13, -630, -618, 4, -116, 847, 53;
-35, 212, 8, -697, -654, -28, -139, 830, 33;
-30, 220, 15, -653, -577, 13, -117, 859, 59;
-35, 217, 10, -711, -603, -13, -137, 846, 42;
-32, 221, 14, -695, -555, 8, -126, 863, 56;
-39, 215, 7, -773, -601, -32, -155, 842, 31;
-32, 224, 15, -716, -513, 16, -128, 876, 61;
-32, 227, 17, -720, -484, 24, -125, 885, 66;
-33, 227, 16, -737, -470, 23, -129, 888, 65;
-33, 229, 17, -745, -446, 28, -129, 896, 68;
-42, 222, 8, -842, -512, -26, -166, 865, 34;
-41, 224, 10, -839, -478, -14, -161, 877, 41;
-35, 232, 16, -794, -403, 23, -140, 905, 65;
-45, 224, 7, -891, -469, -31, -177, 875, 31;
-37, 233, 16, -824, -372, 20, -146, 912, 63;
-46, 226, 8, -913, -431, -30, -180, 885, 32;
-43, 231, 11, -894, -382, -10, -170, 902, 44;
-40, 235, 14, -873, -332, 11, -159, 920, 57;
-47, 231, 8, -940, -370, -26, -184, 901, 34;
-39, 240, 17, -871, -272, 25, -153, 938, 66;
-47, 233, 9, -956, -329, -25, -187, 911, 35;
-47, 236, 10, -952, -297, -16, -183, 921, 40;
-47, 237, 10, -961, -279, -17, -185, 926, 40;
-48, 238, 9, -973, -264, -20, -188, 929, 38;
-43, 245, 15, -928, -192, 14, -168, 955, 59;
-41, 248, 17, -917, -155, 25, -162, 967, 66;
-50, 241, 9, -999, -211, -25, -195, 941, 35;
-44, 248, 14, -953, -140, 8, -174, 967, 56;
-42, 251, 16, -933, -96, 24, -165, 981, 66;
-43, 252, 16, -940, -79, 22, -167, 985, 64;
-45, 251, 14, -965, -80, 7, -177, 981, 55;
-43, 255, 16, -943, -35, 24, -167, 997, 66;
-42, 257, 17, -937, -6, 29, -164, 1005, 69;
-43, 257, 16, -953, -1, 19, -171, 1004, 63;
-47, 255, 13, -983, -10, 0, -183, 997, 50;
-51, 252, 8, -1027, -33, -29, -201, 984, 32;
-44, 261, 15, -956, 56, 17, -172, 1018, 61;
-42, 263, 17, -943, 89, 25, -167, 1028, 66;
-48, 259, 11, -994, 57, -9, -188, 1011, 44;
-44, 265, 15, -951, 118, 17, -171, 1033, 61;
-51, 258, 8, -1019, 67, -30, -200, 1009, 32;
-41, 269, 17, -924, 179, 30, -161, 1052, 70;
-41, 270, 17, -924, 195, 27, -162, 1055, 68;
-43, 270, 15, -934, 200, 17, -168, 1054, 61;
-49, 264, 9, -993, 156, -24, -193, 1032, 35;
-43, 272, 15, -927, 235, 14, -168, 1062, 59;
-40, 275, 17, -901, 274, 27, -158, 1075, 68;
-40, 277, 17, -892, 296, 28, -156, 1080, 68;
-48, 269, 8, -969, 230, -28, -190, 1050, 33;
-41, 277, 15, -897, 313, 14, -162, 1081, 59;
-41, 278, 15, -886, 334, 15, -160, 1087, 60;
-39, 280, 16, -869, 360, 20, -155, 1094, 63;
-40, 280, 15, -868, 370, 14, -157, 1095, 59;
-38, 283, 16, -845, 401, 22, -149, 1105, 65;
-44, 278, 10, -892, 361, -16, -171, 1085, 40;
-37, 286, 16, -819, 439, 24, -144, 1115, 65;
-38, 284, 14, -830, 434, 8, -151, 1110, 56;
-42, 281, 10, -855, 414, -16, -165, 1098, 40;
-40, 283, 11, -832, 440, -10, -158, 1106, 44;
-41, 283, 9, -832, 444, -19, -161, 1105, 38;
-39, 285, 10, -809, 469, -13, -155, 1113, 42;
-37, 287, 12, -781, 498, -5, -147, 1122, 47;
-34, 291, 15, -737, 542, 13, -133, 1138, 59;
-30, 295, 17, -697, 582, 29, -119, 1152, 69;
-33, 292, 13, -717, 561, 5, -132, 1140, 54;
-32, 293, 14, -697, 580, 7, -127, 1146, 55;
-35, 290, 10, -716, 557, -17, -139, 1134, 40;
-33, 292, 11, -688, 582, -10, -132, 1142, 44;
-35, 290, 8, -697, 569, -28, -139, 1134, 33;
-33, 292, 9, -668, 592, -21, -132, 1142, 37;
-28, 298, 14, -607, 648, 6, -111, 1162, 55;
-33, 293, 8, -643, 604, -30, -130, 1142, 31;
-30, 296, 10, -601, 639, -15, -117, 1155, 41;
-30, 295, 9, -592, 640, -22, -118, 1153, 36;
-29, 296, 9, -571, 652, -22, -114, 1156, 36;
-26, 299, 11, -528, 685, -8, -101, 1168, 45;
-27, 297, 9, -529, 673, -22, -106, 1161, 36;
-20, 304, 15, -451, 740, 14, -79, 1187, 60;
-23, 300, 10, -472, 707, -13, -92, 1172, 42;
-18, 305, 14, -413, 754, 11, -73, 1190, 57;
-15, 308, 17, -366, 787, 27, -58, 1202, 68;
-13, 309, 17, -339, 799, 30, -53, 1206, 69;
-19, 302, 10, -383, 740, -14, -76, 1180, 42;
-12, 309, 16, -305, 802, 22, -49, 1205, 64;
-13, 307, 14, -298, 793, 11, -51, 1200, 57;
-9, 310, 17, -252, 822, 26, -38, 1211, 67;
-12, 306, 13, -268, 788, 0, -50, 1196, 50;
-16, 302, 8, -285, 753, -27, -62, 1180, 34;
-10, 307, 13, -218, 801, 1, -40, 1199, 51;
-5, 311, 16, -160, 839, 24, -21, 1214, 66;
-3, 312, 18, -124, 854, 31, -12, 1220, 70;
-8, 306, 11, -161, 796, -9, -33, 1195, 45;
-9, 304, 9, -160, 775, -25, -38, 1186, 35;
-7, 305, 10, -126, 788, -18, -29, 1191, 39;
1, 313, 17, -29, 861, 29, 4, 1221, 69;
0, 310, 14, -33, 834, 10, -2, 1210, 57;
-2, 307, 11, -35, 808, -7, -9, 1199, 46;
4, 313, 17, 44, 863, 29, 18, 1222, 69;
2, 310, 14, 38, 833, 9, 10, 1209, 56;
2, 308, 13, 49, 819, 0, 9, 1203, 51;
0, 304, 9, 38, 781, -23, -1, 1188, 36;
5, 309, 13, 106, 823, 4, 21, 1205, 54;
7, 309, 14, 134, 824, 7, 27, 1206, 55;
9, 310, 15, 166, 828, 12, 35, 1209, 58;
10, 310, 15, 192, 827, 13, 40, 1209, 59;
12, 310, 16, 226, 832, 19, 48, 1212, 63;
15, 312, 17, 266, 844, 30, 60, 1217, 70;
7, 302, 8, 200, 749, -29, 27, 1179, 32;
13, 306, 13, 270, 790, 1, 50, 1197, 51;
11, 303, 10, 265, 755, -17, 43, 1183, 39;
14, 304, 11, 305, 766, -6, 54, 1188, 46;
20, 309, 17, 377, 808, 25, 79, 1207, 67;
15, 303, 11, 347, 747, -9, 61, 1183, 45;
19, 305, 14, 396, 765, 7, 76, 1192, 55;
24, 308, 17, 450, 789, 28, 93, 1203, 68;
22, 304, 14, 444, 751, 9, 86, 1189, 57;
23, 304, 15, 470, 746, 12, 91, 1188, 58;
22, 301, 12, 467, 712, -3, 85, 1176, 48;
21, 299, 10, 472, 684, -15, 82, 1166, 41;
25, 301, 13, 524, 705, 5, 99, 1176, 54;
23, 297, 10, 512, 661, -16, 89, 1160, 40;
27, 300, 13, 565, 682, 5, 107, 1171, 54;
28, 299, 13, 583, 668, 3, 109, 1166, 52;
27, 297, 12, 590, 643, -4, 108, 1158, 48;
25, 293, 9, 581, 601, -24, 100, 1143, 35;
34, 300, 17, 678, 666, 27, 136, 1172, 68;
32, 296, 14, 669, 625, 9, 128, 1158, 56;
36, 298, 16, 710, 634, 24, 140, 1163, 66;
37, 297, 17, 730, 622, 26, 145, 1161, 67;
33, 291, 12, 701, 561, -4, 129, 1138, 48;
32, 289, 10, 700, 528, -16, 124, 1127, 40;
37, 292, 14, 756, 552, 9, 144, 1139, 56;
35, 289, 12, 755, 520, -1, 140, 1128, 49;
42, 293, 18, 822, 555, 32, 164, 1146, 71;
41, 291, 16, 824, 525, 23, 161, 1136, 65;
41, 289, 16, 831, 501, 18, 161, 1129, 62;
36, 283, 10, 795, 435, -14, 143, 1104, 42;
43, 288, 17, 870, 478, 26, 171, 1125, 67;
42, 285, 15, 863, 441, 13, 165, 1113, 59;
40, 282, 12, 854, 402, 0, 159, 1099, 50;
39, 278, 10, 845, 363, -15, 152, 1086, 41;
43, 280, 14, 888, 376, 6, 167, 1095, 54;
41, 278, 12, 883, 342, -4, 163, 1084, 48;
39, 273, 9, 863, 293, -24, 152, 1067, 35;
39, 272, 9, 872, 273, -25, 154, 1061, 35;
47, 279, 17, 956, 330, 25, 187, 1088, 66;
41, 271, 10, 901, 246, -17, 162, 1057, 40;
48, 276, 17, 972, 290, 24, 190, 1078, 66;
40, 267, 8, 903, 194, -26, 159, 1041, 34;
46, 270, 13, 958, 222, 5, 180, 1056, 54;
49, 272, 17, 992, 231, 24, 193, 1063, 66;
48, 269, 15, 981, 194, 13, 187, 1051, 59;
41, 261, 8, 925, 113, -26, 163, 1021, 34;
46, 264, 13, 971, 133, 0, 181, 1033, 51;
47, 264, 14, 984, 123, 7, 186, 1032, 55;
48, 264, 14, 995, 110, 11, 189, 1030, 58;
45, 259, 11, 966, 58, -8, 177, 1012, 45;
47, 260, 13, 988, 58, 4, 185, 1015, 53;
51, 262, 17, 1020, 68, 25, 199, 1023, 66;
50, 260, 16, 1011, 38, 18, 195, 1014, 62;
42, 251, 8, 939, -54, -29, 165, 979, 32;
47, 255, 13, 990, -22, 5, 186, 995, 54;
48, 254, 14, 992, -40, 7, 187, 991, 55;
48, 253, 15, 999, -52, 12, 190, 990, 59;
43, 247, 10, 949, -120, -18, 170, 965, 39;
50, 253, 17, 1013, -73, 26, 198, 988, 67;
49, 251, 16, 1000, -103, 19, 193, 979, 63;
46, 246, 12, 964, -155, 0, 179, 961, 50;
40, 240, 7, 913, -221, -31, 159, 936, 31;
46, 244, 13, 960, -189, 3, 180, 953, 52;
40, 237, 7, 900, -262, -32, 156, 926, 30;
40, 236, 8, 898, -278, -29, 157, 923, 32;
45, 241, 14, 945, -243, 6, 178, 941, 55;
42, 236, 10, 907, -293, -13, 164, 923, 42;
44, 238, 13, 923, -287, 2, 173, 929, 52;
45, 238, 15, 931, -289, 14, 178, 931, 60;
48, 240, 18, 948, -281, 32, 188, 937, 71;
42, 234, 13, 890, -348, 0, 166, 913, 51;
39, 230, 10, 858, -387, -13, 155, 900, 42;
36, 226, 8, 821, -432, -30, 142, 884, 31;
46, 235, 18, 904, -355, 32, 179, 919, 70;
36, 225, 8, 803, -461, -26, 140, 878, 34;
42, 230, 15, 854, -415, 16, 164, 900, 60;
37, 225, 11, 799, -474, -11, 145, 879, 43;
40, 227, 14, 818, -457, 10, 156, 888, 57;
33, 220, 8, 747, -531, -27, 129, 860, 33;
34, 221, 10, 753, -526, -13, 135, 865, 42;
31, 218, 8, 713, -567, -29, 122, 851, 32;
37, 224, 15, 760, -519, 12, 145, 873, 58;
39, 226, 18, 774, -504, 32, 155, 882, 71;
33, 220, 13, 708, -568, 0, 132, 858, 50;
37, 223, 17, 733, -540, 28, 146, 872, 68;
28, 214, 8, 634, -636, -25, 109, 835, 34;
32, 218, 13, 662, -603, 5, 125, 851, 54;
29, 215, 11, 625, -636, -7, 114, 839, 46;
32, 218, 16, 646, -609, 19, 127, 853, 63;
30, 216, 15, 616, -631, 12, 119, 845, 58;
30, 216, 15, 603, -638, 16, 118, 845, 61;
25, 212, 12, 550, -682, -4, 101, 829, 47;
30, 216, 17, 578, -645, 27, 117, 846, 67;
24, 211, 13, 517, -696, 0, 96, 826, 51;
18, 206, 8, 450, -752, -29, 73, 805, 32;
21, 209, 12, 463, -728, -6, 84, 817, 46;
21, 210, 13, 452, -727, 0, 84, 819, 51;
18, 206, 10, 407, -759, -15, 70, 807, 41;
23, 213, 17, 446, -706, 26, 92, 830, 67;
19, 209, 13, 392, -747, 4, 74, 815, 53;
15, 206, 11, 347, -776, -9, 61, 804, 45;
14, 205, 11, 319, -788, -12, 55, 800, 42;
10, 202, 8, 276, -815, -26, 42, 790, 34;
13, 206, 12, 291, -783, 0, 54, 805, 50;
16, 209, 16, 302, -754, 22, 64, 817, 65;
14, 208, 15, 268, -770, 15, 55, 812, 60;
8, 203, 10, 199, -819, -13, 32, 792, 42;
11, 206, 14, 212, -787, 10, 43, 806, 57;
3, 200, 8, 126, -852, -30, 13, 780, 32;
5, 202, 11, 131, -827, -11, 20, 791, 44;
0, 199, 8, 75, -860, -31, 3, 777, 31;
5, 205, 14, 110, -803, 7, 23, 801, 55;
0, 201, 9, 45, -846, -19, 1, 784, 38;
0, 202, 10, 29, -838, -13, 1, 788, 42;
-1, 201, 10, 0, -843, -16, -5, 786, 40;
0, 203, 12, -2, -821, -1, 0, 795, 50;
-2, 203, 12, -34, -828, -6, -8, 792, 47;
-6, 200, 8, -88, -857, -26, -25, 780, 34;
-1, 206, 15, -50, -794, 15, -4, 806, 60;
-8, 201, 9, -130, -847, -21, -31, 783, 37;
-10, 199, 8, -167, -857, -29, -41, 779, 32;
-2, 209, 17, -106, -768, 27, -10, 815, 68;
-6, 206, 14, -157, -792, 9, -26, 805, 57;
-9, 204, 12, -199, -806, -2, -37, 798, 49;
-11, 204, 12, -226, -804, -3, -43, 798, 48;
-14, 203, 10, -270, -819, -17, -56, 791, 40;
-15, 203, 10, -293, -813, -16, -60, 793, 40;
-18, 201, 8, -335, -826, -28, -72, 787, 32;
-17, 204, 10, -340, -801, -16, -69, 796, 40;
-15, 208, 14, -328, -758, 6, -58, 812, 55;
-17, 208, 13, -359, -759, 1, -66, 811, 51;
-22, 204, 9, -419, -788, -22, -85, 798, 36;
-23, 205, 9, -443, -781, -23, -90, 799, 36;
-19, 210, 14, -420, -728, 6, -76, 820, 54;
-23, 208, 11, -466, -742, -9, -90, 813, 45;
-20, 212, 15, -455, -699, 12, -80, 828, 58;
-22, 212, 13, -487, -700, 5, -89, 827, 54;
-23, 213, 14, -504, -685, 7, -91, 831, 55;
-21, 217, 17, -493, -642, 29, -82, 847, 69;
-24, 215, 15, -539, -656, 12, -96, 839, 58;
-27, 214, 13, -572, -657, 3, -105, 837, 53;
-24, 218, 16, -561, -614, 24, -96, 853, 65;
-29, 215, 13, -617, -638, 0, -115, 841, 50;
-35, 211, 8, -681, -670, -30, -137, 825, 32;
-30, 218, 14, -642, -599, 8, -117, 853, 56;
-32, 218, 13, -672, -596, 0, -125, 851, 51;
-31, 221, 14, -673, -565, 11, -121, 862, 58;
-31, 222, 15, -688, -548, 13, -124, 866, 59;
-32, 222, 14, -707, -535, 11, -128, 869, 58;
-32, 225, 16, -713, -510, 18, -126, 877, 62;
-37, 222, 12, -766, -531, -5, -145, 866, 47;
-32, 228, 17, -735, -468, 25, -128, 889, 66;
-42, 220, 8, -835, -537, -31, -166, 858, 31;
-40, 223, 10, -825, -495, -14, -159, 873, 41;
-33, 232, 18, -768, -407, 32, -132, 906, 71;
-35, 233, 17, -786, -395, 29, -136, 908, 69;
-38, 231, 14, -827, -405, 10, -150, 901, 57;
-44, 227, 9, -889, -437, -22, -173, 885, 37;
-44, 228, 10, -894, -412, -18, -173, 892, 39;
-41, 233, 13, -875, -363, 2, -162, 910, 52;
-38, 238, 17, -851, -310, 25, -149, 929, 67;
-41, 236, 14, -885, -315, 9, -161, 923, 56;
-45, 235, 11, -923, -325, -9, -175, 916, 45;
-40, 241, 16, -884, -258, 22, -157, 941, 65;
-41, 242, 16, -896, -242, 20, -160, 944, 63;
-39, 245, 17, -890, -208, 30, -155, 955, 69;
-43, 243, 14, -927, -218, 10, -169, 948, 57;
-45, 242, 12, -953, -217, -2, -178, 945, 49;
-43, 245, 14, -939, -177, 10, -171, 958, 57;
-44, 246, 14, -948, -160, 8, -173, 962, 56;
-44, 248, 15, -946, -134, 12, -172, 969, 59;
-47, 246, 11, -980, -143, -6, -185, 962, 46;
-49, 246, 10, -998, -137, -16, -191, 961, 40;
-50, 246, 9, -1015, -130, -25, -198, 961, 35;
-49, 248, 10, -1008, -100, -19, -194, 970, 39;
-48, 251, 11, -1000, -70, -12, -190, 979, 43;
-41, 259, 18, -935, 16, 31, -163, 1012, 70;
-44, 258, 15, -960, 13, 15, -173, 1007, 60;
-49, 254, 10, -1009, -15, -16, -194, 991, 40;
-46, 259, 14, -973, 40, 6, -179, 1011, 54;
-47, 258, 12, -990, 42, -6, -186, 1008, 47;
-42, 265, 17, -941, 109, 25, -167, 1033, 66;
-47, 261, 11, -987, 82, -6, -186, 1018, 46;
-44, 265, 14, -957, 129, 11, -174, 1035, 58;
-44, 266, 14, -955, 148, 9, -174, 1039, 57;
-43, 268, 15, -941, 178, 16, -169, 1048, 61;
-43, 269, 15, -938, 196, 15, -169, 1052, 60;
-42, 271, 16, -926, 223, 19, -166, 1060, 63;
-46, 268, 11, -963, 199, -9, -182, 1047, 45;
-49, 266, 8, -987, 189, -29, -194, 1039, 32;
-47, 269, 10, -959, 229, -16, -184, 1052, 40;
-45, 272, 11, -941, 258, -9, -178, 1062, 45;
-40, 278, 17, -881, 329, 24, -156, 1088, 66;
-41, 278, 15, -889, 332, 13, -161, 1086, 59;
-38, 282, 17, -854, 375, 30, -149, 1100, 69;
-42, 279, 13, -886, 352, 2, -164, 1088, 52;
-43, 278, 11, -891, 355, -7, -168, 1086, 46;
-42, 280, 12, -873, 380, -3, -164, 1093, 48;
-42, 280, 11, -869, 390, -9, -165, 1094, 45;
-41, 282, 12, -849, 415, -4, -159, 1102, 48;
-42, 281, 9, -860, 408, -20, -167, 1096, 38;
-41, 283, 10, -837, 435, -13, -160, 1104, 42;
-39, 285, 11, -814, 461, -7, -154, 1112, 45;
-38, 287, 12, -793, 485, -3, -149, 1119, 48;
-41, 283, 8, -818, 461, -29, -162, 1107, 32;
-36, 289, 13, -758, 522, 0, -141, 1129, 50;
-34, 291, 14, -732, 547, 6, -134, 1137, 54;
-30, 295, 16, -689, 589, 23, -120, 1152, 65;
-31, 295, 15, -683, 593, 16, -121, 1151, 61;
-30, 295, 15, -668, 605, 14, -119, 1154, 60;
-33, 293, 12, -682, 588, -5, -129, 1145, 47;
-30, 296, 13, -647, 619, 5, -119, 1155, 54;
-30, 296, 13, -633, 628, 2, -117, 1156, 52;
-24, 302, 18, -569, 685, 31, -95, 1178, 70;
-28, 298, 13, -592, 656, 3, -109, 1164, 53;
-24, 301, 15, -552, 688, 17, -97, 1175, 61;
-30, 295, 9, -595, 637, -25, -119, 1152, 35;
-29, 295, 8, -576, 647, -26, -116, 1154, 34;
-26, 298, 10, -536, 678, -12, -104, 1165, 42;
-28, 296, 8, -542, 660, -31, -112, 1156, 31;
-23, 301, 12, -477, 714, -2, -89, 1177, 49;
-17, 307, 17, -411, 768, 26, -67, 1197, 67;
-16, 307, 17, -391, 775, 25, -64, 1199, 67;
-23, 300, 9, -444, 709, -24, -91, 1170, 35;
-20, 302, 10, -408, 730, -15, -81, 1177, 41;
-20, 302, 10, -387, 736, -17, -78, 1178, 40;
-15, 306, 14, -329, 778, 6, -59, 1195, 54;
-14, 306, 13, -310, 781, 3, -56, 1195, 53;
-17, 302, 9, -324, 750, -21, -67, 1181, 37;
-13, 306, 12, -270, 786, -1, -50, 1195, 50;
-10, 307, 13, -236, 801, 5, -42, 1200, 54;
-5, 312, 18, -172, 846, 31, -21, 1218, 70;
-6, 310, 15, -170, 829, 17, -25, 1210, 61;
-8, 307, 12, -175, 803, -2, -33, 1199, 49;
-4, 310, 15, -125, 832, 14, -18, 1210, 60;
-10, 303, 8, -168, 767, -30, -41, 1183, 32;
-5, 308, 12, -102, 811, -2, -20, 1201, 49;
0, 312, 16, -38, 852, 23, 0, 1218, 65;
0, 310, 14, -32, 835, 11, -2, 1210, 58;
-6, 303, 8, -71, 772, -31, -24, 1184, 31;
-3, 305, 9, -31, 788, -20, -12, 1190, 38;
0, 307, 11, 14, 808, -7, 0, 1199, 46;
1, 307, 11, 39, 808, -6, 4, 1199, 46;
7, 312, 16, 108, 852, 23, 28, 1217, 65;
4, 308, 13, 99, 816, 0, 18, 1203, 51;
1, 304, 8, 84, 774, -25, 6, 1186, 34;
2, 303, 8, 101, 764, -30, 8, 1182, 31;
12, 312, 17, 211, 846, 26, 48, 1217, 67;
6, 305, 10, 172, 779, -15, 26, 1189, 41;
9, 306, 12, 212, 790, -5, 37, 1195, 47;
11, 306, 12, 241, 791, -1, 44, 1196, 49;
14, 308, 15, 286, 806, 12, 57, 1203, 58;
10, 302, 9, 258, 749, -22, 40, 1180, 37;
14, 305, 12, 314, 775, 0, 58, 1192, 50;
20, 310, 17, 382, 812, 28, 81, 1209, 68;
21, 309, 17, 403, 803, 27, 84, 1206, 68;
22, 308, 17, 425, 794, 27, 88, 1204, 67;
14, 299, 8, 361, 699, -31, 56, 1166, 31;
22, 305, 14, 446, 753, 10, 86, 1190, 57;
24, 305, 15, 474, 750, 14, 93, 1190, 60;
24, 303, 14, 488, 733, 10, 94, 1184, 57;
27, 305, 16, 528, 741, 22, 106, 1190, 64;
23, 300, 12, 508, 689, -5, 93, 1170, 47;
27, 301, 14, 550, 699, 8, 105, 1176, 56;
27, 300, 14, 566, 684, 6, 107, 1171, 54;
29, 300, 15, 599, 684, 14, 116, 1173, 59;
24, 293, 8, 559, 611, -25, 95, 1145, 34;
34, 302, 18, 665, 685, 31, 135, 1178, 70;
30, 296, 13, 637, 625, 0, 119, 1155, 51;
26, 290, 8, 609, 566, -30, 103, 1133, 32;
29, 291, 10, 647, 571, -17, 114, 1137, 40;
30, 290, 10, 663, 555, -18, 117, 1133, 39;
31, 290, 10, 685, 545, -15, 122, 1131, 41;
34, 291, 12, 723, 551, -1, 134, 1136, 50;
31, 286, 9, 704, 500, -25, 122, 1118, 35;
36, 290, 13, 764, 528, 4, 144, 1132, 53;
38, 290, 14, 791, 524, 12, 151, 1133, 58;
38, 288, 13, 793, 495, 3, 149, 1124, 53;
40, 288, 15, 822, 492, 12, 157, 1125, 58;
36, 282, 10, 792, 432, -16, 142, 1103, 40;
42, 286, 15, 852, 461, 14, 164, 1118, 60;
38, 281, 10, 821, 400, -14, 148, 1095, 42;
44, 285, 16, 890, 438, 23, 174, 1114, 65;
44, 283, 15, 893, 411, 17, 172, 1106, 61;
38, 275, 9, 841, 329, -25, 148, 1075, 35;
45, 281, 16, 920, 379, 20, 178, 1099, 63;
42, 276, 12, 891, 321, -6, 164, 1078, 47;
45, 278, 15, 928, 329, 12, 177, 1084, 58;
41, 272, 10, 897, 271, -14, 162, 1063, 42;
41, 271, 10, 902, 247, -16, 162, 1057, 40;
39, 267, 8, 889, 207, -30, 155, 1043, 31;
43, 270, 11, 932, 223, -6, 171, 1053, 46;
45, 269, 12, 948, 212, 0, 176, 1052, 50;
40, 263, 8, 908, 146, -31, 158, 1028, 31;
43, 265, 10, 938, 150, -15, 169, 1033, 41;
45, 265, 11, 954, 142, -7, 175, 1033, 46;
51, 269, 17, 1014, 177, 29, 199, 1051, 69;
44, 261, 10, 954, 93, -13, 173, 1019, 42;
44, 260, 10, 957, 72, -13, 173, 1014, 42;
44, 258, 11, 960, 52, -12, 174, 1009, 42;
46, 259, 12, 980, 49, -1, 182, 1012, 50;
42, 254, 8, 943, -9, -26, 166, 991, 34;
44, 254, 10, 957, -16, -17, 172, 991, 40;
45, 254, 11, 967, -26, -10, 176, 990, 44;
45, 253, 11, 972, -41, -6, 179, 988, 46;
50, 256, 16, 1013, -19, 21, 196, 1000, 64;
45, 250, 11, 965, -86, -9, 176, 976, 45;
48, 252, 14, 992, -77, 9, 188, 983, 57;
46, 249, 12, 972, -114, -1, 181, 971, 50;
47, 249, 14, 984, -119, 9, 186, 972, 56;
49, 250, 16, 999, -119, 22, 194, 975, 64;
42, 241, 9, 925, -209, -23, 164, 942, 36;
41, 240, 9, 920, -229, -23, 163, 937, 36;
50, 247, 17, 994, -168, 29, 195, 965, 69;
48, 245, 16, 975, -200, 21, 189, 955, 64;
43, 239, 12, 926, -261, -5, 170, 933, 47;
45, 240, 14, 938, -261, 7, 177, 936, 55;
43, 237, 12, 913, -297, -3, 169, 925, 48;
41, 234, 10, 889, -331, -13, 161, 914, 42;
47, 240, 17, 944, -285, 29, 186, 936, 69;
38, 230, 9, 853, -385, -24, 150, 898, 35;
39, 230, 10, 855, -391, -15, 154, 898, 41;
36, 226, 8, 820, -432, -31, 142, 884, 31;
44, 233, 16, 884, -375, 19, 171, 911, 62;
38, 227, 11, 826, -438, -11, 150, 888, 43;
39, 228, 12, 829, -440, 0, 154, 890, 50;
38, 226, 12, 811, -461, -3, 150, 884, 48;
40, 228, 15, 825, -451, 14, 158, 891, 60;
39, 227, 15, 809, -469, 13, 155, 886, 59;
37, 225, 14, 782, -497, 6, 148, 877, 54;
32, 219, 9, 725, -554, -21, 127, 856, 37;
36, 223, 13, 750, -529, 5, 142, 869, 54;
36, 222, 14, 738, -540, 8, 140, 867, 56;
31, 217, 10, 686, -590, -14, 123, 849, 42;
34, 220, 14, 703, -570, 8, 134, 860, 56;
37, 223, 17, 718, -551, 30, 144, 870, 69;
35, 221, 17, 694, -571, 26, 138, 864, 67;
32, 218, 14, 653, -608, 11, 125, 851, 57;
32, 218, 16, 646, -609, 19, 127, 853, 62;
27, 214, 12, 591, -657, -4, 108, 835, 48;
23, 209, 8, 534, -706, -28, 89, 817, 32;
22, 209, 8, 517, -715, -27, 87, 815, 34;
27, 214, 14, 555, -668, 11, 107, 836, 58;
25, 212, 14, 525, -688, 6, 100, 830, 54;
19, 206, 8, 455, -748, -26, 75, 807, 34;
21, 209, 11, 460, -732, -9, 82, 815, 45;
17, 206, 9, 416, -763, -23, 69, 804, 36;
19, 208, 11, 417, -749, -8, 75, 811, 45;
23, 212, 16, 442, -710, 23, 90, 828, 65;
13, 203, 7, 337, -802, -31, 51, 792, 31;
14, 205, 10, 340, -784, -14, 58, 801, 41;
12, 203, 9, 302, -805, -24, 48, 793, 35;
13, 205, 11, 303, -788, -8, 53, 801, 45;
14, 206, 13, 292, -782, 0, 54, 805, 51;
17, 211, 17, 314, -742, 30, 69, 823, 70;
14, 208, 16, 272, -765, 18, 57, 814, 62;
9, 204, 12, 215, -804, -3, 38, 799, 48;
7, 203, 11, 177, -822, -12, 28, 792, 43;
11, 207, 16, 199, -779, 18, 43, 810, 62;
4, 202, 10, 122, -835, -16, 17, 788, 40;
3, 201, 10, 96, -839, -17, 11, 786, 39;
1, 201, 9, 67, -847, -21, 5, 784, 37;
8, 209, 18, 122, -768, 32, 33, 816, 71;
-1, 200, 9, 13, -854, -24, -5, 781, 35;
1, 204, 13, 27, -816, 1, 5, 797, 52;
-1, 202, 11, -18, -837, -12, -7, 788, 43;
-3, 202, 11, -42, -837, -12, -12, 788, 43;
-3, 203, 12, -56, -825, -4, -12, 793, 48;
-2, 205, 14, -63, -807, 6, -9, 800, 55;
-3, 205, 14, -86, -803, 7, -13, 802, 55;
-10, 200, 8, -162, -852, -26, -39, 781, 34;
-6, 205, 13, -142, -805, 3, -25, 800, 52;
-6, 207, 15, -152, -787, 13, -23, 807, 59;
-11, 202, 10, -219, -825, -15, -46, 790, 41;
-8, 207, 14, -205, -784, 9, -35, 807, 57;
-14, 203, 10, -268, -817, -15, -55, 792, 41;
-8, 210, 17, -229, -749, 26, -33, 820, 67;
-16, 203, 10, -319, -809, -18, -65, 794, 39;
-12, 209, 15, -288, -749, 18, -47, 818, 62;
-19, 204, 10, -366, -797, -18, -74, 797, 39;
-19, 206, 11, -378, -778, -11, -74, 803, 44;
-22, 204, 8, -424, -794, -26, -88, 795, 34;
-17, 211, 15, -387, -725, 13, -67, 822, 59;
-24, 205, 9, -467, -774, -24, -95, 801, 35;
-21, 210, 13, -448, -724, 2, -82, 820, 52;
-18, 215, 17, -430, -674, 29, -70, 839, 69;
-28, 206, 8, -539, -752, -29, -110, 805, 32;
-25, 210, 11, -527, -708, -7, -100, 822, 46;
-26, 211, 12, -545, -695, -5, -103, 825, 47;
-22, 218, 17, -513, -631, 29, -85, 850, 69;
-29, 212, 11, -593, -678, -10, -114, 828, 44;
-27, 216, 14, -583, -636, 9, -105, 844, 57;
-28, 216, 13, -612, -633, 3, -113, 843, 53;
-33, 213, 10, -664, -652, -18, -130, 832, 39;
-30, 218, 14, -642, -599, 8, -117, 853, 56;
-35, 215, 9, -703, -627, -20, -138, 838, 38;
-31, 220, 14, -680, -572, 7, -124, 859, 55;
-33, 220, 13, -703, -563, 3, -129, 860, 53;
-39, 216, 8, -772, -600, -31, -154, 842, 31;
-31, 226, 17, -700, -497, 27, -121, 883, 67;
-34, 224, 14, -742, -507, 10, -135, 876, 57;
-39, 221, 10, -800, -533, -18, -155, 862, 39;
-40, 222, 10, -816, -518, -18, -158, 866, 39;
-37, 226, 13, -796, -466, 4, -147, 885, 53;
-39, 226, 12, -823, -462, -4, -154, 883, 48;
-43, 224, 9, -864, -472, -22, -168, 876, 37;
-44, 225, 9, -879, -457, -23, -172, 880, 36;
-39, 232, 14, -841, -389, 9, -153, 905, 57;
-36, 236, 17, -823, -341, 29, -143, 922, 69;
-43, 231, 11, -890, -379, -7, -168, 903, 46;
-39, 236, 15, -865, -324, 16, -155, 923, 60;
-47, 231, 8, -939, -369, -26, -184, 901, 34;
-45, 234, 10, -930, -331, -13, -178, 914, 42;
-44, 236, 12, -926, -299, -5, -174, 924, 47;
-45, 238, 12, -936, -282, -6, -176, 928, 47;
-43, 241, 14, -920, -238, 9, -168, 943, 57;
-49, 237, 8, -984, -275, -28, -193, 924, 33;
-42, 246, 16, -917, -182, 21, -164, 959, 64;
-41, 248, 17, -914, -152, 27, -161, 969, 68;
-50, 241, 8, -1001, -213, -26, -195, 940, 34;
-45, 247, 13, -961, -149, 2, -178, 963, 52;
-42, 252, 17, -931, -94, 26, -164, 983, 67;
-43, 252, 16, -941, -80, 21, -168, 985, 64;
-45, 251, 14, -965, -80, 7, -177, 981, 55;
-49, 249, 10, -1001, -93, -14, -191, 973, 42;
-50, 249, 9, -1011, -81, -20, -195, 974, 38;
-47, 254, 12, -985, -33, -1, -184, 991, 49;
-50, 252, 9, -1014, -41, -20, -196, 984, 38;
-44, 259, 15, -958, 34, 16, -173, 1012, 61;
-49, 255, 10, -1008, 5, -17, -194, 997, 40;
-49, 257, 10, -1006, 26, -16, -193, 1002, 40;
-44, 262, 14, -962, 89, 11, -175, 1025, 58;
-50, 258, 9, -1009, 60, -21, -195, 1009, 37;
-44, 266, 15, -951, 135, 15, -172, 1037, 60;
-48, 262, 10, -994, 109, -16, -191, 1023, 40;
-47, 264, 11, -978, 141, -7, -185, 1033, 46;
-42, 270, 16, -928, 206, 21, -165, 1056, 64;
-42, 271, 16, -927, 221, 18, -166, 1059, 62;
-48, 267, 10, -976, 186, -18, -188, 1041, 39;
-42, 273, 15, -922, 254, 13, -167, 1066, 59;
-48, 268, 8, -974, 213, -26, -190, 1046, 34;
-42, 275, 14, -909, 290, 11, -165, 1075, 58;
-43, 275, 13, -912, 298, 4, -168, 1075, 53;
-47, 272, 9, -943, 277, -22, -183, 1063, 36;
-38, 281, 17, -861, 368, 25, -151, 1098, 67;
-41, 279, 13, -881, 357, 5, -162, 1090, 54;
-44, 277, 10, -902, 344, -15, -173, 1081, 41;
-42, 279, 11, -880, 373, -8, -167, 1090, 45;
-36, 286, 17, -811, 448, 29, -141, 1118, 69;
-41, 282, 12, -852, 412, -6, -161, 1101, 47;
-40, 283, 11, -841, 428, -7, -159, 1104, 46;
-38, 286, 13, -812, 461, 3, -150, 1115, 52;
-34, 290, 16, -770, 506, 21, -136, 1131, 64;
-39, 285, 11, -805, 472, -11, -154, 1114, 43;
-37, 287, 12, -781, 498, -5, -147, 1122, 47;
-40, 285, 8, -796, 483, -25, -157, 1113, 35;
-39, 286, 8, -780, 499, -25, -154, 1117, 34;
-33, 292, 14, -715, 563, 6, -131, 1141, 54;
-34, 292, 12, -710, 566, -1, -132, 1140, 50;
-37, 288, 8, -735, 539, -29, -147, 1126, 32;
-29, 297, 16, -644, 625, 18, -113, 1160, 62;
-26, 299, 17, -613, 652, 27, -104, 1169, 68;
-27, 299, 15, -609, 651, 17, -107, 1166, 61;
-25, 301, 17, -576, 679, 27, -98, 1175, 68;
-28, 297, 12, -600, 648, -1, -112, 1160, 49;
-31, 295, 9, -612, 628, -23, -122, 1150, 36;
-25, 300, 14, -548, 684, 6, -100, 1171, 54;
-26, 299, 11, -548, 675, -7, -104, 1166, 46;
-26, 298, 10, -538, 676, -14, -105, 1164, 42;
-28, 296, 8, -540, 662, -30, -111, 1157, 32;
-27, 297, 8, -515, 677, -27, -105, 1161, 33;
-25, 299, 9, -483, 696, -21, -97, 1167, 37;
-22, 301, 10, -451, 715, -14, -89, 1174, 41;
-20, 303, 12, -416, 736, -6, -79, 1181, 47;
-23, 299, 8, -432, 706, -31, -91, 1167, 31;
-22, 300, 8, -406, 717, -29, -85, 1171, 32;
-16, 304, 12, -343, 764, -3, -65, 1189, 49;
-16, 304, 11, -331, 760, -10, -65, 1186, 44;
-16, 303, 10, -317, 757, -16, -65, 1184, 40;
-14, 304, 11, -287, 769, -12, -57, 1188, 43;
-10, 308, 14, -234, 803, 6, -41, 1201, 55;
-11, 306, 12, -230, 789, -6, -45, 1194, 46;
-4, 312, 17, -154, 845, 28, -19, 1217, 68;
-5, 310, 15, -148, 830, 15, -22, 1210, 60;
-4, 310, 15, -122, 836, 17, -16, 1212, 61;
-5, 308, 13, -116, 820, 4, -20, 1205, 53;
-4, 308, 12, -100, 813, -1, -19, 1202, 50;
-3, 308, 13, -71, 820, 1, -12, 1204, 52;
-7, 303, 8, -94, 773, -29, -27, 1185, 32;
-3, 306, 10, -44, 799, -13, -12, 1195, 42;
2, 311, 15, 25, 845, 16, 10, 1214, 61;
0, 306, 11, 8, 803, -10, -1, 1197, 44;
-1, 304, 9, 13, 782, -23, -5, 1188, 36;
4, 309, 14, 83, 826, 6, 17, 1207, 54;
6, 310, 14, 114, 831, 10, 24, 1209, 57;
9, 311, 16, 154, 844, 20, 35, 1215, 63;
7, 308, 13, 155, 818, 5, 30, 1204, 54;
9, 309, 14, 182, 817, 7, 36, 1205, 55;
14, 312, 18, 244, 850, 31, 56, 1219, 70;
6, 303, 9, 183, 761, -25, 25, 1183, 35;
8, 303, 9, 211, 761, -21, 32, 1183, 37;
9, 302, 9, 233, 753, -23, 35, 1181, 36;
14, 306, 13, 292, 783, 0, 54, 1194, 51;
16, 307, 14, 328, 789, 8, 64, 1198, 56;
12, 302, 9, 307, 737, -21, 50, 1178, 37;
18, 306, 14, 375, 775, 9, 73, 1195, 56;
15, 301, 9, 355, 724, -19, 59, 1175, 38;
15, 300, 9, 372, 710, -23, 61, 1170, 36;
24, 307, 17, 469, 776, 26, 96, 1199, 67;
25, 306, 17, 490, 766, 25, 100, 1196, 66;
19, 299, 10, 448, 692, -17, 77, 1168, 40;
27, 305, 17, 533, 746, 25, 108, 1191, 66;
23, 299, 11, 505, 686, -7, 91, 1168, 46;
25, 300, 13, 538, 687, 0, 100, 1171, 51;
28, 301, 14, 573, 690, 10, 110, 1174, 57;
29, 300, 15, 599, 684, 14, 116, 1173, 59;
32, 301, 17, 635, 688, 25, 127, 1177, 66;
33, 300, 16, 652, 672, 23, 129, 1173, 65;
32, 298, 15, 658, 646, 14, 127, 1164, 60;
31, 295, 12, 653, 610, 0, 121, 1151, 50;
31, 293, 12, 667, 591, -3, 123, 1146, 48;
32, 292, 12, 685, 577, -3, 126, 1142, 48;
30, 289, 9, 678, 538, -20, 119, 1128, 38;
39, 296, 17, 771, 599, 30, 154, 1156, 69;
37, 292, 14, 758, 554, 10, 145, 1140, 57;
36, 289, 13, 759, 524, 1, 142, 1130, 51;
33, 284, 9, 736, 469, -24, 128, 1110, 35;
40, 290, 15, 811, 513, 15, 156, 1131, 60;
40, 288, 14, 818, 488, 10, 156, 1124, 57;
34, 280, 8, 771, 411, -30, 133, 1094, 32;
36, 281, 10, 801, 410, -19, 143, 1097, 39;
37, 280, 10, 817, 395, -17, 146, 1094, 40;
38, 279, 10, 828, 376, -18, 148, 1089, 39;
44, 284, 16, 896, 414, 18, 173, 1107, 62;
41, 279, 12, 874, 362, -3, 162, 1089, 49;
40, 276, 11, 871, 330, -12, 158, 1079, 43;
44, 279, 14, 917, 347, 11, 175, 1089, 58;
48, 281, 18, 958, 359, 32, 189, 1097, 70;
47, 278, 16, 948, 321, 19, 183, 1084, 63;
42, 271, 10, 905, 251, -14, 164, 1058, 41;
48, 276, 17, 974, 292, 25, 190, 1079, 67;
43, 269, 11, 926, 217, -10, 169, 1051, 44;
48, 272, 15, 975, 239, 17, 187, 1063, 61;
45, 268, 13, 955, 193, 0, 178, 1048, 50;
47, 269, 14, 979, 191, 11, 186, 1050, 58;
42, 262, 9, 930, 117, -23, 165, 1023, 36;
47, 265, 14, 980, 143, 6, 185, 1037, 55;
49, 266, 15, 1001, 140, 18, 192, 1039, 62;
48, 264, 14, 995, 110, 11, 189, 1030, 58;
44, 258, 10, 958, 50, -14, 174, 1009, 42;
47, 260, 13, 986, 55, 2, 184, 1014, 52;
44, 255, 10, 960, 8, -15, 174, 998, 41;
46, 256, 12, 981, 8, -1, 182, 1001, 50;
51, 259, 17, 1022, 29, 26, 199, 1013, 67;
46, 253, 12, 978, -35, -2, 181, 990, 49;
50, 257, 16, 1018, -14, 24, 198, 1002, 66;
50, 255, 16, 1012, -39, 21, 196, 995, 64;
46, 250, 12, 973, -95, -2, 180, 975, 49;
50, 252, 16, 1006, -80, 21, 195, 985, 64;
50, 251, 17, 1008, -95, 25, 196, 982, 66;
47, 248, 14, 982, -137, 10, 186, 968, 57;
42, 241, 9, 925, -209, -23, 164, 941, 36;
48, 246, 15, 981, -168, 17, 188, 962, 61;
49, 247, 17, 991, -171, 28, 194, 964, 68;
49, 246, 17, 988, -188, 30, 194, 960, 69;
41, 237, 10, 908, -280, -17, 163, 925, 39;
47, 242, 16, 956, -243, 19, 185, 944, 62;
47, 241, 16, 952, -258, 22, 185, 941, 64;
42, 235, 11, 897, -324, -8, 164, 917, 45;
46, 238, 16, 928, -302, 18, 179, 929, 62;
38, 229, 8, 848, -390, -27, 148, 895, 33;
46, 236, 17, 916, -329, 25, 179, 924, 66;
44, 234, 15, 892, -360, 16, 172, 914, 61;
43, 232, 15, 877, -382, 14, 168, 908, 59;
42, 232, 15, 867, -397, 15, 167, 904, 60;
40, 229, 13, 837, -431, 4, 157, 893, 54;
33, 222, 7, 768, -504, -32, 132, 866, 30;
42, 230, 17, 842, -434, 26, 166, 898, 67;
39, 226, 14, 805, -473, 11, 154, 885, 58;
37, 224, 13, 774, -505, 0, 144, 874, 51;
31, 218, 8, 714, -566, -29, 123, 851, 32;
34, 221, 12, 737, -542, -3, 136, 864, 48;
37, 223, 15, 747, -531, 14, 144, 871, 60;
28, 214, 7, 659, -617, -32, 112, 838, 30;
31, 217, 11, 674, -600, -11, 121, 847, 44;
36, 222, 17, 711, -558, 25, 141, 867, 66;
26, 213, 8, 613, -652, -27, 105, 830, 33;
33, 220, 16, 669, -592, 21, 132, 858, 64;
25, 211, 8, 575, -680, -28, 97, 823, 33;
27, 213, 12, 588, -660, -6, 107, 834, 46;
26, 213, 12, 568, -672, -6, 103, 831, 47;
24, 211, 11, 539, -693, -12, 96, 824, 43;
25, 212, 12, 532, -691, -3, 98, 827, 49;
25, 212, 13, 520, -694, 2, 97, 827, 52;
21, 208, 10, 470, -732, -16, 82, 813, 40;
18, 206, 8, 431, -761, -28, 70, 803, 33;
26, 214, 18, 499, -680, 31, 103, 838, 70;
18, 207, 10, 409, -757, -13, 71, 808, 42;
20, 209, 13, 416, -737, 5, 79, 817, 54;
22, 212, 17, 422, -716, 24, 87, 827, 66;
19, 209, 14, 378, -745, 11, 74, 817, 57;
20, 211, 17, 377, -731, 25, 79, 824, 66;
16, 207, 14, 325, -766, 6, 62, 810, 55;
8, 201, 7, 243, -831, -32, 34, 785, 30;
12, 206, 13, 269, -787, 0, 50, 804, 51;
8, 202, 9, 212, -825, -21, 32, 789, 37;
6, 201, 9, 186, -832, -22, 27, 787, 36;
13, 209, 17, 235, -764, 25, 52, 816, 67;
5, 202, 10, 148, -830, -15, 22, 789, 41;
8, 206, 14, 159, -798, 8, 32, 803, 56;
7, 205, 14, 135, -801, 7, 27, 802, 55;
8, 208, 16, 132, -781, 22, 32, 811, 65;
7, 208, 17, 115, -775, 27, 31, 813, 68;
0, 201, 10, 25, -842, -15, 0, 786, 41;
1, 204, 13, 27, -816, 2, 5, 797, 52;
4, 208, 17, 44, -775, 29, 18, 814, 69;
1, 206, 15, 0, -795, 15, 5, 806, 60;
0, 205, 14, -35, -804, 9, -3, 802, 56;
0, 207, 16, -42, -785, 21, 0, 809, 64;
-9, 199, 8, -144, -861, -30, -37, 778, 31;
-4, 205, 14, -113, -803, 6, -19, 801, 54;
-4, 206, 15, -127, -789, 13, -18, 807, 59;
-6, 206, 15, -153, -788, 12, -24, 806, 58;
-9, 205, 13, -193, -800, 2, -35, 801, 52;
-5, 210, 18, -173, -751, 31, -21, 820, 70;
-14, 203, 10, -266, -816, -14, -54, 793, 41;
-11, 207, 14, -255, -775, 8, -44, 809, 56;
-14, 205, 12, -297, -788, -3, -56, 803, 48;
-16, 205, 11, -333, -793, -11, -66, 799, 43;
-20, 203, 8, -379, -809, -26, -79, 791, 34;
-21, 203, 8, -405, -805, -29, -85, 792, 32;
-16, 210, 14, -368, -737, 11, -64, 819, 57;
-15, 212, 16, -372, -711, 23, -61, 828, 65;
-21, 208, 12, -434, -741, -2, -82, 814, 49;
-21, 209, 13, -452, -728, 0, -84, 818, 50;
-23, 209, 12, -481, -726, -5, -91, 818, 47;
-24, 210, 12, -502, -715, -4, -95, 821, 48;
-24, 212, 13, -515, -696, 0, -96, 826, 51;
-28, 209, 10, -563, -712, -17, -110, 818, 40;
-26, 213, 13, -555, -672, 1, -103, 833, 51;
-30, 210, 9, -609, -694, -20, -120, 822, 37;
-33, 209, 8, -644, -697, -31, -130, 818, 31;
-26, 218, 16, -588, -609, 19, -103, 853, 62;
-30, 216, 12, -641, -629, -3, -120, 842, 49;
-36, 212, 7, -702, -659, -31, -141, 828, 31;
-29, 220, 15, -650, -574, 15, -116, 860, 60;
-29, 222, 16, -660, -552, 20, -116, 867, 63;
-31, 222, 15, -689, -549, 12, -124, 866, 58;
-32, 223, 15, -702, -530, 15, -125, 871, 60;
-38, 218, 9, -774, -570, -21, -151, 852, 37;
-33, 226, 16, -728, -493, 19, -129, 882, 62;
-34, 226, 15, -753, -486, 13, -136, 882, 59;
-39, 223, 11, -803, -505, -9, -153, 871, 44;
-43, 221, 7, -851, -521, -32, -169, 862, 30;
-41, 224, 10, -841, -481, -16, -162, 876, 40;
-39, 228, 13, -825, -434, 3, -153, 892, 52;
-43, 226, 9, -872, -451, -19, -169, 882, 38;
-41, 229, 12, -864, -412, -5, -163, 895, 47;
-42, 230, 12, -876, -394, -5, -165, 900, 47;
-37, 237, 17, -837, -326, 27, -146, 925, 68;
-39, 237, 16, -862, -321, 18, -154, 924, 62;
-41, 236, 14, -885, -315, 9, -161, 923, 56;
-38, 241, 18, -861, -262, 32, -149, 942, 70;
-47, 233, 9, -955, -328, -24, -186, 912, 35;
-48, 234, 8, -967, -312, -26, -189, 915, 34;
-39, 245, 18, -887, -204, 32, -154, 957, 71;
-48, 238, 9, -974, -265, -21, -188, 928, 37;
-50, 237, 8, -996, -260, -31, -196, 927, 31;
-45, 244, 13, -955, -194, 0, -178, 951, 50;
-45, 245, 13, -955, -167, 3, -176, 959, 53;
-45, 247, 13, -958, -145, 5, -176, 965, 54;
-49, 244, 9, -1003, -166, -21, -194, 953, 37;
-42, 253, 17, -933, -71, 27, -164, 988, 67;
-44, 252, 15, -955, -70, 14, -173, 985, 59;
-42, 255, 16, -942, -35, 24, -167, 997, 66;
-51, 248, 8, -1023, -93, -28, -200, 969, 33;
-49, 252, 10, -1005, -53, -14, -192, 983, 41;
-42, 260, 17, -940, 32, 28, -165, 1015, 68;
-42, 261, 17, -940, 53, 28, -165, 1020, 68;
-49, 255, 10, -1008, 5, -17, -194, 997, 40;
-44, 261, 15, -960, 72, 13, -174, 1021, 59;
-50, 257, 9, -1015, 36, -23, -197, 1003, 36;
-50, 258, 9, -1008, 61, -20, -195, 1009, 37;
-42, 268, 17, -931, 155, 28, -164, 1045, 68;
-47, 264, 12, -975, 127, -3, -183, 1030, 48;
-47, 265, 12, -975, 144, -6, -184, 1034, 47;
-42, 271, 16, -927, 207, 22, -165, 1057, 65;
-43, 270, 14, -937, 211, 12, -170, 1055, 58;
-48, 266, 9, -979, 184, -19, -189, 1040, 38;
-45, 271, 13, -942, 233, 0, -175, 1058, 51;
-42, 274, 14, -918, 269, 11, -167, 1069, 57;
-42, 275, 15, -907, 293, 13, -164, 1076, 59;
-48, 270, 8, -958, 253, -26, -187, 1056, 34;
-47, 272, 8, -949, 272, -26, -185, 1061, 34;
-41, 279, 15, -881, 348, 12, -160, 1089, 58;
-37, 283, 18, -841, 397, 32, -145, 1107, 71;
-39, 281, 15, -859, 386, 12, -155, 1099, 59;
-41, 280, 12, -869, 383, -1, -162, 1095, 50;
-41, 281, 12, -862, 397, -4, -162, 1097, 48;
-39, 284, 14, -831, 433, 8, -152, 1109, 56;
-42, 281, 9, -860, 409, -20, -167, 1096, 38;
-36, 288, 16, -788, 484, 18, -140, 1125, 62;
-36, 288, 15, -780, 495, 14, -140, 1126, 60;
-39, 286, 11, -802, 476, -9, -152, 1116, 45;
-34, 291, 15, -748, 531, 16, -133, 1136, 61;
-35, 290, 14, -746, 533, 7, -136, 1134, 55;
-34, 291, 14, -730, 549, 7, -133, 1138, 55;
-33, 292, 14, -715, 563, 6, -131, 1141, 55;
-34, 292, 12, -712, 564, -2, -134, 1139, 49;
-29, 296, 16, -660, 613, 20, -116, 1157, 63;
-29, 297, 15, -646, 624, 17, -114, 1159, 62;
-30, 296, 13, -646, 619, 5, -118, 1155, 54;
-32, 294, 11, -654, 607, -11, -126, 1148, 43;
-31, 294, 10, -640, 614, -15, -124, 1149, 41;
-25, 301, 16, -564, 683, 22, -97, 1175, 64;
-27, 299, 13, -574, 666, 2, -106, 1166, 52;
-22, 303, 16, -522, 710, 23, -89, 1182, 65;
-24, 301, 14, -522, 701, 10, -94, 1177, 57;
-23, 302, 14, -502, 711, 9, -90, 1179, 56;
-26, 298, 10, -521, 682, -17, -103, 1165, 40;
-17, 307, 17, -428, 763, 30, -69, 1197, 69;
-24, 299, 10, -480, 699, -18, -95, 1169, 39;
-25, 298, 8, -474, 692, -29, -98, 1164, 32;
-23, 300, 9, -444, 708, -24, -91, 1170, 35;
-18, 304, 13, -384, 755, 0, -71, 1188, 51;
-21, 301, 9, -398, 726, -23, -82, 1174, 36;
-14, 307, 14, -323, 784, 10, -56, 1197, 57;
-12, 308, 15, -294, 797, 13, -50, 1201, 59;
-17, 302, 9, -329, 745, -24, -69, 1179, 35;
-14, 304, 11, -287, 769, -12, -58, 1188, 42;
-10, 308, 14, -229, 809, 10, -39, 1203, 57;
-7, 310, 15, -193, 825, 18, -29, 1209, 62;
-8, 308, 14, -184, 814, 7, -31, 1204, 55;
-9, 306, 11, -182, 796, -7, -36, 1196, 46;
-8, 306, 11, -162, 796, -9, -33, 1195, 45;
-9, 305, 9, -153, 783, -20, -35, 1189, 38;
-9, 303, 8, -142, 771, -29, -36, 1184, 32;
-3, 308, 13, -72, 819, 1, -12, 1204, 51;
1, 312, 16, -13, 854, 23, 5, 1218, 65;
-2, 307, 11, -38, 805, -9, -10, 1198, 45;