3, 298, 3, 758, 20, 10, 12, 1165, 12;
0, 294, -1, 728, 0, 0, -3, 1147, -4;
-1, 292, -2, 720, 0, 1, -6, 1142, -9;
1, 295, 0, 734, 24, 14, 4, 1151, 1;
-1, 292, -2, 717, 16, 11, -4, 1140, -8;
5, 298, 4, 757, 66, 36, 23, 1165, 17;
2, 294, 0, 730, 50, 28, 9, 1149, 2;
4, 295, 2, 736, 66, 37, 15, 1154, 7;
0, 290, -3, 702, 42, 26, -3, 1133, -12;
9, 300, 6, 762, 112, 62, 37, 1171, 27;
7, 297, 4, 742, 103, 58, 27, 1159, 16;
6, 296, 3, 736, 108, 61, 27, 1156, 14;
6, 295, 3, 728, 111, 63, 25, 1152, 12;
2, 290, -1, 695, 89, 53, 8, 1133, -6;
4, 292, 0, 704, 109, 63, 16, 1139, 1;
10, 297, 5, 735, 151, 85, 39, 1159, 23;
12, 298, 7, 743, 171, 95, 48, 1165, 30;
12, 298, 7, 736, 176, 99, 47, 1163, 29;
6, 292, 1, 695, 147, 85, 26, 1138, 6;
7, 292, 2, 696, 159, 92, 30, 1140, 9;
6, 290, 0, 680, 155, 90, 24, 1132, 2;
8, 292, 2, 688, 176, 101, 34, 1139, 11;
13, 296, 7, 711, 212, 119, 52, 1154, 28;
11, 293, 5, 692, 205, 117, 44, 1144, 19;
9, 291, 3, 675, 200, 115, 38, 1135, 12;
13, 293, 6, 688, 226, 128, 50, 1145, 23;
17, 297, 10, 708, 259, 146, 68, 1160, 40;
12, 292, 5, 672, 235, 134, 50, 1139, 21;
9, 287, 1, 641, 218, 126, 35, 1122, 6;
12, 290, 5, 657, 247, 141, 50, 1134, 19;
14, 291, 6, 659, 263, 150, 57, 1137, 25;
16, 292, 7, 660, 277, 157, 62, 1140, 30;
17, 292, 8, 659, 289, 164, 67, 1142, 33;
17, 292, 8, 651, 294, 167, 67, 1139, 32;
13, 288, 4, 621, 278, 160, 54, 1123, 18;
17, 290, 7, 633, 303, 173, 66, 1132, 30;
18, 291, 9, 634, 319, 181, 72, 1136, 35;
17, 289, 7, 617, 316, 180, 68, 1128, 30;
20, 291, 10, 629, 342, 194, 80, 1138, 42;
21, 291, 11, 624, 350, 198, 83, 1137, 43;
16, 286, 6, 583, 324, 186, 63, 1115, 23;
15, 283, 4, 566, 320, 184, 58, 1107, 17;
18, 286, 7, 577, 346, 198, 71, 1117, 29;
16, 283, 5, 556, 339, 195, 64, 1107, 21;
21, 288, 10, 580, 378, 215, 85, 1125, 42;
22, 288, 11, 573, 385, 219, 87, 1124, 43;
24, 289, 12, 575, 401, 227, 94, 1128, 49;
18, 283, 7, 530, 371, 213, 73, 1103, 27;
26, 290, 14, 570, 425, 240, 104, 1131, 57;
21, 283, 9, 525, 394, 225, 82, 1106, 35;
21, 283, 9, 515, 399, 228, 82, 1104, 35;
22, 283, 10, 513, 412, 235, 87, 1106, 39;
23, 283, 10, 508, 421, 240, 91, 1106, 42;
19, 279, 6, 472, 400, 230, 75, 1088, 26;
25, 284, 12, 501, 444, 252, 100, 1109, 50;
18, 276, 5, 447, 404, 233, 73, 1079, 23;
25, 282, 12, 478, 450, 256, 99, 1102, 48;
28, 285, 15, 488, 475, 269, 112, 1112, 61;
24, 280, 11, 449, 450, 257, 95, 1092, 43;
29, 284, 16, 471, 487, 276, 115, 1109, 63;
24, 279, 11, 430, 461, 263, 97, 1088, 44;
30, 283, 16, 452, 497, 282, 117, 1105, 64;
25, 278, 11, 412, 472, 270, 100, 1084, 46;
23, 275, 9, 389, 464, 266, 92, 1074, 38;
29, 280, 15, 415, 504, 286, 115, 1094, 61;
24, 274, 10, 372, 476, 273, 96, 1072, 42;
26, 275, 12, 370, 489, 279, 102, 1075, 47;
24, 272, 9, 345, 478, 274, 93, 1063, 38;
25, 272, 10, 340, 488, 280, 98, 1064, 42;
25, 272, 11, 330, 492, 282, 98, 1062, 43;
28, 274, 14, 337, 514, 293, 110, 1071, 55;
31, 276, 16, 343, 534, 304, 121, 1079, 65;
30, 275, 16, 326, 531, 302, 118, 1072, 62;
31, 274, 16, 318, 538, 306, 120, 1072, 64;
23, 267, 9, 262, 495, 285, 93, 1041, 36;
25, 267, 11, 260, 508, 292, 99, 1045, 43;
24, 266, 10, 244, 506, 291, 96, 1039, 40;
32, 273, 18, 282, 558, 317, 127, 1067, 71;
32, 272, 18, 268, 558, 317, 126, 1063, 70;
30, 269, 15, 242, 545, 311, 117, 1051, 61;
32, 270, 17, 241, 559, 318, 124, 1055, 68;
27, 265, 13, 204, 535, 307, 109, 1037, 52;
26, 263, 12, 182, 528, 303, 103, 1028, 46;
33, 269, 18, 214, 572, 325, 130, 1052, 73;
34, 270, 20, 211, 583, 331, 135, 1055, 79;
27, 262, 13, 153, 539, 309, 107, 1023, 51;
32, 266, 17, 170, 569, 324, 125, 1039, 69;
28, 262, 14, 136, 549, 314, 111, 1023, 56;
27, 260, 13, 116, 542, 311, 106, 1015, 51;
35, 267, 21, 155, 593, 337, 138, 1043, 83;
33, 264, 19, 128, 579, 330, 129, 1032, 74;
29, 260, 15, 95, 559, 320, 115, 1016, 61;
31, 261, 17, 93, 570, 325, 122, 1019, 68;
31, 261, 18, 86, 575, 328, 124, 1019, 71;
26, 255, 12, 38, 540, 311, 102, 995, 49;
33, 262, 20, 73, 587, 334, 131, 1021, 79;
28, 255, 14, 27, 554, 318, 110, 998, 58;
34, 261, 21, 53, 592, 337, 134, 1019, 82;
28, 254, 15, 4, 555, 318, 110, 993, 59;
29, 255, 16, 1, 563, 322, 115, 995, 65;
33, 258, 20, 11, 584, 333, 129, 1006, 79;
31, 256, 18, -9, 576, 328, 123, 999, 74;
35, 259, 22, 3, 599, 340, 138, 1011, 89;
32, 255, 19, -30, 577, 329, 124, 995, 76;
29, 251, 17, -58, 560, 320, 114, 982, 66;
36, 258, 24, -27, 602, 342, 141, 1007, 94;
29, 251, 17, -80, 560, 321, 115, 978, 68;
29, 250, 17, -93, 557, 319, 113, 975, 68;
33, 253, 21, -79, 581, 331, 129, 988, 84;
33, 253, 22, -88, 583, 332, 130, 987, 86;
28, 247, 16, -133, 548, 314, 109, 964, 66;
30, 249, 19, -129, 562, 321, 119, 972, 76;
32, 251, 22, -125, 576, 328, 127, 979, 86;
33, 250, 22, -134, 576, 328, 129, 978, 88;
31, 248, 21, -156, 564, 322, 121, 969, 82;
29, 246, 19, -176, 553, 316, 116, 961, 77;
26, 242, 16, -209, 529, 304, 102, 945, 64;
26, 242, 16, -219, 528, 303, 102, 944, 65;
31, 246, 21, -199, 557, 318, 121, 961, 85;
27, 242, 18, -232, 532, 305, 107, 945, 72;
26, 241, 18, -246, 527, 302, 104, 941, 71;
32, 246, 24, -221, 560, 319, 126, 961, 94;
28, 242, 20, -255, 534, 305, 111, 944, 80;
24, 237, 16, -290, 507, 292, 96, 927, 65;
29, 242, 21, -271, 533, 305, 113, 943, 84;
31, 244, 24, -265, 546, 311, 123, 951, 94;
30, 242, 23, -283, 535, 305, 117, 945, 90;
25, 236, 18, -325, 501, 287, 98, 923, 72;
23, 235, 17, -342, 490, 282, 92, 916, 68;
28, 239, 22, -321, 518, 296, 111, 934, 88;
28, 239, 22, -331, 514, 293, 110, 932, 88;
30, 240, 25, -328, 523, 298, 118, 938, 97;
24, 234, 19, -372, 485, 278, 96, 915, 76;
23, 232, 18, -392, 471, 271, 89, 907, 71;
30, 239, 25, -355, 514, 292, 118, 934, 101;
26, 235, 22, -385, 489, 279, 104, 920, 89;
29, 238, 25, -376, 503, 286, 114, 929, 100;
24, 233, 21, -413, 470, 269, 96, 910, 84;
21, 230, 19, -439, 449, 258, 85, 898, 74;
22, 230, 19, -446, 447, 257, 86, 898, 76;
27, 235, 25, -418, 479, 272, 108, 919, 100;
21, 229, 20, -462, 438, 252, 85, 895, 78;
29, 237, 28, -419, 486, 275, 116, 926, 111;
23, 231, 23, -464, 444, 254, 93, 902, 89;
29, 236, 28, -438, 473, 268, 113, 921, 111;
28, 235, 28, -451, 463, 263, 110, 917, 109;
27, 234, 28, -460, 457, 259, 108, 915, 109;
21, 228, 21, -509, 411, 236, 82, 889, 85;
24, 230, 25, -497, 425, 242, 93, 900, 98;
20, 227, 22, -523, 401, 230, 81, 887, 87;
22, 229, 24, -516, 410, 234, 89, 894, 97;
25, 232, 28, -504, 424, 240, 100, 905, 110;
23, 229, 26, -526, 403, 229, 90, 895, 101;
21, 227, 24, -545, 385, 220, 82, 886, 94;
17, 223, 20, -575, 357, 205, 67, 871, 81;
18, 224, 22, -574, 359, 206, 71, 875, 87;
20, 226, 24, -565, 368, 210, 79, 883, 97;
24, 230, 29, -547, 387, 219, 94, 898, 113;
20, 227, 26, -572, 361, 206, 81, 885, 102;
18, 225, 24, -589, 345, 197, 73, 878, 97;
14, 220, 20, -624, 309, 178, 54, 859, 79;
17, 224, 24, -604, 329, 188, 69, 874, 96;
15, 221, 22, -622, 309, 177, 60, 865, 89;
22, 228, 30, -583, 347, 196, 87, 892, 117;
21, 228, 30, -591, 338, 191, 84, 890, 117;
12, 218, 21, -654, 274, 158, 48, 853, 82;
15, 222, 25, -636, 290, 166, 61, 867, 97;
16, 223, 26, -631, 293, 166, 66, 872, 104;
12, 219, 23, -660, 262, 151, 50, 857, 90;
19, 226, 30, -622, 298, 168, 75, 883, 117;
14, 221, 25, -656, 261, 149, 55, 864, 99;
13, 220, 24, -666, 248, 142, 51, 860, 96;
17, 224, 29, -642, 269, 152, 67, 877, 115;
10, 218, 22, -688, 219, 126, 40, 850, 89;
8, 216, 22, -699, 205, 119, 34, 845, 85;
11, 219, 24, -687, 213, 122, 43, 855, 96;
12, 221, 26, -677, 219, 124, 50, 862, 105;
11, 219, 25, -688, 204, 116, 44, 857, 101;
10, 219, 25, -693, 194, 111, 41, 856, 100;
5, 214, 21, -725, 158, 92, 22, 838, 83;
14, 223, 30, -672, 206, 115, 55, 872, 118;
12, 222, 29, -681, 192, 108, 50, 868, 115;
6, 216, 23, -725, 142, 82, 23, 842, 90;
7, 217, 25, -716, 146, 84, 29, 849, 98;
7, 217, 25, -719, 138, 79, 27, 849, 98;
10, 221, 29, -694, 156, 88, 42, 865, 115;
9, 221, 28, -701, 143, 80, 37, 862, 112;
1, 213, 21, -752, 85, 51, 5, 831, 82;
9, 221, 29, -699, 132, 73, 38, 865, 116;
3, 216, 24, -736, 89, 51, 15, 843, 95;
7, 219, 28, -715, 103, 57, 27, 857, 109;
7, 221, 29, -708, 102, 57, 30, 862, 115;
0, 213, 21, -757, 46, 28, 0, 832, 85;
0, 213, 21, -759, 36, 22, -3, 831, 85;
3, 218, 26, -729, 59, 33, 14, 850, 105;
1, 216, 25, -739, 41, 23, 7, 845, 99;
5, 221, 30, -711, 61, 33, 23, 862, 117;
1, 217, 26, -733, 29, 16, 7, 849, 103;
5, 222, 31, -706, 48, 25, 22, 866, 121;
-3, 213, 22, -761, -14, -6, -12, 832, 87;
4, 222, 31, -707, 30, 15, 18, 866, 120;
3, 220, 29, -713, 14, 6, 12, 861, 116;
-6, 212, 20, -769, -50, -26, -23, 827, 81;
3, 221, 30, -707, 2, 0, 12, 865, 120;
1, 220, 29, -714, -14, -9, 5, 860, 115;
1, 221, 29, -711, -21, -13, 5, 862, 116;
2, 222, 31, -702, -22, -15, 8, 867, 121;
-1, 219, 27, -721, -51, -30, -6, 855, 108;
0, 221, 30, -706, -46, -28, 0, 864, 117;
-2, 220, 28, -715, -65, -38, -7, 858, 111;
-9, 212, 21, -758, -119, -66, -37, 830, 83;
-1, 221, 30, -700, -72, -43, -4, 865, 117;
-9, 214, 22, -748, -131, -73, -37, 835, 86;
-10, 214, 22, -745, -139, -78, -39, 835, 86;
-1, 223, 31, -688, -93, -55, -6, 870, 121;
-7, 217, 25, -720, -136, -77, -30, 849, 99;
-5, 220, 28, -699, -127, -74, -21, 861, 110;
-6, 220, 27, -701, -141, -81, -26, 858, 107;
-10, 217, 24, -719, -170, -96, -40, 846, 94;
-6, 221, 28, -687, -150, -87, -24, 864, 111;
-5, 223, 30, -672, -148, -86, -19, 872, 118;
-8, 220, 26, -690, -178, -102, -35, 859, 105;
-11, 218, 25, -697, -197, -112, -43, 853, 98;
-12, 218, 24, -700, -212, -120, -49, 850, 94;
-12, 219, 25, -690, -215, -122, -47, 855, 97;
-15, 216, 22, -702, -240, -135, -59, 845, 87;
-17, 215, 20, -708, -259, -145, -68, 840, 80;
-11, 221, 26, -666, -230, -132, -46, 864, 103;
-10, 224, 28, -647, -224, -129, -39, 874, 111;
-10, 224, 28, -644, -234, -135, -42, 873, 110;
-17, 218, 22, -674, -277, -157, -66, 852, 88;
-16, 219, 23, -666, -282, -160, -66, 855, 90;
-15, 221, 25, -647, -277, -158, -59, 865, 98;
-14, 223, 26, -632, -275, -158, -55, 872, 103;
-19, 218, 21, -660, -317, -179, -77, 852, 82;
-18, 221, 23, -640, -310, -176, -70, 862, 91;
-16, 223, 25, -618, -303, -173, -62, 873, 100;
-17, 223, 24, -620, -318, -181, -69, 869, 95;
-16, 225, 26, -600, -312, -179, -62, 879, 103;
-14, 227, 28, -580, -306, -177, -56, 889, 111;
-23, 220, 20, -625, -366, -207, -89, 858, 78;
-14, 229, 29, -559, -314, -181, -54, 896, 115;
-22, 222, 21, -602, -371, -210, -87, 866, 84;
-20, 224, 23, -584, -367, -209, -81, 875, 91;
-18, 227, 25, -559, -356, -204, -72, 887, 101;
-22, 224, 22, -572, -383, -218, -86, 876, 88;
-20, 226, 24, -554, -380, -217, -81, 884, 94;
-19, 228, 25, -535, -376, -215, -76, 892, 101;
-21, 227, 23, -539, -394, -225, -85, 887, 93;
-17, 232, 28, -502, -372, -214, -68, 906, 111;
-20, 230, 26, -508, -392, -225, -78, 900, 102;
-17, 234, 29, -480, -379, -219, -67, 913, 114;
-24, 228, 22, -513, -426, -243, -94, 890, 88;
-19, 233, 27, -473, -400, -230, -75, 911, 107;
-19, 234, 27, -462, -404, -233, -75, 914, 108;
-20, 234, 26, -459, -416, -239, -80, 913, 105;
-23, 231, 23, -468, -440, -251, -93, 903, 93;
-22, 234, 25, -447, -433, -248, -86, 913, 100;
-25, 231, 22, -457, -459, -261, -100, 902, 88;
-26, 231, 22, -450, -466, -266, -102, 903, 86;
-22, 236, 26, -416, -446, -256, -88, 921, 101;
-24, 234, 24, -418, -463, -265, -96, 915, 94;
-20, 239, 28, -382, -442, -254, -80, 934, 110;
-22, 238, 26, -381, -456, -262, -87, 930, 104;
-26, 235, 23, -392, -481, -275, -101, 919, 90;
-24, 238, 25, -371, -474, -272, -95, 928, 97;
-28, 234, 20, -387, -505, -287, -112, 914, 81;
-30, 233, 19, -387, -520, -295, -119, 910, 74;
-22, 242, 27, -324, -471, -271, -87, 945, 107;
-31, 234, 18, -370, -532, -302, -123, 912, 71;
-30, 235, 19, -352, -529, -301, -120, 919, 75;
-32, 234, 17, -353, -543, -308, -127, 914, 68;
-25, 242, 24, -297, -502, -288, -100, 945, 96;
-24, 244, 26, -275, -495, -284, -94, 954, 102;
-27, 242, 23, -282, -516, -295, -105, 945, 91;
-33, 236, 16, -312, -560, -318, -131, 922, 65;
-30, 240, 20, -278, -540, -308, -118, 939, 80;
-27, 243, 22, -252, -528, -302, -109, 951, 89;
-34, 238, 16, -278, -568, -322, -132, 930, 65;
-25, 247, 24, -215, -519, -298, -101, 965, 97;
-26, 247, 24, -209, -527, -302, -105, 964, 93;
-33, 241, 17, -239, -570, -324, -130, 941, 68;
-32, 243, 18, -219, -564, -321, -126, 948, 72;
-29, 247, 21, -187, -546, -312, -113, 964, 85;
-29, 247, 21, -175, -548, -313, -113, 966, 85;
-31, 246, 19, -178, -563, -321, -122, 960, 76;
-33, 244, 17, -180, -579, -329, -131, 954, 67;
-28, 250, 22, -137, -550, -315, -112, 976, 86;
-26, 253, 24, -109, -534, -307, -102, 989, 96;
-33, 247, 17, -143, -581, -331, -130, 963, 67;
-33, 248, 17, -128, -580, -330, -129, 967, 69;
-35, 246, 15, -129, -593, -337, -137, 962, 60;
-34, 248, 16, -112, -588, -335, -133, 968, 64;
-30, 252, 19, -79, -568, -325, -120, 984, 77;
-29, 254, 20, -59, -561, -321, -115, 991, 81;
-28, 256, 21, -40, -555, -318, -111, 998, 85;
-34, 250, 15, -66, -592, -337, -134, 977, 61;
-26, 259, 23, -5, -543, -312, -103, 1011, 91;
-34, 251, 15, -43, -594, -337, -135, 982, 60;
-36, 250, 13, -43, -605, -343, -142, 977, 52;
-30, 256, 19, 3, -570, -326, -120, 1002, 74;
-34, 254, 15, -6, -591, -336, -133, 991, 60;
-30, 258, 18, 25, -571, -326, -120, 1006, 72;
-28, 261, 21, 55, -552, -317, -109, 1020, 83;
-34, 255, 14, 27, -591, -336, -133, 997, 58;
-27, 262, 21, 79, -550, -315, -108, 1025, 82;
-29, 262, 19, 83, -557, -319, -113, 1023, 77;
-27, 264, 20, 102, -548, -315, -108, 1030, 81;
-33, 259, 15, 79, -582, -331, -129, 1010, 59;
-28, 264, 19, 117, -554, -317, -112, 1030, 75;
-27, 266, 20, 137, -544, -312, -106, 1037, 80;
-30, 263, 17, 131, -560, -320, -117, 1028, 68;
-34, 259, 12, 112, -589, -335, -136, 1012, 48;
-34, 260, 13, 127, -583, -331, -133, 1017, 50;
-28, 267, 18, 176, -544, -312, -109, 1043, 73;
-32, 263, 14, 160, -569, -324, -125, 1028, 56;
-34, 261, 11, 157, -581, -330, -134, 1021, 46;
-34, 262, 11, 167, -580, -329, -134, 1023, 45;
-25, 272, 20, 235, -521, -300, -99, 1060, 79;
-24, 273, 20, 249, -516, -297, -96, 1065, 80;
-33, 264, 11, 202, -570, -324, -132, 1031, 44;
-26, 272, 18, 261, -520, -299, -101, 1063, 73;
-24, 274, 20, 282, -507, -292, -94, 1072, 78;
-29, 270, 15, 261, -535, -306, -113, 1054, 58;
-26, 273, 17, 287, -517, -296, -103, 1066, 67;
-32, 267, 10, 259, -553, -314, -127, 1044, 42;
-28, 272, 14, 296, -523, -299, -110, 1062, 57;
-24, 276, 18, 331, -495, -285, -94, 1080, 72;
-25, 276, 16, 332, -500, -287, -99, 1076, 65;
-31, 270, 10, 302, -537, -305, -123, 1053, 40;
-24, 277, 16, 355, -490, -281, -96, 1082, 66;
-30, 271, 10, 324, -527, -299, -120, 1058, 39;
-24, 277, 15, 371, -487, -279, -97, 1083, 61;
-25, 278, 15, 379, -484, -277, -97, 1084, 59;
-23, 279, 16, 396, -473, -271, -92, 1090, 63;
-24, 279, 15, 399, -474, -272, -95, 1088, 58;
-30, 273, 8, 371, -508, -288, -117, 1067, 34;
-30, 273, 7, 375, -508, -288, -120, 1065, 30;
-23, 280, 14, 429, -459, -263, -92, 1095, 56;
-23, 281, 14, 440, -453, -260, -89, 1098, 57;
-26, 278, 10, 425, -472, -269, -103, 1084, 41;
-26, 278, 10, 432, -469, -267, -104, 1085, 39;
-30, 275, 6, 419, -486, -275, -117, 1073, 24;
-25, 279, 10, 454, -454, -259, -99, 1091, 39;
-28, 277, 7, 445, -467, -265, -109, 1081, 27;
-22, 283, 12, 489, -425, -244, -86, 1105, 49;
-27, 278, 6, 462, -456, -258, -107, 1085, 25;
-23, 282, 10, 494, -426, -243, -91, 1101, 40;
-19, 286, 13, 524, -398, -229, -76, 1116, 52;
-17, 288, 15, 545, -379, -219, -67, 1126, 59;
-27, 279, 4, 490, -437, -247, -106, 1088, 19;
-22, 284, 9, 528, -400, -228, -86, 1108, 37;
-23, 282, 7, 523, -407, -231, -92, 1102, 28;
-21, 284, 8, 540, -391, -223, -85, 1109, 33;
-25, 280, 4, 520, -411, -233, -101, 1094, 15;
-24, 282, 4, 534, -399, -226, -95, 1099, 18;
-15, 291, 13, 596, -337, -195, -60, 1135, 51;
-16, 289, 11, 594, -340, -195, -64, 1130, 45;
-23, 282, 3, 553, -380, -215, -93, 1102, 14;
-20, 285, 6, 578, -356, -202, -80, 1115, 25;
-23, 283, 3, 566, -367, -208, -90, 1104, 12;
-13, 293, 12, 634, -298, -173, -51, 1144, 49;
-20, 285, 4, 589, -342, -194, -81, 1113, 17;
-15, 290, 8, 625, -306, -175, -61, 1133, 34;
-21, 285, 3, 596, -334, -188, -82, 1112, 11;
-17, 288, 5, 619, -309, -175, -69, 1124, 21;
-20, 285, 2, 605, -321, -181, -80, 1113, 8;
-13, 292, 8, 653, -271, -156, -52, 1140, 33;
-15, 290, 6, 646, -276, -158, -59, 1133, 25;
-12, 293, 8, 665, -255, -146, -49, 1143, 32;
-16, 289, 3, 643, -274, -155, -64, 1127, 15;
-15, 290, 4, 654, -260, -148, -58, 1132, 18;
-13, 291, 5, 665, -246, -140, -53, 1137, 21;
-14, 290, 3, 661, -246, -140, -56, 1132, 14;
-10, 294, 7, 691, -212, -122, -39, 1149, 29;
-8, 295, 8, 701, -199, -115, -34, 1153, 32;
-13, 291, 3, 674, -222, -126, -52, 1134, 11;
-7, 296, 8, 713, -179, -104, -28, 1157, 33;
-10, 293, 4, 696, -192, -110, -40, 1145, 18;
-6, 296, 7, 719, -163, -95, -26, 1158, 30;
-11, 291, 2, 690, -188, -106, -44, 1138, 9;
-8, 294, 4, 707, -165, -94, -34, 1147, 16;
-8, 294, 4, 711, -156, -89, -31, 1149, 16;
-12, 290, 0, 686, -176, -98, -47, 1132, -1;
-9, 292, 1, 702, -154, -87, -37, 1140, 5;
-9, 291, 0, 701, -150, -84, -38, 1138, 1;
-8, 292, 0, 707, -137, -77, -34, 1141, 3;
-9, 291, 0, 701, -137, -76, -37, 1136, -2;
-9, 291, -1, 700, -131, -73, -38, 1135, -5;
-8, 292, 0, 709, -115, -65, -31, 1139, -1;
0, 299, 6, 757, -60, -36, 0, 1169, 26;
0, 300, 6, 762, -49, -30, 2, 1171, 26;
-8, 291, -2, 705, -97, -54, -31, 1135, -9;
-6, 292, -1, 714, -81, -45, -25, 1140, -6;
0, 297, 3, 748, -40, -23, -2, 1160, 13;
-5, 292, -1, 717, -62, -34, -20, 1141, -6;
-7, 290, -4, 704, -68, -36, -27, 1132, -16;
2, 300, 5, 764, 0, -1, 11, 1170, 19;
2, 298, 3, 758, 3, 0, 9, 1166, 14;
0, 295, 0, 734, -11, -6, -3, 1151, 0;
-3, 292, -3, 717, -20, -10, -12, 1140, -12;
-3, 291, -3, 714, -13, -6, -12, 1138, -15;
6, 300, 4, 769, 50, 26, 23, 1172, 18;
0, 294, -1, 729, 20, 11, 1, 1148, -6;
3, 297, 1, 747, 47, 26, 14, 1159, 4;
3, 296, 0, 742, 52, 29, 14, 1157, 0;
7, 299, 3, 762, 82, 44, 29, 1169, 12;
7, 299, 3, 761, 91, 50, 30, 1169, 11;
4, 295, -1, 734, 74, 42, 16, 1153, -5;
5, 296, 0, 736, 87, 49, 21, 1155, -3;
6, 296, 0, 737, 98, 55, 24, 1156, -2;
4, 293, -3, 718, 90, 52, 16, 1145, -13;
4, 293, -3, 718, 101, 58, 19, 1146, -13;
2, 291, -6, 701, 95, 55, 11, 1136, -23;
3, 291, -6, 697, 102, 60, 12, 1135, -25;
8, 295, -1, 726, 143, 81, 34, 1154, -6;
3, 290, -7, 687, 116, 68, 13, 1131, -29;
5, 291, -6, 695, 135, 78, 22, 1137, -23;
11, 297, 0, 728, 179, 101, 46, 1159, -2;
6, 290, -7, 685, 148, 86, 23, 1133, -27;
8, 292, -5, 693, 169, 97, 32, 1140, -21;
14, 297, 0, 725, 213, 119, 56, 1161, 0;
11, 294, -3, 701, 201, 114, 45, 1148, -13;
8, 290, -7, 675, 188, 108, 34, 1134, -27;
15, 296, -1, 708, 234, 132, 59, 1156, -4;
10, 291, -6, 673, 211, 121, 41, 1136, -24;
12, 292, -5, 674, 225, 129, 47, 1138, -22;
10, 289, -7, 656, 220, 127, 40, 1129, -31;
11, 290, -7, 658, 234, 134, 46, 1132, -28;
10, 287, -9, 639, 229, 132, 39, 1122, -37;
17, 295, -2, 680, 283, 160, 70, 1150, -9;
15, 291, -5, 654, 270, 154, 58, 1136, -23;
18, 293, -3, 665, 295, 167, 71, 1146, -13;
14, 289, -7, 633, 276, 158, 56, 1128, -30;
19, 293, -3, 657, 314, 178, 76, 1145, -12;
17, 290, -6, 635, 306, 174, 67, 1134, -23;
19, 292, -4, 639, 324, 184, 76, 1139, -17;
21, 293, -3, 643, 342, 193, 84, 1144, -12;
15, 286, -9, 597, 309, 177, 60, 1118, -37;
13, 284, -12, 575, 301, 174, 52, 1107, -48;
14, 284, -11, 573, 313, 180, 57, 1109, -46;
18, 287, -8, 590, 345, 197, 73, 1122, -31;
18, 286, -9, 576, 345, 197, 71, 1117, -36;
15, 282, -13, 547, 330, 191, 59, 1102, -51;
18, 284, -10, 557, 354, 203, 71, 1110, -41;
18, 284, -10, 548, 360, 206, 71, 1108, -42;
22, 288, -7, 567, 393, 223, 89, 1123, -27;
17, 282, -12, 525, 365, 210, 69, 1100, -49;
22, 286, -8, 547, 402, 229, 89, 1117, -31;
19, 281, -12, 513, 382, 219, 74, 1099, -48;
20, 282, -11, 510, 394, 226, 79, 1100, -46;
27, 288, -5, 545, 444, 251, 107, 1126, -19;
26, 287, -6, 528, 441, 250, 103, 1119, -25;
23, 283, -10, 498, 425, 243, 91, 1103, -40;
28, 287, -5, 518, 460, 261, 110, 1120, -22;
22, 280, -12, 468, 425, 244, 86, 1092, -49;
24, 282, -10, 474, 446, 254, 96, 1100, -40;
29, 285, -6, 490, 477, 270, 113, 1114, -25;
25, 280, -11, 454, 455, 260, 98, 1095, -43;
25, 280, -10, 447, 463, 264, 100, 1094, -42;
27, 281, -9, 445, 476, 271, 106, 1097, -38;
26, 279, -11, 428, 474, 270, 102, 1090, -44;
24, 276, -13, 405, 465, 266, 95, 1080, -53;
26, 277, -12, 404, 479, 274, 102, 1083, -48;
27, 278, -11, 403, 492, 280, 108, 1087, -43;
27, 277, -12, 389, 493, 281, 106, 1082, -47;
23, 272, -16, 350, 468, 269, 89, 1062, -65;
25, 274, -14, 355, 488, 279, 99, 1069, -57;
25, 273, -14, 345, 492, 282, 100, 1067, -58;
30, 277, -10, 361, 523, 298, 118, 1081, -42;
24, 271, -16, 315, 491, 282, 96, 1057, -65;
23, 268, -18, 294, 485, 279, 91, 1048, -72;
31, 276, -10, 333, 538, 306, 122, 1077, -42;
23, 267, -18, 273, 493, 283, 92, 1044, -73;
25, 268, -18, 269, 503, 289, 97, 1046, -70;
30, 272, -13, 290, 538, 307, 118, 1063, -51;
27, 269, -16, 262, 524, 300, 108, 1050, -63;
27, 268, -16, 247, 523, 300, 106, 1045, -66;
29, 269, -15, 246, 536, 306, 113, 1049, -60;
27, 267, -17, 226, 529, 303, 107, 1041, -67;
27, 266, -17, 213, 530, 304, 107, 1038, -69;
34, 272, -11, 244, 576, 327, 134, 1062, -43;
28, 265, -17, 196, 541, 310, 111, 1036, -66;
30, 266, -15, 195, 554, 316, 118, 1040, -61;
31, 266, -15, 188, 560, 320, 121, 1041, -59;
27, 262, -19, 152, 537, 308, 106, 1023, -75;
31, 265, -15, 164, 563, 321, 121, 1035, -61;
26, 260, -20, 124, 536, 308, 104, 1015, -79;
34, 267, -13, 160, 585, 333, 133, 1042, -51;
30, 262, -17, 124, 563, 322, 119, 1025, -66;
25, 257, -22, 82, 533, 307, 100, 1003, -86;
31, 262, -16, 108, 572, 326, 123, 1024, -64;
27, 257, -21, 69, 545, 313, 106, 1004, -81;
28, 258, -20, 64, 554, 317, 111, 1006, -78;
35, 264, -13, 95, 596, 339, 137, 1030, -52;
34, 262, -14, 78, 592, 336, 134, 1024, -56;
29, 256, -19, 34, 560, 321, 114, 1001, -77;
32, 259, -17, 40, 578, 330, 125, 1010, -66;
33, 260, -15, 38, 588, 335, 131, 1014, -61;
29, 254, -20, -2, 559, 320, 113, 993, -80;
36, 261, -13, 31, 605, 343, 142, 1019, -52;
32, 256, -17, -5, 580, 331, 126, 1001, -68;
32, 256, -17, -13, 582, 332, 128, 1001, -67;
29, 253, -20, -43, 564, 323, 116, 987, -79;
28, 251, -21, -64, 554, 317, 110, 978, -85;
26, 248, -23, -87, 541, 311, 103, 969, -93;
28, 250, -21, -83, 557, 319, 113, 976, -84;
26, 247, -23, -108, 542, 311, 104, 965, -93;
33, 253, -17, -77, 584, 332, 130, 990, -67;
26, 246, -24, -133, 538, 309, 102, 959, -95;
30, 249, -20, -117, 564, 322, 119, 974, -78;
32, 251, -18, -114, 577, 329, 128, 981, -70;
33, 251, -17, -121, 580, 330, 130, 982, -67;
28, 246, -22, -164, 546, 313, 110, 959, -88;
32, 250, -18, -147, 573, 326, 127, 975, -70;
26, 243, -24, -196, 534, 306, 104, 949, -94;
28, 244, -22, -196, 542, 311, 110, 954, -88;
31, 246, -19, -188, 559, 319, 121, 963, -77;
32, 247, -18, -193, 563, 320, 124, 964, -74;
30, 245, -20, -215, 550, 314, 117, 956, -80;
31, 245, -19, -219, 553, 315, 121, 957, -77;
31, 245, -19, -225, 556, 316, 124, 958, -74;
30, 243, -20, -245, 544, 310, 118, 951, -80;
27, 241, -22, -269, 527, 302, 108, 940, -89;
27, 239, -23, -283, 521, 298, 106, 935, -92;
28, 240, -22, -287, 524, 300, 109, 938, -87;
28, 240, -22, -294, 525, 300, 111, 938, -86;
27, 239, -22, -309, 517, 296, 108, 933, -89;
25, 236, -25, -333, 499, 286, 98, 922, -98;
25, 236, -24, -339, 499, 286, 100, 923, -96;
27, 238, -22, -335, 510, 291, 108, 930, -87;
28, 238, -21, -341, 510, 291, 110, 930, -85;
27, 238, -22, -352, 505, 288, 109, 928, -85;
27, 237, -21, -361, 502, 286, 108, 926, -85;
26, 235, -23, -381, 487, 279, 101, 918, -92;
31, 240, -18, -358, 516, 293, 121, 936, -72;
31, 240, -18, -366, 513, 291, 121, 936, -71;
30, 239, -18, -377, 506, 287, 119, 932, -72;
30, 238, -18, -385, 503, 285, 118, 931, -72;
23, 231, -25, -440, 453, 260, 89, 901, -100;
25, 233, -23, -435, 462, 264, 97, 908, -92;
20, 228, -27, -470, 430, 248, 80, 890, -108;
19, 227, -28, -482, 422, 243, 77, 887, -110;
21, 228, -26, -480, 428, 246, 83, 892, -103;
19, 226, -28, -501, 410, 236, 74, 882, -111;
22, 229, -25, -489, 426, 244, 86, 894, -98;
23, 230, -24, -490, 428, 244, 90, 897, -94;
26, 233, -20, -476, 444, 252, 102, 909, -80;
22, 228, -24, -509, 414, 236, 86, 892, -96;
17, 223, -29, -545, 379, 219, 67, 873, -113;
26, 232, -20, -497, 430, 244, 101, 907, -79;
24, 231, -21, -511, 417, 237, 96, 901, -83;
20, 226, -25, -545, 384, 220, 78, 883, -99;
21, 227, -24, -545, 385, 220, 82, 886, -95;
20, 226, -24, -554, 378, 216, 80, 884, -95;
15, 221, -29, -592, 341, 197, 59, 864, -115;
18, 224, -26, -580, 353, 203, 70, 874, -103;
23, 229, -21, -553, 381, 216, 90, 894, -82;
15, 221, -28, -604, 329, 190, 61, 865, -110;
13, 219, -29, -621, 312, 180, 53, 857, -116;
13, 219, -30, -629, 304, 176, 51, 856, -117;
15, 221, -27, -619, 314, 180, 60, 865, -106;
22, 228, -20, -582, 350, 198, 86, 890, -79;
19, 225, -23, -605, 326, 185, 74, 879, -90;
14, 220, -27, -640, 290, 167, 54, 860, -108;
16, 223, -25, -628, 300, 171, 64, 869, -97;
11, 218, -29, -662, 264, 153, 45, 851, -115;
14, 221, -25, -644, 280, 160, 58, 864, -100;
18, 225, -21, -623, 299, 169, 73, 880, -84;
12, 219, -27, -664, 255, 146, 49, 856, -106;
16, 223, -23, -645, 272, 154, 62, 871, -91;
13, 220, -25, -664, 249, 143, 52, 861, -100;
10, 217, -28, -686, 225, 130, 40, 849, -111;
15, 222, -23, -658, 250, 141, 59, 869, -90;
9, 217, -29, -698, 206, 119, 35, 846, -113;
16, 224, -21, -652, 248, 140, 64, 876, -81;
13, 222, -23, -671, 225, 127, 53, 866, -91;
6, 215, -29, -715, 176, 102, 27, 840, -116;
12, 220, -24, -685, 203, 115, 46, 861, -94;
11, 220, -24, -690, 192, 109, 43, 859, -96;
13, 222, -22, -677, 200, 113, 52, 869, -86;
13, 223, -21, -676, 197, 110, 53, 871, -82;
13, 223, -20, -675, 192, 107, 54, 873, -80;
12, 222, -21, -684, 177, 99, 48, 869, -84;
7, 218, -25, -713, 143, 81, 30, 852, -100;
7, 218, -25, -713, 138, 78, 31, 853, -98;
8, 219, -24, -708, 136, 77, 33, 857, -94;
10, 222, -21, -696, 142, 79, 41, 866, -85;
8, 220, -23, -708, 123, 69, 33, 859, -91;
4, 216, -27, -733, 92, 53, 17, 845, -105;
9, 221, -21, -702, 115, 64, 35, 864, -85;
3, 216, -26, -735, 76, 43, 14, 845, -104;
9, 222, -20, -699, 104, 57, 35, 868, -81;
1, 215, -28, -748, 47, 28, 4, 838, -111;
1, 215, -28, -746, 41, 24, 3, 840, -109;
-1, 212, -30, -762, 17, 12, -7, 830, -118;
0, 214, -28, -750, 21, 13, -1, 838, -111;
0, 216, -26, -742, 21, 12, 2, 844, -105;
1, 217, -25, -736, 19, 10, 4, 847, -101;
0, 216, -26, -741, 4, 3, 0, 844, -104;
0, 218, -25, -732, 5, 2, 3, 850, -98;
3, 220, -22, -713, 14, 6, 12, 861, -87;
-5, 212, -30, -767, -48, -25, -22, 828, -120;
-1, 217, -25, -735, -25, -14, -5, 847, -101;
0, 219, -24, -724, -23, -14, 0, 854, -94;
-6, 213, -29, -759, -69, -37, -24, 832, -116;
-5, 214, -28, -752, -71, -39, -22, 836, -112;
-5, 215, -28, -745, -75, -42, -20, 840, -109;
-5, 215, -27, -742, -82, -46, -21, 841, -108;
-1, 220, -22, -710, -61, -36, -4, 860, -89;
-8, 213, -30, -753, -114, -63, -34, 833, -117;
-8, 214, -28, -744, -116, -65, -32, 838, -112;
-5, 218, -25, -719, -102, -58, -19, 853, -98;
-3, 220, -23, -704, -98, -57, -13, 861, -90;
-5, 219, -24, -710, -116, -66, -21, 856, -95;
-10, 214, -29, -739, -155, -87, -42, 837, -114;
-7, 218, -25, -712, -140, -80, -28, 853, -99;
-13, 213, -30, -741, -181, -101, -51, 833, -119;
-6, 220, -24, -697, -149, -85, -27, 859, -94;
-12, 215, -28, -724, -187, -105, -47, 842, -112;
-6, 221, -22, -683, -159, -92, -26, 865, -89;
-11, 218, -26, -703, -191, -109, -43, 851, -104;
-7, 222, -22, -674, -174, -101, -29, 868, -88;
-8, 222, -23, -675, -188, -108, -34, 866, -91;
-7, 223, -21, -662, -187, -108, -30, 872, -85;
-7, 224, -21, -654, -192, -112, -30, 875, -83;
-10, 222, -23, -663, -214, -123, -40, 867, -91;
-9, 224, -21, -649, -213, -123, -35, 874, -85;
-8, 225, -21, -639, -216, -125, -34, 879, -82;
-14, 220, -26, -666, -256, -146, -56, 860, -101;
-18, 216, -30, -686, -289, -163, -73, 845, -117;
-17, 219, -27, -667, -283, -161, -66, 855, -108;
-19, 217, -29, -672, -302, -170, -75, 849, -114;
-12, 225, -21, -619, -262, -151, -47, 880, -85;
-11, 227, -20, -605, -262, -152, -43, 886, -79;
-16, 222, -25, -632, -303, -173, -66, 867, -100;
-19, 220, -28, -641, -326, -184, -77, 859, -109;
-17, 223, -25, -619, -318, -181, -69, 870, -99;
-20, 221, -27, -625, -337, -191, -78, 864, -106;
-14, 227, -21, -583, -309, -178, -57, 887, -84;
-18, 224, -24, -595, -335, -192, -71, 877, -96;
-20, 223, -26, -600, -354, -202, -79, 871, -103;
-19, 224, -25, -587, -356, -203, -77, 876, -99;
-21, 224, -26, -586, -369, -210, -82, 874, -102;
-20, 225, -25, -572, -369, -210, -80, 879, -98;
-17, 229, -21, -540, -352, -202, -66, 896, -82;
-22, 225, -26, -565, -391, -222, -88, 877, -102;
-25, 222, -29, -574, -415, -235, -100, 868, -113;
-22, 226, -25, -546, -401, -228, -88, 883, -100;
-25, 224, -27, -551, -420, -238, -98, 876, -107;
-19, 231, -21, -503, -387, -222, -75, 903, -82;
-26, 224, -28, -540, -438, -248, -104, 877, -110;
-19, 232, -20, -485, -399, -229, -77, 907, -81;
-28, 224, -29, -528, -456, -258, -110, 877, -113;
-20, 233, -20, -467, -409, -235, -78, 911, -80;
-21, 233, -21, -466, -423, -242, -84, 908, -84;
-21, 234, -20, -453, -424, -244, -83, 913, -81;
-19, 236, -18, -431, -418, -241, -77, 922, -73;
-23, 234, -21, -441, -442, -253, -89, 913, -84;
-26, 231, -24, -450, -466, -265, -102, 903, -95;
-30, 228, -28, -464, -494, -280, -117, 891, -109;
-30, 229, -27, -452, -498, -282, -117, 894, -108;
-22, 237, -19, -394, -454, -261, -88, 926, -77;
-30, 230, -27, -432, -507, -287, -119, 898, -107;
-22, 239, -18, -369, -459, -264, -87, 933, -73;
-26, 236, -22, -383, -487, -278, -103, 921, -87;
-22, 240, -18, -348, -467, -268, -88, 938, -71;
-24, 239, -19, -347, -480, -275, -94, 935, -76;
-28, 236, -23, -361, -509, -290, -111, 922, -91;
-31, 234, -26, -368, -530, -301, -122, 914, -101;
-31, 235, -25, -356, -533, -303, -122, 916, -100;
-32, 235, -26, -348, -539, -306, -125, 917, -101;
-23, 244, -17, -282, -487, -280, -90, 954, -66;
-23, 244, -17, -274, -493, -284, -93, 955, -67;
-27, 241, -20, -285, -519, -297, -107, 943, -80;
-32, 238, -24, -301, -549, -312, -124, 929, -96;
-27, 243, -20, -262, -524, -300, -107, 949, -78;
-26, 245, -18, -240, -516, -296, -102, 958, -71;
-25, 246, -17, -226, -516, -296, -100, 962, -69;
-30, 242, -22, -243, -547, -312, -118, 947, -85;
-34, 239, -25, -255, -573, -325, -133, 935, -99;
-26, 248, -17, -194, -525, -301, -102, 969, -67;
-29, 245, -20, -202, -547, -313, -115, 959, -79;
-28, 248, -18, -182, -541, -310, -110, 967, -73;
-33, 243, -23, -203, -575, -327, -131, 949, -93;
-27, 249, -17, -156, -541, -310, -108, 974, -70;
-27, 251, -16, -139, -538, -309, -106, 979, -66;
-27, 251, -16, -128, -540, -310, -106, 982, -66;
-26, 253, -16, -112, -537, -309, -104, 987, -62;
-27, 252, -16, -106, -545, -312, -108, 986, -65;
-26, 255, -14, -84, -535, -308, -101, 995, -58;
-30, 251, -19, -103, -567, -324, -120, 978, -76;
-29, 253, -17, -81, -558, -319, -114, 987, -69;
-31, 251, -20, -85, -575, -328, -124, 980, -79;
-29, 254, -17, -60, -561, -321, -115, 991, -69;
-35, 249, -23, -82, -596, -339, -137, 972, -90;
-36, 249, -23, -76, -602, -342, -140, 971, -92;
-30, 255, -18, -31, -570, -326, -120, 994, -71;
-30, 256, -17, -15, -566, -324, -117, 999, -68;
-30, 256, -17, -6, -568, -325, -118, 1001, -69;
-28, 259, -15, 19, -554, -318, -110, 1011, -60;
-30, 257, -17, 14, -570, -326, -120, 1004, -69;
-29, 259, -16, 35, -561, -321, -114, 1012, -63;
-27, 262, -14, 58, -549, -315, -107, 1022, -55;
-26, 263, -13, 76, -542, -311, -103, 1028, -50;
-35, 255, -21, 33, -596, -338, -136, 996, -84;
-35, 255, -22, 40, -599, -340, -139, 996, -86;
-33, 258, -20, 64, -586, -334, -131, 1006, -78;
-32, 260, -18, 84, -577, -329, -126, 1014, -72;
-27, 265, -13, 128, -543, -312, -106, 1036, -51;
-31, 261, -17, 109, -572, -326, -124, 1020, -69;
-28, 265, -14, 139, -552, -316, -112, 1034, -57;
-27, 266, -13, 158, -543, -311, -107, 1041, -52;
-32, 262, -18, 139, -572, -326, -126, 1024, -70;
-28, 266, -14, 173, -547, -313, -111, 1041, -56;
-33, 262, -19, 153, -576, -327, -130, 1024, -74;
-31, 265, -17, 177, -562, -320, -122, 1034, -66;
-34, 262, -19, 169, -578, -328, -133, 1024, -77;
-34, 262, -20, 177, -578, -328, -134, 1025, -78;
-26, 271, -12, 236, -528, -303, -104, 1057, -48;
-27, 270, -13, 239, -534, -306, -109, 1054, -52;
-29, 269, -14, 241, -540, -309, -114, 1050, -57;
-32, 266, -18, 229, -560, -318, -127, 1039, -71;
-30, 269, -15, 255, -542, -309, -117, 1050, -61;
-29, 270, -14, 270, -534, -305, -114, 1055, -58;
-27, 273, -12, 294, -518, -296, -105, 1065, -49;
-28, 272, -14, 293, -525, -300, -111, 1061, -55;
-24, 276, -9, 330, -495, -285, -94, 1079, -38;
-27, 273, -13, 317, -515, -294, -108, 1067, -52;
-29, 272, -14, 318, -520, -297, -113, 1063, -57;
-32, 269, -18, 304, -541, -307, -127, 1050, -72;
-26, 275, -12, 352, -499, -286, -103, 1076, -48;
-29, 272, -15, 339, -518, -295, -116, 1063, -61;
-22, 280, -8, 396, -467, -269, -86, 1095, -31;
-24, 278, -10, 391, -477, -274, -95, 1087, -40;
-31, 272, -17, 355, -518, -294, -122, 1061, -68;
-27, 276, -13, 389, -490, -279, -106, 1078, -52;
-30, 274, -16, 380, -503, -286, -117, 1068, -63;
-27, 277, -13, 405, -483, -275, -106, 1080, -53;
-29, 275, -15, 400, -493, -280, -115, 1072, -61;
-28, 276, -15, 412, -485, -276, -112, 1076, -59;
-26, 278, -12, 436, -465, -265, -101, 1087, -49;
-28, 276, -14, 430, -475, -270, -110, 1080, -58;
-25, 279, -12, 453, -455, -259, -100, 1090, -48;
-25, 280, -12, 464, -448, -255, -98, 1093, -47;
-29, 276, -16, 446, -468, -265, -113, 1079, -62;
-21, 283, -9, 497, -420, -241, -85, 1107, -35;
-21, 284, -8, 507, -413, -236, -83, 1109, -34;
-26, 279, -14, 480, -442, -251, -104, 1089, -55;
-21, 284, -9, 518, -407, -232, -84, 1109, -36;
-23, 282, -11, 510, -417, -237, -93, 1101, -46;
-16, 289, -4, 561, -367, -212, -65, 1129, -18;
-22, 283, -10, 529, -400, -228, -88, 1106, -42;
-18, 288, -6, 561, -369, -212, -72, 1123, -26;
-20, 285, -9, 553, -378, -216, -80, 1114, -35;
-17, 288, -6, 576, -356, -204, -69, 1126, -25;
-20, 286, -8, 567, -366, -209, -78, 1117, -34;
-19, 287, -8, 575, -358, -204, -76, 1119, -33;
-15, 290, -4, 605, -329, -189, -61, 1134, -19;
-22, 283, -12, 564, -370, -209, -89, 1106, -48;
-13, 292, -3, 626, -307, -177, -53, 1142, -13;
-15, 291, -5, 619, -314, -180, -60, 1134, -20;
-14, 292, -4, 630, -301, -173, -55, 1139, -17;
-21, 285, -11, 591, -339, -192, -82, 1112, -44;
-13, 293, -3, 645, -285, -164, -51, 1142, -14;
-18, 287, -9, 615, -312, -177, -72, 1122, -35;
-18, 287, -9, 620, -306, -174, -71, 1122, -36;
-17, 288, -8, 630, -294, -167, -66, 1126, -32;
-19, 286, -10, 619, -303, -171, -75, 1117, -42;
-11, 293, -3, 669, -250, -144, -46, 1146, -13;
-11, 294, -3, 675, -242, -139, -44, 1147, -12;
-13, 291, -5, 664, -250, -143, -52, 1138, -21;
-14, 291, -6, 662, -249, -142, -55, 1135, -25;
-10, 294, -2, 688, -219, -126, -40, 1149, -11;
-14, 289, -7, 661, -243, -138, -58, 1130, -30;
-16, 287, -9, 651, -249, -140, -65, 1122, -38;
-7, 297, 0, 713, -183, -106, -27, 1159, -1;
-13, 290, -6, 675, -217, -122, -52, 1134, -27;
-12, 291, -6, 682, -206, -117, -48, 1136, -25;
-11, 292, -5, 689, -194, -110, -44, 1139, -21;
-6, 296, 0, 722, -156, -91, -25, 1158, -3;
-9, 293, -3, 705, -168, -96, -35, 1146, -15;
-4, 298, 0, 735, -132, -77, -17, 1163, 2;
-6, 296, -1, 725, -137, -79, -23, 1155, -5;
-10, 291, -6, 696, -161, -90, -41, 1136, -24;
-9, 292, -4, 705, -145, -82, -35, 1141, -19;
-9, 292, -5, 705, -139, -78, -35, 1140, -19;
-6, 294, -3, 719, -119, -68, -26, 1147, -12;
-5, 295, -1, 729, -102, -59, -19, 1153, -6;
-8, 291, -5, 704, -120, -67, -34, 1136, -22;
-4, 295, -1, 731, -86, -49, -17, 1153, -5;
-2, 297, 0, 741, -69, -40, -10, 1158, 0;
-7, 291, -5, 706, -96, -53, -30, 1136, -21;
-6, 292, -4, 713, -82, -45, -25, 1139, -18;
-1, 297, 0, 745, -43, -25, -4, 1158, 1;
-3, 294, -1, 729, -50, -28, -13, 1148, -7;
-3, 293, -2, 726, -46, -25, -13, 1146, -9;
-6, 290, -5, 704, -59, -31, -25, 1132, -22;
2, 299, 3, 759, 4, 0, 9, 1166, 12;
0, 295, 0, 737, -9, -5, -2, 1152, -1;
0, 294, 0, 733, -4, -2, -2, 1149, -2;
4, 300, 4, 765, 37, 19, 19, 1170, 18;
5, 300, 4, 765, 46, 24, 21, 1170, 19;
0, 294, 0, 733, 23, 13, 3, 1150, 0;
-1, 292, -2, 716, 16, 10, -4, 1140, -8;
7, 300, 5, 765, 74, 40, 28, 1170, 22;
1, 293, 0, 722, 41, 24, 3, 1144, -2;
5, 296, 3, 743, 73, 41, 19, 1158, 11;
4, 295, 1, 733, 73, 41, 16, 1152, 7;
7, 298, 4, 749, 100, 55, 29, 1163, 19;
4, 294, 1, 724, 85, 48, 16, 1148, 5;
7, 297, 4, 740, 112, 63, 29, 1159, 17;
7, 296, 4, 735, 118, 66, 29, 1157, 16;
10, 299, 7, 749, 143, 80, 41, 1166, 27;
9, 297, 5, 737, 143, 80, 37, 1160, 22;
6, 293, 2, 711, 128, 73, 25, 1145, 8;
3, 289, -1, 685, 113, 66, 12, 1129, -5;
6, 292, 1, 699, 138, 80, 24, 1139, 5;
11, 296, 6, 723, 174, 98, 43, 1155, 23;
10, 295, 5, 714, 178, 101, 42, 1152, 21;
6, 290, 0, 680, 156, 90, 24, 1132, 2;
8, 291, 2, 685, 173, 99, 31, 1136, 8;
9, 292, 3, 687, 187, 107, 37, 1139, 13;
5, 287, 0, 657, 170, 99, 22, 1122, -1;
16, 297, 9, 714, 239, 135, 62, 1159, 36;
12, 293, 5, 685, 223, 127, 49, 1143, 22;
17, 297, 10, 707, 258, 145, 67, 1159, 39;
11, 291, 4, 666, 229, 131, 46, 1135, 17;
13, 292, 6, 670, 247, 141, 54, 1140, 24;
12, 290, 4, 653, 243, 139, 47, 1131, 17;
17, 294, 9, 679, 282, 159, 69, 1149, 37;
15, 291, 6, 654, 271, 154, 58, 1136, 26;
13, 289, 5, 638, 268, 154, 54, 1129, 20;
12, 287, 3, 620, 264, 152, 48, 1120, 13;
15, 289, 6, 633, 290, 166, 61, 1130, 25;
14, 288, 5, 617, 288, 165, 56, 1123, 20;
16, 289, 7, 621, 306, 175, 64, 1128, 27;
13, 285, 4, 594, 293, 169, 53, 1114, 15;
20, 291, 10, 626, 339, 192, 79, 1136, 40;
18, 289, 8, 607, 334, 190, 72, 1127, 33;
16, 285, 5, 582, 323, 185, 63, 1115, 22;
21, 290, 10, 604, 358, 204, 82, 1131, 41;
22, 290, 11, 602, 371, 210, 87, 1132, 45;
16, 283, 5, 554, 337, 194, 63, 1105, 20;
18, 285, 7, 558, 355, 204, 71, 1111, 28;
19, 285, 8, 555, 367, 210, 76, 1113, 32;
17, 282, 6, 535, 361, 207, 69, 1103, 24;
18, 282, 6, 526, 367, 211, 70, 1101, 24;
17, 281, 6, 515, 370, 213, 69, 1097, 23;
18, 281, 6, 509, 379, 218, 72, 1097, 25;
18, 280, 6, 496, 380, 219, 70, 1092, 23;
18, 280, 6, 491, 389, 224, 74, 1092, 25;
24, 284, 12, 515, 428, 244, 95, 1111, 46;
25, 284, 12, 509, 437, 248, 98, 1110, 49;
23, 282, 10, 488, 430, 246, 91, 1101, 42;
26, 284, 13, 492, 450, 256, 101, 1107, 51;
25, 282, 12, 476, 448, 255, 98, 1101, 47;
19, 276, 6, 432, 418, 241, 77, 1077, 25;
26, 282, 13, 462, 464, 264, 103, 1100, 51;
25, 280, 11, 443, 459, 262, 98, 1092, 46;
21, 275, 8, 410, 441, 253, 84, 1075, 32;
20, 274, 7, 394, 439, 253, 81, 1069, 28;
30, 282, 16, 440, 500, 284, 117, 1101, 63;
28, 280, 14, 419, 494, 281, 111, 1093, 57;
27, 277, 13, 398, 487, 278, 105, 1084, 51;
31, 281, 17, 416, 519, 294, 123, 1098, 68;
26, 275, 12, 371, 489, 280, 102, 1075, 47;
24, 273, 10, 350, 482, 277, 96, 1066, 41;
25, 272, 10, 340, 488, 280, 98, 1064, 42;
32, 279, 18, 377, 539, 306, 128, 1091, 72;
25, 271, 11, 320, 496, 284, 100, 1060, 44;
27, 272, 13, 319, 510, 291, 106, 1064, 50;
27, 271, 12, 306, 511, 292, 105, 1060, 49;
32, 276, 17, 326, 546, 310, 125, 1077, 69;
30, 273, 16, 304, 537, 306, 119, 1067, 62;
31, 274, 17, 300, 548, 312, 124, 1069, 68;
24, 266, 9, 241, 503, 289, 95, 1037, 38;
31, 272, 17, 274, 550, 313, 123, 1062, 66;
30, 270, 15, 254, 544, 310, 117, 1054, 61;
28, 268, 14, 234, 538, 307, 112, 1046, 56;
31, 270, 17, 240, 558, 318, 124, 1055, 67;
32, 270, 17, 230, 561, 319, 125, 1053, 68;
31, 268, 16, 212, 557, 318, 121, 1046, 65;
28, 265, 14, 185, 544, 311, 112, 1034, 56;
32, 268, 18, 198, 570, 324, 127, 1047, 71;
29, 264, 15, 166, 552, 316, 115, 1032, 59;
26, 260, 12, 134, 533, 306, 102, 1016, 47;
26, 259, 12, 121, 533, 307, 102, 1013, 46;
30, 263, 16, 137, 562, 321, 119, 1028, 64;
29, 262, 15, 120, 558, 319, 116, 1022, 61;
29, 261, 15, 107, 559, 320, 116, 1019, 61;
28, 258, 14, 85, 549, 315, 109, 1010, 55;
35, 265, 21, 120, 596, 339, 138, 1036, 84;
35, 265, 21, 108, 597, 339, 138, 1033, 85;
27, 256, 14, 48, 550, 315, 108, 1001, 55;
26, 254, 12, 25, 540, 310, 102, 992, 49;
36, 263, 22, 76, 602, 342, 140, 1028, 88;
27, 254, 14, 12, 550, 316, 108, 993, 56;
31, 257, 18, 24, 574, 328, 123, 1005, 71;
28, 253, 15, -9, 552, 317, 109, 989, 58;
28, 253, 15, -19, 554, 318, 110, 987, 59;
33, 257, 20, 0, 584, 333, 128, 1004, 79;
29, 253, 16, -35, 560, 321, 114, 987, 65;
32, 256, 20, -25, 582, 332, 127, 998, 79;
29, 252, 17, -56, 562, 322, 115, 984, 68;
27, 249, 15, -84, 545, 313, 105, 971, 58;
28, 250, 16, -85, 554, 318, 111, 975, 65;
31, 251, 19, -81, 569, 325, 121, 982, 75;
35, 256, 24, -63, 598, 340, 139, 999, 94;
26, 246, 15, -133, 538, 309, 102, 960, 58;
27, 246, 16, -137, 544, 312, 106, 962, 63;
35, 253, 24, -100, 591, 336, 137, 990, 94;
34, 252, 23, -118, 583, 332, 132, 983, 91;
33, 250, 22, -134, 577, 328, 129, 978, 88;
27, 244, 16, -182, 538, 309, 106, 953, 66;
28, 245, 18, -182, 547, 313, 112, 957, 73;
33, 249, 23, -163, 575, 327, 130, 974, 92;
29, 245, 20, -197, 550, 314, 115, 957, 78;
32, 247, 23, -191, 565, 321, 126, 966, 90;
31, 245, 22, -210, 555, 316, 121, 959, 86;
33, 247, 24, -207, 566, 322, 129, 965, 95;
31, 245, 23, -227, 554, 316, 123, 957, 90;
25, 238, 17, -275, 513, 295, 98, 932, 67;
26, 239, 18, -278, 518, 297, 103, 934, 72;
26, 239, 19, -287, 517, 296, 103, 933, 74;
26, 239, 19, -295, 517, 296, 105, 933, 76;
33, 245, 26, -263, 556, 315, 130, 957, 103;
24, 236, 17, -328, 497, 286, 95, 921, 69;
33, 244, 26, -284, 549, 311, 129, 953, 104;
29, 240, 23, -314, 525, 299, 116, 938, 92;
25, 236, 19, -349, 496, 284, 99, 921, 77;
32, 242, 26, -317, 534, 303, 125, 945, 104;
32, 242, 27, -323, 534, 303, 126, 945, 107;
28, 238, 23, -359, 504, 287, 110, 928, 92;
29, 238, 25, -360, 509, 289, 114, 931, 98;
24, 233, 20, -400, 474, 272, 95, 910, 79;
22, 231, 18, -422, 457, 263, 86, 901, 72;
30, 239, 27, -375, 508, 288, 120, 934, 107;
31, 239, 28, -382, 506, 287, 120, 933, 109;
30, 238, 28, -393, 500, 283, 119, 931, 109;
27, 235, 25, -418, 479, 272, 108, 919, 100;
28, 236, 27, -420, 481, 273, 112, 922, 105;
23, 231, 22, -458, 446, 255, 92, 902, 87;
23, 230, 22, -469, 439, 251, 90, 899, 86;
29, 236, 28, -439, 472, 267, 113, 921, 111;
21, 228, 21, -493, 421, 241, 83, 891, 83;
20, 227, 21, -504, 413, 237, 81, 888, 82;
19, 226, 20, -519, 401, 230, 75, 882, 78;
19, 226, 21, -523, 399, 229, 77, 883, 82;
22, 228, 23, -514, 410, 234, 87, 892, 93;
22, 229, 24, -517, 409, 233, 88, 894, 96;
20, 227, 23, -536, 392, 224, 80, 885, 90;
26, 232, 28, -508, 422, 239, 102, 906, 113;
20, 226, 23, -551, 380, 217, 78, 883, 91;
19, 225, 22, -563, 369, 211, 74, 879, 89;
23, 229, 27, -543, 390, 221, 90, 894, 106;
17, 223, 21, -586, 347, 200, 66, 871, 84;
14, 221, 20, -604, 329, 190, 58, 862, 78;
23, 229, 28, -557, 377, 213, 90, 895, 112;
22, 228, 28, -568, 365, 207, 86, 890, 109;
15, 221, 21, -616, 317, 183, 59, 864, 84;
17, 223, 23, -609, 323, 185, 66, 870, 93;
21, 228, 29, -584, 348, 197, 84, 889, 113;
15, 222, 23, -624, 307, 176, 62, 867, 92;
20, 226, 28, -602, 327, 185, 78, 883, 110;
20, 227, 29, -602, 326, 184, 80, 886, 114;
13, 219, 22, -653, 273, 157, 50, 856, 86;
13, 220, 23, -654, 270, 155, 52, 858, 90;
13, 220, 23, -658, 264, 151, 51, 858, 91;
10, 217, 21, -676, 243, 141, 41, 849, 83;
15, 222, 26, -647, 269, 153, 61, 869, 104;
13, 220, 24, -666, 248, 142, 51, 860, 96;
12, 219, 24, -675, 236, 135, 47, 856, 94;
12, 220, 25, -674, 233, 133, 48, 859, 98;
8, 216, 22, -698, 206, 119, 35, 846, 86;
10, 218, 23, -692, 209, 120, 40, 852, 93;
8, 216, 22, -705, 191, 110, 32, 845, 87;
14, 223, 29, -668, 224, 126, 56, 870, 113;
6, 215, 21, -718, 170, 99, 26, 841, 85;
6, 215, 22, -721, 162, 94, 25, 840, 86;
9, 219, 25, -700, 178, 101, 38, 855, 101;
12, 221, 28, -685, 187, 105, 47, 865, 112;
10, 220, 27, -699, 168, 95, 39, 858, 106;
9, 220, 27, -702, 160, 91, 38, 858, 106;
11, 221, 29, -693, 163, 92, 43, 864, 114;
2, 213, 21, -748, 103, 61, 9, 832, 82;
1, 213, 21, -750, 94, 56, 7, 831, 82;
6, 217, 25, -724, 114, 65, 23, 848, 100;
1, 213, 22, -749, 82, 48, 7, 834, 85;
1, 214, 22, -750, 74, 44, 6, 834, 86;
0, 213, 22, -754, 64, 38, 3, 833, 85;
5, 218, 26, -726, 84, 48, 19, 850, 104;
1, 214, 23, -749, 54, 32, 4, 837, 90;
0, 214, 22, -754, 41, 25, 0, 834, 88;
-1, 213, 22, -759, 28, 18, -4, 831, 86;
2, 217, 26, -734, 45, 26, 10, 848, 102;
1, 216, 25, -738, 33, 19, 6, 845, 100;
4, 220, 28, -719, 44, 24, 16, 858, 113;
4, 220, 29, -716, 38, 20, 16, 860, 114;
-4, 212, 21, -766, -19, -9, -15, 829, 84;
0, 217, 25, -738, 0, 0, 0, 846, 101;
-2, 214, 23, -752, -23, -12, -10, 838, 92;
1, 219, 28, -720, 0, -1, 6, 857, 112;
0, 219, 28, -722, -12, -8, 3, 856, 111;
-2, 217, 26, -736, -36, -20, -8, 846, 101;
0, 219, 27, -724, -33, -20, -2, 854, 108;
-5, 214, 23, -752, -71, -39, -22, 836, 90;
0, 220, 29, -714, -44, -26, -1, 859, 113;
-1, 220, 28, -715, -55, -32, -4, 858, 112;
-1, 221, 29, -708, -59, -35, -3, 861, 114;
-5, 216, 25, -734, -95, -54, -22, 845, 97;
-8, 214, 22, -746, -118, -66, -33, 837, 89;
-1, 222, 30, -695, -78, -46, -4, 868, 119;
-8, 215, 23, -738, -132, -74, -34, 840, 91;
-7, 217, 25, -724, -129, -73, -29, 847, 98;
-4, 220, 28, -700, -117, -68, -18, 861, 111;
-3, 222, 30, -688, -116, -68, -13, 868, 117;
-6, 220, 27, -698, -138, -80, -24, 860, 108;
-7, 220, 27, -698, -150, -86, -27, 859, 107;
-11, 216, 23, -720, -183, -103, -45, 844, 91;
-6, 222, 29, -681, -156, -91, -25, 867, 113;
-5, 223, 30, -671, -158, -92, -22, 872, 117;
-9, 220, 26, -689, -189, -108, -38, 858, 103;
-15, 215, 21, -717, -229, -129, -59, 840, 83;
-14, 216, 22, -705, -230, -130, -56, 845, 88;
-7, 225, 30, -651, -189, -110, -27, 877, 118;
-15, 216, 22, -699, -250, -141, -62, 845, 86;
-11, 222, 26, -663, -227, -130, -45, 865, 104;
-9, 224, 29, -645, -222, -128, -38, 875, 113;
-11, 223, 28, -645, -235, -135, -43, 873, 109;
-16, 219, 23, -668, -271, -154, -62, 856, 92;
-18, 218, 21, -674, -291, -164, -71, 850, 84;
-10, 227, 30, -614, -244, -142, -39, 885, 118;
-15, 222, 25, -642, -285, -163, -61, 866, 97;
-19, 219, 21, -656, -313, -177, -75, 854, 84;
-20, 219, 21, -653, -324, -183, -79, 854, 82;
-16, 224, 25, -618, -302, -173, -62, 873, 100;
-19, 221, 22, -632, -330, -187, -76, 862, 87;
-13, 227, 28, -584, -297, -171, -53, 889, 113;
-18, 224, 24, -603, -329, -188, -70, 874, 97;
-14, 228, 29, -569, -310, -179, -55, 893, 113;
-19, 224, 24, -591, -346, -197, -74, 876, 95;
-22, 221, 21, -605, -374, -212, -88, 865, 82;
-15, 229, 28, -550, -333, -192, -60, 896, 111;
-20, 225, 24, -571, -369, -210, -80, 879, 93;
-16, 230, 28, -533, -345, -199, -62, 900, 112;
-22, 224, 22, -565, -392, -223, -88, 877, 87;
-20, 227, 24, -544, -385, -220, -81, 887, 95;
-23, 225, 22, -549, -404, -230, -91, 881, 87;
-18, 231, 27, -509, -379, -218, -72, 902, 107;
-22, 228, 23, -525, -409, -233, -89, 889, 91;
-18, 233, 28, -485, -384, -221, -70, 910, 110;
-21, 230, 25, -496, -409, -234, -83, 900, 98;
-24, 228, 22, -507, -435, -247, -97, 890, 86;
-25, 228, 22, -498, -440, -251, -98, 892, 86;
-21, 233, 26, -461, -418, -240, -81, 911, 103;
-21, 234, 26, -453, -425, -244, -83, 913, 102;
-20, 236, 28, -433, -419, -241, -78, 921, 109;
-24, 232, 23, -451, -452, -258, -96, 906, 92;
-24, 233, 23, -439, -455, -260, -95, 910, 93;
-30, 228, 18, -465, -496, -281, -118, 890, 70;
-21, 237, 27, -399, -444, -255, -84, 927, 105;
-27, 232, 21, -426, -486, -277, -108, 906, 82;
-23, 237, 25, -388, -463, -265, -92, 926, 99;
-22, 239, 27, -368, -457, -263, -86, 934, 106;
-26, 235, 22, -386, -489, -279, -104, 919, 88;
-24, 239, 25, -358, -476, -273, -94, 932, 99;
-24, 240, 25, -345, -478, -274, -93, 936, 100;
-23, 241, 26, -332, -480, -276, -93, 940, 101;
-26, 239, 23, -336, -497, -285, -102, 934, 93;
-27, 238, 22, -333, -510, -291, -108, 931, 87;
-31, 235, 18, -346, -536, -305, -123, 919, 73;
-33, 234, 17, -344, -549, -312, -129, 915, 66;
-28, 240, 22, -301, -520, -297, -110, 938, 87;
-24, 244, 25, -269, -502, -288, -97, 954, 100;
-26, 243, 23, -268, -515, -295, -104, 950, 93;
-31, 239, 18, -288, -549, -313, -124, 933, 74;
-34, 237, 16, -292, -568, -322, -133, 926, 64;
-28, 243, 22, -244, -534, -305, -111, 951, 86;
-26, 246, 24, -221, -525, -301, -104, 961, 93;
-25, 248, 25, -198, -516, -297, -98, 970, 100;
-27, 247, 23, -202, -534, -306, -108, 963, 90;
-33, 242, 17, -227, -572, -325, -130, 944, 68;
-30, 245, 20, -197, -556, -317, -119, 958, 79;
-30, 246, 20, -185, -558, -318, -120, 960, 79;
-25, 252, 25, -141, -527, -303, -99, 983, 99;
-28, 250, 22, -146, -545, -312, -110, 975, 88;
-32, 246, 18, -159, -571, -326, -126, 962, 72;
-28, 251, 22, -121, -546, -313, -109, 981, 89;
-33, 247, 17, -140, -578, -329, -128, 965, 69;
-28, 252, 22, -100, -552, -316, -111, 985, 86;
-33, 248, 17, -118, -583, -332, -130, 969, 67;
-29, 252, 20, -84, -561, -321, -116, 985, 81;
-32, 251, 18, -87, -576, -328, -125, 979, 72;
-34, 249, 16, -89, -591, -336, -134, 973, 63;
-29, 255, 21, -45, -559, -320, -114, 995, 82;
-34, 250, 15, -67, -593, -337, -135, 977, 61;
-26, 259, 23, -6, -544, -313, -104, 1010, 91;
-31, 255, 18, -22, -573, -327, -122, 995, 73;
-29, 257, 20, 1, -560, -321, -114, 1005, 80;
-26, 260, 22, 27, -546, -314, -105, 1017, 89;
-35, 252, 13, -16, -601, -341, -139, 984, 54;
-29, 259, 20, 37, -559, -320, -113, 1013, 79;
-29, 260, 19, 46, -561, -321, -114, 1014, 77;
-29, 260, 19, 57, -561, -321, -114, 1016, 76;
-35, 255, 13, 33, -596, -339, -137, 996, 53;
-30, 260, 18, 74, -565, -323, -118, 1017, 72;
-26, 265, 22, 110, -540, -311, -103, 1035, 86;
-27, 264, 20, 113, -547, -314, -108, 1032, 80;
-32, 260, 15, 93, -578, -329, -127, 1015, 60;
-32, 261, 15, 107, -574, -327, -125, 1018, 61;
-35, 258, 11, 94, -597, -338, -140, 1006, 45;
-25, 268, 21, 168, -532, -306, -101, 1047, 84;
-27, 267, 19, 169, -542, -311, -107, 1043, 76;
-25, 270, 21, 193, -527, -303, -99, 1053, 83;
-27, 268, 19, 192, -537, -308, -106, 1048, 75;
-28, 267, 17, 194, -545, -312, -111, 1044, 69;
-35, 261, 10, 162, -585, -332, -137, 1020, 42;
-28, 269, 17, 217, -539, -308, -110, 1050, 68;
-31, 266, 14, 209, -556, -317, -121, 1040, 55;
-35, 263, 10, 195, -578, -328, -136, 1026, 39;
-28, 269, 15, 243, -538, -307, -112, 1052, 62;
-33, 266, 11, 227, -562, -319, -129, 1037, 44;
-27, 272, 16, 272, -524, -300, -106, 1061, 65;
-24, 275, 19, 300, -504, -290, -95, 1074, 75;
-25, 274, 17, 301, -511, -293, -101, 1070, 68;
-24, 275, 18, 317, -501, -288, -96, 1076, 71;
-25, 276, 17, 326, -500, -287, -97, 1076, 69;
-27, 273, 14, 318, -514, -294, -107, 1067, 57;
-25, 276, 16, 343, -496, -285, -98, 1078, 65;
-32, 269, 8, 304, -541, -307, -127, 1050, 34;
-29, 272, 11, 331, -520, -296, -116, 1063, 44;
-25, 277, 15, 366, -491, -281, -100, 1080, 58;
-30, 272, 9, 342, -521, -296, -120, 1061, 37;
-29, 273, 10, 359, -510, -290, -115, 1067, 40;
-30, 272, 8, 359, -515, -292, -120, 1063, 33;
-27, 276, 11, 389, -490, -279, -107, 1078, 45;
-29, 274, 9, 384, -499, -284, -114, 1071, 35;
-22, 281, 15, 433, -456, -261, -89, 1097, 59;
-24, 279, 12, 428, -465, -266, -97, 1090, 49;
-29, 275, 7, 407, -490, -278, -115, 1073, 29;
-21, 284, 15, 468, -433, -249, -81, 1107, 61;
-26, 278, 9, 441, -464, -264, -103, 1086, 38;
-21, 283, 14, 478, -430, -247, -84, 1106, 54;
-26, 278, 8, 453, -458, -261, -104, 1086, 32;
-25, 280, 9, 469, -446, -254, -99, 1093, 36;
-26, 279, 7, 469, -448, -255, -103, 1089, 30;
-20, 285, 12, 511, -409, -234, -81, 1112, 50;
-21, 284, 11, 513, -410, -234, -84, 1109, 45;
-23, 282, 9, 506, -418, -238, -92, 1102, 35;
-25, 281, 7, 503, -424, -241, -97, 1096, 27;
-25, 281, 6, 509, -419, -238, -97, 1096, 25;
-26, 280, 4, 508, -422, -239, -102, 1093, 19;
-17, 288, 12, 566, -365, -210, -69, 1125, 49;
-24, 281, 5, 527, -405, -229, -97, 1098, 19;
-19, 287, 10, 569, -364, -208, -74, 1121, 40;
-24, 282, 4, 540, -393, -223, -95, 1100, 17;
-22, 283, 5, 555, -378, -214, -88, 1106, 21;
-23, 283, 4, 555, -378, -214, -91, 1104, 16;
-19, 287, 7, 586, -347, -198, -75, 1120, 30;
-19, 287, 7, 591, -342, -195, -74, 1120, 28;
-13, 292, 12, 630, -303, -175, -53, 1141, 47;
-17, 289, 7, 611, -320, -183, -67, 1127, 30;
-20, 286, 4, 598, -332, -188, -78, 1116, 18;
-20, 285, 3, 597, -332, -188, -81, 1113, 12;
-17, 289, 6, 625, -303, -173, -66, 1127, 25;
-12, 293, 10, 657, -269, -155, -48, 1145, 40;
-13, 292, 8, 654, -270, -155, -51, 1141, 34;
-14, 290, 6, 647, -274, -157, -58, 1134, 26;
-19, 286, 1, 623, -297, -167, -75, 1117, 6;
-10, 295, 10, 683, -233, -135, -39, 1152, 40;
-8, 296, 10, 693, -221, -128, -34, 1156, 42;
-8, 296, 10, 695, -215, -125, -34, 1156, 39;
-13, 291, 4, 667, -240, -137, -53, 1136, 18;
-13, 291, 4, 673, -231, -132, -50, 1137, 18;
-9, 295, 7, 696, -204, -117, -37, 1150, 29;
-9, 295, 7, 700, -196, -113, -35, 1151, 28;
-10, 294, 5, 696, -196, -112, -39, 1146, 22;
-6, 297, 8, 722, -166, -97, -24, 1161, 34;
-11, 291, 2, 687, -196, -111, -46, 1138, 10;
-11, 292, 2, 692, -185, -105, -43, 1140, 10;
-10, 292, 2, 699, -174, -99, -39, 1142, 11;
-9, 293, 3, 705, -163, -93, -36, 1144, 12;
-8, 293, 2, 707, -154, -88, -34, 1145, 11;
-10, 292, 0, 700, -157, -88, -39, 1139, 3;
-12, 289, -1, 685, -165, -92, -48, 1128, -7;
-7, 294, 2, 716, -128, -73, -28, 1147, 9;
-2, 298, 6, 746, -92, -54, -9, 1164, 25;
-7, 293, 0, 714, -117, -66, -29, 1143, 3;
-9, 291, -1, 703, -122, -68, -35, 1135, -5;
-9, 290, -2, 699, -119, -66, -37, 1132, -10;
0, 299, 6, 757, -53, -32, 0, 1168, 24;
0, 299, 6, 760, -43, -26, 2, 1169, 24;
-6, 292, -1, 717, -79, -44, -23, 1141, -4;
-8, 290, -3, 702, -86, -46, -31, 1132, -15;
-2, 295, 1, 736, -43, -25, -8, 1153, 4;
-4, 292, -2, 718, -54, -29, -18, 1141, -7;
1, 298, 3, 757, -6, -5, 6, 1165, 15;
-4, 292, -3, 714, -40, -21, -17, 1138, -12;
-5, 290, -4, 707, -39, -20, -20, 1133, -18;
1, 296, 1, 745, 7, 3, 4, 1157, 4;
-1, 293, -1, 726, -2, 0, -5, 1145, -7;
5, 300, 4, 766, 47, 24, 22, 1171, 16;
2, 296, 0, 744, 34, 19, 10, 1157, 2;
-1, 292, -4, 714, 14, 9, -5, 1139, -16;
2, 296, 0, 738, 48, 27, 11, 1154, -1;
3, 295, -1, 735, 55, 31, 12, 1152, -4;
2, 294, -2, 727, 56, 32, 9, 1148, -9;
7, 298, 1, 751, 91, 51, 27, 1164, 5;
1, 291, -5, 709, 59, 35, 4, 1138, -20;
9, 299, 2, 757, 118, 65, 37, 1169, 10;
2, 292, -4, 711, 83, 48, 11, 1141, -18;
5, 294, -2, 721, 104, 59, 20, 1148, -11;
10, 298, 1, 746, 140, 78, 39, 1164, 4;
3, 291, -6, 697, 103, 60, 12, 1135, -24;
8, 295, -2, 722, 138, 78, 31, 1151, -8;
8, 295, -2, 721, 149, 85, 34, 1152, -8;
4, 290, -6, 689, 129, 75, 18, 1133, -27;
8, 293, -4, 704, 155, 89, 31, 1144, -17;
9, 293, -3, 705, 169, 96, 36, 1146, -14;
6, 290, -7, 682, 158, 91, 26, 1133, -27;
7, 291, -6, 682, 170, 98, 30, 1135, -26;
10, 293, -4, 696, 196, 112, 42, 1145, -16;
14, 296, -1, 708, 221, 125, 54, 1154, -6;
10, 291, -5, 680, 205, 117, 41, 1138, -22;
17, 297, 0, 713, 251, 141, 66, 1160, 0;
15, 295, -2, 693, 244, 138, 58, 1150, -10;
13, 292, -5, 674, 237, 135, 51, 1140, -20;
13, 292, -5, 668, 245, 140, 52, 1139, -21;
10, 288, -8, 643, 233, 134, 41, 1125, -34;
18, 295, -1, 684, 287, 162, 72, 1153, -6;
15, 292, -5, 658, 274, 156, 61, 1138, -20;
12, 288, -9, 629, 259, 149, 48, 1123, -35;
16, 291, -5, 649, 293, 166, 66, 1138, -20;
14, 288, -8, 625, 282, 161, 56, 1125, -33;
21, 294, -2, 659, 330, 186, 82, 1149, -8;
13, 286, -10, 601, 286, 165, 52, 1115, -41;
16, 288, -8, 612, 311, 178, 64, 1125, -31;
13, 284, -12, 581, 293, 169, 50, 1108, -47;
18, 289, -6, 609, 335, 191, 73, 1128, -27;
17, 287, -8, 592, 332, 190, 69, 1120, -34;
18, 287, -8, 585, 340, 194, 70, 1119, -35;
20, 288, -7, 591, 360, 205, 80, 1126, -27;
21, 288, -7, 584, 367, 209, 81, 1124, -28;
22, 289, -6, 583, 381, 216, 87, 1127, -24;
19, 285, -10, 553, 365, 209, 74, 1111, -39;
22, 287, -7, 561, 387, 220, 86, 1119, -30;
18, 282, -11, 529, 370, 212, 72, 1103, -46;
16, 280, -14, 506, 361, 208, 64, 1092, -56;
23, 285, -8, 537, 407, 232, 90, 1114, -33;
22, 284, -9, 522, 406, 232, 87, 1108, -38;
21, 282, -11, 504, 402, 230, 82, 1100, -45;
27, 288, -5, 535, 448, 254, 108, 1123, -21;
21, 281, -11, 488, 416, 238, 85, 1097, -46;
20, 278, -14, 466, 409, 235, 78, 1088, -55;
19, 277, -15, 448, 406, 234, 74, 1080, -61;
27, 284, -8, 488, 459, 261, 105, 1108, -32;
27, 283, -8, 477, 463, 263, 105, 1105, -34;
24, 280, -11, 450, 452, 258, 95, 1092, -45;
29, 284, -6, 472, 488, 276, 116, 1110, -27;
28, 283, -8, 455, 486, 276, 112, 1103, -32;
21, 275, -15, 400, 445, 256, 85, 1072, -61;
30, 283, -7, 444, 504, 286, 119, 1104, -28;
23, 275, -15, 386, 461, 264, 90, 1072, -59;
29, 280, -9, 412, 501, 285, 113, 1092, -38;
27, 277, -12, 387, 491, 280, 105, 1081, -48;
22, 271, -17, 345, 463, 267, 86, 1059, -69;
31, 280, -8, 392, 525, 298, 123, 1092, -34;
27, 275, -13, 355, 502, 287, 107, 1073, -52;
22, 269, -18, 313, 475, 274, 88, 1052, -72;
32, 278, -8, 364, 540, 306, 127, 1087, -35;
28, 274, -13, 327, 518, 295, 111, 1069, -52;
30, 275, -11, 327, 532, 303, 118, 1073, -46;
28, 272, -14, 302, 521, 298, 110, 1062, -56;
26, 269, -16, 280, 513, 294, 104, 1052, -63;
28, 270, -15, 276, 523, 299, 109, 1054, -60;
25, 267, -18, 249, 510, 293, 99, 1042, -71;
26, 267, -17, 245, 521, 299, 105, 1044, -67;
27, 267, -17, 237, 527, 302, 107, 1043, -66;
31, 270, -13, 250, 554, 315, 122, 1056, -52;
30, 269, -14, 231, 549, 313, 118, 1049, -57;
29, 266, -16, 210, 542, 310, 113, 1041, -64;
34, 271, -11, 231, 576, 327, 133, 1058, -45;
31, 268, -14, 204, 562, 320, 123, 1046, -56;
29, 264, -17, 175, 547, 313, 113, 1032, -67;
28, 263, -18, 157, 543, 311, 109, 1026, -72;
27, 262, -19, 143, 542, 311, 108, 1022, -74;
31, 264, -16, 152, 564, 322, 121, 1032, -62;
33, 266, -13, 155, 580, 330, 130, 1039, -54;
27, 260, -19, 108, 546, 313, 109, 1014, -76;
30, 262, -17, 115, 566, 323, 120, 1023, -66;
26, 257, -21, 78, 542, 311, 105, 1005, -82;
32, 262, -15, 102, 579, 330, 127, 1025, -61;
30, 260, -17, 79, 569, 325, 120, 1016, -68;
27, 256, -21, 44, 546, 313, 106, 998, -84;
34, 263, -14, 80, 594, 338, 135, 1026, -55;
27, 254, -22, 20, 546, 314, 105, 993, -86;
34, 261, -14, 54, 593, 337, 134, 1019, -57;
26, 252, -23, -7, 542, 312, 102, 985, -90;
30, 255, -19, 4, 566, 324, 117, 997, -75;
36, 261, -13, 32, 606, 344, 142, 1020, -51;
28, 252, -21, -31, 553, 317, 109, 985, -85;
33, 257, -16, -7, 588, 335, 131, 1004, -63;
35, 259, -14, -6, 601, 341, 140, 1010, -55;
32, 254, -18, -39, 579, 330, 126, 994, -70;
26, 248, -23, -87, 542, 312, 103, 969, -93;
34, 256, -15, -47, 592, 337, 135, 999, -62;
31, 252, -19, -80, 570, 326, 121, 983, -75;
34, 255, -15, -68, 593, 337, 136, 995, -61;
30, 249, -20, -109, 562, 321, 117, 974, -80;
34, 253, -16, -93, 588, 334, 134, 989, -63;
33, 251, -17, -113, 578, 329, 128, 981, -69;
33, 251, -17, -121, 580, 330, 130, 981, -68;
26, 244, -24, -174, 536, 308, 104, 953, -94;
34, 252, -16, -133, 587, 333, 136, 983, -62;
28, 244, -22, -187, 542, 311, 109, 954, -89;
28, 245, -22, -192, 546, 313, 112, 956, -86;
35, 251, -15, -162, 586, 332, 138, 979, -60;
30, 246, -20, -201, 555, 316, 119, 959, -78;
32, 247, -18, -199, 566, 322, 128, 966, -70;
30, 245, -20, -223, 550, 314, 119, 955, -79;
33, 247, -17, -214, 566, 322, 130, 965, -67;
33, 247, -17, -223, 565, 321, 131, 964, -67;
27, 240, -23, -271, 526, 301, 107, 939, -90;
24, 237, -26, -301, 503, 289, 94, 924, -103;
25, 237, -25, -306, 505, 290, 97, 926, -99;
24, 236, -25, -317, 501, 288, 96, 923, -100;
33, 245, -16, -271, 554, 314, 131, 956, -65;
32, 243, -18, -290, 542, 308, 125, 949, -71;
31, 242, -18, -302, 537, 305, 123, 946, -72;
24, 235, -25, -354, 492, 282, 97, 918, -98;
30, 240, -19, -329, 522, 297, 117, 938, -77;
31, 241, -18, -332, 525, 298, 121, 940, -73;
31, 240, -18, -340, 522, 297, 121, 939, -72;
23, 233, -26, -396, 472, 271, 92, 909, -101;
28, 237, -21, -375, 498, 284, 110, 926, -82;
27, 236, -21, -388, 491, 280, 107, 922, -84;
22, 231, -26, -425, 459, 263, 89, 903, -102;
24, 232, -24, -424, 464, 266, 94, 907, -96;
28, 236, -20, -406, 487, 277, 111, 923, -79;
23, 231, -24, -442, 455, 260, 93, 904, -96;
28, 235, -20, -423, 478, 271, 109, 920, -79;
22, 230, -25, -466, 439, 251, 87, 897, -100;
27, 234, -20, -442, 466, 265, 106, 915, -80;
28, 235, -19, -442, 469, 266, 111, 919, -75;
26, 233, -21, -464, 451, 256, 102, 910, -83;
24, 231, -23, -483, 434, 247, 94, 901, -90;
19, 226, -27, -520, 400, 230, 75, 882, -108;
19, 226, -27, -524, 398, 229, 77, 883, -105;
22, 229, -23, -511, 413, 236, 88, 894, -93;
24, 230, -22, -510, 417, 237, 93, 899, -87;
25, 232, -20, -505, 423, 240, 100, 905, -79;
24, 231, -20, -516, 414, 235, 97, 901, -81;
15, 222, -29, -577, 353, 204, 62, 866, -115;
24, 231, -20, -527, 405, 229, 96, 901, -79;
18, 224, -26, -573, 360, 206, 71, 876, -103;
15, 221, -29, -597, 336, 194, 59, 863, -114;
15, 221, -29, -603, 331, 191, 59, 863, -113;
21, 227, -22, -570, 363, 206, 82, 886, -88;
16, 223, -26, -601, 332, 190, 66, 870, -104;
14, 220, -29, -624, 309, 178, 54, 859, -114;
16, 222, -26, -614, 318, 183, 63, 868, -104;
12, 218, -30, -642, 290, 168, 48, 853, -117;
18, 224, -23, -609, 321, 183, 71, 876, -93;
15, 222, -26, -629, 300, 172, 61, 866, -102;
20, 226, -21, -606, 322, 182, 78, 883, -83;
19, 226, -21, -612, 314, 178, 76, 882, -84;
18, 225, -22, -621, 303, 172, 72, 879, -86;
12, 218, -28, -665, 257, 148, 46, 853, -110;
14, 221, -25, -653, 266, 152, 56, 863, -99;
12, 219, -27, -669, 248, 142, 47, 856, -106;
15, 223, -23, -648, 266, 151, 62, 871, -90;
16, 224, -22, -645, 266, 150, 65, 875, -85;
17, 225, -21, -644, 263, 148, 67, 877, -82;
14, 222, -23, -665, 239, 136, 55, 867, -92;
8, 216, -28, -701, 199, 115, 34, 846, -112;
15, 224, -21, -658, 238, 134, 62, 874, -83;
14, 223, -22, -668, 224, 126, 56, 870, -86;
8, 217, -27, -707, 181, 104, 33, 848, -108;
13, 222, -22, -677, 206, 116, 52, 868, -87;
11, 220, -24, -692, 186, 106, 43, 860, -94;
11, 220, -23, -692, 181, 102, 43, 861, -92;
12, 222, -21, -684, 184, 103, 49, 868, -85;
5, 215, -28, -729, 133, 77, 21, 841, -112;
11, 222, -22, -690, 166, 93, 45, 866, -86;
10, 221, -22, -695, 156, 87, 42, 865, -87;
3, 214, -29, -741, 103, 60, 13, 837, -114;
5, 217, -26, -725, 113, 65, 23, 848, -103;
5, 217, -26, -727, 104, 59, 21, 847, -103;
0, 212, -31, -757, 67, 40, 1, 830, -120;
3, 216, -27, -737, 80, 46, 13, 843, -107;
5, 218, -25, -726, 84, 48, 19, 851, -99;
5, 218, -24, -723, 80, 45, 20, 853, -96;
-1, 212, -30, -762, 33, 21, -4, 829, -120;
0, 213, -29, -756, 31, 19, -2, 833, -115;
-1, 213, -30, -761, 19, 12, -6, 831, -117;
3, 218, -24, -726, 45, 25, 13, 853, -95;
1, 216, -26, -739, 24, 14, 4, 845, -103;
5, 221, -22, -712, 43, 22, 19, 862, -86;
1, 218, -25, -731, 14, 8, 5, 850, -98;
2, 219, -23, -721, 15, 7, 9, 856, -92;
4, 221, -21, -707, 20, 9, 16, 865, -83;
0, 217, -25, -732, -13, -8, 0, 850, -99;
2, 220, -22, -714, -4, -4, 8, 861, -87;
1, 220, -22, -713, -13, -9, 6, 861, -88;
-4, 215, -27, -745, -55, -30, -15, 841, -108;
-6, 213, -29, -758, -78, -42, -26, 832, -116;
-3, 217, -26, -732, -62, -35, -13, 848, -101;
-5, 216, -27, -740, -81, -45, -20, 842, -107;
-4, 217, -26, -732, -83, -47, -18, 847, -103;
-9, 212, -30, -758, -119, -66, -37, 830, -120;
-3, 219, -24, -714, -86, -50, -13, 856, -94;
-7, 215, -28, -737, -120, -68, -31, 841, -109;
-8, 215, -28, -735, -129, -72, -32, 842, -109;
-6, 218, -26, -720, -126, -71, -27, 850, -101;
-9, 216, -28, -731, -147, -83, -37, 842, -109;
-7, 218, -25, -711, -139, -80, -28, 853, -99;
-4, 222, -21, -686, -125, -73, -16, 868, -85;
-11, 215, -29, -728, -179, -101, -46, 840, -113;
-14, 213, -30, -737, -200, -112, -55, 833, -120;
-4, 223, -21, -671, -147, -86, -19, 873, -82;
-6, 223, -21, -671, -159, -93, -23, 871, -84;
-9, 220, -24, -688, -188, -108, -37, 859, -96;
-15, 215, -29, -716, -229, -129, -59, 840, -116;
-11, 219, -25, -686, -212, -121, -45, 857, -100;
-12, 219, -26, -684, -222, -127, -48, 856, -101;
-13, 219, -26, -681, -232, -132, -51, 856, -102;
-10, 222, -23, -659, -222, -128, -42, 868, -91;
-14, 220, -26, -672, -248, -141, -54, 858, -102;
-17, 217, -28, -683, -273, -154, -66, 849, -112;
-18, 217, -29, -681, -284, -160, -70, 848, -113;
-9, 226, -20, -620, -236, -137, -37, 884, -79;
-10, 226, -21, -620, -250, -144, -42, 882, -82;
-16, 221, -25, -645, -288, -164, -63, 864, -101;
-11, 227, -20, -607, -264, -153, -45, 885, -81;
-17, 221, -26, -637, -308, -175, -69, 864, -103;
-20, 219, -29, -649, -333, -188, -81, 854, -114;
-17, 223, -24, -615, -314, -179, -66, 872, -97;
-21, 220, -28, -631, -343, -195, -82, 860, -110;
-16, 225, -23, -596, -323, -185, -66, 879, -93;
-14, 228, -21, -574, -315, -181, -58, 889, -83;
-23, 220, -29, -618, -372, -210, -90, 860, -114;
-17, 227, -22, -569, -338, -194, -66, 887, -88;
-23, 222, -28, -597, -380, -215, -90, 867, -109;
-16, 229, -21, -548, -346, -199, -65, 894, -83;
-18, 228, -22, -546, -358, -205, -70, 892, -86;
-20, 227, -24, -551, -377, -216, -79, 886, -94;
-16, 231, -19, -517, -358, -206, -64, 904, -77;
-22, 226, -25, -546, -401, -228, -89, 882, -100;
-19, 231, -21, -512, -381, -219, -74, 900, -83;
-21, 229, -23, -518, -403, -230, -84, 893, -92;
-23, 228, -24, -518, -416, -237, -90, 890, -96;
-25, 226, -26, -522, -435, -247, -100, 884, -104;
-21, 232, -21, -483, -411, -236, -82, 904, -85;
-19, 234, -20, -465, -408, -234, -77, 912, -79;
-28, 226, -28, -507, -465, -263, -110, 882, -110;
-26, 229, -25, -484, -456, -259, -103, 893, -101;
-22, 234, -21, -445, -432, -248, -85, 914, -82;
-21, 235, -20, -433, -434, -249, -84, 918, -79;
-25, 232, -23, -446, -462, -264, -100, 905, -93;
-27, 231, -24, -444, -474, -270, -105, 903, -97;
-22, 237, -19, -404, -449, -258, -87, 924, -77;
-22, 238, -19, -391, -451, -259, -86, 928, -75;
-25, 235, -22, -402, -476, -272, -100, 917, -87;
-25, 236, -21, -386, -475, -272, -97, 923, -83;
-26, 236, -22, -382, -486, -278, -102, 921, -87;
-29, 234, -24, -389, -508, -289, -114, 913, -97;
-24, 239, -19, -348, -481, -276, -95, 935, -77;
-31, 233, -26, -382, -529, -300, -124, 909, -104;
-22, 243, -17, -314, -475, -274, -88, 947, -68;
-23, 242, -17, -307, -484, -278, -92, 947, -70;
-32, 234, -26, -351, -541, -307, -126, 916, -103;
-26, 242, -19, -299, -504, -289, -101, 943, -77;
-32, 236, -25, -326, -545, -310, -125, 922, -99;
-33, 236, -26, -321, -554, -315, -129, 921, -102;
-29, 241, -21, -282, -530, -302, -113, 941, -84;
-29, 241, -22, -275, -537, -306, -116, 941, -86;
-30, 241, -22, -266, -542, -309, -118, 942, -87;
-24, 247, -16, -221, -511, -294, -97, 965, -65;
-29, 243, -21, -238, -542, -310, -115, 950, -82;
-25, 248, -17, -202, -519, -298, -100, 968, -66;
-35, 239, -26, -248, -580, -329, -136, 935, -101;
-27, 247, -18, -190, -535, -307, -108, 966, -72;
-31, 245, -21, -201, -559, -319, -121, 955, -84;
-25, 251, -15, -153, -525, -302, -99, 980, -62;
-29, 248, -19, -166, -551, -315, -115, 968, -76;
-31, 246, -21, -168, -567, -323, -124, 961, -84;
-31, 247, -20, -154, -566, -323, -122, 966, -81;
-27, 252, -16, -115, -541, -310, -106, 985, -64;
-30, 250, -19, -122, -560, -320, -117, 976, -75;
-30, 250, -19, -113, -564, -322, -119, 977, -76;
-28, 253, -17, -87, -551, -316, -110, 988, -66;
-29, 253, -18, -83, -559, -320, -115, 986, -70;
-29, 254, -17, -67, -557, -319, -113, 991, -67;
-28, 255, -16, -50, -552, -317, -110, 997, -63;
-32, 252, -20, -65, -579, -330, -126, 983, -79;
-33, 251, -21, -60, -586, -334, -130, 981, -82;
-35, 250, -23, -62, -601, -341, -139, 975, -91;
-32, 253, -20, -32, -582, -332, -127, 989, -78;
-30, 256, -17, -6, -568, -325, -119, 1000, -69;
-31, 256, -18, 0, -574, -328, -122, 999, -72;
-27, 260, -14, 34, -551, -316, -108, 1016, -57;
-29, 259, -16, 32, -564, -322, -116, 1010, -65;
-35, 254, -21, 11, -596, -339, -136, 992, -84;
-36, 253, -22, 15, -603, -342, -141, 990, -89;
-31, 259, -18, 55, -574, -328, -123, 1010, -70;
-29, 261, -16, 78, -561, -321, -115, 1020, -62;
-33, 258, -19, 68, -582, -332, -129, 1009, -75;
-32, 259, -18, 82, -579, -330, -127, 1012, -73;
-26, 266, -12, 135, -536, -308, -101, 1040, -47;
-35, 258, -21, 87, -594, -337, -138, 1006, -83;
-36, 257, -22, 94, -597, -339, -140, 1005, -85;
-30, 264, -16, 141, -560, -320, -118, 1030, -63;
-33, 261, -19, 133, -577, -328, -129, 1021, -74;
-27, 268, -12, 182, -538, -309, -106, 1046, -50;
-29, 266, -15, 179, -550, -315, -114, 1040, -58;
-33, 262, -19, 163, -575, -327, -130, 1025, -74;
-33, 263, -18, 176, -571, -325, -129, 1029, -73;
-28, 269, -13, 219, -537, -308, -109, 1050, -52;
-30, 267, -16, 211, -554, -316, -120, 1041, -64;
-26, 271, -11, 249, -523, -300, -102, 1060, -46;
-33, 265, -18, 215, -566, -321, -130, 1034, -73;
-30, 268, -16, 240, -549, -313, -120, 1046, -64;
-30, 268, -16, 252, -545, -310, -119, 1048, -63;
-27, 272, -13, 279, -525, -300, -108, 1061, -52;
-24, 275, -10, 309, -503, -289, -96, 1075, -39;
-29, 270, -15, 286, -532, -304, -116, 1056, -59;
-26, 274, -12, 315, -510, -292, -103, 1070, -47;
-23, 277, -9, 344, -488, -281, -91, 1084, -35;
-29, 272, -14, 319, -520, -297, -113, 1063, -57;
-23, 278, -9, 361, -484, -278, -92, 1086, -36;
-24, 278, -10, 366, -485, -279, -94, 1084, -39;
-28, 274, -14, 350, -508, -290, -110, 1070, -55;
-30, 272, -16, 342, -521, -296, -120, 1061, -65;
-28, 274, -14, 364, -504, -287, -112, 1070, -57;
-27, 276, -13, 381, -493, -281, -106, 1077, -52;
-21, 282, -7, 424, -455, -262, -85, 1100, -30;
-26, 277, -13, 400, -484, -276, -105, 1081, -51;
-24, 279, -10, 424, -465, -266, -95, 1091, -41;
-23, 281, -9, 437, -456, -261, -91, 1096, -38;
-22, 282, -8, 452, -444, -255, -87, 1101, -34;
-27, 277, -14, 428, -473, -269, -107, 1082, -54;
-25, 279, -12, 448, -457, -260, -98, 1091, -47;
-21, 284, -8, 481, -427, -245, -83, 1108, -31;
-22, 283, -9, 482, -429, -246, -86, 1105, -35;
-26, 279, -13, 462, -452, -257, -103, 1089, -52;
-26, 279, -13, 468, -449, -255, -103, 1089, -53;
-18, 287, -6, 523, -397, -228, -73, 1119, -24;
-20, 285, -7, 520, -402, -231, -79, 1114, -30;
-20, 286, -7, 528, -396, -227, -78, 1115, -30;
-22, 283, -10, 516, -410, -234, -89, 1105, -41;
-25, 280, -13, 506, -422, -239, -99, 1095, -52;
-25, 280, -13, 511, -418, -237, -99, 1095, -53;
-20, 286, -8, 552, -379, -217, -78, 1117, -32;
-15, 291, -4, 585, -346, -200, -60, 1134, -15;
-23, 283, -11, 542, -390, -222, -90, 1104, -46;
-22, 284, -11, 552, -381, -216, -87, 1108, -44;
-19, 287, -8, 577, -357, -204, -75, 1120, -32;
-16, 290, -5, 599, -335, -192, -64, 1131, -22;
-16, 289, -6, 603, -331, -190, -65, 1130, -23;
-21, 285, -10, 578, -355, -201, -83, 1112, -42;
-17, 289, -7, 607, -326, -186, -68, 1127, -28;
-13, 292, -3, 635, -296, -171, -52, 1142, -13;
-17, 289, -7, 615, -315, -180, -67, 1127, -29;
-18, 287, -9, 609, -320, -182, -73, 1120, -36;
-13, 293, -3, 649, -279, -161, -51, 1142, -15;
-17, 288, -8, 627, -299, -170, -66, 1127, -31;
-10, 295, -1, 673, -251, -146, -40, 1153, -5;
-12, 292, -4, 660, -262, -151, -50, 1142, -16;
-15, 290, -6, 649, -271, -154, -58, 1133, -26;
-18, 287, -10, 630, -286, -162, -71, 1119, -40;
-11, 293, -3, 677, -237, -136, -44, 1146, -13;
-9, 295, -2, 690, -221, -128, -38, 1152, -8;
-9, 295, -1, 694, -214, -123, -36, 1153, -7;
-16, 288, -9, 650, -254, -143, -65, 1123, -37;
-17, 287, -10, 650, -250, -141, -66, 1121, -39;
-16, 287, -10, 653, -243, -136, -65, 1122, -39;
-6, 297, 0, 717, -175, -102, -26, 1160, -1;
-15, 288, -9, 662, -225, -126, -60, 1124, -37;
-7, 295, -2, 711, -171, -99, -30, 1153, -8;
-7, 295, -2, 713, -165, -95, -30, 1152, -8;
-6, 296, -1, 720, -152, -88, -26, 1155, -5;
-13, 289, -8, 680, -188, -105, -51, 1129, -31;
-9, 292, -4, 703, -159, -90, -37, 1142, -18;
-7, 294, -2, 716, -140, -80, -29, 1149, -11;
-3, 298, 0, 741, -109, -64, -13, 1163, 3;
-10, 291, -6, 699, -145, -81, -39, 1136, -24;
-10, 290, -6, 695, -142, -79, -41, 1133, -26;
-1, 299, 2, 753, -79, -47, -5, 1167, 8;
-9, 290, -6, 700, -124, -69, -37, 1134, -25;
-7, 292, -4, 713, -104, -58, -28, 1141, -17;
-7, 291, -5, 708, -103, -57, -31, 1137, -21;
-5, 293, -3, 720, -83, -46, -22, 1144, -13;
-4, 294, -2, 726, -69, -39, -17, 1148, -9;
-5, 293, -3, 720, -67, -37, -19, 1143, -13;
2, 300, 3, 765, -14, -10, 9, 1171, 14;
0, 296, 0, 744, -28, -16, -2, 1157, 1;
-3, 293, -2, 722, -41, -22, -14, 1143, -11;
-3, 292, -3, 719, -35, -19, -14, 1141, -12;
-2, 293, -1, 726, -20, -10, -8, 1146, -7;
-3, 292, -3, 715, -21, -10, -13, 1139, -13;
-3, 292, -3, 715, -13, -5, -11, 1139, -13;
2, 297, 2, 749, 30, 16, 11, 1160, 9;
3, 297, 2, 746, 36, 20, 11, 1158, 8;
0, 292, -1, 719, 19, 12, -2, 1142, -7;
4, 297, 3, 749, 59, 32, 18, 1161, 12;
2, 294, 0, 731, 50, 29, 9, 1150, 2;
1, 293, 0, 723, 53, 31, 7, 1145, 0;
2, 293, 0, 722, 62, 36, 9, 1145, 0;
5, 296, 3, 739, 89, 50, 22, 1156, 12;
1, 291, -1, 704, 65, 39, 4, 1135, -7;
9, 299, 6, 752, 124, 69, 36, 1166, 24;
1, 290, -2, 696, 79, 47, 5, 1132, -8;
2, 291, 0, 700, 94, 55, 11, 1136, -3;
10, 298, 6, 743, 148, 83, 41, 1164, 25;
7, 294, 3, 719, 136, 77, 30, 1150, 13;
11, 297, 6, 735, 163, 92, 43, 1161, 25;
4, 290, 0, 685, 125, 73, 16, 1131, -2;
3, 288, -1, 676, 128, 75, 14, 1127, -5;
5, 289, 0, 678, 142, 83, 19, 1129, -1;
6, 290, 0, 682, 157, 91, 25, 1133, 3;
14, 297, 8, 723, 211, 119, 55, 1160, 32;
6, 288, 0, 665, 166, 96, 23, 1126, 0;
5, 287, 0, 657, 170, 99, 23, 1122, -1;
6, 287, 0, 655, 180, 105, 25, 1122, 0;
15, 296, 8, 704, 242, 136, 60, 1155, 33;
9, 289, 2, 658, 209, 121, 37, 1129, 9;
12, 291, 4, 667, 231, 132, 47, 1136, 18;
10, 289, 3, 652, 228, 131, 42, 1128, 12;
9, 286, 1, 632, 222, 129, 35, 1118, 4;
18, 295, 10, 685, 288, 162, 72, 1153, 41;
11, 287, 2, 631, 247, 143, 44, 1122, 11;
15, 290, 6, 647, 277, 158, 59, 1134, 25;
17, 292, 8, 650, 294, 167, 66, 1138, 32;
12, 286, 3, 614, 271, 156, 49, 1118, 13;
15, 288, 6, 622, 293, 168, 59, 1126, 23;
12, 285, 2, 595, 279, 161, 48, 1111, 11;
15, 287, 5, 607, 305, 175, 61, 1121, 23;
19, 290, 9, 618, 331, 188, 74, 1131, 35;
18, 288, 8, 605, 331, 189, 71, 1126, 31;
18, 287, 7, 594, 335, 191, 70, 1122, 30;
20, 289, 9, 598, 352, 200, 78, 1127, 37;
17, 286, 7, 574, 343, 196, 69, 1115, 27;
16, 284, 5, 557, 340, 196, 65, 1108, 22;
22, 289, 11, 585, 383, 217, 88, 1128, 45;
24, 290, 13, 589, 401, 227, 97, 1134, 53;
16, 281, 5, 528, 354, 204, 65, 1098, 20;
19, 283, 7, 535, 375, 215, 75, 1106, 30;
22, 285, 10, 542, 397, 226, 86, 1114, 40;
25, 288, 13, 552, 421, 239, 99, 1123, 52;
23, 285, 11, 531, 415, 236, 92, 1114, 45;
24, 285, 11, 523, 422, 240, 94, 1112, 46;
23, 283, 10, 508, 421, 240, 91, 1106, 42;
25, 284, 12, 510, 437, 249, 98, 1111, 49;
25, 284, 12, 501, 443, 252, 100, 1109, 50;
25, 283, 12, 489, 446, 254, 99, 1105, 49;
26, 283, 13, 486, 458, 260, 104, 1107, 53;
24, 281, 11, 463, 449, 256, 96, 1096, 45;
27, 283, 14, 468, 470, 267, 107, 1104, 55;
29, 284, 15, 468, 484, 275, 113, 1107, 61;
29, 284, 16, 462, 492, 279, 116, 1107, 64;
20, 273, 6, 391, 436, 251, 79, 1067, 26;
30, 283, 17, 445, 505, 286, 120, 1105, 67;
23, 275, 9, 388, 462, 265, 91, 1073, 38;
28, 279, 14, 408, 498, 283, 111, 1090, 57;
25, 276, 12, 380, 484, 277, 101, 1076, 46;
23, 272, 9, 351, 470, 270, 90, 1063, 35;
31, 280, 17, 395, 527, 299, 124, 1094, 69;
22, 270, 8, 326, 473, 272, 89, 1055, 33;
32, 279, 17, 373, 534, 303, 125, 1088, 69;
27, 273, 13, 333, 509, 291, 108, 1068, 52;
27, 273, 13, 320, 511, 292, 107, 1064, 51;
24, 269, 10, 290, 495, 285, 96, 1050, 40;
31, 275, 16, 320, 540, 307, 122, 1073, 65;
28, 272, 14, 293, 527, 301, 112, 1061, 56;
33, 275, 18, 307, 555, 315, 128, 1074, 72;
25, 266, 10, 246, 508, 292, 98, 1040, 41;
34, 275, 19, 292, 568, 322, 134, 1073, 77;
34, 274, 20, 282, 572, 324, 135, 1072, 78;
29, 268, 15, 237, 541, 309, 115, 1048, 58;
34, 272, 19, 255, 573, 325, 133, 1064, 77;
27, 265, 12, 199, 531, 304, 106, 1034, 49;
29, 267, 15, 204, 549, 314, 116, 1041, 60;
26, 262, 11, 168, 526, 302, 101, 1023, 45;
35, 271, 20, 214, 586, 332, 137, 1057, 81;
35, 270, 20, 200, 586, 332, 136, 1053, 80;
34, 269, 20, 188, 587, 333, 136, 1050, 80;
33, 267, 19, 170, 582, 331, 132, 1043, 77;
34, 267, 20, 164, 589, 335, 136, 1044, 81;
28, 260, 14, 113, 551, 316, 112, 1017, 57;
34, 265, 20, 135, 586, 333, 133, 1036, 78;
33, 264, 19, 119, 583, 332, 130, 1031, 76;
27, 258, 14, 72, 549, 315, 109, 1006, 55;
34, 264, 20, 102, 592, 336, 135, 1030, 81;
34, 263, 20, 89, 591, 336, 134, 1027, 81;
34, 262, 21, 78, 592, 337, 134, 1024, 82;
28, 256, 15, 31, 557, 319, 112, 1000, 60;
30, 257, 17, 31, 569, 325, 120, 1005, 68;
28, 255, 15, 6, 557, 319, 112, 994, 60;
26, 252, 13, -16, 545, 313, 104, 984, 53;
35, 260, 23, 28, 602, 342, 140, 1017, 89;
35, 259, 22, 12, 597, 339, 137, 1012, 87;
35, 259, 23, 3, 600, 341, 138, 1011, 89;
34, 257, 21, -17, 590, 336, 133, 1003, 84;
29, 252, 17, -55, 563, 322, 116, 984, 68;
34, 256, 22, -35, 594, 338, 135, 1002, 88;
36, 257, 24, -37, 603, 342, 141, 1005, 95;
31, 252, 19, -81, 569, 325, 121, 982, 75;
32, 253, 21, -82, 578, 330, 127, 986, 82;
30, 250, 19, -108, 563, 322, 118, 975, 74;
28, 248, 17, -127, 554, 317, 113, 968, 69;
26, 245, 15, -153, 538, 309, 103, 957, 61;
29, 247, 18, -149, 552, 316, 113, 964, 71;
30, 247, 19, -153, 557, 318, 117, 966, 76;
28, 245, 18, -175, 545, 312, 110, 957, 70;
29, 246, 19, -175, 554, 316, 116, 962, 77;
34, 250, 24, -159, 579, 329, 133, 976, 95;
34, 250, 24, -168, 579, 329, 134, 976, 97;
35, 250, 26, -173, 583, 330, 137, 977, 101;
33, 248, 24, -192, 572, 325, 132, 970, 97;
31, 245, 22, -218, 554, 316, 121, 958, 88;
32, 246, 23, -223, 557, 317, 125, 959, 92;
29, 242, 21, -251, 538, 307, 114, 947, 82;
32, 245, 24, -241, 555, 316, 126, 957, 95;
30, 243, 23, -262, 542, 309, 119, 949, 89;
32, 245, 25, -258, 553, 314, 127, 956, 99;
27, 239, 20, -303, 515, 295, 105, 932, 78;
25, 236, 18, -324, 501, 288, 98, 924, 72;
30, 241, 24, -301, 532, 303, 118, 942, 94;
32, 243, 26, -297, 542, 308, 126, 949, 103;
25, 236, 19, -350, 495, 284, 99, 920, 76;
24, 234, 19, -365, 486, 279, 95, 915, 74;
32, 242, 27, -324, 533, 302, 126, 945, 107;
23, 233, 19, -387, 476, 273, 92, 910, 74;
23, 232, 19, -398, 471, 270, 91, 908, 74;
28, 237, 24, -374, 499, 284, 110, 926, 95;
31, 240, 27, -365, 514, 291, 122, 936, 108;
30, 239, 27, -377, 507, 287, 119, 933, 106;
23, 231, 20, -430, 458, 263, 91, 903, 79;
22, 231, 20, -441, 452, 259, 89, 901, 79;
21, 229, 19, -454, 442, 254, 85, 896, 77;
27, 235, 25, -427, 474, 270, 107, 918, 101;
26, 234, 25, -441, 463, 264, 102, 912, 97;
29, 236, 28, -430, 478, 271, 114, 923, 110;
23, 230, 22, -475, 437, 250, 91, 899, 89;
20, 227, 20, -497, 417, 239, 81, 889, 80;
22, 229, 22, -496, 421, 241, 86, 893, 87;
24, 231, 25, -488, 432, 246, 95, 902, 98;
18, 225, 19, -532, 390, 225, 72, 878, 76;
27, 234, 28, -482, 442, 250, 106, 912, 112;
21, 227, 23, -527, 399, 228, 82, 888, 90;
17, 224, 20, -554, 374, 215, 69, 874, 79;
19, 225, 21, -552, 378, 217, 74, 879, 85;
20, 226, 23, -550, 381, 218, 79, 883, 92;
18, 224, 21, -570, 362, 208, 70, 874, 84;
19, 226, 24, -563, 370, 211, 77, 882, 94;
23, 229, 27, -548, 385, 218, 90, 894, 108;
17, 223, 22, -589, 344, 197, 67, 871, 87;
18, 224, 23, -587, 346, 198, 72, 876, 93;
14, 221, 20, -615, 319, 184, 57, 861, 80;
20, 227, 27, -581, 352, 200, 81, 885, 106;
15, 222, 22, -618, 315, 181, 61, 865, 88;
19, 226, 27, -595, 336, 191, 77, 882, 106;
15, 221, 22, -630, 301, 173, 58, 863, 89;
18, 225, 27, -609, 321, 182, 74, 879, 106;
14, 221, 23, -638, 290, 166, 58, 863, 92;
14, 220, 23, -646, 280, 161, 55, 861, 91;
16, 223, 26, -631, 293, 166, 66, 872, 104;
10, 216, 20, -678, 244, 141, 39, 846, 78;
19, 226, 30, -620, 300, 169, 76, 884, 118;
9, 216, 20, -685, 232, 134, 37, 846, 81;
12, 220, 24, -668, 246, 141, 50, 859, 95;
13, 221, 25, -665, 246, 140, 53, 863, 100;
9, 217, 22, -692, 215, 124, 37, 848, 87;
9, 217, 22, -696, 208, 120, 36, 847, 87;
14, 222, 27, -667, 233, 132, 55, 867, 108;
9, 217, 23, -698, 198, 114, 37, 850, 92;
11, 220, 26, -688, 204, 116, 44, 858, 101;
5, 214, 20, -725, 163, 95, 22, 836, 81;
6, 215, 21, -723, 160, 93, 23, 839, 84;
10, 220, 27, -693, 185, 105, 42, 859, 105;
9, 219, 26, -702, 171, 97, 37, 855, 102;
10, 220, 27, -699, 168, 95, 39, 858, 106;
5, 216, 23, -727, 135, 78, 22, 842, 91;
6, 216, 24, -724, 132, 76, 23, 845, 94;
11, 221, 29, -694, 157, 88, 42, 865, 115;
11, 222, 30, -692, 152, 85, 43, 867, 118;
2, 214, 22, -747, 91, 54, 9, 834, 86;
3, 215, 23, -740, 92, 53, 13, 840, 91;
9, 221, 30, -701, 124, 69, 36, 865, 117;
0, 213, 21, -757, 61, 36, 1, 831, 83;
7, 220, 29, -711, 99, 55, 28, 860, 113;
8, 221, 30, -704, 98, 54, 32, 865, 118;
-1, 212, 20, -765, 30, 19, -6, 827, 81;
7, 222, 30, -703, 84, 46, 30, 866, 120;
5, 220, 29, -717, 63, 34, 20, 858, 113;
7, 222, 31, -703, 68, 36, 27, 867, 122;
1, 217, 26, -734, 29, 16, 7, 848, 103;
5, 222, 31, -706, 49, 25, 23, 866, 121;
0, 216, 25, -740, 6, 3, 0, 845, 100;
3, 220, 29, -718, 19, 9, 11, 859, 113;
3, 221, 30, -712, 16, 7, 13, 862, 117;
2, 220, 29, -717, 2, 0, 8, 859, 114;
0, 219, 28, -724, -14, -9, 2, 855, 109;
2, 222, 31, -705, -4, -5, 11, 866, 121;
-3, 216, 25, -740, -50, -28, -12, 844, 98;
-2, 217, 26, -730, -50, -29, -9, 849, 103;
-8, 212, 21, -765, -94, -51, -33, 828, 81;
-4, 217, 25, -733, -73, -42, -16, 847, 100;
-3, 218, 26, -724, -75, -43, -13, 852, 105;
-1, 221, 29, -707, -68, -40, -5, 862, 114;
0, 222, 30, -696, -68, -41, -2, 868, 120;
-10, 213, 21, -753, -136, -75, -40, 832, 83;
-7, 217, 25, -726, -120, -68, -27, 847, 98;
-11, 213, 21, -749, -154, -86, -45, 832, 82;
-11, 214, 21, -742, -158, -89, -44, 835, 85;
-12, 214, 21, -741, -169, -95, -47, 834, 84;
-3, 222, 30, -684, -124, -72, -15, 869, 118;
-4, 223, 30, -680, -132, -77, -17, 870, 118;
-9, 218, 25, -709, -173, -98, -38, 850, 97;
-8, 220, 27, -692, -168, -96, -32, 860, 106;
-7, 222, 28, -680, -168, -97, -28, 866, 111;
-5, 224, 30, -662, -162, -95, -21, 875, 119;
-12, 218, 24, -696, -209, -119, -47, 852, 96;
-8, 223, 28, -666, -191, -110, -32, 870, 112;
-11, 220, 26, -679, -217, -124, -45, 860, 101;
-12, 220, 25, -676, -227, -129, -48, 859, 100;
-13, 220, 25, -673, -237, -135, -51, 859, 98;
-9, 225, 29, -640, -217, -126, -35, 878, 116;
-11, 223, 28, -645, -235, -135, -43, 872, 109;
-17, 218, 21, -678, -282, -159, -68, 850, 85;
-12, 223, 27, -639, -256, -147, -49, 872, 106;
-15, 221, 24, -650, -280, -160, -61, 863, 95;
-18, 219, 22, -656, -300, -170, -70, 857, 88;
-11, 226, 29, -609, -266, -154, -46, 884, 113;
-17, 222, 24, -633, -304, -173, -66, 866, 95;
-20, 220, 21, -643, -328, -185, -78, 858, 85;
-18, 222, 23, -623, -321, -183, -71, 867, 93;
-15, 225, 26, -598, -311, -178, -61, 880, 104;
-13, 228, 29, -577, -303, -175, -53, 891, 113;
-19, 224, 24, -601, -341, -194, -74, 873, 94;
-15, 228, 28, -568, -322, -185, -59, 891, 110;
-20, 224, 23, -591, -359, -205, -80, 874, 91;
-18, 227, 26, -566, -349, -200, -71, 886, 101;
-21, 224, 22, -578, -375, -214, -84, 875, 89;
-22, 224, 22, -575, -387, -220, -88, 874, 86;
-18, 228, 26, -541, -367, -210, -73, 892, 102;
-22, 225, 22, -555, -396, -225, -88, 880, 88;
-23, 225, 22, -551, -406, -231, -91, 880, 86;
-19, 230, 26, -513, -383, -220, -75, 900, 104;
-24, 226, 21, -535, -419, -238, -94, 883, 85;
-22, 228, 23, -514, -412, -235, -88, 893, 93;
-20, 231, 26, -491, -404, -232, -80, 903, 102;
-21, 231, 25, -488, -416, -238, -85, 901, 97;
-23, 230, 23, -488, -430, -246, -91, 898, 92;
-27, 227, 20, -501, -458, -260, -106, 886, 78;
-26, 228, 21, -485, -457, -260, -103, 893, 82;
-20, 235, 27, -437, -424, -244, -80, 918, 106;
-24, 232, 24, -448, -450, -257, -94, 908, 93;
-24, 233, 23, -442, -457, -261, -97, 908, 91;
-21, 237, 27, -408, -438, -252, -83, 925, 106;
-25, 234, 23, -420, -466, -266, -97, 914, 92;
-26, 233, 22, -419, -479, -273, -103, 911, 87;
-24, 236, 24, -393, -467, -268, -94, 923, 97;
-27, 234, 21, -401, -490, -279, -106, 914, 85;
-23, 239, 26, -362, -466, -268, -89, 934, 103;
-23, 239, 26, -353, -472, -271, -91, 935, 102;
-26, 237, 23, -360, -493, -282, -103, 927, 91;
-25, 239, 24, -343, -490, -281, -99, 933, 95;
-22, 243, 27, -313, -475, -273, -88, 948, 107;
-30, 236, 20, -348, -524, -298, -117, 922, 78;
-28, 238, 21, -328, -519, -296, -112, 930, 83;
-27, 240, 22, -309, -514, -294, -108, 937, 88;
-29, 239, 21, -308, -527, -301, -114, 934, 82;
-29, 240, 21, -296, -530, -302, -114, 936, 82;
-26, 244, 24, -265, -513, -294, -102, 951, 95;
-30, 240, 20, -280, -542, -309, -119, 938, 78;
-29, 242, 20, -264, -539, -308, -116, 943, 81;
-26, 246, 24, -231, -521, -299, -103, 959, 94;
-29, 243, 21, -238, -542, -309, -115, 950, 83;
-26, 247, 24, -207, -525, -301, -103, 965, 95;
-33, 240, 17, -242, -573, -325, -132, 939, 66;
-31, 244, 19, -211, -556, -317, -121, 953, 77;
-34, 241, 16, -224, -583, -331, -136, 941, 62;
-33, 243, 17, -200, -572, -326, -128, 951, 70;
-34, 243, 16, -197, -583, -331, -134, 948, 64;
-31, 246, 19, -169, -568, -324, -124, 961, 74;
-27, 251, 23, -128, -540, -310, -106, 982, 92;
-31, 248, 19, -141, -566, -323, -122, 969, 76;
-33, 247, 17, -141, -579, -330, -129, 964, 68;
-26, 255, 24, -84, -536, -308, -101, 995, 96;
-28, 253, 22, -89, -553, -317, -111, 987, 86;
-32, 250, 18, -98, -575, -328, -125, 976, 72;
-26, 256, 23, -54, -543, -312, -105, 999, 92;
-34, 249, 16, -87, -589, -335, -133, 974, 63;
-31, 253, 19, -58, -572, -327, -122, 987, 74;
-31, 254, 19, -45, -572, -326, -121, 990, 74;
-35, 250, 14, -59, -597, -339, -137, 977, 58;
-26, 260, 23, 8, -542, -312, -102, 1014, 92;
-26, 260, 23, 20, -541, -311, -102, 1017, 92;
-34, 253, 15, -18, -592, -337, -134, 988, 60;
-30, 258, 19, 19, -565, -323, -117, 1007, 76;
-35, 252, 13, -5, -602, -342, -140, 986, 52;
-28, 261, 21, 54, -553, -317, -110, 1019, 82;
-29, 260, 19, 56, -562, -322, -116, 1015, 75;
-33, 257, 15, 44, -585, -333, -130, 1003, 61;
-27, 264, 21, 95, -544, -313, -105, 1030, 85;
-28, 262, 19, 94, -556, -319, -113, 1025, 76;
-33, 258, 14, 74, -587, -334, -132, 1008, 56;
-26, 266, 21, 132, -539, -310, -103, 1039, 84;
-34, 258, 13, 92, -589, -335, -135, 1009, 51;
-35, 258, 12, 98, -593, -337, -138, 1008, 47;
-35, 259, 12, 109, -592, -336, -138, 1010, 46;
-27, 267, 20, 172, -539, -309, -105, 1044, 78;
-28, 267, 18, 174, -546, -313, -111, 1041, 71;
-28, 267, 18, 185, -544, -311, -110, 1044, 71;
-25, 271, 20, 214, -525, -302, -99, 1057, 81;
-25, 271, 20, 222, -525, -302, -100, 1057, 79;
-31, 265, 13, 194, -562, -320, -124, 1035, 54;
-29, 268, 16, 222, -542, -310, -113, 1048, 63;
-33, 264, 11, 203, -570, -324, -131, 1032, 44;
-31, 267, 13, 229, -552, -314, -121, 1043, 53;
-32, 266, 11, 230, -559, -318, -127, 1039, 46;
-24, 275, 19, 291, -506, -291, -95, 1072, 76;
-33, 266, 10, 243, -561, -318, -131, 1038, 39;
-29, 270, 13, 275, -536, -306, -116, 1054, 52;
-31, 269, 11, 275, -544, -309, -123, 1049, 44;
-33, 267, 9, 273, -552, -313, -130, 1044, 36;
-23, 277, 18, 341, -491, -282, -93, 1082, 71;
-27, 274, 14, 330, -509, -291, -106, 1071, 57;
-25, 276, 15, 348, -497, -285, -100, 1077, 61;
-24, 278, 16, 365, -486, -279, -95, 1084, 65;
-25, 277, 15, 367, -490, -281, -99, 1081, 59;
-29, 273, 10, 349, -514, -292, -116, 1065, 41;
-28, 274, 11, 364, -505, -287, -112, 1070, 43;
-30, 272, 8, 360, -513, -291, -119, 1064, 34;
-24, 279, 14, 408, -471, -270, -94, 1090, 57;
-21, 282, 17, 435, -448, -258, -83, 1103, 67;
-25, 278, 12, 417, -471, -269, -99, 1087, 49;
-26, 278, 11, 419, -473, -270, -102, 1085, 44;
-29, 275, 7, 405, -491, -279, -116, 1072, 28;
-24, 280, 11, 444, -456, -261, -96, 1092, 46;
-26, 278, 9, 439, -465, -265, -104, 1085, 37;
-19, 285, 16, 492, -416, -240, -76, 1114, 63;
-27, 278, 8, 450, -461, -262, -106, 1085, 31;
-27, 278, 7, 459, -456, -259, -105, 1086, 30;
-25, 280, 9, 477, -440, -250, -97, 1094, 35;
-21, 284, 12, 509, -411, -235, -82, 1111, 49;
-22, 283, 10, 506, -416, -238, -87, 1105, 41;
-18, 287, 13, 536, -388, -223, -73, 1120, 54;
-25, 280, 6, 500, -427, -242, -99, 1094, 25;
-17, 289, 14, 558, -371, -214, -67, 1127, 55;
-25, 281, 5, 514, -415, -235, -97, 1097, 23;
-16, 290, 14, 575, -356, -205, -63, 1131, 55;
-24, 282, 5, 529, -402, -228, -95, 1100, 21;
-20, 285, 8, 558, -375, -214, -81, 1114, 33;
-21, 284, 7, 557, -376, -214, -84, 1111, 27;
-17, 289, 10, 589, -344, -197, -67, 1128, 42;
-18, 287, 8, 584, -349, -200, -73, 1121, 34;
-19, 286, 7, 584, -349, -199, -76, 1119, 29;
-15, 291, 11, 616, -317, -182, -59, 1135, 43;
-21, 285, 4, 583, -349, -198, -82, 1112, 18;
-22, 283, 2, 579, -353, -199, -87, 1107, 10;
-17, 289, 7, 616, -315, -180, -67, 1127, 29;
-17, 289, 6, 620, -309, -176, -66, 1127, 27;
-11, 294, 12, 660, -268, -155, -44, 1149, 47;
-18, 287, 3, 616, -310, -176, -73, 1120, 15;
-12, 293, 10, 661, -263, -152, -47, 1145, 39;
-17, 288, 4, 631, -291, -165, -68, 1124, 15;
-14, 291, 6, 653, -267, -152, -56, 1135, 25;
-16, 288, 3, 642, -275, -156, -65, 1126, 14;
-18, 286, 0, 631, -283, -159, -73, 1117, 3;
-10, 294, 8, 685, -226, -130, -40, 1149, 33;
-14, 290, 4, 664, -243, -138, -55, 1134, 16;
-13, 291, 3, 668, -236, -134, -53, 1134, 15;
-8, 296, 8, 704, -196, -113, -32, 1155, 34;
-15, 288, 0, 661, -236, -133, -60, 1126, 3;
-10, 293, 5, 694, -198, -113, -40, 1145, 20;
-5, 298, 9, 725, -162, -95, -21, 1163, 37;
-11, 292, 3, 690, -192, -109, -43, 1140, 12;
-13, 290, 0, 679, -199, -112, -51, 1131, 2;
-11, 291, 1, 692, -180, -102, -43, 1138, 7;
-11, 291, 0, 690, -178, -100, -45, 1135, 3;
-7, 294, 3, 714, -148, -85, -30, 1149, 15;
-2, 299, 8, 746, -110, -65, -10, 1167, 32;
-12, 289, -2, 685, -166, -92, -48, 1128, -8;
-11, 290, -1, 690, -154, -86, -44, 1131, -6;
-7, 293, 1, 715, -123, -70, -29, 1145, 5;
-2, 298, 5, 745, -86, -51, -9, 1163, 22;
-4, 295, 2, 729, -95, -54, -19, 1152, 10;
0, 299, 6, 758, -59, -36, 0, 1169, 26;
-6, 293, 0, 717, -93, -52, -25, 1143, 0;
-1, 297, 4, 746, -56, -33, -5, 1161, 15;
-5, 293, 0, 720, -75, -42, -21, 1144, -2;
-3, 294, 0, 728, -60, -33, -15, 1148, 0;
-4, 292, -1, 719, -60, -33, -19, 1142, -5;
0, 297, 2, 747, -25, -15, 0, 1159, 9;
-4, 292, -2, 719, -44, -24, -16, 1142, -8;
-5, 290, -4, 706, -48, -25, -23, 1133, -17;
-2, 293, -1, 726, -19, -10, -8, 1146, -5;