3, 311, 16, 28, 848, 19, 11, 1215, 62;
4, 312, 16, 60, 855, 23, 19, 1218, 65;
0, 306, 10, 29, 799, -12, 1, 1195, 42;
0, 304, 9, 36, 779, -25, -1, 1187, 35;
8, 312, 17, 138, 855, 26, 34, 1219, 67;
3, 306, 10, 103, 793, -13, 14, 1194, 42;
11, 312, 17, 193, 856, 30, 46, 1220, 69;
6, 305, 11, 153, 788, -12, 24, 1193, 43;
11, 309, 15, 214, 821, 12, 44, 1207, 58;
15, 312, 18, 268, 846, 31, 60, 1218, 70;
14, 309, 15, 269, 818, 16, 56, 1207, 61;
8, 302, 8, 226, 746, -27, 32, 1178, 33;
13, 305, 12, 287, 777, -3, 52, 1192, 48;
13, 304, 11, 298, 759, -11, 51, 1186, 44;
11, 300, 8, 292, 722, -31, 43, 1172, 31;
15, 303, 11, 348, 748, -8, 62, 1184, 45;
23, 309, 18, 431, 801, 31, 91, 1207, 70;
24, 308, 17, 453, 791, 30, 94, 1204, 69;
24, 307, 16, 465, 772, 23, 94, 1197, 65;
20, 301, 11, 441, 717, -6, 80, 1176, 46;
17, 297, 8, 429, 673, -29, 69, 1160, 32;
28, 306, 17, 539, 752, 29, 110, 1194, 69;
20, 296, 8, 474, 655, -28, 78, 1156, 33;
27, 302, 15, 558, 707, 14, 109, 1179, 59;
24, 297, 11, 541, 658, -10, 97, 1161, 44;
31, 302, 17, 617, 702, 26, 124, 1181, 67;
28, 297, 12, 594, 647, -2, 110, 1160, 49;
30, 297, 13, 623, 644, 4, 117, 1161, 53;
28, 294, 10, 616, 605, -13, 110, 1147, 42;
32, 296, 13, 663, 619, 5, 125, 1155, 54;
31, 293, 12, 668, 592, -3, 123, 1146, 48;
37, 298, 17, 732, 624, 27, 146, 1162, 68;
32, 291, 11, 697, 557, -7, 127, 1136, 46;
35, 292, 14, 737, 565, 7, 140, 1142, 55;
31, 286, 9, 704, 500, -24, 122, 1118, 35;
35, 288, 12, 750, 514, -5, 138, 1126, 47;
41, 293, 17, 816, 549, 29, 162, 1144, 69;
42, 292, 17, 832, 534, 29, 165, 1140, 69;
33, 282, 8, 760, 431, -28, 132, 1100, 33;
42, 288, 16, 847, 486, 20, 165, 1126, 63;
38, 283, 12, 822, 431, -5, 151, 1106, 47;
39, 282, 12, 835, 413, -5, 154, 1101, 47;
37, 278, 9, 824, 372, -20, 146, 1087, 37;
41, 280, 12, 866, 384, 0, 161, 1095, 50;
42, 280, 13, 887, 375, 5, 167, 1094, 54;
42, 278, 13, 890, 349, 0, 166, 1087, 51;
48, 282, 18, 948, 378, 32, 187, 1102, 70;
43, 275, 12, 906, 308, -2, 168, 1076, 49;
45, 276, 14, 935, 308, 10, 178, 1079, 57;
47, 276, 16, 957, 302, 19, 185, 1080, 63;
45, 272, 13, 937, 255, 1, 175, 1064, 51;
44, 271, 12, 940, 231, -1, 175, 1057, 50;
42, 267, 10, 926, 190, -15, 167, 1043, 41;
45, 268, 13, 956, 194, 0, 178, 1048, 51;
41, 263, 8, 919, 132, -27, 162, 1026, 33;
41, 261, 8, 925, 113, -26, 163, 1021, 34;
45, 263, 11, 960, 122, -6, 176, 1028, 46;
46, 263, 12, 970, 108, -2, 180, 1026, 49;
50, 265, 16, 1010, 125, 21, 195, 1036, 64;
48, 262, 14, 994, 86, 9, 188, 1024, 57;
41, 254, 8, 934, 4, -31, 163, 993, 31;
49, 260, 15, 1005, 53, 15, 192, 1017, 60;
45, 255, 11, 973, 0, -6, 179, 998, 46;
46, 255, 12, 980, -13, -1, 182, 996, 49;
44, 252, 10, 961, -52, -14, 174, 983, 41;
44, 250, 10, 954, -78, -17, 172, 976, 39;
42, 247, 8, 941, -110, -25, 166, 966, 35;
43, 246, 9, 943, -126, -22, 168, 962, 36;
51, 254, 18, 1020, -66, 31, 201, 991, 70;
48, 250, 15, 994, -109, 15, 190, 976, 60;
44, 244, 11, 949, -170, -11, 173, 954, 44;
45, 244, 12, 956, -178, -2, 177, 954, 49;
40, 239, 8, 910, -238, -29, 159, 933, 32;
46, 243, 14, 959, -203, 6, 181, 951, 55;
40, 236, 8, 899, -276, -28, 158, 924, 33;
45, 240, 13, 939, -248, 2, 176, 938, 52;
44, 239, 13, 929, -270, 1, 173, 933, 51;
41, 235, 10, 896, -314, -15, 162, 917, 41;
42, 235, 12, 903, -317, -4, 167, 919, 48;
47, 239, 17, 941, -288, 27, 185, 934, 68;
41, 232, 11, 877, -361, -8, 160, 908, 45;
37, 228, 8, 840, -405, -25, 148, 892, 35;
46, 236, 17, 910, -343, 28, 179, 921, 68;
36, 226, 9, 818, -441, -25, 143, 883, 35;
37, 226, 10, 819, -446, -16, 147, 884, 40;
34, 223, 8, 784, -484, -30, 135, 871, 31;
40, 228, 14, 826, -447, 6, 156, 890, 54;
36, 224, 11, 783, -492, -12, 141, 874, 42;
33, 221, 9, 753, -525, -23, 132, 863, 36;
40, 227, 16, 806, -473, 22, 158, 887, 64;
33, 220, 10, 729, -550, -18, 129, 858, 39;
35, 221, 12, 739, -540, -1, 137, 865, 50;
30, 216, 8, 682, -596, -28, 117, 844, 33;
28, 214, 7, 659, -617, -32, 111, 838, 30;
34, 220, 14, 701, -572, 7, 133, 859, 55;
28, 214, 9, 637, -633, -24, 110, 836, 35;
26, 212, 8, 610, -655, -29, 103, 829, 32;
27, 214, 10, 612, -648, -15, 108, 834, 41;
28, 214, 11, 606, -648, -6, 110, 836, 46;
31, 217, 16, 626, -621, 19, 123, 850, 62;
23, 210, 9, 541, -699, -24, 92, 820, 35;
26, 213, 12, 555, -677, -1, 103, 831, 49;
24, 210, 11, 521, -702, -10, 93, 822, 44;
24, 212, 13, 519, -694, 1, 97, 827, 52;
19, 206, 8, 453, -750, -28, 74, 806, 33;
24, 212, 14, 488, -703, 9, 94, 827, 57;
18, 207, 10, 427, -752, -16, 73, 808, 40;
15, 204, 8, 383, -783, -30, 61, 797, 31;
14, 203, 8, 360, -793, -31, 56, 794, 31;
15, 205, 10, 356, -782, -18, 59, 800, 39;
14, 205, 10, 335, -788, -17, 56, 799, 40;
20, 211, 17, 381, -726, 28, 80, 826, 68;
12, 204, 10, 288, -803, -17, 47, 795, 39;
13, 205, 12, 287, -787, -3, 52, 803, 48;
11, 204, 11, 252, -804, -10, 43, 797, 44;
8, 203, 10, 219, -819, -17, 35, 791, 40;
11, 206, 13, 227, -792, 4, 43, 804, 53;
5, 201, 9, 163, -835, -21, 23, 786, 37;
8, 205, 13, 177, -802, 3, 34, 801, 53;
10, 208, 16, 178, -779, 20, 40, 811, 63;
9, 208, 16, 158, -777, 23, 37, 812, 65;
2, 201, 10, 75, -838, -15, 8, 787, 41;
3, 203, 12, 71, -820, -1, 12, 795, 49;
0, 201, 10, 27, -841, -14, 0, 787, 41;
4, 207, 16, 57, -786, 21, 18, 809, 64;
-3, 200, 9, -29, -849, -19, -12, 783, 38;
-4, 201, 10, -51, -846, -17, -15, 785, 39;
2, 209, 18, 0, -769, 32, 11, 816, 71;
-3, 203, 12, -76, -820, -1, -14, 795, 49;
-3, 205, 14, -84, -801, 9, -12, 802, 56;
-3, 206, 15, -104, -794, 12, -15, 805, 58;
-5, 206, 14, -134, -797, 8, -22, 803, 56;
-3, 209, 17, -127, -762, 29, -13, 817, 69;
-14, 200, 8, -243, -850, -31, -56, 780, 31;
-7, 208, 16, -189, -767, 20, -28, 814, 63;
-15, 201, 8, -283, -833, -26, -61, 786, 34;
-12, 206, 13, -262, -782, 4, -47, 806, 53;
-9, 211, 17, -246, -737, 30, -35, 824, 69;
-13, 208, 15, -297, -757, 12, -51, 814, 58;
-14, 209, 15, -320, -750, 12, -55, 816, 58;
-19, 206, 11, -378, -778, -10, -74, 803, 44;
-21, 205, 9, -414, -784, -20, -84, 799, 38;
-24, 204, 8, -450, -788, -28, -93, 796, 33;
-25, 204, 8, -472, -779, -28, -97, 799, 33;
-24, 207, 10, -480, -755, -18, -95, 807, 39;
-19, 213, 15, -447, -692, 17, -77, 832, 61;
-19, 215, 17, -458, -670, 24, -77, 839, 66;
-21, 214, 15, -490, -671, 17, -85, 837, 61;
-23, 214, 15, -515, -664, 14, -91, 838, 60;
-22, 217, 17, -517, -634, 27, -87, 849, 67;
-25, 216, 14, -560, -645, 11, -100, 842, 58;
-31, 212, 10, -621, -674, -15, -121, 828, 41;
-33, 212, 9, -651, -672, -22, -129, 827, 36;
-26, 220, 16, -600, -588, 24, -103, 859, 65;
-35, 213, 8, -696, -652, -27, -139, 830, 33;
-31, 218, 13, -670, -594, 1, -124, 852, 52;
-32, 219, 13, -690, -582, 0, -128, 855, 51;
-35, 218, 11, -721, -581, -8, -137, 853, 45;
-30, 225, 17, -686, -515, 25, -119, 878, 66;
-34, 223, 14, -731, -528, 6, -134, 870, 55;
-34, 224, 14, -744, -508, 9, -135, 875, 56;
-31, 229, 18, -725, -458, 31, -124, 893, 70;
-32, 230, 18, -741, -443, 31, -127, 897, 70;
-35, 228, 15, -777, -448, 16, -139, 892, 61;
-34, 231, 17, -773, -412, 29, -134, 904, 69;
-35, 232, 17, -793, -402, 24, -139, 906, 66;
-41, 228, 12, -850, -429, -4, -160, 892, 47;
-45, 226, 8, -899, -447, -29, -177, 881, 32;
-42, 230, 11, -881, -399, -8, -167, 898, 45;
-41, 233, 13, -872, -360, 4, -161, 911, 53;
-41, 234, 13, -883, -342, 4, -163, 915, 53;
-47, 231, 8, -939, -369, -26, -184, 901, 34;
-41, 238, 15, -889, -290, 13, -161, 931, 59;
-45, 236, 11, -932, -306, -9, -177, 921, 45;
-41, 241, 15, -903, -248, 16, -162, 942, 61;
-44, 240, 13, -933, -251, 1, -173, 937, 51;
-41, 244, 16, -912, -203, 20, -163, 954, 63;
-45, 243, 13, -946, -210, 2, -175, 948, 52;
-47, 242, 11, -968, -206, -8, -183, 946, 45;
-51, 240, 7, -1009, -221, -32, -199, 936, 31;
-42, 250, 16, -930, -117, 23, -165, 976, 65;
-42, 252, 17, -931, -94, 26, -164, 983, 67;
-50, 245, 8, -1013, -152, -26, -198, 955, 34;
-43, 253, 16, -947, -62, 19, -169, 989, 63;
-45, 252, 14, -969, -61, 7, -178, 986, 55;
-47, 252, 12, -983, -53, -1, -183, 986, 50;
-51, 249, 8, -1028, -76, -30, -202, 973, 32;
-46, 256, 13, -975, -2, 5, -180, 1000, 54;
-51, 252, 8, -1023, -29, -26, -200, 985, 34;
-50, 254, 9, -1015, -1, -21, -196, 994, 37;
-43, 263, 16, -948, 84, 21, -169, 1026, 64;
-50, 257, 9, -1017, 34, -24, -198, 1002, 35;
-49, 259, 10, -1003, 66, -17, -193, 1012, 40;
-47, 262, 12, -983, 103, -6, -185, 1024, 47;
-46, 264, 12, -971, 132, 0, -181, 1032, 50;
-50, 262, 8, -1004, 114, -25, -196, 1022, 34;
-46, 266, 12, -969, 165, -5, -182, 1039, 47;
-50, 264, 8, -996, 152, -27, -195, 1031, 33;
-49, 266, 9, -987, 175, -25, -192, 1037, 35;
-41, 274, 16, -909, 266, 22, -162, 1071, 64;
-41, 275, 16, -905, 283, 19, -162, 1075, 63;
-44, 273, 12, -929, 270, -1, -174, 1066, 49;
-46, 272, 10, -947, 263, -18, -183, 1060, 39;
-45, 274, 11, -928, 293, -12, -177, 1069, 43;
-38, 281, 17, -861, 368, 25, -151, 1098, 66;
-41, 280, 14, -875, 363, 9, -160, 1092, 56;
-42, 279, 12, -881, 365, -1, -164, 1090, 50;
-39, 283, 15, -849, 404, 12, -154, 1103, 58;
-36, 286, 17, -813, 446, 28, -142, 1118, 68;
-40, 283, 13, -841, 424, 1, -156, 1105, 51;
-42, 281, 10, -858, 411, -18, -166, 1097, 39;
-39, 284, 12, -823, 449, -4, -155, 1110, 48;
-35, 289, 15, -779, 497, 15, -139, 1127, 60;
-32, 292, 17, -743, 534, 29, -128, 1140, 69;
-33, 291, 16, -743, 536, 19, -131, 1138, 63;
-38, 287, 10, -777, 502, -13, -149, 1121, 42;
-34, 291, 14, -732, 547, 6, -134, 1137, 55;
-37, 289, 10, -749, 529, -16, -145, 1127, 41;
-29, 296, 17, -670, 606, 25, -116, 1156, 66;
-34, 292, 11, -703, 571, -7, -133, 1140, 45;
-33, 292, 11, -687, 583, -9, -131, 1142, 44;
-30, 296, 14, -643, 623, 7, -117, 1157, 55;
-32, 294, 10, -656, 605, -13, -126, 1147, 42;
-27, 299, 15, -596, 658, 13, -106, 1167, 59;
-23, 302, 18, -551, 697, 31, -92, 1181, 70;
-24, 301, 16, -550, 691, 18, -96, 1176, 62;
-23, 302, 16, -528, 704, 19, -91, 1180, 63;
-21, 304, 17, -496, 727, 27, -83, 1187, 67;
-29, 296, 8, -562, 651, -30, -115, 1154, 31;
-26, 299, 10, -518, 685, -15, -101, 1166, 41;
-20, 304, 15, -453, 738, 13, -80, 1187, 59;
-18, 306, 16, -418, 761, 22, -70, 1194, 64;
-18, 305, 15, -408, 759, 14, -71, 1192, 60;
-24, 298, 8, -455, 698, -31, -95, 1165, 31;
-20, 302, 10, -406, 732, -14, -80, 1178, 41;
-20, 302, 10, -390, 734, -18, -79, 1177, 39;
-18, 303, 10, -360, 748, -14, -71, 1182, 42;
-10, 310, 18, -269, 822, 31, -39, 1212, 70;
-14, 305, 12, -297, 776, -3, -56, 1192, 48;
-15, 303, 10, -296, 760, -18, -61, 1184, 39;
-13, 305, 11, -258, 779, -9, -51, 1191, 45;
-7, 310, 16, -190, 828, 19, -28, 1210, 63;
-11, 305, 10, -217, 782, -13, -45, 1191, 42;
-11, 304, 9, -201, 778, -19, -44, 1188, 38;
-5, 309, 14, -135, 822, 8, -22, 1206, 56;
-4, 310, 14, -106, 829, 11, -16, 1209, 57;
0, 313, 18, -49, 864, 32, 1, 1223, 71;
-6, 305, 9, -105, 785, -21, -26, 1190, 37;
-1, 309, 13, -42, 825, 4, -6, 1206, 53;
1, 311, 15, -1, 842, 15, 5, 1213, 60;
0, 308, 12, -4, 815, -2, -1, 1202, 49;
4, 312, 16, 58, 853, 22, 18, 1217, 65;
1, 307, 12, 40, 810, -5, 5, 1200, 47;
5, 310, 14, 92, 835, 12, 21, 1210, 58;
6, 309, 14, 113, 829, 9, 24, 1208, 56;
4, 307, 11, 112, 802, -7, 18, 1197, 46;
6, 307, 12, 146, 809, 0, 27, 1201, 50;
3, 303, 8, 130, 765, -27, 14, 1183, 33;
5, 304, 9, 163, 770, -21, 22, 1186, 37;
7, 303, 9, 188, 766, -21, 27, 1185, 37;
9, 304, 10, 224, 773, -13, 37, 1189, 42;
9, 303, 10, 241, 761, -17, 38, 1184, 39;
9, 301, 8, 248, 739, -28, 36, 1176, 32;
18, 309, 16, 351, 811, 23, 73, 1207, 65;
12, 301, 9, 303, 734, -23, 48, 1176, 36;
22, 310, 18, 409, 809, 31, 87, 1209, 70;
21, 307, 15, 412, 781, 18, 83, 1198, 62;
18, 303, 12, 399, 738, -5, 72, 1182, 47;
23, 306, 16, 458, 765, 18, 91, 1195, 62;
19, 300, 10, 432, 708, -13, 76, 1172, 42;
18, 297, 8, 431, 675, -28, 70, 1160, 33;
24, 302, 13, 503, 716, 5, 95, 1179, 54;
27, 303, 15, 538, 719, 14, 105, 1182, 60;
21, 296, 9, 501, 650, -24, 85, 1155, 35;
29, 301, 15, 581, 698, 15, 113, 1177, 60;
23, 294, 8, 539, 624, -25, 91, 1148, 34;
27, 296, 11, 586, 639, -7, 106, 1157, 46;
29, 296, 12, 613, 633, -2, 113, 1156, 49;
30, 296, 13, 639, 628, 2, 120, 1156, 52;
29, 293, 11, 638, 594, -11, 115, 1145, 44;
29, 291, 10, 647, 571, -17, 114, 1137, 40;
35, 296, 15, 718, 610, 18, 140, 1156, 62;
36, 295, 15, 731, 591, 15, 141, 1150, 60;
30, 287, 9, 688, 517, -24, 120, 1122, 35;
38, 293, 16, 771, 567, 19, 150, 1146, 63;
33, 286, 10, 729, 493, -19, 129, 1118, 39;
38, 290, 15, 791, 524, 12, 151, 1133, 58;
40, 290, 15, 812, 513, 15, 156, 1131, 60;
43, 291, 17, 849, 519, 30, 168, 1136, 70;
43, 290, 17, 863, 502, 30, 171, 1132, 70;
34, 279, 8, 784, 393, -30, 135, 1090, 31;
43, 286, 16, 871, 450, 18, 169, 1116, 62;
45, 286, 17, 899, 446, 28, 177, 1118, 68;
43, 283, 15, 888, 406, 13, 170, 1104, 59;
47, 285, 18, 927, 416, 32, 184, 1111, 71;
47, 283, 18, 938, 397, 32, 186, 1106, 70;
41, 275, 11, 885, 315, -9, 162, 1076, 45;
40, 273, 10, 881, 283, -18, 158, 1065, 39;
48, 279, 17, 957, 330, 25, 187, 1088, 66;
48, 278, 17, 968, 313, 27, 189, 1084, 67;
40, 267, 8, 891, 209, -29, 156, 1044, 32;
46, 272, 14, 953, 244, 7, 180, 1062, 55;
45, 269, 12, 946, 210, -2, 175, 1051, 49;
44, 267, 11, 943, 181, -8, 173, 1043, 45;
44, 266, 11, 947, 160, -8, 173, 1037, 45;
49, 269, 16, 995, 182, 19, 192, 1050, 62;
49, 267, 16, 998, 161, 18, 192, 1044, 62;
48, 265, 15, 994, 132, 13, 189, 1036, 59;
47, 262, 13, 981, 96, 2, 183, 1024, 52;
51, 265, 17, 1019, 111, 26, 199, 1034, 67;
43, 256, 9, 951, 21, -20, 170, 1000, 38;
42, 253, 8, 939, -12, -28, 165, 989, 33;
45, 255, 11, 967, -5, -10, 176, 995, 44;
41, 250, 8, 935, -57, -31, 163, 977, 31;
49, 256, 15, 1004, -9, 14, 192, 1001, 59;
50, 256, 16, 1015, -17, 22, 197, 1001, 64;
43, 248, 10, 952, -99, -18, 171, 970, 39;
43, 247, 10, 951, -118, -17, 171, 966, 40;
42, 244, 8, 931, -155, -28, 164, 954, 33;
41, 243, 8, 926, -176, -29, 163, 948, 32;
45, 246, 12, 963, -155, -1, 179, 960, 50;
43, 243, 10, 941, -193, -13, 170, 948, 42;
40, 239, 8, 909, -239, -30, 159, 932, 31;
43, 241, 11, 936, -227, -8, 171, 941, 45;
47, 243, 15, 964, -212, 14, 184, 950, 59;
39, 235, 7, 887, -301, -31, 154, 917, 31;
44, 239, 13, 931, -268, 2, 174, 933, 52;
48, 242, 17, 961, -249, 28, 189, 945, 68;
41, 234, 10, 888, -332, -14, 160, 913, 42;
45, 238, 15, 926, -304, 17, 178, 928, 61;
47, 239, 18, 937, -301, 31, 185, 932, 70;
45, 236, 16, 915, -331, 24, 179, 923, 65;
42, 232, 13, 875, -378, 5, 165, 907, 54;
44, 234, 16, 888, -370, 21, 173, 913, 64;
36, 225, 9, 806, -458, -24, 141, 879, 35;
40, 228, 13, 835, -434, 3, 156, 892, 52;
37, 225, 11, 798, -475, -12, 144, 878, 43;
36, 223, 10, 780, -495, -14, 140, 873, 41;
34, 221, 9, 757, -520, -20, 134, 865, 38;
37, 225, 14, 782, -497, 6, 148, 877, 54;
36, 223, 13, 757, -522, 0, 141, 869, 50;
33, 220, 10, 722, -557, -12, 130, 858, 42;
37, 224, 16, 753, -525, 18, 147, 874, 62;
28, 214, 7, 659, -617, -32, 111, 838, 30;
31, 217, 11, 671, -602, -12, 120, 846, 42;
31, 217, 12, 667, -603, -4, 123, 848, 48;
35, 221, 17, 697, -568, 28, 139, 865, 68;
31, 217, 14, 649, -612, 8, 124, 849, 56;
30, 216, 13, 623, -632, 4, 117, 843, 53;
28, 215, 13, 599, -649, 1, 112, 838, 51;
26, 212, 11, 565, -676, -8, 102, 829, 45;
30, 216, 16, 591, -641, 22, 118, 846, 65;
27, 214, 15, 557, -666, 13, 108, 837, 59;
20, 207, 8, 474, -739, -28, 78, 808, 33;
27, 215, 17, 534, -669, 26, 108, 840, 67;
27, 215, 18, 521, -670, 32, 108, 841, 70;
20, 208, 11, 441, -738, -7, 79, 814, 46;
25, 214, 18, 476, -690, 30, 99, 835, 70;
16, 206, 10, 383, -770, -16, 65, 804, 40;
13, 203, 8, 341, -797, -28, 53, 794, 33;
21, 212, 17, 404, -719, 28, 85, 828, 68;
13, 204, 10, 316, -792, -15, 53, 799, 41;
12, 204, 10, 294, -797, -14, 50, 798, 42;
18, 210, 17, 332, -742, 26, 71, 822, 67;
14, 207, 14, 284, -772, 10, 56, 810, 57;
12, 206, 13, 248, -790, 2, 47, 804, 52;
10, 205, 13, 221, -797, 0, 41, 801, 51;
13, 208, 16, 230, -769, 22, 50, 814, 65;
12, 208, 16, 208, -770, 24, 47, 814, 66;
5, 203, 11, 134, -823, -9, 21, 792, 45;
5, 203, 12, 115, -821, -5, 19, 794, 47;
3, 203, 11, 87, -826, -7, 13, 792, 46;
1, 202, 11, 58, -833, -10, 7, 790, 44;
1, 203, 12, 43, -824, -3, 6, 794, 48;
-2, 200, 9, -5, -849, -20, -7, 783, 38;
4, 209, 18, 46, -773, 31, 19, 815, 70;
-2, 203, 11, -34, -829, -6, -8, 792, 46;
0, 205, 14, -34, -803, 10, -2, 802, 57;
-1, 206, 14, -56, -799, 11, -6, 803, 58;
-1, 207, 16, -70, -786, 19, -6, 809, 62;
-3, 207, 15, -97, -787, 17, -12, 808, 61;
-9, 201, 10, -175, -837, -18, -38, 787, 39;
-3, 209, 17, -131, -765, 27, -15, 816, 67;
-8, 206, 14, -185, -791, 7, -31, 804, 55;
-6, 209, 16, -184, -763, 23, -26, 816, 65;
-7, 209, 17, -206, -755, 25, -29, 818, 66;
-12, 206, 13, -265, -785, 2, -48, 805, 52;
-18, 202, 8, -333, -824, -27, -71, 788, 33;
-14, 207, 13, -313, -773, 1, -57, 807, 51;
-11, 212, 17, -293, -724, 30, -44, 827, 69;
-13, 212, 17, -322, -722, 26, -50, 827, 67;
-21, 205, 10, -410, -780, -17, -82, 801, 40;
-14, 213, 18, -359, -698, 31, -56, 834, 70;
-22, 207, 11, -445, -753, -10, -86, 810, 44;
-20, 210, 13, -445, -721, 4, -81, 821, 53;
-22, 210, 12, -475, -720, -1, -89, 820, 50;
-18, 216, 18, -447, -660, 31, -72, 843, 70;
-20, 216, 17, -475, -656, 27, -79, 843, 68;
-26, 212, 12, -541, -690, -2, -101, 827, 49;
-27, 212, 12, -561, -678, -2, -105, 830, 49;
-27, 214, 13, -578, -663, 0, -107, 835, 50;
-31, 211, 9, -628, -681, -20, -124, 825, 38;
-24, 220, 18, -570, -590, 31, -95, 860, 70;
-30, 216, 12, -639, -628, -2, -120, 843, 49;
-26, 222, 17, -610, -567, 29, -103, 866, 69;
-35, 214, 9, -708, -633, -23, -140, 836, 36;
-30, 221, 15, -664, -557, 17, -118, 865, 61;
-30, 223, 16, -676, -536, 21, -118, 872, 64;
-37, 218, 10, -753, -581, -18, -147, 850, 39;
-33, 223, 14, -724, -520, 11, -131, 873, 58;
-39, 219, 9, -792, -557, -23, -155, 855, 36;
-33, 227, 16, -744, -477, 19, -132, 885, 62;
-34, 228, 16, -756, -457, 21, -133, 891, 64;
-35, 229, 15, -776, -446, 17, -138, 893, 61;
-34, 231, 17, -773, -413, 28, -134, 904, 68;
-37, 230, 15, -806, -415, 16, -144, 900, 60;
-44, 225, 9, -880, -458, -24, -172, 879, 35;
-40, 231, 13, -852, -400, 2, -158, 901, 52;
-39, 233, 14, -853, -371, 9, -155, 910, 56;
-37, 237, 17, -838, -326, 27, -146, 925, 68;
-45, 231, 10, -912, -371, -15, -175, 903, 41;
-38, 240, 17, -854, -285, 30, -149, 936, 69;
-42, 237, 14, -898, -299, 7, -164, 927, 55;
-46, 235, 10, -944, -317, -16, -181, 916, 40;
-45, 238, 12, -935, -280, -5, -176, 928, 47;
-49, 235, 7, -983, -301, -32, -194, 917, 30;
-44, 241, 13, -941, -232, 0, -175, 942, 51;
-49, 238, 8, -988, -252, -26, -193, 930, 34;
-47, 242, 11, -969, -207, -9, -183, 946, 45;
-50, 241, 8, -1000, -212, -25, -195, 940, 34;
-41, 251, 17, -923, -111, 28, -162, 979, 68;
-48, 245, 10, -990, -153, -13, -189, 958, 42;
-50, 245, 9, -1011, -149, -24, -197, 956, 35;
-49, 247, 9, -1006, -121, -19, -194, 964, 38;
-46, 251, 13, -978, -71, 0, -182, 982, 51;
-44, 255, 15, -959, -29, 14, -174, 996, 59;
-49, 252, 10, -1004, -52, -14, -192, 983, 42;
-45, 256, 14, -972, 0, 7, -179, 1001, 55;
-48, 255, 11, -998, -4, -10, -189, 996, 44;
-49, 255, 10, -1005, 8, -15, -192, 998, 41;
-47, 258, 12, -988, 44, -4, -185, 1010, 48;
-45, 262, 14, -965, 86, 9, -176, 1023, 56;
-41, 267, 17, -931, 138, 30, -163, 1042, 69;
-45, 264, 14, -962, 124, 7, -177, 1032, 55;
-42, 268, 16, -936, 167, 22, -166, 1047, 65;
-46, 266, 13, -964, 155, 1, -179, 1039, 51;
-49, 264, 9, -992, 142, -21, -192, 1030, 37;
-49, 265, 9, -987, 162, -20, -191, 1035, 37;
-48, 267, 10, -973, 189, -16, -187, 1043, 40;
-50, 266, 7, -991, 185, -32, -195, 1038, 30;
-41, 275, 15, -908, 280, 18, -163, 1074, 62;
-48, 269, 8, -967, 232, -26, -189, 1051, 34;
-44, 274, 12, -925, 285, -4, -174, 1069, 48;
-41, 277, 14, -895, 325, 9, -163, 1083, 56;
-44, 275, 11, -916, 314, -10, -174, 1075, 44;
-43, 277, 11, -903, 335, -8, -171, 1081, 45;
-45, 276, 9, -910, 336, -20, -176, 1078, 38;
-43, 279, 11, -882, 371, -9, -168, 1089, 44;
-43, 279, 10, -877, 382, -14, -168, 1091, 41;
-37, 285, 15, -820, 444, 15, -147, 1114, 60;
-44, 279, 8, -873, 396, -28, -172, 1091, 33;
-39, 285, 12, -820, 452, -2, -154, 1111, 49;
-41, 283, 9, -836, 439, -22, -163, 1103, 37;
-39, 285, 10, -809, 469, -13, -155, 1113, 42;
-41, 284, 8, -817, 462, -29, -162, 1107, 32;
-35, 290, 14, -747, 533, 7, -136, 1134, 55;
-36, 289, 12, -750, 529, -5, -142, 1130, 47;
-39, 286, 8, -770, 508, -30, -154, 1118, 32;
-35, 290, 11, -726, 550, -12, -139, 1133, 43;
-28, 297, 17, -652, 622, 26, -112, 1161, 67;
-31, 295, 14, -663, 607, 6, -121, 1152, 54;
-36, 290, 8, -701, 565, -30, -141, 1132, 31;
-28, 298, 15, -617, 644, 12, -110, 1163, 59;
-29, 296, 12, -619, 636, -1, -115, 1157, 50;
-24, 301, 16, -561, 686, 24, -96, 1176, 65;
-32, 293, 8, -624, 616, -30, -127, 1145, 31;
-31, 294, 7, -606, 626, -32, -124, 1147, 30;
-25, 300, 13, -536, 687, 0, -99, 1171, 51;
-28, 297, 9, -552, 661, -24, -111, 1158, 36;
-25, 299, 11, -510, 692, -10, -98, 1169, 44;
-20, 304, 15, -454, 737, 13, -80, 1186, 59;
-26, 298, 8, -495, 684, -29, -102, 1162, 32;
-19, 304, 14, -418, 748, 7, -75, 1188, 55;
-24, 298, 7, -456, 697, -32, -96, 1165, 30;
-15, 307, 15, -358, 780, 17, -60, 1198, 61;
-21, 300, 8, -402, 721, -26, -84, 1172, 34;
-19, 301, 9, -373, 734, -23, -77, 1176, 36;
-18, 302, 9, -351, 740, -23, -73, 1178, 36;
-12, 307, 14, -277, 797, 9, -48, 1200, 57;
-15, 304, 10, -293, 763, -16, -60, 1185, 40;
-14, 304, 10, -267, 771, -15, -55, 1188, 41;
-11, 306, 12, -228, 791, -4, -44, 1195, 47;
-7, 309, 14, -182, 817, 9, -30, 1205, 56;
-9, 306, 11, -182, 796, -7, -36, 1196, 46;
-1, 313, 18, -98, 859, 32, -7, 1221, 71;
-7, 306, 11, -135, 801, -8, -28, 1197, 45;
-6, 306, 11, -112, 801, -9, -24, 1197, 45;
0, 311, 15, -49, 841, 16, -3, 1213, 61;
0, 311, 15, -21, 846, 18, 2, 1215, 62;
0, 309, 14, -14, 829, 7, 0, 1208, 55;
0, 309, 13, 8, 827, 5, 3, 1207, 54;
-1, 306, 10, 0, 794, -16, -5, 1193, 40;
3, 309, 14, 62, 831, 8, 14, 1208, 56;
1, 306, 10, 53, 796, -13, 5, 1194, 42;
7, 311, 16, 127, 844, 19, 30, 1214, 62;
4, 307, 12, 114, 804, -6, 19, 1198, 47;
4, 305, 10, 125, 788, -14, 18, 1192, 41;
3, 303, 8, 131, 766, -27, 15, 1183, 34;
6, 305, 10, 172, 779, -15, 26, 1190, 41;
7, 304, 10, 194, 772, -17, 30, 1187, 40;
14, 309, 15, 271, 821, 18, 56, 1208, 62;
15, 309, 15, 294, 814, 17, 60, 1206, 61;
13, 306, 13, 291, 782, 0, 54, 1194, 50;
10, 301, 8, 274, 734, -27, 41, 1175, 33;
11, 300, 8, 292, 722, -31, 43, 1172, 31;
21, 309, 17, 401, 801, 25, 83, 1205, 67;
22, 309, 17, 427, 797, 28, 89, 1205, 68;
23, 308, 17, 447, 785, 26, 92, 1202, 67;
21, 304, 14, 441, 748, 7, 84, 1188, 55;
22, 303, 13, 460, 736, 5, 87, 1184, 54;
26, 306, 17, 512, 756, 25, 104, 1194, 66;
26, 304, 16, 525, 738, 20, 105, 1188, 63;
25, 301, 13, 523, 704, 4, 99, 1176, 53;
22, 296, 9, 505, 655, -20, 87, 1157, 37;
31, 304, 18, 605, 722, 31, 123, 1187, 70;
29, 300, 15, 598, 683, 13, 116, 1173, 59;
24, 294, 9, 562, 615, -23, 96, 1147, 36;
25, 292, 8, 574, 595, -28, 97, 1141, 33;
34, 299, 16, 671, 659, 23, 133, 1169, 65;
29, 293, 11, 638, 594, -11, 115, 1145, 44;
27, 289, 8, 629, 553, -29, 107, 1130, 32;
31, 292, 11, 680, 572, -7, 124, 1140, 46;
31, 290, 10, 688, 548, -13, 123, 1133, 42;
30, 287, 8, 683, 511, -27, 118, 1120, 33;
38, 293, 16, 771, 567, 19, 150, 1145, 63;
38, 291, 14, 775, 540, 11, 148, 1137, 58;
34, 286, 10, 750, 483, -15, 134, 1116, 41;
34, 284, 9, 759, 461, -19, 135, 1109, 38;
43, 291, 17, 846, 517, 29, 167, 1135, 69;
39, 286, 13, 824, 464, 5, 155, 1116, 54;
39, 284, 13, 831, 440, 0, 155, 1109, 51;
36, 279, 9, 810, 388, -22, 143, 1091, 37;
41, 282, 13, 856, 404, 0, 159, 1100, 51;
36, 276, 8, 823, 341, -29, 143, 1077, 32;
46, 284, 17, 920, 408, 27, 181, 1108, 67;
45, 281, 16, 918, 377, 18, 177, 1098, 62;
45, 279, 15, 923, 353, 15, 177, 1091, 60;
39, 272, 9, 875, 277, -22, 155, 1063, 36;
43, 274, 12, 917, 290, -1, 170, 1072, 50;
40, 269, 8, 887, 233, -26, 156, 1051, 34;
44, 272, 13, 935, 253, 0, 174, 1063, 50;
42, 268, 10, 916, 206, -17, 164, 1047, 39;
44, 269, 12, 943, 207, -3, 174, 1050, 48;
41, 264, 8, 914, 152, -27, 161, 1031, 33;
46, 268, 13, 966, 179, 3, 181, 1045, 53;
48, 268, 15, 988, 175, 14, 189, 1047, 60;
47, 266, 14, 983, 146, 8, 186, 1038, 56;
41, 258, 7, 926, 65, -31, 161, 1008, 31;
42, 257, 8, 933, 48, -29, 164, 1004, 32;
50, 264, 16, 1014, 106, 22, 196, 1032, 65;
50, 262, 16, 1012, 82, 20, 195, 1025, 63;
46, 257, 12, 977, 25, -3, 181, 1005, 48;
43, 253, 9, 948, -24, -23, 169, 988, 36;
44, 253, 11, 964, -29, -12, 175, 989, 42;
44, 251, 10, 958, -54, -15, 173, 982, 41;
51, 258, 17, 1027, -5, 30, 202, 1006, 69;
46, 251, 12, 975, -76, -2, 181, 980, 49;
51, 255, 17, 1021, -48, 29, 200, 995, 69;
45, 248, 12, 966, -120, -4, 178, 968, 47;
47, 248, 13, 976, -127, 4, 183, 969, 53;
42, 243, 9, 933, -186, -21, 166, 948, 37;
41, 240, 8, 914, -220, -31, 159, 937, 31;
42, 241, 10, 927, -222, -18, 166, 939, 39;
49, 247, 17, 991, -172, 27, 194, 964, 68;
41, 238, 9, 912, -264, -20, 163, 929, 38;
47, 243, 15, 962, -225, 18, 185, 948, 62;
45, 239, 13, 934, -266, 4, 175, 934, 53;
43, 237, 12, 912, -298, -4, 168, 924, 48;
41, 234, 11, 892, -328, -11, 162, 915, 43;
38, 230, 8, 859, -371, -27, 150, 900, 33;
39, 231, 10, 861, -377, -18, 154, 901, 39;
37, 228, 8, 836, -409, -28, 146, 891, 33;
40, 230, 12, 859, -393, -5, 158, 900, 47;
45, 234, 17, 895, -364, 26, 176, 916, 67;
43, 232, 15, 869, -396, 17, 167, 905, 61;
41, 230, 15, 851, -417, 14, 163, 899, 59;
39, 227, 13, 821, -452, 2, 154, 888, 52;
35, 222, 9, 771, -505, -21, 136, 869, 37;
41, 228, 16, 820, -458, 21, 160, 891, 64;
40, 227, 16, 806, -473, 21, 157, 887, 64;
34, 221, 11, 741, -538, -10, 134, 863, 44;
39, 226, 17, 779, -500, 25, 154, 881, 66;
34, 221, 13, 725, -553, 0, 135, 862, 51;
31, 217, 10, 681, -595, -18, 120, 847, 39;
28, 214, 8, 644, -629, -31, 109, 835, 31;
35, 221, 16, 707, -563, 22, 139, 865, 65;
34, 220, 16, 684, -581, 19, 134, 860, 63;
32, 218, 15, 658, -602, 14, 127, 853, 60;
26, 212, 9, 585, -669, -21, 102, 828, 37;
23, 210, 8, 553, -695, -29, 93, 819, 32;
30, 216, 15, 600, -640, 14, 117, 844, 60;
26, 213, 12, 556, -676, 0, 103, 831, 50;
29, 216, 16, 569, -654, 21, 113, 842, 64;
26, 213, 14, 529, -684, 8, 101, 831, 56;
27, 214, 16, 528, -674, 22, 106, 837, 64;
24, 212, 15, 495, -696, 14, 97, 830, 60;
20, 209, 12, 444, -735, -4, 81, 815, 47;
20, 209, 13, 431, -735, 0, 80, 817, 51;
21, 211, 15, 431, -722, 15, 85, 824, 60;
14, 204, 9, 352, -787, -21, 58, 798, 37;
16, 206, 12, 353, -770, -5, 64, 806, 47;
11, 202, 7, 291, -817, -31, 43, 788, 31;
10, 202, 8, 275, -816, -26, 42, 790, 34;
14, 207, 13, 300, -774, 5, 57, 808, 54;
13, 206, 13, 270, -786, 1, 50, 804, 51;
12, 206, 13, 251, -786, 4, 48, 805, 53;
14, 209, 17, 262, -757, 27, 58, 818, 68;
11, 207, 15, 219, -779, 15, 46, 809, 60;
10, 207, 15, 194, -784, 14, 41, 808, 60;
8, 206, 14, 161, -796, 8, 33, 803, 56;
9, 207, 16, 154, -782, 20, 35, 810, 63;
9, 208, 17, 141, -773, 28, 35, 814, 68;
8, 208, 17, 116, -775, 28, 31, 814, 68;
-1, 200, 9, 14, -853, -23, -5, 782, 36;
5, 208, 17, 61, -782, 24, 20, 811, 66;
-3, 201, 10, -28, -848, -19, -11, 784, 39;
-6, 199, 8, -71, -865, -30, -23, 776, 31;
-3, 203, 12, -57, -826, -5, -12, 792, 47;
-3, 204, 13, -70, -813, 2, -12, 798, 52;
-7, 201, 10, -123, -840, -16, -28, 786, 40;
-6, 203, 12, -129, -819, -4, -25, 795, 48;
-2, 209, 17, -104, -766, 29, -9, 816, 69;
-3, 210, 18, -124, -759, 32, -12, 819, 70;
-13, 200, 8, -239, -845, -28, -54, 782, 33;
-6, 209, 16, -185, -763, 23, -26, 816, 65;
-14, 202, 10, -271, -820, -18, -56, 791, 39;
-15, 203, 10, -294, -814, -17, -60, 793, 40;
-18, 202, 8, -330, -821, -25, -70, 789, 35;
-19, 202, 8, -357, -818, -27, -76, 789, 33;
-13, 209, 15, -314, -745, 16, -53, 818, 60;
-14, 210, 15, -335, -735, 17, -56, 821, 61;
-20, 205, 10, -409, -778, -16, -81, 802, 40;
-22, 205, 9, -439, -777, -21, -89, 801, 37;
-23, 206, 9, -459, -766, -19, -92, 804, 38;
-23, 208, 11, -467, -743, -10, -90, 812, 44;
-26, 207, 9, -505, -750, -21, -101, 808, 37;
-26, 208, 10, -523, -736, -18, -103, 812, 39;
-25, 211, 12, -521, -702, -3, -98, 824, 49;
-28, 209, 10, -566, -715, -19, -112, 817, 39;
-27, 212, 12, -562, -679, -2, -105, 830, 49;
-28, 213, 12, -581, -666, -2, -109, 833, 49;
-32, 211, 9, -631, -684, -22, -125, 824, 36;
-31, 214, 11, -633, -653, -10, -121, 834, 44;
-28, 218, 14, -620, -609, 10, -112, 851, 57;
-31, 217, 12, -658, -614, -2, -123, 846, 49;
-28, 222, 16, -637, -561, 23, -110, 866, 65;
-28, 224, 18, -643, -536, 31, -109, 874, 70;
-38, 215, 8, -749, -609, -27, -148, 841, 34;
-39, 216, 8, -771, -599, -30, -154, 843, 31;
-31, 225, 16, -708, -504, 22, -124, 880, 64;
-36, 222, 12, -763, -528, -3, -143, 867, 48;
-35, 225, 14, -762, -495, 6, -139, 878, 55;
-39, 223, 11, -806, -508, -12, -154, 870, 43;
-34, 229, 16, -767, -438, 23, -135, 896, 65;
-34, 232, 17, -771, -410, 30, -133, 905, 69;
-41, 226, 11, -849, -457, -12, -162, 882, 43;
-40, 229, 13, -841, -420, 1, -156, 895, 51;
-42, 229, 11, -867, -415, -7, -164, 894, 46;
-40, 232, 13, -862, -380, 3, -159, 906, 53;
-39, 235, 16, -851, -339, 18, -152, 920, 62;
-37, 239, 18, -841, -300, 32, -146, 933, 70;
-44, 233, 11, -913, -343, -9, -173, 912, 45;
-43, 236, 12, -912, -313, -1, -170, 921, 50;
-43, 238, 13, -915, -288, 2, -169, 928, 52;
-45, 238, 12, -934, -279, -4, -175, 929, 47;
-43, 241, 14, -922, -240, 8, -169, 942, 56;
-47, 238, 10, -968, -259, -17, -186, 931, 40;
-44, 243, 13, -941, -205, 5, -173, 950, 54;
-43, 245, 14, -939, -177, 10, -171, 958, 57;
-46, 245, 12, -962, -175, 0, -179, 956, 50;
-47, 244, 11, -982, -170, -11, -187, 954, 44;
-45, 249, 14, -959, -122, 7, -176, 971, 55;
-48, 246, 10, -995, -134, -14, -190, 963, 42;
-48, 248, 10, -998, -113, -13, -190, 968, 42;
-51, 247, 8, -1023, -115, -29, -200, 963, 32;
-47, 252, 12, -983, -52, 0, -183, 986, 50;
-44, 256, 15, -961, -9, 14, -174, 1001, 59;
-49, 253, 10, -1006, -32, -15, -192, 988, 41;
-46, 257, 13, -976, 17, 4, -180, 1005, 53;
-49, 256, 10, -1003, 10, -13, -191, 999, 42;
-51, 255, 8, -1021, 11, -26, -199, 996, 34;
-49, 258, 10, -1006, 45, -17, -193, 1006, 40;
-49, 259, 10, -1005, 64, -18, -193, 1011, 39;
-42, 268, 17, -931, 156, 28, -163, 1045, 68;
-49, 261, 9, -1001, 102, -20, -193, 1020, 38;
-47, 264, 11, -978, 141, -7, -185, 1033, 46;
-44, 268, 14, -951, 183, 6, -175, 1047, 55;
-42, 272, 16, -921, 227, 22, -164, 1062, 65;
-46, 269, 12, -958, 205, -5, -180, 1049, 47;
-44, 272, 14, -933, 243, 6, -171, 1062, 54;
-41, 275, 16, -907, 281, 18, -162, 1074, 62;
-46, 271, 10, -950, 249, -15, -182, 1058, 41;
-39, 279, 17, -876, 334, 28, -153, 1090, 68;
-46, 272, 9, -940, 280, -20, -182, 1064, 38;
-47, 272, 8, -942, 287, -28, -185, 1064, 33;
-40, 280, 14, -873, 365, 10, -159, 1093, 57;
-44, 277, 10, -903, 343, -15, -173, 1081, 41;
-38, 284, 16, -837, 415, 20, -149, 1108, 63;
-39, 283, 14, -839, 420, 10, -152, 1107, 57;
-44, 279, 9, -881, 383, -25, -173, 1089, 35;
-40, 283, 11, -841, 428, -7, -159, 1104, 46;
-39, 284, 12, -823, 449, -4, -155, 1110, 48;
-36, 288, 14, -787, 488, 9, -143, 1123, 57;
-41, 283, 9, -824, 454, -23, -161, 1106, 36;
-33, 292, 16, -738, 541, 23, -129, 1140, 65;
-32, 293, 16, -720, 559, 24, -126, 1145, 66;
-35, 290, 13, -741, 538, 0, -138, 1134, 51;
-37, 288, 9, -754, 524, -19, -147, 1125, 38;
-33, 293, 13, -702, 575, 4, -129, 1144, 53;
-35, 290, 10, -717, 556, -17, -140, 1133, 39;
-34, 291, 10, -697, 572, -16, -135, 1138, 40;
-32, 294, 12, -661, 605, -4, -124, 1149, 48;
-26, 300, 17, -595, 665, 27, -101, 1172, 67;
-33, 293, 9, -654, 600, -24, -130, 1143, 35;
-28, 297, 13, -597, 651, 0, -111, 1161, 51;
-22, 303, 18, -529, 711, 32, -87, 1185, 71;
-30, 295, 8, -596, 636, -25, -120, 1151, 34;
-24, 301, 14, -524, 699, 8, -94, 1176, 56;
-21, 304, 16, -483, 730, 21, -82, 1187, 64;
-26, 298, 9, -524, 679, -19, -104, 1164, 38;
-19, 305, 16, -442, 750, 21, -75, 1191, 64;
-25, 298, 9, -488, 691, -24, -99, 1165, 35;
-20, 303, 13, -426, 740, 2, -78, 1184, 52;
-24, 299, 8, -450, 703, -28, -93, 1167, 33;
-13, 309, 17, -340, 799, 29, -53, 1206, 69;
-21, 300, 8, -403, 720, -27, -84, 1172, 33;
-12, 309, 16, -304, 804, 23, -48, 1205, 65;
-16, 304, 11, -333, 758, -11, -66, 1185, 43;
-11, 308, 15, -272, 802, 13, -46, 1202, 59;
-15, 303, 10, -295, 761, -18, -61, 1184, 39;
-9, 309, 15, -220, 818, 16, -35, 1207, 61;
-11, 306, 11, -232, 786, -8, -46, 1193, 45;
-7, 309, 15, -175, 823, 13, -28, 1208, 59;
-10, 305, 10, -193, 785, -14, -41, 1191, 42;
-8, 306, 11, -165, 792, -11, -34, 1194, 43;
-1, 312, 17, -81, 855, 28, -5, 1219, 68;
-9, 303, 8, -144, 769, -30, -37, 1183, 32;
-1, 310, 15, -55, 835, 12, -6, 1210, 58;
-4, 306, 10, -73, 794, -16, -19, 1193, 40;
-2, 307, 11, -35, 808, -7, -9, 1199, 46;
3, 311, 16, 30, 849, 20, 12, 1216, 63;
5, 312, 17, 64, 858, 26, 20, 1220, 67;
4, 311, 15, 73, 842, 15, 19, 1213, 60;
4, 309, 13, 81, 825, 5, 17, 1206, 54;
2, 305, 10, 73, 790, -16, 7, 1192, 40;
9, 312, 16, 158, 848, 23, 37, 1216, 65;
8, 309, 14, 163, 826, 10, 34, 1208, 57;
10, 309, 15, 191, 826, 13, 40, 1208, 59;
14, 312, 17, 242, 849, 30, 55, 1218, 70;
9, 305, 11, 206, 785, -9, 35, 1193, 45;
16, 311, 17, 287, 836, 28, 63, 1215, 68;
15, 309, 15, 295, 815, 17, 61, 1207, 62;
11, 304, 10, 272, 762, -13, 46, 1186, 42;
16, 307, 14, 332, 793, 11, 65, 1200, 58;
21, 310, 18, 386, 816, 31, 82, 1211, 70;
13, 301, 9, 329, 729, -22, 53, 1175, 37;
20, 307, 15, 409, 778, 16, 81, 1197, 61;
21, 305, 14, 425, 763, 11, 83, 1192, 58;
22, 305, 14, 446, 753, 10, 86, 1190, 57;
21, 302, 13, 452, 727, 0, 84, 1181, 50;
20, 300, 11, 457, 702, -10, 81, 1171, 44;
24, 301, 13, 499, 711, 2, 93, 1177, 52;
27, 303, 15, 540, 721, 15, 106, 1183, 60;
23, 298, 11, 518, 667, -12, 92, 1162, 43;
27, 300, 13, 564, 681, 4, 106, 1170, 53;
32, 303, 18, 624, 709, 30, 127, 1184, 70;
32, 301, 17, 635, 688, 25, 127, 1177, 66;
34, 302, 18, 666, 686, 32, 135, 1178, 71;
31, 296, 13, 642, 630, 3, 121, 1157, 53;
32, 296, 14, 664, 620, 6, 125, 1155, 54;
36, 299, 17, 717, 641, 29, 143, 1167, 69;
32, 293, 12, 690, 582, 0, 128, 1144, 50;
32, 291, 11, 695, 555, -8, 126, 1136, 45;
33, 290, 12, 717, 545, -5, 132, 1134, 47;
34, 289, 11, 728, 525, -8, 133, 1128, 45;
31, 284, 8, 712, 477, -30, 122, 1111, 32;
41, 293, 18, 820, 553, 31, 163, 1145, 70;
35, 285, 11, 770, 472, -12, 139, 1114, 43;
33, 282, 8, 761, 431, -27, 132, 1100, 33;
36, 283, 10, 796, 436, -13, 144, 1105, 42;
36, 281, 9, 798, 407, -21, 141, 1096, 37;
40, 283, 13, 844, 422, 0, 157, 1105, 51;
41, 282, 13, 857, 405, 0, 160, 1101, 51;
42, 281, 14, 876, 394, 5, 165, 1099, 54;
41, 279, 12, 876, 365, -1, 163, 1090, 49;
42, 278, 12, 886, 345, -2, 164, 1085, 49;
47, 281, 17, 939, 369, 26, 184, 1098, 67;
38, 271, 8, 867, 268, -28, 151, 1059, 33;
40, 271, 9, 885, 258, -22, 157, 1058, 37;
43, 272, 12, 919, 264, -5, 169, 1064, 47;
42, 270, 10, 911, 229, -15, 164, 1053, 41;
42, 268, 10, 915, 205, -18, 164, 1046, 39;
49, 273, 16, 986, 250, 24, 192, 1068, 66;
45, 269, 13, 958, 196, 1, 179, 1049, 51;
41, 263, 9, 923, 136, -25, 163, 1027, 35;
41, 261, 8, 920, 108, -30, 161, 1019, 32;
49, 268, 16, 1000, 163, 20, 193, 1045, 63;
51, 268, 17, 1015, 154, 27, 199, 1045, 68;
49, 264, 15, 1000, 115, 15, 191, 1032, 60;
42, 256, 8, 939, 31, -27, 165, 1001, 34;
48, 261, 14, 999, 69, 12, 190, 1020, 58;
43, 254, 9, 949, -2, -22, 169, 993, 37;
46, 256, 12, 977, 3, -4, 180, 999, 48;
48, 257, 14, 999, 5, 10, 189, 1003, 57;
52, 259, 18, 1031, 18, 32, 203, 1012, 71;
51, 257, 17, 1025, -7, 29, 201, 1005, 69;
48, 253, 14, 997, -54, 11, 190, 989, 58;
48, 252, 14, 993, -76, 10, 188, 983, 57;
47, 249, 13, 979, -107, 3, 183, 974, 53;
41, 243, 8, 928, -175, -28, 163, 949, 33;
50, 251, 17, 1010, -109, 29, 198, 980, 69;
41, 240, 8, 915, -220, -30, 160, 937, 31;
49, 247, 16, 991, -158, 23, 193, 966, 65;
41, 238, 8, 910, -252, -25, 161, 930, 34;
47, 243, 15, 962, -213, 13, 184, 950, 59;
41, 237, 10, 908, -280, -18, 163, 925, 39;
48, 243, 17, 965, -235, 25, 188, 947, 66;
48, 242, 18, 966, -244, 31, 191, 946, 70;
39, 232, 9, 875, -345, -22, 155, 908, 36;
43, 235, 13, 902, -327, 1, 168, 918, 51;
42, 234, 13, 889, -349, 0, 165, 913, 50;
39, 230, 10, 859, -387, -13, 155, 900, 42;
46, 236, 18, 915, -337, 32, 181, 923, 70;
39, 228, 11, 839, -420, -11, 152, 892, 44;
36, 225, 9, 808, -456, -23, 142, 880, 36;
35, 224, 8, 790, -479, -26, 138, 874, 34;
40, 228, 14, 829, -444, 8, 157, 891, 55;
41, 229, 16, 836, -439, 22, 163, 896, 64;
36, 224, 12, 780, -497, -4, 143, 875, 47;
37, 224, 13, 775, -504, 1, 145, 874, 51;
39, 225, 15, 783, -496, 17, 152, 880, 61;
36, 222, 13, 748, -531, 4, 141, 868, 53;
33, 220, 12, 716, -562, -5, 131, 858, 47;
33, 220, 13, 707, -569, 0, 131, 858, 50;
31, 217, 11, 679, -595, -7, 123, 849, 45;
29, 215, 10, 649, -621, -16, 115, 841, 41;
31, 217, 13, 657, -609, 1, 123, 848, 51;
25, 211, 8, 589, -672, -31, 99, 825, 31;
33, 219, 17, 655, -600, 25, 130, 856, 66;
33, 219, 17, 640, -607, 28, 129, 855, 68;
28, 214, 13, 583, -658, 3, 109, 837, 53;
24, 211, 11, 541, -691, -10, 97, 825, 44;
21, 208, 9, 501, -722, -23, 85, 814, 36;
21, 208, 9, 486, -727, -20, 83, 814, 38;
20, 208, 10, 468, -735, -18, 81, 812, 39;
27, 215, 17, 518, -673, 30, 107, 840, 69;
21, 209, 12, 448, -731, -2, 83, 817, 49;
16, 205, 8, 391, -775, -25, 64, 800, 35;
22, 211, 15, 433, -720, 17, 86, 825, 61;
22, 212, 17, 422, -716, 25, 87, 827, 66;
20, 211, 16, 394, -730, 21, 80, 823, 64;
14, 205, 11, 320, -788, -12, 55, 800, 43;
14, 206, 12, 314, -777, 0, 58, 806, 50;
10, 202, 9, 255, -819, -24, 39, 789, 35;
15, 208, 15, 294, -762, 17, 60, 814, 61;
8, 202, 10, 218, -820, -17, 34, 791, 40;
6, 201, 9, 182, -836, -25, 25, 785, 35;
8, 203, 11, 184, -814, -7, 31, 795, 46;
12, 209, 17, 216, -762, 29, 50, 817, 69;
5, 202, 11, 128, -829, -12, 19, 790, 42;
1, 199, 8, 77, -859, -30, 3, 778, 31;
4, 204, 13, 99, -815, 0, 18, 797, 51;
6, 207, 15, 101, -790, 18, 25, 807, 62;
0, 201, 10, 26, -841, -15, 0, 786, 41;
2, 205, 14, 40, -803, 10, 11, 802, 57;
-4, 200, 8, -38, -858, -25, -16, 780, 34;
-3, 201, 10, -49, -844, -16, -14, 785, 40;
-3, 203, 11, -59, -828, -6, -13, 792, 46;
-2, 205, 14, -59, -803, 9, -7, 802, 56;
-6, 202, 11, -116, -833, -12, -25, 789, 43;
-5, 205, 13, -117, -807, 3, -20, 800, 53;
-11, 200, 8, -191, -854, -29, -45, 780, 32;
-13, 200, 8, -217, -852, -30, -51, 780, 32;
-11, 203, 11, -215, -822, -12, -44, 792, 43;
-8, 207, 15, -200, -778, 13, -32, 809, 59;
-15, 202, 9, -278, -828, -22, -59, 788, 36;
-16, 202, 9, -303, -823, -23, -64, 789, 36;
-15, 204, 11, -308, -799, -11, -61, 798, 44;
-15, 206, 13, -315, -775, 0, -58, 807, 51;
-12, 210, 16, -306, -737, 21, -49, 821, 64;
-12, 212, 17, -320, -720, 27, -50, 827, 68;
-16, 210, 15, -365, -735, 12, -63, 820, 58;
-19, 208, 12, -412, -750, -3, -77, 812, 49;
-18, 211, 15, -408, -716, 14, -71, 825, 59;
-21, 210, 13, -451, -727, 0, -84, 819, 51;
-26, 206, 9, -509, -753, -23, -103, 806, 36;
-25, 209, 10, -515, -728, -13, -100, 815, 42;
-26, 209, 11, -535, -716, -12, -104, 818, 43;
-24, 214, 14, -521, -670, 10, -93, 835, 57;
-29, 210, 10, -582, -699, -16, -114, 821, 40;
-29, 212, 11, -592, -677, -9, -113, 829, 45;
-33, 210, 8, -640, -692, -28, -129, 820, 33;
-29, 215, 12, -620, -641, -2, -116, 839, 49;
-29, 217, 14, -627, -615, 5, -115, 848, 54;
-28, 220, 15, -629, -585, 17, -111, 858, 61;
-36, 214, 8, -713, -637, -26, -142, 834, 34;
-29, 222, 16, -656, -548, 23, -114, 869, 65;
-36, 217, 10, -729, -589, -14, -140, 849, 42;
-33, 222, 14, -712, -540, 8, -130, 867, 56;
-39, 217, 8, -783, -579, -27, -155, 849, 33;
-33, 225, 15, -733, -498, 16, -131, 880, 61;
-32, 228, 17, -728, -462, 29, -125, 892, 69;
-39, 223, 11, -807, -509, -12, -155, 870, 42;
-42, 221, 8, -845, -515, -28, -167, 864, 33;
-35, 231, 16, -780, -420, 24, -137, 901, 66;
-41, 226, 11, -849, -458, -12, -162, 882, 42;
-41, 228, 11, -856, -434, -8, -162, 889, 45;
-45, 226, 8, -897, -445, -27, -177, 882, 33;
-42, 230, 12, -876, -394, -5, -165, 900, 47;
-44, 230, 10, -904, -392, -16, -174, 898, 40;
-41, 234, 13, -883, -342, 4, -163, 915, 53;
-39, 238, 16, -869, -299, 20, -155, 930, 63;
-42, 238, 14, -895, -297, 9, -163, 928, 56;
-40, 240, 16, -890, -263, 19, -159, 939, 62;
-47, 236, 10, -952, -297, -16, -183, 921, 40;
-45, 239, 11, -946, -264, -7, -179, 932, 46;
-43, 243, 14, -925, -216, 11, -168, 949, 58;
-48, 239, 9, -980, -244, -20, -190, 933, 38;
-46, 243, 12, -959, -198, -2, -180, 950, 49;
-48, 242, 10, -986, -198, -16, -189, 946, 40;
-49, 243, 9, -995, -182, -19, -192, 949, 38;
-50, 243, 8, -1011, -174, -27, -198, 949, 33;
-50, 245, 9, -1007, -146, -22, -195, 958, 37;
-42, 255, 17, -932, -47, 29, -163, 995, 69;
-47, 251, 12, -982, -74, -1, -183, 980, 49;
-43, 256, 16, -948, -18, 22, -169, 1000, 64;
-48, 253, 12, -992, -40, -6, -187, 988, 46;
-48, 253, 11, -1000, -27, -11, -190, 990, 44;
-47, 257, 13, -983, 10, 0, -183, 1002, 51;
-41, 263, 18, -934, 79, 32, -163, 1027, 71;
-46, 259, 13, -981, 52, 0, -182, 1013, 51;
-45, 262, 14, -966, 85, 9, -177, 1023, 56;
-48, 261, 11, -989, 80, -7, -187, 1018, 46;
-43, 266, 15, -949, 137, 16, -171, 1038, 61;
-48, 262, 10, -994, 109, -15, -190, 1023, 41;
-46, 265, 12, -970, 148, -3, -182, 1036, 49;
-51, 262, 7, -1009, 125, -32, -199, 1023, 31;
-41, 273, 17, -914, 234, 27, -161, 1065, 67;
-40, 274, 17, -904, 259, 30, -158, 1071, 69;
-49, 266, 8, -984, 192, -27, -192, 1041, 33;
-48, 268, 8, -974, 214, -25, -190, 1046, 34;
-48, 269, 8, -966, 233, -26, -189, 1051, 34;
-47, 271, 9, -951, 259, -21, -184, 1059, 37;
-42, 277, 14, -896, 324, 9, -164, 1083, 56;
-42, 277, 13, -896, 333, 2, -166, 1083, 52;
-38, 282, 17, -852, 386, 25, -150, 1102, 66;
-39, 282, 15, -858, 387, 13, -155, 1099, 59;
-43, 278, 10, -890, 363, -14, -171, 1086, 41;
-45, 277, 8, -896, 362, -27, -176, 1083, 33;
-42, 281, 11, -859, 405, -10, -164, 1098, 44;
-42, 281, 10, -857, 412, -17, -166, 1098, 39;
-37, 286, 14, -803, 470, 9, -146, 1119, 56;
-35, 289, 16, -772, 503, 20, -137, 1130, 63;
-39, 286, 11, -802, 476, -9, -152, 1116, 45;
-40, 285, 9, -804, 475, -20, -157, 1113, 38;
-34, 291, 14, -744, 535, 8, -136, 1135, 56;
-36, 289, 11, -755, 524, -9, -144, 1128, 45;
-37, 288, 10, -752, 526, -17, -146, 1126, 39;
-36, 289, 10, -736, 540, -18, -143, 1129, 39;
-29, 297, 16, -658, 615, 21, -115, 1158, 64;
-32, 294, 12, -676, 593, -2, -127, 1147, 49;
-32, 294, 11, -667, 598, -8, -127, 1146, 45;
-33, 292, 9, -669, 591, -22, -132, 1141, 37;
-32, 294, 10, -641, 613, -16, -125, 1148, 40;
-31, 295, 10, -621, 627, -15, -121, 1152, 41;
-28, 298, 12, -581, 659, -2, -109, 1163, 49;
-25, 300, 14, -544, 688, 9, -98, 1173, 56;
-28, 296, 9, -568, 655, -20, -113, 1157, 38;
-24, 301, 13, -510, 703, 3, -93, 1175, 53;
-25, 299, 10, -515, 688, -13, -100, 1167, 42;
-24, 300, 11, -490, 701, -11, -95, 1171, 43;
-23, 300, 11, -470, 709, -12, -92, 1173, 43;
-19, 304, 14, -417, 750, 8, -74, 1188, 56;
-15, 307, 17, -370, 783, 24, -60, 1201, 66;
-17, 305, 13, -379, 760, 3, -69, 1190, 53;
-18, 303, 11, -377, 746, -10, -74, 1183, 44;
-16, 305, 13, -339, 768, 0, -63, 1191, 50;
-14, 306, 13, -312, 779, 2, -57, 1194, 52;
-11, 308, 15, -273, 801, 12, -46, 1202, 58;
-13, 305, 12, -277, 779, -5, -53, 1192, 47;
-13, 305, 11, -259, 779, -9, -51, 1191, 44;
-6, 311, 16, -184, 835, 24, -26, 1213, 66;
-10, 306, 12, -203, 795, -4, -39, 1196, 47;
-9, 306, 11, -187, 791, -10, -38, 1194, 44;
-11, 303, 8, -187, 770, -26, -44, 1185, 34;
-4, 310, 14, -105, 831, 11, -15, 1209, 58;
-5, 307, 12, -107, 806, -5, -22, 1199, 47;
-7, 304, 8, -113, 777, -26, -30, 1186, 34;
-4, 306, 10, -72, 795, -15, -18, 1193, 41;
1, 311, 16, 3, 847, 18, 6, 1215, 62;
0, 309, 13, 5, 824, 3, 2, 1206, 53;
5, 312, 17, 62, 857, 25, 20, 1219, 66;
-1, 304, 9, 15, 784, -22, -4, 1189, 36;
4, 309, 14, 82, 826, 5, 17, 1206, 54;
2, 305, 10, 74, 791, -15, 8, 1192, 41;
2, 304, 9, 89, 779, -22, 8, 1188, 36;
3, 304, 9, 112, 775, -23, 13, 1187, 36;
9, 308, 14, 182, 816, 6, 36, 1204, 55;
6, 304, 9, 164, 771, -21, 23, 1186, 37;
14, 311, 16, 255, 833, 23, 55, 1213, 65;
12, 307, 13, 249, 798, 3, 47, 1199, 53;
8, 301, 8, 224, 744, -29, 31, 1177, 32;
19, 311, 18, 339, 830, 31, 74, 1214, 70;
14, 305, 12, 309, 770, -4, 56, 1190, 48;
19, 309, 16, 372, 802, 22, 77, 1205, 64;
15, 303, 11, 348, 748, -9, 61, 1183, 45;
19, 305, 14, 397, 766, 8, 76, 1192, 55;
20, 305, 14, 417, 755, 6, 80, 1189, 55;
22, 305, 15, 452, 759, 14, 89, 1192, 60;
22, 303, 14, 462, 738, 7, 88, 1185, 55;
23, 302, 13, 479, 723, 3, 90, 1180, 53;
19, 297, 9, 458, 670, -24, 77, 1160, 35;
25, 301, 13, 520, 701, 2, 97, 1175, 52;
27, 302, 15, 556, 705, 12, 108, 1178, 59;
22, 295, 8, 516, 633, -27, 86, 1150, 33;
25, 296, 10, 556, 641, -14, 98, 1156, 42;
29, 298, 13, 605, 658, 5, 114, 1164, 54;
26, 293, 9, 585, 606, -20, 102, 1145, 37;
26, 292, 8, 597, 586, -25, 102, 1139, 34;
34, 298, 16, 683, 639, 18, 133, 1163, 62;
33, 296, 14, 689, 613, 10, 132, 1155, 57;
32, 293, 12, 686, 578, -3, 127, 1143, 49;
36, 295, 15, 735, 595, 18, 143, 1152, 62;
29, 286, 8, 678, 506, -31, 116, 1118, 31;
38, 293, 16, 770, 566, 18, 150, 1145, 62;
32, 286, 9, 724, 488, -22, 127, 1116, 37;
41, 293, 17, 818, 551, 29, 162, 1144, 69;
37, 287, 12, 784, 485, -2, 145, 1120, 49;
40, 288, 14, 819, 490, 11, 156, 1124, 57;
38, 284, 12, 808, 447, -5, 148, 1109, 47;
36, 281, 9, 798, 407, -21, 141, 1095, 37;
38, 281, 10, 822, 400, -14, 148, 1096, 42;
45, 287, 18, 903, 451, 31, 179, 1120, 70;
37, 277, 9, 831, 349, -24, 146, 1080, 35;
44, 282, 15, 900, 388, 14, 172, 1100, 59;
41, 277, 11, 877, 336, -8, 160, 1081, 45;
40, 274, 10, 872, 302, -18, 156, 1070, 39;
40, 273, 10, 882, 283, -18, 158, 1065, 39;
42, 274, 12, 909, 282, -6, 167, 1068, 47;
44, 274, 13, 930, 275, 1, 174, 1069, 52;
43, 271, 11, 924, 242, -7, 169, 1058, 46;
48, 274, 16, 972, 263, 19, 188, 1070, 63;
40, 265, 8, 906, 170, -28, 159, 1035, 33;
44, 267, 11, 942, 180, -8, 172, 1042, 45;
42, 264, 9, 931, 144, -19, 167, 1031, 38;
49, 269, 16, 1001, 189, 23, 194, 1052, 65;
44, 262, 10, 950, 113, -13, 172, 1024, 42;
47, 264, 13, 981, 120, 4, 184, 1031, 54;
43, 258, 9, 944, 59, -22, 168, 1009, 37;
49, 263, 15, 1005, 97, 17, 193, 1028, 61;
50, 263, 16, 1017, 87, 24, 198, 1027, 65;
48, 260, 14, 999, 47, 11, 190, 1014, 57;
47, 257, 13, 984, 11, 0, 183, 1002, 51;
47, 255, 13, 984, -9, 0, 183, 997, 51;
51, 259, 17, 1026, 12, 29, 201, 1010, 69;
51, 257, 17, 1026, -6, 29, 201, 1005, 69;
51, 256, 17, 1019, -32, 26, 199, 998, 67;
44, 248, 11, 958, -110, -12, 174, 969, 43;
47, 250, 14, 985, -102, 7, 186, 976, 55;
49, 251, 16, 1000, -103, 20, 193, 979, 63;
47, 247, 14, 975, -144, 6, 184, 965, 54;
45, 244, 12, 956, -178, -3, 177, 954, 48;
49, 247, 16, 989, -159, 22, 192, 965, 65;
42, 239, 10, 920, -242, -19, 165, 934, 39;
43, 240, 11, 929, -246, -8, 170, 936, 45;
42, 237, 10, 913, -275, -14, 165, 927, 41;
39, 234, 8, 884, -316, -28, 155, 914, 32;
41, 235, 10, 898, -313, -13, 162, 918, 42;
47, 240, 17, 950, -270, 27, 186, 939, 67;
47, 240, 18, 946, -283, 30, 187, 937, 70;
42, 233, 12, 885, -353, -3, 163, 911, 48;
40, 231, 11, 866, -380, -8, 158, 903, 45;
41, 232, 13, 870, -383, 1, 162, 904, 51;
39, 228, 11, 838, -421, -11, 152, 892, 43;
36, 225, 9, 809, -455, -22, 143, 881, 36;
39, 227, 12, 826, -443, -2, 153, 889, 49;
37, 225, 11, 801, -471, -10, 145, 880, 44;
33, 221, 8, 757, -519, -30, 130, 863, 32;
39, 226, 14, 801, -477, 8, 152, 883, 56;
39, 226, 15, 792, -487, 12, 152, 881, 58;
31, 218, 8, 715, -565, -28, 123, 852, 33;
32, 218, 9, 711, -568, -20, 125, 853, 38;
33, 219, 11, 714, -564, -7, 130, 857, 46;
31, 217, 10, 681, -595, -18, 120, 847, 39;
30, 216, 10, 664, -610, -18, 117, 843, 39;
31, 217, 12, 669, -600, -2, 124, 849, 49;
32, 218, 14, 668, -597, 9, 127, 853, 56;
25, 211, 8, 593, -667, -28, 100, 826, 33;
25, 211, 8, 577, -677, -26, 98, 824, 34;
26, 213, 11, 581, -667, -11, 104, 831, 44;
24, 211, 10, 551, -689, -17, 96, 823, 39;
31, 218, 17, 603, -629, 30, 122, 850, 69;
24, 211, 12, 529, -694, -5, 96, 825, 47;
29, 216, 17, 560, -653, 29, 114, 844, 69;
26, 214, 15, 521, -681, 17, 103, 834, 61;
20, 208, 10, 454, -737, -13, 80, 813, 42;
24, 212, 15, 475, -704, 15, 94, 828, 60;
24, 213, 16, 466, -701, 24, 95, 831, 65;
18, 207, 11, 394, -759, -8, 70, 808, 45;
22, 212, 17, 422, -716, 25, 87, 828, 66;
13, 204, 9, 328, -795, -22, 53, 796, 37;
17, 208, 14, 350, -757, 7, 68, 813, 55;
11, 202, 9, 278, -813, -24, 43, 791, 35;
18, 211, 17, 336, -738, 29, 72, 823, 69;
12, 205, 12, 265, -791, -2, 48, 802, 49;
15, 209, 17, 284, -754, 26, 62, 818, 67;
6, 201, 9, 184, -835, -24, 26, 786, 35;
13, 209, 16, 233, -766, 24, 51, 815, 66;
11, 208, 16, 206, -772, 22, 46, 813, 65;
7, 204, 13, 148, -809, 0, 27, 798, 51;
7, 206, 15, 142, -794, 12, 30, 805, 58;
0, 200, 9, 63, -850, -23, 3, 782, 36;
1, 202, 10, 53, -837, -13, 5, 788, 42;
5, 207, 15, 76, -791, 18, 20, 807, 62;
3, 206, 14, 42, -801, 11, 11, 803, 58;
4, 208, 17, 45, -774, 30, 18, 815, 69;
-2, 202, 11, -36, -830, -7, -9, 791, 46;
-5, 201, 10, -77, -846, -18, -20, 784, 39;
-3, 204, 12, -76, -819, -1, -14, 795, 50;
-8, 200, 8, -137, -854, -25, -34, 781, 34;
-3, 206, 15, -103, -793, 12, -14, 805, 58;
-4, 206, 15, -127, -790, 13, -19, 806, 59;
-11, 201, 9, -201, -836, -19, -44, 786, 38;
-13, 200, 8, -237, -844, -27, -53, 783, 33;
-7, 208, 15, -195, -774, 16, -30, 811, 61;
-11, 206, 13, -239, -789, 3, -43, 804, 52;
-16, 202, 9, -302, -822, -22, -64, 789, 36;
-15, 205, 11, -303, -793, -7, -58, 800, 46;
-17, 204, 10, -336, -796, -13, -67, 798, 42;
-20, 203, 8, -378, -809, -26, -79, 792, 34;
-16, 208, 13, -358, -758, 2, -66, 811, 52;
-22, 203, 8, -427, -796, -28, -89, 794, 33;
-22, 206, 10, -433, -772, -17, -86, 803, 40;
-21, 208, 11, -441, -748, -7, -85, 811, 46;
-19, 211, 14, -434, -710, 11, -77, 826, 58;
-22, 210, 13, -473, -717, 0, -88, 821, 51;
-27, 207, 9, -530, -743, -23, -107, 809, 36;
-24, 212, 13, -513, -694, 2, -95, 827, 52;
-24, 214, 14, -522, -671, 9, -94, 835, 57;
-25, 214, 14, -543, -660, 9, -97, 838, 57;
-28, 213, 12, -584, -669, -4, -110, 832, 48;
-26, 216, 14, -580, -633, 11, -104, 845, 58;
-26, 219, 16, -585, -605, 21, -101, 854, 64;
-29, 217, 14, -626, -614, 6, -114, 848, 55;
-29, 219, 15, -633, -589, 14, -113, 857, 60;
-36, 214, 8, -711, -635, -25, -141, 835, 35;
-35, 216, 10, -717, -609, -17, -139, 844, 40;
-29, 224, 17, -663, -523, 29, -113, 877, 69;
-38, 217, 9, -760, -588, -23, -149, 847, 36;
-31, 226, 17, -703, -500, 25, -122, 881, 66;
-34, 225, 15, -737, -501, 13, -132, 878, 59;
-33, 227, 16, -744, -477, 19, -132, 886, 63;
-33, 229, 17, -750, -451, 25, -131, 893, 66;
-38, 226, 13, -799, -470, 2, -148, 883, 52;
-35, 231, 16, -780, -420, 23, -137, 901, 65;
-41, 226, 11, -844, -452, -9, -160, 885, 45;
-42, 227, 10, -864, -442, -13, -165, 886, 42;
-39, 232, 14, -838, -386, 11, -152, 906, 57;
-37, 236, 17, -825, -343, 28, -144, 921, 68;
-43, 231, 11, -894, -382, -10, -170, 902, 44;
-40, 236, 15, -870, -329, 12, -158, 921, 58;
-47, 231, 8, -939, -369, -26, -184, 901, 34;
-39, 241, 17, -867, -268, 28, -152, 940, 68;
-41, 240, 15, -894, -268, 16, -161, 937, 60;
-48, 234, 8, -966, -311, -26, -189, 915, 34;
-48, 236, 9, -971, -288, -23, -189, 922, 36;
-47, 239, 10, -963, -254, -13, -184, 933, 42;
-47, 240, 10, -971, -235, -14, -186, 937, 41;
-49, 240, 9, -993, -231, -25, -193, 936, 35;
-48, 242, 10, -986, -199, -17, -189, 946, 40;
-46, 246, 12, -969, -156, -2, -181, 960, 49;
-43, 250, 16, -942, -105, 18, -169, 978, 62;
-47, 247, 11, -985, -124, -7, -186, 967, 46;
-42, 254, 17, -938, -53, 25, -166, 993, 67;
-50, 247, 9, -1016, -108, -24, -197, 967, 35;
-50, 249, 9, -1015, -84, -22, -196, 973, 37;
-43, 257, 16, -951, 0, 20, -170, 1005, 63;
-51, 251, 8, -1025, -52, -27, -200, 980, 33;
-52, 251, 7, -1032, -38, -32, -203, 982, 30;
-50, 255, 9, -1013, 0, -20, -195, 995, 38;
-43, 262, 16, -950, 82, 20, -170, 1025, 63;
-48, 258, 10, -999, 52, -13, -191, 1009, 42;
-50, 258, 8, -1016, 53, -25, -198, 1006, 34;
-48, 261, 11, -993, 93, -12, -189, 1020, 43;
-50, 260, 8, -1009, 93, -26, -197, 1016, 34;
-49, 262, 9, -998, 121, -21, -193, 1024, 37;
-47, 265, 11, -975, 159, -9, -185, 1037, 45;
-42, 271, 16, -925, 223, 19, -165, 1060, 63;
-40, 274, 17, -903, 259, 30, -158, 1072, 70;
-43, 272, 14, -930, 245, 8, -170, 1063, 56;
-44, 272, 13, -934, 254, 0, -173, 1063, 51;
-46, 271, 10, -950, 249, -15, -182, 1058, 41;
-43, 275, 13, -916, 294, 1, -170, 1073, 51;
-47, 272, 9, -945, 276, -23, -184, 1062, 36;
-47, 272, 8, -942, 287, -28, -185, 1064, 33;
-38, 282, 17, -852, 386, 24, -150, 1102, 66;
-37, 284, 17, -836, 409, 28, -146, 1108, 68;
-36, 286, 18, -818, 434, 32, -141, 1116, 71;
-45, 277, 8, -901, 358, -30, -178, 1081, 32;
-39, 284, 14, -834, 430, 6, -153, 1108, 54;
-43, 280, 9, -864, 405, -22, -168, 1095, 37;
-38, 286, 13, -808, 465, 5, -148, 1117, 54;
-33, 291, 17, -760, 515, 28, -132, 1135, 68;
-41, 283, 9, -825, 452, -24, -162, 1106, 35;
-39, 286, 10, -794, 485, -14, -153, 1117, 42;
-36, 289, 13, -757, 523, 0, -141, 1130, 51;
-39, 286, 8, -784, 495, -28, -155, 1116, 33;
-35, 290, 12, -733, 545, -5, -138, 1134, 47;
-38, 287, 8, -753, 523, -29, -150, 1122, 32;
-32, 294, 13, -685, 588, 3, -126, 1147, 53;
-36, 290, 8, -712, 558, -26, -141, 1132, 34;
-29, 297, 14, -639, 626, 10, -115, 1158, 57;
-27, 299, 15, -610, 651, 17, -107, 1166, 61;
-30, 296, 12, -622, 632, -3, -117, 1156, 48;
-28, 297, 12, -600, 648, -1, -112, 1160, 49;
-29, 297, 11, -592, 648, -9, -113, 1158, 44;
-31, 294, 8, -604, 628, -31, -123, 1148, 31;
-25, 300, 12, -538, 685, 0, -100, 1170, 50;
-26, 299, 11, -531, 682, -10, -102, 1167, 44;
-28, 296, 7, -543, 660, -31, -112, 1156, 31;
-26, 298, 9, -508, 683, -23, -102, 1164, 36;
-23, 301, 11, -465, 714, -9, -89, 1175, 45;
-16, 307, 16, -395, 771, 23, -65, 1197, 65;
-22, 300, 9, -438, 715, -20, -88, 1172, 38;
-23, 299, 8, -431, 707, -31, -91, 1168, 31;
-14, 307, 15, -338, 785, 15, -57, 1199, 60;
-15, 306, 14, -327, 780, 7, -58, 1196, 55;
-16, 304, 11, -331, 760, -10, -65, 1186, 44;
-11, 309, 15, -265, 809, 18, -43, 1205, 62;
-10, 308, 15, -247, 809, 13, -41, 1204, 59;
-12, 305, 11, -255, 783, -7, -50, 1192, 46;
-11, 306, 11, -233, 786, -8, -46, 1193, 45;
-4, 312, 18, -147, 851, 32, -16, 1219, 71;
-7, 308, 13, -168, 810, 2, -30, 1202, 52;
-9, 306, 11, -166, 792, -12, -35, 1193, 43;
-4, 309, 14, -107, 829, 10, -16, 1208, 57;
0, 313, 17, -54, 859, 29, 0, 1221, 69;
-5, 306, 10, -95, 796, -14, -22, 1194, 42;
-1, 309, 14, -38, 829, 7, -4, 1208, 55;
-4, 305, 10, -52, 791, -18, -16, 1192, 39;
1, 310, 14, 15, 834, 10, 6, 1210, 57;
1, 308, 13, 24, 819, 0, 4, 1203, 50;
0, 306, 10, 27, 796, -14, 0, 1194, 41;
3, 308, 12, 71, 814, -1, 12, 1202, 49;
1, 304, 9, 64, 781, -22, 4, 1188, 36;
3, 305, 10, 98, 788, -16, 12, 1192, 40;
4, 305, 10, 125, 788, -14, 18, 1192, 41;
9, 309, 14, 185, 820, 8, 37, 1206, 56;
11, 310, 15, 219, 826, 15, 46, 1209, 60;
14, 311, 17, 259, 837, 26, 57, 1214, 67;
13, 308, 14, 257, 806, 8, 50, 1202, 56;
9, 303, 10, 241, 761, -18, 38, 1184, 39;
9, 302, 8, 252, 743, -26, 38, 1178, 34;
16, 307, 14, 326, 787, 7, 63, 1197, 55;
11, 300, 7, 290, 721, -32, 43, 1171, 31;
17, 305, 13, 367, 767, 3, 69, 1191, 53;
19, 305, 14, 395, 765, 7, 76, 1192, 55;
21, 306, 15, 429, 768, 14, 85, 1194, 60;
20, 303, 13, 432, 739, 1, 81, 1184, 51;
17, 299, 9, 416, 692, -23, 69, 1166, 36;
18, 297, 8, 432, 677, -27, 71, 1161, 33;
18, 296, 8, 449, 662, -30, 73, 1157, 32;
27, 303, 15, 542, 723, 17, 107, 1184, 61;
25, 300, 13, 537, 686, 0, 100, 1170, 50;
22, 294, 8, 514, 631, -28, 86, 1150, 33;
24, 295, 10, 551, 636, -17, 96, 1153, 39;
31, 300, 15, 625, 678, 18, 122, 1173, 62;
33, 301, 17, 658, 678, 27, 132, 1175, 67;
35, 301, 18, 684, 672, 31, 138, 1175, 70;
34, 298, 16, 688, 644, 21, 135, 1165, 64;
34, 297, 15, 697, 621, 16, 135, 1158, 61;
33, 293, 13, 691, 583, 0, 129, 1145, 51;
34, 293, 13, 716, 576, 5, 135, 1144, 54;
32, 289, 11, 708, 536, -11, 128, 1130, 43;
35, 290, 12, 739, 535, -1, 137, 1132, 49;
32, 286, 9, 724, 489, -21, 127, 1116, 37;
36, 288, 12, 770, 503, -2, 142, 1124, 49;
42, 292, 17, 834, 535, 30, 166, 1140, 69;
37, 286, 12, 799, 469, -2, 148, 1116, 49;
41, 287, 15, 837, 477, 13, 161, 1122, 59;
42, 286, 15, 852, 461, 14, 164, 1118, 60;
41, 284, 14, 858, 437, 10, 163, 1111, 57;
44, 285, 16, 889, 437, 22, 173, 1114, 64;
39, 279, 11, 850, 368, -11, 154, 1088, 43;
40, 278, 11, 868, 357, -6, 159, 1087, 46;
41, 277, 12, 880, 339, -6, 161, 1082, 46;
38, 273, 8, 860, 290, -26, 151, 1065, 34;
41, 274, 10, 889, 290, -13, 161, 1068, 42;
47, 278, 16, 948, 321, 19, 183, 1084, 63;
42, 272, 11, 912, 257, -10, 166, 1061, 44;
47, 275, 15, 961, 279, 17, 185, 1073, 61;
42, 268, 10, 914, 205, -18, 164, 1046, 39;
40, 265, 8, 902, 167, -31, 157, 1033, 31;
50, 273, 17, 996, 234, 27, 195, 1065, 67;
49, 270, 16, 991, 204, 20, 192, 1055, 63;
47, 267, 13, 974, 162, 5, 183, 1041, 54;
45, 264, 12, 964, 127, -3, 178, 1030, 48;
46, 263, 13, 976, 115, 1, 182, 1029, 51;
50, 266, 16, 1013, 128, 23, 197, 1037, 65;
48, 262, 14, 995, 87, 10, 189, 1024, 57;
43, 255, 9, 945, 15, -23, 168, 997, 36;
47, 258, 13, 986, 34, 2, 184, 1009, 52;
51, 261, 17, 1022, 48, 25, 199, 1018, 66;
48, 257, 14, 996, 2, 8, 188, 1002, 56;
43, 250, 9, 945, -68, -25, 167, 976, 35;
43, 250, 10, 952, -80, -19, 171, 975, 39;
48, 253, 14, 994, -57, 9, 188, 988, 56;
48, 252, 14, 995, -74, 12, 189, 984, 58;
47, 250, 13, 981, -105, 4, 184, 975, 54;
43, 244, 9, 940, -162, -19, 168, 954, 38;
41, 242, 8, 925, -194, -27, 163, 944, 34;
48, 247, 15, 981, -153, 13, 187, 965, 59;
44, 243, 12, 948, -200, -4, 175, 948, 48;
44, 241, 12, 941, -221, -5, 173, 943, 47;
48, 245, 16, 977, -199, 22, 190, 956, 65;
43, 238, 11, 921, -267, -9, 168, 931, 45;
47, 241, 15, 954, -246, 17, 184, 943, 62;
38, 232, 8, 871, -339, -31, 151, 907, 31;
45, 238, 14, 925, -296, 10, 176, 928, 57;
46, 238, 16, 932, -298, 21, 181, 931, 64;
43, 234, 13, 894, -344, 3, 168, 915, 52;
42, 232, 13, 878, -367, 0, 163, 908, 50;
38, 228, 10, 840, -412, -17, 150, 892, 39;
42, 231, 14, 866, -393, 6, 163, 903, 55;
38, 227, 10, 821, -443, -14, 148, 886, 41;
43, 232, 17, 870, -399, 26, 171, 907, 67;
36, 224, 10, 790, -483, -17, 141, 875, 39;
43, 230, 17, 846, -429, 28, 167, 900, 68;
41, 228, 16, 821, -457, 21, 160, 891, 64;
39, 226, 15, 797, -482, 16, 154, 883, 60;
37, 223, 13, 765, -515, 4, 144, 873, 54;
37, 224, 15, 763, -516, 14, 147, 875, 59;
36, 222, 14, 737, -541, 8, 140, 867, 56;
31, 218, 11, 690, -586, -12, 124, 851, 43;
33, 219, 13, 697, -577, 3, 131, 857, 53;
36, 222, 16, 709, -561, 24, 140, 866, 65;
30, 216, 12, 650, -616, -3, 120, 845, 48;
29, 215, 11, 624, -636, -7, 113, 839, 46;
28, 214, 11, 603, -651, -8, 109, 835, 45;
29, 216, 14, 609, -639, 7, 116, 843, 55;
32, 218, 17, 622, -618, 29, 126, 853, 69;
27, 214, 14, 567, -665, 6, 107, 835, 54;
20, 207, 8, 491, -732, -30, 81, 810, 31;
29, 217, 18, 565, -649, 32, 116, 846, 71;
19, 207, 9, 458, -744, -24, 77, 808, 35;
21, 209, 11, 462, -729, -7, 83, 816, 46;
20, 208, 11, 438, -741, -8, 78, 813, 45;
21, 210, 13, 437, -729, 4, 83, 819, 53;
17, 206, 10, 386, -766, -13, 67, 805, 42;
14, 204, 9, 349, -789, -23, 57, 797, 36;
21, 211, 17, 399, -724, 24, 83, 825, 66;
15, 206, 12, 335, -773, -2, 61, 807, 49;
19, 211, 17, 354, -737, 25, 75, 823, 67;
17, 210, 17, 329, -745, 25, 70, 820, 66;
8, 201, 8, 223, -833, -30, 31, 785, 32;
15, 209, 17, 284, -754, 26, 62, 818, 67;
15, 210, 18, 268, -751, 31, 60, 821, 70;
12, 208, 16, 224, -775, 18, 48, 811, 62;
6, 203, 11, 154, -825, -12, 24, 791, 43;
2, 200, 8, 107, -850, -26, 10, 781, 34;
9, 207, 16, 154, -782, 20, 35, 810, 63;
3, 203, 12, 91, -822, -4, 15, 794, 47;
5, 206, 15, 92, -798, 12, 21, 804, 58;
1, 203, 12, 45, -822, -2, 7, 794, 49;
-1, 201, 9, -4, -848, -19, -7, 783, 38;
1, 205, 14, 15, -804, 10, 6, 802, 57;
-3, 201, 10, -48, -842, -15, -14, 786, 41;
1, 208, 17, -8, -777, 27, 7, 813, 67;
-6, 201, 9, -102, -846, -19, -25, 784, 38;
-1, 207, 16, -65, -781, 22, -4, 811, 64;
-3, 206, 15, -103, -793, 12, -14, 805, 59;
-11, 200, 9, -185, -848, -25, -43, 782, 35;
-4, 208, 16, -138, -773, 22, -18, 813, 65;
-13, 200, 8, -239, -845, -28, -54, 782, 33;
-15, 200, 8, -263, -841, -28, -58, 783, 33;
-14, 203, 10, -268, -817, -15, -55, 792, 41;
-17, 201, 8, -310, -830, -27, -67, 786, 33;
-11, 209, 15, -267, -757, 16, -44, 815, 61;
-11, 210, 16, -282, -743, 21, -45, 820, 64;
-16, 207, 13, -338, -769, 0, -63, 808, 51;
-17, 207, 12, -365, -765, -2, -69, 808, 49;
-22, 204, 9, -422, -791, -24, -87, 797, 35;
-19, 209, 13, -403, -741, 2, -74, 816, 52;
-17, 212, 16, -398, -706, 20, -67, 829, 63;
-17, 213, 17, -414, -690, 24, -68, 834, 66;
-22, 210, 12, -474, -719, 0, -88, 820, 50;
-19, 215, 16, -459, -672, 23, -77, 838, 65;
-27, 209, 10, -543, -724, -18, -107, 815, 39;
-29, 208, 9, -572, -721, -23, -114, 814, 36;
-25, 214, 14, -548, -665, 6, -100, 836, 55;
-32, 208, 7, -627, -712, -32, -128, 814, 30;
-30, 213, 11, -613, -665, -10, -117, 831, 44;
-28, 216, 13, -609, -630, 5, -111, 844, 54;
-34, 212, 8, -674, -663, -25, -134, 828, 35;
-28, 220, 16, -626, -583, 18, -110, 859, 62;
-33, 217, 12, -683, -607, -6, -129, 847, 46;
-29, 223, 16, -654, -546, 24, -113, 870, 66;
-30, 223, 16, -679, -539, 19, -120, 870, 63;
-35, 220, 12, -733, -561, -5, -138, 859, 47;
-33, 223, 14, -725, -521, 10, -131, 872, 57;
-39, 219, 9, -791, -556, -22, -155, 856, 37;
-33, 227, 16, -741, -474, 21, -131, 887, 64;
-34, 227, 15, -762, -463, 17, -136, 888, 61;
-40, 224, 10, -822, -493, -13, -158, 874, 42;
-42, 224, 9, -846, -485, -19, -164, 874, 38;
-40, 227, 12, -837, -445, -4, -157, 888, 48;
-39, 230, 13, -838, -416, 3, -155, 897, 53;
-41, 229, 12, -863, -411, -4, -162, 896, 47;
-37, 235, 17, -830, -348, 24, -146, 919, 66;
-46, 228, 8, -921, -409, -28, -181, 891, 33;
-47, 229, 8, -931, -390, -27, -183, 895, 33;
-40, 238, 15, -875, -305, 16, -157, 928, 61;
-39, 240, 17, -872, -274, 24, -154, 937, 66;
-40, 241, 16, -885, -258, 22, -157, 941, 64;
-40, 242, 16, -891, -236, 24, -158, 947, 65;
-48, 236, 9, -969, -286, -22, -188, 923, 37;
-41, 244, 16, -912, -203, 20, -163, 954, 63;
-47, 240, 10, -973, -237, -15, -186, 937, 41;
-49, 240, 9, -992, -231, -24, -193, 936, 35;
-41, 249, 17, -922, -134, 26, -163, 972, 67;
-46, 246, 13, -965, -152, 0, -179, 962, 51;
-41, 253, 18, -922, -84, 32, -160, 986, 71;
-49, 245, 9, -1004, -143, -20, -194, 959, 38;
-50, 246, 9, -1012, -127, -23, -196, 962, 36;
-44, 254, 15, -958, -50, 14, -173, 990, 59;
-44, 255, 15, -957, -26, 16, -172, 997, 61;
-43, 257, 16, -953, -1, 19, -171, 1004, 63;
-42, 260, 18, -937, 36, 30, -164, 1016, 70;
-46, 257, 13, -980, 12, 1, -182, 1003, 52;
-48, 256, 11, -997, 16, -9, -189, 1001, 44;
-43, 263, 16, -946, 87, 23, -168, 1027, 65;
-41, 266, 18, -930, 121, 32, -162, 1038, 71;
-50, 258, 9, -1013, 56, -23, -197, 1008, 36;
-45, 264, 13, -967, 119, 4, -179, 1030, 53;
-42, 269, 17, -930, 173, 26, -164, 1049, 67;
-44, 267, 14, -951, 167, 9, -174, 1044, 56;
-49, 263, 9, -994, 140, -22, -193, 1029, 37;
-48, 265, 10, -982, 167, -17, -189, 1037, 39;
-44, 271, 14, -938, 225, 7, -172, 1057, 55;
-43, 272, 14, -927, 248, 10, -169, 1064, 57;
-45, 271, 12, -944, 244, -6, -178, 1059, 47;
-49, 269, 8, -972, 228, -29, -191, 1049, 32;
-48, 270, 9, -957, 253, -25, -187, 1056, 35;
-47, 271, 8, -950, 270, -27, -186, 1060, 34;
-46, 273, 9, -934, 296, -22, -182, 1068, 36;
-42, 278, 12, -892, 346, -1, -166, 1085, 50;
-37, 284, 17, -838, 407, 26, -147, 1108, 67;
-46, 276, 8, -911, 341, -29, -180, 1077, 32;
-41, 281, 12, -864, 395, -5, -163, 1096, 47;
-38, 285, 15, -821, 443, 14, -148, 1114, 60;
-43, 280, 8, -870, 399, -26, -171, 1092, 34;
-37, 287, 14, -801, 471, 10, -145, 1119, 57;
-36, 288, 14, -789, 487, 9, -144, 1123, 56;
-40, 285, 10, -810, 467, -15, -156, 1112, 41;
-37, 287, 12, -780, 499, -4, -147, 1123, 48;
-37, 288, 12, -767, 513, -6, -145, 1126, 47;
-38, 287, 10, -767, 512, -17, -149, 1123, 40;
-31, 294, 16, -695, 583, 19, -122, 1150, 63;
-36, 289, 10, -735, 541, -17, -143, 1130, 39;
-36, 289, 9, -728, 546, -24, -144, 1129, 35;
-35, 291, 9, -704, 566, -20, -138, 1135, 38;
-30, 296, 14, -645, 621, 6, -118, 1156, 54;
-27, 299, 16, -606, 654, 19, -106, 1167, 63;
-32, 293, 9, -647, 607, -20, -127, 1146, 38;
-25, 301, 16, -568, 680, 19, -99, 1174, 63;
-31, 294, 8, -617, 623, -26, -124, 1148, 34;
-23, 302, 15, -531, 701, 17, -93, 1178, 61;
-27, 298, 11, -551, 672, -9, -106, 1164, 45;
-23, 302, 14, -504, 709, 7, -91, 1178, 55;
-18, 306, 18, -446, 756, 32, -72, 1196, 71;
-24, 300, 11, -488, 703, -9, -94, 1172, 44;
-18, 305, 15, -424, 755, 18, -72, 1192, 62;
-18, 305, 15, -410, 757, 13, -71, 1191, 59;
-19, 303, 12, -411, 741, -2, -77, 1183, 49;
-14, 308, 17, -344, 794, 26, -55, 1204, 67;
-16, 306, 14, -351, 772, 7, -63, 1193, 55;
-17, 304, 11, -352, 756, -8, -68, 1185, 45;
-17, 303, 10, -340, 751, -16, -69, 1182, 40;
-9, 310, 17, -252, 822, 26, -38, 1210, 67;
-14, 305, 11, -281, 775, -8, -55, 1190, 45;
-8, 310, 16, -214, 824, 20, -33, 1210, 63;
-8, 309, 15, -199, 820, 14, -32, 1207, 59;
-13, 303, 8, -235, 764, -26, -52, 1183, 34;
-12, 303, 8, -216, 762, -29, -50, 1182, 32;
-12, 302, 7, -196, 761, -32, -47, 1181, 30;
-10, 304, 8, -162, 774, -26, -39, 1186, 34;
-8, 304, 8, -138, 776, -26, -34, 1186, 34;
0, 311, 16, -45, 845, 18, -2, 1215, 62;
-4, 306, 11, -68, 799, -12, -17, 1195, 43;
1, 311, 15, -2, 841, 14, 4, 1213, 60;
0, 309, 13, 6, 826, 4, 2, 1206, 53;
4, 311, 16, 52, 847, 18, 16, 1215, 62;
1, 307, 12, 40, 809, -5, 5, 1199, 47;
5, 310, 14, 88, 831, 9, 19, 1209, 56;
6, 310, 15, 118, 835, 13, 26, 1210, 59;
3, 305, 10, 98, 788, -16, 12, 1191, 40;
11, 312, 17, 186, 849, 25, 43, 1217, 66;
7, 306, 12, 163, 798, -5, 28, 1197, 47;
6, 304, 9, 166, 772, -20, 24, 1187, 38;
10, 307, 13, 220, 798, 0, 40, 1198, 50;
10, 305, 11, 229, 779, -9, 39, 1191, 44;
12, 306, 12, 266, 786, -1, 49, 1195, 50;
18, 310, 17, 334, 825, 28, 72, 1212, 68;
12, 303, 10, 289, 749, -17, 47, 1182, 40;
21, 310, 17, 384, 815, 30, 82, 1210, 70;
14, 302, 10, 333, 733, -18, 55, 1177, 39;
16, 302, 11, 368, 738, -10, 65, 1180, 44;
22, 307, 16, 438, 776, 20, 88, 1198, 63;
19, 302, 12, 424, 731, -3, 77, 1181, 48;
21, 302, 12, 449, 725, -1, 83, 1180, 50;
26, 305, 16, 506, 751, 21, 101, 1192, 64;
26, 304, 16, 524, 737, 19, 104, 1188, 63;
29, 306, 18, 565, 746, 32, 116, 1193, 71;
29, 303, 16, 571, 720, 22, 114, 1185, 65;
28, 301, 14, 575, 692, 11, 111, 1175, 58;
32, 303, 18, 626, 711, 32, 127, 1185, 71;
33, 302, 18, 645, 698, 31, 131, 1181, 70;
32, 299, 15, 642, 663, 16, 125, 1169, 61;
34, 300, 17, 673, 661, 24, 134, 1170, 66;
26, 290, 8, 611, 567, -29, 104, 1133, 32;
29, 291, 10, 649, 573, -16, 115, 1138, 40;
35, 296, 15, 718, 610, 18, 140, 1156, 62;
37, 295, 16, 739, 599, 20, 144, 1154, 63;
32, 289, 11, 706, 534, -12, 127, 1129, 43;
30, 286, 8, 699, 495, -28, 120, 1116, 33;
39, 293, 16, 790, 555, 22, 155, 1143, 64;
32, 284, 9, 735, 468, -25, 128, 1110, 35;
37, 287, 12, 786, 488, -1, 146, 1121, 50;
33, 281, 8, 759, 429, -29, 131, 1099, 32;
38, 285, 12, 813, 452, -2, 150, 1112, 49;
39, 284, 12, 827, 436, -1, 153, 1108, 49;
38, 281, 11, 825, 403, -12, 149, 1097, 43;
43, 285, 16, 884, 432, 18, 171, 1112, 62;
36, 275, 7, 819, 337, -32, 141, 1075, 30;
37, 275, 8, 837, 326, -27, 146, 1074, 33;
42, 278, 13, 892, 351, 1, 166, 1087, 51;
40, 275, 10, 879, 309, -13, 159, 1073, 42;
40, 273, 9, 879, 280, -20, 157, 1064, 38;
42, 273, 11, 905, 278, -8, 165, 1067, 45;
40, 270, 9, 892, 237, -23, 158, 1053, 36;
45, 273, 14, 945, 263, 6, 178, 1067, 55;
47, 274, 15, 969, 259, 17, 186, 1068, 61;
49, 274, 17, 987, 251, 25, 192, 1068, 66;
41, 264, 9, 917, 155, -25, 162, 1032, 35;
48, 270, 16, 989, 201, 18, 190, 1054, 62;
48, 268, 15, 985, 173, 13, 188, 1046, 59;
47, 266, 14, 982, 145, 8, 186, 1038, 56;
43, 260, 10, 946, 85, -18, 170, 1016, 39;
43, 258, 9, 945, 61, -20, 169, 1009, 37;
44, 258, 10, 955, 47, -16, 172, 1007, 40;
42, 255, 9, 943, 13, -25, 167, 997, 35;
43, 254, 9, 946, -5, -24, 168, 992, 35;
44, 254, 10, 961, -11, -14, 174, 993, 42;
48, 256, 14, 993, 0, 6, 187, 1001, 54;
45, 252, 11, 968, -44, -9, 177, 986, 45;
46, 253, 12, 980, -52, 0, 182, 986, 50;
41, 246, 8, 932, -119, -31, 163, 962, 31;
49, 252, 15, 998, -71, 14, 191, 985, 59;
43, 246, 9, 945, -142, -19, 169, 959, 38;
47, 248, 13, 978, -125, 5, 184, 970, 54;
45, 246, 12, 960, -158, -3, 178, 959, 48;
46, 245, 13, 967, -167, 3, 181, 959, 53;
43, 241, 10, 933, -215, -14, 169, 942, 41;
47, 244, 15, 968, -194, 12, 185, 954, 58;
48, 244, 16, 972, -204, 19, 188, 954, 63;
41, 237, 9, 906, -282, -19, 162, 924, 38;
41, 236, 10, 902, -298, -17, 162, 921, 40;
45, 239, 14, 936, -274, 11, 178, 934, 58;
39, 232, 8, 868, -352, -27, 152, 905, 33;
44, 236, 14, 913, -316, 8, 173, 923, 56;
45, 237, 16, 919, -319, 19, 178, 925, 63;
44, 235, 15, 901, -345, 14, 173, 917, 60;
45, 236, 17, 908, -344, 27, 178, 921, 67;
43, 232, 15, 877, -381, 14, 168, 908, 60;
36, 225, 9, 806, -458, -24, 141, 879, 35;
36, 225, 9, 800, -469, -20, 142, 878, 38;
41, 229, 15, 837, -435, 13, 160, 894, 59;
34, 221, 8, 763, -513, -26, 133, 865, 34;
39, 227, 15, 809, -468, 14, 155, 886, 59;
37, 224, 13, 774, -504, 0, 144, 874, 51;
33, 220, 10, 731, -548, -17, 130, 859, 40;
32, 219, 10, 714, -565, -18, 127, 854, 39;
29, 215, 7, 676, -602, -32, 115, 842, 30;
36, 222, 15, 729, -547, 14, 140, 867, 59;
36, 222, 16, 724, -550, 22, 142, 868, 64;
34, 220, 15, 692, -578, 12, 133, 859, 58;
33, 219, 15, 677, -588, 15, 131, 857, 60;
33, 219, 15, 663, -597, 18, 130, 855, 62;
28, 214, 12, 607, -647, -6, 111, 837, 46;
32, 218, 16, 634, -614, 24, 126, 853, 65;
28, 214, 13, 586, -654, 5, 111, 838, 54;
24, 210, 10, 535, -697, -14, 94, 822, 41;
22, 209, 9, 503, -720, -22, 86, 815, 37;
19, 206, 7, 467, -746, -32, 75, 806, 30;
22, 210, 12, 486, -717, -6, 88, 820, 47;
26, 214, 17, 513, -679, 26, 104, 837, 67;
19, 207, 10, 430, -749, -14, 75, 810, 42;
17, 206, 9, 400, -766, -19, 68, 804, 38;
14, 203, 8, 361, -792, -30, 56, 795, 31;
20, 210, 15, 408, -731, 15, 81, 821, 60;
19, 209, 14, 378, -745, 11, 74, 817, 57;
16, 207, 12, 337, -770, 0, 62, 808, 50;
16, 208, 14, 330, -761, 9, 64, 812, 56;
10, 202, 9, 258, -816, -22, 40, 791, 37;
8, 201, 8, 229, -828, -26, 33, 787, 34;
10, 204, 11, 229, -809, -10, 39, 796, 44;
15, 209, 17, 262, -756, 27, 58, 818, 68;
5, 201, 9, 159, -840, -24, 21, 784, 35;
8, 205, 13, 177, -801, 3, 34, 801, 53;
2, 200, 8, 105, -852, -28, 10, 780, 33;
7, 205, 14, 133, -802, 7, 27, 802, 55;
4, 204, 12, 95, -818, -2, 17, 795, 49;
6, 207, 16, 103, -788, 19, 25, 808, 63;
2, 204, 12, 48, -819, 0, 8, 795, 50;
3, 206, 15, 43, -801, 12, 12, 803, 58;
1, 205, 14, 16, -803, 10, 6, 802, 57;
-1, 203, 12, -26, -820, -1, -5, 795, 50;
-5, 200, 9, -80, -849, -20, -22, 783, 38;
-6, 201, 10, -97, -841, -15, -23, 786, 41;
-7, 201, 10, -123, -840, -16, -28, 786, 40;
0, 209, 17, -77, -767, 30, -3, 816, 70;
-8, 203, 11, -158, -820, -6, -31, 794, 46;
-6, 206, 14, -154, -789, 11, -24, 806, 58;
-14, 200, 8, -241, -848, -30, -55, 781, 32;
-11, 204, 11, -233, -811, -8, -46, 795, 45;
-8, 209, 16, -211, -761, 21, -31, 816, 64;
-15, 203, 10, -288, -808, -13, -58, 795, 42;
-11, 209, 15, -267, -757, 16, -44, 815, 61;
-16, 205, 11, -328, -789, -8, -64, 801, 45;
-17, 206, 11, -350, -781, -7, -68, 803, 46;
-13, 211, 16, -325, -725, 24, -52, 825, 66;
-15, 210, 15, -360, -730, 16, -61, 822, 61;
-17, 211, 15, -385, -723, 14, -66, 823, 60;
-24, 205, 9, -465, -772, -23, -95, 801, 36;
-20, 211, 14, -436, -712, 10, -78, 825, 57;
-19, 214, 16, -440, -684, 22, -74, 835, 64;
-25, 209, 11, -513, -726, -12, -100, 816, 43;
-21, 215, 16, -484, -665, 21, -83, 839, 64;
-25, 212, 12, -539, -688, -1, -101, 828, 50;
-24, 215, 15, -538, -655, 13, -95, 840, 59;
-27, 213, 12, -580, -664, -1, -108, 834, 50;
-28, 215, 13, -593, -645, 3, -109, 840, 53;
-24, 220, 18, -569, -589, 32, -95, 861, 70;
-25, 221, 18, -589, -577, 31, -99, 864, 70;
-33, 215, 10, -676, -632, -13, -130, 839, 42;
-36, 213, 8, -715, -640, -28, -143, 833, 33;
-36, 215, 9, -722, -614, -21, -141, 841, 37;
-33, 220, 13, -708, -568, 0, -132, 858, 50;
-37, 218, 10, -747, -575, -14, -144, 853, 41;
-31, 226, 17, -704, -500, 25, -122, 881, 66;
-32, 226, 16, -721, -486, 23, -126, 884, 65;
-38, 222, 11, -787, -520, -9, -150, 868, 44;
-33, 229, 17, -746, -447, 28, -129, 895, 68;
-42, 221, 8, -844, -515, -27, -167, 864, 33;
-41, 225, 10, -837, -476, -13, -160, 878, 42;
-35, 232, 16, -794, -403, 23, -140, 905, 65;
-42, 227, 11, -859, -437, -10, -163, 888, 44;
-39, 231, 14, -845, -393, 6, -155, 903, 55;
-36, 236, 17, -821, -339, 30, -142, 923, 70;
-45, 229, 9, -915, -404, -24, -179, 893, 35;
-40, 236, 15, -871, -330, 12, -158, 920, 58;
-47, 230, 8, -943, -373, -28, -185, 900, 33;
-42, 237, 14, -897, -298, 8, -164, 927, 56;
-47, 234, 9, -950, -323, -21, -184, 914, 37;
-42, 241, 15, -906, -252, 13, -164, 940, 59;
-40, 244, 16, -899, -216, 24, -159, 952, 66;
-50, 236, 7, -991, -282, -32, -195, 921, 30;
-45, 242, 12, -953, -218, -2, -178, 945, 49;
-44, 244, 13, -948, -187, 4, -175, 954, 53;
-50, 240, 8, -1005, -217, -29, -197, 938, 32;
-42, 250, 16, -933, -121, 21, -166, 975, 64;
-48, 245, 10, -994, -156, -15, -190, 957, 41;
-51, 244, 8, -1018, -157, -29, -200, 953, 32;
-45, 251, 13, -969, -84, 5, -178, 980, 54;
-46, 252, 13, -977, -69, 1, -181, 983, 51;
-43, 256, 16, -945, -15, 24, -168, 1002, 66;
-49, 252, 10, -1003, -51, -13, -191, 983, 42;
-49, 253, 10, -1005, -32, -14, -192, 988, 41;
-48, 255, 11, -999, -5, -10, -189, 996, 44;
-45, 259, 14, -971, 42, 7, -178, 1012, 55;
-46, 260, 13, -975, 57, 3, -180, 1015, 53;
-50, 257, 9, -1012, 39, -21, -196, 1004, 37;
-44, 264, 15, -957, 111, 12, -174, 1031, 59;
-50, 259, 9, -1010, 76, -24, -196, 1013, 35;
-47, 264, 12, -978, 125, -4, -184, 1030, 47;
-45, 266, 13, -958, 160, 4, -177, 1041, 54;
-49, 263, 9, -994, 140, -22, -193, 1029, 37;
-44, 269, 13, -948, 201, 4, -175, 1051, 54;
-45, 270, 13, -946, 216, 1, -175, 1054, 52;
-49, 266, 8, -984, 191, -28, -193, 1040, 33;
-41, 275, 16, -907, 281, 18, -162, 1074, 62;
-39, 278, 17, -883, 316, 29, -154, 1086, 69;
-47, 271, 9, -951, 259, -21, -184, 1059, 37;
-40, 279, 16, -879, 341, 20, -157, 1090, 63;
-44, 275, 11, -916, 313, -10, -174, 1075, 44;
-38, 283, 17, -848, 390, 27, -148, 1104, 68;
-37, 284, 18, -832, 414, 31, -144, 1110, 70;
-40, 281, 13, -862, 391, 3, -159, 1098, 53;
-45, 277, 8, -900, 359, -29, -178, 1082, 32;
-35, 287, 17, -801, 463, 27, -140, 1122, 68;
-41, 282, 11, -845, 423, -10, -161, 1102, 44;
-42, 281, 9, -850, 423, -22, -166, 1099, 37;
-34, 290, 17, -762, 513, 27, -132, 1134, 67;
-35, 289, 15, -768, 510, 13, -138, 1130, 59;
-37, 288, 12, -777, 502, -2, -146, 1124, 49;
-34, 291, 14, -744, 536, 9, -135, 1135, 56;
-31, 294, 17, -703, 576, 25, -122, 1149, 66;
-34, 291, 13, -726, 552, 0, -135, 1137, 50;
-38, 287, 8, -755, 521, -31, -151, 1121, 31;
-28, 298, 17, -649, 625, 27, -111, 1162, 68;
-29, 297, 15, -649, 620, 15, -115, 1158, 60;
-33, 292, 10, -678, 588, -15, -131, 1142, 41;
-31, 295, 12, -645, 616, -5, -122, 1151, 47;
-34, 292, 8, -663, 591, -30, -134, 1139, 31;
-33, 293, 8, -642, 606, -29, -129, 1143, 32;
-31, 295, 9, -612, 628, -22, -122, 1150, 36;
-22, 303, 16, -523, 709, 23, -89, 1182, 65;
-23, 302, 14, -519, 704, 11, -92, 1178, 58;
-28, 296, 8, -555, 658, -26, -112, 1157, 34;
-22, 302, 14, -485, 717, 6, -88, 1180, 54;
-17, 307, 18, -426, 765, 31, -68, 1198, 70;
-22, 301, 11, -463, 716, -7, -89, 1176, 46;
-22, 301, 11, -448, 718, -12, -88, 1175, 43;
-14, 309, 18, -359, 793, 31, -56, 1205, 70;
-22, 300, 8, -425, 713, -27, -88, 1170, 34;
-21, 300, 8, -401, 722, -26, -84, 1173, 34;
-20, 301, 8, -379, 729, -26, -79, 1174, 34;
-16, 304, 11, -330, 761, -9, -64, 1187, 44;
-16, 304, 11, -311, 763, -12, -62, 1186, 43;
-9, 309, 16, -238, 818, 19, -37, 1208, 63;
-16, 302, 8, -289, 748, -30, -64, 1178, 32;
-12, 305, 11, -234, 784, -9, -46, 1192, 45;
-10, 306, 11, -208, 791, -7, -41, 1194, 46;
-5, 311, 16, -142, 836, 19, -19, 1213, 63;
-5, 309, 14, -134, 824, 9, -21, 1207, 56;
-9, 304, 9, -154, 782, -20, -35, 1189, 38;
-9, 303, 7, -147, 766, -32, -38, 1182, 30;
-5, 307, 11, -88, 803, -9, -19, 1197, 45;
-4, 306, 10, -73, 794, -16, -19, 1193, 41;
0, 310, 15, -4, 839, 13, 3, 1212, 59;
1, 310, 14, 14, 834, 9, 6, 1209, 56;
4, 311, 16, 55, 849, 20, 17, 1216, 63;
3, 309, 13, 57, 826, 5, 12, 1207, 54;
8, 313, 17, 118, 862, 29, 32, 1221, 69;
7, 311, 15, 124, 841, 16, 28, 1213, 61;
5, 307, 12, 117, 807, -4, 20, 1199, 48;
9, 310, 15, 173, 835, 16, 38, 1212, 61;
7, 306, 11, 161, 796, -6, 27, 1196, 46;
8, 307, 12, 192, 799, -2, 34, 1198, 49;
14, 310, 16, 253, 831, 21, 54, 1212, 64;
7, 303, 9, 207, 756, -24, 30, 1182, 35;
12, 306, 13, 269, 789, 0, 50, 1196, 51;
16, 308, 15, 314, 805, 14, 63, 1203, 60;
10, 301, 8, 276, 736, -26, 42, 1176, 34;
15, 304, 12, 333, 763, -3, 60, 1188, 48;
18, 306, 14, 375, 775, 9, 73, 1195, 56;
21, 307, 16, 417, 786, 21, 85, 1200, 64;
21, 305, 14, 422, 760, 9, 82, 1191, 57;
21, 303, 13, 434, 741, 2, 81, 1185, 52;
21, 302, 13, 451, 727, 0, 84, 1180, 50;
18, 298, 9, 438, 682, -23, 73, 1163, 36;
28, 306, 17, 540, 752, 29, 110, 1194, 69;
25, 301, 14, 525, 706, 6, 100, 1177, 54;
26, 300, 13, 543, 692, 4, 102, 1173, 53;
27, 300, 13, 563, 680, 3, 106, 1170, 53;
24, 295, 9, 548, 633, -19, 95, 1152, 38;
29, 298, 13, 604, 657, 4, 114, 1164, 53;
28, 296, 12, 610, 631, -4, 112, 1155, 48;
28, 294, 11, 617, 606, -12, 110, 1147, 43;
29, 293, 10, 635, 591, -13, 114, 1143, 42;
28, 290, 9, 636, 561, -24, 110, 1133, 35;
33, 294, 13, 696, 588, 3, 131, 1147, 53;
38, 297, 18, 754, 614, 30, 151, 1160, 70;
31, 288, 9, 692, 520, -22, 121, 1123, 37;
32, 287, 10, 715, 511, -17, 127, 1122, 39;
36, 290, 13, 764, 528, 4, 144, 1132, 53;
39, 291, 15, 797, 530, 15, 154, 1135, 60;
40, 290, 16, 817, 519, 19, 159, 1134, 63;
40, 288, 15, 824, 495, 14, 158, 1126, 60;
36, 282, 10, 793, 432, -15, 142, 1103, 41;
37, 282, 10, 808, 417, -14, 145, 1100, 42;
35, 278, 8, 795, 374, -31, 137, 1085, 31;
39, 280, 11, 840, 388, -10, 153, 1094, 44;
40, 279, 11, 857, 375, -7, 157, 1091, 46;
45, 282, 16, 908, 397, 19, 176, 1103, 63;
41, 277, 12, 881, 340, -5, 162, 1083, 47;
44, 278, 14, 913, 343, 8, 173, 1087, 56;
40, 273, 10, 882, 283, -18, 158, 1065, 39;
43, 274, 12, 913, 286, -3, 169, 1070, 48;
44, 274, 13, 930, 275, 2, 174, 1069, 52;
48, 276, 16, 972, 290, 24, 189, 1078, 66;
42, 269, 10, 921, 212, -14, 167, 1049, 42;
46, 271, 14, 961, 225, 7, 181, 1057, 55;
47, 270, 14, 971, 209, 10, 184, 1054, 57;
41, 262, 8, 917, 129, -29, 161, 1024, 32;
47, 267, 14, 975, 162, 5, 183, 1041, 54;
43, 261, 9, 941, 104, -19, 168, 1021, 38;
44, 261, 11, 956, 94, -12, 174, 1020, 43;
46, 261, 12, 974, 89, -2, 180, 1021, 49;
48, 262, 14, 996, 88, 11, 189, 1024, 57;
47, 259, 13, 983, 53, 1, 183, 1013, 51;
43, 254, 9, 950, -1, -21, 169, 994, 37;
43, 253, 9, 945, -27, -25, 167, 986, 35;
43, 252, 9, 953, -40, -19, 171, 985, 38;
45, 252, 11, 968, -45, -9, 177, 986, 44;
42, 248, 8, 940, -92, -27, 166, 970, 34;
48, 253, 14, 992, -59, 8, 188, 987, 56;
49, 253, 16, 1005, -64, 18, 194, 988, 62;
42, 245, 8, 935, -151, -25, 165, 955, 34;
48, 249, 15, 989, -113, 12, 189, 974, 59;
50, 250, 16, 1002, -116, 24, 195, 977, 66;
42, 242, 9, 930, -204, -20, 166, 944, 38;
47, 246, 15, 976, -172, 14, 187, 960, 59;
47, 245, 15, 973, -189, 16, 187, 956, 60;
49, 246, 17, 988, -187, 30, 194, 960, 69;
46, 241, 14, 948, -240, 8, 179, 942, 56;
41, 236, 10, 904, -295, -15, 163, 922, 41;
47, 240, 16, 949, -262, 19, 183, 939, 63;
43, 236, 13, 910, -311, 0, 169, 922, 51;
42, 234, 12, 895, -334, -3, 166, 915, 49;
44, 235, 14, 906, -332, 11, 173, 920, 58;
41, 232, 12, 870, -376, -5, 160, 904, 47;
44, 235, 16, 899, -354, 20, 174, 916, 63;
44, 234, 16, 889, -369, 22, 173, 913, 65;
39, 228, 11, 833, -431, -6, 153, 890, 46;
34, 223, 8, 785, -483, -29, 136, 872, 32;
42, 231, 16, 852, -421, 23, 166, 901, 65;
34, 222, 9, 768, -508, -23, 135, 867, 36;
38, 226, 14, 797, -480, 6, 150, 882, 54;
39, 226, 15, 795, -484, 14, 153, 883, 60;
36, 223, 13, 759, -520, 1, 142, 870, 51;
36, 222, 13, 748, -531, 4, 141, 868, 53;
36, 222, 14, 740, -538, 10, 141, 868, 57;
36, 223, 16, 736, -540, 18, 143, 870, 62;
34, 220, 14, 707, -566, 11, 135, 861, 57;
28, 214, 9, 635, -634, -24, 110, 835, 35;
35, 221, 17, 692, -574, 24, 137, 863, 66;
30, 216, 12, 632, -629, -2, 117, 842, 49;
28, 214, 11, 607, -648, -6, 110, 836, 46;
27, 213, 11, 583, -664, -9, 105, 832, 45;
29, 215, 14, 592, -649, 9, 113, 840, 56;
25, 212, 12, 550, -682, -5, 100, 828, 47;
20, 207, 8, 492, -731, -30, 81, 810, 32;
23, 210, 12, 506, -707, -6, 92, 822, 46;
23, 210, 12, 490, -712, -3, 90, 821, 48;
20, 208, 11, 455, -736, -12, 80, 813, 43;
22, 210, 13, 458, -721, 4, 86, 821, 53;
19, 208, 11, 418, -749, -7, 75, 811, 46;
24, 213, 17, 451, -701, 29, 94, 832, 69;
22, 212, 17, 426, -712, 27, 89, 829, 68;
16, 206, 12, 354, -769, -5, 64, 807, 47;
17, 209, 14, 355, -753, 10, 69, 815, 57;
17, 209, 15, 336, -755, 13, 67, 815, 59;
13, 205, 12, 286, -788, -3, 52, 803, 48;
17, 210, 17, 307, -749, 26, 66, 820, 67;
9, 203, 11, 227, -811, -11, 38, 795, 43;
5, 200, 8, 175, -843, -29, 22, 782, 32;
10, 206, 14, 206, -792, 6, 40, 804, 55;
3, 200, 8, 131, -847, -26, 15, 782, 34;
8, 205, 14, 157, -800, 6, 31, 802, 54;
3, 201, 10, 98, -837, -16, 12, 787, 40;
2, 201, 10, 75, -838, -15, 8, 787, 41;
5, 205, 14, 88, -802, 9, 19, 802, 57;
5, 207, 16, 82, -785, 21, 22, 809, 64;
0, 203, 12, 19, -824, -3, 2, 794, 49;
2, 206, 15, 19, -800, 12, 7, 804, 58;
-4, 201, 10, -51, -846, -18, -15, 784, 39;
-6, 200, 9, -87, -856, -25, -24, 780, 35;
-5, 202, 11, -91, -834, -11, -21, 789, 43;
-8, 200, 8, -137, -853, -25, -34, 781, 35;
-4, 206, 14, -109, -799, 9, -17, 803, 56;
-2, 209, 17, -102, -765, 29, -8, 817, 69;
-5, 207, 16, -144, -779, 18, -20, 810, 62;
-13, 201, 8, -235, -842, -26, -52, 784, 34;
-7, 208, 16, -191, -769, 19, -28, 813, 63;
-12, 204, 12, -253, -802, -5, -49, 799, 47;
-8, 210, 17, -229, -749, 25, -33, 819, 67;
-13, 207, 13, -284, -775, 5, -51, 808, 54;
-19, 202, 8, -360, -820, -29, -77, 788, 32;
-15, 208, 13, -331, -762, 4, -60, 811, 53;
-15, 209, 14, -349, -749, 8, -62, 815, 56;
-14, 212, 17, -344, -714, 26, -55, 828, 67;
-23, 204, 8, -448, -786, -27, -92, 797, 34;
-17, 212, 15, -404, -711, 16, -69, 827, 61;
-18, 213, 16, -418, -694, 22, -70, 832, 64;
-20, 212, 15, -453, -698, 13, -80, 829, 59;
-23, 211, 12, -497, -709, -1, -93, 823, 50;
-23, 213, 14, -505, -686, 7, -91, 831, 55;
-27, 211, 11, -551, -700, -9, -105, 823, 45;
-24, 215, 15, -538, -655, 12, -96, 840, 58;
-23, 218, 17, -539, -624, 25, -91, 850, 66;
-26, 216, 14, -580, -633, 11, -104, 845, 58;
-29, 216, 13, -612, -633, 3, -113, 843, 52;
-30, 216, 13, -633, -622, 1, -117, 845, 51;
-30, 218, 13, -649, -605, 3, -119, 850, 53;
-33, 216, 11, -688, -612, -10, -132, 844, 44;
-36, 216, 9, -721, -613, -20, -141, 842, 38;
-30, 223, 16, -679, -539, 19, -120, 870, 63;
-34, 221, 13, -719, -548, 3, -133, 864, 53;
-38, 218, 9, -772, -568, -20, -151, 853, 38;
-38, 221, 11, -776, -541, -12, -149, 862, 43;
-41, 219, 8, -812, -545, -25, -160, 857, 34;
-35, 227, 15, -765, -467, 15, -137, 887, 60;
-42, 221, 8, -844, -514, -27, -166, 865, 33;
-37, 229, 15, -797, -437, 12, -144, 894, 58;
-41, 226, 11, -846, -454, -10, -161, 884, 44;
-38, 231, 14, -825, -404, 11, -150, 902, 58;
-38, 233, 15, -829, -377, 17, -148, 910, 61;
-40, 232, 13, -861, -379, 4, -159, 906, 53;
-45, 229, 9, -908, -396, -19, -176, 896, 38;
-40, 236, 15, -870, -329, 13, -157, 921, 59;
-37, 240, 18, -852, -282, 31, -148, 937, 70;
-48, 231, 7, -958, -359, -32, -189, 902, 30;
-43, 238, 13, -913, -286, 3, -169, 929, 53;
-44, 238, 12, -930, -276, -2, -174, 930, 49;
-48, 236, 9, -973, -291, -25, -190, 921, 35;
-47, 239, 10, -962, -253, -13, -184, 933, 42;
-45, 242, 12, -953, -217, -2, -178, 945, 49;
-49, 240, 9, -989, -227, -22, -192, 937, 36;
-48, 242, 10, -985, -198, -16, -189, 946, 40;
-44, 248, 14, -950, -137, 10, -173, 968, 57;
-44, 250, 15, -949, -112, 14, -172, 975, 59;
-42, 253, 17, -932, -71, 27, -164, 989, 68;
-47, 250, 12, -981, -96, -2, -184, 975, 49;
-43, 255, 16, -948, -40, 20, -169, 995, 63;
-46, 253, 13, -978, -48, 1, -181, 988, 52;
-42, 259, 17, -939, 12, 28, -165, 1010, 68;
-49, 252, 10, -1009, -36, -17, -194, 986, 40;
-50, 253, 9, -1016, -23, -22, -197, 988, 37;
-47, 258, 12, -984, 29, 0, -183, 1007, 50;
-47, 259, 12, -985, 47, -2, -184, 1011, 49;
-49, 258, 10, -1007, 44, -18, -194, 1006, 39;
-48, 260, 11, -992, 77, -10, -188, 1016, 44;
-50, 260, 9, -1006, 80, -21, -195, 1014, 37;
-48, 262, 10, -990, 113, -13, -189, 1025, 42;
-44, 267, 14, -953, 165, 8, -175, 1043, 56;
-50, 262, 8, -1004, 130, -28, -197, 1025, 32;
-50, 263, 7, -1003, 145, -31, -198, 1028, 31;
-49, 266, 9, -986, 176, -24, -192, 1037, 35;
-42, 274, 16, -913, 262, 19, -163, 1070, 62;
-49, 267, 7, -983, 205, -31, -194, 1043, 31;
-41, 277, 16, -896, 303, 20, -160, 1080, 63;
-46, 272, 10, -939, 271, -13, -180, 1064, 42;
-43, 276, 13, -909, 312, 0, -169, 1077, 51;
-42, 278, 13, -891, 338, 5, -164, 1085, 54;
-38, 283, 17, -847, 391, 28, -148, 1104, 68;
-45, 276, 9, -915, 331, -23, -178, 1076, 36;
-41, 280, 13, -868, 385, 0, -162, 1095, 50;
-41, 282, 12, -856, 402, 0, -160, 1100, 50;
-41, 281, 11, -857, 407, -9, -163, 1098, 44;
-43, 280, 9, -865, 403, -23, -169, 1094, 36;
-35, 289, 16, -784, 489, 21, -138, 1127, 64;
-38, 286, 12, -807, 468, -3, -151, 1115, 48;
-36, 288, 13, -781, 497, 4, -144, 1124, 54;
-41, 284, 9, -811, 468, -25, -159, 1110, 35;
-33, 292, 15, -735, 544, 14, -132, 1139, 60;
-30, 295, 18, -694, 585, 31, -118, 1153, 70;
-35, 291, 12, -731, 547, -4, -137, 1135, 48;
-30, 295, 16, -677, 599, 20, -119, 1154, 63;
-38, 288, 7, -739, 534, -32, -149, 1124, 30;
-35, 290, 9, -707, 563, -22, -139, 1134, 36;
-27, 298, 16, -622, 644, 22, -108, 1165, 64;
-27, 299, 16, -608, 652, 18, -107, 1167, 62;
-30, 295, 11, -631, 624, -9, -120, 1153, 45;
-25, 301, 16, -567, 681, 20, -98, 1174, 63;
-23, 302, 17, -538, 702, 26, -91, 1181, 67;
-25, 300, 13, -550, 682, 5, -100, 1171, 54;
-23, 302, 15, -517, 706, 13, -92, 1178, 59;
-26, 299, 11, -530, 683, -9, -102, 1167, 44;
-22, 303, 14, -480, 723, 9, -86, 1182, 57;
-19, 305, 16, -440, 751, 22, -74, 1192, 64;
-20, 304, 14, -439, 740, 8, -79, 1186, 56;
-21, 302, 12, -439, 727, -6, -84, 1179, 46;
-21, 301, 10, -429, 724, -14, -84, 1176, 42;
-17, 305, 13, -376, 762, 5, -68, 1191, 54;
-17, 304, 13, -362, 761, 0, -67, 1189, 50;
-11, 310, 17, -296, 812, 28, -45, 1209, 68;
-16, 304, 11, -328, 763, -8, -64, 1187, 45;
-12, 307, 14, -278, 796, 8, -48, 1200, 56;
-8, 310, 17, -230, 826, 25, -34, 1211, 66;
-11, 307, 13, -238, 799, 3, -43, 1199, 53;
-6, 311, 17, -177, 841, 28, -23, 1216, 68;
-6, 310, 16, -167, 832, 19, -24, 1211, 63;
-11, 304, 10, -200, 779, -18, -43, 1189, 39;
-6, 308, 13, -141, 816, 4, -24, 1204, 53;
-7, 306, 11, -141, 794, -12, -30, 1194, 43;
-1, 312, 16, -64, 850, 23, -4, 1217, 65;
0, 312, 16, -38, 853, 23, 1, 1218, 65;
2, 313, 17, -6, 861, 28, 8, 1221, 68;
-4, 305, 9, -57, 786, -21, -18, 1190, 37;