3, 312, 16, 31, 850, 20, 12, 1216, 63;
0, 307, 12, 16, 811, -5, 1, 1200, 47;
5, 311, 16, 79, 848, 19, 21, 1215, 63;
5, 310, 15, 93, 837, 13, 22, 1211, 59;
7, 311, 15, 124, 841, 17, 29, 1213, 61;
10, 312, 17, 167, 857, 29, 41, 1220, 69;
6, 307, 12, 144, 806, -2, 26, 1200, 49;
9, 308, 13, 180, 815, 5, 35, 1204, 54;
11, 309, 14, 213, 819, 11, 43, 1206, 57;
12, 309, 14, 236, 814, 10, 47, 1205, 57;
8, 304, 10, 218, 767, -17, 34, 1186, 40;
8, 302, 8, 224, 744, -29, 31, 1177, 32;
9, 301, 8, 247, 737, -30, 35, 1175, 32;
16, 307, 14, 330, 791, 9, 65, 1199, 57;
11, 301, 8, 299, 729, -26, 46, 1174, 34;
16, 304, 12, 356, 756, -3, 65, 1187, 48;
21, 307, 16, 417, 786, 21, 85, 1200, 64;
18, 303, 12, 399, 737, -5, 72, 1182, 47;
24, 307, 17, 470, 777, 26, 96, 1200, 67;
19, 300, 10, 428, 704, -15, 74, 1171, 41;
18, 298, 8, 434, 678, -26, 72, 1162, 34;
20, 298, 10, 467, 680, -18, 80, 1164, 39;
20, 296, 9, 479, 660, -25, 80, 1157, 35;
23, 297, 10, 513, 663, -15, 90, 1161, 41;
21, 294, 7, 509, 626, -32, 83, 1147, 30;
30, 301, 15, 602, 687, 16, 117, 1175, 61;
28, 297, 13, 598, 650, 0, 111, 1161, 51;
27, 295, 11, 598, 618, -12, 107, 1150, 42;
26, 292, 8, 598, 586, -25, 102, 1139, 35;
26, 290, 8, 613, 569, -27, 104, 1134, 33;
29, 292, 10, 651, 575, -14, 116, 1139, 41;
33, 293, 13, 694, 586, 2, 130, 1146, 52;
32, 291, 12, 699, 559, -6, 128, 1137, 47;
36, 293, 14, 740, 568, 10, 141, 1144, 57;
39, 294, 16, 775, 572, 22, 152, 1147, 65;
36, 289, 13, 760, 524, 1, 142, 1130, 51;
36, 288, 12, 767, 500, -3, 141, 1123, 48;
37, 287, 12, 784, 486, -2, 145, 1120, 49;
37, 286, 12, 797, 468, -3, 147, 1115, 48;
39, 286, 13, 824, 464, 5, 155, 1116, 54;
36, 281, 10, 804, 413, -17, 144, 1098, 40;
40, 283, 13, 846, 424, 1, 158, 1106, 52;
45, 286, 17, 897, 445, 27, 177, 1117, 68;
45, 285, 17, 909, 427, 27, 179, 1113, 68;
38, 276, 9, 843, 331, -23, 149, 1076, 36;
39, 275, 9, 859, 318, -20, 153, 1074, 38;
38, 272, 8, 856, 286, -28, 149, 1064, 33;
39, 271, 8, 869, 270, -27, 152, 1060, 34;
43, 274, 12, 911, 284, -5, 168, 1069, 47;
44, 273, 12, 924, 270, -1, 171, 1066, 49;
44, 272, 12, 933, 251, -1, 173, 1062, 50;
43, 269, 11, 929, 220, -8, 170, 1052, 45;
50, 274, 17, 994, 258, 29, 195, 1071, 69;
44, 267, 11, 945, 183, -6, 174, 1044, 46;
43, 264, 10, 934, 146, -17, 168, 1032, 39;
41, 261, 8, 920, 108, -30, 161, 1019, 32;
43, 261, 9, 940, 103, -20, 168, 1020, 38;
45, 262, 12, 968, 106, -4, 179, 1025, 48;
48, 263, 14, 991, 106, 9, 188, 1028, 56;
44, 258, 11, 960, 52, -12, 174, 1009, 42;
46, 259, 12, 978, 48, -1, 181, 1011, 49;
44, 256, 10, 960, 8, -14, 174, 998, 41;
50, 260, 16, 1019, 46, 23, 198, 1017, 65;
51, 260, 17, 1026, 32, 28, 201, 1015, 68;
50, 257, 16, 1012, -1, 19, 195, 1004, 63;
51, 257, 17, 1026, -6, 29, 201, 1005, 69;
50, 255, 16, 1014, -36, 23, 197, 996, 65;
49, 253, 15, 1002, -67, 16, 192, 987, 61;
42, 245, 9, 939, -147, -23, 167, 957, 36;
43, 244, 9, 939, -164, -20, 168, 954, 38;
48, 248, 14, 983, -136, 11, 187, 969, 58;
44, 244, 11, 949, -185, -7, 174, 951, 46;
44, 242, 11, 942, -207, -9, 172, 946, 45;
44, 241, 12, 942, -221, -4, 174, 943, 47;
43, 239, 11, 927, -248, -10, 169, 935, 44;
47, 243, 16, 964, -224, 19, 186, 948, 62;
47, 242, 16, 961, -238, 22, 187, 946, 65;
41, 235, 10, 896, -314, -15, 162, 917, 41;
38, 231, 8, 863, -357, -30, 150, 903, 31;
47, 240, 17, 945, -284, 30, 186, 936, 69;
41, 232, 11, 876, -362, -8, 160, 907, 45;
39, 230, 10, 854, -392, -16, 153, 898, 40;
44, 234, 15, 892, -361, 16, 172, 914, 61;
37, 227, 9, 822, -437, -22, 145, 885, 37;
36, 225, 8, 804, -460, -25, 141, 879, 34;
38, 226, 11, 816, -453, -9, 149, 885, 45;
41, 229, 15, 841, -431, 16, 162, 896, 61;
34, 221, 8, 762, -513, -26, 133, 865, 34;
37, 224, 12, 782, -496, -4, 144, 875, 48;
36, 223, 12, 771, -508, -1, 143, 873, 50;
38, 225, 15, 780, -499, 15, 150, 879, 60;
32, 218, 9, 710, -569, -20, 125, 853, 37;
35, 222, 14, 737, -541, 7, 140, 867, 55;
33, 219, 12, 705, -571, -1, 131, 857, 49;
32, 218, 12, 685, -588, -3, 126, 852, 48;
37, 223, 18, 720, -550, 31, 145, 870, 70;
33, 220, 15, 679, -586, 16, 132, 858, 61;
30, 217, 13, 640, -620, 2, 120, 846, 52;
30, 216, 14, 627, -628, 6, 119, 845, 55;
25, 211, 9, 566, -682, -20, 98, 825, 38;
24, 210, 9, 546, -695, -21, 94, 821, 37;
26, 212, 12, 553, -679, -2, 102, 830, 49;
24, 211, 11, 526, -697, -7, 95, 824, 46;
24, 211, 12, 511, -702, -3, 94, 824, 48;
22, 210, 12, 487, -716, -5, 89, 820, 47;
18, 206, 8, 432, -760, -27, 71, 804, 33;
22, 210, 13, 457, -722, 3, 86, 821, 53;
22, 211, 14, 446, -720, 11, 87, 823, 57;
19, 209, 13, 409, -743, 1, 76, 815, 51;
20, 209, 14, 400, -738, 10, 78, 818, 57;
15, 205, 11, 342, -781, -12, 59, 802, 42;
11, 202, 8, 293, -814, -30, 44, 789, 32;
16, 208, 14, 331, -760, 10, 65, 813, 57;
9, 202, 9, 254, -820, -25, 38, 789, 35;
12, 205, 12, 263, -793, -3, 48, 801, 49;
13, 207, 15, 265, -773, 13, 54, 811, 59;
14, 209, 16, 256, -762, 24, 56, 816, 65;
10, 206, 13, 204, -794, 5, 40, 803, 54;
3, 200, 8, 126, -852, -30, 13, 780, 32;
12, 209, 18, 196, -761, 32, 47, 818, 71;
10, 209, 18, 169, -766, 30, 42, 817, 70;
9, 209, 18, 147, -767, 32, 38, 817, 71;
5, 205, 14, 88, -803, 9, 19, 802, 56;
7, 209, 18, 96, -771, 31, 28, 815, 70;
-2, 200, 9, -7, -852, -21, -8, 782, 37;
-3, 200, 9, -30, -849, -20, -12, 783, 38;
0, 205, 14, -11, -806, 8, 0, 801, 56;
2, 209, 18, -2, -771, 31, 10, 815, 70;
-2, 205, 14, -61, -805, 8, -8, 801, 56;
-1, 207, 16, -66, -782, 21, -4, 810, 64;
-9, 201, 9, -153, -843, -20, -35, 785, 38;
-4, 206, 15, -128, -790, 12, -19, 806, 59;
-10, 202, 10, -197, -832, -16, -42, 788, 40;
-10, 203, 11, -208, -815, -7, -41, 795, 46;
-14, 201, 9, -257, -835, -24, -56, 786, 35;
-11, 205, 12, -245, -794, 0, -45, 802, 50;
-8, 210, 17, -229, -749, 25, -34, 819, 67;
-13, 206, 13, -289, -780, 1, -53, 806, 52;
-17, 204, 10, -339, -799, -15, -68, 797, 41;
-13, 209, 15, -314, -744, 16, -53, 818, 61;
-12, 212, 18, -314, -714, 31, -47, 830, 70;
-15, 210, 15, -360, -729, 16, -61, 822, 61;
-18, 209, 13, -401, -740, 3, -73, 816, 53;
-24, 205, 9, -467, -774, -25, -95, 800, 35;
-16, 215, 18, -403, -679, 32, -64, 839, 71;
-25, 208, 10, -498, -742, -16, -98, 811, 40;
-24, 210, 12, -498, -711, -2, -93, 822, 49;
-21, 214, 15, -490, -671, 17, -85, 837, 61;
-27, 210, 11, -553, -702, -10, -106, 822, 44;
-22, 217, 17, -519, -636, 25, -88, 847, 66;
-27, 214, 13, -577, -662, 0, -107, 835, 51;
-24, 219, 17, -557, -610, 27, -94, 854, 67;
-32, 212, 9, -648, -669, -20, -128, 828, 38;
-31, 215, 11, -647, -636, -7, -123, 839, 46;
-31, 216, 12, -660, -617, -3, -124, 845, 48;
-30, 219, 14, -661, -585, 8, -120, 856, 56;
-29, 222, 16, -658, -551, 21, -115, 868, 64;
-38, 215, 8, -749, -609, -27, -149, 841, 33;
-32, 223, 15, -700, -529, 16, -125, 872, 61;
-40, 217, 8, -786, -582, -29, -156, 847, 32;
-31, 227, 17, -711, -476, 30, -122, 889, 70;
-39, 221, 10, -797, -530, -16, -154, 863, 40;
-39, 223, 11, -804, -505, -10, -153, 871, 44;
-38, 225, 12, -806, -477, -2, -151, 880, 49;
-35, 230, 16, -786, -425, 20, -139, 899, 63;
-40, 227, 12, -839, -447, -5, -158, 887, 47;
-36, 233, 17, -804, -382, 26, -141, 911, 67;
-40, 231, 13, -849, -397, 4, -157, 902, 53;
-36, 236, 17, -821, -339, 30, -142, 923, 70;
-43, 231, 11, -891, -380, -8, -169, 903, 45;
-47, 229, 8, -934, -393, -29, -184, 894, 32;
-48, 230, 7, -947, -377, -31, -187, 898, 31;
-38, 241, 17, -866, -267, 29, -151, 940, 69;
-46, 235, 10, -940, -313, -14, -180, 918, 42;
-48, 235, 9, -964, -309, -24, -188, 916, 35;
-41, 243, 16, -906, -224, 19, -162, 948, 62;
-44, 242, 13, -935, -225, 5, -172, 945, 54;
-49, 238, 8, -992, -256, -28, -194, 929, 33;
-49, 239, 8, -995, -233, -26, -194, 935, 34;
-45, 245, 13, -961, -173, 0, -179, 956, 50;
-48, 244, 10, -990, -178, -16, -190, 951, 40;
-46, 247, 12, -971, -134, 0, -181, 966, 50;
-44, 251, 15, -951, -90, 15, -172, 981, 60;
-43, 253, 16, -948, -63, 19, -170, 989, 63;
-45, 253, 14, -964, -56, 10, -176, 988, 57;
-43, 256, 16, -953, -23, 18, -171, 998, 62;
-43, 257, 16, -950, 1, 21, -170, 1005, 64;
-44, 258, 16, -954, 18, 19, -171, 1009, 62;
-51, 252, 8, -1027, -33, -29, -201, 984, 32;
-48, 256, 11, -997, 16, -9, -189, 1001, 45;
-51, 255, 8, -1021, 11, -26, -199, 996, 34;
-42, 265, 17, -940, 111, 26, -166, 1034, 67;
-42, 267, 17, -932, 136, 29, -163, 1041, 69;
-43, 267, 16, -941, 145, 21, -168, 1041, 64;
-47, 263, 11, -984, 119, -9, -186, 1027, 45;
-46, 265, 12, -973, 146, -4, -183, 1035, 48;
-44, 269, 14, -943, 191, 12, -171, 1050, 58;
-50, 263, 8, -1003, 146, -31, -197, 1028, 31;
-50, 265, 8, -995, 167, -30, -196, 1034, 31;
-50, 266, 8, -989, 186, -31, -195, 1038, 31;
-49, 267, 8, -978, 210, -28, -192, 1045, 33;
-49, 268, 7, -975, 224, -31, -192, 1047, 31;
-45, 273, 11, -930, 281, -7, -176, 1068, 46;
-41, 278, 14, -892, 328, 11, -162, 1084, 58;
-40, 280, 15, -876, 354, 15, -158, 1092, 60;
-39, 281, 15, -862, 376, 18, -154, 1098, 62;
-40, 281, 14, -862, 384, 11, -156, 1098, 57;
-39, 283, 15, -845, 408, 14, -152, 1105, 60;
-40, 283, 13, -847, 412, 5, -156, 1103, 54;
-40, 283, 12, -845, 419, -1, -158, 1103, 50;
-37, 286, 15, -806, 462, 15, -145, 1119, 60;
-34, 289, 17, -775, 497, 27, -135, 1130, 68;
-33, 291, 17, -760, 515, 28, -132, 1135, 68;
-41, 283, 9, -826, 451, -25, -162, 1106, 35;
-40, 285, 9, -802, 476, -19, -156, 1113, 38;
-36, 289, 12, -758, 521, 0, -141, 1129, 50;
-38, 288, 10, -765, 514, -16, -148, 1123, 41;
-30, 296, 17, -683, 595, 27, -118, 1154, 68;
-29, 296, 17, -668, 608, 26, -115, 1157, 67;
-33, 292, 12, -697, 576, -4, -131, 1142, 48;
-29, 297, 15, -647, 622, 16, -115, 1159, 61;
-35, 291, 8, -695, 570, -27, -138, 1135, 34;
-30, 296, 12, -638, 623, -1, -119, 1154, 50;
-24, 302, 18, -570, 684, 31, -95, 1178, 70;
-28, 298, 13, -593, 655, 3, -109, 1163, 53;
-29, 296, 10, -598, 642, -13, -116, 1156, 42;
-29, 297, 10, -580, 652, -15, -113, 1158, 41;
-22, 303, 16, -504, 719, 21, -86, 1184, 64;
-21, 304, 16, -484, 729, 21, -83, 1186, 64;
-23, 301, 12, -497, 705, -1, -93, 1175, 49;
-23, 301, 12, -477, 714, -2, -89, 1177, 49;
-21, 302, 12, -453, 726, -1, -85, 1180, 50;
-24, 299, 9, -466, 700, -24, -95, 1168, 35;
-16, 307, 16, -374, 778, 21, -62, 1199, 64;
-17, 305, 14, -375, 763, 6, -67, 1191, 54;
-22, 299, 7, -410, 713, -32, -87, 1169, 30;
-17, 304, 11, -352, 755, -8, -68, 1185, 45;
-16, 304, 11, -330, 761, -9, -64, 1187, 44;
-9, 311, 17, -246, 827, 30, -35, 1213, 69;
-10, 309, 15, -242, 814, 17, -39, 1206, 61;
-10, 308, 14, -232, 806, 8, -40, 1202, 55;
-6, 311, 17, -182, 836, 25, -25, 1214, 66;
-6, 310, 15, -168, 830, 18, -25, 1211, 62;
-7, 308, 13, -165, 813, 4, -29, 1203, 53;
-6, 308, 13, -145, 812, 1, -26, 1202, 51;
0, 313, 17, -77, 859, 30, -3, 1221, 70;
-1, 311, 16, -67, 846, 20, -5, 1215, 64;
-1, 310, 14, -59, 832, 9, -7, 1209, 57;
0, 311, 16, -19, 849, 20, 3, 1216, 63;
1, 310, 15, -3, 840, 14, 4, 1212, 59;
3, 312, 16, 33, 852, 22, 13, 1217, 64;
3, 310, 15, 45, 840, 13, 13, 1212, 59;
0, 307, 11, 34, 803, -9, 3, 1197, 44;
5, 310, 14, 89, 832, 10, 20, 1209, 57;
4, 307, 12, 94, 811, -2, 16, 1200, 49;
9, 311, 16, 157, 846, 22, 36, 1216, 64;
2, 303, 8, 104, 766, -29, 9, 1183, 32;
11, 311, 16, 204, 839, 21, 45, 1214, 64;
14, 312, 18, 244, 851, 31, 56, 1219, 70;
15, 312, 17, 264, 843, 29, 59, 1217, 69;
10, 305, 11, 232, 782, -7, 40, 1192, 46;
13, 307, 13, 274, 794, 3, 52, 1198, 53;
18, 310, 17, 334, 825, 28, 72, 1212, 68;
13, 304, 11, 303, 764, -7, 53, 1188, 46;
14, 303, 11, 324, 755, -9, 57, 1185, 45;
18, 306, 14, 377, 777, 10, 74, 1196, 57;
13, 299, 7, 336, 705, -32, 51, 1167, 30;
15, 299, 8, 367, 706, -26, 59, 1169, 34;
24, 307, 17, 467, 774, 25, 95, 1198, 66;
21, 303, 13, 454, 729, 1, 85, 1181, 51;
21, 301, 11, 462, 707, -7, 83, 1174, 46;
19, 297, 8, 455, 668, -26, 76, 1159, 34;
20, 296, 8, 478, 659, -25, 80, 1157, 35;
28, 302, 15, 562, 711, 16, 110, 1181, 61;
26, 298, 12, 551, 668, -4, 101, 1165, 48;
26, 297, 11, 562, 647, -10, 101, 1158, 44;
31, 300, 15, 624, 676, 17, 122, 1172, 61;
33, 301, 17, 655, 675, 25, 130, 1174, 66;
25, 291, 8, 592, 580, -29, 100, 1137, 32;
29, 293, 10, 634, 590, -13, 113, 1143, 42;
28, 290, 9, 636, 560, -24, 110, 1133, 35;
33, 293, 13, 692, 584, 1, 129, 1145, 51;
31, 290, 11, 690, 550, -11, 124, 1133, 43;
33, 290, 11, 712, 540, -8, 129, 1132, 45;
33, 288, 10, 721, 517, -13, 129, 1125, 42;
36, 290, 13, 760, 525, 1, 142, 1131, 52;
34, 285, 10, 746, 479, -17, 133, 1114, 39;
33, 283, 9, 752, 453, -24, 131, 1106, 35;
34, 282, 8, 763, 433, -26, 133, 1101, 34;
38, 285, 12, 816, 455, 0, 152, 1113, 50;
39, 284, 12, 829, 438, 0, 154, 1108, 50;
44, 287, 17, 887, 465, 29, 175, 1122, 69;
40, 281, 12, 848, 396, -4, 156, 1097, 47;
41, 281, 13, 871, 389, 2, 163, 1097, 52;
38, 276, 9, 845, 333, -22, 149, 1077, 36;
38, 274, 8, 848, 307, -27, 148, 1069, 33;
39, 274, 9, 869, 299, -20, 155, 1069, 38;
44, 276, 13, 916, 317, 4, 172, 1080, 53;
46, 277, 15, 945, 318, 17, 182, 1083, 61;
47, 277, 16, 960, 305, 21, 186, 1081, 64;
41, 269, 9, 902, 220, -22, 160, 1049, 37;
40, 266, 8, 899, 190, -28, 158, 1040, 33;
48, 272, 16, 977, 241, 18, 188, 1064, 62;
45, 268, 13, 955, 193, 0, 178, 1048, 50;
43, 264, 10, 934, 147, -17, 168, 1032, 39;
41, 261, 8, 924, 111, -27, 162, 1020, 33;
43, 262, 10, 947, 110, -15, 171, 1023, 41;
45, 262, 11, 959, 98, -9, 175, 1022, 44;
41, 257, 8, 931, 47, -30, 163, 1004, 32;
47, 261, 13, 983, 75, 2, 184, 1019, 52;
47, 260, 14, 990, 60, 6, 186, 1016, 54;
46, 257, 12, 976, 24, -4, 180, 1005, 48;
51, 261, 17, 1027, 54, 29, 201, 1020, 69;
42, 251, 8, 940, -52, -28, 165, 979, 33;
42, 249, 8, 938, -75, -29, 164, 973, 32;
48, 254, 14, 997, -35, 10, 189, 993, 57;
49, 254, 16, 1008, -42, 19, 194, 994, 63;
47, 251, 14, 987, -82, 6, 186, 981, 55;
47, 249, 13, 981, -106, 4, 184, 974, 53;
48, 250, 15, 990, -113, 13, 189, 975, 59;
44, 244, 11, 948, -171, -11, 172, 954, 43;
45, 245, 12, 958, -176, -2, 178, 955, 49;
49, 247, 16, 988, -160, 21, 191, 965, 64;
50, 247, 17, 993, -170, 28, 195, 964, 69;
45, 241, 13, 947, -229, 3, 177, 943, 52;
48, 243, 16, 969, -219, 22, 188, 951, 65;
47, 241, 16, 955, -245, 18, 184, 943, 62;
45, 239, 14, 935, -275, 11, 178, 934, 57;
45, 238, 15, 929, -291, 12, 177, 930, 59;
41, 234, 11, 889, -340, -6, 163, 913, 46;
40, 232, 11, 873, -365, -10, 159, 906, 44;
38, 229, 9, 848, -398, -20, 151, 895, 38;
45, 235, 16, 904, -349, 24, 176, 919, 66;
39, 228, 11, 838, -421, -11, 152, 892, 43;
43, 232, 16, 875, -389, 21, 170, 908, 64;
35, 223, 8, 786, -483, -29, 136, 872, 32;
40, 228, 14, 825, -447, 5, 156, 890, 54;
41, 229, 16, 830, -445, 18, 161, 893, 62;
41, 228, 16, 820, -457, 21, 160, 891, 64;
38, 226, 15, 792, -487, 12, 152, 881, 58;
34, 221, 11, 738, -541, -12, 133, 862, 43;
31, 218, 9, 703, -576, -25, 122, 850, 35;
34, 221, 13, 725, -553, 0, 135, 862, 51;
34, 220, 13, 715, -561, 4, 134, 861, 53;
32, 218, 12, 688, -586, -2, 127, 853, 49;
37, 223, 18, 720, -550, 31, 145, 871, 70;
29, 215, 10, 634, -632, -13, 113, 839, 42;
35, 221, 18, 683, -577, 31, 138, 864, 70;
25, 211, 8, 578, -676, -25, 99, 825, 35;
29, 216, 14, 608, -640, 6, 115, 842, 55;
30, 217, 16, 606, -634, 18, 119, 846, 62;
26, 212, 12, 554, -678, -2, 102, 830, 49;
23, 210, 11, 519, -704, -11, 92, 821, 43;
28, 215, 16, 551, -662, 23, 110, 841, 65;
24, 212, 14, 506, -697, 7, 96, 828, 55;
18, 206, 9, 437, -754, -24, 73, 806, 36;
18, 206, 9, 422, -757, -19, 71, 806, 38;
17, 206, 9, 400, -766, -19, 67, 804, 38;
23, 213, 17, 447, -706, 26, 92, 830, 67;
13, 203, 8, 341, -798, -29, 53, 794, 32;
13, 204, 9, 330, -793, -21, 54, 797, 37;
21, 212, 18, 385, -722, 31, 82, 827, 70;
12, 203, 10, 288, -803, -18, 47, 795, 39;
10, 203, 10, 263, -810, -18, 42, 793, 39;
17, 210, 17, 312, -744, 29, 68, 822, 69;
10, 204, 11, 229, -808, -10, 39, 796, 44;
6, 201, 8, 178, -840, -27, 23, 784, 33;
9, 205, 13, 198, -800, 1, 37, 801, 51;
11, 207, 15, 198, -780, 17, 43, 810, 62;
7, 205, 13, 151, -806, 2, 29, 799, 52;
8, 207, 15, 147, -788, 16, 33, 807, 61;
1, 201, 10, 70, -843, -18, 6, 785, 39;
0, 200, 9, 42, -848, -21, 0, 783, 37;
0, 202, 11, 36, -831, -8, 3, 790, 45;
-1, 201, 9, -4, -848, -19, -7, 783, 38;
3, 207, 16, 28, -791, 18, 11, 807, 62;
3, 208, 17, 19, -775, 29, 13, 814, 69;
2, 209, 18, -2, -771, 31, 10, 815, 70;
-7, 200, 9, -107, -850, -22, -27, 782, 37;
-2, 207, 15, -73, -789, 17, -7, 807, 61;
-6, 203, 12, -129, -819, -3, -25, 795, 48;
-11, 200, 8, -188, -850, -26, -44, 781, 34;
-7, 205, 13, -164, -798, 5, -28, 802, 54;
-14, 200, 8, -243, -850, -31, -56, 780, 31;
-5, 210, 18, -171, -749, 32, -20, 821, 71;
-13, 203, 11, -263, -812, -12, -53, 794, 43;
-17, 200, 7, -316, -836, -32, -70, 783, 30;
-8, 211, 18, -243, -734, 32, -34, 825, 71;
-13, 208, 14, -302, -762, 8, -53, 812, 56;
-16, 206, 12, -344, -774, -3, -65, 806, 48;
-19, 205, 10, -384, -784, -14, -76, 801, 41;
-18, 207, 12, -388, -757, -2, -73, 811, 49;
-19, 209, 13, -403, -741, 2, -74, 816, 52;
-18, 211, 15, -408, -715, 14, -71, 825, 59;
-16, 215, 18, -403, -679, 32, -64, 839, 71;
-22, 211, 13, -469, -714, 2, -86, 823, 52;
-21, 213, 15, -470, -683, 16, -82, 834, 61;
-28, 208, 9, -548, -729, -21, -109, 813, 37;
-24, 213, 14, -528, -677, 5, -96, 832, 54;
-25, 214, 13, -551, -668, 4, -101, 834, 53;
-25, 216, 15, -553, -638, 16, -97, 845, 61;
-32, 210, 8, -639, -691, -27, -128, 821, 33;
-30, 214, 12, -625, -645, -5, -118, 838, 47;
-26, 220, 16, -600, -589, 23, -103, 859, 65;
-28, 220, 16, -624, -581, 20, -109, 860, 63;
-32, 218, 12, -675, -599, -1, -126, 850, 50;
-29, 222, 16, -655, -547, 23, -114, 869, 65;
-36, 217, 10, -735, -595, -17, -143, 847, 39;
-37, 218, 9, -754, -582, -19, -147, 850, 38;
-37, 219, 10, -762, -558, -13, -146, 857, 42;
-39, 220, 10, -784, -548, -17, -152, 859, 40;
-39, 221, 10, -798, -531, -16, -154, 863, 40;
-35, 227, 14, -770, -472, 11, -139, 885, 58;
-39, 225, 12, -808, -479, -3, -152, 879, 48;
-38, 227, 13, -814, -453, 1, -151, 887, 52;
-37, 230, 14, -813, -422, 11, -148, 897, 57;
-42, 227, 10, -866, -444, -15, -166, 885, 41;
-45, 225, 8, -903, -451, -31, -179, 880, 31;
-39, 234, 15, -846, -364, 14, -153, 912, 59;
-44, 230, 11, -898, -386, -12, -171, 900, 43;
-43, 233, 12, -898, -357, -5, -169, 909, 47;
-45, 233, 11, -919, -349, -12, -175, 910, 43;
-48, 231, 8, -957, -358, -31, -189, 903, 31;
-46, 235, 10, -942, -315, -15, -181, 917, 41;
-42, 240, 14, -911, -256, 10, -166, 938, 57;
-42, 242, 15, -912, -230, 15, -165, 946, 60;
-48, 237, 9, -979, -270, -24, -191, 926, 35;
-42, 245, 16, -920, -184, 19, -164, 959, 63;
-48, 241, 10, -980, -218, -16, -188, 941, 40;
-48, 242, 10, -987, -200, -17, -190, 945, 40;
-50, 242, 9, -1002, -190, -24, -195, 946, 35;
-43, 251, 16, -939, -102, 20, -168, 979, 63;
-45, 250, 13, -966, -105, 5, -178, 975, 54;
-49, 247, 10, -1005, -120, -18, -193, 965, 39;
-46, 251, 13, -978, -70, 1, -182, 982, 51;
-42, 257, 17, -937, -7, 29, -164, 1005, 69;
-48, 252, 11, -997, -45, -9, -189, 986, 44;
-48, 254, 11, -993, -20, -6, -187, 993, 46;
-49, 254, 10, -1005, -11, -14, -192, 993, 42;
-51, 253, 8, -1025, -12, -28, -201, 989, 33;
-48, 258, 11, -993, 39, -7, -187, 1007, 46;
-42, 265, 17, -940, 111, 26, -166, 1034, 67;
-42, 266, 17, -934, 135, 28, -164, 1040, 68;
-46, 264, 13, -970, 116, 2, -180, 1029, 52;
-42, 268, 16, -933, 170, 24, -165, 1048, 66;
-49, 262, 9, -998, 121, -21, -193, 1024, 37;
-41, 272, 17, -915, 219, 30, -160, 1062, 69;
-41, 272, 17, -916, 233, 26, -161, 1064, 67;
-47, 267, 10, -969, 193, -13, -185, 1044, 42;
-44, 271, 13, -939, 236, 2, -174, 1059, 52;
-47, 269, 9, -965, 223, -19, -186, 1050, 38;
-39, 278, 17, -885, 315, 28, -155, 1085, 68;
-46, 272, 10, -943, 267, -16, -181, 1062, 40;
-44, 275, 12, -915, 305, -4, -172, 1074, 48;
-38, 282, 17, -855, 374, 29, -149, 1100, 69;
-39, 281, 16, -858, 380, 20, -153, 1099, 63;
-41, 280, 13, -874, 372, 3, -161, 1093, 53;
-41, 281, 13, -865, 388, 1, -160, 1096, 51;
-42, 280, 11, -870, 389, -9, -165, 1094, 44;
-40, 282, 12, -847, 417, -2, -159, 1103, 49;
-39, 284, 13, -825, 444, 3, -152, 1111, 52;
-37, 286, 14, -806, 467, 7, -147, 1118, 55;
-35, 289, 16, -773, 502, 19, -137, 1129, 63;
-34, 291, 16, -755, 523, 22, -133, 1135, 64;
-36, 289, 13, -767, 512, 3, -141, 1128, 53;
-38, 287, 10, -779, 500, -14, -150, 1120, 41;
-38, 287, 9, -773, 506, -20, -151, 1120, 37;
-29, 296, 17, -680, 598, 30, -116, 1156, 69;
-29, 297, 17, -665, 611, 28, -114, 1159, 68;
-31, 294, 14, -680, 593, 6, -124, 1149, 55;
-32, 294, 12, -677, 593, -2, -127, 1147, 49;
-32, 294, 12, -664, 602, -6, -125, 1148, 47;
-31, 294, 11, -648, 612, -8, -123, 1150, 45;
-30, 295, 11, -630, 625, -8, -120, 1153, 45;
-28, 298, 13, -592, 656, 3, -109, 1164, 53;
-23, 302, 17, -538, 703, 26, -91, 1181, 67;
-30, 295, 8, -598, 634, -26, -120, 1151, 34;
-27, 298, 11, -554, 669, -11, -107, 1163, 43;
-24, 301, 13, -513, 700, 2, -95, 1174, 52;
-18, 306, 18, -447, 756, 32, -72, 1196, 70;
-22, 302, 13, -470, 721, 2, -86, 1180, 52;
-23, 301, 11, -466, 713, -9, -90, 1174, 44;
-23, 300, 9, -459, 708, -19, -92, 1171, 38;
-17, 305, 14, -389, 763, 11, -68, 1192, 58;
-20, 302, 10, -407, 731, -15, -81, 1178, 41;
-21, 301, 9, -397, 726, -23, -82, 1174, 36;
-12, 309, 16, -302, 805, 24, -48, 1206, 65;
-10, 310, 17, -273, 818, 27, -41, 1210, 68;
-16, 304, 11, -311, 763, -12, -62, 1186, 43;
-15, 303, 10, -296, 760, -18, -61, 1184, 39;
-13, 305, 11, -257, 781, -8, -50, 1192, 45;
-11, 306, 11, -233, 786, -8, -46, 1193, 45;
-9, 307, 13, -194, 805, 1, -35, 1200, 51;
-5, 310, 15, -148, 831, 16, -22, 1210, 60;
-9, 305, 10, -170, 787, -15, -37, 1192, 41;
-1, 312, 17, -78, 857, 29, -4, 1220, 69;
-5, 307, 11, -110, 804, -7, -23, 1198, 46;
-2, 309, 14, -63, 827, 6, -9, 1207, 55;
0, 310, 15, -28, 839, 13, 0, 1212, 59;
-5, 304, 8, -65, 778, -27, -21, 1187, 34;
5, 313, 18, 48, 868, 32, 20, 1224, 71;
-1, 305, 10, -3, 791, -18, -7, 1192, 39;
1, 307, 12, 42, 811, -4, 6, 1200, 48;
8, 313, 17, 118, 861, 29, 32, 1221, 69;
2, 305, 10, 74, 791, -15, 8, 1193, 41;
2, 304, 9, 91, 781, -21, 9, 1189, 37;
6, 307, 12, 139, 801, -5, 24, 1198, 47;
6, 306, 11, 156, 791, -10, 25, 1194, 44;
11, 309, 15, 216, 823, 13, 45, 1208, 59;
7, 303, 9, 188, 767, -21, 28, 1185, 37;
10, 306, 12, 237, 786, -4, 42, 1194, 48;
13, 307, 13, 272, 792, 2, 51, 1197, 52;
16, 308, 15, 312, 803, 13, 63, 1203, 59;
19, 310, 17, 356, 816, 27, 75, 1209, 67;
20, 309, 16, 375, 806, 24, 78, 1206, 66;
15, 303, 11, 348, 748, -8, 61, 1183, 45;
22, 308, 16, 420, 789, 23, 86, 1202, 65;
21, 306, 15, 427, 766, 13, 84, 1193, 59;
22, 305, 14, 445, 752, 10, 86, 1189, 57;
21, 302, 12, 446, 722, -3, 81, 1178, 48;
25, 305, 15, 500, 744, 17, 99, 1189, 61;
27, 304, 16, 526, 739, 20, 105, 1189, 63;
22, 298, 10, 494, 675, -14, 87, 1164, 41;
29, 303, 16, 568, 717, 20, 113, 1183, 63;
30, 303, 17, 595, 712, 25, 119, 1183, 66;
28, 299, 14, 588, 673, 6, 112, 1169, 55;
24, 294, 9, 561, 614, -24, 96, 1146, 35;
34, 301, 17, 662, 683, 30, 134, 1177, 69;
32, 298, 15, 655, 644, 12, 126, 1163, 58;
34, 298, 16, 687, 644, 21, 135, 1165, 64;
35, 297, 16, 703, 628, 20, 138, 1161, 63;
34, 294, 14, 702, 594, 7, 133, 1149, 55;
29, 288, 9, 671, 531, -24, 116, 1125, 35;
32, 289, 10, 704, 533, -13, 126, 1129, 42;
34, 289, 11, 729, 525, -8, 133, 1128, 45;
32, 286, 9, 724, 489, -22, 127, 1116, 37;
34, 285, 10, 746, 479, -17, 133, 1114, 39;
33, 283, 8, 746, 447, -28, 129, 1104, 33;
33, 281, 8, 755, 425, -31, 130, 1098, 31;
37, 283, 11, 802, 442, -9, 146, 1107, 45;
40, 284, 13, 833, 442, 1, 156, 1110, 52;
41, 284, 14, 857, 436, 9, 163, 1110, 56;
38, 279, 10, 830, 378, -17, 149, 1089, 40;
40, 279, 11, 856, 374, -7, 157, 1091, 46;
38, 276, 9, 845, 333, -22, 149, 1077, 36;
46, 282, 16, 924, 383, 22, 180, 1101, 65;
41, 276, 11, 887, 317, -8, 162, 1076, 45;
45, 278, 15, 930, 332, 14, 178, 1086, 59;
45, 276, 14, 935, 308, 10, 178, 1079, 57;
42, 272, 11, 910, 256, -11, 166, 1060, 44;
44, 272, 12, 931, 249, -2, 172, 1061, 49;
41, 267, 9, 907, 198, -23, 161, 1043, 36;
41, 266, 9, 912, 176, -24, 161, 1037, 35;
42, 265, 9, 924, 162, -20, 165, 1035, 38;
42, 263, 9, 926, 139, -22, 165, 1028, 36;
49, 269, 16, 995, 182, 19, 192, 1050, 62;
47, 266, 14, 981, 143, 7, 185, 1037, 55;
50, 267, 16, 1006, 145, 21, 195, 1041, 64;
48, 264, 15, 997, 113, 13, 190, 1031, 59;
42, 257, 9, 942, 34, -24, 167, 1002, 35;
51, 264, 17, 1026, 96, 29, 201, 1031, 69;
47, 258, 13, 983, 31, 0, 183, 1007, 51;
45, 255, 11, 966, -6, -11, 176, 995, 43;
46, 254, 12, 974, -19, -6, 179, 993, 47;
49, 257, 15, 1009, -4, 17, 194, 1003, 61;
45, 251, 11, 968, -64, -8, 177, 981, 45;
49, 254, 16, 1008, -42, 19, 194, 994, 63;
42, 246, 9, 939, -129, -24, 166, 961, 35;
44, 247, 11, 956, -130, -11, 174, 964, 43;
47, 248, 14, 980, -123, 6, 185, 970, 54;
44, 245, 11, 952, -167, -9, 174, 956, 45;
45, 245, 12, 958, -176, -1, 178, 955, 49;
50, 248, 17, 996, -152, 27, 195, 968, 67;
48, 245, 15, 974, -189, 16, 187, 957, 61;
46, 242, 14, 955, -220, 8, 181, 947, 56;
44, 240, 13, 934, -253, 0, 174, 936, 50;
48, 242, 16, 962, -237, 23, 187, 946, 65;
47, 240, 16, 948, -263, 19, 183, 939, 63;
48, 241, 17, 954, -266, 30, 188, 941, 69;
47, 240, 17, 945, -285, 30, 186, 936, 69;
40, 231, 10, 869, -369, -13, 157, 904, 42;
42, 233, 13, 885, -361, 3, 166, 911, 53;
44, 234, 15, 894, -358, 17, 173, 915, 62;
40, 229, 12, 849, -410, -4, 156, 896, 48;
45, 234, 18, 892, -372, 32, 177, 915, 71;
35, 224, 8, 791, -478, -26, 138, 874, 34;
36, 225, 10, 795, -477, -14, 143, 877, 42;
41, 229, 16, 836, -439, 22, 163, 896, 64;
39, 227, 14, 806, -472, 11, 154, 885, 58;
37, 224, 13, 779, -499, 4, 147, 876, 53;
41, 227, 17, 802, -477, 29, 160, 888, 69;
38, 224, 15, 766, -513, 16, 148, 876, 61;
33, 219, 11, 714, -564, -6, 130, 857, 46;
34, 221, 13, 716, -560, 5, 135, 861, 54;
32, 218, 12, 686, -588, -3, 126, 852, 48;
27, 213, 8, 632, -638, -27, 108, 834, 33;
26, 212, 8, 609, -657, -30, 103, 828, 31;
31, 217, 14, 648, -613, 7, 123, 849, 55;
24, 210, 8, 570, -684, -30, 95, 822, 31;
29, 215, 14, 606, -641, 5, 115, 841, 54;
28, 215, 14, 589, -651, 7, 112, 839, 55;
27, 214, 14, 566, -666, 5, 107, 835, 54;
27, 214, 14, 554, -669, 11, 107, 836, 58;
26, 214, 15, 537, -676, 13, 104, 835, 59;
18, 206, 8, 450, -753, -30, 73, 805, 32;
27, 215, 17, 519, -672, 30, 107, 840, 69;
21, 210, 13, 455, -724, 2, 85, 820, 52;
19, 208, 11, 416, -750, -8, 74, 811, 45;
15, 204, 8, 366, -787, -27, 59, 797, 33;
14, 203, 8, 343, -795, -27, 54, 795, 33;
12, 202, 7, 314, -810, -32, 47, 790, 31;
13, 204, 10, 311, -797, -18, 51, 797, 39;
11, 203, 9, 282, -809, -21, 45, 793, 37;
13, 206, 12, 288, -786, -2, 53, 803, 49;
11, 204, 11, 256, -800, -7, 45, 799, 46;
11, 205, 12, 242, -795, -1, 44, 801, 50;
15, 210, 17, 265, -753, 29, 59, 819, 69;
7, 203, 11, 181, -818, -10, 30, 793, 44;
9, 205, 14, 182, -797, 6, 36, 803, 55;
6, 203, 12, 140, -817, -4, 24, 795, 48;
7, 205, 14, 136, -800, 8, 28, 803, 56;
2, 202, 10, 77, -836, -14, 9, 788, 42;
4, 205, 13, 82, -809, 5, 17, 800, 54;
4, 205, 14, 64, -803, 10, 15, 802, 57;
3, 206, 15, 49, -794, 16, 14, 806, 61;
0, 204, 13, 3, -816, 2, 1, 797, 52;
1, 206, 15, 0, -794, 16, 5, 806, 61;
0, 207, 16, -18, -787, 20, 3, 809, 63;
-5, 202, 11, -90, -834, -11, -20, 789, 44;
-9, 199, 8, -146, -862, -31, -38, 777, 31;
-10, 199, 8, -167, -857, -29, -41, 779, 32;
-2, 209, 17, -104, -766, 29, -9, 816, 69;
-10, 202, 10, -196, -831, -16, -42, 789, 40;
-11, 203, 11, -213, -820, -11, -43, 793, 43;
-7, 208, 16, -187, -766, 21, -27, 814, 64;
-6, 210, 18, -195, -744, 32, -25, 822, 71;
-16, 202, 8, -306, -826, -25, -65, 787, 35;
-17, 203, 9, -323, -814, -21, -67, 792, 37;
-18, 203, 10, -344, -805, -19, -70, 795, 39;
-11, 212, 17, -293, -724, 30, -44, 827, 69;
-12, 212, 17, -318, -718, 28, -49, 828, 68;
-19, 207, 11, -396, -766, -7, -76, 807, 46;
-17, 210, 14, -393, -731, 9, -70, 820, 56;
-22, 207, 10, -450, -757, -13, -88, 808, 42;
-22, 208, 11, -463, -739, -7, -89, 814, 46;
-23, 210, 12, -477, -721, -2, -89, 819, 49;
-23, 211, 13, -495, -708, 0, -92, 823, 51;
-26, 209, 11, -535, -716, -12, -104, 818, 43;
-25, 212, 13, -535, -684, 1, -99, 829, 51;
-25, 214, 14, -546, -663, 7, -99, 836, 55;
-31, 209, 8, -618, -703, -27, -124, 818, 34;
-26, 216, 14, -581, -634, 10, -104, 844, 57;
-30, 214, 12, -626, -647, -6, -119, 837, 47;
-25, 221, 17, -590, -578, 30, -99, 863, 70;
-35, 213, 9, -693, -649, -25, -138, 832, 35;
-34, 215, 10, -697, -621, -16, -135, 841, 40;
-34, 217, 11, -708, -600, -11, -136, 847, 43;
-32, 221, 14, -693, -553, 9, -126, 864, 57;
-35, 220, 12, -728, -556, -2, -136, 861, 49;
-38, 218, 9, -772, -568, -20, -151, 853, 38;
-34, 224, 14, -742, -506, 10, -134, 876, 57;
-33, 227, 16, -741, -474, 21, -131, 887, 64;
-39, 223, 11, -800, -502, -8, -152, 872, 45;
-36, 228, 15, -782, -453, 13, -141, 890, 59;
-38, 227, 13, -811, -451, 3, -150, 888, 53;
-43, 224, 8, -869, -478, -26, -171, 874, 34;
-45, 224, 8, -891, -469, -31, -177, 875, 31;
-36, 235, 17, -814, -362, 27, -142, 916, 68;
-37, 235, 16, -831, -349, 23, -147, 918, 65;
-38, 236, 16, -847, -335, 21, -150, 921, 64;
-37, 238, 17, -846, -305, 29, -147, 931, 69;
-40, 237, 15, -876, -306, 15, -158, 927, 60;
-45, 234, 10, -932, -334, -15, -179, 913, 41;
-44, 237, 12, -925, -298, -4, -174, 924, 48;
-46, 236, 10, -950, -296, -15, -182, 922, 41;
-45, 239, 11, -945, -263, -6, -178, 932, 46;
-43, 243, 15, -924, -215, 12, -168, 949, 58;
-46, 241, 11, -959, -223, -6, -181, 942, 46;
-42, 247, 16, -926, -164, 19, -166, 964, 63;
-49, 242, 9, -992, -204, -20, -192, 943, 38;
-47, 245, 11, -977, -164, -7, -184, 957, 46;
-51, 243, 8, -1016, -179, -30, -200, 947, 31;
-47, 248, 12, -981, -120, -4, -184, 968, 47;
-51, 246, 8, -1017, -132, -26, -199, 960, 34;
-47, 251, 12, -983, -75, -2, -184, 980, 49;
-43, 256, 16, -948, -17, 22, -169, 1001, 64;
-41, 259, 18, -934, 17, 32, -163, 1012, 71;
-49, 252, 10, -1009, -36, -17, -194, 986, 40;
-48, 255, 11, -998, -5, -10, -189, 996, 44;
-51, 254, 8, -1023, -10, -27, -200, 990, 33;
-49, 256, 10, -1007, 25, -17, -193, 1002, 40;
-43, 264, 16, -949, 102, 20, -170, 1030, 63;
-46, 262, 13, -973, 95, 2, -180, 1024, 52;
-45, 264, 14, -962, 124, 7, -177, 1032, 55;
-41, 270, 18, -922, 181, 32, -161, 1053, 70;
-43, 268, 15, -941, 177, 16, -170, 1048, 61;
-41, 271, 17, -922, 212, 25, -163, 1059, 66;
-43, 270, 15, -936, 213, 12, -170, 1056, 59;
-42, 272, 15, -922, 240, 17, -166, 1064, 62;
-44, 271, 13, -938, 237, 2, -174, 1059, 52;
-47, 270, 10, -958, 230, -15, -184, 1053, 41;
-42, 275, 14, -913, 286, 9, -167, 1073, 56;
-46, 272, 10, -940, 271, -14, -180, 1063, 42;
-38, 281, 18, -861, 360, 32, -149, 1097, 71;
-43, 277, 12, -903, 326, -2, -169, 1080, 49;
-47, 273, 7, -938, 300, -32, -186, 1066, 30;
-41, 280, 13, -875, 371, 2, -162, 1093, 52;
-46, 276, 8, -912, 340, -30, -180, 1077, 32;
-45, 277, 8, -895, 364, -26, -176, 1083, 34;
-42, 281, 10, -862, 402, -12, -165, 1096, 42;
-36, 287, 16, -799, 470, 20, -141, 1122, 63;
-37, 287, 14, -802, 470, 9, -146, 1119, 56;
-40, 284, 10, -824, 452, -14, -158, 1108, 42;
-42, 282, 7, -836, 441, -32, -167, 1101, 30;
-34, 291, 15, -749, 530, 15, -134, 1135, 60;
-36, 289, 12, -758, 521, 0, -141, 1129, 50;
-34, 291, 13, -733, 546, 5, -134, 1137, 54;
-35, 291, 12, -730, 548, -3, -137, 1135, 48;
-34, 292, 12, -709, 567, 0, -132, 1140, 50;
-37, 289, 8, -730, 543, -26, -145, 1128, 34;
-29, 297, 16, -644, 625, 18, -113, 1160, 62;
-34, 292, 9, -685, 581, -20, -134, 1139, 38;
-26, 300, 17, -595, 665, 27, -101, 1172, 67;
-33, 293, 9, -652, 603, -23, -129, 1144, 36;
-31, 295, 10, -621, 627, -15, -121, 1152, 41;
-32, 294, 8, -622, 619, -29, -126, 1146, 32;
-23, 303, 16, -524, 708, 22, -90, 1181, 64;
-21, 304, 17, -493, 730, 29, -81, 1189, 69;
-19, 305, 17, -471, 742, 30, -77, 1192, 69;
-28, 296, 8, -541, 662, -30, -111, 1157, 31;
-25, 298, 9, -504, 687, -20, -101, 1165, 38;
-25, 299, 9, -486, 693, -22, -98, 1166, 36;
-16, 307, 17, -388, 778, 27, -62, 1200, 68;
-23, 299, 8, -447, 706, -26, -92, 1169, 34;
-18, 303, 12, -390, 749, -3, -73, 1185, 48;
-14, 307, 15, -338, 786, 15, -57, 1199, 60;
-16, 305, 12, -340, 767, -1, -63, 1190, 50;
-14, 306, 13, -312, 779, 2, -57, 1194, 52;
-14, 305, 12, -296, 778, -2, -56, 1192, 49;
-9, 309, 16, -240, 816, 18, -38, 1207, 62;
-16, 301, 8, -292, 746, -31, -65, 1177, 31;
-6, 311, 17, -180, 838, 26, -24, 1215, 67;
-12, 304, 9, -228, 770, -21, -50, 1186, 37;
-8, 307, 12, -174, 804, -1, -33, 1199, 50;
-11, 303, 8, -187, 770, -26, -44, 1185, 34;
-6, 307, 12, -129, 806, -4, -25, 1199, 48;
-7, 305, 10, -126, 787, -18, -29, 1191, 39;
-5, 306, 11, -91, 799, -11, -21, 1195, 43;
0, 310, 15, -28, 839, 14, 0, 1212, 59;
-4, 305, 9, -56, 787, -21, -17, 1190, 37;
1, 309, 14, 11, 831, 7, 4, 1208, 55;
-2, 304, 9, -10, 784, -23, -9, 1189, 36;
3, 309, 13, 57, 826, 5, 12, 1206, 54;
0, 304, 9, 37, 780, -24, -1, 1188, 35;
5, 308, 13, 102, 819, 2, 19, 1204, 52;
6, 309, 14, 132, 822, 6, 26, 1206, 54;
7, 308, 13, 153, 816, 3, 29, 1203, 53;
8, 308, 13, 176, 811, 2, 33, 1202, 52;
4, 302, 8, 150, 757, -30, 17, 1180, 32;
9, 306, 12, 210, 789, -6, 37, 1194, 46;
16, 312, 18, 291, 840, 31, 65, 1216, 70;
14, 308, 14, 281, 801, 8, 55, 1201, 56;
13, 305, 12, 286, 777, -3, 52, 1192, 48;
14, 305, 12, 309, 770, -3, 56, 1190, 48;
17, 306, 14, 349, 779, 6, 67, 1195, 55;
21, 309, 17, 401, 801, 26, 84, 1206, 67;
20, 306, 14, 400, 770, 10, 78, 1194, 57;
16, 301, 10, 381, 719, -17, 65, 1174, 40;
20, 303, 12, 428, 735, 0, 79, 1182, 50;
16, 298, 8, 408, 684, -29, 66, 1162, 32;
21, 301, 11, 462, 707, -7, 83, 1174, 46;
26, 304, 15, 522, 735, 18, 103, 1187, 62;
20, 296, 8, 474, 655, -28, 78, 1155, 33;
24, 299, 12, 530, 679, -4, 97, 1167, 48;
30, 303, 17, 596, 713, 25, 119, 1183, 66;
25, 296, 10, 553, 638, -16, 97, 1154, 40;
27, 296, 11, 587, 639, -7, 107, 1157, 46;
26, 294, 10, 593, 614, -15, 105, 1148, 41;
30, 296, 13, 636, 624, 0, 118, 1155, 50;
27, 291, 9, 621, 577, -22, 108, 1138, 37;
34, 296, 15, 691, 616, 12, 133, 1156, 58;
32, 293, 12, 687, 579, -2, 127, 1143, 49;
32, 291, 11, 697, 557, -7, 127, 1136, 46;
30, 287, 9, 687, 515, -25, 119, 1121, 35;
34, 290, 12, 736, 532, -3, 136, 1131, 48;
37, 290, 14, 769, 534, 7, 146, 1134, 55;
34, 286, 10, 751, 484, -14, 135, 1116, 41;
39, 289, 15, 807, 509, 12, 155, 1129, 59;
34, 282, 9, 765, 436, -24, 134, 1102, 35;
36, 282, 10, 788, 428, -18, 140, 1101, 39;
44, 289, 17, 874, 483, 29, 173, 1127, 69;
35, 278, 7, 794, 372, -32, 137, 1084, 30;
36, 277, 8, 810, 358, -30, 140, 1081, 32;
37, 277, 9, 832, 350, -23, 147, 1081, 36;
47, 284, 18, 926, 414, 31, 183, 1110, 70;
39, 275, 9, 860, 319, -19, 153, 1074, 38;
45, 280, 15, 925, 355, 17, 178, 1092, 61;
39, 272, 9, 876, 277, -22, 155, 1063, 37;
43, 274, 12, 911, 284, -5, 168, 1069, 47;
41, 270, 9, 896, 242, -20, 160, 1055, 38;
43, 271, 11, 924, 241, -7, 169, 1058, 46;
42, 269, 10, 921, 212, -14, 167, 1049, 42;
48, 273, 16, 981, 245, 21, 190, 1066, 64;
42, 265, 9, 923, 161, -21, 164, 1034, 37;
42, 264, 9, 929, 141, -21, 166, 1029, 37;
41, 261, 8, 925, 112, -27, 163, 1021, 33;
46, 264, 12, 969, 132, 0, 180, 1032, 50;
43, 260, 10, 946, 85, -18, 170, 1016, 39;
48, 263, 14, 991, 106, 9, 188, 1028, 56;
46, 260, 12, 977, 69, -1, 181, 1017, 50;
49, 262, 15, 1007, 76, 16, 193, 1023, 61;
50, 261, 16, 1012, 60, 19, 195, 1020, 63;
46, 256, 12, 982, 8, 0, 182, 1001, 50;
43, 252, 9, 948, -45, -23, 168, 982, 36;
44, 251, 10, 956, -57, -17, 172, 981, 39;
48, 254, 14, 992, -40, 7, 187, 991, 55;
45, 250, 11, 968, -82, -7, 178, 977, 46;
41, 245, 8, 932, -137, -30, 163, 958, 32;
48, 251, 14, 991, -96, 11, 188, 978, 57;
51, 252, 17, 1013, -89, 28, 199, 984, 68;
46, 247, 13, 970, -149, 2, 181, 963, 52;
46, 245, 13, 966, -168, 3, 181, 959, 53;
44, 243, 12, 948, -201, -5, 175, 948, 47;
45, 242, 12, 946, -216, -1, 176, 945, 49;
49, 246, 17, 985, -190, 28, 193, 959, 68;
45, 240, 13, 941, -246, 4, 177, 939, 53;
42, 237, 11, 909, -291, -12, 165, 924, 43;
46, 239, 15, 939, -271, 13, 180, 935, 59;
47, 240, 16, 946, -274, 24, 184, 937, 66;
40, 232, 10, 872, -357, -18, 156, 906, 39;
42, 234, 13, 893, -345, 2, 167, 914, 52;
42, 233, 13, 879, -366, 0, 164, 908, 51;
36, 227, 8, 824, -429, -28, 143, 886, 32;
36, 226, 9, 818, -441, -24, 144, 884, 35;
35, 224, 8, 798, -466, -29, 138, 876, 32;
38, 226, 11, 815, -454, -9, 148, 884, 44;
35, 223, 9, 779, -494, -25, 136, 870, 35;
43, 231, 18, 850, -426, 31, 169, 901, 70;
40, 228, 16, 817, -461, 19, 158, 889, 62;
41, 228, 17, 816, -463, 28, 162, 891, 68;
40, 227, 16, 794, -485, 24, 156, 885, 66;
39, 226, 17, 780, -499, 25, 154, 881, 66;
32, 219, 11, 708, -570, -11, 128, 855, 43;
29, 216, 9, 671, -605, -24, 116, 843, 35;
31, 217, 11, 674, -600, -11, 121, 847, 43;
27, 213, 8, 629, -640, -28, 107, 833, 32;
36, 222, 18, 701, -564, 31, 141, 867, 70;
27, 213, 9, 607, -653, -19, 106, 832, 38;
34, 220, 17, 661, -594, 29, 133, 859, 69;
29, 215, 13, 603, -645, 3, 113, 840, 53;
23, 210, 9, 540, -700, -25, 92, 819, 35;
26, 213, 12, 555, -677, -1, 103, 831, 49;
26, 213, 13, 545, -677, 5, 103, 832, 54;
23, 211, 12, 508, -705, -5, 93, 823, 47;
24, 211, 13, 498, -704, 2, 93, 825, 52;
27, 215, 17, 518, -673, 29, 106, 839, 69;
24, 212, 15, 474, -705, 15, 93, 828, 60;
25, 214, 17, 474, -692, 29, 98, 835, 69;
23, 212, 16, 440, -712, 22, 89, 828, 64;
15, 205, 10, 357, -781, -18, 60, 801, 39;
20, 210, 16, 391, -732, 19, 79, 822, 63;
20, 211, 16, 374, -733, 23, 78, 823, 65;
13, 205, 11, 300, -791, -10, 52, 800, 44;
10, 203, 9, 260, -814, -20, 41, 792, 37;
16, 209, 16, 301, -755, 22, 63, 817, 64;
15, 209, 16, 280, -758, 23, 60, 817, 65;
8, 203, 11, 201, -818, -12, 33, 793, 42;
4, 200, 8, 154, -845, -28, 19, 782, 33;
6, 203, 11, 160, -818, -7, 27, 794, 46;
10, 207, 16, 176, -781, 19, 39, 810, 63;
6, 204, 13, 125, -810, 1, 24, 798, 52;
8, 207, 16, 129, -784, 20, 31, 809, 63;
0, 199, 8, 31, -859, -28, -3, 779, 33;
6, 207, 16, 84, -783, 23, 23, 810, 65;
-1, 200, 9, -4, -849, -19, -7, 783, 38;
3, 207, 16, 36, -783, 24, 14, 811, 65;
0, 205, 14, -12, -807, 8, 0, 801, 56;
2, 208, 17, -4, -773, 29, 9, 814, 69;
-7, 200, 9, -110, -854, -24, -29, 781, 35;
-4, 204, 13, -93, -809, 3, -16, 799, 53;
0, 209, 18, -75, -765, 32, -3, 817, 70;
-3, 208, 16, -115, -778, 21, -14, 811, 64;
-5, 207, 15, -150, -784, 14, -22, 808, 60;
-5, 208, 16, -161, -768, 23, -22, 814, 65;
-8, 207, 14, -202, -780, 11, -33, 808, 58;
-14, 202, 9, -273, -823, -19, -57, 790, 38;
-15, 203, 10, -293, -813, -16, -60, 793, 40;
-10, 210, 16, -258, -749, 22, -40, 819, 64;
-15, 206, 12, -321, -782, -3, -61, 804, 48;
-17, 205, 11, -351, -782, -8, -68, 803, 45;
-19, 206, 11, -378, -778, -10, -74, 803, 44;
-13, 213, 18, -336, -705, 32, -51, 832, 71;
-19, 208, 12, -409, -747, -1, -76, 813, 50;
-15, 214, 18, -381, -689, 32, -60, 836, 70;
-22, 208, 11, -464, -740, -8, -89, 813, 45;
-26, 206, 8, -512, -756, -25, -104, 805, 35;
-25, 209, 11, -508, -721, -8, -97, 818, 45;
-24, 212, 13, -515, -696, 0, -95, 826, 51;
-28, 210, 10, -559, -708, -14, -109, 820, 41;
-28, 211, 10, -578, -695, -13, -112, 823, 42;
-32, 209, 8, -620, -705, -28, -125, 817, 33;
-31, 211, 9, -629, -682, -21, -124, 824, 37;
-24, 220, 17, -573, -593, 29, -96, 859, 69;
-32, 214, 10, -657, -646, -14, -127, 835, 42;
-28, 220, 16, -626, -582, 19, -110, 859, 62;
-35, 214, 9, -704, -628, -20, -138, 838, 38;
-38, 214, 8, -738, -630, -31, -148, 835, 31;
-30, 224, 16, -672, -532, 24, -117, 873, 66;
-33, 222, 14, -710, -538, 9, -129, 868, 57;
-40, 216, 7, -790, -587, -32, -158, 845, 30;
-40, 218, 8, -800, -564, -28, -158, 852, 33;
-35, 225, 14, -759, -492, 9, -138, 879, 56;
-35, 227, 15, -765, -467, 15, -137, 887, 60;
-43, 221, 8, -848, -519, -30, -168, 863, 32;
-36, 229, 15, -795, -434, 14, -143, 895, 59;
-43, 224, 8, -870, -478, -26, -171, 874, 34;
-36, 233, 16, -807, -386, 23, -142, 909, 65;
-44, 227, 9, -888, -436, -21, -173, 886, 37;
-46, 226, 7, -917, -435, -32, -182, 883, 30;
-41, 233, 13, -877, -366, 0, -163, 909, 51;
-38, 238, 17, -848, -307, 27, -148, 930, 68;
-41, 236, 14, -885, -315, 9, -161, 924, 57;
-45, 234, 11, -926, -328, -11, -176, 915, 43;
-44, 237, 12, -923, -296, -2, -173, 925, 49;
-45, 238, 12, -935, -280, -5, -176, 928, 47;
-42, 242, 15, -917, -234, 12, -166, 944, 58;
-43, 242, 14, -929, -219, 9, -170, 947, 56;
-49, 238, 9, -986, -250, -24, -192, 931, 35;
-45, 244, 13, -950, -188, 3, -175, 954, 53;
-40, 250, 18, -913, -126, 31, -159, 976, 70;
-41, 250, 17, -925, -112, 27, -163, 978, 67;
-49, 244, 9, -1001, -164, -20, -193, 953, 38;
-42, 253, 17, -934, -73, 26, -165, 988, 67;
-49, 247, 10, -1004, -119, -17, -193, 965, 39;
-43, 255, 16, -947, -39, 21, -169, 995, 64;
-50, 249, 9, -1013, -82, -20, -196, 974, 37;
-49, 251, 10, -1007, -55, -16, -193, 982, 40;
-44, 258, 16, -955, 18, 18, -171, 1009, 62;
-48, 255, 11, -993, 0, -6, -187, 998, 46;
-42, 263, 18, -936, 77, 31, -163, 1027, 70;
-49, 256, 10, -1009, 23, -18, -194, 1001, 39;
-47, 260, 12, -982, 69, -1, -183, 1016, 49;
-47, 262, 12, -979, 89, -1, -183, 1021, 49;
-51, 258, 8, -1021, 65, -31, -201, 1008, 31;
-51, 259, 8, -1016, 86, -30, -200, 1013, 31;
-42, 269, 16, -931, 188, 22, -165, 1052, 65;
-48, 264, 10, -985, 149, -16, -189, 1033, 40;
-48, 266, 10, -979, 170, -15, -187, 1038, 41;
-48, 266, 9, -982, 180, -21, -190, 1039, 37;
-40, 275, 17, -898, 277, 29, -157, 1076, 69;
-41, 275, 16, -907, 281, 18, -162, 1074, 62;
-49, 268, 8, -975, 225, -31, -192, 1048, 31;
-42, 276, 14, -905, 305, 9, -165, 1078, 56;
-45, 274, 11, -928, 292, -12, -177, 1069, 43;
-44, 276, 12, -910, 320, -6, -172, 1078, 46;
-44, 276, 11, -908, 330, -12, -173, 1079, 43;
-43, 278, 11, -893, 352, -9, -170, 1085, 44;
-40, 281, 13, -861, 392, 4, -159, 1098, 53;
-44, 278, 9, -889, 370, -22, -173, 1086, 37;
-37, 286, 16, -815, 449, 18, -145, 1116, 62;
-41, 282, 11, -847, 422, -11, -161, 1102, 44;
-40, 283, 11, -833, 440, -10, -159, 1106, 44;
-39, 285, 11, -817, 458, -9, -155, 1111, 44;
-35, 289, 15, -768, 510, 13, -138, 1130, 59;
-41, 284, 8, -813, 466, -26, -160, 1109, 34;
-39, 286, 9, -791, 488, -22, -155, 1115, 36;
-31, 294, 16, -708, 571, 21, -124, 1147, 64;
-33, 292, 14, -716, 562, 5, -131, 1141, 54;
-31, 295, 15, -685, 591, 15, -122, 1151, 60;
-30, 296, 15, -663, 610, 18, -117, 1156, 62;
-33, 293, 11, -683, 587, -6, -129, 1144, 46;
-36, 290, 8, -702, 564, -31, -141, 1132, 31;
-35, 291, 8, -679, 581, -28, -136, 1137, 33;
-28, 297, 13, -610, 644, 4, -112, 1161, 53;
-29, 297, 12, -605, 642, -5, -114, 1158, 47;
-27, 299, 13, -574, 666, 2, -106, 1166, 52;
-26, 299, 13, -558, 674, 0, -104, 1167, 50;
-23, 302, 15, -512, 711, 16, -90, 1180, 61;
-28, 297, 9, -551, 662, -23, -110, 1159, 36;
-26, 298, 10, -522, 681, -17, -103, 1164, 39;
-26, 298, 9, -508, 683, -22, -102, 1164, 36;
-25, 299, 9, -485, 694, -21, -98, 1167, 37;
-24, 299, 9, -464, 702, -22, -94, 1169, 36;
-24, 298, 8, -454, 698, -31, -95, 1165, 31;
-19, 303, 12, -391, 747, -4, -74, 1184, 48;
-12, 309, 17, -316, 808, 30, -48, 1208, 70;
-11, 310, 17, -295, 812, 28, -45, 1209, 69;
-14, 306, 13, -310, 781, 3, -56, 1195, 53;
-13, 306, 13, -290, 784, 0, -53, 1195, 51;
-10, 308, 15, -249, 807, 12, -42, 1203, 58;
-9, 309, 15, -222, 816, 14, -36, 1206, 60;
-12, 304, 10, -243, 775, -15, -50, 1189, 41;
-11, 305, 10, -216, 783, -13, -44, 1191, 42;
-7, 308, 14, -163, 816, 5, -28, 1204, 54;
-6, 308, 13, -144, 813, 2, -26, 1203, 52;
-6, 307, 12, -126, 809, -2, -24, 1200, 49;
-6, 306, 11, -117, 797, -12, -26, 1195, 43;
1, 313, 17, -28, 862, 30, 4, 1222, 69;
-1, 308, 13, -45, 822, 2, -7, 1205, 52;
3, 312, 17, 15, 859, 26, 11, 1220, 67;
1, 310, 14, 12, 832, 8, 5, 1209, 56;
-3, 303, 7, -23, 771, -32, -15, 1183, 30;
-2, 304, 8, 6, 775, -28, -8, 1185, 33;
0, 304, 9, 38, 781, -23, 0, 1188, 36;
6, 310, 15, 119, 836, 14, 27, 1211, 59;
1, 303, 8, 80, 770, -28, 5, 1184, 33;
1, 302, 7, 98, 761, -32, 7, 1181, 30;
10, 310, 15, 196, 831, 16, 42, 1210, 61;
12, 311, 16, 230, 836, 22, 50, 1213, 64;
9, 306, 11, 208, 786, -8, 36, 1193, 45;
9, 304, 10, 219, 768, -16, 35, 1187, 40;
13, 307, 14, 278, 798, 6, 54, 1200, 55;
12, 304, 11, 276, 767, -10, 48, 1188, 44;
17, 308, 15, 337, 797, 14, 67, 1201, 59;
13, 303, 10, 316, 747, -14, 54, 1182, 41;
22, 309, 18, 408, 808, 31, 86, 1208, 70;
22, 308, 17, 422, 792, 25, 87, 1203, 66;
15, 299, 8, 365, 703, -28, 58, 1168, 33;
15, 298, 7, 381, 688, -32, 60, 1163, 30;
24, 305, 16, 479, 755, 18, 95, 1192, 62;
26, 306, 17, 514, 758, 26, 105, 1195, 67;
20, 297, 9, 461, 674, -22, 78, 1162, 36;
22, 298, 10, 495, 676, -14, 87, 1164, 42;
22, 297, 10, 511, 660, -17, 89, 1160, 40;
25, 298, 11, 547, 664, -7, 99, 1163, 46;
23, 294, 9, 540, 625, -25, 92, 1149, 35;
32, 301, 17, 635, 687, 24, 126, 1177, 66;
32, 300, 16, 647, 668, 20, 127, 1171, 63;
26, 292, 9, 603, 591, -22, 105, 1141, 37;
35, 299, 17, 694, 650, 26, 138, 1168, 67;
33, 295, 14, 683, 607, 6, 129, 1152, 55;
36, 297, 16, 723, 615, 21, 142, 1158, 64;
36, 295, 16, 736, 596, 18, 143, 1153, 62;
37, 294, 16, 753, 582, 19, 147, 1149, 62;
39, 294, 16, 776, 572, 22, 152, 1148, 65;
37, 290, 14, 766, 531, 6, 145, 1133, 54;
33, 284, 9, 736, 469, -24, 128, 1110, 35;
38, 288, 13, 795, 497, 4, 150, 1124, 53;
43, 291, 18, 851, 521, 32, 169, 1137, 70;
36, 282, 10, 792, 432, -16, 142, 1103, 40;
42, 287, 15, 857, 465, 17, 165, 1120, 62;
36, 278, 8, 802, 381, -27, 140, 1088, 34;
39, 280, 11, 843, 391, -7, 154, 1095, 45;
42, 281, 13, 872, 390, 3, 163, 1097, 52;
45, 283, 16, 912, 400, 21, 177, 1105, 64;
47, 283, 17, 932, 391, 28, 183, 1104, 68;
43, 277, 13, 903, 333, 2, 169, 1083, 52;
43, 276, 13, 909, 310, 0, 169, 1077, 50;
44, 276, 14, 928, 301, 6, 175, 1076, 54;
42, 271, 10, 906, 252, -13, 164, 1059, 42;
41, 269, 9, 904, 222, -20, 161, 1050, 38;
49, 275, 17, 986, 277, 29, 194, 1076, 69;
41, 265, 8, 910, 174, -26, 160, 1036, 34;
44, 267, 11, 944, 182, -7, 173, 1043, 46;
49, 270, 16, 994, 206, 21, 192, 1056, 64;
42, 262, 9, 929, 117, -24, 165, 1023, 35;
42, 260, 8, 931, 94, -25, 164, 1017, 34;
44, 261, 10, 952, 91, -14, 172, 1019, 42;
49, 265, 15, 1003, 118, 17, 193, 1033, 61;
45, 259, 11, 965, 57, -9, 176, 1012, 45;
44, 256, 10, 953, 23, -18, 171, 1001, 39;
49, 261, 15, 1008, 56, 17, 194, 1018, 61;
45, 255, 11, 968, -4, -10, 177, 996, 44;
49, 258, 15, 1006, 12, 15, 192, 1006, 60;
47, 254, 13, 986, -27, 2, 184, 993, 52;
44, 251, 11, 962, -70, -12, 175, 979, 43;
49, 254, 15, 1001, -49, 14, 191, 991, 60;
48, 251, 14, 989, -80, 8, 187, 982, 56;
49, 252, 16, 1003, -83, 19, 194, 984, 63;
49, 250, 16, 998, -105, 18, 192, 978, 62;
50, 251, 17, 1008, -110, 28, 197, 979, 68;
44, 243, 11, 943, -191, -11, 172, 949, 43;
42, 241, 10, 929, -220, -17, 167, 940, 40;
45, 243, 13, 954, -209, 3, 179, 948, 52;
40, 237, 8, 901, -275, -27, 158, 924, 33;
49, 245, 18, 982, -205, 31, 194, 956, 70;
47, 242, 16, 957, -242, 20, 185, 944, 63;
45, 239, 14, 935, -276, 10, 178, 934, 57;
43, 236, 13, 911, -309, 1, 170, 923, 51;
40, 232, 10, 871, -358, -18, 156, 906, 39;
43, 234, 13, 897, -341, 5, 169, 916, 54;
43, 234, 14, 889, -357, 6, 168, 912, 55;
41, 231, 12, 865, -388, -1, 160, 902, 49;
42, 232, 14, 870, -389, 9, 165, 905, 56;
37, 226, 10, 815, -449, -18, 145, 883, 39;
37, 226, 11, 812, -456, -11, 147, 883, 43;
35, 223, 9, 783, -489, -22, 138, 872, 37;
39, 226, 13, 810, -466, 4, 152, 885, 53;
39, 227, 15, 809, -469, 13, 155, 886, 59;
37, 224, 13, 779, -500, 3, 146, 876, 53;
34, 221, 11, 740, -540, -11, 133, 862, 43;
36, 222, 13, 746, -533, 3, 140, 868, 52;
37, 223, 15, 749, -529, 15, 145, 872, 60;
33, 220, 13, 708, -569, 0, 131, 858, 50;
36, 223, 16, 726, -547, 23, 143, 869, 65;
35, 221, 15, 700, -570, 17, 136, 862, 62;
34, 220, 15, 681, -585, 17, 133, 858, 61;
29, 215, 12, 630, -630, -3, 116, 842, 48;
32, 218, 15, 640, -614, 15, 124, 850, 60;
33, 220, 18, 646, -601, 32, 131, 858, 71;
26, 212, 11, 564, -676, -9, 102, 829, 45;
24, 211, 10, 536, -696, -14, 94, 823, 41;
24, 211, 11, 523, -700, -9, 94, 823, 44;
26, 214, 15, 537, -676, 14, 105, 835, 59;
28, 216, 18, 542, -660, 31, 112, 843, 70;
26, 214, 16, 507, -684, 22, 102, 835, 64;
19, 207, 11, 433, -746, -12, 76, 811, 43;
22, 211, 14, 446, -720, 10, 86, 823, 57;
14, 204, 8, 363, -789, -29, 57, 796, 32;
13, 203, 7, 335, -803, -32, 51, 792, 30;
14, 204, 10, 335, -789, -17, 56, 799, 39;
16, 207, 13, 343, -764, 3, 65, 810, 53;
18, 210, 16, 347, -744, 21, 72, 820, 64;
12, 204, 11, 277, -797, -9, 48, 799, 44;
8, 201, 8, 224, -832, -29, 31, 785, 32;
16, 210, 18, 291, -747, 31, 64, 821, 70;
7, 202, 10, 196, -823, -16, 31, 791, 40;
12, 208, 16, 228, -770, 21, 50, 813, 64;
3, 200, 8, 125, -853, -30, 12, 780, 31;
6, 203, 12, 139, -818, -5, 23, 794, 47;
2, 200, 9, 88, -848, -23, 8, 783, 36;
3, 203, 12, 89, -824, -5, 14, 793, 47;
-1, 199, 8, 28, -862, -30, -5, 777, 32;
6, 208, 17, 86, -781, 24, 24, 811, 66;
-2, 200, 9, -11, -855, -24, -10, 781, 35;
-4, 200, 8, -38, -858, -25, -16, 780, 34;
-4, 201, 10, -51, -846, -17, -15, 785, 39;
1, 207, 16, -16, -785, 21, 4, 810, 64;
-5, 202, 11, -91, -834, -11, -20, 789, 43;
-7, 201, 9, -128, -844, -19, -30, 784, 38;
-6, 203, 12, -129, -819, -3, -25, 795, 48;
-2, 209, 17, -104, -767, 28, -9, 816, 68;
-9, 204, 12, -179, -814, -5, -35, 796, 47;
-11, 203, 11, -214, -821, -12, -44, 792, 43;
-10, 205, 13, -217, -796, 1, -40, 802, 52;
-16, 200, 7, -293, -842, -32, -65, 782, 30;
-12, 206, 13, -269, -789, 0, -50, 803, 50;
-11, 208, 15, -270, -761, 14, -45, 814, 59;
-16, 205, 11, -333, -793, -11, -66, 799, 43;
-14, 209, 15, -318, -748, 13, -54, 817, 59;
-14, 210, 15, -336, -736, 16, -57, 820, 61;
-16, 210, 15, -362, -731, 15, -62, 821, 60;
-20, 207, 12, -415, -754, -5, -79, 811, 47;
-24, 205, 9, -466, -773, -24, -95, 801, 35;
-19, 211, 14, -435, -711, 10, -77, 825, 57;
-18, 214, 16, -437, -681, 24, -73, 836, 66;
-20, 214, 16, -463, -676, 20, -79, 836, 63;
-20, 216, 17, -476, -657, 26, -79, 842, 67;
-23, 215, 15, -513, -662, 16, -90, 839, 61;
-31, 208, 8, -599, -716, -27, -121, 815, 33;
-31, 210, 8, -616, -701, -25, -123, 819, 35;
-30, 213, 11, -614, -667, -11, -118, 831, 44;
-26, 218, 16, -586, -607, 20, -102, 854, 63;
-31, 215, 11, -647, -635, -7, -123, 840, 46;
-34, 214, 9, -686, -643, -21, -135, 834, 37;
-28, 222, 16, -637, -561, 23, -110, 866, 65;
-31, 220, 14, -676, -568, 10, -122, 861, 57;
-33, 220, 13, -701, -561, 4, -129, 861, 53;
-37, 217, 9, -755, -583, -20, -147, 849, 38;
-35, 221, 12, -742, -539, 0, -138, 865, 50;
-37, 221, 11, -768, -533, -7, -145, 865, 46;
-32, 228, 17, -735, -468, 25, -128, 889, 66;
-40, 222, 10, -814, -516, -17, -157, 867, 40;
-41, 223, 9, -833, -503, -20, -162, 869, 38;
-38, 227, 13, -814, -453, 1, -151, 887, 52;
-35, 232, 17, -791, -400, 26, -138, 906, 67;
-43, 226, 9, -875, -453, -21, -170, 881, 37;
-39, 231, 14, -845, -393, 6, -155, 903, 55;
-39, 234, 15, -845, -363, 14, -152, 913, 60;
-36, 238, 18, -830, -319, 32, -143, 928, 71;
-43, 233, 12, -894, -353, -3, -168, 911, 48;
-42, 236, 13, -892, -322, 4, -164, 920, 54;
-46, 233, 10, -937, -339, -18, -181, 910, 39;
-44, 237, 12, -921, -294, -1, -172, 926, 50;
-44, 238, 12, -928, -273, 0, -173, 931, 50;
-48, 236, 9, -973, -291, -25, -190, 921, 35;
-49, 236, 8, -985, -276, -28, -193, 924, 33;
-46, 241, 11, -964, -228, -9, -183, 940, 44;
-48, 241, 10, -982, -220, -17, -189, 940, 40;
-45, 245, 13, -960, -173, 0, -178, 957, 51;
-44, 247, 14, -954, -141, 7, -175, 966, 55;
-44, 249, 15, -952, -115, 12, -173, 974, 58;
-48, 247, 11, -992, -130, -11, -189, 964, 43;
-49, 247, 9, -1007, -122, -19, -194, 964, 38;
-45, 252, 13, -971, -63, 5, -179, 985, 54;
-44, 255, 15, -955, -25, 17, -172, 998, 61;
-51, 249, 8, -1028, -76, -30, -202, 973, 32;
-44, 257, 15, -964, 9, 13, -175, 1005, 59;
-47, 256, 12, -988, 5, -3, -185, 1000, 48;
-51, 253, 8, -1025, -12, -28, -201, 989, 33;
-50, 255, 9, -1018, 14, -24, -198, 997, 35;
-46, 261, 13, -977, 74, 1, -181, 1018, 51;
-45, 263, 14, -963, 105, 8, -176, 1028, 56;
-44, 266, 15, -951, 135, 15, -172, 1037, 60;
-46, 264, 12, -975, 128, -3, -182, 1031, 49;
-41, 270, 17, -922, 197, 29, -162, 1056, 69;
-44, 268, 14, -951, 183, 6, -175, 1047, 54;
-48, 265, 10, -983, 166, -18, -189, 1036, 39;
-44, 271, 14, -936, 226, 8, -171, 1058, 56;
-41, 275, 16, -906, 269, 23, -161, 1072, 65;
-39, 277, 18, -888, 299, 31, -155, 1082, 70;
-42, 275, 15, -908, 292, 12, -165, 1075, 58;
-38, 280, 18, -871, 339, 31, -151, 1092, 70;
-42, 277, 14, -896, 324, 9, -164, 1083, 56;
-43, 276, 12, -904, 325, -3, -169, 1080, 49;
-38, 282, 17, -851, 387, 25, -150, 1102, 66;
-45, 276, 9, -909, 337, -19, -176, 1078, 38;
-41, 281, 13, -863, 389, 2, -160, 1097, 52;
-45, 277, 8, -902, 357, -31, -179, 1081, 31;
-44, 279, 9, -880, 384, -24, -172, 1089, 35;
-40, 283, 12, -838, 430, -5, -158, 1105, 47;
-43, 281, 8, -856, 417, -26, -168, 1097, 34;
-38, 286, 12, -805, 471, -1, -150, 1116, 50;
-37, 287, 13, -787, 490, 0, -146, 1122, 51;
-34, 290, 15, -751, 527, 14, -135, 1134, 59;
-33, 292, 16, -728, 552, 19, -128, 1142, 63;
-36, 289, 11, -753, 527, -7, -143, 1129, 46;
-33, 293, 14, -711, 567, 9, -129, 1143, 56;
-32, 294, 14, -695, 581, 8, -126, 1146, 56;
-36, 290, 9, -724, 550, -22, -142, 1131, 37;
-30, 296, 14, -656, 614, 11, -118, 1155, 57;
-27, 299, 16, -619, 647, 23, -107, 1166, 65;
-31, 295, 12, -642, 619, -3, -121, 1153, 48;
-32, 293, 9, -649, 606, -21, -128, 1145, 37;
-28, 297, 13, -597, 651, 0, -111, 1161, 51;
-23, 303, 17, -535, 706, 28, -89, 1182, 68;
-24, 301, 14, -540, 692, 11, -97, 1174, 58;
-25, 300, 13, -535, 688, 1, -99, 1171, 51;
-20, 305, 17, -473, 740, 28, -78, 1191, 68;
-24, 300, 12, -503, 700, -5, -95, 1172, 47;
-22, 302, 13, -469, 722, 3, -86, 1180, 52;
-17, 307, 17, -409, 770, 28, -66, 1198, 68;
-22, 301, 11, -449, 717, -12, -88, 1175, 42;
-17, 306, 15, -385, 767, 14, -67, 1194, 59;
-15, 307, 15, -360, 778, 16, -61, 1197, 61;
-17, 304, 12, -365, 758, -2, -69, 1188, 49;
-14, 306, 14, -326, 782, 8, -58, 1196, 56;
-19, 301, 8, -356, 735, -27, -75, 1176, 34;
-16, 303, 10, -314, 760, -14, -63, 1185, 41;
-9, 309, 16, -238, 818, 19, -37, 1208, 63;
-8, 310, 16, -213, 824, 20, -32, 1210, 63;
-14, 303, 8, -260, 759, -26, -57, 1182, 34;
-6, 310, 15, -173, 826, 15, -27, 1209, 60;
-11, 304, 9, -207, 771, -23, -46, 1186, 36;
-5, 309, 14, -136, 821, 7, -23, 1206, 55;
-8, 305, 10, -148, 788, -16, -33, 1191, 40;
0, 313, 17, -52, 861, 30, 0, 1221, 70;
-7, 304, 9, -108, 783, -22, -27, 1189, 36;
0, 310, 14, -35, 832, 9, -3, 1209, 56;
-4, 305, 9, -57, 786, -21, -18, 1190, 37;
0, 309, 13, 3, 823, 2, 1, 1205, 52;
4, 311, 15, 51, 845, 17, 15, 1214, 61;
1, 307, 11, 38, 808, -7, 4, 1199, 46;
4, 309, 13, 82, 825, 5, 17, 1206, 54;
8, 311, 16, 129, 846, 20, 31, 1215, 63;
2, 304, 9, 88, 778, -23, 8, 1187, 36;
10, 311, 16, 178, 841, 20, 40, 1214, 63;
7, 306, 11, 160, 795, -7, 27, 1195, 46;
10, 308, 14, 209, 815, 8, 41, 1205, 56;
6, 303, 9, 186, 764, -22, 27, 1184, 36;
13, 308, 14, 258, 808, 9, 51, 1203, 56;
9, 303, 10, 240, 760, -18, 38, 1184, 39;
12, 305, 11, 280, 771, -7, 49, 1189, 46;
10, 301, 8, 274, 735, -27, 42, 1176, 34;
14, 304, 11, 325, 755, -9, 57, 1185, 45;
12, 300, 8, 315, 715, -30, 48, 1170, 31;
18, 304, 13, 387, 757, 1, 73, 1188, 52;
19, 303, 12, 404, 742, -2, 74, 1184, 49;
25, 308, 18, 478, 785, 32, 100, 1203, 70;
25, 306, 16, 488, 764, 24, 99, 1196, 66;
21, 300, 11, 459, 704, -9, 82, 1172, 45;
21, 299, 10, 473, 686, -14, 83, 1167, 41;
25, 301, 13, 525, 706, 5, 99, 1177, 54;
28, 303, 16, 568, 717, 20, 113, 1183, 63;
27, 299, 13, 562, 679, 2, 105, 1169, 52;
32, 303, 17, 621, 706, 28, 125, 1182, 68;
29, 298, 14, 607, 660, 6, 115, 1165, 54;
32, 299, 15, 642, 662, 16, 125, 1168, 61;
25, 291, 8, 592, 580, -29, 100, 1137, 32;
30, 294, 12, 650, 606, -3, 120, 1150, 49;
30, 293, 11, 661, 585, -7, 120, 1143, 46;
34, 294, 14, 703, 595, 8, 134, 1150, 56;
30, 288, 9, 672, 532, -24, 117, 1126, 35;
34, 291, 13, 725, 553, 0, 135, 1137, 50;
35, 290, 13, 741, 538, 0, 138, 1133, 50;
32, 286, 9, 722, 487, -23, 126, 1115, 36;
33, 285, 9, 740, 473, -22, 130, 1112, 37;
38, 288, 13, 792, 493, 2, 148, 1123, 52;
38, 286, 13, 805, 476, 1, 150, 1118, 52;
37, 283, 11, 798, 438, -11, 144, 1106, 43;
43, 288, 17, 869, 477, 25, 170, 1125, 66;
37, 280, 10, 820, 398, -15, 147, 1095, 41;
39, 281, 11, 845, 393, -6, 155, 1096, 46;
38, 277, 9, 838, 356, -19, 149, 1083, 38;
38, 275, 9, 842, 330, -24, 148, 1076, 35;
45, 282, 16, 922, 381, 21, 179, 1100, 64;
37, 272, 7, 851, 281, -32, 147, 1062, 30;
45, 277, 14, 924, 326, 9, 175, 1083, 57;
44, 275, 13, 925, 298, 4, 174, 1075, 53;
48, 277, 16, 962, 307, 23, 187, 1082, 65;
41, 269, 9, 902, 219, -22, 160, 1049, 37;
48, 274, 16, 977, 268, 23, 190, 1072, 65;
43, 267, 10, 928, 193, -13, 168, 1044, 42;
47, 271, 15, 976, 214, 14, 186, 1056, 59;
41, 263, 8, 921, 134, -26, 162, 1026, 34;
46, 266, 13, 966, 154, 0, 180, 1038, 51;
44, 262, 10, 948, 110, -14, 171, 1023, 41;
47, 264, 14, 983, 121, 5, 185, 1031, 54;
48, 263, 14, 989, 104, 7, 187, 1027, 55;
49, 263, 15, 1005, 98, 17, 193, 1028, 61;
47, 260, 13, 985, 55, 2, 184, 1014, 52;
45, 256, 11, 965, 13, -11, 176, 1000, 43;
45, 255, 11, 971, -1, -8, 178, 997, 45;
44, 252, 10, 956, -37, -17, 172, 986, 39;
48, 256, 14, 998, -15, 10, 189, 998, 57;
49, 255, 15, 1008, -24, 17, 194, 998, 62;
50, 255, 16, 1009, -41, 20, 195, 994, 63;
47, 251, 13, 983, -86, 3, 184, 979, 53;
51, 253, 17, 1017, -69, 28, 199, 989, 68;
42, 243, 8, 930, -172, -26, 164, 950, 34;
42, 242, 9, 929, -190, -24, 165, 946, 35;
50, 250, 18, 1008, -126, 31, 198, 976, 70;
41, 240, 9, 920, -229, -23, 163, 936, 36;
46, 244, 14, 963, -199, 9, 183, 952, 56;
50, 246, 18, 989, -186, 31, 195, 961, 70;
45, 240, 13, 939, -249, 2, 175, 938, 52;
48, 242, 17, 964, -235, 24, 188, 947, 66;
41, 235, 10, 896, -315, -15, 161, 917, 41;
47, 240, 17, 950, -271, 26, 186, 939, 67;
41, 233, 11, 886, -344, -9, 162, 912, 45;
44, 235, 14, 903, -335, 9, 171, 918, 56;
43, 233, 14, 888, -358, 6, 167, 912, 54;
44, 234, 16, 895, -357, 18, 173, 915, 62;
45, 234, 17, 895, -363, 26, 176, 916, 67;
35, 225, 8, 802, -462, -27, 140, 878, 33;
43, 231, 16, 862, -407, 21, 168, 904, 64;
37, 225, 11, 804, -468, -8, 147, 881, 45;
37, 225, 12, 796, -479, -4, 147, 879, 48;
39, 227, 15, 807, -471, 12, 154, 885, 58;
41, 228, 17, 818, -461, 29, 162, 892, 69;
38, 224, 14, 774, -505, 11, 148, 876, 57;
33, 220, 11, 725, -554, -10, 131, 859, 44;
37, 223, 15, 747, -531, 14, 144, 871, 59;
29, 215, 8, 664, -612, -29, 114, 840, 32;
34, 220, 14, 702, -571, 7, 133, 859, 55;
29, 216, 10, 651, -618, -14, 116, 842, 42;
29, 215, 10, 635, -631, -13, 114, 839, 42;
35, 221, 18, 683, -578, 31, 138, 863, 70;
25, 212, 9, 582, -672, -22, 100, 827, 36;
31, 217, 15, 624, -624, 17, 122, 849, 61;
31, 218, 16, 614, -626, 24, 123, 850, 66;
21, 208, 7, 508, -724, -32, 83, 811, 30;
23, 210, 11, 518, -705, -12, 92, 821, 43;
24, 211, 13, 516, -698, 0, 96, 826, 50;
28, 216, 17, 540, -662, 30, 111, 842, 69;
23, 211, 13, 480, -711, 4, 91, 824, 53;
23, 211, 14, 469, -710, 11, 91, 826, 58;
23, 212, 16, 461, -705, 21, 93, 829, 64;
22, 211, 15, 434, -719, 17, 87, 825, 62;
18, 208, 12, 382, -756, -1, 70, 811, 49;
15, 206, 11, 348, -776, -9, 61, 804, 45;
21, 212, 17, 384, -724, 30, 81, 827, 69;
17, 209, 15, 338, -753, 14, 68, 816, 60;
10, 202, 9, 255, -819, -24, 39, 789, 35;
12, 205, 12, 266, -790, -1, 49, 803, 50;
16, 210, 18, 292, -746, 31, 65, 822, 70;
9, 204, 11, 208, -810, -7, 36, 796, 46;
7, 202, 10, 174, -824, -14, 27, 791, 42;
6, 202, 10, 151, -827, -13, 23, 790, 42;
5, 203, 11, 136, -821, -7, 22, 793, 46;
3, 202, 10, 100, -836, -15, 13, 788, 41;
3, 203, 11, 87, -826, -7, 13, 792, 46;
7, 207, 16, 107, -784, 22, 27, 810, 64;
3, 205, 14, 61, -806, 8, 14, 801, 56;
2, 204, 13, 32, -811, 5, 7, 799, 54;
-3, 200, 9, -37, -856, -24, -15, 780, 35;
2, 207, 16, 8, -786, 22, 9, 809, 64;
-2, 203, 12, -53, -822, -2, -10, 794, 49;
-7, 200, 9, -109, -853, -23, -28, 781, 36;
-6, 202, 10, -118, -835, -13, -26, 788, 42;
-4, 205, 13, -114, -804, 5, -19, 801, 54;
-11, 200, 8, -189, -851, -27, -44, 781, 33;
-10, 202, 10, -193, -828, -14, -40, 790, 42;
-8, 205, 13, -189, -796, 4, -33, 802, 53;
-15, 200, 8, -266, -844, -30, -60, 782, 32;
-11, 205, 13, -244, -794, 0, -45, 802, 50;
-16, 202, 9, -306, -826, -25, -65, 788, 35;
-18, 201, 8, -334, -825, -28, -72, 787, 33;
-14, 207, 13, -313, -774, 1, -57, 807, 51;
-21, 202, 8, -385, -815, -30, -82, 789, 31;
-20, 204, 9, -391, -791, -19, -79, 798, 38;
-20, 206, 11, -403, -772, -12, -79, 804, 43;
-18, 209, 14, -397, -736, 6, -72, 818, 54;
-24, 205, 9, -463, -771, -22, -94, 802, 36;
-26, 205, 8, -496, -772, -29, -102, 800, 32;
-24, 208, 11, -492, -737, -12, -96, 813, 43;
-26, 208, 10, -523, -736, -18, -103, 812, 39;
-25, 210, 11, -527, -708, -7, -101, 821, 46;
-20, 217, 18, -489, -638, 31, -80, 849, 70;
-22, 217, 17, -516, -633, 27, -87, 849, 68;
-26, 215, 14, -567, -652, 7, -103, 839, 55;
-25, 217, 16, -568, -621, 19, -99, 850, 62;
-30, 214, 12, -626, -646, -5, -118, 837, 47;
-30, 216, 12, -640, -628, -2, -120, 842, 49;
-32, 216, 12, -664, -620, -6, -126, 844, 47;
-31, 219, 14, -662, -587, 6, -121, 855, 55;
-29, 222, 16, -656, -548, 23, -114, 869, 65;
-30, 223, 16, -674, -534, 22, -118, 872, 64;
-30, 224, 16, -689, -518, 23, -120, 877, 65;
-32, 225, 16, -713, -510, 18, -126, 877, 62;
-39, 219, 9, -792, -557, -23, -155, 855, 36;
-39, 222, 11, -792, -525, -12, -152, 866, 43;
-42, 220, 8, -833, -534, -29, -165, 859, 32;
-35, 229, 16, -774, -444, 19, -137, 894, 62;
-36, 229, 15, -793, -433, 15, -142, 896, 60;
-44, 223, 8, -875, -483, -29, -173, 872, 32;
-37, 232, 16, -815, -393, 18, -145, 906, 62;
-37, 233, 16, -826, -374, 19, -147, 911, 63;
-42, 230, 11, -878, -396, -6, -166, 899, 46;
-39, 235, 15, -852, -341, 17, -153, 919, 61;
-42, 234, 12, -891, -350, 0, -166, 912, 50;
-46, 232, 9, -929, -359, -19, -180, 905, 38;
-45, 234, 10, -930, -331, -13, -178, 914, 42;
-46, 235, 10, -939, -312, -13, -179, 918, 42;
-40, 242, 16, -894, -239, 22, -159, 945, 64;
-41, 243, 16, -904, -222, 20, -161, 949, 63;
-45, 241, 12, -945, -235, -1, -176, 940, 50;
-42, 245, 16, -919, -184, 19, -164, 959, 63;
-44, 245, 14, -945, -184, 6, -174, 955, 55;
-42, 248, 16, -930, -142, 20, -166, 969, 63;
-47, 244, 11, -981, -169, -10, -186, 955, 44;
-43, 251, 16, -938, -101, 21, -167, 980, 64;
-41, 254, 18, -926, -65, 31, -161, 991, 70;
-47, 250, 12, -980, -95, -2, -183, 975, 49;
-43, 255, 16, -947, -39, 21, -169, 995, 64;
-50, 249, 9, -1018, -88, -24, -198, 971, 35;
-48, 252, 11, -997, -45, -9, -189, 986, 44;
-48, 253, 11, -1001, -28, -12, -190, 989, 43;
-47, 256, 12, -989, 4, -4, -185, 1000, 48;
-46, 259, 13, -974, 39, 5, -179, 1011, 54;
-49, 257, 10, -1004, 28, -15, -192, 1003, 41;
-42, 265, 17, -939, 112, 27, -165, 1034, 67;
-42, 266, 17, -938, 131, 26, -166, 1039, 67;
-41, 268, 17, -928, 158, 30, -162, 1047, 69;
-51, 260, 8, -1014, 88, -29, -199, 1014, 32;
-45, 267, 13, -958, 161, 5, -176, 1041, 54;
-41, 271, 17, -923, 211, 25, -163, 1058, 66;
-45, 269, 13, -953, 196, 1, -177, 1049, 51;
-48, 267, 10, -975, 187, -17, -188, 1042, 40;
-44, 271, 13, -938, 237, 2, -174, 1059, 52;
-42, 275, 15, -911, 276, 15, -164, 1072, 60;
-41, 277, 16, -896, 303, 20, -160, 1080, 63;
-47, 271, 9, -951, 259, -21, -185, 1059, 37;
-40, 279, 15, -883, 337, 17, -158, 1088, 61;
-41, 279, 15, -881, 348, 12, -160, 1089, 58;
-45, 275, 9, -921, 317, -21, -179, 1073, 37;
-42, 279, 12, -881, 365, -1, -165, 1090, 49;
-41, 280, 13, -868, 385, 0, -162, 1095, 50;
-45, 277, 8, -896, 363, -26, -176, 1083, 34;
-36, 287, 17, -805, 460, 25, -141, 1120, 66;
-35, 288, 17, -789, 479, 27, -138, 1126, 67;
-36, 288, 16, -789, 484, 18, -140, 1125, 62;
-35, 289, 16, -773, 502, 19, -137, 1129, 63;
-33, 292, 17, -745, 533, 28, -129, 1139, 68;
-40, 284, 9, -809, 470, -24, -159, 1110, 35;
-38, 287, 11, -774, 505, -11, -148, 1122, 43;
-32, 293, 16, -712, 567, 19, -126, 1145, 62;
-34, 291, 13, -723, 555, 1, -134, 1138, 51;
-37, 288, 9, -743, 533, -23, -146, 1126, 36;
-36, 290, 9, -721, 552, -20, -141, 1132, 38;
-30, 295, 14, -661, 609, 8, -120, 1153, 55;
-27, 299, 17, -615, 650, 26, -105, 1168, 67;
-29, 297, 14, -625, 635, 7, -114, 1160, 55;
-34, 292, 8, -663, 592, -30, -134, 1139, 31;
-31, 295, 10, -620, 627, -15, -121, 1152, 41;
-23, 302, 17, -538, 702, 26, -91, 1181, 67;
-23, 302, 16, -528, 704, 19, -91, 1180, 63;
-26, 299, 12, -541, 682, -2, -101, 1169, 49;
-25, 299, 12, -526, 687, -6, -100, 1169, 46;
-26, 299, 10, -517, 686, -14, -101, 1167, 41;
-18, 306, 17, -436, 755, 24, -72, 1194, 66;
-20, 303, 13, -445, 734, 4, -81, 1183, 53;
-15, 308, 18, -380, 786, 32, -59, 1203, 71;
-19, 303, 12, -411, 742, -2, -77, 1183, 49;
-17, 305, 13, -376, 762, 5, -68, 1191, 54;
-16, 306, 14, -349, 774, 8, -62, 1194, 56;
-17, 303, 11, -354, 753, -10, -69, 1184, 44;
-18, 302, 9, -349, 742, -22, -72, 1179, 37;
-10, 310, 16, -255, 818, 24, -39, 1209, 65;
-15, 303, 10, -294, 762, -17, -60, 1185, 40;
-14, 304, 10, -268, 770, -15, -55, 1187, 41;
-14, 303, 8, -260, 758, -26, -57, 1181, 34;
-13, 303, 8, -239, 760, -28, -54, 1181, 33;
-13, 302, 8, -219, 759, -31, -51, 1181, 31;
-7, 307, 12, -155, 803, -4, -30, 1198, 47;
-4, 310, 14, -105, 830, 11, -15, 1209, 58;
0, 312, 17, -59, 854, 26, -2, 1219, 67;
0, 311, 15, -48, 843, 17, -3, 1213, 61;
0, 311, 16, -20, 847, 18, 2, 1215, 62;
0, 309, 14, -13, 830, 7, 0, 1208, 55;
4, 313, 17, 45, 865, 30, 18, 1222, 69;
-3, 303, 8, -22, 771, -31, -15, 1184, 31;
5, 311, 16, 77, 846, 18, 20, 1215, 62;
6, 311, 16, 101, 845, 18, 25, 1214, 62;
7, 311, 15, 123, 839, 16, 28, 1212, 61;
5, 307, 12, 119, 809, -2, 21, 1200, 49;
8, 309, 14, 165, 827, 11, 34, 1208, 58;
4, 304, 9, 140, 775, -21, 18, 1187, 37;
5, 303, 9, 161, 768, -22, 22, 1185, 36;
12, 309, 14, 238, 816, 12, 48, 1206, 58;
9, 305, 11, 227, 776, -11, 38, 1190, 43;
12, 306, 13, 268, 788, 0, 49, 1196, 50;
19, 311, 18, 340, 830, 31, 74, 1214, 70;
20, 310, 18, 362, 822, 31, 78, 1212, 70;
16, 305, 13, 338, 769, 0, 63, 1191, 50;
22, 309, 17, 408, 808, 30, 86, 1208, 70;
15, 301, 10, 356, 726, -18, 60, 1175, 39;
15, 299, 8, 366, 704, -27, 58, 1168, 33;
22, 305, 14, 447, 755, 11, 87, 1190, 58;
25, 306, 16, 485, 761, 22, 98, 1194, 64;
27, 306, 17, 516, 760, 28, 105, 1196, 68;
20, 297, 9, 460, 673, -22, 78, 1161, 36;
19, 296, 8, 471, 652, -30, 77, 1154, 32;
23, 297, 10, 514, 663, -15, 90, 1161, 41;
27, 300, 13, 563, 680, 3, 106, 1170, 53;
30, 301, 15, 602, 687, 15, 117, 1174, 60;
24, 294, 9, 562, 615, -23, 96, 1147, 36;
27, 295, 11, 602, 623, -9, 109, 1152, 44;
32, 298, 15, 654, 643, 12, 126, 1162, 58;
34, 298, 15, 682, 638, 18, 133, 1163, 62;
37, 299, 17, 719, 643, 30, 144, 1167, 69;
36, 297, 16, 724, 616, 21, 142, 1158, 64;
30, 289, 10, 680, 540, -18, 120, 1129, 39;
31, 288, 10, 698, 526, -18, 124, 1126, 39;
36, 291, 14, 750, 546, 5, 142, 1137, 54;
38, 292, 15, 782, 547, 16, 151, 1140, 61;
34, 286, 10, 751, 484, -14, 135, 1116, 41;
39, 289, 14, 801, 502, 8, 152, 1127, 56;
33, 281, 8, 755, 425, -31, 130, 1098, 31;
40, 286, 14, 829, 469, 8, 157, 1118, 56;
41, 285, 14, 843, 452, 8, 160, 1114, 56;
42, 285, 15, 864, 442, 13, 166, 1113, 59;
44, 285, 16, 887, 435, 20, 172, 1113, 63;
44, 284, 16, 897, 415, 19, 173, 1108, 63;
45, 282, 16, 907, 395, 18, 175, 1103, 62;
40, 276, 10, 867, 326, -15, 156, 1077, 41;
42, 277, 12, 897, 327, -1, 166, 1080, 49;
44, 277, 13, 918, 319, 5, 173, 1081, 54;
43, 274, 12, 915, 288, -2, 170, 1071, 49;
40, 269, 9, 889, 234, -25, 157, 1052, 35;
43, 271, 12, 928, 246, -4, 171, 1060, 48;
41, 268, 9, 912, 203, -20, 163, 1045, 38;
43, 268, 11, 932, 196, -11, 169, 1046, 43;
48, 271, 15, 980, 218, 16, 188, 1058, 61;
49, 270, 16, 991, 203, 20, 191, 1055, 63;
42, 262, 9, 932, 119, -22, 166, 1024, 36;
49, 268, 16, 1000, 163, 20, 193, 1045, 63;
42, 259, 9, 940, 78, -22, 167, 1013, 36;
42, 258, 9, 941, 56, -24, 167, 1008, 36;
49, 263, 15, 1006, 98, 17, 193, 1028, 62;
45, 258, 11, 969, 38, -8, 177, 1007, 45;
47, 258, 13, 987, 35, 3, 185, 1009, 52;
49, 259, 15, 1006, 32, 14, 192, 1011, 60;
49, 258, 15, 1004, 11, 14, 192, 1006, 59;
49, 257, 15, 1007, -5, 16, 193, 1002, 61;
45, 251, 11, 965, -68, -11, 176, 980, 44;
42, 247, 8, 935, -115, -29, 164, 963, 32;
46, 250, 12, 973, -96, -2, 180, 975, 49;
43, 246, 10, 949, -137, -16, 171, 961, 40;
46, 247, 12, 967, -135, -1, 179, 965, 49;
46, 246, 13, 968, -151, 1, 181, 962, 51;
50, 249, 17, 1004, -130, 29, 197, 974, 69;
44, 243, 12, 946, -202, -5, 174, 948, 47;
41, 239, 9, 915, -247, -22, 163, 932, 36;
44, 241, 12, 939, -236, -1, 174, 940, 49;
47, 242, 15, 959, -229, 16, 184, 947, 61;
43, 237, 11, 916, -283, -7, 168, 927, 46;
42, 235, 11, 901, -309, -11, 164, 919, 43;
39, 232, 9, 875, -346, -23, 155, 908, 36;
43, 235, 13, 903, -327, 1, 169, 919, 52;
46, 238, 17, 928, -310, 25, 181, 929, 66;
37, 228, 8, 833, -413, -30, 145, 889, 31;
43, 233, 14, 882, -370, 9, 168, 910, 57;
40, 229, 12, 849, -410, -4, 156, 896, 48;
39, 228, 12, 837, -427, -3, 155, 892, 48;
36, 224, 9, 796, -473, -22, 140, 876, 36;
34, 222, 8, 774, -498, -28, 134, 868, 33;
40, 228, 15, 826, -449, 15, 159, 891, 60;
37, 225, 13, 789, -488, 0, 147, 878, 51;
42, 229, 18, 820, -459, 31, 163, 893, 70;
36, 223, 13, 763, -517, 3, 143, 872, 53;
37, 223, 14, 758, -521, 11, 145, 872, 57;
36, 223, 15, 745, -533, 13, 143, 870, 59;
29, 215, 8, 664, -612, -29, 113, 840, 32;
37, 223, 17, 734, -539, 28, 146, 872, 68;
32, 218, 13, 672, -597, 0, 125, 851, 50;
31, 217, 13, 660, -606, 3, 124, 849, 53;
34, 220, 16, 671, -590, 23, 133, 858, 65;
26, 212, 10, 588, -666, -19, 103, 829, 39;
30, 216, 14, 611, -637, 8, 117, 843, 56;
29, 216, 15, 597, -643, 12, 115, 843, 58;
24, 211, 11, 541, -691, -11, 97, 825, 44;
21, 208, 8, 494, -729, -28, 82, 811, 33;
27, 214, 15, 539, -674, 15, 106, 836, 60;
20, 207, 9, 460, -742, -22, 78, 809, 36;
25, 213, 16, 502, -690, 18, 100, 833, 62;
25, 213, 16, 487, -692, 23, 98, 833, 65;
20, 209, 12, 428, -739, -1, 79, 815, 50;
22, 211, 16, 436, -716, 19, 88, 826, 62;
15, 205, 9, 354, -784, -20, 59, 799, 38;
19, 209, 15, 380, -743, 12, 75, 818, 58;
18, 209, 15, 358, -749, 13, 71, 816, 59;
10, 201, 7, 267, -824, -31, 39, 787, 31;
11, 203, 10, 266, -808, -17, 43, 794, 40;
15, 208, 15, 294, -762, 17, 60, 814, 61;
13, 207, 15, 263, -775, 12, 53, 810, 58;
5, 200, 8, 177, -842, -28, 23, 783, 32;
14, 209, 17, 241, -758, 29, 55, 818, 69;
8, 205, 13, 177, -801, 3, 34, 801, 53;
5, 203, 11, 136, -821, -7, 22, 793, 46;
6, 205, 13, 131, -804, 5, 26, 801, 54;
8, 208, 16, 135, -778, 24, 33, 812, 66;
3, 204, 12, 73, -818, 0, 13, 796, 50;
0, 202, 11, 30, -837, -12, 1, 788, 42;
-2, 200, 9, -10, -854, -23, -9, 781, 36;
-4, 199, 8, -42, -862, -28, -17, 778, 33;
2, 207, 16, 6, -788, 20, 8, 809, 63;
2, 208, 17, -7, -776, 28, 8, 813, 68;
-5, 202, 11, -90, -833, -10, -20, 790, 44;
-5, 203, 12, -107, -824, -6, -22, 793, 47;
-5, 205, 13, -116, -806, 4, -20, 800, 53;
-3, 208, 16, -110, -773, 24, -12, 813, 66;
-3, 209, 17, -126, -761, 30, -13, 818, 70;
-13, 201, 9, -230, -837, -22, -50, 786, 36;
-6, 209, 17, -179, -757, 27, -24, 818, 68;
-14, 202, 9, -275, -824, -20, -58, 789, 38;
-16, 202, 9, -298, -818, -20, -62, 791, 38;
-9, 211, 17, -247, -737, 30, -35, 824, 69;
-18, 203, 9, -351, -812, -23, -73, 792, 36;
-19, 204, 10, -366, -796, -18, -74, 797, 39;
-15, 209, 14, -344, -744, 11, -60, 817, 58;
-19, 207, 11, -396, -765, -7, -76, 807, 46;
-15, 213, 17, -367, -706, 26, -59, 830, 67;
-18, 211, 15, -406, -714, 15, -70, 826, 60;
-24, 206, 9, -482, -758, -20, -96, 806, 38;
-26, 206, 9, -511, -755, -24, -103, 805, 35;
-18, 216, 17, -449, -661, 30, -73, 843, 70;
-29, 207, 8, -557, -738, -27, -113, 809, 33;
-20, 217, 18, -489, -638, 31, -80, 848, 70;
-29, 210, 10, -583, -700, -17, -114, 821, 40;
-22, 218, 17, -532, -617, 30, -88, 853, 69;
-27, 216, 14, -586, -639, 7, -106, 842, 55;
-32, 212, 9, -647, -667, -19, -127, 828, 38;
-32, 214, 10, -658, -646, -14, -127, 835, 41;
-29, 219, 15, -634, -590, 13, -113, 856, 59;
-33, 216, 11, -687, -612, -9, -131, 845, 44;
-35, 216, 10, -714, -606, -15, -138, 845, 41;
-31, 222, 15, -685, -545, 15, -122, 868, 60;
-31, 224, 16, -690, -518, 23, -120, 876, 65;
-38, 218, 9, -774, -570, -21, -151, 852, 37;
-32, 226, 16, -722, -486, 23, -126, 884, 65;
-36, 224, 13, -770, -503, 1, -143, 875, 52;
-35, 226, 14, -771, -473, 11, -140, 885, 58;
-38, 226, 13, -803, -473, 0, -149, 882, 50;
-40, 226, 11, -827, -466, -6, -156, 882, 46;
-44, 224, 8, -871, -480, -27, -171, 873, 33;
-45, 224, 8, -890, -468, -31, -176, 875, 31;
-39, 232, 14, -838, -386, 11, -152, 906, 58;
-41, 231, 12, -871, -389, -2, -163, 902, 49;
-43, 231, 11, -892, -380, -8, -169, 903, 45;
-45, 231, 10, -917, -376, -18, -177, 901, 39;
-42, 235, 13, -896, -326, 2, -166, 919, 52;
-46, 233, 9, -939, -341, -19, -182, 910, 38;
-45, 236, 11, -935, -308, -10, -178, 920, 44;
-43, 239, 13, -919, -264, 5, -169, 935, 54;
-47, 237, 10, -958, -276, -15, -184, 927, 41;
-46, 239, 11, -957, -248, -9, -181, 935, 44;
-48, 240, 10, -975, -239, -17, -187, 936, 40;
-48, 241, 10, -984, -222, -19, -190, 939, 39;
-44, 246, 14, -948, -160, 8, -174, 962, 56;
-50, 242, 9, -1003, -190, -24, -195, 946, 35;
-42, 251, 16, -937, -100, 21, -167, 980, 64;
-45, 250, 14, -960, -99, 9, -176, 977, 56;
-43, 254, 16, -942, -57, 23, -167, 991, 65;
-44, 253, 14, -962, -54, 11, -175, 989, 58;
-50, 250, 9, -1010, -80, -19, -195, 975, 38;
-44, 257, 15, -958, -6, 16, -173, 1002, 61;
-44, 258, 15, -961, 11, 14, -174, 1006, 59;
-46, 257, 13, -980, 13, 2, -182, 1003, 52;
-41, 263, 18, -934, 78, 31, -163, 1027, 70;
-46, 259, 13, -978, 54, 1, -181, 1013, 52;
-50, 257, 9, -1017, 34, -24, -198, 1002, 35;
-44, 264, 14, -960, 109, 11, -175, 1030, 58;
-42, 267, 16, -939, 148, 23, -167, 1042, 65;
-49, 261, 9, -1002, 101, -21, -194, 1019, 37;
-41, 270, 17, -924, 195, 27, -163, 1055, 68;
-49, 264, 9, -994, 140, -21, -192, 1029, 37;
-42, 271, 16, -926, 223, 19, -166, 1060, 63;
-45, 270, 13, -947, 215, 1, -176, 1053, 51;
-45, 271, 13, -942, 234, 0, -175, 1058, 51;
-40, 276, 17, -895, 293, 26, -157, 1079, 67;
-48, 269, 8, -968, 232, -27, -189, 1051, 34;
-41, 277, 15, -896, 315, 15, -161, 1082, 60;
-44, 274, 11, -923, 297, -9, -175, 1071, 45;
-43, 276, 12, -906, 324, -4, -170, 1079, 48;
-42, 278, 13, -888, 350, 0, -165, 1087, 51;
-40, 281, 14, -862, 383, 10, -157, 1098, 57;
-36, 285, 17, -822, 430, 29, -143, 1114, 69;
-40, 283, 13, -847, 412, 5, -156, 1103, 54;
-38, 284, 14, -828, 437, 10, -150, 1111, 57;
-44, 279, 8, -873, 396, -28, -172, 1091, 33;
-36, 288, 15, -791, 481, 16, -141, 1124, 61;
-34, 290, 16, -768, 507, 23, -135, 1132, 65;
-37, 288, 13, -782, 495, 3, -144, 1124, 53;
-37, 287, 12, -780, 499, -4, -147, 1122, 47;
-38, 287, 10, -778, 501, -13, -149, 1121, 42;
-36, 289, 11, -755, 524, -8, -143, 1128, 45;
-39, 286, 7, -774, 504, -32, -155, 1117, 30;
-36, 289, 10, -735, 541, -17, -143, 1130, 39;
-28, 297, 17, -649, 624, 27, -111, 1162, 68;
-32, 294, 12, -676, 594, -2, -127, 1147, 49;
-33, 293, 10, -675, 590, -13, -130, 1143, 42;
-26, 300, 17, -595, 666, 27, -101, 1172, 68;
-34, 292, 8, -662, 593, -29, -133, 1140, 32;
-30, 295, 11, -616, 632, -12, -119, 1154, 43;
-28, 297, 12, -585, 655, -5, -111, 1161, 47;
-29, 296, 10, -585, 647, -18, -115, 1156, 39;
-30, 295, 8, -584, 639, -31, -119, 1151, 31;
-29, 296, 8, -560, 653, -29, -114, 1155, 32;
-24, 301, 12, -498, 704, -2, -93, 1174, 49;
-27, 297, 8, -519, 672, -30, -107, 1159, 32;
-18, 306, 16, -421, 758, 20, -71, 1193, 63;
-22, 301, 10, -450, 716, -13, -88, 1174, 42;
-16, 306, 15, -383, 770, 16, -66, 1195, 60;
-23, 299, 8, -429, 709, -29, -90, 1169, 32;
-16, 305, 14, -353, 771, 6, -63, 1193, 54;
-11, 309, 17, -299, 809, 26, -46, 1207, 67;
-19, 301, 8, -354, 737, -25, -74, 1177, 34;
-15, 304, 11, -307, 767, -10, -60, 1188, 44;
-14, 304, 11, -286, 770, -12, -57, 1188, 43;
-10, 308, 14, -233, 804, 7, -41, 1201, 55;
-6, 311, 17, -178, 840, 27, -23, 1216, 68;
-10, 306, 12, -202, 796, -4, -39, 1197, 48;
-7, 308, 14, -162, 816, 6, -28, 1204, 54;
-4, 310, 15, -128, 829, 13, -19, 1209, 59;
-1, 312, 17, -81, 854, 27, -5, 1219, 68;
0, 312, 17, -58, 855, 26, -1, 1219, 67;
-5, 306, 10, -94, 796, -13, -22, 1194, 42;
-6, 304, 9, -85, 782, -24, -24, 1188, 35;
0, 309, 13, -16, 827, 5, -1, 1207, 54;
2, 311, 15, 26, 845, 17, 10, 1214, 61;
0, 308, 12, 18, 813, -3, 2, 1201, 48;
-2, 303, 8, 4, 773, -30, -9, 1184, 32;
5, 310, 15, 94, 837, 13, 22, 1211, 59;
6, 310, 15, 117, 833, 12, 26, 1210, 58;
6, 308, 13, 129, 819, 4, 25, 1204, 53;
10, 311, 16, 182, 845, 23, 42, 1216, 65;
7, 307, 12, 169, 804, -1, 31, 1199, 50;
9, 307, 13, 199, 806, 2, 38, 1201, 52;
11, 308, 14, 234, 812, 9, 46, 1204, 56;
9, 305, 11, 227, 776, -11, 38, 1190, 43;
18, 311, 18, 317, 837, 32, 70, 1216, 71;
14, 306, 13, 295, 786, 2, 55, 1196, 52;
12, 303, 10, 292, 753, -15, 49, 1183, 41;
20, 309, 16, 374, 805, 23, 78, 1206, 65;
15, 302, 10, 340, 740, -14, 58, 1180, 42;
13, 299, 8, 341, 710, -29, 53, 1169, 32;
21, 306, 15, 426, 764, 12, 83, 1193, 58;
22, 305, 14, 445, 753, 10, 86, 1189, 57;
19, 300, 10, 431, 707, -13, 75, 1172, 42;
24, 304, 14, 490, 735, 11, 95, 1185, 57;
21, 299, 10, 471, 684, -15, 82, 1166, 41;
24, 300, 12, 514, 695, -1, 95, 1172, 50;
22, 297, 10, 509, 658, -18, 88, 1159, 39;
22, 294, 8, 514, 631, -29, 85, 1149, 32;
28, 299, 14, 589, 674, 7, 112, 1169, 55;
32, 302, 17, 637, 689, 26, 127, 1178, 67;
26, 294, 10, 591, 612, -17, 104, 1147, 40;
35, 301, 18, 682, 671, 30, 138, 1174, 70;
36, 300, 18, 703, 660, 32, 142, 1172, 71;
28, 291, 9, 642, 566, -20, 112, 1135, 38;
36, 297, 16, 727, 619, 24, 143, 1160, 66;
32, 291, 11, 695, 555, -8, 126, 1136, 45;
39, 296, 17, 767, 595, 27, 152, 1154, 68;
40, 295, 17, 787, 583, 30, 157, 1152, 69;
31, 284, 7, 709, 473, -32, 121, 1109, 30;
41, 293, 17, 814, 547, 27, 161, 1143, 68;
36, 286, 12, 781, 483, -4, 144, 1118, 48;
40, 288, 14, 818, 488, 10, 156, 1124, 57;
43, 290, 17, 859, 498, 28, 169, 1131, 68;
36, 281, 10, 802, 411, -18, 143, 1097, 39;
36, 279, 9, 809, 387, -22, 143, 1090, 36;
39, 280, 11, 840, 388, -10, 153, 1094, 44;
40, 280, 12, 860, 378, -5, 158, 1092, 47;
43, 280, 14, 888, 376, 6, 167, 1095, 54;
42, 278, 12, 888, 347, -1, 165, 1086, 50;
44, 278, 14, 913, 343, 8, 173, 1087, 56;
42, 275, 12, 902, 303, -5, 166, 1074, 47;
45, 276, 14, 937, 310, 12, 178, 1080, 58;
44, 274, 13, 929, 274, 1, 173, 1068, 51;
40, 268, 8, 895, 213, -26, 157, 1046, 34;
45, 271, 13, 947, 238, 3, 177, 1060, 53;
43, 268, 11, 935, 199, -9, 171, 1047, 45;
40, 263, 8, 909, 147, -30, 159, 1028, 31;
42, 264, 9, 930, 143, -20, 166, 1030, 38;
47, 267, 14, 978, 165, 8, 185, 1043, 56;
41, 260, 8, 928, 91, -28, 163, 1015, 33;
46, 263, 12, 972, 111, 0, 181, 1027, 50;
49, 264, 15, 1001, 117, 16, 192, 1033, 61;
50, 264, 16, 1016, 108, 24, 198, 1033, 66;
49, 262, 15, 1005, 74, 15, 192, 1022, 60;
47, 258, 13, 987, 35, 3, 185, 1009, 52;
46, 256, 12, 975, 2, -5, 180, 999, 47;
46, 254, 12, 974, -19, -6, 179, 993, 47;
51, 258, 17, 1020, 6, 25, 198, 1007, 66;
51, 257, 17, 1019, -13, 25, 198, 1003, 66;
51, 256, 17, 1024, -27, 29, 201, 1000, 69;
47, 251, 14, 988, -81, 7, 187, 981, 55;
50, 253, 16, 1010, -76, 24, 196, 986, 66;
48, 249, 15, 988, -114, 12, 188, 974, 58;
47, 247, 13, 973, -145, 5, 183, 965, 54;
41, 240, 8, 914, -220, -31, 159, 937, 31;
43, 242, 11, 938, -211, -11, 171, 944, 43;
49, 247, 17, 990, -172, 27, 194, 963, 67;
41, 237, 9, 906, -269, -24, 160, 926, 35;
44, 239, 12, 928, -260, -4, 171, 934, 48;
44, 238, 12, 924, -275, -1, 171, 931, 49;
39, 233, 8, 879, -331, -26, 155, 911, 34;
43, 236, 13, 913, -308, 2, 171, 923, 52;
48, 240, 18, 948, -281, 32, 188, 937, 71;
41, 233, 11, 879, -359, -6, 161, 909, 46;
38, 229, 9, 846, -400, -21, 150, 895, 37;
42, 232, 13, 874, -379, 4, 164, 906, 53;
38, 227, 10, 829, -430, -17, 148, 888, 39;
35, 224, 8, 800, -464, -28, 139, 877, 33;
41, 230, 15, 849, -420, 12, 162, 898, 58;
36, 224, 10, 793, -479, -15, 142, 876, 41;
36, 224, 11, 786, -489, -10, 143, 875, 44;
41, 229, 17, 825, -452, 24, 162, 893, 66;
34, 221, 10, 752, -527, -14, 135, 865, 42;
40, 226, 16, 793, -486, 23, 156, 884, 65;
31, 217, 8, 700, -579, -27, 121, 848, 33;
39, 225, 17, 768, -510, 28, 153, 880, 68;
33, 219, 12, 702, -574, -3, 129, 856, 48;
29, 215, 9, 657, -616, -22, 114, 840, 36;
30, 216, 11, 655, -615, -11, 118, 843, 43;
34, 220, 15, 680, -585, 17, 132, 858, 61;
32, 218, 15, 658, -602, 15, 128, 853, 60;
24, 210, 7, 568, -686, -32, 95, 821, 30;
32, 219, 17, 636, -611, 25, 127, 854, 67;
27, 214, 13, 578, -662, 0, 107, 835, 51;
31, 218, 18, 604, -628, 30, 123, 851, 70;
26, 212, 13, 540, -683, 2, 101, 830, 52;
28, 215, 16, 548, -665, 21, 109, 839, 64;
19, 206, 8, 453, -750, -28, 74, 806, 33;
25, 213, 15, 500, -691, 17, 99, 832, 61;
26, 214, 17, 497, -682, 30, 103, 837, 70;
24, 213, 17, 471, -695, 27, 97, 833, 68;
21, 210, 15, 426, -726, 12, 83, 822, 58;
23, 213, 18, 432, -706, 32, 91, 832, 70;
15, 205, 11, 343, -780, -12, 60, 802, 43;
20, 211, 16, 375, -732, 24, 78, 823, 66;
17, 209, 15, 342, -749, 17, 69, 818, 62;
13, 206, 13, 292, -782, 0, 54, 805, 51;
9, 202, 9, 233, -823, -23, 35, 789, 36;
16, 210, 17, 289, -748, 30, 64, 821, 69;
14, 208, 16, 253, -765, 21, 54, 814, 64;
11, 207, 15, 219, -779, 15, 46, 809, 60;
12, 208, 16, 207, -771, 23, 46, 814, 65;
3, 201, 9, 114, -844, -22, 13, 784, 36;
1, 199, 8, 79, -856, -28, 5, 779, 32;
8, 208, 16, 135, -778, 24, 33, 812, 66;
3, 204, 13, 75, -816, 0, 14, 797, 51;
-1, 200, 9, 13, -854, -24, -5, 781, 36;
-3, 199, 8, -17, -861, -28, -12, 778, 33;
-5, 199, 8, -47, -867, -31, -19, 776, 31;
3, 208, 17, 14, -779, 26, 11, 812, 67;
0, 207, 16, -20, -789, 19, 2, 808, 62;
-2, 205, 14, -61, -804, 8, -8, 802, 56;
0, 209, 18, -49, -766, 32, 1, 817, 71;
-5, 205, 13, -115, -805, 5, -19, 801, 54;
-5, 206, 14, -134, -797, 8, -22, 803, 56;
-4, 208, 17, -134, -769, 24, -16, 814, 66;
-8, 205, 13, -192, -798, 2, -34, 801, 52;
-14, 201, 8, -261, -840, -27, -58, 784, 33;
-11, 206, 13, -240, -789, 2, -43, 804, 52;
-13, 205, 12, -275, -795, -4, -52, 801, 48;
-15, 205, 11, -302, -793, -7, -58, 800, 46;
-12, 209, 15, -289, -750, 17, -48, 817, 61;
-15, 208, 13, -331, -762, 4, -60, 811, 53;
-18, 206, 11, -376, -776, -9, -73, 804, 44;
-20, 206, 10, -405, -774, -13, -80, 804, 42;
-16, 212, 16, -375, -714, 21, -62, 827, 64;
-18, 211, 14, -412, -719, 11, -72, 824, 58;
-22, 209, 12, -458, -734, -4, -87, 816, 48;
-18, 214, 17, -434, -678, 26, -71, 837, 67;
-28, 206, 8, -537, -749, -27, -109, 806, 33;
-23, 213, 14, -502, -683, 9, -90, 832, 56;
-24, 213, 14, -527, -676, 6, -96, 833, 55;
-27, 212, 11, -568, -685, -6, -108, 827, 46;
-28, 213, 11, -588, -673, -6, -112, 830, 46;
-23, 219, 17, -553, -606, 29, -92, 856, 69;
-27, 217, 14, -601, -622, 10, -108, 847, 57;
-34, 212, 9, -674, -662, -25, -134, 828, 35;
-32, 216, 11, -666, -622, -7, -126, 843, 46;
-27, 223, 18, -626, -551, 30, -106, 870, 70;
-33, 219, 12, -692, -584, 0, -129, 854, 50;
-36, 217, 10, -732, -592, -15, -141, 848, 41;
-34, 221, 13, -721, -549, 2, -133, 863, 52;
-35, 221, 12, -746, -542, -3, -140, 864, 49;
-40, 218, 8, -801, -566, -29, -159, 851, 32;
-33, 227, 16, -739, -472, 22, -130, 888, 65;
-37, 224, 12, -790, -492, -1, -148, 877, 50;
-34, 230, 16, -765, -436, 24, -134, 897, 66;
-44, 222, 7, -865, -505, -32, -172, 866, 30;
-36, 232, 16, -795, -404, 23, -140, 905, 65;
-41, 228, 12, -852, -430, -6, -161, 891, 47;
-37, 233, 16, -826, -373, 19, -147, 911, 63;
-45, 228, 9, -902, -420, -23, -176, 889, 36;
-44, 230, 10, -899, -388, -13, -172, 900, 42;
-41, 235, 14, -879, -338, 6, -161, 917, 55;
-43, 234, 12, -905, -335, -3, -170, 915, 48;
-45, 234, 11, -927, -328, -11, -176, 915, 43;
-45, 236, 11, -932, -305, -8, -177, 921, 45;
-47, 235, 9, -957, -302, -19, -185, 919, 38;
-44, 240, 13, -934, -252, 0, -174, 937, 51;
-47, 239, 11, -961, -251, -12, -183, 934, 43;
-43, 244, 14, -934, -198, 9, -170, 953, 57;
-47, 242, 11, -973, -211, -11, -185, 944, 43;
-46, 245, 12, -964, -176, -1, -180, 955, 49;
-44, 248, 14, -949, -136, 11, -173, 968, 57;
-49, 244, 10, -998, -161, -18, -192, 955, 39;
-47, 248, 12, -979, -118, -3, -183, 969, 48;
-45, 251, 14, -968, -83, 6, -178, 980, 54;
-44, 254, 15, -954, -46, 16, -172, 992, 61;
-48, 251, 11, -998, -68, -11, -190, 980, 44;
-43, 257, 16, -949, 2, 21, -169, 1005, 64;
-46, 256, 13, -980, -7, 1, -182, 998, 52;
-52, 252, 8, -1030, -36, -31, -202, 983, 31;
-43, 261, 16, -949, 64, 22, -169, 1021, 64;
-47, 259, 12, -986, 46, -3, -185, 1010, 48;
-50, 257, 9, -1010, 41, -20, -195, 1005, 38;
-49, 259, 10, -1004, 65, -17, -193, 1011, 39;
-47, 263, 12, -978, 108, -2, -183, 1026, 49;
-48, 262, 11, -989, 114, -12, -188, 1025, 43;
-42, 269, 16, -933, 186, 22, -166, 1051, 64;
-47, 265, 11, -976, 158, -10, -185, 1036, 44;
-45, 269, 13, -950, 199, 3, -176, 1050, 53;
-43, 272, 15, -929, 233, 13, -168, 1061, 59;
-40, 276, 17, -898, 278, 29, -157, 1076, 69;
-48, 268, 9, -970, 217, -23, -189, 1048, 36;
-42, 275, 14, -910, 289, 11, -166, 1074, 57;
-48, 270, 8, -961, 249, -28, -189, 1055, 33;
-39, 280, 17, -868, 352, 27, -152, 1094, 68;
-43, 276, 12, -906, 323, -4, -170, 1079, 48;
-37, 283, 17, -844, 394, 30, -146, 1105, 70;
-37, 284, 17, -838, 408, 27, -147, 1108, 67;
-46, 276, 8, -910, 342, -28, -179, 1078, 33;
-43, 280, 10, -876, 383, -13, -168, 1092, 42;
-38, 285, 15, -822, 442, 13, -148, 1113, 59;
-39, 284, 13, -828, 441, 1, -154, 1110, 51;
-40, 283, 11, -833, 440, -10, -159, 1106, 44;
-43, 281, 8, -850, 426, -31, -169, 1098, 31;
-38, 286, 11, -799, 479, -7, -151, 1117, 46;
-39, 286, 10, -797, 482, -16, -154, 1115, 40;
-33, 292, 15, -732, 548, 17, -130, 1140, 61;
-31, 294, 17, -704, 575, 24, -122, 1149, 66;
-32, 293, 15, -704, 574, 13, -126, 1146, 59;
-34, 292, 12, -712, 564, -2, -133, 1139, 49;
-30, 296, 15, -667, 606, 15, -119, 1154, 60;
-35, 291, 9, -702, 567, -19, -137, 1136, 38;
-32, 293, 11, -670, 596, -10, -128, 1145, 44;
-31, 295, 11, -647, 614, -7, -123, 1150, 46;
-33, 293, 9, -651, 603, -22, -129, 1144, 36;
-27, 299, 14, -584, 664, 9, -105, 1167, 56;
-26, 299, 14, -567, 673, 7, -103, 1169, 55;
-28, 297, 11, -574, 658, -11, -111, 1160, 43;
-28, 297, 10, -560, 663, -15, -109, 1161, 41;
-28, 297, 9, -548, 665, -21, -109, 1160, 37;
-18, 306, 18, -447, 755, 31, -72, 1195, 70;
-24, 300, 10, -494, 697, -13, -96, 1170, 42;
-19, 305, 15, -429, 750, 15, -74, 1190, 60;
-22, 301, 11, -448, 718, -12, -87, 1175, 43;
-24, 299, 8, -453, 700, -30, -95, 1166, 31;
-23, 299, 8, -428, 710, -29, -90, 1169, 32;
-16, 305, 13, -357, 767, 3, -65, 1191, 53;
-19, 302, 9, -368, 739, -19, -75, 1179, 38;
-14, 306, 13, -311, 780, 2, -57, 1194, 52;
-17, 303, 9, -323, 751, -20, -67, 1181, 38;
-12, 306, 13, -266, 790, 1, -49, 1196, 51;
-10, 308, 14, -230, 808, 9, -39, 1203, 56;
-15, 302, 8, -266, 753, -30, -60, 1179, 32;
-10, 306, 12, -205, 794, -6, -40, 1195, 47;
-10, 305, 10, -194, 784, -15, -41, 1191, 41;
-12, 302, 7, -196, 761, -32, -47, 1181, 30;
-5, 308, 13, -116, 819, 4, -20, 1204, 53;
-2, 310, 15, -79, 834, 12, -10, 1210, 58;
-7, 304, 9, -111, 779, -25, -29, 1187, 35;
-2, 308, 12, -52, 815, -1, -10, 1202, 49;
-2, 307, 11, -37, 806, -8, -10, 1198, 45;