0, 334, 0, 734, -3, -1, -2, 1303, -2;
0, 329, -3, 704, 14, 10, 0, 1285, -15;
12, 336, 4, 743, 104, 58, 49, 1311, 17;
13, 330, 0, 703, 119, 69, 50, 1288, 3;
21, 332, 5, 712, 188, 106, 85, 1297, 22;
26, 330, 6, 689, 227, 129, 102, 1287, 24;
31, 327, 7, 666, 269, 153, 121, 1278, 29;
31, 320, 4, 611, 282, 162, 122, 1249, 16;
41, 322, 10, 613, 353, 200, 159, 1257, 41;
40, 314, 7, 550, 362, 207, 159, 1226, 28;
46, 312, 10, 523, 407, 232, 181, 1217, 40;
53, 311, 15, 505, 462, 262, 210, 1214, 58;
51, 300, 10, 424, 454, 260, 200, 1173, 40;
54, 296, 11, 379, 482, 276, 213, 1155, 45;
53, 287, 8, 304, 480, 276, 208, 1119, 34;
60, 286, 15, 285, 533, 304, 237, 1119, 58;
65, 284, 18, 249, 567, 322, 255, 1107, 73;
67, 279, 20, 199, 584, 332, 264, 1088, 79;
67, 272, 20, 136, 588, 334, 265, 1061, 79;
62, 260, 15, 43, 557, 319, 244, 1014, 60;
63, 254, 16, -13, 559, 320, 246, 991, 63;
61, 246, 15, -82, 547, 314, 238, 960, 59;
62, 242, 17, -128, 553, 317, 243, 944, 69;
66, 240, 23, -156, 573, 326, 257, 938, 89;
67, 237, 26, -196, 576, 327, 261, 924, 101;
65, 231, 26, -250, 562, 319, 255, 903, 104;
56, 218, 20, -347, 498, 285, 219, 853, 79;
50, 210, 17, -416, 458, 264, 198, 821, 69;
51, 209, 22, -440, 457, 261, 202, 816, 86;
49, 205, 23, -477, 437, 249, 194, 802, 93;
41, 196, 19, -549, 377, 217, 162, 766, 76;
43, 198, 26, -551, 382, 217, 171, 773, 101;
39, 194, 26, -589, 344, 196, 154, 757, 101;
36, 191, 27, -613, 315, 178, 142, 748, 107;
33, 190, 29, -633, 284, 160, 130, 742, 113;
25, 184, 26, -676, 224, 128, 100, 720, 103;
18, 180, 23, -713, 165, 95, 71, 702, 93;
11, 176, 22, -738, 112, 65, 46, 689, 87;
15, 183, 30, -698, 120, 66, 58, 716, 120;
7, 180, 28, -719, 61, 33, 30, 705, 111;
-3, 174, 22, -758, -20, -10, -12, 681, 89;
-9, 174, 22, -760, -70, -38, -35, 679, 86;
-5, 183, 30, -698, -59, -36, -21, 716, 120;
-12, 183, 28, -698, -115, -67, -47, 714, 112;
-21, 180, 24, -711, -186, -106, -84, 703, 94;
-25, 183, 25, -682, -220, -126, -98, 716, 99;
-26, 190, 29, -634, -237, -137, -101, 741, 113;
-32, 191, 26, -618, -288, -165, -126, 746, 104;
-40, 190, 22, -612, -353, -200, -159, 742, 87;
-46, 192, 20, -589, -400, -227, -183, 749, 78;
-46, 200, 24, -521, -405, -231, -180, 783, 94;
-49, 205, 23, -480, -437, -249, -194, 800, 91;
-54, 208, 21, -446, -477, -271, -214, 811, 82;
-57, 213, 20, -396, -500, -285, -224, 833, 81;
-55, 223, 24, -320, -497, -285, -218, 869, 95;
-62, 223, 19, -297, -545, -310, -245, 873, 75;
-65, 228, 17, -249, -567, -322, -255, 892, 69;
-59, 241, 24, -149, -535, -307, -233, 942, 94;
-63, 245, 21, -106, -557, -319, -245, 958, 83;
-66, 249, 18, -64, -578, -330, -258, 971, 70;
-68, 252, 14, -22, -596, -339, -268, 986, 58;
-60, 267, 22, 88, -541, -311, -234, 1043, 88;
-64, 268, 16, 113, -568, -324, -252, 1046, 64;
-66, 272, 13, 155, -574, -327, -258, 1061, 52;
-62, 280, 15, 226, -547, -312, -243, 1093, 59;
-55, 291, 19, 314, -498, -287, -215, 1136, 76;
-61, 288, 9, 311, -534, -303, -241, 1124, 38;
-52, 300, 16, 407, -466, -268, -203, 1173, 63;
-57, 297, 6, 402, -495, -280, -225, 1160, 26;
-53, 303, 6, 452, -462, -262, -210, 1182, 26;
-42, 315, 13, 544, -383, -220, -166, 1230, 53;
-39, 318, 11, 576, -356, -204, -155, 1242, 45;
-35, 322, 10, 613, -320, -184, -139, 1257, 41;
-34, 322, 6, 625, -303, -173, -135, 1258, 25;
-26, 329, 9, 680, -237, -137, -101, 1286, 37;
-24, 329, 5, 685, -215, -123, -94, 1285, 22;
-14, 336, 9, 734, -144, -84, -58, 1311, 36;
-18, 329, 0, 697, -153, -86, -71, 1285, 0;
-14, 329, -2, 703, -115, -64, -55, 1286, -7;
-9, 330, -3, 708, -72, -39, -36, 1287, -12;
2, 337, 2, 755, 17, 8, 10, 1316, 10;
3, 332, -2, 723, 32, 19, 12, 1297, -11;
5, 329, -6, 701, 62, 37, 23, 1285, -24;
18, 336, 0, 739, 155, 87, 73, 1310, 1;
15, 326, -8, 672, 147, 86, 60, 1272, -34;
29, 333, 0, 710, 248, 139, 115, 1300, -1;
25, 321, -10, 628, 231, 134, 97, 1254, -41;
29, 318, -11, 599, 269, 156, 114, 1242, -46;
36, 317, -9, 585, 325, 186, 142, 1240, -38;
45, 318, -6, 578, 390, 221, 176, 1243, -24;
42, 308, -13, 499, 383, 220, 166, 1202, -52;
46, 304, -14, 459, 416, 239, 181, 1186, -54;
51, 301, -13, 424, 455, 260, 200, 1174, -51;
57, 299, -10, 399, 502, 286, 225, 1168, -41;
60, 294, -10, 351, 527, 300, 237, 1149, -42;
65, 291, -9, 312, 559, 317, 253, 1135, -38;
64, 283, -12, 245, 563, 320, 253, 1105, -48;
59, 270, -20, 144, 529, 304, 230, 1053, -80;
62, 266, -18, 103, 554, 317, 244, 1040, -73;
66, 263, -16, 65, 580, 330, 259, 1028, -64;
69, 260, -14, 26, 600, 341, 271, 1016, -55;
69, 254, -15, -31, 598, 339, 270, 992, -58;
66, 246, -17, -103, 579, 329, 259, 959, -69;
60, 234, -23, -191, 538, 309, 235, 916, -92;
57, 227, -26, -258, 515, 296, 223, 886, -101;
63, 229, -18, -259, 552, 314, 249, 896, -70;
57, 220, -22, -337, 508, 290, 225, 859, -88;
54, 214, -23, -390, 484, 277, 214, 837, -91;
49, 206, -27, -457, 440, 253, 191, 805, -105;
50, 205, -23, -476, 439, 250, 195, 803, -90;
48, 203, -21, -507, 419, 238, 188, 792, -85;
42, 197, -24, -559, 374, 213, 166, 768, -94;
33, 187, -29, -628, 305, 177, 130, 733, -116;
34, 189, -25, -629, 299, 171, 133, 739, -98;
27, 184, -27, -668, 249, 143, 108, 720, -105;
23, 182, -27, -690, 210, 120, 91, 711, -105;
17, 178, -28, -720, 158, 91, 67, 697, -112;
16, 180, -25, -712, 138, 78, 62, 705, -98;
7, 175, -29, -748, 70, 41, 27, 685, -113;
0, 173, -30, -764, 15, 11, 1, 676, -120;
-4, 173, -30, -767, -29, -14, -18, 675, -120;
-3, 179, -24, -727, -37, -21, -15, 699, -97;
-12, 176, -28, -744, -106, -59, -50, 687, -111;
-20, 175, -30, -747, -164, -91, -78, 683, -120;
-20, 181, -26, -703, -179, -102, -80, 707, -102;
-25, 183, -26, -686, -224, -127, -100, 714, -102;
-33, 182, -29, -683, -286, -161, -131, 711, -115;
-30, 193, -21, -603, -274, -158, -117, 755, -82;
-36, 194, -23, -587, -328, -188, -144, 758, -91;
-46, 192, -28, -585, -397, -225, -180, 751, -111;
-43, 203, -21, -505, -389, -223, -170, 793, -84;
-47, 207, -21, -464, -421, -241, -184, 810, -83;
-55, 208, -25, -448, -478, -272, -215, 811, -99;
-55, 215, -22, -382, -486, -278, -215, 841, -87;
-54, 224, -18, -314, -490, -281, -214, 874, -73;
-56, 230, -17, -257, -505, -290, -219, 898, -69;
-62, 231, -21, -229, -547, -312, -243, 904, -83;
-59, 241, -16, -148, -533, -306, -232, 943, -65;
-60, 247, -16, -93, -544, -312, -237, 966, -63;
-61, 253, -15, -34, -549, -315, -239, 990, -60;
-65, 256, -18, -2, -576, -329, -256, 998, -73;
-62, 264, -15, 71, -558, -320, -245, 1032, -60;
-68, 264, -21, 87, -594, -337, -268, 1030, -83;
-60, 277, -13, 191, -538, -309, -235, 1083, -51;
-63, 279, -16, 220, -552, -315, -246, 1089, -64;
-61, 285, -15, 275, -536, -306, -239, 1112, -60;
-56, 294, -11, 348, -497, -285, -218, 1147, -44;
-51, 301, -8, 410, -464, -267, -201, 1175, -34;
-56, 298, -15, 410, -487, -276, -220, 1165, -60;
-47, 309, -8, 494, -421, -241, -184, 1207, -33;
-45, 312, -9, 524, -402, -230, -178, 1217, -37;
-38, 319, -5, 584, -348, -200, -150, 1247, -20;
-35, 322, -5, 612, -322, -185, -140, 1256, -22;
-29, 327, -2, 657, -271, -157, -115, 1278, -10;
-31, 324, -7, 646, -271, -154, -122, 1265, -30;
-24, 329, -4, 684, -216, -124, -95, 1284, -18;
-23, 327, -7, 680, -198, -111, -91, 1277, -29;
-18, 329, -6, 695, -156, -87, -73, 1283, -25;
-12, 331, -4, 714, -103, -58, -48, 1293, -16;
-10, 329, -5, 704, -76, -41, -39, 1285, -23;
-4, 330, -4, 709, -28, -14, -17, 1288, -17;
4, 334, 0, 734, 44, 25, 19, 1304, 3;
11, 335, 3, 738, 100, 56, 46, 1308, 14;
10, 327, -1, 686, 103, 61, 40, 1278, -7;
16, 327, 0, 681, 157, 91, 66, 1278, 3;
26, 330, 6, 691, 229, 130, 103, 1288, 26;
31, 328, 8, 671, 274, 155, 124, 1281, 32;
33, 322, 6, 622, 293, 168, 129, 1257, 23;
41, 322, 11, 616, 356, 202, 161, 1259, 43;
45, 318, 11, 578, 390, 221, 176, 1243, 46;
45, 310, 8, 514, 398, 228, 175, 1211, 34;
51, 309, 12, 489, 446, 254, 200, 1205, 49;
53, 303, 12, 437, 468, 267, 208, 1182, 48;
60, 302, 17, 414, 518, 294, 235, 1178, 68;
54, 288, 10, 312, 488, 281, 213, 1125, 39;
60, 286, 14, 282, 530, 303, 235, 1117, 56;
64, 282, 17, 241, 558, 318, 250, 1102, 68;
64, 276, 17, 180, 565, 322, 252, 1076, 68;
65, 269, 18, 121, 573, 327, 255, 1051, 70;
63, 260, 16, 47, 561, 321, 247, 1017, 62;
60, 251, 13, -32, 541, 311, 234, 980, 52;
68, 253, 22, -39, 590, 336, 265, 987, 86;
68, 248, 23, -90, 591, 336, 267, 967, 93;
59, 234, 16, -196, 534, 306, 232, 913, 65;
57, 227, 16, -257, 516, 297, 224, 887, 64;
64, 230, 25, -255, 556, 316, 251, 899, 101;
62, 225, 26, -305, 540, 306, 245, 879, 104;
51, 211, 18, -413, 461, 265, 200, 822, 71;
54, 211, 24, -426, 471, 268, 210, 824, 95;
44, 200, 18, -509, 405, 233, 174, 782, 73;
46, 200, 23, -522, 404, 231, 179, 783, 93;
47, 201, 29, -529, 403, 228, 184, 786, 114;
40, 195, 27, -581, 352, 200, 159, 762, 106;
38, 193, 29, -603, 324, 183, 148, 754, 113;
28, 185, 24, -661, 255, 146, 112, 724, 96;
22, 181, 23, -697, 203, 117, 87, 707, 90;
20, 182, 26, -698, 180, 102, 80, 711, 102;
14, 179, 25, -722, 128, 73, 56, 699, 97;
8, 176, 24, -741, 77, 45, 32, 690, 93;
1, 175, 22, -755, 24, 15, 7, 682, 89;
-1, 176, 24, -748, -10, -5, -6, 687, 95;
-1, 181, 29, -713, -23, -14, -6, 708, 115;
-7, 181, 28, -710, -71, -42, -28, 709, 112;
-17, 178, 24, -728, -144, -82, -66, 695, 94;
-23, 178, 22, -720, -196, -110, -90, 697, 88;
-23, 185, 27, -672, -210, -120, -91, 723, 105;
-31, 184, 23, -667, -270, -153, -122, 721, 92;
-35, 188, 24, -635, -306, -174, -137, 734, 93;
-34, 197, 29, -569, -309, -179, -132, 769, 113;
-46, 192, 20, -589, -400, -227, -183, 749, 78;
-47, 199, 23, -528, -412, -235, -184, 779, 89;
-54, 200, 19, -508, -465, -263, -211, 783, 74;
-55, 207, 20, -452, -483, -274, -218, 808, 78;
-50, 220, 27, -353, -456, -263, -197, 860, 109;
-63, 215, 17, -367, -543, -308, -247, 840, 66;
-56, 230, 26, -255, -503, -289, -218, 899, 101;
-61, 232, 21, -225, -542, -310, -240, 907, 84;
-59, 242, 24, -147, -533, -306, -232, 944, 95;
-63, 244, 20, -111, -562, -321, -248, 954, 80;
-65, 249, 18, -60, -574, -328, -255, 974, 73;
-65, 255, 17, -3, -577, -329, -257, 997, 69;
-67, 260, 15, 42, -587, -334, -263, 1014, 59;
-69, 263, 12, 84, -597, -339, -270, 1028, 46;
-65, 272, 14, 158, -571, -325, -256, 1063, 54;
-59, 283, 17, 244, -529, -303, -232, 1104, 69;
-60, 285, 13, 278, -534, -304, -237, 1114, 54;
-55, 294, 16, 350, -495, -284, -217, 1148, 63;
-57, 295, 10, 371, -503, -286, -226, 1151, 41;
-54, 301, 10, 426, -471, -268, -210, 1175, 41;
-44, 312, 16, 511, -404, -233, -173, 1218, 62;
-48, 309, 7, 507, -419, -238, -188, 1207, 30;
-38, 320, 13, 586, -346, -199, -149, 1248, 51;
-41, 316, 4, 575, -358, -203, -163, 1234, 18;
-34, 322, 6, 625, -302, -172, -135, 1258, 25;
-29, 326, 6, 659, -258, -147, -114, 1273, 24;
-27, 326, 2, 665, -235, -133, -107, 1272, 10;
-24, 326, 0, 675, -203, -114, -94, 1274, 0;
-20, 327, -1, 686, -164, -91, -78, 1278, -7;
-6, 337, 6, 753, -64, -38, -24, 1317, 23;
-8, 331, -2, 713, -67, -36, -33, 1291, -9;
1, 336, 1, 745, 8, 4, 4, 1310, 4;
9, 338, 3, 761, 70, 38, 35, 1320, 11;
7, 331, -4, 713, 74, 43, 30, 1292, -17;
20, 337, 1, 748, 164, 91, 78, 1316, 7;
18, 329, -5, 691, 166, 96, 72, 1284, -22;
24, 328, -5, 681, 219, 125, 97, 1282, -19;
32, 329, -2, 676, 280, 158, 127, 1284, -11;
38, 327, -2, 655, 326, 184, 149, 1277, -11;
36, 317, -10, 584, 324, 186, 142, 1239, -39;
40, 314, -10, 550, 361, 207, 158, 1225, -41;
45, 310, -11, 514, 398, 228, 175, 1211, -43;
48, 305, -12, 470, 427, 244, 188, 1193, -48;
50, 299, -14, 416, 446, 256, 195, 1168, -57;
57, 298, -11, 395, 499, 284, 223, 1165, -43;
62, 296, -8, 364, 540, 306, 245, 1157, -34;
62, 288, -12, 295, 543, 309, 243, 1125, -48;
58, 277, -18, 205, 522, 300, 228, 1080, -74;
60, 271, -19, 152, 537, 308, 235, 1058, -75;
69, 273, -12, 144, 595, 338, 269, 1066, -47;
69, 266, -13, 83, 597, 339, 269, 1039, -53;
65, 256, -18, 0, 573, 327, 254, 999, -72;
62, 247, -21, -74, 555, 318, 243, 965, -85;
63, 243, -20, -119, 562, 321, 249, 949, -79;
66, 240, -17, -155, 574, 327, 258, 938, -69;
66, 236, -16, -199, 573, 325, 259, 923, -64;
57, 223, -24, -299, 512, 294, 224, 872, -95;
54, 217, -25, -355, 490, 281, 214, 848, -99;
60, 220, -17, -353, 520, 295, 237, 859, -69;
54, 211, -21, -423, 474, 270, 212, 826, -84;
47, 203, -26, -494, 421, 241, 184, 791, -102;
49, 204, -20, -500, 427, 242, 193, 797, -80;
43, 197, -23, -555, 378, 215, 169, 771, -91;
41, 196, -21, -576, 357, 202, 162, 764, -84;
36, 191, -22, -614, 314, 178, 142, 748, -89;
29, 186, -25, -657, 260, 148, 115, 727, -98;
26, 185, -23, -670, 230, 130, 104, 724, -93;
23, 185, -22, -681, 197, 111, 91, 721, -88;
13, 178, -27, -728, 122, 70, 52, 695, -108;
7, 176, -28, -747, 71, 42, 28, 686, -113;
7, 181, -23, -717, 62, 34, 30, 706, -90;
2, 180, -23, -722, 15, 7, 9, 703, -92;
-3, 180, -24, -722, -32, -19, -12, 702, -94;
-9, 179, -25, -724, -85, -49, -37, 700, -99;
-15, 179, -26, -720, -136, -78, -61, 700, -103;
-17, 184, -22, -683, -159, -92, -67, 720, -89;
-24, 184, -25, -680, -218, -124, -96, 718, -99;
-32, 183, -28, -676, -279, -158, -127, 715, -110;
-31, 191, -22, -614, -285, -164, -124, 747, -89;
-35, 195, -22, -579, -320, -184, -139, 763, -86;
-42, 196, -24, -562, -374, -213, -166, 766, -96;
-41, 205, -19, -493, -377, -217, -162, 801, -76;
-45, 209, -19, -453, -411, -236, -178, 817, -76;
-57, 205, -27, -462, -493, -279, -224, 802, -108;
-55, 215, -22, -382, -486, -278, -215, 841, -87;
-56, 222, -21, -327, -503, -288, -222, 865, -82;
-58, 228, -19, -267, -515, -295, -226, 892, -75;
-58, 235, -17, -206, -523, -300, -228, 919, -68;
-58, 243, -15, -139, -525, -302, -227, 948, -59;
-69, 239, -24, -145, -596, -338, -270, 933, -96;
-62, 253, -16, -39, -553, -317, -242, 987, -63;
-61, 259, -14, 22, -551, -316, -240, 1013, -58;
-67, 259, -20, 40, -589, -335, -264, 1013, -79;
-63, 269, -16, 121, -560, -320, -248, 1051, -62;
-67, 270, -20, 146, -583, -331, -263, 1055, -79;
-57, 285, -10, 260, -513, -295, -222, 1114, -39;
-55, 291, -9, 313, -499, -287, -216, 1136, -37;
-57, 292, -12, 339, -506, -289, -224, 1141, -50;
-56, 296, -13, 378, -495, -282, -221, 1155, -54;
-56, 299, -15, 412, -485, -275, -219, 1166, -59;
-52, 304, -14, 459, -455, -258, -205, 1186, -54;
-49, 309, -12, 503, -423, -240, -191, 1205, -50;
-46, 312, -12, 536, -396, -225, -180, 1217, -50;
-34, 324, -3, 623, -310, -179, -133, 1263, -15;
-38, 319, -11, 603, -325, -184, -149, 1244, -43;
-25, 330, -2, 682, -235, -136, -100, 1288, -8;
-28, 325, -8, 658, -242, -137, -112, 1268, -34;
-19, 331, -3, 707, -171, -98, -75, 1294, -12;
-12, 334, 0, 732, -119, -69, -50, 1306, -2;
-5, 338, 2, 760, -58, -35, -20, 1321, 11;
-2, 337, 1, 753, -26, -16, -8, 1316, 7;
1, 335, 1, 744, 6, 3, 4, 1309, 4;
1, 331, -2, 713, 23, 14, 6, 1291, -9;
8, 332, 0, 717, 78, 45, 32, 1294, 0;
17, 335, 5, 732, 148, 83, 68, 1306, 21;
18, 329, 2, 692, 168, 96, 73, 1285, 10;
21, 325, 1, 657, 195, 113, 82, 1267, 4;
30, 327, 7, 665, 268, 152, 120, 1277, 28;
39, 328, 11, 659, 330, 186, 152, 1279, 46;
37, 318, 6, 588, 328, 188, 144, 1242, 26;
42, 316, 9, 562, 373, 213, 166, 1233, 35;
46, 312, 10, 526, 410, 234, 182, 1218, 41;
53, 310, 14, 501, 458, 260, 207, 1212, 56;
49, 299, 8, 412, 442, 254, 192, 1166, 33;
59, 300, 16, 407, 510, 290, 230, 1173, 63;
57, 291, 12, 329, 505, 289, 223, 1135, 49;
56, 282, 10, 259, 507, 291, 221, 1102, 42;
57, 275, 10, 196, 514, 296, 223, 1075, 40;
68, 279, 20, 200, 586, 332, 265, 1088, 80;
59, 264, 12, 86, 537, 309, 233, 1029, 48;
63, 260, 15, 44, 558, 320, 245, 1015, 60;
61, 252, 14, -24, 549, 315, 239, 984, 56;
66, 251, 20, -49, 580, 331, 259, 981, 80;
63, 242, 18, -124, 557, 319, 245, 946, 71;
68, 243, 25, -141, 589, 334, 267, 947, 99;
57, 227, 16, -259, 514, 296, 222, 885, 62;
59, 225, 20, -287, 525, 300, 232, 879, 81;
56, 218, 20, -347, 498, 285, 219, 853, 79;
55, 215, 22, -386, 488, 279, 216, 839, 88;
52, 210, 23, -435, 462, 264, 205, 819, 89;
45, 201, 19, -505, 409, 235, 177, 784, 75;
43, 198, 21, -539, 388, 223, 169, 772, 83;
45, 199, 27, -541, 392, 222, 177, 779, 107;
40, 195, 27, -580, 353, 200, 159, 762, 106;
37, 192, 28, -609, 319, 181, 145, 751, 110;
26, 182, 21, -680, 237, 137, 101, 713, 84;
27, 186, 27, -667, 233, 132, 106, 726, 108;
23, 185, 29, -681, 197, 111, 91, 721, 113;
20, 185, 31, -684, 166, 92, 79, 722, 121;
14, 183, 30, -699, 119, 66, 58, 716, 120;
1, 174, 22, -757, 22, 14, 6, 681, 88;
4, 182, 30, -710, 27, 13, 16, 711, 118;
-3, 179, 27, -728, -37, -22, -15, 699, 106;
-8, 180, 27, -720, -81, -47, -35, 702, 106;
-13, 182, 28, -703, -120, -69, -50, 711, 109;
-23, 178, 22, -722, -198, -111, -91, 696, 87;
-30, 178, 20, -714, -252, -141, -117, 697, 79;
-24, 191, 30, -627, -230, -133, -97, 746, 117;
-36, 186, 22, -646, -317, -180, -144, 728, 86;
-40, 190, 22, -612, -352, -200, -159, 742, 87;
-40, 198, 26, -547, -358, -206, -156, 776, 104;
-50, 196, 19, -550, -434, -246, -198, 765, 76;
-54, 200, 18, -510, -468, -265, -213, 781, 72;
-51, 211, 24, -425, -455, -261, -200, 825, 96;
-59, 211, 19, -407, -511, -290, -230, 826, 75;
-62, 216, 17, -364, -540, -306, -245, 842, 68;
-61, 225, 20, -288, -536, -305, -239, 879, 81;
-65, 228, 17, -248, -566, -322, -255, 892, 69;
-67, 234, 16, -196, -582, -331, -263, 913, 64;
-67, 240, 16, -136, -588, -334, -265, 938, 64;
-66, 248, 17, -67, -582, -331, -260, 969, 68;
-69, 252, 14, -24, -598, -340, -270, 984, 56;
-65, 262, 17, 57, -572, -327, -254, 1023, 68;
-63, 269, 17, 119, -562, -321, -249, 1050, 68;
-68, 269, 11, 141, -588, -333, -266, 1052, 44;
-61, 281, 15, 230, -543, -310, -240, 1096, 61;
-60, 286, 14, 282, -530, -303, -235, 1116, 56;
-59, 290, 12, 325, -520, -296, -232, 1133, 47;
-57, 295, 11, 374, -500, -285, -224, 1152, 42;
-50, 304, 14, 447, -449, -258, -197, 1188, 55;
-47, 309, 13, 495, -419, -241, -183, 1208, 52;
-43, 314, 12, 539, -387, -222, -168, 1227, 50;
-39, 319, 12, 581, -351, -202, -152, 1245, 48;
-38, 319, 7, 594, -339, -194, -151, 1245, 29;
-36, 321, 4, 615, -313, -178, -141, 1252, 19;
-34, 321, 1, 626, -290, -164, -134, 1253, 4;
-29, 324, 1, 656, -245, -138, -113, 1266, 4;
-23, 327, 0, 679, -199, -112, -92, 1276, 1;
-20, 327, -2, 685, -165, -92, -79, 1277, -7;
-6, 337, 5, 750, -68, -40, -26, 1315, 21;
-1, 338, 4, 757, -23, -14, -6, 1318, 17;
-4, 330, -4, 710, -27, -13, -17, 1288, -17;
3, 332, -2, 723, 33, 19, 12, 1297, -11;
7, 330, -5, 708, 69, 41, 27, 1289, -20;
10, 327, -8, 685, 101, 60, 39, 1277, -31;
19, 329, -5, 694, 170, 97, 74, 1286, -20;
20, 324, -9, 656, 194, 112, 81, 1266, -35;
28, 325, -6, 652, 256, 146, 112, 1269, -26;
32, 321, -8, 618, 289, 165, 126, 1254, -34;
34, 315, -12, 571, 311, 179, 133, 1231, -47;
46, 320, -4, 588, 400, 226, 182, 1249, -17;
47, 313, -8, 531, 415, 236, 186, 1222, -33;
44, 302, -16, 446, 403, 233, 173, 1178, -62;
54, 304, -10, 444, 475, 270, 212, 1186, -39;
52, 294, -15, 365, 469, 269, 204, 1147, -62;
60, 294, -11, 350, 527, 300, 236, 1148, -43;
56, 282, -18, 259, 507, 291, 221, 1102, -70;
60, 279, -16, 218, 535, 306, 236, 1088, -66;
62, 273, -17, 163, 549, 314, 242, 1065, -68;
65, 269, -15, 121, 573, 327, 255, 1051, -62;
62, 260, -20, 42, 556, 319, 244, 1014, -78;
69, 260, -14, 26, 599, 340, 271, 1016, -55;
62, 247, -22, -75, 553, 317, 242, 964, -86;
62, 241, -22, -129, 552, 316, 243, 943, -86;
66, 240, -17, -156, 573, 326, 257, 938, -70;
59, 229, -24, -246, 527, 302, 231, 894, -93;
59, 225, -22, -290, 522, 299, 230, 878, -89;
58, 221, -21, -333, 513, 293, 228, 862, -85;
57, 217, -20, -372, 501, 285, 225, 848, -81;
56, 213, -19, -411, 486, 276, 220, 834, -76;
45, 200, -28, -508, 407, 234, 175, 783, -110;
50, 204, -20, -496, 430, 244, 195, 799, -78;
44, 198, -22, -550, 383, 218, 172, 773, -89;
41, 195, -22, -579, 354, 201, 160, 763, -86;
34, 189, -25, -628, 300, 171, 133, 739, -97;
25, 182, -29, -683, 234, 135, 99, 711, -115;
28, 187, -21, -657, 243, 137, 112, 732, -85;
18, 180, -27, -709, 169, 97, 73, 704, -105;
14, 179, -27, -724, 126, 72, 55, 698, -105;
8, 177, -27, -739, 78, 45, 33, 691, -108;
3, 177, -27, -742, 37, 21, 15, 690, -106;
0, 177, -26, -740, -2, -1, -1, 692, -103;
-2, 181, -23, -717, -26, -16, -8, 706, -90;
-7, 181, -23, -710, -71, -41, -28, 709, -90;
-14, 180, -25, -712, -129, -74, -56, 705, -98;
-20, 181, -25, -701, -176, -101, -78, 709, -100;
-26, 182, -26, -689, -227, -129, -102, 712, -105;
-26, 189, -22, -638, -241, -139, -104, 739, -87;
-38, 185, -29, -654, -325, -184, -148, 723, -113;
-42, 188, -29, -625, -365, -207, -167, 734, -114;
-47, 191, -29, -592, -404, -228, -185, 747, -115;
-44, 202, -22, -510, -394, -226, -173, 790, -87;
-49, 205, -23, -476, -433, -247, -192, 803, -90;
-52, 210, -23, -432, -462, -264, -205, 821, -90;
-55, 215, -22, -384, -488, -279, -216, 840, -88;
-58, 220, -22, -335, -511, -292, -227, 861, -87;
-65, 221, -26, -312, -560, -317, -254, 864, -103;
-57, 237, -16, -196, -514, -296, -222, 925, -62;
-62, 239, -19, -164, -550, -314, -242, 933, -75;
-65, 243, -20, -118, -569, -325, -253, 950, -79;
-62, 252, -17, -44, -558, -319, -245, 984, -66;
-62, 259, -15, 17, -555, -318, -243, 1011, -60;
-67, 260, -20, 42, -587, -334, -263, 1014, -78;
-64, 268, -16, 116, -565, -323, -250, 1048, -65;
-59, 279, -11, 200, -529, -304, -230, 1088, -45;
-62, 280, -15, 226, -547, -312, -243, 1093, -60;
-59, 287, -13, 288, -524, -299, -231, 1120, -52;
-61, 288, -17, 313, -532, -302, -240, 1125, -66;
-59, 293, -16, 363, -511, -290, -231, 1145, -63;
-48, 306, -7, 461, -436, -251, -189, 1196, -29;
-45, 311, -6, 504, -411, -236, -178, 1214, -27;
-42, 315, -6, 546, -380, -219, -164, 1231, -23;
-38, 320, -4, 588, -345, -199, -148, 1249, -18;
-39, 318, -9, 589, -344, -196, -154, 1242, -36;
-37, 319, -10, 605, -323, -182, -147, 1246, -42;
-32, 323, -8, 640, -277, -157, -126, 1261, -34;
-20, 333, 0, 708, -192, -112, -80, 1299, -3;
-23, 328, -6, 683, -195, -110, -89, 1279, -26;
-19, 328, -7, 689, -162, -90, -77, 1279, -29;
-7, 336, 0, 746, -71, -42, -28, 1313, 3;
-2, 336, 1, 750, -30, -18, -10, 1314, 5;
5, 339, 5, 769, 31, 15, 19, 1325, 19;
10, 339, 6, 767, 77, 41, 40, 1324, 24;
11, 335, 3, 736, 97, 55, 44, 1306, 12;
10, 327, -1, 686, 103, 61, 40, 1278, -6;
16, 326, 0, 676, 152, 88, 63, 1275, 0;
20, 324, 0, 654, 192, 112, 80, 1265, 3;
25, 321, 1, 630, 233, 135, 98, 1255, 6;
30, 319, 3, 604, 275, 159, 117, 1245, 12;
35, 317, 5, 580, 320, 184, 139, 1236, 21;
40, 314, 7, 551, 363, 208, 159, 1226, 29;
49, 314, 12, 540, 424, 241, 191, 1227, 50;
53, 310, 14, 501, 458, 260, 207, 1212, 56;
57, 306, 16, 460, 491, 278, 222, 1196, 63;
51, 292, 8, 357, 461, 265, 200, 1142, 32;
58, 291, 13, 333, 509, 291, 226, 1137, 52;
56, 282, 10, 256, 504, 290, 219, 1101, 40;
59, 277, 12, 209, 527, 302, 231, 1083, 48;
64, 275, 17, 179, 565, 322, 252, 1076, 67;
67, 272, 20, 136, 587, 334, 264, 1060, 79;
64, 261, 16, 52, 566, 324, 250, 1020, 66;
69, 260, 22, 24, 598, 340, 270, 1015, 87;
65, 250, 19, -53, 576, 329, 256, 978, 77;
69, 249, 24, -84, 597, 339, 270, 971, 96;
65, 240, 22, -157, 572, 326, 257, 937, 89;
60, 230, 19, -238, 534, 306, 235, 898, 75;
58, 224, 19, -295, 516, 296, 226, 874, 76;
59, 222, 24, -323, 522, 297, 233, 868, 93;
60, 220, 27, -356, 518, 294, 235, 858, 107;
55, 213, 26, -416, 481, 273, 216, 830, 101;
44, 200, 18, -511, 404, 233, 173, 781, 72;
43, 198, 21, -537, 389, 223, 170, 773, 84;
45, 199, 27, -544, 389, 221, 175, 777, 106;
40, 194, 26, -586, 347, 197, 156, 758, 103;
36, 192, 27, -611, 316, 179, 143, 749, 108;
32, 189, 28, -637, 280, 158, 127, 739, 111;
20, 179, 20, -711, 189, 110, 78, 698, 81;
20, 182, 26, -699, 179, 102, 80, 710, 101;
17, 182, 27, -705, 145, 82, 66, 710, 108;
15, 183, 30, -697, 120, 66, 58, 717, 120;
8, 181, 29, -713, 67, 36, 33, 708, 115;
1, 179, 27, -729, 8, 4, 5, 699, 107;
-4, 178, 26, -734, -43, -25, -19, 695, 102;
-6, 183, 30, -702, -63, -38, -23, 714, 117;
-12, 182, 28, -700, -116, -67, -48, 713, 111;
-17, 184, 28, -686, -162, -93, -69, 718, 110;
-28, 180, 22, -702, -240, -135, -110, 704, 87;
-29, 186, 25, -657, -260, -148, -115, 727, 99;
-32, 191, 27, -617, -288, -165, -125, 746, 105;
-41, 189, 21, -616, -357, -202, -162, 740, 84;
-46, 192, 20, -587, -399, -226, -182, 750, 78;
-46, 200, 23, -524, -408, -233, -182, 781, 92;
-46, 209, 27, -455, -413, -237, -179, 815, 106;
-53, 209, 22, -438, -469, -267, -209, 817, 87;
-58, 212, 19, -404, -508, -289, -229, 828, 76;
-56, 222, 24, -321, -498, -285, -218, 869, 95;
-65, 221, 16, -314, -562, -319, -255, 862, 64;
-64, 229, 18, -245, -563, -320, -253, 894, 71;
-61, 240, 22, -158, -544, -311, -239, 937, 88;
-63, 244, 20, -110, -561, -321, -248, 955, 80;
-60, 255, 24, -26, -540, -310, -234, 995, 94;
-67, 254, 16, -13, -587, -334, -263, 991, 63;
-68, 259, 14, 35, -594, -338, -267, 1010, 55;
-68, 264, 12, 89, -592, -336, -267, 1031, 50;
-58, 279, 20, 200, -529, -304, -229, 1089, 80;
-62, 279, 14, 223, -550, -314, -245, 1091, 56;
-58, 288, 16, 297, -515, -295, -226, 1126, 65;
-58, 292, 13, 335, -511, -292, -226, 1138, 53;
-56, 296, 11, 380, -494, -282, -220, 1156, 46;
-48, 307, 16, 464, -433, -250, -187, 1198, 65;
-45, 311, 15, 507, -408, -235, -176, 1215, 60;
-49, 308, 6, 499, -427, -242, -194, 1202, 25;
-45, 312, 5, 540, -393, -223, -178, 1219, 22;
-38, 319, 7, 595, -338, -193, -150, 1246, 30;
-29, 328, 12, 660, -267, -155, -113, 1280, 47;
-30, 325, 5, 650, -267, -152, -119, 1268, 19;
-27, 326, 2, 663, -237, -134, -108, 1271, 8;
-23, 327, 1, 682, -196, -110, -90, 1278, 3;
-13, 333, 4, 725, -125, -72, -54, 1302, 17;
-6, 337, 5, 752, -66, -39, -25, 1316, 22;
-1, 338, 4, 757, -22, -14, -5, 1318, 18;
0, 333, 0, 731, -6, -3, -3, 1301, -3;
5, 335, 0, 739, 49, 27, 22, 1307, -1;
8, 331, -3, 716, 78, 45, 32, 1294, -15;
13, 331, -4, 707, 123, 71, 53, 1290, -18;
24, 335, 0, 726, 202, 113, 94, 1306, 0;
25, 329, -4, 684, 222, 127, 99, 1284, -17;
32, 329, -3, 674, 277, 157, 126, 1283, -13;
33, 322, -7, 625, 296, 169, 130, 1258, -30;
37, 318, -9, 588, 328, 188, 144, 1242, -36;
42, 316, -8, 562, 374, 213, 166, 1233, -34;
48, 314, -7, 537, 421, 239, 189, 1225, -29;
46, 304, -14, 458, 416, 239, 181, 1186, -55;
55, 304, -9, 447, 478, 272, 214, 1188, -37;
50, 292, -17, 353, 457, 263, 197, 1139, -69;
58, 292, -13, 334, 511, 292, 227, 1138, -53;
65, 291, -9, 311, 559, 317, 253, 1135, -38;
59, 278, -17, 213, 531, 304, 233, 1085, -68;
60, 272, -18, 155, 540, 310, 237, 1060, -73;
61, 265, -19, 97, 548, 314, 240, 1036, -77;
69, 266, -13, 84, 599, 340, 270, 1040, -52;
67, 258, -16, 12, 586, 334, 262, 1008, -64;
63, 248, -21, -70, 559, 320, 246, 968, -82;
60, 240, -23, -141, 540, 310, 235, 936, -93;
64, 238, -19, -167, 563, 321, 251, 931, -76;
66, 236, -17, -202, 571, 324, 258, 921, -66;
64, 230, -18, -259, 553, 314, 249, 897, -70;
53, 215, -27, -365, 480, 276, 207, 841, -106;
55, 215, -22, -385, 489, 279, 217, 840, -88;
54, 212, -21, -421, 476, 271, 213, 827, -83;
53, 209, -19, -454, 461, 261, 209, 816, -77;
50, 205, -19, -491, 435, 246, 198, 802, -75;
44, 198, -22, -550, 382, 218, 171, 773, -89;
40, 194, -23, -586, 347, 197, 156, 759, -90;
31, 186, -28, -648, 280, 161, 120, 727, -110;
28, 185, -26, -662, 255, 146, 112, 724, -102;
25, 184, -25, -679, 221, 126, 98, 718, -98;
18, 180, -27, -710, 167, 96, 72, 703, -106;
10, 175, -31, -749, 102, 60, 39, 682, -120;
7, 176, -28, -745, 72, 42, 29, 687, -112;
2, 175, -28, -752, 28, 17, 9, 684, -112;
-4, 173, -30, -767, -29, -14, -18, 675, -120;
-1, 181, -22, -714, -24, -15, -7, 708, -88;
-10, 178, -26, -730, -91, -52, -40, 696, -102;
-19, 176, -29, -740, -157, -88, -74, 687, -115;
-17, 184, -23, -687, -163, -94, -70, 717, -92;
-25, 183, -26, -686, -224, -127, -100, 714, -102;
-32, 183, -28, -674, -278, -157, -126, 716, -110;
-35, 188, -26, -636, -307, -175, -137, 734, -102;
-35, 195, -21, -578, -318, -183, -138, 764, -85;
-45, 193, -27, -581, -393, -223, -178, 754, -108;
-48, 198, -26, -534, -418, -238, -188, 775, -102;
-44, 210, -18, -448, -405, -233, -174, 820, -73;
-52, 210, -22, -431, -461, -264, -204, 821, -89;
-54, 216, -21, -376, -479, -274, -211, 846, -83;
-62, 216, -26, -361, -537, -305, -243, 844, -103;
-56, 230, -17, -256, -504, -290, -219, 899, -68;
-58, 235, -17, -204, -522, -300, -227, 920, -67;
-65, 236, -22, -184, -570, -325, -255, 920, -87;
-65, 243, -20, -118, -570, -325, -253, 950, -79;
-65, 249, -19, -61, -575, -328, -256, 973, -77;
-70, 251, -23, -32, -606, -344, -274, 979, -92;
-62, 265, -14, 77, -552, -317, -242, 1035, -57;
-61, 271, -13, 135, -546, -313, -239, 1060, -53;
-64, 273, -17, 166, -563, -321, -251, 1067, -66;
-57, 284, -11, 254, -519, -298, -226, 1110, -43;
-64, 281, -19, 253, -558, -317, -253, 1099, -74;
-56, 293, -12, 344, -501, -287, -221, 1144, -47;
-50, 302, -7, 417, -457, -263, -197, 1179, -30;
-49, 306, -8, 456, -441, -253, -191, 1194, -31;
-44, 312, -6, 509, -406, -234, -174, 1217, -23;
-46, 311, -10, 517, -409, -233, -182, 1213, -41;
-38, 319, -5, 584, -349, -201, -150, 1247, -20;
-39, 318, -8, 591, -342, -195, -153, 1243, -35;
-37, 320, -9, 610, -317, -180, -144, 1249, -38;
-24, 331, -1, 687, -230, -133, -97, 1291, -5;
-22, 331, -2, 697, -203, -117, -87, 1292, -10;
-21, 329, -5, 693, -185, -105, -83, 1285, -20;
-14, 332, -2, 718, -132, -75, -58, 1298, -10;
-8, 335, 0, 740, -78, -45, -32, 1309, 0;
-2, 337, 2, 755, -25, -15, -7, 1317, 8;
-1, 333, -1, 730, -7, -3, -4, 1301, -4;
1, 330, -2, 710, 19, 13, 4, 1289, -11;
7, 330, -1, 708, 69, 41, 27, 1289, -4;
12, 330, 0, 700, 117, 68, 49, 1287, 1;
22, 333, 6, 715, 191, 108, 87, 1299, 24;
25, 329, 5, 683, 221, 126, 98, 1283, 21;
32, 328, 8, 673, 277, 157, 126, 1282, 34;
34, 323, 7, 630, 301, 172, 134, 1261, 28;
40, 321, 9, 608, 348, 198, 156, 1254, 38;
40, 313, 6, 546, 358, 205, 156, 1223, 26;
48, 314, 12, 538, 422, 240, 190, 1226, 49;
50, 308, 11, 484, 442, 252, 197, 1202, 46;
53, 303, 12, 439, 469, 268, 209, 1183, 49;
53, 295, 10, 370, 474, 272, 208, 1150, 40;
57, 291, 13, 331, 507, 290, 224, 1136, 50;
64, 290, 19, 310, 558, 317, 253, 1134, 74;
61, 280, 14, 224, 542, 310, 240, 1092, 57;
67, 278, 19, 195, 581, 330, 262, 1086, 77;
68, 272, 20, 137, 589, 335, 265, 1061, 80;
67, 264, 20, 72, 586, 334, 262, 1032, 78;
68, 260, 22, 22, 596, 339, 269, 1014, 86;
61, 246, 15, -81, 548, 314, 239, 961, 60;
64, 244, 19, -116, 566, 323, 251, 951, 77;
60, 235, 17, -188, 541, 310, 237, 918, 69;
65, 235, 24, -206, 567, 322, 255, 918, 95;
63, 229, 24, -264, 547, 311, 246, 893, 95;
57, 220, 21, -337, 508, 290, 225, 859, 85;
58, 217, 25, -370, 504, 287, 226, 849, 98;
56, 214, 27, -409, 488, 277, 221, 835, 105;
53, 208, 27, -457, 457, 260, 207, 814, 105;
44, 199, 22, -530, 396, 227, 174, 778, 88;
40, 194, 22, -575, 358, 205, 156, 758, 86;
35, 190, 21, -615, 318, 183, 138, 741, 85;
36, 191, 27, -615, 313, 178, 141, 747, 106;
33, 190, 29, -631, 286, 161, 131, 743, 115;
23, 182, 24, -689, 211, 121, 92, 712, 95;
19, 180, 24, -708, 170, 97, 74, 705, 96;
13, 178, 23, -730, 120, 70, 51, 694, 93;
9, 177, 24, -735, 82, 47, 35, 693, 97;
9, 182, 30, -707, 73, 39, 37, 712, 119;
-2, 175, 24, -750, -13, -6, -8, 685, 93;
0, 183, 31, -703, -12, -9, 0, 715, 121;
-8, 180, 27, -720, -81, -47, -34, 703, 106;
-19, 175, 21, -745, -162, -90, -77, 684, 83;
-18, 183, 27, -690, -166, -95, -72, 715, 107;
-26, 182, 24, -689, -227, -129, -102, 712, 95;
-34, 182, 20, -685, -288, -162, -133, 710, 81;
-34, 189, 24, -631, -302, -172, -134, 737, 96;
-35, 195, 27, -579, -320, -184, -139, 763, 107;
-38, 200, 28, -534, -346, -199, -149, 783, 111;
-43, 203, 26, -505, -389, -223, -170, 793, 104;
-45, 209, 27, -455, -412, -237, -179, 816, 107;
-51, 212, 25, -422, -453, -259, -199, 827, 97;
-58, 212, 19, -403, -507, -288, -228, 828, 77;
-62, 216, 17, -364, -540, -306, -245, 842, 68;
-55, 231, 26, -251, -499, -287, -216, 902, 103;
-58, 236, 25, -203, -520, -299, -226, 920, 97;
-64, 237, 19, -176, -562, -320, -250, 926, 77;
-63, 245, 21, -106, -557, -319, -246, 957, 83;
-69, 245, 14, -85, -599, -340, -271, 958, 57;
-62, 259, 21, 19, -554, -318, -242, 1012, 84;
-62, 265, 20, 73, -556, -319, -244, 1033, 78;
-63, 269, 17, 120, -561, -321, -248, 1050, 69;
-59, 278, 20, 198, -531, -305, -231, 1087, 79;
-59, 283, 17, 242, -530, -304, -233, 1103, 69;
-64, 282, 10, 257, -554, -315, -250, 1101, 41;
-58, 291, 13, 334, -511, -292, -227, 1138, 53;
-58, 294, 9, 367, -506, -288, -228, 1148, 38;
-51, 303, 12, 439, -458, -262, -202, 1183, 49;
-47, 309, 13, 494, -420, -241, -183, 1208, 52;
-44, 313, 11, 531, -395, -226, -173, 1222, 45;
-40, 318, 11, 576, -357, -205, -156, 1242, 44;
-40, 317, 5, 580, -353, -200, -159, 1237, 21;
-38, 318, 2, 600, -327, -185, -150, 1243, 10;
-27, 328, 8, 671, -245, -141, -106, 1281, 32;
-29, 324, 0, 652, -248, -140, -115, 1264, 1;
-16, 334, 7, 723, -155, -90, -65, 1304, 29;
-14, 333, 3, 719, -131, -75, -57, 1298, 13;
-12, 331, 0, 712, -106, -59, -50, 1291, -2;
-3, 336, 2, 744, -35, -20, -14, 1310, 9;
-4, 330, -4, 709, -27, -13, -17, 1288, -17;
7, 336, 1, 748, 57, 32, 28, 1312, 4;
12, 336, 0, 745, 106, 59, 50, 1312, 2;
19, 337, 1, 745, 162, 90, 77, 1314, 5;
22, 333, -1, 714, 190, 107, 87, 1299, -7;
20, 324, -9, 652, 190, 110, 79, 1264, -38;
30, 326, -5, 659, 263, 150, 117, 1274, -22;
28, 318, -12, 596, 267, 155, 113, 1240, -47;
38, 319, -8, 594, 335, 191, 148, 1246, -32;
47, 320, -4, 589, 401, 227, 183, 1250, -17;
43, 309, -12, 504, 388, 223, 169, 1205, -49;
53, 311, -6, 504, 461, 261, 209, 1214, -27;
57, 306, -7, 459, 490, 278, 222, 1196, -29;
51, 292, -17, 356, 460, 265, 199, 1142, -67;
57, 291, -13, 333, 509, 291, 225, 1137, -54;
65, 291, -9, 311, 559, 317, 253, 1135, -38;
62, 281, -14, 230, 548, 313, 244, 1096, -58;
65, 276, -14, 183, 569, 324, 255, 1078, -55;
62, 267, -18, 105, 556, 318, 245, 1041, -72;
69, 267, -12, 87, 602, 341, 272, 1042, -50;
68, 259, -15, 20, 593, 337, 267, 1012, -59;
63, 248, -20, -66, 563, 322, 248, 970, -80;
60, 239, -24, -143, 538, 309, 234, 934, -94;
64, 239, -19, -163, 566, 323, 253, 934, -74;
58, 228, -25, -253, 520, 299, 226, 889, -98;
64, 230, -18, -259, 552, 314, 249, 897, -70;
61, 223, -19, -315, 530, 301, 239, 873, -74;
56, 216, -21, -378, 496, 283, 221, 844, -84;
57, 214, -18, -405, 492, 279, 223, 837, -73;
53, 209, -19, -454, 461, 261, 209, 816, -77;
44, 199, -25, -529, 397, 227, 175, 778, -99;
39, 193, -27, -581, 351, 202, 152, 754, -108;
36, 190, -26, -609, 324, 186, 141, 744, -104;
36, 191, -23, -617, 311, 177, 140, 746, -90;
25, 182, -29, -684, 233, 135, 98, 710, -116;
20, 179, -29, -707, 193, 112, 81, 701, -116;
15, 177, -30, -729, 149, 87, 61, 692, -117;
17, 182, -23, -700, 151, 85, 70, 713, -90;
8, 176, -28, -742, 76, 44, 31, 689, -109;
9, 182, -21, -707, 73, 39, 37, 712, -84;
-2, 175, -28, -753, -15, -7, -9, 684, -111;
-3, 179, -24, -725, -35, -20, -14, 701, -95;
-9, 179, -25, -725, -86, -49, -37, 699, -99;
-11, 184, -22, -692, -109, -64, -44, 718, -85;
-24, 177, -30, -730, -205, -115, -96, 691, -118;
-29, 179, -30, -710, -248, -139, -115, 699, -117;
-26, 189, -22, -640, -243, -140, -105, 738, -88;
-34, 188, -25, -632, -303, -173, -135, 737, -100;
-40, 190, -27, -612, -353, -200, -159, 742, -106;
-38, 200, -20, -536, -348, -200, -150, 782, -80;
-45, 201, -23, -518, -402, -230, -178, 785, -92;
-53, 201, -27, -503, -460, -261, -208, 786, -107;
-52, 210, -23, -433, -464, -265, -206, 820, -91;
-55, 215, -22, -383, -487, -278, -216, 841, -87;
-58, 221, -22, -333, -510, -291, -226, 861, -86;
-65, 221, -26, -312, -559, -317, -253, 864, -103;
-58, 235, -17, -207, -525, -301, -229, 918, -69;
-60, 241, -17, -151, -537, -308, -235, 941, -67;
-67, 241, -22, -133, -585, -333, -263, 940, -88;
-60, 255, -14, -27, -541, -311, -235, 994, -56;
-64, 257, -17, 7, -566, -324, -250, 1004, -67;
-66, 261, -18, 51, -578, -329, -257, 1020, -73;
-64, 269, -16, 118, -563, -322, -249, 1049, -64;
-62, 275, -14, 179, -550, -314, -242, 1076, -58;
-58, 284, -11, 251, -522, -300, -227, 1108, -45;
-64, 282, -18, 254, -557, -316, -252, 1099, -73;
-61, 288, -16, 314, -531, -302, -239, 1126, -65;
-51, 301, -8, 409, -464, -267, -202, 1175, -34;
-51, 303, -10, 442, -454, -260, -200, 1185, -40;
-44, 312, -5, 511, -403, -233, -173, 1218, -22;
-42, 315, -5, 546, -380, -219, -164, 1231, -23;
-40, 318, -6, 574, -359, -206, -157, 1240, -27;
-38, 320, -7, 599, -335, -191, -148, 1248, -30;
-29, 328, -2, 658, -269, -156, -114, 1279, -9;
-34, 321, -11, 626, -291, -164, -135, 1253, -43;
-25, 328, -5, 678, -223, -127, -99, 1280, -22;
-15, 335, 0, 731, -147, -86, -60, 1309, 2;
-10, 337, 1, 746, -104, -61, -41, 1315, 6;
-14, 329, -6, 702, -115, -64, -55, 1286, -24;
-2, 337, 1, 751, -29, -17, -10, 1314, 5;
0, 335, 0, 742, 4, 2, 2, 1308, 2;
1, 330, -2, 712, 22, 14, 6, 1290, -9;
6, 330, -1, 706, 67, 40, 26, 1288, -5;
18, 335, 6, 738, 154, 87, 72, 1310, 25;
20, 331, 4, 702, 178, 101, 79, 1291, 16;
20, 323, 0, 650, 188, 110, 78, 1263, 0;
32, 329, 9, 677, 280, 159, 128, 1285, 36;
37, 326, 10, 649, 320, 181, 146, 1273, 40;
41, 322, 11, 615, 355, 201, 161, 1258, 42;
38, 312, 5, 539, 350, 202, 152, 1219, 21;
42, 307, 5, 496, 380, 219, 164, 1200, 23;
45, 303, 6, 452, 409, 236, 177, 1182, 26;
57, 307, 16, 463, 494, 280, 224, 1198, 64;
60, 301, 17, 412, 516, 293, 234, 1176, 66;
53, 287, 9, 306, 482, 277, 209, 1121, 35;
60, 286, 14, 282, 530, 303, 235, 1117, 56;
65, 284, 19, 252, 569, 323, 257, 1109, 74;
65, 276, 18, 186, 571, 325, 256, 1080, 71;
61, 265, 13, 93, 545, 313, 238, 1034, 52;
61, 258, 13, 32, 546, 313, 238, 1007, 53;
62, 254, 16, -14, 558, 320, 245, 990, 62;
67, 252, 21, -42, 587, 334, 263, 985, 84;
67, 246, 22, -99, 582, 331, 261, 961, 87;
63, 238, 20, -169, 560, 320, 249, 930, 81;
65, 235, 24, -208, 565, 321, 254, 917, 94;
60, 226, 22, -279, 532, 304, 237, 884, 86;
57, 219, 21, -341, 504, 288, 222, 856, 82;
58, 218, 25, -366, 507, 288, 228, 851, 100;
57, 214, 27, -405, 492, 279, 223, 837, 108;
45, 201, 19, -505, 410, 236, 177, 785, 76;
44, 199, 22, -531, 396, 227, 174, 777, 88;
46, 200, 28, -537, 396, 224, 180, 782, 110;
35, 190, 22, -614, 319, 183, 138, 741, 85;
35, 190, 26, -622, 305, 174, 136, 743, 101;
28, 185, 24, -661, 256, 146, 112, 724, 96;
22, 181, 23, -695, 205, 118, 88, 708, 91;
18, 180, 24, -710, 168, 96, 73, 703, 95;
10, 175, 21, -744, 107, 63, 42, 685, 84;
8, 177, 24, -739, 79, 45, 33, 691, 95;
7, 180, 28, -718, 61, 33, 30, 705, 112;
2, 180, 29, -718, 18, 9, 11, 705, 113;
-5, 177, 25, -738, -48, -27, -21, 693, 99;
-11, 178, 25, -733, -94, -53, -43, 694, 98;
-12, 182, 28, -700, -117, -68, -49, 712, 111;
-18, 183, 27, -688, -164, -94, -70, 717, 108;
-28, 180, 21, -705, -243, -137, -112, 702, 84;
-27, 188, 27, -641, -245, -141, -106, 737, 108;
-29, 194, 30, -597, -268, -155, -113, 758, 117;
-38, 193, 25, -594, -335, -191, -148, 753, 98;
-47, 191, 19, -592, -404, -228, -185, 747, 75;
-45, 201, 25, -515, -399, -228, -176, 787, 97;
-51, 203, 22, -489, -446, -254, -200, 794, 86;
-47, 215, 28, -402, -432, -249, -186, 839, 110;
-58, 213, 20, -400, -503, -286, -226, 831, 79;
-61, 217, 18, -358, -534, -303, -241, 846, 72;
-63, 223, 18, -301, -549, -312, -247, 871, 72;
-57, 237, 26, -195, -513, -295, -222, 925, 102;
-61, 240, 22, -159, -545, -312, -240, 936, 87;
-62, 246, 21, -103, -554, -317, -244, 959, 84;
-62, 252, 21, -42, -556, -319, -244, 985, 84;
-65, 256, 18, 0, -574, -328, -255, 999, 71;
-70, 257, 12, 26, -603, -342, -273, 1004, 49;
-60, 272, 20, 140, -541, -311, -236, 1063, 81;
-61, 276, 17, 182, -547, -313, -241, 1078, 69;
-62, 280, 15, 227, -546, -312, -242, 1094, 59;
-65, 281, 9, 251, -560, -318, -254, 1098, 37;
-57, 292, 14, 337, -508, -290, -225, 1140, 55;
-50, 302, 17, 416, -458, -264, -198, 1179, 69;
-53, 301, 11, 429, -467, -267, -208, 1177, 43;
-46, 310, 13, 497, -418, -240, -182, 1209, 53;
-50, 307, 5, 496, -430, -244, -195, 1200, 23;
-42, 316, 9, 560, -372, -212, -165, 1232, 35;
-37, 321, 9, 604, -329, -189, -145, 1251, 36;
-35, 322, 6, 622, -305, -174, -136, 1256, 23;
-28, 327, 7, 663, -253, -145, -111, 1276, 27;
-22, 330, 7, 694, -206, -119, -89, 1290, 27;
-25, 325, -1, 668, -209, -117, -99, 1270, -4;
-15, 332, 3, 717, -133, -76, -59, 1297, 12;
-14, 329, -2, 701, -116, -64, -56, 1285, -8;
-8, 330, -2, 712, -67, -36, -33, 1290, -9;
3, 338, 3, 758, 20, 10, 12, 1318, 12;
0, 330, -5, 708, 18, 12, 3, 1288, -20;
5, 328, -7, 695, 57, 34, 19, 1281, -28;
16, 334, -1, 728, 144, 81, 66, 1304, -5;
16, 327, -7, 678, 154, 89, 64, 1276, -30;
26, 329, -3, 688, 226, 128, 101, 1286, -15;
27, 324, -8, 643, 247, 142, 107, 1264, -32;
32, 321, -8, 620, 291, 166, 127, 1255, -33;
37, 318, -9, 589, 329, 188, 144, 1242, -36;
37, 310, -14, 529, 340, 196, 145, 1212, -55;
42, 308, -13, 500, 384, 221, 166, 1202, -52;
45, 302, -15, 449, 406, 234, 175, 1180, -60;
57, 307, -6, 465, 495, 281, 225, 1199, -26;
52, 294, -16, 364, 468, 269, 204, 1146, -62;
58, 292, -13, 337, 513, 293, 228, 1140, -51;
61, 287, -12, 292, 539, 307, 241, 1123, -50;
66, 284, -11, 253, 570, 324, 258, 1110, -44;
68, 279, -11, 204, 590, 334, 267, 1091, -43;
63, 267, -18, 108, 559, 320, 247, 1043, -70;
63, 261, -18, 50, 564, 323, 249, 1019, -73;
60, 251, -23, -32, 541, 311, 234, 979, -92;
65, 250, -19, -58, 571, 326, 253, 975, -75;
67, 247, -16, -97, 584, 332, 262, 963, -66;
61, 235, -22, -185, 544, 312, 239, 920, -88;
66, 236, -17, -202, 571, 324, 258, 921, -66;
65, 231, -16, -249, 562, 319, 255, 903, -64;
55, 217, -25, -353, 492, 282, 215, 849, -98;
54, 213, -24, -395, 479, 274, 211, 834, -95;
50, 207, -25, -448, 449, 257, 196, 811, -100;
49, 204, -24, -482, 433, 247, 191, 799, -94;
46, 201, -23, -519, 407, 232, 181, 784, -93;
37, 192, -29, -590, 343, 198, 147, 749, -114;
33, 188, -29, -626, 308, 178, 131, 734, -115;
35, 190, -23, -620, 308, 175, 138, 744, -92;
29, 186, -25, -657, 260, 148, 115, 727, -98;
27, 186, -22, -664, 236, 134, 108, 728, -89;
18, 180, -27, -712, 166, 95, 71, 702, -107;
19, 184, -21, -689, 161, 90, 76, 720, -83;
15, 184, -20, -696, 121, 67, 59, 717, -81;
7, 180, -23, -721, 58, 32, 28, 703, -93;
5, 183, -20, -705, 32, 16, 20, 714, -81;
-7, 176, -28, -748, -58, -32, -28, 687, -109;
-6, 182, -22, -703, -64, -38, -24, 713, -86;
-17, 178, -27, -729, -146, -82, -67, 695, -108;
-19, 182, -24, -695, -170, -98, -74, 713, -96;
-26, 182, -26, -688, -226, -129, -102, 712, -104;
-31, 184, -27, -668, -271, -154, -122, 720, -105;
-31, 192, -22, -613, -283, -163, -123, 749, -88;
-35, 196, -21, -576, -316, -182, -137, 765, -84;
-40, 198, -22, -551, -362, -207, -159, 773, -89;
-45, 201, -23, -515, -399, -228, -176, 787, -90;
-52, 203, -26, -493, -450, -256, -202, 792, -101;
-50, 212, -20, -418, -449, -257, -196, 829, -81;
-55, 215, -22, -384, -488, -279, -216, 840, -88;
-55, 223, -19, -319, -496, -284, -217, 870, -77;
-59, 227, -20, -275, -523, -299, -231, 887, -80;
-63, 230, -22, -239, -557, -317, -249, 898, -89;
-66, 234, -23, -192, -578, -329, -260, 915, -92;
-64, 243, -20, -118, -569, -325, -253, 950, -79;
-64, 250, -18, -55, -569, -325, -252, 977, -73;
-69, 251, -23, -28, -602, -342, -272, 982, -89;
-69, 258, -22, 30, -599, -340, -270, 1007, -86;
-66, 267, -18, 106, -575, -328, -257, 1042, -71;
-66, 271, -19, 152, -577, -328, -260, 1058, -75;
-58, 284, -11, 252, -521, -299, -227, 1109, -44;
-60, 285, -15, 278, -533, -304, -237, 1114, -58;
-57, 292, -12, 339, -506, -289, -224, 1141, -50;
-55, 297, -12, 384, -490, -280, -218, 1158, -50;
-52, 303, -11, 438, -459, -262, -203, 1182, -43;
-51, 305, -13, 465, -449, -256, -202, 1190, -51;
-47, 311, -10, 516, -411, -234, -183, 1212, -42;
-41, 317, -7, 569, -363, -208, -159, 1238, -29;
-42, 316, -11, 572, -361, -204, -164, 1232, -46;
-37, 319, -10, 605, -323, -183, -147, 1245, -42;
-27, 328, -3, 672, -244, -141, -105, 1282, -14;
-21, 332, -1, 703, -197, -114, -83, 1296, -6;
-19, 331, -3, 705, -172, -99, -76, 1293, -13;
-16, 331, -4, 709, -141, -80, -64, 1292, -16;
-12, 331, -4, 712, -105, -59, -49, 1292, -18;
-9, 330, -5, 708, -72, -39, -36, 1287, -20;
3, 337, 3, 756, 18, 9, 11, 1317, 11;
8, 337, 4, 755, 65, 35, 32, 1317, 16;
13, 336, 4, 746, 107, 60, 50, 1313, 19;
15, 332, 3, 719, 135, 77, 60, 1298, 13;
19, 330, 3, 698, 173, 99, 76, 1288, 13;
29, 333, 10, 712, 250, 140, 116, 1301, 39;
26, 323, 3, 638, 242, 139, 104, 1260, 12;
35, 324, 8, 635, 306, 174, 137, 1264, 31;
39, 321, 9, 604, 344, 196, 154, 1251, 36;
47, 320, 13, 590, 402, 227, 184, 1251, 53;
48, 314, 12, 536, 420, 239, 189, 1225, 48;
50, 308, 11, 485, 442, 252, 197, 1202, 46;
50, 300, 9, 420, 450, 258, 197, 1171, 38;
50, 292, 7, 353, 457, 263, 197, 1140, 30;
59, 293, 14, 342, 518, 295, 231, 1143, 58;
61, 287, 16, 292, 539, 307, 241, 1123, 62;
63, 281, 16, 236, 553, 315, 247, 1099, 64;
65, 276, 18, 186, 572, 325, 256, 1080, 71;
69, 273, 21, 146, 597, 339, 271, 1067, 85;
69, 267, 22, 87, 601, 341, 272, 1042, 87;
69, 260, 22, 24, 598, 340, 270, 1015, 87;
65, 250, 19, -58, 571, 326, 253, 975, 74;
60, 240, 16, -139, 542, 311, 236, 937, 62;
62, 237, 19, -177, 552, 316, 244, 925, 76;
57, 227, 16, -259, 514, 296, 222, 885, 62;
59, 225, 20, -290, 521, 298, 230, 877, 79;
59, 222, 23, -327, 518, 295, 231, 865, 91;
60, 220, 28, -352, 521, 295, 237, 860, 109;
56, 213, 26, -413, 484, 275, 218, 832, 103;
54, 210, 28, -449, 466, 264, 212, 819, 111;
49, 204, 27, -501, 425, 241, 192, 796, 106;
41, 195, 23, -567, 366, 209, 161, 763, 91;
40, 195, 27, -582, 351, 199, 158, 761, 105;
34, 189, 25, -627, 301, 171, 133, 740, 98;
33, 190, 29, -630, 286, 162, 132, 743, 115;
29, 188, 29, -655, 245, 138, 113, 733, 116;
18, 179, 23, -715, 163, 94, 70, 700, 92;
12, 177, 23, -733, 117, 68, 49, 692, 90;
6, 175, 22, -753, 65, 39, 24, 682, 86;
6, 179, 27, -724, 55, 31, 26, 701, 108;
5, 183, 31, -705, 31, 15, 19, 714, 121;
-7, 176, 23, -749, -59, -32, -28, 686, 93;
-13, 175, 22, -749, -110, -61, -52, 685, 88;
-19, 176, 21, -742, -159, -89, -75, 686, 85;
-18, 183, 27, -692, -168, -96, -73, 714, 106;
-27, 181, 22, -698, -236, -134, -108, 706, 89;
-28, 188, 26, -648, -251, -144, -109, 733, 104;
-29, 194, 29, -600, -271, -157, -115, 756, 115;
-38, 193, 25, -595, -335, -191, -148, 753, 97;
-43, 195, 23, -567, -378, -216, -169, 763, 91;
-41, 205, 28, -491, -375, -216, -161, 802, 112;
-53, 201, 19, -503, -460, -261, -209, 786, 77;
-51, 212, 25, -422, -453, -259, -199, 827, 97;
-50, 220, 27, -354, -458, -264, -198, 859, 108;
-56, 222, 23, -326, -503, -288, -222, 866, 91;
-61, 224, 20, -291, -539, -307, -241, 877, 79;
-62, 231, 20, -230, -548, -313, -244, 903, 80;
-59, 242, 24, -144, -530, -305, -230, 945, 97;
-60, 248, 24, -88, -539, -310, -234, 968, 94;
-62, 252, 21, -44, -558, -319, -245, 984, 83;
-65, 256, 18, 1, -571, -326, -253, 1001, 73;
-67, 260, 15, 43, -586, -334, -263, 1014, 60;
-63, 269, 17, 119, -562, -321, -249, 1050, 68;
-67, 271, 12, 150, -579, -329, -261, 1057, 49;
-65, 277, 11, 206, -567, -322, -255, 1081, 46;
-62, 284, 12, 270, -541, -308, -242, 1109, 49;
-58, 291, 13, 332, -514, -293, -228, 1137, 51;
-52, 300, 16, 406, -467, -268, -203, 1173, 63;
-54, 300, 9, 420, -477, -271, -214, 1171, 38;
-45, 311, 14, 502, -413, -237, -179, 1213, 57;
-41, 316, 14, 552, -374, -216, -161, 1235, 58;
-37, 321, 14, 592, -341, -197, -145, 1252, 54;
-38, 320, 8, 597, -336, -192, -149, 1248, 32;
-37, 319, 3, 608, -320, -181, -146, 1247, 14;
-24, 331, 11, 688, -228, -133, -96, 1292, 43;
-24, 329, 5, 686, -214, -122, -94, 1285, 23;
-19, 331, 5, 707, -171, -98, -75, 1294, 19;
-14, 333, 3, 720, -130, -74, -57, 1299, 14;
-7, 336, 5, 747, -70, -41, -28, 1313, 19;
-1, 338, 4, 758, -22, -14, -5, 1319, 18;
4, 339, 4, 767, 29, 14, 18, 1324, 18;
0, 329, -6, 702, 12, 9, 0, 1284, -24;
15, 338, 2, 760, 121, 67, 59, 1321, 11;
11, 329, -6, 695, 111, 65, 45, 1283, -25;
17, 328, -6, 683, 159, 92, 67, 1279, -27;
25, 328, -5, 681, 219, 125, 97, 1282, -19;
31, 328, -3, 670, 274, 155, 124, 1280, -15;
37, 326, -4, 647, 317, 180, 144, 1271, -16;
40, 321, -6, 608, 348, 198, 156, 1254, -24;
45, 318, -6, 578, 389, 221, 176, 1243, -24;
49, 315, -6, 543, 427, 242, 194, 1230, -25;
51, 308, -9, 489, 446, 254, 200, 1204, -36;
57, 307, -6, 465, 496, 281, 226, 1199, -26;
52, 293, -16, 363, 467, 268, 203, 1146, -63;
57, 291, -14, 328, 505, 289, 223, 1135, -56;
63, 289, -11, 304, 552, 313, 249, 1130, -42;
57, 275, -20, 195, 513, 295, 222, 1074, -79;
63, 274, -16, 169, 555, 317, 246, 1069, -64;
61, 266, -19, 98, 550, 315, 241, 1037, -76;
65, 263, -17, 60, 574, 328, 255, 1025, -67;
63, 254, -20, -13, 559, 320, 246, 991, -80;
62, 247, -21, -73, 556, 319, 244, 966, -84;
65, 245, -18, -107, 574, 327, 256, 956, -72;
60, 235, -23, -189, 540, 310, 237, 917, -90;
61, 231, -22, -234, 538, 308, 238, 901, -86;
65, 231, -16, -252, 559, 317, 253, 901, -66;
53, 216, -26, -364, 481, 277, 208, 842, -105;
58, 218, -19, -367, 507, 288, 228, 851, -77;
52, 209, -24, -438, 459, 262, 203, 817, -93;
47, 203, -25, -489, 425, 243, 187, 794, -99;
46, 201, -23, -520, 406, 232, 180, 784, -93;
38, 192, -28, -585, 347, 200, 150, 752, -111;
35, 189, -27, -616, 317, 182, 137, 740, -109;
29, 185, -29, -656, 272, 157, 116, 722, -114;
31, 188, -23, -646, 270, 154, 122, 734, -92;
30, 189, -20, -648, 252, 141, 117, 737, -79;
22, 184, -23, -687, 191, 108, 87, 718, -91;
19, 184, -21, -691, 159, 89, 75, 718, -85;
8, 177, -27, -739, 79, 45, 33, 691, -108;
2, 176, -28, -749, 31, 18, 11, 686, -110;
2, 180, -23, -719, 18, 9, 11, 705, -90;
-4, 178, -25, -732, -41, -24, -17, 697, -99;
-10, 178, -26, -729, -91, -51, -40, 697, -102;
-13, 181, -24, -706, -122, -70, -52, 709, -94;
-15, 186, -21, -673, -148, -87, -61, 726, -83;
-28, 180, -28, -701, -239, -135, -110, 704, -112;
-25, 191, -20, -628, -231, -134, -97, 745, -81;
-33, 189, -24, -627, -298, -170, -132, 740, -97;
-37, 194, -23, -588, -329, -188, -144, 757, -91;
-38, 200, -21, -539, -350, -202, -151, 780, -82;
-44, 202, -22, -511, -395, -226, -174, 789, -88;
-50, 204, -24, -486, -444, -253, -198, 796, -97;
-51, 211, -22, -426, -457, -261, -201, 824, -86;
-50, 220, -17, -354, -458, -264, -197, 859, -69;
-63, 215, -27, -366, -543, -308, -246, 841, -106;
-64, 222, -25, -305, -553, -314, -249, 868, -99;
-64, 229, -23, -242, -560, -319, -251, 896, -91;
-61, 240, -18, -159, -544, -312, -239, 936, -71;
-63, 244, -19, -111, -562, -321, -249, 954, -74;
-69, 245, -23, -86, -600, -341, -271, 958, -92;
-70, 251, -23, -29, -603, -342, -273, 981, -90;
-64, 262, -17, 59, -570, -326, -253, 1024, -68;
-67, 265, -19, 96, -585, -333, -263, 1036, -77;
-63, 275, -15, 174, -555, -317, -246, 1072, -61;
-65, 277, -18, 208, -565, -321, -254, 1082, -72;
-57, 289, -11, 301, -510, -293, -223, 1128, -44;
-63, 287, -18, 303, -542, -307, -246, 1119, -72;
-60, 292, -17, 357, -516, -293, -234, 1142, -67;
-53, 301, -12, 429, -468, -267, -208, 1177, -48;
-50, 306, -11, 474, -440, -251, -196, 1195, -45;
-47, 310, -11, 513, -414, -236, -185, 1210, -44;
-41, 316, -8, 566, -366, -210, -161, 1236, -31;
-40, 317, -10, 583, -350, -199, -158, 1239, -39;
-33, 323, -6, 632, -296, -169, -131, 1262, -25;
-32, 323, -8, 639, -278, -157, -126, 1261, -34;
-26, 327, -6, 670, -230, -130, -104, 1275, -26;
-20, 330, -4, 697, -181, -103, -81, 1288, -18;
-19, 328, -6, 693, -158, -88, -74, 1282, -27;
-7, 336, 0, 743, -75, -44, -30, 1311, 0;
-6, 333, -1, 729, -50, -28, -23, 1301, -7;
-4, 330, -4, 710, -27, -13, -17, 1288, -17;
4, 334, 0, 734, 44, 25, 19, 1304, 3;
10, 334, 2, 731, 92, 52, 41, 1303, 9;
15, 332, 3, 718, 134, 76, 59, 1297, 12;
18, 329, 2, 693, 169, 97, 73, 1285, 10;
23, 327, 3, 673, 211, 121, 92, 1277, 15;
25, 322, 2, 633, 236, 136, 100, 1257, 8;
37, 326, 10, 648, 319, 181, 145, 1272, 39;
41, 323, 11, 617, 357, 202, 162, 1260, 44;
41, 314, 7, 552, 364, 208, 160, 1227, 30;
41, 306, 4, 489, 373, 215, 160, 1196, 19;
49, 306, 10, 475, 432, 247, 191, 1196, 40;
56, 306, 15, 456, 487, 276, 220, 1194, 60;
59, 301, 16, 410, 513, 291, 232, 1175, 65;
59, 293, 15, 343, 519, 296, 232, 1144, 58;
57, 283, 11, 262, 510, 293, 223, 1104, 44;
63, 282, 16, 236, 554, 316, 247, 1099, 65;
65, 276, 17, 181, 567, 323, 253, 1077, 69;
61, 265, 13, 94, 546, 313, 238, 1035, 53;
64, 261, 17, 53, 567, 324, 251, 1021, 66;
62, 253, 15, -16, 557, 319, 244, 989, 62;
64, 249, 18, -64, 565, 323, 250, 972, 70;
69, 249, 24, -83, 598, 339, 271, 971, 97;
64, 238, 21, -167, 562, 321, 250, 931, 82;
62, 232, 21, -227, 545, 311, 242, 905, 82;
58, 224, 19, -296, 516, 295, 226, 874, 76;
58, 221, 22, -331, 514, 293, 229, 863, 89;
54, 214, 22, -390, 484, 277, 214, 837, 86;
57, 215, 28, -402, 495, 280, 225, 839, 110;
51, 206, 25, -470, 444, 253, 199, 806, 97;
41, 196, 19, -552, 374, 216, 160, 764, 74;
44, 198, 26, -551, 382, 217, 171, 773, 101;
42, 197, 29, -570, 363, 205, 166, 768, 113;
30, 185, 21, -651, 276, 159, 118, 725, 83;
25, 181, 20, -686, 231, 134, 97, 709, 81;
28, 187, 28, -662, 239, 135, 109, 729, 112;
22, 184, 28, -686, 192, 108, 88, 718, 110;
14, 179, 25, -722, 128, 74, 56, 699, 98;
10, 179, 26, -726, 92, 52, 41, 699, 103;
2, 175, 23, -754, 25, 16, 7, 683, 89;
4, 182, 31, -706, 31, 15, 19, 713, 121;
-6, 176, 24, -743, -52, -29, -24, 690, 96;
-10, 178, 25, -732, -93, -53, -42, 695, 99;
-15, 179, 25, -719, -136, -77, -61, 701, 99;
-16, 185, 29, -680, -155, -90, -65, 722, 114;
-26, 182, 23, -692, -230, -130, -104, 710, 93;
-32, 184, 23, -672, -275, -156, -124, 718, 89;
-37, 186, 21, -649, -320, -181, -145, 726, 85;
-41, 189, 21, -617, -358, -203, -162, 739, 83;
-46, 192, 20, -585, -397, -225, -180, 752, 80;
-43, 203, 26, -506, -390, -224, -170, 793, 103;
-45, 210, 28, -450, -407, -235, -176, 819, 110;
-49, 213, 26, -410, -441, -253, -192, 834, 104;
-57, 213, 21, -396, -500, -285, -224, 833, 82;
-55, 223, 24, -318, -495, -284, -217, 871, 96;
-61, 225, 21, -286, -534, -304, -237, 880, 82;
-63, 230, 19, -239, -556, -317, -249, 898, 75;
-68, 233, 15, -201, -587, -333, -266, 910, 61;
-68, 239, 15, -143, -594, -337, -269, 934, 60;
-65, 249, 18, -59, -573, -327, -255, 974, 73;
-64, 257, 19, 8, -565, -323, -249, 1005, 77;
-62, 265, 20, 77, -552, -317, -241, 1036, 81;
-63, 270, 18, 123, -558, -319, -246, 1053, 71;
-65, 273, 14, 162, -567, -323, -253, 1065, 57;
-58, 283, 18, 248, -525, -301, -229, 1107, 72;
-62, 284, 12, 270, -541, -308, -242, 1109, 49;
-63, 287, 8, 304, -541, -307, -245, 1120, 34;
-56, 296, 12, 380, -494, -281, -220, 1156, 46;
-57, 298, 7, 406, -491, -278, -223, 1162, 29;
-46, 310, 14, 499, -416, -239, -181, 1210, 55;
-41, 316, 15, 553, -373, -215, -160, 1236, 58;
-41, 317, 10, 568, -365, -209, -161, 1236, 39;
-35, 322, 10, 613, -320, -184, -139, 1257, 41;
-35, 322, 6, 622, -306, -174, -137, 1256, 23;
-28, 327, 7, 664, -252, -145, -110, 1277, 28;
-26, 326, 3, 669, -231, -131, -105, 1274, 12;
-22, 328, 2, 688, -190, -107, -86, 1282, 8;
-13, 334, 5, 730, -120, -70, -51, 1305, 20;
-13, 330, -1, 708, -109, -61, -52, 1289, -4;
-2, 337, 3, 753, -27, -16, -8, 1316, 15;
1, 336, 1, 746, 9, 4, 5, 1311, 5;
7, 336, 1, 749, 59, 32, 28, 1313, 4;
9, 332, -2, 723, 84, 48, 36, 1298, -11;
17, 334, 0, 731, 148, 83, 68, 1306, -2;
21, 332, -2, 709, 185, 105, 83, 1296, -10;
29, 333, 0, 709, 247, 139, 115, 1300, -2;
24, 321, -10, 627, 230, 133, 96, 1253, -42;
32, 321, -9, 615, 286, 164, 124, 1252, -35;
34, 315, -12, 571, 311, 179, 133, 1231, -47;
45, 319, -5, 583, 394, 223, 179, 1246, -21;
44, 310, -11, 513, 397, 227, 175, 1211, -43;
52, 310, -7, 499, 456, 259, 206, 1211, -30;
55, 304, -9, 449, 479, 273, 215, 1189, -36;
54, 295, -14, 376, 480, 275, 211, 1154, -55;
57, 290, -14, 328, 504, 288, 222, 1134, -57;
59, 285, -15, 278, 526, 300, 232, 1114, -59;
66, 285, -10, 255, 573, 325, 259, 1111, -42;
65, 276, -14, 184, 569, 324, 255, 1078, -55;
63, 268, -17, 111, 563, 322, 249, 1045, -68;
63, 261, -18, 50, 564, 323, 249, 1019, -73;
66, 258, -16, 10, 583, 332, 261, 1006, -65;
66, 251, -17, -47, 582, 332, 260, 982, -68;
67, 247, -16, -95, 586, 333, 263, 964, -65;
60, 234, -23, -192, 538, 308, 235, 916, -92;
66, 236, -16, -201, 572, 325, 258, 922, -65;
65, 231, -16, -250, 561, 318, 254, 902, -65;
53, 215, -27, -365, 480, 276, 207, 841, -106;
59, 219, -19, -361, 512, 291, 231, 854, -74;
54, 211, -21, -423, 473, 270, 212, 826, -84;
45, 201, -28, -505, 409, 235, 177, 784, -109;
48, 203, -21, -506, 420, 239, 189, 792, -84;
40, 195, -26, -570, 363, 208, 159, 761, -101;
43, 197, -19, -566, 367, 207, 168, 771, -77;
36, 191, -22, -614, 314, 178, 142, 748, -89;
33, 190, -21, -632, 285, 161, 131, 743, -83;
26, 185, -24, -674, 227, 129, 102, 722, -95;
16, 178, -29, -725, 153, 89, 63, 694, -115;
15, 180, -25, -716, 134, 76, 59, 702, -101;
9, 177, -27, -735, 82, 47, 35, 693, -105;
5, 178, -25, -734, 46, 26, 20, 695, -101;
-4, 173, -30, -766, -28, -14, -18, 676, -119;
-7, 175, -28, -751, -61, -33, -30, 684, -112;
-14, 174, -30, -754, -115, -64, -55, 681, -117;
-13, 181, -24, -708, -125, -72, -53, 708, -95;
-20, 181, -25, -701, -177, -101, -78, 708, -100;
-27, 181, -28, -697, -235, -133, -107, 707, -109;
-26, 189, -22, -639, -243, -140, -104, 738, -88;
-36, 187, -27, -643, -314, -178, -142, 730, -107;
-41, 190, -27, -614, -355, -201, -160, 741, -108;
-46, 193, -28, -583, -395, -224, -179, 753, -109;
-49, 197, -27, -544, -428, -243, -194, 769, -108;
-46, 208, -20, -459, -416, -239, -181, 813, -80;
-52, 210, -23, -433, -464, -265, -206, 820, -90;
-54, 216, -21, -378, -481, -275, -212, 844, -84;
-62, 216, -26, -360, -537, -305, -243, 845, -103;
-58, 228, -19, -269, -517, -296, -227, 890, -76;
-61, 232, -20, -224, -542, -310, -240, 907, -80;
-60, 241, -17, -152, -538, -308, -235, 940, -67;
-63, 245, -18, -108, -559, -320, -247, 956, -73;
-65, 249, -19, -61, -575, -328, -256, 973, -77;
-67, 253, -20, -15, -589, -335, -264, 990, -81;
-68, 259, -20, 39, -590, -336, -265, 1012, -80;
-64, 268, -16, 117, -565, -322, -250, 1048, -65;
-60, 277, -13, 190, -539, -309, -236, 1082, -51;
-61, 281, -14, 232, -541, -309, -239, 1097, -57;
-58, 287, -12, 291, -520, -298, -229, 1123, -50;
-54, 295, -9, 359, -487, -280, -212, 1153, -38;
-51, 301, -8, 413, -461, -265, -199, 1177, -32;
-50, 304, -9, 448, -449, -257, -196, 1188, -37;
-53, 303, -14, 456, -459, -260, -207, 1184, -56;
-49, 308, -13, 498, -428, -243, -194, 1201, -53;
-43, 315, -9, 555, -378, -215, -168, 1229, -38;
-37, 320, -7, 602, -332, -190, -146, 1250, -28;
-32, 324, -5, 639, -289, -166, -126, 1267, -21;
-28, 327, -4, 666, -251, -144, -110, 1278, -18;
-29, 324, -9, 651, -249, -140, -116, 1263, -38;
-24, 326, -8, 673, -205, -115, -96, 1273, -33;
-11, 336, 0, 740, -110, -64, -44, 1312, 2;
-14, 329, -6, 702, -116, -64, -56, 1285, -24;
-2, 337, 1, 750, -29, -18, -10, 1314, 5;
-3, 330, -3, 712, -24, -12, -15, 1290, -15;
1, 331, -2, 714, 23, 15, 6, 1291, -9;
6, 329, -1, 703, 64, 38, 24, 1286, -7;
14, 332, 2, 714, 131, 75, 57, 1295, 10;
18, 328, 1, 688, 164, 94, 70, 1282, 7;
22, 325, 2, 663, 201, 116, 86, 1271, 8;
31, 327, 7, 667, 270, 153, 121, 1278, 29;
34, 323, 7, 629, 300, 171, 133, 1260, 27;
42, 324, 12, 624, 364, 206, 167, 1264, 48;
38, 312, 5, 538, 349, 201, 151, 1218, 21;
50, 315, 14, 547, 431, 244, 196, 1232, 54;
54, 311, 15, 506, 464, 263, 211, 1215, 59;
48, 298, 7, 406, 437, 251, 189, 1162, 29;
60, 302, 17, 414, 518, 294, 235, 1178, 68;
56, 290, 12, 325, 501, 287, 220, 1132, 47;
65, 291, 19, 313, 560, 318, 254, 1136, 75;
66, 284, 19, 253, 571, 324, 258, 1110, 76;
62, 273, 15, 165, 550, 315, 243, 1066, 58;
65, 269, 18, 122, 574, 327, 256, 1052, 70;
62, 260, 15, 42, 556, 318, 244, 1014, 59;
66, 258, 20, 10, 583, 332, 261, 1006, 78;
68, 253, 22, -36, 593, 337, 267, 989, 88;
64, 243, 19, -117, 564, 322, 250, 950, 76;
68, 243, 25, -141, 588, 334, 267, 947, 99;
62, 232, 21, -224, 549, 313, 244, 907, 84;
56, 222, 17, -307, 505, 290, 220, 867, 69;
58, 220, 22, -334, 511, 292, 227, 861, 87;
53, 213, 20, -396, 477, 273, 210, 833, 81;
56, 213, 26, -410, 486, 276, 220, 834, 104;
50, 206, 24, -472, 443, 252, 198, 805, 96;
44, 199, 22, -530, 396, 227, 174, 778, 88;
39, 193, 21, -582, 351, 202, 152, 754, 82;
42, 197, 28, -571, 362, 205, 165, 768, 112;
36, 191, 27, -615, 313, 177, 141, 747, 106;
34, 191, 29, -628, 288, 163, 133, 745, 116;
26, 185, 27, -671, 229, 130, 103, 723, 106;
15, 177, 21, -728, 150, 87, 61, 692, 83;
19, 184, 30, -688, 162, 91, 77, 720, 119;
10, 178, 25, -729, 88, 50, 39, 697, 101;
0, 173, 21, -762, 17, 12, 2, 678, 84;
-2, 175, 23, -754, -16, -8, -10, 683, 91;
-1, 182, 29, -711, -21, -13, -5, 709, 116;
-11, 178, 25, -734, -95, -54, -43, 694, 98;
-10, 184, 30, -687, -103, -61, -40, 721, 119;
-16, 185, 29, -676, -151, -88, -62, 724, 116;
-22, 186, 27, -667, -205, -118, -88, 726, 108;
-27, 188, 27, -645, -249, -143, -108, 734, 106;
-38, 185, 21, -653, -324, -183, -148, 724, 82;
-39, 192, 24, -602, -342, -195, -153, 749, 93;
-42, 197, 24, -558, -370, -211, -164, 768, 97;
-43, 203, 26, -503, -387, -222, -169, 794, 105;
-51, 203, 21, -492, -449, -256, -202, 792, 84;
-57, 206, 19, -459, -490, -278, -222, 804, 74;
-53, 217, 25, -370, -474, -272, -208, 849, 98;
-60, 218, 20, -347, -523, -298, -234, 853, 79;
-56, 230, 25, -256, -504, -289, -219, 899, 100;
-59, 235, 24, -209, -527, -302, -230, 917, 94;
-65, 235, 18, -187, -573, -326, -257, 919, 70;
-60, 248, 24, -87, -539, -310, -234, 969, 94;
-67, 247, 16, -72, -586, -334, -263, 967, 65;
-64, 256, 18, 2, -571, -326, -253, 1001, 73;
-66, 260, 15, 46, -583, -332, -260, 1017, 62;
-61, 271, 20, 135, -546, -313, -239, 1060, 78;
-65, 272, 13, 156, -573, -326, -257, 1061, 53;
-61, 281, 15, 230, -542, -310, -240, 1096, 61;
-56, 290, 18, 306, -505, -290, -220, 1132, 71;
-61, 288, 10, 314, -531, -302, -239, 1125, 40;
-59, 293, 8, 361, -513, -291, -232, 1144, 34;
-50, 304, 14, 447, -449, -258, -197, 1188, 55;
-45, 311, 15, 506, -409, -235, -176, 1215, 59;
-46, 311, 9, 518, -409, -233, -182, 1213, 36;
-44, 313, 6, 545, -388, -220, -175, 1222, 25;
-38, 319, 7, 594, -339, -193, -151, 1246, 30;
-30, 327, 11, 654, -274, -158, -117, 1276, 43;
-30, 325, 4, 650, -267, -152, -120, 1268, 19;
-23, 330, 6, 689, -211, -121, -92, 1287, 25;
-22, 328, 2, 688, -190, -107, -86, 1282, 7;
-13, 334, 5, 730, -120, -69, -51, 1305, 20;
-12, 331, 0, 714, -103, -58, -48, 1293, 0;
-2, 336, 3, 750, -29, -18, -10, 1314, 13;
-2, 332, -2, 721, -16, -8, -10, 1295, -10;
7, 337, 1, 753, 63, 34, 31, 1316, 7;
12, 336, 0, 744, 106, 59, 49, 1312, 2;
17, 335, 0, 733, 149, 84, 69, 1307, -2;
18, 329, -5, 693, 169, 97, 73, 1285, -21;
22, 325, -8, 663, 201, 116, 86, 1271, -31;
25, 322, -10, 631, 234, 136, 99, 1256, -39;
32, 321, -8, 619, 290, 166, 127, 1254, -33;
35, 317, -10, 581, 321, 184, 140, 1237, -41;
43, 317, -7, 569, 380, 217, 170, 1237, -30;
47, 313, -8, 530, 414, 236, 185, 1221, -33;
54, 312, -6, 509, 466, 264, 212, 1217, -23;
58, 307, -6, 466, 496, 281, 226, 1199, -26;
59, 301, -9, 409, 512, 291, 231, 1174, -35;
58, 292, -13, 336, 512, 292, 228, 1139, -52;
61, 287, -13, 291, 538, 307, 240, 1122, -51;
67, 285, -10, 259, 577, 327, 261, 1114, -40;
62, 273, -16, 167, 553, 316, 244, 1068, -66;
64, 268, -16, 117, 568, 324, 252, 1048, -65;
67, 265, -15, 74, 588, 335, 264, 1034, -58;
62, 253, -21, -20, 552, 317, 241, 987, -85;
63, 248, -20, -67, 562, 322, 248, 970, -80;
66, 246, -17, -100, 581, 331, 260, 961, -68;
63, 238, -20, -171, 558, 319, 248, 929, -79;
57, 227, -26, -259, 514, 296, 222, 885, -102;
64, 230, -17, -257, 554, 315, 250, 898, -69;
60, 222, -20, -322, 523, 298, 234, 868, -79;
51, 211, -26, -410, 463, 266, 201, 824, -104;
48, 206, -27, -460, 437, 251, 189, 803, -107;
48, 203, -25, -489, 426, 244, 187, 795, -98;
46, 201, -23, -519, 408, 233, 181, 785, -92;
40, 194, -26, -572, 361, 207, 158, 760, -102;
41, 196, -21, -575, 358, 203, 162, 765, -83;
35, 191, -23, -619, 309, 176, 139, 745, -92;
34, 191, -20, -627, 290, 163, 134, 746, -80;
24, 183, -26, -684, 217, 124, 95, 715, -101;
18, 180, -27, -711, 167, 96, 72, 702, -106;
20, 185, -20, -685, 165, 92, 79, 722, -81;
5, 173, -31, -760, 57, 35, 19, 677, -121;
1, 174, -30, -759, 20, 13, 4, 679, -117;
-5, 172, -31, -769, -32, -16, -19, 674, -121;
-9, 173, -30, -762, -72, -39, -36, 678, -118;
-5, 183, -21, -697, -58, -35, -20, 717, -82;
-19, 175, -30, -746, -163, -91, -77, 684, -119;
-24, 177, -30, -729, -204, -115, -95, 692, -117;
-22, 186, -23, -666, -204, -118, -88, 726, -90;
-33, 183, -28, -678, -281, -159, -128, 714, -112;
-31, 192, -22, -610, -281, -162, -121, 750, -86;
-38, 193, -24, -595, -335, -191, -148, 753, -95;
-41, 198, -23, -553, -364, -209, -160, 772, -90;
-46, 200, -24, -525, -409, -233, -182, 781, -96;
-44, 210, -18, -447, -404, -233, -174, 821, -72;
-53, 209, -24, -440, -470, -268, -210, 816, -94;
-50, 220, -17, -355, -458, -264, -198, 859, -70;
-58, 220, -22, -335, -511, -292, -227, 861, -87;
-64, 222, -25, -305, -553, -314, -249, 868, -99;
-60, 233, -19, -219, -537, -307, -237, 910, -77;
-66, 235, -23, -188, -574, -326, -257, 918, -90;
-59, 248, -15, -85, -536, -308, -232, 970, -58;
-66, 248, -20, -69, -583, -332, -260, 969, -81;
-70, 251, -23, -32, -606, -343, -274, 979, -92;
-64, 262, -17, 59, -570, -325, -252, 1025, -68;
-65, 267, -17, 109, -572, -326, -255, 1044, -69;
-64, 273, -17, 164, -565, -322, -252, 1066, -67;
-58, 284, -11, 252, -521, -299, -227, 1109, -44;
-59, 287, -13, 290, -522, -298, -230, 1121, -51;
-59, 290, -14, 327, -518, -295, -231, 1134, -58;
-55, 297, -12, 385, -489, -279, -217, 1159, -50;
-51, 304, -10, 443, -454, -260, -199, 1185, -40;
-46, 310, -7, 499, -415, -239, -181, 1211, -30;
-41, 316, -5, 552, -375, -216, -161, 1235, -19;
-40, 317, -7, 570, -363, -208, -159, 1238, -29;
-40, 317, -10, 583, -350, -199, -157, 1239, -39;
-29, 327, -2, 655, -273, -158, -116, 1277, -11;
-31, 324, -7, 646, -271, -154, -122, 1265, -30;
-23, 330, -3, 692, -208, -119, -90, 1289, -13;
-16, 334, 0, 721, -157, -91, -66, 1303, -3;
-16, 331, -4, 710, -140, -79, -63, 1293, -15;
-10, 333, -2, 728, -89, -51, -39, 1302, -8;
-3, 336, 0, 747, -32, -19, -12, 1312, 3;
-2, 332, -2, 723, -14, -7, -8, 1296, -8;
9, 339, 5, 763, 72, 39, 37, 1322, 21;
6, 330, -1, 707, 68, 40, 26, 1288, -5;
19, 336, 7, 743, 160, 89, 75, 1313, 28;
23, 334, 7, 721, 197, 111, 91, 1303, 28;
23, 327, 3, 670, 208, 120, 90, 1275, 13;
33, 330, 10, 682, 285, 161, 131, 1287, 39;
32, 321, 5, 618, 289, 165, 126, 1254, 21;
36, 318, 6, 587, 327, 187, 143, 1241, 25;
37, 310, 3, 528, 340, 196, 145, 1212, 15;
48, 314, 12, 536, 420, 239, 189, 1225, 48;
51, 309, 13, 492, 449, 255, 201, 1206, 50;
55, 304, 14, 447, 477, 271, 214, 1188, 54;
60, 301, 17, 413, 516, 293, 234, 1176, 66;
55, 289, 10, 317, 493, 283, 216, 1127, 42;
57, 283, 11, 263, 511, 293, 223, 1105, 44;
60, 279, 13, 217, 535, 306, 236, 1088, 53;
62, 273, 14, 162, 548, 314, 241, 1065, 57;
62, 266, 14, 100, 551, 316, 242, 1038, 56;
65, 262, 17, 57, 571, 326, 253, 1023, 68;
63, 254, 16, -11, 562, 322, 247, 992, 65;
68, 253, 22, -39, 590, 335, 265, 987, 86;
61, 241, 16, -134, 547, 314, 239, 940, 65;
60, 235, 17, -191, 538, 309, 235, 916, 67;
61, 231, 20, -231, 542, 310, 240, 903, 80;
59, 225, 20, -287, 524, 300, 232, 879, 81;
59, 222, 23, -327, 519, 296, 231, 866, 91;
51, 211, 18, -412, 462, 265, 200, 823, 72;
52, 210, 23, -435, 462, 264, 205, 819, 89;
46, 202, 20, -497, 418, 240, 182, 790, 81;
44, 199, 22, -530, 396, 227, 174, 778, 88;
41, 195, 23, -568, 364, 209, 160, 762, 90;
37, 192, 23, -602, 331, 189, 146, 749, 93;
34, 189, 25, -627, 301, 172, 134, 740, 99;
24, 181, 20, -687, 230, 133, 97, 708, 80;
27, 186, 28, -665, 235, 133, 107, 727, 110;
23, 185, 29, -679, 199, 112, 92, 722, 114;
12, 177, 23, -731, 119, 69, 50, 693, 92;
10, 179, 26, -726, 92, 52, 41, 699, 103;
10, 183, 31, -704, 75, 41, 39, 714, 120;
-4, 173, 21, -768, -31, -15, -19, 674, 82;
-2, 180, 28, -718, -28, -17, -9, 705, 112;
-7, 181, 28, -712, -73, -43, -29, 708, 111;
-18, 177, 22, -736, -152, -86, -71, 690, 89;
-19, 182, 26, -695, -170, -98, -74, 713, 104;
-23, 185, 26, -673, -211, -121, -92, 722, 105;
-30, 185, 24, -661, -264, -150, -118, 725, 96;
-38, 185, 20, -655, -326, -184, -149, 722, 81;
-42, 189, 21, -619, -360, -204, -164, 738, 82;
-44, 194, 22, -576, -387, -220, -174, 758, 86;
-45, 202, 25, -514, -398, -228, -175, 788, 98;
-51, 203, 21, -492, -449, -255, -201, 793, 84;
-48, 214, 27, -406, -437, -251, -189, 836, 107;
-54, 216, 23, -379, -483, -276, -213, 843, 92;
-58, 220, 22, -334, -510, -291, -226, 861, 87;
-56, 230, 25, -257, -505, -290, -219, 898, 100;
-65, 229, 18, -247, -565, -321, -254, 893, 70;
-63, 237, 20, -175, -560, -320, -249, 926, 78;
-67, 240, 16, -135, -587, -334, -264, 939, 64;
-67, 247, 16, -73, -587, -334, -263, 966, 64;
-64, 257, 19, 7, -566, -324, -250, 1004, 76;
-62, 265, 20, 74, -555, -318, -244, 1034, 79;
-59, 273, 22, 147, -534, -307, -231, 1068, 86;
-62, 276, 17, 180, -549, -314, -242, 1076, 68;
-64, 277, 12, 210, -562, -320, -253, 1083, 49;
-56, 289, 17, 303, -508, -292, -222, 1130, 69;
-55, 294, 16, 350, -495, -284, -217, 1148, 62;
-57, 295, 10, 372, -502, -286, -225, 1151, 41;
-55, 299, 8, 414, -483, -274, -217, 1167, 34;
-53, 303, 7, 454, -460, -261, -208, 1183, 27;
-48, 309, 7, 506, -420, -239, -189, 1206, 29;
-46, 311, 4, 532, -401, -227, -183, 1214, 17;
-41, 317, 5, 579, -354, -201, -160, 1236, 20;
-37, 319, 3, 605, -323, -183, -147, 1246, 12;
-31, 324, 4, 646, -270, -154, -122, 1266, 17;
-26, 326, 3, 669, -231, -131, -104, 1275, 12;
-19, 332, 5, 708, -170, -97, -74, 1295, 20;
-16, 330, 1, 706, -144, -81, -66, 1290, 5;
-13, 331, 0, 711, -107, -60, -50, 1291, -2;
-2, 337, 4, 754, -25, -16, -8, 1316, 15;
2, 337, 2, 752, 14, 7, 9, 1314, 9;
10, 339, 4, 767, 76, 41, 39, 1324, 15;
8, 331, -4, 714, 75, 44, 31, 1293, -16;
18, 335, 0, 737, 154, 86, 72, 1309, 0;
18, 329, -5, 691, 166, 96, 72, 1284, -22;
26, 329, -4, 688, 226, 128, 101, 1286, -15;
29, 325, -6, 654, 257, 147, 114, 1270, -25;
31, 320, -9, 611, 282, 162, 122, 1250, -38;
38, 320, -7, 598, 339, 193, 150, 1248, -30;
42, 315, -9, 559, 370, 212, 164, 1231, -36;
45, 310, -11, 515, 399, 228, 176, 1212, -43;
45, 302, -15, 451, 408, 235, 176, 1181, -59;
52, 302, -12, 432, 462, 264, 205, 1178, -47;
58, 299, -10, 400, 503, 286, 226, 1168, -40;
58, 292, -13, 336, 512, 292, 227, 1139, -52;
61, 287, -13, 287, 535, 305, 238, 1120, -53;
58, 277, -18, 206, 524, 301, 229, 1081, -72;
59, 270, -20, 146, 531, 305, 231, 1055, -79;
61, 265, -20, 94, 545, 313, 238, 1034, -79;
69, 266, -13, 85, 599, 340, 270, 1040, -52;
64, 255, -19, -3, 569, 325, 252, 997, -74;
67, 253, -16, -40, 589, 335, 264, 986, -63;
59, 239, -24, -146, 535, 308, 232, 932, -96;
67, 242, -16, -147, 582, 331, 263, 943, -64;
59, 229, -24, -246, 526, 302, 230, 893, -94;
63, 229, -18, -262, 549, 312, 247, 895, -72;
61, 224, -18, -314, 531, 302, 239, 874, -74;
57, 217, -20, -373, 501, 285, 224, 847, -81;
55, 212, -20, -419, 478, 272, 215, 829, -81;
46, 202, -26, -497, 418, 240, 182, 790, -103;
43, 198, -26, -539, 388, 223, 169, 772, -105;
39, 193, -27, -579, 353, 203, 153, 755, -107;
37, 192, -25, -601, 332, 190, 146, 749, -99;
37, 192, -22, -610, 318, 180, 144, 751, -86;
27, 183, -28, -673, 244, 140, 105, 717, -109;
26, 185, -23, -670, 230, 130, 104, 724, -93;
24, 185, -21, -675, 203, 114, 94, 725, -84;
16, 181, -24, -708, 143, 81, 65, 708, -95;
11, 180, -24, -717, 100, 56, 46, 704, -94;
5, 178, -25, -734, 46, 26, 20, 695, -101;
1, 179, -24, -726, 10, 5, 6, 700, -95;
-8, 175, -29, -753, -63, -34, -31, 683, -113;
-10, 178, -26, -732, -93, -53, -42, 695, -103;
-18, 176, -29, -738, -154, -87, -72, 689, -114;
-18, 183, -24, -692, -168, -96, -73, 714, -95;
-28, 180, -28, -702, -240, -135, -110, 704, -112;
-29, 186, -25, -655, -258, -148, -114, 728, -98;
-33, 189, -24, -627, -298, -170, -132, 740, -97;
-40, 190, -26, -610, -350, -199, -158, 744, -105;
-41, 198, -23, -552, -364, -208, -160, 772, -90;
-41, 205, -19, -493, -377, -217, -162, 801, -76;
-46, 208, -20, -459, -416, -239, -181, 813, -80;
-52, 210, -23, -433, -463, -265, -205, 820, -90;
-53, 217, -20, -373, -477, -273, -210, 847, -81;
-55, 223, -19, -318, -495, -284, -217, 871, -76;
-62, 224, -23, -295, -542, -309, -243, 875, -92;
-57, 236, -16, -201, -518, -298, -225, 922, -65;
-65, 235, -22, -186, -571, -325, -256, 919, -88;
-60, 248, -15, -90, -541, -311, -236, 967, -62;
-69, 245, -24, -88, -602, -342, -272, 957, -93;
-67, 254, -20, -12, -586, -334, -262, 992, -79;
-67, 260, -19, 43, -586, -333, -262, 1015, -77;
-67, 265, -20, 94, -587, -334, -264, 1035, -78;
-66, 271, -19, 153, -577, -328, -259, 1059, -74;
-57, 284, -11, 254, -518, -298, -225, 1111, -43;
-61, 285, -15, 274, -537, -306, -240, 1112, -61;
-56, 293, -11, 346, -500, -286, -220, 1145, -46;
-60, 293, -17, 358, -516, -293, -234, 1142, -66;
-57, 297, -16, 404, -493, -279, -224, 1161, -64;
-52, 304, -13, 463, -452, -257, -203, 1188, -52;
-45, 312, -8, 528, -399, -228, -176, 1220, -34;
-38, 320, -4, 587, -346, -199, -148, 1249, -18;
-36, 322, -5, 610, -323, -185, -141, 1256, -22;
-34, 323, -6, 629, -298, -170, -132, 1261, -27;
-24, 330, -1, 686, -231, -134, -97, 1290, -5;
-24, 329, -4, 685, -215, -123, -94, 1285, -17;
-19, 331, -3, 706, -172, -98, -75, 1294, -12;
-17, 330, -5, 702, -148, -83, -68, 1288, -21;
-10, 333, -2, 724, -94, -53, -42, 1299, -10;
-1, 338, 2, 758, -21, -14, -5, 1319, 10;
-3, 330, -3, 712, -24, -12, -15, 1290, -15;
3, 332, -1, 722, 32, 19, 11, 1296, -4;
7, 331, 0, 711, 72, 42, 29, 1291, -2;
15, 333, 3, 721, 137, 78, 61, 1299, 14;
21, 332, 5, 709, 185, 105, 83, 1295, 20;
26, 330, 6, 692, 230, 131, 104, 1289, 26;
34, 330, 10, 685, 288, 162, 133, 1289, 41;
34, 323, 7, 631, 302, 172, 134, 1262, 29;
35, 317, 5, 581, 321, 184, 140, 1237, 21;
43, 317, 10, 567, 379, 216, 169, 1236, 39;
42, 307, 6, 497, 381, 219, 165, 1201, 23;
51, 308, 12, 489, 446, 254, 200, 1204, 49;
50, 299, 9, 416, 446, 256, 195, 1168, 35;
53, 294, 10, 370, 474, 272, 207, 1150, 40;
59, 293, 15, 345, 521, 297, 233, 1145, 59;
63, 289, 17, 301, 549, 312, 247, 1129, 68;
62, 280, 15, 229, 547, 312, 243, 1095, 61;
59, 270, 12, 146, 532, 306, 232, 1055, 47;
60, 264, 12, 89, 540, 310, 235, 1031, 49;
68, 265, 21, 78, 592, 337, 266, 1036, 82;
62, 253, 15, -18, 554, 318, 243, 988, 60;
67, 252, 21, -41, 588, 335, 264, 986, 84;
64, 244, 19, -115, 566, 323, 251, 951, 77;
64, 238, 21, -167, 562, 321, 250, 931, 83;
63, 233, 22, -219, 554, 316, 247, 910, 87;
60, 226, 22, -280, 531, 303, 236, 884, 85;
58, 221, 23, -330, 515, 294, 229, 864, 89;
55, 215, 22, -384, 490, 280, 217, 840, 89;
54, 212, 25, -422, 475, 270, 213, 827, 97;
51, 207, 25, -467, 448, 255, 201, 808, 100;
46, 201, 24, -517, 410, 234, 182, 786, 96;
46, 200, 28, -535, 398, 225, 181, 783, 111;
41, 195, 27, -579, 355, 201, 160, 763, 108;
38, 194, 29, -600, 328, 185, 151, 757, 116;
30, 187, 26, -650, 267, 152, 119, 731, 103;
22, 181, 22, -699, 201, 116, 86, 706, 88;
15, 176, 20, -732, 146, 86, 59, 690, 81;
16, 181, 26, -710, 140, 79, 63, 706, 105;
13, 182, 29, -707, 111, 61, 53, 711, 114;
8, 181, 29, -717, 63, 34, 31, 706, 113;
-4, 173, 21, -764, -26, -13, -16, 677, 85;
-9, 173, 21, -764, -74, -40, -38, 676, 83;
-12, 176, 23, -743, -104, -58, -49, 688, 92;
-16, 178, 24, -725, -141, -80, -64, 697, 96;
-25, 176, 20, -733, -208, -117, -98, 689, 81;
-26, 182, 24, -689, -227, -129, -102, 712, 95;
-30, 185, 24, -665, -268, -152, -120, 722, 93;
-31, 192, 27, -612, -283, -163, -122, 749, 108;
-41, 189, 21, -615, -356, -202, -161, 740, 85;
-43, 196, 23, -565, -377, -215, -168, 764, 92;
-46, 200, 23, -526, -410, -234, -183, 780, 91;
-53, 201, 20, -501, -458, -260, -207, 787, 78;
-49, 214, 26, -410, -440, -253, -191, 834, 105;
-59, 211, 19, -407, -511, -290, -231, 826, 75;
-62, 216, 17, -363, -539, -306, -244, 843, 69;
-58, 228, 23, -269, -517, -296, -227, 890, 92;
-66, 227, 16, -258, -575, -326, -261, 886, 63;
-66, 235, 17, -188, -573, -326, -257, 918, 70;
-68, 239, 15, -142, -594, -337, -268, 935, 60;
-60, 254, 23, -30, -544, -312, -236, 993, 92;
-64, 257, 19, 5, -568, -325, -251, 1003, 75;
-69, 258, 13, 32, -596, -339, -269, 1008, 53;
-64, 268, 16, 114, -567, -324, -252, 1047, 65;
-68, 269, 11, 139, -590, -334, -267, 1051, 43;
-62, 279, 14, 223, -550, -314, -245, 1091, 56;
-64, 282, 10, 258, -553, -314, -249, 1102, 42;
-61, 288, 10, 312, -533, -303, -240, 1125, 39;
-57, 295, 11, 375, -498, -284, -223, 1153, 43;
-48, 307, 16, 463, -434, -250, -187, 1198, 64;
-50, 306, 10, 476, -439, -250, -195, 1196, 40;
-44, 313, 11, 531, -395, -226, -173, 1222, 45;
-42, 315, 8, 559, -373, -213, -166, 1231, 34;
-41, 317, 5, 580, -353, -200, -160, 1237, 21;
-32, 324, 8, 636, -292, -167, -128, 1265, 32;
-27, 327, 7, 668, -249, -143, -109, 1279, 30;
-25, 328, 4, 679, -221, -126, -98, 1281, 18;
-19, 331, 4, 703, -175, -100, -77, 1291, 16;
-19, 327, -1, 687, -163, -91, -77, 1279, -6;
-7, 336, 4, 742, -75, -44, -31, 1310, 16;
-2, 336, 3, 749, -31, -18, -11, 1313, 12;
1, 336, 1, 748, 10, 5, 6, 1312, 6;
0, 329, -5, 705, 15, 10, 1, 1286, -22;
14, 338, 2, 757, 118, 65, 58, 1320, 10;
15, 333, -2, 720, 137, 78, 61, 1299, -10;
24, 335, 0, 727, 202, 114, 94, 1306, 0;
26, 330, -3, 689, 227, 129, 102, 1287, -15;
33, 330, -1, 684, 287, 162, 132, 1289, -7;
30, 319, -10, 606, 276, 159, 118, 1246, -41;
33, 314, -13, 565, 306, 177, 130, 1228, -50;
37, 311, -13, 532, 344, 198, 147, 1214, -53;
41, 307, -14, 494, 378, 218, 163, 1199, -55;
46, 303, -14, 457, 414, 238, 180, 1184, -56;
50, 300, -13, 421, 452, 259, 198, 1172, -53;
50, 292, -17, 354, 458, 264, 198, 1140, -68;
61, 295, -9, 357, 534, 303, 241, 1153, -38;
63, 289, -11, 300, 548, 312, 247, 1128, -45;
65, 283, -12, 247, 564, 321, 254, 1106, -48;
61, 272, -18, 158, 544, 312, 239, 1062, -71;
68, 272, -13, 139, 591, 336, 266, 1063, -51;
67, 265, -14, 75, 589, 335, 265, 1035, -58;
69, 260, -14, 27, 601, 341, 272, 1017, -54;
70, 255, -14, -26, 603, 342, 273, 995, -55;
67, 247, -16, -95, 586, 333, 264, 964, -64;
61, 235, -23, -187, 542, 310, 238, 918, -89;
65, 235, -18, -208, 564, 321, 254, 917, -70;
57, 223, -24, -300, 511, 293, 224, 871, -96;
60, 223, -19, -320, 526, 299, 236, 870, -77;
56, 216, -22, -380, 494, 281, 220, 843, -85;
52, 209, -24, -438, 459, 262, 203, 817, -93;
54, 210, -19, -450, 464, 263, 211, 819, -74;
46, 201, -24, -521, 406, 232, 180, 784, -93;
43, 197, -23, -556, 377, 215, 168, 770, -92;
35, 190, -27, -613, 320, 184, 139, 742, -107;
37, 192, -22, -611, 317, 180, 144, 750, -86;
27, 183, -27, -673, 244, 140, 105, 717, -109;
25, 184, -25, -678, 222, 126, 99, 719, -98;
19, 181, -26, -703, 175, 100, 77, 708, -101;
14, 178, -27, -724, 126, 72, 54, 697, -105;
12, 181, -23, -713, 104, 58, 49, 707, -92;
5, 179, -25, -730, 50, 28, 23, 698, -98;
2, 180, -23, -720, 17, 8, 10, 705, -90;
-4, 179, -25, -728, -38, -22, -15, 699, -97;
-5, 183, -21, -698, -59, -36, -20, 716, -82;
-19, 175, -30, -745, -162, -90, -77, 684, -119;
-22, 179, -27, -713, -188, -107, -86, 701, -107;
-26, 182, -27, -692, -230, -131, -104, 710, -106;
-27, 188, -23, -642, -245, -141, -106, 736, -89;
-39, 184, -30, -661, -332, -187, -153, 718, -118;
-42, 188, -29, -625, -365, -206, -167, 734, -114;
-42, 197, -24, -558, -370, -211, -164, 768, -94;
-46, 200, -24, -526, -410, -234, -183, 780, -97;
-54, 200, -28, -510, -467, -265, -213, 781, -112;
-51, 211, -21, -425, -455, -261, -200, 825, -85;
-59, 212, -26, -406, -510, -290, -230, 826, -102;
-54, 224, -18, -314, -490, -281, -214, 874, -74;
-57, 229, -18, -262, -510, -292, -223, 895, -72;
-57, 237, -16, -195, -513, -295, -222, 925, -62;
-64, 237, -21, -176, -562, -321, -250, 925, -82;
-63, 245, -18, -109, -560, -320, -248, 955, -73;
-61, 253, -15, -36, -550, -316, -240, 989, -61;
-64, 257, -17, 5, -568, -325, -251, 1003, -68;
-67, 260, -19, 46, -583, -332, -261, 1016, -76;
-61, 271, -13, 135, -546, -313, -239, 1060, -53;
-58, 279, -11, 204, -525, -302, -227, 1091, -43;
-66, 276, -19, 200, -573, -325, -259, 1077, -77;
-61, 285, -15, 273, -538, -307, -240, 1111, -61;
-62, 287, -18, 305, -540, -306, -245, 1120, -71;
-51, 301, -8, 412, -462, -266, -200, 1176, -33;
-47, 307, -6, 464, -433, -249, -186, 1199, -27;
-51, 305, -13, 465, -449, -255, -202, 1190, -50;
-43, 314, -6, 540, -386, -222, -168, 1228, -27;
-44, 313, -11, 547, -385, -219, -173, 1224, -43;
-42, 315, -11, 572, -361, -204, -164, 1232, -46;
-32, 325, -5, 641, -287, -165, -125, 1268, -20;
-27, 328, -4, 670, -247, -142, -107, 1280, -15;
-23, 329, -4, 688, -213, -122, -93, 1286, -15;
-24, 326, -8, 676, -202, -113, -94, 1275, -31;
-18, 329, -6, 698, -153, -86, -71, 1285, -23;
-8, 335, 0, 736, -82, -47, -35, 1306, -3;
-4, 335, 0, 742, -38, -22, -15, 1309, 0;
-1, 333, -1, 730, -7, -3, -4, 1301, -4;
8, 338, 4, 758, 68, 37, 34, 1319, 18;
15, 338, 7, 760, 121, 67, 59, 1321, 27;
15, 333, 3, 719, 136, 77, 61, 1299, 13;
16, 326, 0, 676, 151, 88, 62, 1274, 0;
27, 330, 7, 694, 232, 131, 105, 1290, 27;
32, 328, 8, 674, 277, 157, 126, 1283, 34;
36, 325, 9, 644, 314, 178, 142, 1270, 37;
34, 315, 4, 572, 312, 180, 134, 1232, 16;
43, 317, 10, 570, 382, 217, 171, 1238, 41;
41, 306, 4, 489, 373, 215, 160, 1196, 18;
51, 309, 12, 491, 448, 255, 201, 1206, 50;
58, 307, 17, 466, 496, 281, 226, 1200, 66;
57, 298, 14, 393, 497, 283, 222, 1165, 55;
57, 291, 13, 331, 507, 290, 224, 1136, 50;
62, 288, 16, 295, 542, 309, 243, 1124, 64;
60, 279, 14, 219, 537, 307, 237, 1089, 54;
62, 273, 14, 164, 550, 314, 243, 1066, 58;
61, 265, 14, 98, 549, 315, 241, 1037, 55;
70, 267, 22, 89, 603, 342, 273, 1043, 88;
61, 252, 14, -25, 548, 315, 238, 984, 56;
67, 252, 21, -41, 588, 335, 264, 986, 85;
60, 240, 16, -137, 544, 312, 237, 938, 63;
67, 241, 24, -148, 581, 330, 262, 943, 95;
65, 235, 24, -208, 565, 321, 254, 917, 94;
59, 225, 20, -288, 523, 299, 231, 879, 80;
62, 225, 26, -307, 538, 305, 243, 877, 103;
51, 211, 18, -410, 463, 266, 201, 824, 73;
52, 210, 23, -434, 463, 264, 205, 819, 90;
51, 207, 25, -465, 449, 256, 202, 809, 100;
43, 198, 21, -536, 390, 224, 170, 774, 84;
39, 193, 21, -578, 354, 203, 154, 756, 84;
40, 195, 26, -583, 350, 199, 158, 760, 105;
30, 185, 21, -652, 276, 159, 118, 724, 83;
26, 183, 22, -674, 243, 140, 104, 716, 88;
24, 183, 24, -686, 214, 123, 94, 714, 96;
19, 180, 24, -708, 170, 97, 74, 704, 96;
20, 185, 31, -685, 166, 92, 79, 722, 121;
10, 178, 25, -729, 88, 50, 39, 697, 100;
4, 177, 25, -738, 41, 23, 17, 692, 99;
2, 180, 28, -723, 13, 6, 8, 702, 110;
-3, 179, 27, -726, -36, -21, -14, 700, 107;
-7, 182, 29, -709, -70, -41, -27, 709, 113;
-19, 176, 21, -743, -159, -89, -75, 686, 85;
-16, 185, 29, -678, -153, -89, -64, 723, 115;
-27, 181, 23, -697, -235, -133, -107, 707, 89;
-28, 188, 26, -647, -250, -143, -109, 733, 105;
-33, 190, 25, -624, -295, -169, -130, 741, 100;
-41, 189, 21, -619, -359, -203, -163, 738, 83;
-45, 193, 21, -582, -394, -223, -178, 754, 82;
-42, 204, 27, -500, -385, -221, -167, 796, 107;
-48, 207, 25, -468, -425, -244, -187, 807, 99;
-52, 211, 23, -429, -459, -263, -203, 823, 93;
-54, 216, 23, -379, -483, -276, -213, 843, 92;
-53, 225, 26, -305, -481, -277, -208, 879, 105;
-65, 221, 16, -314, -562, -319, -255, 862, 64;
-61, 232, 21, -224, -541, -309, -240, 907, 84;
-67, 234, 16, -196, -582, -331, -263, 913, 64;
-62, 246, 22, -101, -552, -316, -243, 960, 86;
-66, 248, 17, -68, -582, -331, -260, 969, 68;
-69, 251, 14, -27, -601, -341, -272, 982, 54;
-68, 259, 14, 36, -593, -337, -267, 1010, 55;
-62, 271, 19, 130, -551, -316, -242, 1057, 75;
-63, 274, 16, 173, -556, -318, -247, 1072, 63;
-61, 281, 16, 232, -541, -309, -239, 1097, 62;
-60, 286, 14, 280, -531, -303, -236, 1115, 55;
-60, 289, 11, 319, -526, -299, -236, 1129, 43;
-57, 295, 11, 376, -497, -283, -222, 1154, 44;
-55, 299, 9, 417, -480, -273, -216, 1169, 36;
-47, 309, 13, 492, -422, -242, -185, 1206, 51;
-46, 311, 9, 518, -409, -233, -182, 1214, 36;
-45, 312, 5, 541, -392, -222, -177, 1220, 22;
-35, 323, 11, 616, -317, -182, -137, 1259, 43;
-32, 324, 8, 637, -291, -167, -127, 1265, 32;
-28, 327, 7, 667, -250, -143, -109, 1278, 29;
-22, 331, 7, 699, -201, -116, -86, 1293, 30;
-18, 333, 6, 714, -163, -94, -70, 1299, 24;
-17, 330, 0, 703, -147, -83, -67, 1288, 3;
-9, 334, 3, 735, -83, -48, -35, 1306, 12;
-9, 330, -2, 711, -69, -37, -35, 1289, -11;
-3, 331, -3, 714, -23, -11, -14, 1291, -14;
10, 339, 4, 767, 76, 41, 39, 1324, 15;
15, 338, 2, 760, 121, 67, 59, 1321, 11;
13, 330, -5, 704, 121, 70, 51, 1289, -19;
24, 335, 0, 731, 207, 116, 97, 1309, 2;
26, 330, -3, 691, 229, 130, 103, 1288, -13;
33, 329, -2, 680, 283, 160, 129, 1286, -9;
33, 322, -7, 625, 296, 169, 131, 1258, -29;
39, 320, -7, 603, 343, 195, 153, 1251, -27;
40, 314, -10, 548, 360, 206, 158, 1225, -42;
42, 308, -13, 500, 384, 221, 167, 1203, -51;
50, 308, -9, 485, 442, 252, 197, 1202, -38;
49, 299, -15, 411, 442, 254, 192, 1166, -59;
50, 292, -17, 352, 456, 263, 197, 1139, -70;
56, 289, -15, 322, 498, 285, 219, 1130, -61;
61, 287, -13, 287, 535, 305, 238, 1120, -53;
61, 280, -15, 226, 544, 311, 241, 1093, -60;
64, 275, -15, 175, 561, 320, 250, 1073, -60;
68, 272, -13, 137, 589, 335, 265, 1061, -52;
60, 258, -22, 29, 544, 312, 236, 1006, -86;
60, 251, -23, -30, 543, 312, 235, 980, -91;
59, 245, -24, -90, 539, 310, 233, 955, -95;
61, 241, -22, -131, 550, 315, 241, 942, -87;
64, 239, -19, -164, 565, 322, 252, 933, -75;
64, 234, -19, -215, 558, 318, 250, 913, -74;
64, 230, -17, -257, 555, 315, 250, 898, -69;
56, 219, -23, -343, 502, 287, 221, 855, -92;
56, 216, -21, -377, 497, 283, 222, 845, -84;
55, 213, -20, -414, 483, 275, 218, 832, -78;
50, 206, -22, -472, 442, 252, 197, 805, -88;
51, 206, -19, -489, 437, 247, 200, 803, -74;
44, 198, -22, -550, 383, 218, 172, 774, -88;
35, 190, -27, -612, 321, 184, 139, 742, -106;
32, 187, -27, -640, 287, 165, 125, 731, -105;
32, 189, -22, -637, 279, 158, 127, 739, -87;
23, 182, -27, -690, 210, 121, 92, 712, -105;
25, 186, -20, -669, 209, 117, 98, 729, -80;
12, 177, -29, -736, 114, 66, 47, 690, -113;
10, 178, -26, -728, 89, 51, 39, 697, -101;
3, 176, -27, -746, 33, 19, 12, 687, -109;
2, 180, -23, -722, 15, 7, 9, 703, -92;
-5, 177, -26, -738, -47, -27, -21, 693, -103;
-10, 179, -25, -727, -88, -50, -39, 698, -101;
-14, 180, -25, -715, -132, -75, -58, 703, -100;
-23, 178, -28, -719, -195, -110, -90, 697, -112;
-25, 183, -26, -684, -222, -126, -99, 715, -101;
-34, 182, -29, -684, -287, -162, -132, 710, -116;
-37, 185, -28, -651, -322, -182, -147, 725, -112;
-43, 188, -29, -627, -367, -207, -168, 733, -115;
-39, 200, -21, -539, -351, -202, -152, 780, -82;
-43, 203, -21, -502, -386, -222, -168, 795, -82;
-49, 205, -23, -479, -437, -249, -194, 800, -93;
-50, 213, -20, -416, -446, -256, -195, 831, -79;
-53, 217, -20, -370, -474, -272, -208, 849, -79;
-58, 220, -22, -335, -511, -292, -227, 860, -87;
-63, 223, -25, -303, -551, -313, -248, 869, -97;
-59, 234, -18, -213, -530, -304, -233, 914, -73;
-63, 238, -20, -169, -555, -317, -246, 930, -78;
-59, 248, -15, -86, -538, -309, -233, 969, -59;
-68, 246, -22, -81, -595, -338, -268, 961, -89;
-60, 261, -13, 31, -542, -312, -235, 1019, -52;
-62, 264, -15, 71, -558, -320, -245, 1032, -60;
-65, 267, -17, 111, -571, -325, -254, 1045, -68;
-66, 271, -19, 150, -579, -329, -261, 1058, -76;
-63, 278, -17, 216, -557, -317, -249, 1087, -67;
-55, 291, -9, 314, -498, -287, -215, 1136, -36;
-59, 291, -14, 329, -516, -294, -230, 1135, -56;
-60, 293, -17, 358, -516, -293, -234, 1142, -66;
-55, 299, -14, 417, -480, -273, -216, 1169, -56;
-53, 303, -14, 457, -457, -259, -206, 1185, -55;
-47, 310, -11, 510, -416, -237, -187, 1209, -45;
-44, 313, -11, 545, -387, -220, -174, 1223, -44;
-38, 319, -8, 596, -337, -192, -149, 1247, -31;
-29, 327, -2, 656, -271, -157, -115, 1278, -10;
-30, 325, -6, 652, -264, -151, -118, 1269, -26;
-22, 331, -2, 695, -205, -118, -88, 1291, -11;
-15, 335, 0, 728, -150, -88, -62, 1307, 0;
-12, 335, 0, 735, -115, -67, -48, 1308, 0;
-11, 332, -3, 719, -98, -55, -45, 1296, -13;
-7, 332, -3, 720, -59, -33, -29, 1295, -13;
-3, 331, -3, 715, -22, -11, -13, 1292, -13;
2, 331, -1, 717, 27, 16, 8, 1293, -7;
5, 328, -2, 698, 59, 35, 20, 1283, -11;
15, 332, 3, 718, 135, 77, 60, 1298, 12;
21, 331, 4, 706, 182, 103, 82, 1294, 19;
29, 332, 9, 707, 245, 138, 113, 1298, 35;
25, 322, 1, 630, 233, 135, 99, 1255, 7;
33, 322, 6, 626, 296, 169, 131, 1258, 25;
43, 324, 13, 627, 368, 208, 169, 1266, 50;
44, 318, 11, 574, 386, 219, 173, 1240, 43;
51, 317, 15, 554, 438, 248, 200, 1236, 59;
51, 309, 12, 490, 447, 254, 200, 1205, 49;
57, 307, 16, 461, 492, 279, 223, 1197, 63;
60, 302, 17, 416, 520, 295, 236, 1179, 69;
56, 289, 11, 321, 497, 285, 218, 1130, 44;
58, 285, 13, 273, 521, 298, 230, 1111, 51;
66, 285, 20, 258, 576, 327, 261, 1113, 78;
59, 270, 12, 147, 532, 306, 232, 1055, 47;
66, 270, 19, 129, 581, 331, 260, 1056, 75;
60, 258, 13, 31, 545, 313, 237, 1007, 52;
62, 253, 15, -16, 557, 319, 244, 989, 61;
69, 254, 23, -30, 599, 340, 271, 992, 91;
66, 246, 22, -101, 580, 330, 260, 960, 86;
63, 238, 20, -171, 558, 319, 248, 928, 80;
66, 237, 25, -197, 575, 326, 261, 924, 101;
62, 228, 23, -269, 542, 309, 243, 890, 92;
60, 223, 24, -319, 526, 299, 236, 870, 96;
57, 217, 24, -372, 502, 286, 225, 848, 97;
50, 207, 20, -449, 448, 257, 196, 810, 81;
51, 207, 25, -467, 447, 255, 200, 808, 99;
50, 205, 28, -495, 432, 245, 196, 800, 110;
42, 197, 24, -559, 374, 213, 166, 768, 96;
33, 188, 20, -625, 308, 178, 132, 734, 79;
32, 187, 23, -642, 286, 164, 125, 731, 89;
34, 191, 30, -625, 291, 164, 135, 747, 118;
23, 182, 23, -692, 208, 120, 90, 710, 93;
24, 186, 30, -674, 204, 114, 95, 726, 117;
15, 180, 26, -713, 138, 78, 62, 705, 103;
11, 180, 27, -718, 100, 56, 46, 704, 108;
0, 173, 21, -765, 14, 10, 1, 676, 82;
-2, 175, 23, -754, -16, -8, -10, 683, 91;
0, 183, 30, -705, -14, -10, -1, 714, 120;
-14, 174, 21, -757, -118, -65, -57, 679, 83;
-10, 184, 30, -687, -104, -61, -41, 720, 119;
-24, 177, 21, -725, -201, -113, -93, 694, 85;
-23, 185, 27, -669, -207, -119, -89, 725, 107;
-28, 187, 26, -649, -252, -144, -110, 732, 104;
-34, 188, 24, -633, -304, -173, -136, 736, 95;
-33, 197, 29, -568, -308, -178, -132, 770, 114;
-39, 199, 27, -541, -353, -203, -153, 779, 107;
-43, 204, 27, -502, -386, -222, -168, 795, 106;
-50, 204, 23, -482, -439, -251, -195, 799, 90;
-57, 205, 18, -463, -493, -279, -224, 801, 72;
-54, 216, 23, -380, -484, -277, -214, 843, 92;
-61, 217, 19, -354, -530, -301, -238, 849, 74;
-60, 226, 21, -283, -531, -303, -236, 882, 83;
-59, 235, 24, -208, -526, -302, -230, 917, 94;
-65, 236, 18, -182, -568, -323, -254, 922, 73;
-61, 247, 23, -94, -545, -313, -238, 965, 90;
-62, 252, 21, -42, -556, -319, -244, 985, 84;
-67, 254, 16, -12, -585, -333, -262, 992, 64;
-68, 259, 14, 38, -591, -336, -266, 1012, 57;
-68, 264, 12, 87, -594, -337, -268, 1030, 49;
-64, 273, 15, 164, -565, -322, -252, 1066, 58;
-64, 278, 13, 214, -559, -318, -250, 1086, 51;
-62, 284, 12, 268, -543, -309, -243, 1108, 48;
-57, 292, 14, 338, -507, -290, -224, 1140, 55;
-60, 292, 7, 353, -521, -295, -237, 1139, 29;
-50, 305, 14, 450, -447, -256, -195, 1190, 56;
-51, 305, 9, 470, -445, -253, -199, 1193, 37;
-50, 307, 5, 495, -432, -245, -196, 1199, 22;
-38, 319, 12, 585, -348, -200, -150, 1247, 50;
-40, 318, 6, 585, -348, -198, -156, 1240, 24;
-35, 321, 5, 619, -308, -175, -138, 1255, 22;
-34, 321, 1, 628, -289, -163, -133, 1254, 5;
-22, 331, 7, 698, -202, -116, -86, 1293, 30;
-21, 329, 2, 690, -188, -106, -85, 1283, 8;
-10, 337, 7, 746, -104, -62, -41, 1315, 30;
-10, 333, 1, 725, -92, -52, -41, 1300, 6;
-3, 335, 2, 742, -37, -21, -15, 1309, 8;