-4, 304, 8, -40, 779, -26, -16, 1187, 34;
0, 307, 11, 10, 805, -9, -1, 1198, 45;
4, 310, 14, 65, 834, 10, 15, 1210, 57;
-1, 303, 7, 25, 768, -32, -6, 1183, 30;
4, 308, 13, 99, 815, 0, 18, 1202, 51;
6, 308, 13, 124, 814, 0, 23, 1202, 51;
10, 311, 16, 179, 841, 20, 40, 1214, 63;
6, 305, 11, 153, 788, -12, 24, 1193, 43;
6, 304, 9, 165, 772, -20, 24, 1187, 38;
9, 306, 12, 210, 789, -6, 37, 1194, 46;
14, 309, 15, 271, 820, 17, 56, 1208, 62;
9, 303, 9, 238, 758, -20, 37, 1183, 38;
18, 310, 17, 333, 823, 27, 71, 1211, 68;
20, 310, 17, 361, 822, 30, 78, 1212, 70;
17, 307, 14, 353, 784, 9, 69, 1197, 57;
22, 309, 18, 408, 808, 31, 86, 1208, 70;
22, 308, 16, 420, 790, 23, 86, 1202, 65;
15, 299, 8, 367, 706, -26, 59, 1169, 34;
25, 308, 17, 473, 780, 29, 98, 1201, 69;
21, 302, 12, 448, 724, -2, 82, 1179, 49;
24, 304, 14, 491, 736, 11, 95, 1186, 58;
20, 298, 9, 466, 678, -19, 80, 1164, 38;
24, 301, 13, 518, 699, 1, 97, 1174, 51;
30, 304, 17, 581, 730, 29, 118, 1188, 69;
30, 302, 16, 590, 707, 21, 117, 1181, 64;
24, 295, 9, 545, 630, -21, 94, 1151, 37;
28, 297, 13, 598, 650, 0, 111, 1161, 51;
26, 293, 9, 585, 606, -21, 101, 1145, 37;
30, 296, 13, 640, 628, 2, 120, 1156, 52;
34, 298, 16, 684, 640, 19, 134, 1164, 63;
37, 299, 17, 718, 642, 30, 144, 1167, 69;
30, 291, 10, 668, 560, -15, 119, 1135, 41;
32, 291, 11, 694, 554, -9, 126, 1135, 45;
38, 295, 17, 763, 591, 25, 151, 1153, 66;
38, 293, 16, 770, 566, 19, 150, 1145, 62;
31, 285, 8, 716, 480, -27, 124, 1112, 33;
34, 286, 10, 753, 486, -13, 136, 1117, 42;
41, 290, 16, 819, 521, 20, 159, 1134, 63;
37, 285, 12, 793, 463, -6, 145, 1113, 47;
42, 288, 16, 847, 487, 20, 165, 1126, 63;
41, 286, 14, 848, 457, 12, 162, 1116, 58;
37, 280, 10, 819, 397, -15, 147, 1095, 41;
42, 283, 14, 871, 419, 10, 166, 1106, 57;
45, 285, 17, 906, 424, 25, 177, 1112, 67;
47, 285, 18, 928, 416, 32, 184, 1111, 71;
47, 283, 18, 937, 396, 31, 185, 1106, 70;
38, 273, 8, 860, 290, -26, 151, 1065, 34;
45, 278, 15, 933, 334, 15, 179, 1086, 60;
38, 270, 8, 872, 245, -31, 152, 1053, 31;
47, 277, 16, 957, 303, 20, 185, 1080, 63;
41, 269, 9, 902, 219, -22, 160, 1049, 37;
48, 275, 16, 978, 269, 23, 190, 1072, 65;
47, 272, 15, 968, 233, 12, 185, 1061, 58;
50, 273, 17, 999, 237, 29, 196, 1066, 69;
50, 272, 17, 1006, 219, 30, 198, 1062, 69;
42, 262, 9, 935, 122, -20, 167, 1025, 38;
44, 263, 11, 953, 116, -11, 173, 1026, 43;
51, 268, 17, 1017, 156, 28, 199, 1045, 68;
47, 262, 13, 981, 96, 2, 184, 1024, 52;
42, 256, 8, 937, 30, -27, 165, 1000, 33;
52, 264, 18, 1030, 100, 32, 203, 1032, 71;
43, 255, 9, 951, 0, -21, 170, 994, 37;
50, 260, 16, 1015, 42, 21, 196, 1015, 64;
41, 250, 7, 935, -58, -31, 163, 977, 31;
44, 251, 10, 959, -53, -15, 173, 982, 41;
49, 255, 15, 1005, -27, 16, 193, 997, 61;
47, 252, 14, 990, -61, 6, 187, 986, 55;
47, 250, 13, 979, -89, 1, 183, 978, 52;
51, 254, 18, 1022, -64, 32, 201, 992, 71;
51, 252, 17, 1014, -89, 29, 199, 985, 69;
44, 244, 11, 947, -171, -12, 172, 954, 43;
43, 243, 10, 939, -195, -14, 170, 947, 42;
45, 243, 12, 953, -195, -1, 177, 950, 50;
45, 242, 13, 949, -214, 0, 176, 946, 50;
42, 239, 10, 922, -254, -13, 167, 933, 42;
46, 241, 14, 951, -237, 10, 181, 943, 57;
42, 236, 10, 906, -294, -14, 164, 923, 42;
40, 233, 9, 882, -328, -24, 156, 912, 35;
45, 238, 14, 926, -294, 11, 176, 929, 57;
47, 240, 17, 944, -286, 29, 186, 936, 69;
37, 229, 8, 843, -395, -30, 146, 893, 31;
41, 232, 13, 878, -368, 0, 163, 908, 50;
43, 233, 14, 885, -368, 11, 169, 911, 58;
42, 232, 14, 872, -386, 11, 166, 906, 57;
41, 230, 13, 851, -414, 5, 160, 898, 54;
36, 225, 10, 802, -466, -18, 143, 879, 39;
42, 230, 16, 851, -421, 23, 166, 900, 65;
38, 226, 13, 802, -473, 0, 149, 882, 50;
35, 222, 10, 766, -511, -14, 138, 869, 42;
35, 222, 11, 761, -518, -8, 139, 868, 45;
36, 223, 13, 758, -521, 0, 141, 870, 51;
33, 220, 11, 722, -557, -12, 130, 858, 42;
37, 224, 16, 753, -525, 18, 147, 874, 62;
36, 222, 15, 728, -548, 13, 140, 866, 59;
35, 221, 15, 713, -561, 14, 138, 864, 60;
35, 221, 16, 702, -567, 19, 137, 863, 63;
35, 221, 17, 696, -569, 27, 139, 865, 68;
31, 217, 13, 642, -619, 3, 121, 846, 53;
33, 219, 16, 653, -602, 23, 130, 856, 65;
28, 214, 12, 596, -651, 0, 111, 837, 50;
30, 216, 15, 602, -638, 16, 117, 845, 61;
24, 211, 10, 537, -695, -13, 95, 823, 42;
26, 213, 13, 545, -678, 5, 103, 832, 54;
21, 208, 9, 482, -731, -22, 82, 812, 36;
27, 215, 17, 533, -670, 25, 108, 839, 66;
25, 213, 15, 497, -694, 15, 98, 831, 60;
26, 215, 18, 499, -680, 31, 103, 838, 70;
21, 210, 14, 440, -726, 7, 84, 821, 55;
23, 213, 17, 447, -705, 26, 92, 831, 67;
16, 205, 10, 363, -776, -14, 62, 803, 41;
17, 208, 13, 368, -756, 4, 70, 812, 53;
20, 211, 17, 381, -726, 28, 81, 826, 68;
18, 209, 16, 343, -748, 18, 70, 818, 62;
9, 202, 8, 252, -822, -26, 38, 788, 34;
14, 207, 14, 282, -774, 9, 56, 809, 56;
11, 205, 12, 238, -799, -3, 43, 800, 48;
9, 204, 11, 210, -809, -7, 36, 796, 46;
5, 201, 9, 161, -837, -22, 22, 785, 36;
9, 206, 14, 183, -796, 7, 36, 803, 55;
10, 207, 16, 178, -780, 20, 40, 810, 63;
7, 206, 14, 138, -797, 10, 29, 804, 57;
9, 209, 18, 146, -767, 32, 38, 817, 70;
8, 208, 17, 116, -774, 28, 31, 814, 68;
6, 208, 17, 86, -781, 24, 24, 811, 66;
3, 206, 15, 50, -793, 17, 15, 807, 61;
-1, 202, 11, -13, -832, -8, -5, 790, 45;
-3, 201, 10, -47, -842, -15, -14, 786, 41;
0, 206, 14, -32, -801, 11, -2, 803, 58;
-4, 203, 12, -78, -821, -2, -15, 794, 49;
-2, 206, 15, -78, -795, 13, -10, 805, 59;
-2, 207, 16, -91, -781, 20, -10, 810, 63;
-4, 207, 16, -119, -781, 19, -15, 810, 62;
-6, 207, 15, -151, -786, 13, -23, 807, 59;
-9, 204, 12, -200, -807, -2, -38, 798, 49;
-14, 201, 8, -260, -838, -26, -57, 784, 34;
-15, 201, 8, -284, -833, -26, -62, 785, 34;
-16, 202, 9, -300, -820, -21, -63, 790, 37;
-12, 208, 14, -274, -764, 11, -47, 812, 58;
-14, 207, 14, -306, -767, 5, -55, 810, 54;
-19, 204, 10, -366, -797, -18, -74, 797, 39;
-21, 203, 8, -404, -804, -27, -84, 793, 33;
-19, 206, 11, -399, -769, -9, -77, 806, 44;
-20, 208, 12, -414, -752, -4, -78, 811, 48;
-24, 205, 9, -467, -774, -24, -95, 801, 35;
-18, 212, 16, -424, -700, 18, -72, 830, 62;
-21, 211, 13, -465, -710, 5, -85, 824, 54;
-19, 215, 17, -452, -664, 28, -74, 841, 68;
-20, 215, 16, -479, -660, 24, -81, 841, 66;
-30, 207, 8, -583, -732, -30, -119, 810, 31;
-26, 214, 13, -551, -668, 4, -101, 834, 53;
-25, 216, 15, -555, -640, 15, -98, 844, 60;
-24, 219, 17, -555, -608, 28, -94, 855, 68;
-27, 218, 15, -594, -615, 15, -105, 850, 60;
-35, 211, 8, -680, -668, -29, -136, 826, 32;
-30, 218, 13, -646, -603, 5, -118, 851, 54;
-29, 221, 15, -647, -571, 17, -114, 862, 61;
-37, 214, 8, -733, -625, -28, -146, 837, 33;
-32, 221, 14, -691, -551, 11, -125, 865, 58;
-35, 220, 12, -731, -559, -4, -137, 859, 48;
-33, 224, 15, -722, -518, 13, -130, 874, 59;
-33, 226, 16, -727, -492, 20, -128, 882, 63;
-33, 227, 16, -740, -473, 21, -130, 887, 64;
-40, 222, 10, -817, -518, -19, -158, 866, 39;
-40, 224, 11, -820, -491, -11, -157, 874, 43;
-34, 232, 18, -769, -409, 31, -132, 906, 70;
-39, 228, 13, -831, -439, 0, -155, 890, 50;
-45, 224, 8, -890, -468, -31, -176, 875, 31;
-36, 235, 17, -812, -359, 29, -141, 917, 69;
-44, 229, 10, -892, -410, -16, -172, 893, 40;
-37, 237, 17, -839, -328, 26, -147, 924, 67;
-41, 235, 14, -880, -339, 6, -162, 917, 54;
-38, 240, 17, -856, -286, 29, -149, 936, 69;
-39, 240, 17, -869, -270, 27, -152, 939, 67;
-46, 235, 10, -941, -314, -14, -180, 918, 41;
-45, 237, 11, -941, -286, -9, -178, 926, 45;
-47, 237, 10, -964, -282, -19, -186, 925, 39;
-48, 238, 9, -972, -263, -19, -188, 929, 38;
-43, 244, 15, -930, -194, 12, -169, 954, 59;
-47, 242, 11, -972, -210, -11, -185, 944, 44;
-47, 244, 11, -973, -186, -8, -184, 951, 45;
-49, 243, 9, -999, -187, -22, -194, 947, 36;
-47, 247, 12, -976, -139, -3, -183, 964, 48;
-50, 244, 8, -1014, -153, -27, -198, 955, 34;
-46, 250, 13, -973, -88, 2, -180, 978, 52;
-49, 248, 10, -1008, -100, -18, -194, 970, 39;
-48, 251, 11, -996, -66, -9, -189, 981, 44;
-42, 258, 17, -940, 11, 28, -165, 1009, 68;
-51, 251, 8, -1026, -53, -28, -201, 979, 33;
-46, 257, 13, -979, 14, 2, -181, 1004, 52;
-45, 260, 14, -966, 47, 11, -176, 1014, 57;
-50, 255, 9, -1019, 13, -25, -198, 997, 35;
-52, 255, 7, -1028, 22, -32, -203, 997, 30;
-49, 259, 10, -1000, 69, -15, -191, 1013, 41;
-47, 262, 12, -983, 103, -6, -185, 1024, 46;
-44, 267, 15, -949, 154, 14, -172, 1041, 59;
-49, 262, 9, -1001, 118, -23, -194, 1023, 36;
-48, 265, 10, -982, 152, -14, -188, 1034, 42;
-47, 267, 11, -967, 181, -8, -183, 1043, 45;
-40, 274, 17, -906, 257, 28, -159, 1071, 68;
-40, 275, 17, -904, 272, 25, -159, 1074, 67;
-42, 274, 14, -917, 270, 11, -167, 1070, 58;
-44, 273, 13, -926, 274, 0, -172, 1068, 51;
-48, 270, 8, -961, 249, -28, -189, 1055, 33;
-43, 276, 13, -907, 313, 1, -168, 1078, 51;
-42, 278, 13, -893, 337, 4, -165, 1085, 53;
-38, 282, 16, -856, 382, 22, -151, 1100, 64;
-37, 284, 17, -839, 407, 26, -147, 1107, 67;
-43, 279, 11, -882, 371, -9, -167, 1090, 45;
-46, 277, 8, -903, 356, -31, -179, 1080, 31;
-42, 281, 11, -861, 403, -11, -164, 1097, 43;
-44, 279, 8, -872, 397, -27, -172, 1091, 33;
-37, 286, 14, -803, 470, 9, -146, 1119, 56;
-38, 286, 12, -805, 470, -1, -150, 1116, 49;
-35, 289, 15, -766, 511, 14, -138, 1130, 59;
-37, 288, 12, -780, 499, -4, -147, 1123, 48;
-37, 288, 11, -773, 506, -10, -147, 1123, 44;
-34, 291, 13, -734, 545, 4, -135, 1136, 53;
-35, 291, 12, -731, 547, -3, -137, 1135, 48;
-28, 297, 18, -659, 617, 32, -112, 1161, 71;
-35, 290, 10, -717, 556, -17, -139, 1134, 39;
-36, 289, 8, -716, 554, -28, -143, 1130, 33;
-31, 295, 13, -652, 613, 1, -121, 1152, 51;
-29, 297, 13, -629, 631, 4, -115, 1158, 53;
-33, 293, 9, -653, 601, -24, -130, 1143, 35;
-26, 300, 15, -574, 674, 15, -101, 1171, 60;
-22, 303, 18, -531, 710, 31, -88, 1184, 70;
-30, 295, 9, -592, 640, -23, -118, 1153, 36;
-25, 300, 13, -535, 688, 1, -99, 1171, 51;
-21, 303, 15, -490, 723, 17, -85, 1184, 61;
-25, 299, 11, -514, 689, -12, -100, 1168, 43;
-19, 305, 16, -444, 747, 19, -76, 1190, 62;
-23, 301, 11, -467, 712, -10, -90, 1174, 44;
-19, 304, 13, -421, 745, 5, -76, 1186, 54;
-23, 300, 9, -442, 710, -23, -90, 1170, 36;
-16, 306, 14, -367, 771, 11, -64, 1194, 58;
-17, 305, 13, -361, 763, 0, -67, 1189, 51;
-11, 309, 17, -296, 811, 28, -45, 1208, 68;
-16, 304, 11, -328, 763, -8, -64, 1187, 45;
-15, 304, 11, -307, 767, -10, -60, 1188, 44;
-8, 310, 17, -228, 828, 26, -33, 1212, 67;
-13, 305, 11, -263, 775, -12, -53, 1189, 43;
-14, 303, 9, -255, 763, -23, -55, 1184, 36;
-10, 306, 11, -206, 792, -7, -41, 1195, 46;
-3, 312, 17, -128, 850, 28, -14, 1218, 68;
-10, 304, 9, -177, 780, -19, -39, 1189, 38;
-3, 310, 15, -98, 838, 16, -12, 1212, 61;
-8, 304, 9, -132, 782, -22, -32, 1188, 37;
0, 312, 17, -33, 858, 27, 3, 1220, 67;
0, 311, 15, -24, 843, 16, 1, 1213, 61;
2, 312, 16, 10, 854, 23, 10, 1218, 65;
-4, 304, 8, -42, 777, -28, -17, 1186, 33;
2, 310, 14, 40, 835, 10, 11, 1210, 57;
7, 313, 18, 98, 867, 32, 29, 1223, 71;
3, 308, 12, 71, 814, -1, 12, 1202, 49;
3, 306, 11, 84, 800, -9, 12, 1196, 44;
3, 305, 10, 99, 789, -15, 13, 1192, 41;
6, 307, 12, 145, 808, -1, 26, 1200, 50;
13, 312, 17, 217, 852, 30, 50, 1219, 69;
11, 309, 15, 217, 824, 14, 45, 1208, 59;
9, 306, 12, 214, 792, -4, 38, 1196, 48;
10, 306, 12, 236, 786, -5, 42, 1194, 47;
10, 304, 10, 245, 765, -15, 40, 1186, 41;
18, 311, 17, 336, 827, 29, 72, 1213, 69;
15, 306, 13, 318, 779, 2, 60, 1194, 52;
17, 306, 14, 351, 781, 8, 68, 1196, 56;
12, 300, 8, 317, 717, -30, 48, 1170, 32;
17, 303, 12, 377, 746, -5, 68, 1184, 47;
20, 304, 14, 416, 754, 5, 79, 1189, 54;
25, 308, 17, 474, 781, 29, 98, 1201, 69;
19, 300, 10, 432, 708, -13, 76, 1172, 42;
20, 300, 10, 453, 697, -13, 79, 1170, 42;
26, 304, 15, 521, 734, 17, 103, 1187, 61;
29, 305, 17, 559, 740, 28, 114, 1191, 68;
24, 298, 11, 525, 674, -7, 95, 1165, 46;
28, 300, 14, 571, 688, 9, 109, 1173, 56;
31, 303, 17, 618, 703, 27, 124, 1181, 67;
29, 298, 14, 606, 659, 5, 115, 1165, 54;
31, 299, 15, 639, 660, 14, 124, 1167, 60;
29, 295, 12, 629, 618, -4, 116, 1152, 48;
34, 298, 16, 686, 642, 20, 135, 1165, 63;
37, 299, 17, 719, 643, 30, 144, 1167, 69;
33, 293, 13, 691, 583, 0, 128, 1145, 51;
36, 294, 15, 730, 590, 14, 141, 1150, 60;
38, 295, 17, 765, 593, 26, 151, 1154, 67;
34, 290, 12, 735, 531, -4, 135, 1131, 48;
34, 288, 11, 744, 509, -8, 135, 1124, 45;
36, 288, 13, 772, 505, 0, 144, 1125, 50;
41, 291, 16, 820, 521, 21, 160, 1134, 64;
36, 285, 11, 788, 458, -9, 143, 1111, 44;
40, 287, 14, 834, 473, 11, 159, 1120, 58;
44, 289, 18, 878, 487, 31, 174, 1129, 70;
35, 278, 8, 799, 377, -29, 138, 1086, 32;
40, 282, 12, 855, 403, 0, 159, 1100, 50;
41, 281, 13, 869, 387, 0, 162, 1096, 51;
40, 278, 11, 866, 354, -8, 158, 1085, 45;
43, 279, 13, 897, 356, 5, 169, 1089, 54;
43, 277, 13, 904, 334, 2, 169, 1083, 52;
46, 279, 16, 939, 341, 19, 182, 1089, 63;
46, 277, 15, 940, 313, 14, 180, 1081, 59;
42, 272, 11, 914, 259, -8, 167, 1062, 45;
47, 275, 15, 961, 279, 17, 185, 1073, 61;
48, 274, 16, 972, 263, 20, 188, 1070, 63;
45, 270, 13, 954, 218, 3, 179, 1055, 53;
43, 266, 11, 937, 175, -12, 170, 1040, 43;
43, 265, 10, 941, 154, -13, 171, 1035, 42;
41, 261, 8, 924, 111, -27, 162, 1020, 33;
48, 266, 14, 987, 150, 11, 188, 1040, 58;
51, 268, 17, 1017, 156, 28, 199, 1046, 68;
50, 265, 16, 1010, 125, 21, 195, 1036, 64;
45, 259, 11, 964, 56, -10, 176, 1011, 44;
44, 256, 10, 954, 24, -18, 171, 1001, 39;
47, 259, 13, 989, 37, 4, 186, 1010, 53;
45, 255, 11, 966, -6, -11, 176, 995, 44;
43, 252, 9, 951, -42, -21, 170, 984, 37;
45, 253, 11, 969, -44, -8, 177, 986, 45;
51, 257, 17, 1020, -13, 25, 199, 1003, 66;
46, 251, 12, 974, -77, -3, 180, 979, 48;
43, 247, 9, 947, -121, -19, 170, 964, 38;
47, 250, 14, 986, -100, 8, 186, 976, 55;
50, 252, 17, 1010, -93, 26, 197, 983, 67;
49, 250, 16, 998, -120, 21, 193, 975, 64;
44, 244, 11, 948, -186, -8, 174, 951, 45;
46, 244, 13, 959, -189, 2, 179, 953, 52;
49, 246, 16, 985, -177, 24, 192, 961, 66;
40, 236, 8, 896, -279, -30, 156, 922, 31;
44, 239, 12, 930, -258, -3, 172, 934, 48;
48, 243, 17, 969, -230, 28, 190, 949, 68;
43, 237, 12, 915, -295, -2, 170, 925, 49;
40, 233, 9, 879, -341, -20, 157, 909, 38;
39, 231, 9, 862, -368, -25, 152, 902, 35;
42, 233, 12, 888, -350, 0, 165, 912, 50;
46, 237, 17, 918, -328, 26, 180, 924, 67;
42, 232, 14, 877, -376, 6, 165, 907, 54;
45, 235, 18, 902, -357, 31, 179, 918, 70;
45, 234, 18, 890, -374, 31, 176, 914, 70;
39, 227, 12, 825, -444, -3, 152, 888, 48;
36, 225, 10, 795, -477, -14, 143, 877, 42;
42, 230, 17, 840, -435, 25, 165, 897, 66;
41, 228, 16, 823, -455, 23, 161, 892, 65;
40, 227, 16, 805, -474, 21, 157, 887, 64;
36, 223, 13, 764, -515, 4, 144, 872, 53;
37, 224, 15, 761, -519, 12, 146, 874, 58;
38, 224, 16, 759, -519, 22, 149, 876, 64;
30, 217, 10, 680, -596, -18, 120, 846, 39;
31, 218, 11, 680, -593, -7, 124, 850, 46;
31, 217, 12, 666, -604, -4, 122, 848, 48;
28, 215, 10, 632, -633, -14, 112, 838, 41;
34, 220, 17, 677, -583, 27, 135, 861, 67;
25, 211, 8, 577, -678, -26, 98, 824, 34;
30, 217, 15, 618, -630, 13, 120, 846, 59;
29, 215, 14, 591, -649, 8, 113, 840, 56;
25, 212, 11, 545, -687, -8, 99, 827, 45;
28, 215, 15, 560, -663, 15, 109, 838, 60;
25, 213, 14, 528, -685, 7, 101, 831, 55;
28, 215, 17, 539, -664, 29, 110, 842, 69;
25, 213, 16, 502, -689, 18, 100, 833, 62;
23, 212, 15, 473, -706, 14, 93, 827, 59;
15, 204, 7, 381, -785, -32, 60, 796, 30;
22, 211, 16, 436, -717, 19, 87, 826, 62;
19, 209, 13, 393, -746, 5, 75, 815, 54;
14, 205, 10, 336, -787, -17, 56, 799, 40;
13, 205, 10, 317, -790, -14, 54, 799, 42;
14, 206, 12, 311, -780, -2, 57, 805, 49;
13, 206, 12, 288, -786, -2, 52, 803, 49;
15, 208, 15, 289, -767, 13, 58, 812, 59;
16, 210, 18, 292, -746, 31, 65, 822, 70;
15, 210, 17, 263, -755, 28, 59, 819, 68;
5, 201, 8, 158, -841, -25, 20, 784, 35;
5, 201, 9, 143, -835, -19, 20, 787, 38;
3, 201, 9, 115, -843, -21, 14, 784, 37;
5, 203, 12, 117, -819, -4, 20, 795, 48;
5, 205, 14, 107, -806, 6, 22, 800, 54;
3, 204, 13, 77, -813, 2, 15, 798, 52;
0, 201, 10, 27, -840, -14, 0, 787, 42;
-1, 201, 10, -2, -846, -17, -6, 785, 39;
-3, 200, 9, -35, -855, -23, -14, 781, 36;
-2, 202, 11, -37, -832, -8, -9, 790, 45;
-5, 200, 9, -79, -848, -20, -21, 783, 38;
1, 209, 18, -27, -770, 31, 5, 815, 70;
-1, 207, 15, -73, -789, 17, -7, 807, 61;
-10, 200, 8, -165, -854, -27, -40, 780, 33;
-6, 205, 13, -140, -803, 4, -24, 801, 53;
-8, 204, 12, -174, -809, -1, -32, 798, 50;
-11, 202, 10, -218, -824, -14, -45, 791, 41;
-13, 202, 9, -250, -828, -19, -53, 789, 38;
-13, 204, 11, -260, -810, -10, -52, 795, 44;
-13, 205, 12, -272, -792, -2, -51, 802, 49;
-11, 209, 15, -268, -758, 16, -44, 815, 60;
-10, 211, 17, -269, -730, 30, -39, 826, 70;
-14, 208, 14, -323, -753, 10, -56, 815, 57;
-17, 207, 12, -368, -768, -4, -70, 807, 48;
-18, 208, 13, -383, -752, 0, -71, 812, 51;
-17, 210, 14, -390, -728, 11, -68, 821, 58;
-21, 208, 11, -441, -749, -7, -85, 811, 45;
-24, 207, 10, -478, -754, -17, -95, 807, 39;
-26, 206, 8, -513, -757, -26, -104, 804, 34;
-24, 210, 12, -499, -711, -2, -94, 822, 49;
-22, 214, 15, -493, -674, 15, -86, 836, 60;
-27, 210, 11, -553, -702, -10, -107, 822, 44;
-28, 211, 10, -577, -694, -13, -112, 823, 42;
-31, 209, 8, -617, -702, -26, -124, 818, 34;
-32, 210, 8, -638, -691, -27, -128, 821, 34;
-31, 213, 10, -637, -657, -13, -123, 833, 42;
-28, 218, 14, -621, -609, 10, -112, 850, 57;
-32, 216, 12, -664, -620, -6, -126, 844, 47;
-34, 216, 11, -690, -614, -11, -132, 844, 43;
-37, 214, 8, -731, -623, -26, -145, 838, 34;
-34, 219, 12, -715, -576, -4, -135, 855, 47;
-37, 217, 9, -755, -584, -20, -147, 849, 38;
-35, 222, 13, -737, -533, 2, -136, 867, 52;
-36, 222, 12, -764, -528, -4, -144, 867, 48;
-39, 221, 10, -795, -528, -14, -153, 864, 41;
-35, 227, 15, -768, -469, 13, -138, 886, 59;
-42, 222, 9, -839, -509, -24, -164, 867, 35;
-43, 222, 8, -857, -496, -27, -169, 869, 34;
-40, 228, 12, -834, -442, -2, -156, 889, 49;
-39, 230, 13, -838, -416, 3, -155, 897, 53;
-41, 229, 12, -864, -412, -5, -163, 896, 47;
-40, 232, 14, -858, -376, 6, -157, 907, 54;
-41, 233, 13, -871, -360, 4, -160, 911, 54;
-47, 229, 8, -935, -394, -30, -184, 894, 32;
-41, 237, 14, -883, -313, 11, -160, 924, 57;
-47, 233, 9, -942, -344, -21, -183, 908, 37;
-45, 235, 11, -936, -309, -11, -178, 920, 43;
-47, 236, 10, -954, -299, -17, -184, 921, 39;
-40, 244, 17, -892, -209, 28, -156, 954, 68;
-40, 246, 17, -896, -187, 30, -156, 960, 70;
-50, 237, 7, -998, -262, -32, -197, 926, 30;
-41, 247, 16, -919, -157, 24, -163, 966, 66;
-42, 248, 16, -929, -141, 21, -166, 970, 64;
-47, 245, 12, -973, -161, -5, -183, 958, 47;
-46, 248, 13, -967, -130, 2, -179, 968, 52;
-43, 251, 15, -949, -87, 16, -171, 982, 61;
-44, 252, 14, -960, -75, 11, -175, 984, 58;
-49, 249, 10, -1002, -94, -15, -192, 972, 41;
-49, 250, 10, -1007, -76, -17, -193, 976, 40;
-41, 259, 18, -934, 17, 32, -163, 1012, 70;
-47, 255, 12, -987, -14, -2, -185, 995, 49;
-47, 256, 12, -986, 6, -2, -184, 1001, 49;
-42, 262, 17, -939, 74, 28, -165, 1025, 68;
-45, 260, 14, -971, 62, 7, -178, 1017, 55;
-46, 261, 13, -978, 73, 1, -182, 1018, 51;
-47, 261, 12, -983, 85, -4, -185, 1020, 48;
-41, 268, 17, -928, 158, 30, -162, 1047, 69;
-47, 264, 12, -976, 127, -4, -183, 1030, 48;
-47, 264, 11, -982, 137, -10, -186, 1031, 44;
-42, 271, 16, -927, 207, 22, -165, 1057, 65;
-44, 269, 13, -947, 201, 5, -174, 1051, 54;
-41, 273, 16, -913, 249, 23, -162, 1068, 65;
-41, 274, 16, -913, 262, 19, -163, 1070, 63;
-43, 273, 14, -924, 264, 7, -169, 1067, 55;
-40, 277, 16, -891, 308, 23, -158, 1082, 65;
-39, 279, 17, -873, 337, 30, -152, 1091, 69;
-44, 275, 12, -916, 304, -4, -172, 1074, 48;
-44, 276, 11, -911, 319, -7, -172, 1077, 46;
-39, 281, 16, -860, 378, 19, -153, 1099, 63;
-40, 281, 14, -867, 379, 7, -159, 1096, 55;
-42, 279, 11, -879, 373, -7, -166, 1091, 46;
-45, 277, 8, -900, 358, -30, -178, 1081, 32;
-44, 278, 8, -885, 379, -27, -174, 1087, 33;
-43, 281, 9, -862, 407, -21, -168, 1096, 37;
-35, 289, 16, -781, 491, 23, -137, 1128, 65;
-36, 288, 15, -784, 492, 12, -141, 1125, 58;
-39, 285, 11, -804, 473, -10, -153, 1115, 44;
-37, 288, 12, -778, 501, -3, -146, 1123, 48;
-34, 291, 14, -745, 534, 7, -136, 1134, 55;
-39, 287, 9, -775, 505, -22, -152, 1120, 37;
-39, 287, 8, -766, 512, -27, -152, 1120, 34;
-32, 293, 13, -699, 577, 5, -128, 1144, 54;
-37, 289, 8, -730, 543, -26, -145, 1128, 34;
-35, 290, 9, -708, 562, -23, -140, 1134, 36;
-29, 297, 15, -635, 630, 12, -114, 1160, 58;
-30, 296, 12, -638, 622, -1, -119, 1154, 49;
-26, 299, 15, -592, 662, 16, -105, 1168, 61;
-26, 300, 15, -574, 674, 15, -101, 1171, 60;
-23, 303, 17, -536, 704, 27, -90, 1182, 68;
-24, 302, 15, -533, 699, 16, -94, 1177, 61;
-23, 302, 15, -514, 709, 15, -90, 1180, 60;
-24, 301, 13, -514, 699, 1, -95, 1174, 51;
-21, 303, 15, -475, 728, 13, -84, 1184, 59;
-18, 306, 16, -437, 755, 24, -73, 1193, 66;
-16, 307, 18, -403, 776, 32, -64, 1201, 70;
-24, 299, 8, -469, 697, -26, -96, 1166, 34;
-17, 306, 15, -386, 766, 13, -67, 1194, 59;
-18, 303, 12, -390, 749, -3, -73, 1185, 48;
-12, 309, 17, -317, 806, 29, -49, 1207, 69;
-13, 308, 15, -313, 794, 16, -52, 1201, 61;
-14, 306, 14, -306, 785, 6, -55, 1196, 54;
-11, 308, 15, -267, 806, 16, -44, 1204, 61;
-7, 311, 18, -220, 836, 32, -30, 1216, 70;
-11, 306, 12, -247, 791, -1, -46, 1196, 49;
-14, 303, 9, -257, 761, -24, -56, 1183, 35;
-5, 311, 16, -163, 835, 21, -23, 1213, 64;
-12, 303, 8, -215, 763, -28, -50, 1182, 32;
-8, 306, 11, -164, 793, -11, -34, 1194, 43;
-1, 312, 17, -81, 855, 27, -5, 1219, 68;
-5, 307, 12, -104, 809, -3, -20, 1200, 48;
-6, 305, 10, -99, 792, -16, -24, 1192, 40;
2, 313, 17, -4, 863, 29, 9, 1222, 69;
-1, 308, 13, -24, 819, 0, -4, 1203, 51;
2, 311, 15, 26, 845, 17, 10, 1214, 61;
1, 308, 13, 25, 820, 0, 5, 1204, 51;
-1, 305, 9, 17, 786, -21, -4, 1190, 37;
-1, 303, 8, 27, 770, -30, -5, 1184, 31;
3, 307, 11, 86, 802, -8, 13, 1197, 45;
10, 312, 17, 165, 855, 28, 40, 1219, 68;
8, 309, 14, 163, 826, 10, 34, 1208, 57;
8, 307, 13, 173, 808, 0, 32, 1201, 51;
7, 305, 11, 177, 783, -12, 28, 1191, 42;
5, 302, 8, 175, 753, -30, 22, 1180, 32;
7, 302, 8, 201, 750, -28, 27, 1179, 33;
17, 311, 17, 309, 829, 27, 67, 1213, 67;
17, 309, 16, 324, 814, 21, 67, 1207, 64;
11, 302, 9, 284, 745, -20, 45, 1180, 38;
17, 306, 14, 352, 782, 8, 68, 1196, 56;
13, 300, 9, 324, 724, -25, 51, 1173, 35;
16, 302, 11, 370, 739, -9, 65, 1181, 44;
21, 306, 15, 430, 769, 15, 85, 1195, 60;
22, 305, 14, 446, 754, 11, 87, 1190, 58;
21, 302, 12, 451, 727, 0, 83, 1180, 50;
22, 302, 12, 473, 717, 0, 88, 1178, 50;
22, 299, 11, 480, 692, -10, 86, 1169, 44;
27, 303, 16, 545, 726, 19, 108, 1185, 63;
23, 297, 10, 512, 661, -16, 89, 1160, 40;
30, 303, 17, 597, 714, 26, 120, 1184, 67;
25, 296, 11, 558, 643, -12, 99, 1156, 42;
25, 295, 10, 570, 623, -18, 100, 1150, 39;
27, 295, 11, 602, 623, -10, 108, 1152, 44;
30, 296, 13, 637, 626, 0, 119, 1156, 51;
30, 294, 11, 643, 599, -7, 117, 1147, 46;
35, 297, 15, 700, 624, 17, 136, 1159, 62;
33, 294, 13, 696, 588, 3, 131, 1147, 53;
30, 288, 9, 672, 532, -24, 117, 1126, 35;
31, 288, 9, 694, 522, -20, 122, 1124, 38;
34, 289, 11, 728, 525, -8, 132, 1128, 45;
36, 290, 13, 761, 526, 2, 142, 1131, 52;
36, 287, 12, 764, 497, -6, 140, 1122, 47;
41, 291, 17, 826, 527, 25, 162, 1137, 66;
43, 291, 18, 851, 521, 32, 169, 1137, 70;
41, 287, 15, 836, 476, 13, 160, 1121, 59;
43, 287, 16, 863, 472, 22, 168, 1123, 64;
41, 284, 14, 853, 431, 6, 161, 1108, 55;
46, 287, 18, 903, 451, 32, 179, 1120, 70;
45, 284, 16, 904, 422, 24, 176, 1110, 65;
45, 283, 16, 915, 404, 24, 179, 1106, 66;
43, 279, 13, 894, 353, 2, 167, 1088, 52;
45, 280, 15, 924, 354, 16, 177, 1092, 61;
40, 273, 9, 879, 280, -20, 157, 1064, 38;
43, 274, 12, 914, 288, -2, 169, 1070, 49;
45, 274, 14, 936, 281, 5, 176, 1071, 54;
47, 275, 16, 963, 281, 18, 186, 1074, 62;
41, 267, 9, 907, 198, -23, 161, 1043, 36;
42, 267, 10, 924, 188, -16, 166, 1042, 40;
45, 268, 13, 955, 193, 0, 178, 1048, 50;
44, 266, 11, 948, 161, -8, 174, 1038, 45;
50, 270, 17, 1007, 195, 27, 197, 1055, 68;
50, 268, 16, 1005, 168, 23, 195, 1047, 65;
42, 259, 8, 934, 73, -26, 165, 1011, 34;
41, 257, 8, 930, 46, -30, 163, 1003, 31;
48, 262, 14, 993, 85, 9, 188, 1023, 56;
45, 258, 11, 971, 41, -6, 178, 1008, 46;
47, 258, 13, 984, 32, 1, 184, 1008, 51;
51, 261, 17, 1022, 49, 26, 199, 1018, 67;
49, 257, 15, 1003, 9, 13, 191, 1005, 59;
42, 250, 9, 945, -68, -25, 167, 976, 35;
51, 257, 17, 1023, -9, 28, 200, 1004, 68;
41, 246, 8, 933, -118, -30, 163, 962, 31;
50, 254, 16, 1014, -55, 24, 197, 992, 66;
49, 251, 15, 997, -89, 15, 191, 981, 60;
49, 250, 16, 999, -104, 19, 192, 978, 62;
41, 241, 8, 919, -200, -31, 160, 942, 31;
47, 246, 14, 974, -160, 8, 184, 962, 56;
44, 242, 11, 945, -204, -7, 173, 947, 46;
47, 245, 15, 972, -191, 15, 186, 956, 60;
45, 241, 13, 945, -231, 1, 176, 942, 51;
43, 239, 12, 925, -263, -6, 170, 932, 46;
40, 234, 8, 888, -312, -26, 156, 915, 34;
39, 233, 9, 881, -330, -25, 155, 911, 35;
43, 236, 12, 908, -312, 0, 169, 921, 50;
47, 239, 17, 939, -290, 26, 184, 934, 67;
45, 236, 15, 915, -323, 17, 176, 923, 61;
44, 235, 15, 901, -344, 15, 173, 917, 60;
38, 229, 10, 842, -411, -17, 151, 893, 40;
39, 229, 11, 845, -413, -6, 155, 895, 46;
38, 228, 11, 830, -435, -8, 151, 889, 45;
43, 231, 16, 861, -407, 20, 167, 903, 63;
37, 225, 11, 800, -472, -10, 145, 879, 44;
42, 229, 16, 838, -437, 23, 164, 896, 65;
34, 222, 10, 759, -518, -19, 135, 866, 39;
32, 219, 8, 727, -552, -30, 125, 855, 32;
38, 225, 15, 782, -497, 16, 151, 880, 61;
39, 226, 17, 781, -498, 26, 154, 882, 67;
31, 217, 9, 693, -585, -21, 122, 848, 37;
30, 217, 9, 679, -597, -19, 120, 846, 38;
31, 218, 12, 681, -593, -6, 124, 850, 46;
29, 215, 10, 648, -622, -16, 115, 841, 40;
32, 218, 13, 662, -603, 5, 125, 851, 54;
35, 221, 17, 680, -581, 29, 136, 862, 69;
24, 210, 7, 569, -686, -32, 95, 821, 30;
30, 216, 14, 615, -632, 11, 118, 845, 58;
26, 213, 12, 570, -671, -5, 104, 831, 47;
28, 215, 15, 576, -656, 12, 111, 839, 58;
27, 214, 14, 554, -669, 11, 107, 836, 57;
27, 215, 16, 546, -667, 20, 108, 839, 63;
26, 214, 16, 525, -678, 20, 104, 836, 63;
22, 210, 12, 472, -719, 0, 87, 820, 50;
20, 208, 11, 437, -742, -9, 78, 812, 44;
16, 205, 9, 393, -773, -24, 65, 801, 35;
15, 204, 8, 369, -784, -25, 60, 798, 35;
23, 213, 18, 432, -706, 31, 91, 832, 70;
12, 203, 8, 317, -806, -29, 49, 792, 32;
18, 209, 15, 357, -750, 12, 70, 816, 58;
17, 209, 15, 341, -750, 17, 69, 817, 61;
16, 208, 15, 314, -760, 14, 63, 814, 60;
17, 211, 18, 315, -741, 31, 69, 823, 70;
12, 206, 14, 254, -784, 6, 49, 806, 54;
10, 205, 13, 224, -794, 2, 42, 802, 52;
13, 209, 17, 234, -765, 25, 52, 815, 66;
9, 206, 14, 186, -792, 9, 38, 805, 56;
5, 203, 11, 137, -820, -6, 23, 794, 46;
10, 209, 17, 167, -769, 29, 41, 815, 69;
1, 200, 9, 63, -850, -23, 3, 782, 36;
6, 206, 15, 97, -793, 15, 23, 806, 60;
-1, 200, 8, 10, -857, -25, -6, 780, 35;
2, 205, 14, 37, -806, 8, 9, 801, 56;
2, 206, 15, 22, -797, 14, 9, 805, 60;
-5, 199, 8, -64, -859, -26, -21, 779, 34;
-6, 200, 9, -86, -856, -24, -24, 780, 35;
-1, 206, 15, -52, -795, 14, -4, 805, 60;
-2, 206, 15, -78, -795, 13, -9, 805, 59;
-2, 207, 16, -93, -783, 20, -10, 810, 63;
-9, 201, 10, -173, -836, -17, -38, 787, 40;
-3, 209, 17, -126, -761, 30, -13, 818, 69;
-6, 207, 15, -170, -777, 17, -25, 811, 61;
-8, 207, 15, -201, -779, 12, -33, 809, 58;
-12, 205, 12, -251, -800, -4, -48, 799, 48;
-12, 206, 13, -268, -788, 0, -49, 804, 51;
-18, 202, 8, -333, -824, -27, -71, 788, 33;
-19, 202, 8, -358, -819, -28, -76, 789, 33;
-11, 211, 17, -296, -727, 28, -45, 826, 68;
-13, 212, 17, -322, -722, 26, -51, 826, 67;
-16, 210, 14, -367, -736, 11, -64, 819, 58;
-24, 203, 7, -455, -794, -32, -96, 794, 30;
-16, 213, 16, -395, -702, 22, -65, 830, 65;
-21, 209, 12, -455, -731, -2, -85, 817, 49;
-26, 206, 9, -510, -754, -24, -103, 806, 35;
-22, 212, 14, -481, -694, 8, -86, 829, 56;
-23, 212, 14, -507, -688, 6, -92, 830, 54;
-28, 209, 9, -566, -715, -19, -112, 817, 38;
-27, 212, 11, -569, -686, -7, -108, 827, 46;
-24, 217, 16, -548, -633, 19, -95, 847, 63;
-30, 212, 11, -616, -669, -12, -119, 830, 43;
-26, 218, 15, -592, -613, 16, -104, 851, 61;
-30, 216, 12, -641, -629, -3, -120, 842, 48;
-31, 217, 12, -656, -612, 0, -122, 847, 50;
-36, 213, 8, -717, -641, -29, -143, 833, 32;
-32, 219, 13, -689, -581, 1, -128, 855, 51;
-29, 224, 17, -666, -526, 27, -114, 875, 68;
-32, 222, 14, -708, -536, 11, -128, 869, 58;
-37, 219, 10, -765, -561, -15, -148, 856, 41;
-34, 225, 15, -737, -501, 13, -132, 878, 59;
-32, 228, 17, -728, -461, 30, -125, 892, 69;
-42, 220, 8, -835, -537, -31, -166, 858, 31;
-34, 229, 16, -768, -439, 22, -135, 896, 65;
-37, 228, 14, -801, -440, 10, -145, 892, 57;
-37, 230, 15, -806, -414, 16, -144, 900, 61;
-42, 227, 11, -861, -439, -11, -164, 887, 43;
-42, 229, 11, -868, -416, -8, -165, 894, 45;
-40, 232, 13, -862, -380, 3, -159, 906, 53;
-45, 229, 9, -916, -404, -24, -179, 893, 35;
-47, 229, 8, -932, -391, -28, -183, 895, 33;
-39, 238, 16, -868, -298, 20, -154, 930, 64;
-38, 241, 17, -867, -268, 28, -152, 940, 68;
-42, 239, 14, -905, -278, 9, -165, 933, 56;
-48, 234, 8, -970, -316, -28, -190, 914, 33;
-41, 243, 16, -900, -218, 23, -160, 951, 65;
-43, 243, 14, -925, -216, 11, -168, 949, 58;
-40, 247, 17, -904, -168, 29, -158, 965, 69;
-50, 239, 8, -1002, -240, -30, -197, 932, 31;
-43, 247, 15, -937, -150, 15, -169, 966, 60;
-44, 247, 14, -954, -141, 7, -175, 966, 55;
-49, 244, 9, -1001, -164, -20, -193, 954, 38;
-42, 253, 17, -934, -72, 26, -165, 988, 67;
-51, 246, 8, -1018, -133, -27, -199, 959, 33;
-46, 251, 13, -978, -70, 0, -182, 982, 51;
-46, 254, 13, -973, -43, 5, -179, 990, 54;
-44, 256, 15, -960, -8, 14, -174, 1001, 60;
-47, 254, 12, -992, -19, -5, -187, 993, 47;
-46, 257, 13, -981, 12, 1, -182, 1003, 51;
-47, 258, 12, -984, 29, 0, -183, 1007, 50;
-42, 264, 18, -935, 97, 30, -163, 1032, 70;
-49, 258, 10, -1004, 47, -16, -192, 1007, 40;
-50, 258, 9, -1012, 57, -23, -196, 1008, 36;
-43, 266, 15, -947, 139, 17, -170, 1039, 61;
-47, 263, 11, -984, 119, -9, -186, 1027, 45;
-45, 266, 13, -960, 159, 3, -177, 1040, 53;
-45, 268, 13, -952, 182, 5, -175, 1046, 54;
-40, 273, 18, -907, 241, 32, -158, 1068, 70;
-42, 273, 16, -918, 245, 20, -164, 1066, 63;
-45, 270, 12, -949, 226, -4, -178, 1055, 48;
-43, 273, 14, -923, 265, 8, -169, 1068, 55;
-39, 278, 17, -883, 317, 29, -154, 1086, 69;
-44, 274, 12, -923, 287, -2, -173, 1070, 49;
-42, 277, 14, -897, 324, 8, -164, 1082, 56;
-44, 275, 11, -917, 312, -11, -175, 1074, 43;
-44, 276, 11, -908, 330, -12, -173, 1079, 43;
-40, 281, 14, -868, 378, 7, -159, 1095, 55;
-43, 279, 11, -882, 371, -9, -167, 1089, 44;
-42, 280, 11, -871, 387, -10, -166, 1093, 44;
-45, 278, 7, -892, 372, -32, -177, 1084, 30;
-40, 283, 11, -840, 428, -6, -159, 1104, 46;
-43, 280, 8, -861, 411, -29, -171, 1094, 32;
-41, 283, 9, -834, 441, -21, -162, 1104, 37;
-35, 289, 14, -771, 507, 11, -139, 1129, 58;
-33, 291, 16, -743, 536, 19, -131, 1138, 63;
-34, 291, 14, -741, 538, 10, -134, 1136, 57;
-30, 295, 17, -698, 581, 29, -120, 1151, 69;
-34, 292, 13, -721, 557, 2, -133, 1139, 52;
-32, 294, 14, -694, 582, 9, -126, 1147, 56;
-36, 290, 9, -720, 553, -19, -141, 1132, 38;
-29, 296, 15, -650, 620, 15, -116, 1157, 60;
-32, 294, 11, -666, 599, -7, -127, 1147, 46;
-35, 291, 8, -680, 581, -29, -136, 1137, 32;
-27, 299, 15, -593, 661, 15, -105, 1168, 60;
-28, 298, 13, -594, 653, 2, -110, 1163, 52;
-22, 303, 17, -533, 707, 29, -89, 1183, 69;
-23, 302, 16, -527, 705, 20, -91, 1180, 63;
-27, 298, 10, -557, 666, -13, -108, 1162, 42;
-20, 305, 17, -475, 738, 27, -79, 1190, 67;
-27, 297, 8, -534, 668, -26, -108, 1159, 34;
-27, 297, 8, -519, 672, -30, -107, 1159, 32;
-22, 302, 12, -458, 721, -4, -87, 1178, 48;
-16, 307, 17, -387, 779, 28, -62, 1200, 68;
-24, 298, 7, -455, 697, -32, -95, 1165, 31;
-18, 304, 12, -389, 749, -2, -73, 1185, 49;
-17, 305, 13, -362, 762, 0, -67, 1189, 50;
-19, 302, 10, -366, 742, -18, -74, 1180, 39;
-18, 302, 9, -351, 740, -23, -73, 1178, 36;
-19, 301, 7, -340, 734, -32, -74, 1174, 30;
-13, 306, 12, -272, 784, -2, -51, 1194, 49;
-11, 307, 13, -242, 795, 1, -44, 1198, 51;
-5, 312, 17, -175, 843, 29, -22, 1217, 69;
-10, 306, 11, -207, 792, -7, -41, 1195, 46;
-8, 308, 13, -170, 808, 0, -31, 1201, 51;
-4, 311, 16, -119, 838, 18, -15, 1213, 62;
-8, 306, 10, -144, 792, -14, -31, 1193, 42;
-7, 305, 10, -127, 786, -19, -30, 1190, 39;
1, 313, 17, -28, 862, 30, 5, 1222, 69;
-2, 308, 13, -49, 818, 0, -9, 1203, 50;
2, 311, 16, 6, 850, 20, 8, 1216, 63;
1, 310, 14, 15, 835, 10, 6, 1210, 57;
2, 309, 14, 35, 829, 7, 8, 1208, 55;
-1, 304, 9, 11, 781, -25, -6, 1188, 35;
1, 306, 10, 50, 793, -15, 3, 1193, 41;
0, 303, 7, 50, 767, -32, -1, 1182, 30;
7, 310, 15, 142, 832, 12, 30, 1210, 58;
9, 310, 15, 167, 830, 13, 35, 1209, 59;
7, 307, 12, 166, 800, -4, 29, 1198, 48;
13, 311, 16, 233, 839, 24, 51, 1215, 66;
11, 308, 14, 229, 808, 6, 44, 1202, 54;
16, 311, 17, 290, 839, 30, 64, 1216, 69;
10, 304, 11, 250, 770, -12, 42, 1188, 43;
15, 308, 14, 309, 799, 11, 61, 1201, 58;
13, 304, 11, 302, 762, -8, 53, 1187, 45;
16, 305, 13, 342, 773, 2, 64, 1193, 52;
19, 306, 14, 378, 778, 10, 74, 1196, 57;
14, 300, 8, 343, 713, -27, 54, 1170, 33;
22, 307, 16, 439, 777, 21, 89, 1198, 64;
17, 300, 9, 400, 707, -19, 68, 1171, 38;
21, 302, 12, 447, 723, -3, 82, 1179, 48;
23, 303, 14, 485, 729, 7, 93, 1183, 55;
24, 302, 14, 505, 718, 6, 96, 1180, 55;
25, 301, 13, 522, 703, 3, 98, 1175, 53;
23, 298, 11, 520, 669, -11, 93, 1163, 44;
31, 304, 18, 605, 722, 31, 123, 1187, 70;
31, 302, 16, 612, 697, 23, 122, 1179, 65;
25, 295, 10, 572, 624, -17, 100, 1151, 40;
27, 295, 11, 601, 622, -10, 108, 1152, 44;
32, 298, 15, 655, 643, 12, 126, 1163, 58;
30, 294, 11, 644, 600, -7, 117, 1147, 46;
36, 298, 17, 712, 637, 26, 142, 1165, 67;
31, 292, 11, 681, 573, -6, 124, 1140, 46;
38, 296, 17, 748, 608, 26, 148, 1158, 67;
37, 294, 15, 751, 579, 17, 146, 1148, 61;
32, 287, 9, 712, 508, -19, 126, 1121, 38;
35, 289, 12, 751, 516, -4, 138, 1127, 48;
35, 287, 11, 760, 493, -8, 139, 1120, 45;
36, 286, 11, 773, 475, -9, 140, 1115, 44;
42, 290, 16, 838, 508, 23, 164, 1132, 65;
35, 281, 9, 782, 422, -22, 138, 1099, 36;
37, 282, 10, 808, 417, -14, 145, 1100, 41;
41, 284, 14, 857, 435, 9, 162, 1110, 56;
42, 283, 14, 866, 414, 7, 164, 1104, 55;
39, 279, 11, 852, 370, -10, 155, 1089, 44;
43, 281, 14, 891, 380, 8, 169, 1096, 56;
47, 283, 18, 937, 396, 31, 185, 1106, 70;
46, 281, 16, 935, 365, 23, 182, 1096, 65;
48, 281, 18, 958, 360, 32, 190, 1097, 71;
38, 269, 7, 870, 243, -32, 151, 1052, 30;
44, 274, 13, 931, 276, 2, 174, 1069, 52;
43, 271, 11, 924, 242, -7, 169, 1058, 46;
49, 275, 16, 979, 270, 24, 191, 1073, 66;
49, 273, 16, 983, 247, 22, 191, 1067, 64;
40, 263, 8, 908, 146, -31, 158, 1028, 31;
45, 266, 12, 953, 165, -5, 175, 1039, 47;
41, 261, 8, 922, 110, -29, 162, 1020, 32;
45, 263, 11, 957, 119, -8, 175, 1027, 45;
47, 264, 13, 979, 117, 3, 183, 1030, 53;
42, 258, 9, 939, 54, -25, 166, 1007, 35;
41, 256, 8, 933, 25, -30, 163, 998, 31;
45, 258, 12, 972, 41, -6, 179, 1008, 47;
44, 255, 10, 956, 4, -17, 172, 996, 40;
48, 258, 14, 994, 21, 7, 188, 1007, 55;
43, 252, 9, 952, -41, -20, 170, 984, 38;
43, 250, 9, 948, -65, -22, 169, 978, 36;
50, 256, 16, 1010, -22, 19, 195, 999, 62;
47, 252, 13, 987, -64, 4, 185, 985, 54;
44, 248, 10, 956, -113, -13, 173, 968, 42;
46, 249, 12, 972, -114, 0, 181, 971, 50;
44, 245, 10, 948, -155, -14, 171, 957, 41;
42, 242, 9, 931, -187, -22, 165, 947, 36;
49, 249, 16, 997, -137, 24, 194, 971, 65;
46, 244, 13, 961, -188, 3, 180, 954, 53;
41, 238, 8, 908, -254, -27, 160, 929, 33;
40, 237, 8, 900, -275, -28, 158, 924, 33;
42, 238, 11, 918, -270, -11, 167, 929, 43;
40, 235, 9, 895, -305, -21, 159, 918, 37;
42, 236, 12, 909, -301, -6, 167, 923, 46;
42, 235, 11, 896, -324, -8, 164, 917, 45;
38, 230, 8, 856, -374, -29, 149, 899, 32;
42, 234, 13, 892, -346, 1, 167, 914, 52;
44, 235, 15, 905, -341, 17, 174, 919, 61;
43, 233, 15, 886, -367, 12, 169, 911, 58;
43, 233, 15, 881, -378, 16, 170, 910, 61;
37, 226, 9, 814, -450, -19, 145, 883, 38;
43, 231, 16, 861, -407, 20, 167, 903, 64;
37, 225, 11, 803, -469, -9, 146, 880, 45;
39, 227, 13, 811, -465, 5, 153, 885, 54;
42, 230, 18, 836, -442, 31, 166, 897, 70;
39, 226, 15, 799, -480, 17, 155, 884, 61;
33, 220, 10, 735, -545, -15, 131, 860, 41;
31, 217, 8, 699, -580, -28, 120, 848, 33;
30, 217, 9, 687, -591, -25, 119, 846, 35;
37, 224, 17, 747, -530, 25, 148, 874, 66;
29, 215, 9, 654, -620, -24, 113, 839, 35;
27, 213, 8, 628, -642, -29, 107, 832, 32;
35, 221, 17, 692, -573, 25, 137, 863, 66;
27, 213, 9, 606, -654, -19, 106, 832, 38;
30, 216, 13, 622, -632, 3, 117, 843, 53;
33, 220, 18, 647, -601, 32, 131, 858, 71;
29, 215, 14, 593, -647, 10, 114, 841, 57;
30, 217, 16, 594, -638, 24, 119, 847, 66;
29, 216, 17, 576, -647, 26, 116, 845, 67;
28, 215, 16, 547, -666, 20, 109, 839, 63;
25, 212, 14, 511, -691, 10, 99, 830, 57;
26, 214, 16, 506, -685, 21, 101, 834, 64;
20, 208, 12, 442, -737, -6, 80, 815, 47;
16, 205, 9, 395, -771, -23, 65, 802, 36;
18, 207, 12, 398, -754, -5, 72, 810, 47;
16, 206, 10, 364, -774, -13, 63, 803, 42;
16, 207, 12, 355, -768, -4, 64, 807, 48;
15, 207, 12, 336, -772, -1, 62, 807, 49;
16, 208, 14, 328, -763, 8, 64, 812, 56;
10, 203, 9, 261, -813, -20, 41, 792, 38;
15, 208, 15, 295, -761, 17, 61, 814, 61;
14, 208, 15, 268, -770, 15, 55, 812, 60;
11, 206, 13, 227, -791, 4, 44, 804, 53;
11, 207, 15, 215, -783, 12, 44, 808, 58;
4, 201, 9, 137, -841, -22, 17, 785, 36;
7, 204, 13, 149, -808, 1, 28, 799, 51;
7, 206, 14, 138, -797, 10, 29, 804, 57;
4, 204, 13, 101, -813, 1, 19, 798, 51;
8, 208, 17, 116, -775, 28, 31, 814, 68;
-1, 200, 9, 14, -853, -22, -5, 782, 36;
-2, 200, 9, -7, -852, -21, -8, 782, 37;
-3, 200, 9, -35, -855, -23, -14, 781, 36;
-5, 199, 8, -64, -859, -26, -21, 779, 34;
-6, 200, 9, -85, -854, -23, -23, 781, 36;
-6, 201, 9, -103, -846, -19, -25, 784, 38;
-4, 204, 13, -93, -810, 3, -16, 799, 53;
-1, 209, 17, -77, -767, 30, -4, 816, 69;
-2, 209, 17, -105, -768, 28, -10, 815, 68;
-12, 200, 9, -210, -844, -25, -47, 783, 35;
-11, 202, 10, -219, -826, -15, -46, 790, 41;
-14, 201, 8, -261, -839, -27, -58, 784, 33;
-12, 204, 12, -252, -801, -5, -48, 799, 47;
-9, 209, 16, -239, -759, 19, -37, 816, 63;
-12, 208, 14, -277, -767, 10, -48, 811, 57;
-12, 209, 15, -288, -748, 18, -47, 818, 62;
-17, 205, 11, -353, -783, -9, -69, 802, 44;
-17, 207, 13, -361, -761, 0, -67, 810, 51;
-16, 210, 15, -363, -733, 14, -63, 821, 59;
-23, 204, 9, -444, -782, -24, -91, 799, 35;
-24, 205, 8, -468, -775, -25, -96, 800, 34;
-22, 209, 12, -456, -732, -3, -86, 817, 49;
-21, 211, 13, -465, -710, 5, -84, 824, 54;
-27, 207, 8, -534, -747, -26, -108, 807, 34;
-20, 215, 17, -479, -660, 24, -80, 842, 66;
-26, 212, 12, -540, -689, -2, -101, 827, 49;
-21, 218, 18, -509, -626, 32, -83, 852, 71;
-26, 215, 14, -562, -647, 10, -101, 841, 57;
-31, 211, 10, -626, -678, -18, -123, 826, 39;
-33, 212, 9, -651, -671, -22, -129, 827, 36;
-30, 216, 12, -640, -629, -2, -120, 842, 49;
-26, 222, 18, -606, -562, 32, -102, 868, 71;
-36, 213, 8, -718, -642, -29, -144, 832, 32;
-36, 215, 9, -722, -614, -20, -141, 841, 38;
-34, 219, 12, -714, -574, -3, -134, 856, 48;
-32, 223, 15, -707, -535, 12, -127, 869, 58;
-36, 221, 12, -751, -547, -6, -142, 862, 46;
-41, 218, 8, -803, -568, -30, -160, 851, 32;
-40, 220, 9, -804, -537, -20, -157, 861, 38;
-41, 221, 9, -824, -526, -24, -162, 863, 35;
-42, 221, 8, -844, -515, -28, -167, 864, 33;
-41, 225, 11, -835, -475, -12, -160, 878, 43;
-35, 233, 17, -786, -395, 29, -136, 908, 69;
-44, 225, 9, -878, -456, -23, -171, 880, 36;
-43, 227, 10, -883, -431, -18, -171, 887, 39;
-45, 227, 8, -906, -424, -25, -177, 888, 35;
-43, 231, 11, -895, -384, -10, -170, 901, 44;
-42, 233, 12, -892, -351, -1, -167, 912, 49;
-38, 240, 17, -854, -284, 30, -148, 936, 70;
-42, 237, 14, -899, -301, 6, -165, 926, 55;
-45, 235, 11, -937, -310, -12, -179, 919, 43;
-48, 234, 8, -969, -314, -27, -190, 914, 33;
-49, 235, 8, -980, -298, -30, -193, 918, 32;
-42, 244, 16, -914, -204, 19, -164, 953, 62;
-50, 237, 8, -996, -261, -31, -196, 927, 31;
-41, 248, 17, -918, -156, 24, -162, 967, 66;
-42, 248, 16, -927, -139, 22, -165, 970, 65;
-51, 241, 8, -1011, -198, -30, -198, 943, 32;
-43, 250, 15, -944, -107, 17, -170, 977, 61;
-51, 244, 8, -1021, -159, -31, -201, 952, 31;
-50, 247, 9, -1010, -125, -21, -195, 963, 37;
-46, 251, 13, -979, -72, 0, -182, 982, 50;
-45, 254, 14, -972, -42, 6, -179, 991, 54;
-51, 249, 8, -1025, -73, -28, -201, 974, 33;
-44, 258, 16, -955, 17, 18, -171, 1008, 62;
-46, 257, 13, -979, 14, 2, -181, 1004, 52;
-46, 258, 13, -981, 31, 0, -182, 1008, 51;
-44, 262, 15, -958, 74, 15, -173, 1022, 60;
-49, 258, 10, -1002, 49, -15, -192, 1008, 41;
-47, 261, 12, -980, 88, -2, -183, 1021, 49;
-44, 265, 15, -954, 132, 12, -173, 1036, 59;
-49, 261, 9, -999, 103, -19, -193, 1020, 38;
-43, 268, 15, -940, 179, 17, -169, 1048, 61;
-44, 268, 14, -950, 184, 6, -175, 1047, 55;
-48, 265, 10, -983, 166, -18, -189, 1036, 39;
-45, 270, 13, -946, 216, 1, -175, 1054, 52;
-41, 275, 16, -906, 270, 24, -160, 1073, 66;
-42, 274, 15, -916, 272, 12, -166, 1070, 58;
-49, 269, 8, -971, 229, -29, -191, 1049, 32;
-48, 270, 8, -958, 252, -26, -187, 1056, 34;
-43, 276, 13, -908, 313, 1, -168, 1078, 51;
-45, 274, 10, -927, 303, -17, -179, 1070, 39;
-39, 281, 15, -863, 375, 17, -154, 1097, 62;
-38, 283, 16, -846, 400, 22, -150, 1105, 64;
-37, 285, 17, -829, 423, 25, -146, 1111, 66;
-36, 287, 18, -809, 450, 30, -140, 1119, 70;
-43, 280, 9, -873, 391, -20, -169, 1092, 38;
-37, 286, 15, -810, 459, 13, -146, 1117, 59;
-36, 288, 15, -793, 479, 15, -142, 1123, 60;
-38, 286, 12, -804, 471, -1, -150, 1117, 50;
-34, 290, 16, -758, 520, 20, -134, 1134, 63;
-31, 293, 18, -726, 553, 31, -124, 1145, 70;
-40, 285, 8, -799, 480, -27, -158, 1112, 33;
-35, 290, 12, -745, 535, -2, -139, 1132, 49;
-30, 295, 16, -689, 589, 23, -120, 1152, 65;
-38, 288, 8, -748, 528, -26, -148, 1124, 34;
-32, 293, 13, -688, 586, 1, -127, 1146, 52;
-27, 298, 17, -633, 637, 26, -109, 1165, 67;
-33, 293, 11, -671, 594, -11, -129, 1145, 43;
-34, 292, 9, -671, 590, -23, -133, 1141, 36;
-32, 294, 10, -641, 613, -16, -125, 1148, 40;
-28, 297, 12, -600, 648, -1, -112, 1160, 49;
-23, 303, 17, -536, 704, 27, -90, 1182, 68;
-31, 294, 8, -604, 628, -30, -123, 1148, 31;
-27, 298, 10, -557, 666, -13, -108, 1162, 42;
-20, 305, 17, -473, 740, 28, -78, 1191, 68;
-25, 299, 11, -513, 690, -12, -99, 1168, 43;
-24, 300, 11, -492, 699, -12, -96, 1170, 43;
-25, 299, 9, -485, 694, -22, -98, 1167, 37;
-18, 305, 15, -406, 760, 15, -70, 1193, 60;
-24, 298, 7, -456, 697, -32, -96, 1165, 30;
-23, 299, 7, -434, 705, -32, -92, 1167, 30;
-14, 307, 15, -337, 786, 16, -57, 1199, 61;
-16, 305, 13, -337, 771, 1, -62, 1192, 51;
-12, 308, 15, -291, 800, 16, -48, 1203, 61;
-13, 306, 13, -288, 786, 2, -52, 1196, 52;
-8, 311, 17, -224, 832, 29, -31, 1214, 69;
-9, 309, 15, -224, 813, 13, -37, 1205, 59;
-13, 303, 9, -252, 767, -21, -54, 1185, 37;
-9, 307, 12, -200, 799, -2, -38, 1198, 49;
-12, 303, 8, -214, 764, -28, -49, 1183, 33;
-9, 306, 11, -167, 790, -12, -35, 1193, 42;
-3, 310, 15, -104, 831, 12, -15, 1210, 58;
-2, 310, 15, -79, 834, 12, -10, 1210, 58;
0, 312, 17, -37, 854, 24, 1, 1218, 66;
-7, 303, 8, -93, 774, -29, -27, 1185, 32;
-1, 308, 12, -28, 815, -2, -6, 1202, 49;
-3, 304, 9, -35, 784, -23, -14, 1189, 36;
3, 311, 15, 50, 845, 17, 15, 1214, 61;
1, 307, 11, 38, 807, -7, 4, 1198, 46;
0, 305, 10, 48, 791, -17, 3, 1192, 40;
0, 304, 9, 60, 777, -25, 2, 1187, 35;
3, 305, 10, 96, 786, -17, 12, 1191, 40;
7, 308, 13, 150, 813, 2, 28, 1202, 52;
11, 311, 16, 206, 840, 22, 46, 1214, 65;
13, 311, 16, 231, 837, 23, 50, 1214, 65;
9, 306, 12, 212, 790, -5, 37, 1195, 47;
15, 311, 17, 282, 831, 25, 61, 1213, 66;
8, 301, 8, 224, 744, -29, 31, 1177, 32;
13, 306, 12, 289, 780, -1, 53, 1193, 49;
19, 309, 17, 352, 813, 24, 74, 1208, 66;
17, 306, 14, 350, 781, 7, 68, 1196, 55;
21, 309, 17, 400, 800, 25, 83, 1205, 66;
21, 307, 16, 416, 786, 21, 84, 1200, 64;
16, 301, 10, 383, 722, -15, 66, 1175, 41;
15, 298, 8, 385, 692, -29, 61, 1164, 32;
22, 303, 13, 458, 734, 4, 87, 1183, 53;
27, 307, 18, 521, 766, 31, 108, 1198, 70;
25, 302, 14, 507, 720, 8, 97, 1181, 56;
29, 305, 17, 561, 742, 29, 114, 1192, 69;
25, 300, 13, 538, 687, 0, 100, 1171, 51;
22, 295, 8, 517, 634, -27, 87, 1151, 34;
31, 302, 16, 614, 699, 24, 122, 1180, 66;
32, 301, 16, 631, 683, 22, 125, 1175, 64;
24, 292, 8, 572, 593, -29, 96, 1140, 32;
26, 292, 9, 599, 588, -24, 103, 1140, 35;
32, 296, 14, 665, 622, 7, 126, 1156, 55;
35, 298, 16, 708, 632, 23, 139, 1163, 65;
30, 291, 10, 668, 560, -15, 119, 1135, 41;
31, 290, 10, 687, 547, -14, 123, 1132, 42;
31, 289, 10, 700, 528, -16, 124, 1127, 40;
34, 289, 12, 732, 529, -6, 134, 1130, 47;
41, 294, 18, 805, 570, 31, 161, 1149, 70;
32, 283, 8, 726, 459, -31, 124, 1106, 31;
33, 283, 8, 746, 448, -27, 129, 1104, 33;
36, 284, 10, 781, 451, -14, 140, 1108, 41;
41, 287, 15, 837, 477, 13, 160, 1122, 59;
35, 280, 8, 790, 399, -26, 138, 1092, 34;
37, 280, 10, 818, 396, -16, 147, 1094, 40;
41, 282, 13, 859, 407, 2, 161, 1101, 52;
37, 276, 8, 826, 344, -27, 144, 1078, 33;
44, 282, 15, 904, 392, 16, 174, 1101, 61;
44, 280, 14, 904, 363, 9, 172, 1092, 57;
42, 276, 12, 894, 324, -4, 165, 1079, 48;
42, 275, 12, 900, 301, -6, 165, 1073, 47;
45, 276, 14, 933, 306, 9, 177, 1078, 57;
45, 274, 14, 938, 283, 7, 177, 1072, 55;
41, 268, 9, 900, 218, -23, 159, 1048, 36;
49, 275, 17, 986, 276, 28, 193, 1076, 68;
50, 274, 17, 994, 258, 30, 195, 1071, 69;
48, 271, 15, 979, 217, 15, 188, 1057, 60;
42, 264, 9, 931, 143, -20, 166, 1030, 38;
43, 263, 9, 936, 124, -19, 168, 1026, 38;
41, 260, 8, 928, 91, -28, 163, 1015, 33;
41, 258, 7, 925, 64, -32, 161, 1007, 30;
46, 262, 13, 978, 94, 0, 182, 1023, 51;
51, 265, 17, 1024, 116, 29, 201, 1036, 69;
50, 263, 16, 1013, 83, 21, 196, 1026, 64;
49, 260, 15, 1004, 52, 14, 192, 1016, 59;
52, 262, 18, 1030, 57, 31, 203, 1022, 70;
45, 254, 11, 969, -24, -9, 177, 991, 45;
48, 256, 14, 998, -14, 10, 189, 998, 57;
44, 250, 10, 959, -73, -14, 174, 978, 41;
47, 252, 13, 987, -64, 5, 185, 985, 54;
49, 253, 16, 1007, -62, 19, 194, 989, 63;
45, 248, 12, 964, -122, -6, 177, 967, 46;
50, 252, 17, 1010, -93, 26, 197, 983, 67;
49, 249, 16, 994, -124, 19, 192, 973, 62;
48, 248, 16, 989, -146, 18, 190, 968, 62;
42, 240, 9, 922, -227, -22, 164, 937, 37;
42, 240, 10, 924, -238, -16, 166, 936, 40;
41, 237, 9, 909, -266, -22, 162, 928, 37;
46, 241, 14, 949, -239, 9, 180, 942, 56;
39, 233, 7, 879, -320, -31, 153, 912, 31;
43, 237, 13, 918, -292, 0, 171, 927, 50;
43, 236, 13, 910, -310, 0, 169, 922, 51;
40, 232, 10, 876, -354, -16, 157, 907, 40;
44, 236, 15, 909, -329, 13, 174, 921, 59;
42, 233, 13, 887, -359, 5, 167, 911, 54;
39, 229, 11, 848, -404, -12, 154, 896, 43;
42, 231, 14, 867, -391, 7, 164, 904, 55;
43, 232, 15, 868, -396, 16, 167, 905, 61;
39, 227, 12, 825, -444, -3, 152, 888, 48;
36, 224, 10, 795, -478, -14, 143, 877, 41;
38, 226, 12, 802, -474, 0, 149, 881, 50;
41, 229, 16, 825, -453, 24, 162, 893, 66;
33, 220, 9, 736, -543, -24, 128, 858, 35;
38, 225, 15, 782, -498, 16, 151, 880, 61;
39, 225, 16, 777, -502, 23, 153, 880, 65;
37, 223, 15, 747, -531, 14, 144, 871, 60;
32, 218, 11, 690, -586, -11, 124, 851, 43;
34, 220, 14, 705, -568, 9, 135, 861, 57;
27, 213, 8, 628, -642, -29, 107, 832, 32;
29, 215, 10, 634, -631, -13, 113, 839, 42;
27, 213, 9, 605, -655, -20, 105, 831, 38;
31, 218, 15, 639, -616, 14, 124, 850, 60;
26, 213, 11, 581, -667, -10, 104, 831, 44;
32, 219, 18, 625, -615, 31, 127, 854, 70;
24, 210, 10, 533, -699, -16, 94, 822, 41;
27, 214, 14, 554, -669, 11, 107, 836, 58;
24, 212, 13, 519, -694, 1, 97, 827, 52;
25, 212, 14, 511, -691, 10, 99, 830, 57;
18, 206, 8, 433, -758, -27, 71, 804, 34;
16, 204, 7, 403, -776, -32, 64, 798, 30;
20, 209, 12, 426, -740, -2, 78, 815, 49;
18, 207, 11, 393, -760, -9, 70, 808, 45;
18, 208, 13, 388, -750, 2, 73, 813, 52;
14, 204, 9, 333, -791, -19, 55, 798, 38;
19, 210, 15, 365, -743, 17, 74, 819, 61;
12, 204, 10, 291, -800, -16, 48, 796, 40;
17, 210, 16, 327, -747, 23, 69, 820, 65;
7, 201, 8, 222, -834, -30, 30, 784, 31;
13, 207, 15, 263, -774, 12, 53, 810, 58;
9, 204, 11, 208, -810, -7, 36, 796, 46;
8, 204, 11, 186, -813, -6, 32, 795, 46;
7, 204, 12, 165, -813, -4, 29, 796, 48;
8, 205, 14, 159, -798, 7, 32, 803, 55;
1, 200, 9, 86, -850, -24, 7, 782, 35;
3, 202, 11, 85, -829, -8, 12, 791, 45;
0, 199, 8, 33, -857, -27, -3, 779, 34;
7, 208, 17, 93, -774, 29, 27, 814, 69;
0, 203, 12, 22, -821, -1, 3, 795, 49;
1, 205, 14, 12, -807, 8, 5, 801, 56;
0, 205, 14, -8, -802, 11, 2, 803, 57;
-4, 202, 11, -67, -836, -12, -16, 788, 43;
-8, 199, 7, -122, -865, -32, -33, 776, 30;
0, 208, 17, -57, -774, 27, -1, 814, 68;
-8, 201, 9, -152, -842, -19, -35, 785, 38;
-10, 201, 9, -178, -841, -20, -40, 785, 38;
-3, 209, 17, -128, -763, 28, -14, 817, 68;
-5, 209, 17, -158, -764, 25, -20, 816, 66;
-8, 207, 15, -202, -780, 12, -33, 809, 58;
-13, 203, 11, -263, -812, -12, -53, 794, 43;
-13, 205, 12, -270, -790, -1, -50, 803, 50;
-15, 205, 11, -305, -795, -8, -59, 799, 45;
-15, 206, 12, -322, -782, -4, -61, 804, 48;
-17, 205, 11, -353, -784, -9, -69, 802, 44;
-13, 211, 16, -327, -727, 22, -53, 824, 65;
-14, 211, 16, -350, -719, 22, -57, 826, 65;
-17, 210, 15, -387, -725, 13, -67, 822, 59;
-22, 207, 11, -447, -754, -11, -87, 809, 43;
-19, 212, 15, -429, -705, 15, -74, 828, 60;
-23, 209, 12, -483, -727, -6, -92, 817, 47;
-19, 214, 16, -460, -673, 23, -77, 838, 65;
-27, 209, 10, -539, -720, -15, -105, 816, 41;
-23, 215, 15, -512, -661, 16, -89, 839, 61;
-23, 216, 16, -527, -644, 20, -91, 844, 63;
-30, 210, 9, -608, -693, -20, -120, 822, 38;
-25, 218, 16, -567, -620, 20, -98, 850, 63;
-28, 216, 14, -608, -628, 6, -111, 845, 54;
-31, 215, 11, -646, -635, -6, -122, 840, 46;
-29, 219, 14, -639, -595, 10, -115, 854, 57;
-29, 221, 16, -645, -569, 18, -114, 862, 62;
-32, 220, 14, -682, -574, 6, -125, 858, 54;
-30, 223, 16, -676, -536, 21, -118, 871, 64;
-32, 222, 14, -708, -536, 11, -128, 869, 58;
-33, 224, 15, -719, -516, 14, -129, 875, 60;
-35, 223, 13, -752, -517, 3, -139, 872, 53;
-37, 223, 12, -780, -513, -4, -147, 871, 48;
-42, 220, 8, -833, -535, -30, -165, 859, 32;
-42, 221, 8, -843, -514, -27, -166, 865, 33;
-43, 222, 8, -861, -501, -29, -170, 867, 32;
-38, 229, 14, -817, -425, 8, -149, 896, 56;
-39, 230, 14, -831, -410, 7, -152, 899, 55;
-37, 234, 16, -820, -368, 23, -145, 914, 65;
-38, 234, 15, -841, -359, 17, -150, 915, 61;
-47, 227, 8, -926, -414, -31, -183, 888, 31;
-43, 233, 11, -900, -359, -7, -170, 908, 46;
-43, 234, 12, -905, -335, -3, -170, 915, 48;
-44, 235, 12, -919, -321, -6, -173, 918, 46;
-43, 238, 13, -910, -283, 5, -168, 930, 54;
-42, 241, 15, -905, -250, 14, -163, 941, 60;
-46, 238, 11, -953, -271, -12, -182, 929, 43;
-42, 244, 15, -918, -209, 16, -165, 952, 61;
-45, 242, 12, -951, -215, -1, -177, 945, 50;
-44, 245, 14, -942, -181, 8, -172, 957, 56;
-45, 245, 13, -956, -168, 3, -177, 958, 52;
-47, 245, 11, -977, -165, -7, -185, 957, 46;
-42, 251, 17, -932, -95, 25, -165, 982, 66;
-49, 246, 10, -1001, -139, -17, -192, 960, 39;
-47, 250, 12, -980, -95, -1, -183, 975, 49;
-44, 254, 15, -958, -50, 14, -173, 991, 59;
-49, 250, 10, -1005, -75, -15, -192, 977, 41;
-46, 254, 13, -980, -28, 1, -182, 993, 51;
-48, 254, 11, -994, -21, -7, -188, 992, 46;
-43, 260, 16, -946, 47, 24, -168, 1017, 66;
-44, 260, 15, -963, 50, 12, -175, 1015, 58;
-51, 254, 8, -1028, 4, -31, -202, 993, 31;
-46, 261, 13, -978, 73, 0, -182, 1018, 51;
-41, 267, 18, -929, 140, 31, -162, 1042, 70;
-45, 264, 13, -967, 119, 4, -179, 1030, 53;
-48, 262, 10, -992, 111, -14, -190, 1024, 41;
-45, 267, 14, -956, 163, 6, -176, 1042, 55;
-47, 266, 11, -973, 161, -8, -184, 1038, 45;
-49, 264, 8, -994, 154, -26, -194, 1032, 34;
-41, 273, 16, -915, 248, 22, -162, 1067, 65;
-42, 273, 15, -919, 257, 15, -166, 1067, 60;
-49, 267, 8, -979, 209, -29, -192, 1044, 32;
-43, 274, 14, -916, 283, 7, -168, 1072, 55;
-41, 277, 15, -894, 316, 16, -161, 1082, 61;
-45, 274, 10, -930, 291, -13, -178, 1069, 42;
-42, 278, 14, -890, 339, 6, -163, 1086, 54;
-41, 279, 13, -881, 357, 5, -162, 1090, 54;
-37, 284, 17, -839, 407, 26, -147, 1107, 67;
-38, 284, 16, -835, 417, 21, -148, 1109, 64;
-44, 278, 9, -890, 369, -23, -174, 1086, 36;
-43, 279, 9, -877, 387, -22, -171, 1090, 36;
-39, 284, 13, -830, 438, 0, -155, 1109, 50;
-36, 288, 15, -792, 481, 16, -142, 1123, 61;
-35, 289, 16, -771, 505, 21, -136, 1130, 64;
-35, 290, 15, -763, 515, 16, -136, 1132, 61;
-33, 292, 16, -741, 538, 21, -131, 1139, 64;
-32, 293, 16, -723, 556, 22, -127, 1144, 65;
-38, 287, 9, -771, 508, -19, -150, 1121, 38;
-37, 288, 10, -752, 526, -17, -146, 1126, 39;
-31, 295, 15, -683, 593, 16, -121, 1151, 61;
-34, 291, 11, -706, 568, -10, -135, 1138, 44;
-27, 298, 17, -632, 638, 26, -108, 1165, 67;
-31, 294, 12, -659, 606, -2, -124, 1150, 49;
-35, 291, 7, -684, 577, -31, -138, 1135, 31;
-28, 298, 14, -604, 650, 8, -110, 1163, 56;
-25, 300, 15, -571, 676, 17, -100, 1172, 61;
-31, 295, 9, -610, 630, -21, -121, 1151, 37;
-22, 303, 16, -521, 711, 24, -88, 1183, 66;
-21, 304, 17, -499, 724, 25, -84, 1186, 66;
-26, 299, 11, -533, 680, -11, -103, 1166, 44;
-21, 303, 15, -476, 726, 12, -84, 1183, 58;
-19, 305, 16, -441, 750, 21, -74, 1192, 64;
-22, 302, 12, -457, 722, -3, -86, 1178, 48;
-22, 301, 11, -448, 718, -12, -87, 1175, 43;
-24, 299, 8, -452, 701, -29, -94, 1167, 32;
-16, 306, 15, -365, 773, 12, -63, 1195, 59;
-19, 302, 10, -386, 737, -16, -77, 1179, 40;
-16, 305, 13, -338, 770, 0, -62, 1191, 51;
-16, 304, 11, -332, 759, -10, -65, 1186, 44;
-9, 311, 17, -248, 826, 29, -36, 1212, 69;
-11, 307, 14, -259, 797, 6, -46, 1199, 54;
-12, 306, 12, -252, 785, -5, -48, 1194, 47;
-9, 308, 14, -211, 807, 6, -37, 1202, 54;
-4, 312, 17, -150, 848, 30, -17, 1218, 69;
-3, 312, 17, -126, 852, 30, -13, 1219, 69;
-8, 306, 11, -161, 796, -9, -33, 1195, 45;
-8, 305, 10, -146, 789, -15, -32, 1192, 41;
-5, 307, 12, -104, 809, -4, -21, 1200, 48;
0, 312, 16, -39, 851, 22, 0, 1217, 65;
-5, 305, 9, -80, 787, -20, -22, 1190, 38;
-1, 308, 12, -27, 816, -2, -5, 1202, 49;
1, 310, 15, 18, 837, 12, 7, 1211, 58;
4, 311, 16, 53, 847, 18, 16, 1215, 62;
4, 310, 14, 67, 836, 11, 16, 1210, 58;
0, 304, 8, 32, 775, -27, -3, 1186, 33;
3, 306, 11, 82, 799, -10, 11, 1196, 44;
4, 306, 11, 107, 796, -10, 16, 1195, 44;
7, 308, 13, 152, 815, 3, 29, 1203, 52;
4, 303, 8, 133, 768, -25, 15, 1184, 34;
8, 306, 11, 184, 791, -8, 31, 1194, 45;
11, 308, 14, 231, 809, 7, 45, 1203, 55;
14, 309, 15, 271, 820, 17, 56, 1208, 61;
10, 304, 10, 245, 765, -15, 40, 1186, 41;
17, 309, 16, 323, 813, 20, 67, 1207, 63;
15, 306, 13, 319, 780, 2, 60, 1194, 52;
18, 307, 15, 361, 792, 15, 72, 1200, 60;
14, 302, 10, 334, 734, -18, 56, 1178, 39;
20, 306, 15, 406, 775, 14, 80, 1196, 59;
24, 308, 17, 451, 789, 29, 94, 1203, 69;
21, 304, 14, 441, 748, 7, 84, 1188, 55;
22, 304, 14, 463, 739, 7, 89, 1185, 55;
25, 305, 16, 504, 748, 20, 101, 1191, 63;
19, 297, 8, 452, 665, -28, 74, 1158, 33;
29, 305, 17, 562, 743, 30, 115, 1192, 69;
23, 298, 11, 518, 667, -12, 92, 1162, 42;
23, 296, 9, 529, 646, -19, 92, 1155, 38;
32, 303, 18, 626, 711, 32, 127, 1185, 71;
31, 300, 16, 626, 679, 18, 123, 1173, 62;
27, 295, 11, 599, 619, -12, 107, 1151, 43;
30, 296, 13, 637, 625, 0, 118, 1155, 51;
31, 295, 13, 655, 611, 0, 122, 1152, 51;
31, 293, 12, 664, 588, -6, 121, 1144, 47;
37, 298, 17, 732, 624, 27, 146, 1162, 68;
35, 294, 14, 723, 583, 10, 138, 1147, 57;
38, 295, 17, 763, 591, 25, 151, 1153, 66;
36, 291, 14, 752, 548, 7, 142, 1138, 55;
36, 290, 13, 761, 525, 2, 142, 1131, 52;
37, 289, 13, 776, 509, 2, 145, 1127, 52;
39, 289, 14, 802, 504, 9, 152, 1127, 56;
43, 291, 17, 847, 518, 29, 168, 1136, 69;
43, 289, 17, 856, 495, 26, 168, 1129, 67;
42, 286, 15, 853, 462, 15, 164, 1118, 60;
41, 284, 14, 853, 431, 6, 161, 1108, 55;
44, 286, 17, 893, 441, 25, 175, 1116, 66;
42, 282, 14, 878, 396, 7, 166, 1100, 55;
38, 276, 9, 845, 334, -22, 150, 1077, 37;
41, 277, 12, 880, 339, -6, 162, 1082, 47;
38, 272, 8, 853, 283, -30, 148, 1062, 31;
46, 279, 16, 941, 342, 20, 182, 1090, 63;
47, 278, 16, 949, 323, 20, 184, 1085, 63;
44, 273, 12, 924, 269, -2, 171, 1066, 49;
43, 270, 11, 920, 237, -10, 168, 1056, 44;
44, 270, 12, 935, 226, -4, 172, 1055, 47;
44, 269, 12, 941, 206, -5, 173, 1050, 47;
49, 272, 17, 994, 233, 26, 194, 1064, 67;
44, 266, 11, 949, 161, -8, 174, 1038, 45;
44, 264, 11, 950, 137, -10, 173, 1031, 44;
42, 261, 9, 937, 99, -22, 167, 1019, 37;
51, 268, 17, 1017, 156, 28, 199, 1046, 68;
45, 261, 12, 970, 85, -4, 179, 1020, 48;
44, 258, 10, 957, 49, -14, 173, 1008, 41;
44, 257, 11, 963, 33, -12, 175, 1005, 43;
42, 253, 8, 938, -13, -29, 164, 989, 32;
48, 258, 14, 994, 20, 6, 187, 1006, 55;
43, 252, 9, 949, -44, -22, 169, 983, 36;
47, 254, 13, 985, -27, 2, 184, 993, 52;
51, 257, 17, 1023, -9, 27, 200, 1004, 68;
46, 251, 13, 980, -71, 0, 182, 982, 51;
50, 254, 16, 1013, -56, 23, 197, 991, 65;
43, 246, 10, 945, -141, -18, 169, 960, 39;
50, 251, 17, 1008, -95, 25, 196, 982, 66;
42, 242, 9, 928, -191, -25, 164, 946, 35;
49, 249, 16, 996, -138, 23, 193, 971, 65;
44, 242, 11, 943, -206, -8, 173, 946, 45;
47, 244, 14, 965, -197, 10, 183, 953, 57;
41, 237, 9, 909, -267, -22, 161, 927, 37;
41, 236, 9, 904, -284, -20, 161, 924, 38;
48, 243, 17, 966, -233, 26, 189, 948, 67;
48, 242, 17, 965, -245, 30, 190, 946, 70;
43, 236, 13, 913, -308, 2, 171, 923, 52;
37, 230, 7, 851, -378, -32, 147, 897, 30;
43, 235, 13, 898, -340, 5, 169, 916, 54;
38, 229, 9, 850, -396, -19, 151, 896, 38;
44, 234, 15, 893, -360, 16, 172, 914, 61;
42, 232, 15, 874, -385, 12, 167, 907, 58;
43, 233, 16, 877, -387, 22, 171, 909, 65;
36, 225, 9, 799, -470, -20, 141, 877, 37;
36, 225, 10, 796, -476, -13, 143, 878, 42;
38, 226, 13, 804, -472, 0, 150, 882, 51;
36, 223, 11, 774, -504, -9, 141, 872, 45;
33, 220, 9, 735, -543, -25, 128, 858, 35;
41, 228, 18, 806, -474, 32, 161, 890, 70;
35, 221, 12, 738, -541, -2, 137, 864, 49;
36, 222, 14, 738, -540, 8, 140, 867, 56;
28, 214, 7, 659, -617, -32, 111, 838, 30;
28, 214, 8, 647, -626, -29, 110, 836, 32;
32, 218, 13, 674, -596, 0, 126, 851, 51;
34, 220, 16, 685, -581, 20, 134, 860, 63;
32, 218, 15, 659, -602, 15, 128, 853, 60;
33, 219, 16, 653, -601, 24, 130, 856, 66;
30, 216, 14, 612, -636, 9, 117, 844, 57;
32, 218, 17, 621, -619, 29, 125, 853, 69;
25, 212, 12, 549, -683, -5, 100, 828, 47;
24, 211, 12, 528, -695, -5, 96, 825, 47;
25, 213, 14, 528, -685, 7, 101, 831, 55;
19, 206, 8, 454, -749, -27, 75, 806, 33;
18, 206, 8, 431, -760, -28, 70, 803, 33;
23, 211, 15, 470, -709, 12, 91, 826, 58;
24, 213, 17, 468, -698, 25, 96, 832, 66;
16, 205, 9, 377, -776, -20, 63, 801, 38;
18, 208, 12, 384, -755, 0, 71, 811, 50;
19, 210, 15, 385, -738, 15, 77, 820, 60;
13, 204, 10, 315, -792, -15, 53, 798, 41;
13, 205, 11, 301, -790, -9, 53, 801, 45;
15, 208, 14, 309, -765, 11, 61, 812, 58;
11, 204, 11, 255, -801, -8, 44, 798, 45;
15, 209, 16, 277, -760, 22, 59, 816, 64;
14, 209, 16, 255, -763, 23, 55, 815, 65;
13, 208, 16, 231, -768, 23, 51, 814, 65;
4, 201, 9, 137, -841, -23, 17, 784, 36;
4, 202, 10, 123, -834, -16, 17, 788, 40;
3, 201, 10, 98, -837, -16, 12, 787, 40;
2, 202, 10, 77, -836, -14, 9, 788, 42;
5, 206, 15, 92, -799, 12, 21, 804, 58;
5, 207, 16, 77, -790, 18, 21, 808, 62;
0, 202, 11, 5, -838, -12, -3, 788, 42;
0, 204, 13, 6, -812, 4, 2, 798, 53;
0, 205, 14, -11, -805, 9, 1, 801, 56;
2, 209, 18, 0, -769, 32, 11, 816, 71;
-3, 204, 13, -74, -817, 0, -13, 796, 50;
-7, 201, 10, -122, -839, -16, -28, 787, 40;
-5, 205, 13, -114, -804, 5, -19, 801, 54;
-4, 207, 16, -119, -781, 18, -15, 810, 62;
-11, 201, 9, -207, -841, -23, -46, 784, 36;
-7, 207, 15, -177, -783, 12, -28, 808, 58;
-11, 204, 12, -229, -807, -5, -44, 797, 47;
-8, 209, 16, -209, -759, 23, -31, 816, 65;
-9, 209, 16, -238, -758, 20, -37, 816, 63;
-11, 209, 15, -267, -758, 16, -44, 815, 61;
-15, 206, 12, -323, -784, -5, -62, 803, 47;
-16, 207, 12, -339, -770, 0, -63, 808, 50;
-13, 211, 17, -322, -722, 26, -51, 826, 67;
-19, 206, 11, -398, -767, -8, -77, 806, 45;
-24, 203, 8, -453, -792, -30, -95, 795, 31;
-19, 210, 14, -420, -727, 6, -76, 820, 55;
-17, 214, 17, -413, -689, 25, -68, 834, 66;
-25, 207, 10, -501, -745, -18, -99, 809, 39;
-20, 214, 16, -465, -678, 19, -80, 836, 63;
-28, 207, 8, -556, -737, -26, -113, 809, 34;
-23, 214, 15, -515, -664, 14, -91, 838, 59;
-28, 211, 10, -578, -695, -13, -112, 823, 42;
-30, 210, 9, -607, -692, -19, -120, 822, 38;
-33, 210, 8, -643, -695, -30, -130, 819, 32;
-28, 216, 13, -612, -632, 3, -113, 843, 53;
-30, 216, 13, -635, -623, 0, -118, 845, 51;
-27, 221, 17, -616, -572, 25, -106, 863, 67;
-35, 214, 9, -707, -631, -22, -139, 837, 36;
-35, 216, 10, -714, -606, -15, -138, 845, 41;
-36, 217, 10, -736, -596, -18, -143, 846, 39;
-39, 216, 8, -772, -600, -31, -154, 842, 31;
-40, 217, 8, -787, -583, -30, -157, 847, 32;
-38, 220, 10, -780, -544, -14, -150, 860, 41;
-38, 222, 11, -786, -519, -8, -149, 868, 45;
-41, 221, 9, -819, -521, -20, -160, 865, 38;
-36, 228, 15, -781, -452, 14, -141, 890, 59;
-41, 224, 10, -840, -479, -15, -161, 876, 41;
-43, 224, 9, -863, -472, -22, -168, 877, 37;
-41, 228, 11, -857, -435, -9, -163, 889, 45;
-43, 227, 10, -884, -432, -19, -171, 887, 39;
-39, 233, 14, -850, -368, 11, -154, 911, 58;
-42, 232, 12, -886, -375, -5, -167, 905, 47;
-45, 230, 9, -919, -379, -20, -178, 900, 38;
-45, 233, 10, -919, -349, -13, -176, 909, 42;
-38, 241, 17, -866, -268, 28, -151, 940, 68;
-48, 233, 8, -957, -330, -25, -187, 911, 34;
-43, 239, 14, -918, -263, 6, -169, 935, 54;
-49, 235, 8, -980, -297, -29, -192, 918, 32;
-43, 242, 14, -931, -222, 7, -171, 946, 55;
-48, 239, 10, -976, -240, -17, -188, 935, 39;
-41, 248, 17, -912, -150, 28, -160, 969, 68;
-46, 244, 12, -970, -183, -6, -183, 952, 46;
-47, 244, 11, -982, -169, -10, -186, 955, 44;
-49, 244, 10, -998, -161, -18, -192, 955, 39;
-48, 247, 11, -991, -130, -11, -188, 964, 43;
-44, 252, 14, -960, -75, 11, -175, 983, 57;
-45, 252, 14, -969, -61, 7, -178, 986, 55;
-49, 250, 10, -1006, -76, -16, -193, 977, 40;
-47, 253, 12, -990, -38, -5, -186, 989, 47;
-43, 259, 16, -947, 25, 24, -168, 1012, 65;
-50, 253, 9, -1019, -25, -23, -198, 987, 36;
-52, 253, 7, -1030, -16, -31, -203, 987, 31;
-48, 258, 11, -997, 35, -10, -189, 1006, 44;
-44, 263, 15, -956, 95, 15, -173, 1027, 60;
-42, 266, 17, -935, 134, 28, -164, 1040, 68;
-47, 262, 12, -982, 104, -5, -185, 1024, 47;
-42, 268, 16, -935, 168, 23, -166, 1047, 65;
-50, 262, 9, -1003, 116, -24, -195, 1022, 35;
-50, 263, 8, -1000, 134, -26, -195, 1026, 34;
-50, 263, 7, -1003, 145, -32, -198, 1028, 30;
-46, 268, 11, -959, 203, -6, -181, 1048, 46;
-40, 275, 17, -900, 275, 28, -158, 1075, 68;
-46, 270, 11, -950, 238, -10, -180, 1056, 44;
-42, 275, 15, -907, 293, 13, -164, 1076, 59;
-44, 274, 12, -923, 287, -2, -173, 1070, 49;
-39, 280, 17, -867, 353, 27, -152, 1094, 68;
-47, 273, 8, -940, 289, -27, -184, 1065, 34;
-45, 275, 10, -916, 322, -17, -177, 1075, 39;
-46, 275, 8, -919, 327, -26, -180, 1074, 34;
-38, 284, 16, -837, 416, 20, -149, 1108, 63;
-44, 278, 9, -889, 370, -22, -173, 1086, 37;
-42, 281, 10, -863, 402, -13, -165, 1096, 42;
-44, 279, 8, -872, 396, -28, -172, 1091, 33;
-43, 281, 8, -859, 414, -28, -169, 1095, 33;
-36, 288, 15, -780, 495, 14, -140, 1126, 60;
-37, 288, 13, -782, 496, 4, -144, 1124, 53;
-40, 285, 9, -805, 474, -21, -157, 1112, 37;
-31, 294, 17, -717, 562, 26, -124, 1146, 67;
-34, 291, 13, -736, 543, 3, -136, 1136, 53;
-37, 288, 10, -754, 524, -19, -147, 1125, 39;
-34, 291, 11, -718, 558, -6, -136, 1137, 46;
-37, 289, 8, -733, 540, -28, -146, 1127, 33;
-30, 296, 14, -656, 614, 11, -118, 1155, 58;
-35, 290, 8, -696, 569, -27, -139, 1134, 33;
-35, 291, 8, -680, 581, -29, -136, 1137, 32;
-32, 293, 9, -647, 607, -20, -127, 1146, 38;
-25, 301, 16, -564, 684, 22, -97, 1175, 64;
-31, 294, 9, -613, 627, -23, -122, 1150, 36;
-30, 295, 8, -596, 636, -25, -120, 1151, 34;
-24, 301, 14, -528, 695, 5, -96, 1174, 54;
-28, 297, 9, -549, 665, -21, -109, 1160, 37;
-20, 305, 16, -461, 742, 22, -78, 1190, 65;
-23, 301, 12, -481, 710, -5, -91, 1175, 47;
-22, 302, 12, -456, 723, -2, -85, 1179, 49;
-23, 300, 10, -453, 713, -16, -90, 1173, 41;
-17, 306, 15, -387, 766, 13, -67, 1194, 59;
-18, 304, 12, -386, 752, -1, -72, 1186, 50;
-16, 305, 13, -354, 770, 5, -64, 1192, 54;
-19, 302, 10, -367, 740, -19, -75, 1179, 39;
-16, 304, 12, -325, 766, -6, -62, 1189, 47;
-13, 306, 13, -287, 787, 3, -52, 1196, 52;
-13, 306, 12, -273, 783, -3, -52, 1194, 48;
-12, 306, 12, -249, 789, -3, -47, 1195, 48;
-13, 304, 10, -248, 771, -18, -52, 1187, 39;
-7, 309, 15, -176, 823, 13, -28, 1208, 59;
-11, 304, 9, -202, 776, -20, -44, 1188, 38;
-3, 311, 16, -116, 841, 20, -14, 1214, 63;
-10, 303, 8, -168, 768, -29, -41, 1183, 32;
-3, 309, 14, -89, 824, 6, -14, 1206, 54;
0, 311, 16, -42, 849, 21, 0, 1216, 64;
0, 311, 15, -26, 842, 15, 0, 1213, 60;
0, 309, 13, -19, 824, 3, -2, 1206, 53;
4, 313, 17, 41, 861, 27, 17, 1221, 68;
2, 310, 14, 38, 832, 8, 10, 1209, 56;
7, 313, 17, 95, 864, 30, 28, 1222, 70;
3, 308, 12, 72, 815, 0, 13, 1202, 50;
2, 306, 10, 78, 794, -13, 9, 1194, 42;
5, 307, 12, 120, 810, -2, 21, 1200, 49;
7, 308, 13, 155, 818, 5, 30, 1204, 54;
5, 304, 10, 143, 778, -18, 20, 1189, 39;
11, 310, 15, 219, 826, 15, 46, 1209, 60;
12, 309, 14, 237, 815, 10, 47, 1205, 57;
14, 309, 15, 266, 815, 14, 54, 1206, 60;
17, 311, 17, 312, 832, 29, 68, 1214, 69;
16, 308, 15, 315, 806, 15, 64, 1204, 60;
19, 310, 17, 356, 817, 27, 75, 1210, 67;
15, 304, 12, 331, 762, -4, 60, 1188, 48;
16, 303, 11, 350, 750, -7, 62, 1184, 46;
14, 300, 9, 349, 719, -23, 57, 1173, 36;
15, 299, 9, 369, 708, -25, 60, 1169, 35;
16, 298, 8, 388, 695, -27, 62, 1166, 33;
23, 304, 15, 471, 746, 12, 92, 1188, 58;
23, 302, 13, 479, 723, 3, 90, 1180, 53;
23, 301, 12, 494, 706, 0, 91, 1175, 50;
24, 300, 12, 513, 694, -1, 95, 1172, 49;
26, 301, 14, 548, 697, 7, 104, 1175, 55;
30, 303, 17, 596, 713, 25, 119, 1183, 66;
28, 299, 13, 582, 667, 3, 109, 1166, 52;
29, 298, 13, 602, 654, 2, 113, 1163, 52;
27, 294, 10, 597, 617, -13, 106, 1150, 42;
27, 292, 9, 604, 593, -21, 105, 1142, 37;
28, 292, 10, 626, 583, -18, 110, 1140, 39;
28, 291, 9, 642, 567, -20, 113, 1136, 38;
28, 289, 8, 647, 539, -28, 110, 1127, 33;
33, 291, 12, 700, 560, -5, 128, 1138, 47;
39, 296, 17, 767, 595, 28, 152, 1155, 68;
36, 291, 14, 751, 548, 6, 142, 1138, 55;
39, 293, 16, 790, 554, 21, 154, 1143, 64;
32, 284, 8, 729, 462, -29, 126, 1107, 32;
33, 283, 8, 748, 449, -26, 130, 1105, 34;
40, 289, 15, 826, 497, 15, 159, 1127, 60;
37, 283, 11, 798, 438, -12, 144, 1105, 43;
41, 286, 14, 846, 455, 10, 161, 1115, 57;
43, 286, 16, 872, 450, 19, 169, 1116, 62;
41, 282, 13, 861, 409, 3, 162, 1102, 53;
36, 275, 7, 819, 337, -32, 141, 1075, 30;
38, 276, 9, 843, 331, -23, 149, 1076, 36;
43, 280, 14, 903, 362, 8, 171, 1092, 56;
37, 272, 7, 851, 281, -32, 147, 1061, 30;
39, 271, 8, 868, 269, -27, 152, 1060, 33;
49, 280, 18, 966, 339, 31, 191, 1092, 70;
45, 274, 13, 934, 279, 4, 175, 1070, 53;
44, 271, 12, 929, 247, -3, 172, 1060, 48;
41, 267, 9, 904, 195, -25, 160, 1042, 35;
41, 265, 8, 909, 174, -26, 160, 1036, 34;
42, 266, 10, 929, 168, -17, 167, 1037, 40;
45, 267, 13, 961, 173, 0, 179, 1043, 50;
44, 264, 11, 953, 141, -8, 175, 1033, 45;
45, 263, 11, 957, 120, -8, 175, 1027, 45;
45, 262, 12, 964, 103, -6, 177, 1023, 46;
51, 267, 18, 1023, 138, 30, 201, 1042, 70;
45, 260, 12, 971, 63, -5, 179, 1014, 47;
46, 259, 12, 976, 46, -3, 181, 1010, 48;
49, 260, 15, 1001, 49, 12, 191, 1015, 58;
48, 258, 14, 995, 22, 8, 188, 1007, 56;
43, 252, 9, 951, -42, -21, 170, 984, 37;
51, 258, 17, 1021, 8, 26, 199, 1008, 67;
51, 258, 18, 1028, -4, 31, 202, 1006, 70;
49, 254, 15, 1004, -47, 16, 193, 992, 61;
47, 251, 14, 986, -82, 6, 186, 980, 54;
46, 248, 12, 969, -117, -3, 179, 969, 49;
48, 249, 15, 990, -113, 13, 189, 974, 59;
50, 250, 17, 1003, -116, 24, 195, 977, 66;
41, 240, 8, 919, -215, -27, 161, 939, 33;
45, 244, 13, 957, -192, 1, 179, 952, 51;
43, 241, 11, 933, -230, -10, 170, 940, 44;
41, 238, 9, 912, -264, -20, 163, 929, 38;
48, 244, 17, 973, -214, 25, 190, 952, 66;
46, 241, 15, 948, -251, 14, 181, 940, 59;
43, 237, 12, 916, -294, -1, 170, 926, 50;
45, 238, 14, 924, -296, 9, 175, 928, 56;
47, 239, 17, 942, -287, 28, 185, 935, 68;
45, 237, 16, 919, -319, 19, 178, 925, 63;
46, 237, 17, 922, -324, 28, 181, 926, 68;
39, 229, 10, 845, -407, -14, 152, 894, 41;
42, 232, 14, 870, -388, 9, 165, 905, 57;
42, 232, 15, 867, -397, 15, 167, 904, 60;
41, 229, 14, 844, -425, 9, 160, 896, 56;
39, 227, 13, 821, -451, 3, 154, 888, 52;
40, 228, 15, 823, -452, 13, 158, 890, 59;
42, 229, 17, 830, -448, 27, 164, 895, 68;
38, 225, 14, 787, -492, 9, 150, 879, 56;
34, 221, 11, 745, -534, -8, 136, 864, 45;
39, 226, 17, 779, -500, 25, 154, 881, 66;
36, 223, 15, 745, -533, 13, 143, 870, 59;
33, 219, 12, 706, -570, -1, 131, 857, 50;
28, 214, 8, 646, -628, -30, 110, 836, 32;
36, 222, 17, 711, -559, 25, 141, 867, 66;
27, 213, 9, 618, -647, -24, 107, 832, 35;
34, 220, 17, 676, -585, 26, 135, 861, 67;
28, 214, 12, 610, -645, -4, 112, 838, 48;
27, 214, 12, 589, -658, -5, 108, 834, 47;
30, 217, 16, 608, -632, 20, 120, 847, 63;
26, 213, 13, 560, -672, 1, 105, 833, 51;
30, 217, 17, 582, -641, 30, 118, 847, 69;
28, 215, 16, 547, -666, 20, 109, 839, 63;
22, 209, 11, 480, -722, -9, 86, 817, 44;
21, 209, 12, 464, -727, -6, 84, 817, 47;
17, 206, 9, 414, -765, -24, 68, 803, 35;
24, 213, 17, 468, -698, 25, 96, 832, 66;
17, 206, 10, 387, -765, -13, 67, 806, 42;
13, 203, 8, 341, -797, -28, 53, 794, 33;
14, 204, 10, 334, -789, -18, 56, 799, 39;
19, 211, 16, 373, -734, 23, 77, 822, 65;
15, 207, 13, 321, -770, 4, 61, 809, 53;
18, 210, 17, 330, -744, 25, 70, 821, 66;
13, 207, 14, 277, -779, 5, 53, 807, 54;
9, 204, 11, 228, -810, -10, 38, 795, 44;
9, 203, 11, 206, -813, -9, 35, 795, 45;
5, 201, 9, 163, -836, -22, 22, 786, 37;
3, 199, 7, 124, -855, -32, 12, 779, 31;
6, 203, 12, 140, -817, -5, 24, 795, 47;
9, 207, 16, 152, -783, 19, 35, 809, 63;
5, 205, 13, 106, -807, 5, 21, 800, 54;
7, 207, 16, 108, -783, 22, 27, 810, 65;
6, 208, 17, 91, -776, 28, 26, 814, 68;
-3, 199, 8, -17, -861, -27, -12, 778, 33;
3, 207, 16, 28, -791, 18, 11, 807, 62;
2, 208, 17, 13, -781, 25, 11, 811, 66;
-7, 199, 7, -97, -867, -32, -29, 776, 30;
-4, 203, 12, -80, -823, -4, -16, 793, 48;
-9, 199, 7, -147, -864, -32, -38, 776, 30;
-10, 199, 8, -167, -857, -29, -41, 779, 32;
-4, 206, 15, -127, -790, 13, -19, 806, 59;
-6, 206, 15, -152, -787, 12, -24, 807, 58;
-6, 207, 15, -171, -778, 16, -26, 810, 61;
-5, 210, 18, -172, -750, 32, -21, 821, 71;
-11, 205, 13, -243, -792, 0, -45, 803, 51;
-17, 201, 8, -309, -829, -27, -67, 786, 34;
-11, 208, 15, -270, -760, 14, -45, 814, 60;
-18, 203, 10, -343, -803, -18, -70, 795, 39;
-15, 207, 13, -334, -765, 2, -61, 810, 52;
-15, 209, 14, -349, -749, 8, -62, 815, 56;
-22, 204, 9, -419, -788, -22, -86, 798, 36;
-19, 208, 13, -407, -745, 0, -76, 814, 50;
-25, 204, 8, -474, -781, -29, -98, 798, 32;
-24, 207, 10, -478, -754, -17, -95, 808, 40;
-22, 210, 13, -472, -717, 0, -87, 821, 51;
-21, 213, 15, -470, -683, 16, -82, 834, 61;
-26, 209, 11, -535, -716, -12, -104, 818, 42;
-27, 211, 11, -551, -701, -9, -106, 823, 44;
-27, 212, 12, -563, -680, -3, -106, 829, 48;
-26, 215, 14, -563, -648, 9, -101, 841, 57;
-31, 212, 10, -624, -677, -17, -122, 827, 39;
-28, 216, 14, -608, -628, 6, -111, 845, 54;
-27, 219, 15, -611, -600, 16, -108, 854, 61;
-29, 219, 14, -638, -595, 10, -115, 854, 57;
-30, 220, 14, -656, -580, 11, -118, 858, 58;
-36, 215, 9, -721, -613, -20, -141, 842, 38;
-36, 217, 10, -732, -593, -16, -142, 848, 40;
-35, 219, 11, -736, -564, -7, -139, 857, 46;
-35, 221, 12, -746, -542, -2, -140, 864, 49;
-36, 223, 13, -757, -522, 0, -141, 870, 50;
-34, 227, 16, -745, -478, 18, -132, 885, 62;
-39, 223, 11, -807, -509, -12, -155, 870, 42;
-40, 224, 11, -818, -489, -10, -156, 875, 44;
-38, 228, 13, -809, -448, 5, -149, 889, 54;
-44, 223, 7, -879, -487, -32, -175, 870, 30;
-36, 233, 16, -807, -385, 24, -142, 910, 66;
-38, 233, 15, -829, -377, 17, -148, 910, 62;
-36, 236, 17, -823, -341, 29, -143, 922, 69;
-41, 233, 13, -875, -363, 2, -162, 910, 52;
-41, 235, 14, -875, -334, 9, -160, 919, 56;
-47, 230, 8, -943, -373, -28, -185, 900, 33;
-45, 234, 11, -925, -327, -10, -176, 916, 44;
-40, 241, 16, -884, -258, 22, -157, 941, 65;
-45, 238, 12, -935, -280, -5, -176, 929, 47;
-44, 240, 13, -932, -250, 1, -173, 938, 52;
-43, 243, 15, -923, -214, 12, -167, 949, 58;
-49, 238, 9, -985, -249, -23, -191, 932, 36;
-43, 246, 15, -936, -174, 13, -170, 959, 59;
-48, 242, 10, -985, -198, -16, -189, 946, 40;
-50, 242, 8, -1009, -196, -28, -198, 943, 33;
-50, 244, 9, -1004, -167, -22, -195, 952, 36;
-50, 245, 8, -1012, -151, -25, -197, 955, 35;
-42, 255, 17, -932, -48, 29, -163, 995, 69;
-48, 250, 11, -994, -86, -9, -188, 975, 44;
-47, 252, 12, -984, -54, -1, -184, 986, 49;
-50, 250, 9, -1017, -65, -23, -197, 977, 36;
-45, 257, 15, -964, 8, 12, -175, 1005, 58;
-46, 257, 13, -980, 13, 1, -182, 1003, 52;
-44, 261, 15, -957, 55, 16, -172, 1018, 61;
-45, 260, 14, -972, 60, 6, -179, 1016, 54;
-48, 259, 11, -994, 57, -9, -188, 1011, 44;
-47, 261, 12, -985, 84, -5, -185, 1019, 47;
-41, 268, 17, -928, 158, 30, -162, 1047, 70;
-46, 264, 12, -974, 129, -2, -182, 1031, 49;
-48, 264, 11, -985, 134, -12, -188, 1030, 43;
-46, 267, 12, -965, 169, -2, -181, 1041, 49;
-43, 271, 15, -934, 215, 14, -169, 1057, 59;
-44, 271, 14, -939, 223, 6, -173, 1057, 54;
-49, 266, 8, -986, 189, -29, -194, 1039, 32;
-44, 272, 13, -934, 254, 0, -174, 1063, 51;
-43, 274, 14, -916, 283, 7, -168, 1072, 55;
-41, 277, 15, -897, 313, 14, -162, 1081, 59;
-40, 279, 16, -880, 340, 19, -157, 1089, 63;
-45, 274, 10, -927, 303, -18, -179, 1070, 39;
-45, 276, 10, -913, 325, -15, -175, 1076, 41;
-44, 277, 10, -902, 344, -15, -173, 1081, 41;
-38, 284, 16, -836, 416, 20, -148, 1108, 63;
-40, 282, 13, -849, 410, 4, -157, 1103, 53;
-40, 282, 12, -848, 416, -3, -159, 1102, 48;
-37, 286, 15, -810, 459, 13, -146, 1117, 59;
-36, 288, 15, -793, 480, 15, -142, 1123, 60;
-35, 289, 15, -780, 496, 15, -140, 1127, 60;
-40, 284, 10, -815, 462, -18, -158, 1110, 39;
-34, 291, 15, -750, 529, 15, -134, 1135, 60;
-36, 289, 12, -758, 521, 0, -141, 1129, 50;
-31, 294, 16, -706, 573, 23, -123, 1148, 65;
-37, 289, 10, -747, 531, -14, -144, 1128, 41;
-29, 297, 17, -664, 612, 29, -114, 1159, 69;
-31, 294, 14, -680, 593, 6, -124, 1149, 55;
-34, 292, 10, -695, 575, -14, -134, 1139, 41;
-26, 299, 17, -613, 653, 28, -104, 1169, 68;
-29, 296, 13, -630, 631, 4, -116, 1158, 53;
-32, 294, 10, -644, 610, -18, -126, 1147, 39;
-31, 294, 9, -627, 621, -19, -123, 1149, 38;
-31, 294, 9, -614, 626, -24, -123, 1149, 35;
-22, 303, 17, -516, 716, 27, -87, 1184, 67;
-20, 305, 18, -488, 735, 32, -80, 1190, 71;
-27, 298, 10, -538, 675, -14, -105, 1164, 41;
-21, 303, 14, -478, 724, 11, -85, 1183, 57;
-24, 300, 11, -492, 700, -12, -95, 1171, 43;
-25, 298, 8, -490, 689, -25, -100, 1165, 34;
-18, 305, 15, -406, 761, 15, -70, 1193, 60;
-16, 307, 16, -376, 776, 20, -63, 1198, 63;
-19, 303, 12, -391, 748, -4, -74, 1185, 48;
-20, 301, 9, -395, 728, -22, -81, 1175, 36;
-20, 300, 8, -382, 725, -29, -81, 1173, 32;
-10, 310, 17, -274, 817, 27, -41, 1210, 67;
-12, 308, 14, -275, 799, 11, -47, 1201, 57;
-8, 310, 17, -231, 825, 24, -34, 1211, 66;
-14, 304, 10, -271, 767, -17, -56, 1186, 39;
-15, 302, 8, -263, 755, -28, -58, 1180, 33;
-6, 310, 16, -166, 833, 20, -24, 1212, 63;
-3, 312, 17, -131, 847, 27, -15, 1217, 67;
-7, 307, 12, -155, 802, -5, -30, 1198, 47;
-9, 304, 9, -156, 780, -21, -36, 1188, 37;
-5, 307, 11, -109, 804, -7, -22, 1198, 46;
-8, 303, 8, -120, 770, -31, -33, 1183, 31;
-6, 304, 9, -86, 781, -24, -24, 1188, 35;
-4, 305, 9, -56, 787, -21, -17, 1190, 37;
4, 312, 17, 37, 857, 25, 15, 1219, 66;
0, 307, 12, 18, 813, -4, 1, 1201, 48;
6, 312, 16, 85, 854, 24, 24, 1218, 65;
6, 311, 15, 101, 844, 18, 25, 1214, 62;
8, 312, 17, 138, 855, 26, 34, 1219, 67;
9, 312, 16, 159, 849, 24, 37, 1217, 65;
3, 304, 9, 113, 775, -23, 13, 1187, 36;
10, 309, 14, 190, 825, 12, 39, 1208, 58;
6, 304, 9, 164, 771, -21, 23, 1186, 37;
10, 307, 12, 217, 795, -1, 39, 1197, 49;
15, 310, 17, 281, 830, 24, 60, 1212, 66;
11, 305, 11, 254, 774, -9, 44, 1190, 45;
18, 311, 18, 338, 829, 31, 73, 1214, 70;
12, 302, 10, 288, 748, -18, 47, 1181, 39;
21, 310, 18, 387, 818, 32, 83, 1211, 71;
18, 306, 14, 376, 776, 9, 73, 1195, 57;
23, 309, 17, 430, 800, 30, 90, 1206, 69;
24, 308, 17, 453, 791, 30, 95, 1204, 70;
22, 305, 15, 448, 756, 12, 88, 1191, 58;
22, 303, 13, 460, 736, 5, 87, 1184, 54;
23, 302, 13, 480, 724, 4, 90, 1181, 53;
24, 302, 13, 503, 715, 5, 95, 1179, 54;
26, 302, 15, 535, 716, 12, 104, 1181, 59;
30, 305, 18, 583, 732, 31, 119, 1190, 70;
24, 296, 10, 533, 650, -16, 93, 1157, 40;
23, 294, 8, 535, 620, -28, 90, 1147, 33;
29, 298, 13, 603, 656, 3, 113, 1164, 53;
25, 293, 9, 579, 599, -25, 99, 1142, 35;
27, 293, 10, 610, 598, -17, 107, 1144, 40;
36, 300, 17, 700, 656, 30, 141, 1170, 69;
35, 297, 16, 703, 627, 20, 138, 1161, 63;
28, 289, 8, 650, 542, -27, 111, 1128, 33;
36, 295, 15, 733, 593, 16, 142, 1151, 61;
38, 295, 17, 764, 592, 25, 151, 1153, 67;
37, 292, 15, 761, 557, 12, 146, 1141, 59;
31, 284, 8, 712, 477, -30, 122, 1111, 32;
37, 288, 13, 775, 508, 1, 145, 1126, 51;
35, 285, 10, 767, 468, -14, 138, 1113, 42;
33, 282, 8, 761, 431, -27, 132, 1100, 33;
38, 284, 12, 807, 447, -6, 148, 1109, 47;
42, 286, 15, 852, 461, 14, 163, 1118, 60;
36, 279, 9, 806, 384, -24, 141, 1089, 35;
42, 284, 15, 875, 423, 12, 167, 1108, 58;
39, 279, 11, 849, 367, -11, 154, 1088, 43;
36, 274, 8, 831, 319, -31, 144, 1071, 31;
41, 277, 11, 878, 337, -7, 161, 1082, 46;
41, 275, 11, 881, 311, -12, 160, 1074, 43;
40, 273, 10, 884, 286, -16, 159, 1067, 40;
47, 278, 16, 952, 326, 22, 185, 1086, 65;
48, 277, 16, 961, 307, 22, 187, 1082, 65;
40, 268, 8, 895, 213, -26, 157, 1046, 34;
42, 268, 10, 916, 207, -17, 165, 1047, 40;
41, 266, 9, 913, 177, -23, 162, 1038, 36;
44, 267, 12, 947, 185, -5, 174, 1044, 47;
45, 267, 12, 957, 170, -2, 177, 1041, 49;
41, 261, 8, 919, 106, -31, 160, 1018, 31;
48, 266, 14, 988, 151, 11, 188, 1040, 58;
49, 266, 15, 1000, 139, 17, 192, 1038, 61;
47, 263, 14, 986, 101, 6, 186, 1026, 54;
45, 259, 11, 969, 61, -6, 178, 1013, 46;
49, 261, 15, 1002, 72, 13, 191, 1021, 59;
47, 259, 13, 991, 39, 5, 186, 1011, 54;
48, 258, 14, 996, 23, 8, 189, 1008, 56;
46, 255, 12, 978, -14, -3, 181, 995, 49;
44, 252, 10, 960, -53, -14, 174, 983, 41;
47, 253, 13, 982, -51, 0, 183, 987, 51;
41, 246, 7, 931, -120, -32, 162, 961, 30;
50, 254, 16, 1010, -59, 22, 196, 990, 64;
41, 244, 8, 927, -160, -31, 162, 952, 31;
49, 250, 15, 997, -106, 18, 192, 978, 62;
50, 250, 17, 1004, -115, 25, 196, 977, 66;
45, 244, 12, 957, -177, -2, 177, 955, 49;
40, 238, 7, 907, -242, -32, 158, 931, 30;
46, 244, 14, 962, -200, 8, 182, 952, 56;
49, 245, 17, 981, -195, 25, 191, 957, 66;
46, 241, 14, 950, -238, 10, 180, 943, 57;
47, 241, 15, 952, -247, 16, 183, 942, 61;
47, 241, 16, 952, -258, 22, 185, 941, 64;
44, 237, 13, 917, -304, 4, 172, 925, 53;
46, 238, 16, 933, -297, 21, 181, 931, 64;
44, 236, 15, 909, -329, 13, 174, 921, 59;
36, 227, 7, 830, -416, -32, 143, 888, 30;
46, 236, 17, 914, -339, 30, 181, 923, 70;
40, 230, 12, 850, -409, -3, 157, 897, 48;
37, 227, 10, 820, -444, -15, 147, 885, 41;
37, 226, 10, 808, -461, -14, 145, 881, 41;
41, 229, 15, 839, -433, 15, 161, 895, 60;
33, 221, 8, 757, -518, -30, 131, 863, 32;
39, 227, 15, 809, -469, 13, 155, 886, 59;
37, 224, 13, 779, -500, 3, 146, 876, 53;
32, 219, 9, 725, -554, -21, 128, 856, 37;
37, 224, 15, 763, -516, 14, 147, 875, 59;
30, 217, 9, 688, -590, -24, 120, 847, 35;
37, 224, 17, 746, -530, 25, 148, 874, 66;
33, 219, 13, 696, -578, 3, 131, 857, 53;
30, 217, 11, 661, -609, -7, 120, 846, 46;
30, 216, 12, 648, -617, -4, 119, 845, 48;
25, 211, 8, 591, -669, -29, 100, 826, 32;
34, 220, 18, 665, -589, 32, 135, 861, 70;
27, 213, 11, 582, -665, -9, 105, 831, 44;
22, 208, 7, 529, -712, -32, 87, 814, 30;
25, 211, 11, 542, -690, -10, 97, 825, 44;
24, 211, 11, 524, -699, -8, 94, 823, 45;
27, 214, 15, 539, -674, 15, 106, 836, 60;
23, 210, 12, 492, -711, -1, 91, 822, 49;
24, 212, 14, 491, -700, 11, 95, 828, 58;
18, 206, 9, 420, -759, -21, 71, 805, 37;
24, 212, 16, 462, -704, 21, 93, 830, 64;
19, 208, 12, 406, -747, 0, 75, 814, 50;
19, 209, 13, 393, -745, 5, 75, 815, 54;
14, 204, 9, 332, -792, -19, 55, 798, 38;
17, 208, 14, 350, -758, 7, 67, 813, 55;
19, 210, 17, 353, -738, 25, 74, 822, 66;
17, 210, 17, 329, -745, 24, 69, 820, 66;
13, 206, 13, 275, -781, 4, 52, 806, 53;
13, 207, 14, 261, -776, 11, 52, 809, 58;
11, 206, 13, 226, -793, 3, 43, 803, 53;
7, 203, 11, 178, -820, -11, 29, 792, 43;
10, 207, 15, 193, -785, 14, 40, 807, 59;
12, 209, 18, 195, -762, 31, 47, 818, 70;
6, 204, 13, 127, -809, 2, 24, 799, 52;
4, 204, 12, 95, -818, -2, 17, 795, 49;
3, 204, 12, 73, -818, 0, 13, 796, 50;
5, 207, 16, 77, -790, 18, 20, 807, 62;
-3, 199, 8, -15, -859, -26, -12, 779, 34;
-1, 203, 11, -10, -829, -6, -4, 791, 46;
-1, 203, 12, -32, -827, -5, -7, 793, 47;
0, 207, 15, -22, -791, 18, 1, 807, 62;
-3, 203, 12, -78, -821, -2, -15, 795, 49;
-8, 201, 9, -129, -846, -20, -31, 784, 38;
-6, 203, 12, -131, -821, -5, -26, 794, 47;
-3, 208, 16, -115, -778, 21, -14, 811, 64;
-13, 200, 8, -217, -852, -30, -50, 780, 32;
-12, 201, 9, -228, -834, -21, -49, 787, 37;
-11, 204, 11, -232, -810, -7, -46, 796, 46;
-8, 209, 16, -209, -759, 23, -31, 816, 65;
-16, 202, 9, -299, -819, -20, -63, 790, 37;
-13, 206, 13, -287, -778, 2, -52, 807, 52;
-19, 202, 8, -359, -819, -28, -76, 788, 32;
-12, 210, 16, -307, -737, 20, -50, 821, 64;
-17, 207, 13, -361, -761, 0, -67, 810, 51;
-17, 209, 14, -374, -743, 7, -67, 816, 55;
-19, 209, 13, -403, -741, 2, -74, 816, 52;
-22, 207, 11, -448, -756, -12, -88, 808, 43;
-25, 206, 9, -485, -761, -22, -98, 805, 37;
-26, 207, 9, -506, -750, -21, -101, 808, 37;
-28, 206, 8, -542, -755, -31, -112, 804, 31;
-28, 208, 9, -552, -733, -24, -111, 811, 35;
-28, 209, 10, -564, -713, -18, -111, 818, 39;
-22, 217, 17, -519, -636, 25, -88, 848, 66;
-26, 215, 14, -568, -653, 6, -103, 839, 55;
-26, 217, 15, -575, -628, 14, -102, 847, 60;
-28, 217, 14, -604, -624, 8, -109, 846, 56;
-25, 221, 18, -587, -576, 32, -98, 864, 71;
-26, 222, 17, -608, -565, 30, -103, 867, 70;
-36, 214, 8, -713, -637, -26, -142, 834, 34;
-36, 216, 9, -720, -612, -19, -141, 842, 38;
-29, 224, 17, -664, -524, 29, -113, 876, 69;
-30, 225, 17, -685, -514, 26, -118, 878, 67;
-34, 223, 14, -732, -528, 6, -134, 870, 54;
-38, 220, 10, -777, -542, -13, -149, 861, 42;
-32, 228, 17, -730, -463, 28, -126, 891, 68;
-37, 225, 13, -783, -484, 3, -144, 880, 53;
-41, 223, 10, -831, -501, -18, -161, 870, 39;
-36, 229, 15, -794, -434, 14, -143, 895, 60;
-34, 233, 18, -783, -392, 31, -135, 910, 70;
-45, 224, 8, -888, -466, -30, -176, 876, 32;
-44, 227, 9, -889, -437, -22, -173, 885, 37;
-44, 228, 9, -899, -417, -21, -175, 890, 37;
-40, 234, 14, -862, -350, 11, -157, 915, 57;
-42, 234, 13, -884, -343, 3, -163, 915, 53;
-46, 231, 9, -931, -361, -21, -181, 904, 37;
-46, 233, 10, -935, -336, -17, -180, 911, 40;
-43, 237, 13, -917, -290, 1, -170, 927, 51;
-42, 240, 15, -909, -254, 12, -165, 939, 58;
-49, 235, 8, -976, -294, -27, -191, 919, 33;
-49, 237, 8, -984, -275, -27, -193, 924, 33;
-41, 247, 17, -909, -173, 26, -160, 963, 67;
-49, 240, 9, -987, -225, -21, -191, 938, 37;
-42, 249, 16, -925, -137, 23, -164, 971, 65;
-49, 243, 9, -997, -184, -20, -193, 948, 38;
-41, 252, 17, -928, -91, 27, -163, 984, 68;
-50, 244, 8, -1014, -153, -27, -198, 955, 34;
-44, 252, 15, -958, -73, 12, -174, 984, 58;
-46, 251, 12, -980, -72, 0, -183, 981, 50;
-49, 250, 10, -1004, -74, -15, -192, 977, 41;
-52, 249, 8, -1029, -77, -31, -202, 972, 31;
-51, 250, 8, -1028, -55, -29, -202, 978, 32;
-46, 257, 13, -980, 13, 1, -182, 1003, 52;
-41, 263, 18, -935, 78, 31, -163, 1027, 70;
-42, 263, 17, -943, 90, 25, -167, 1028, 66;
-50, 257, 9, -1011, 40, -21, -195, 1004, 37;
-49, 259, 9, -1007, 62, -20, -194, 1010, 38;
-47, 262, 11, -984, 102, -6, -186, 1023, 46;
-49, 262, 10, -994, 108, -16, -191, 1023, 40;
-49, 263, 10, -994, 125, -18, -191, 1026, 39;
-43, 269, 15, -938, 196, 14, -170, 1052, 60;
-43, 271, 15, -930, 219, 16, -167, 1058, 61;
-49, 266, 9, -986, 177, -24, -192, 1038, 35;
-46, 269, 11, -955, 220, -8, -181, 1052, 45;
-47, 270, 10, -957, 231, -14, -183, 1053, 41;
-47, 271, 10, -952, 247, -16, -183, 1057, 40;
-40, 278, 16, -883, 327, 23, -156, 1087, 65;
-41, 277, 14, -894, 326, 10, -163, 1083, 57;
-44, 275, 11, -918, 312, -12, -175, 1074, 43;
-44, 277, 11, -905, 333, -10, -172, 1080, 44;
-41, 280, 13, -876, 370, 1, -162, 1092, 52;
-39, 282, 14, -850, 403, 11, -154, 1103, 58;
-42, 280, 11, -867, 392, -7, -164, 1095, 46;
-36, 287, 17, -804, 460, 25, -141, 1120, 67;
-41, 282, 11, -849, 419, -12, -162, 1101, 42;
-34, 290, 17, -773, 499, 28, -134, 1131, 68;
-40, 284, 11, -819, 456, -11, -156, 1110, 44;
-35, 290, 15, -765, 513, 15, -137, 1131, 60;
-32, 292, 17, -734, 545, 26, -128, 1142, 67;
-35, 290, 14, -747, 532, 6, -137, 1134, 55;
-31, 294, 16, -708, 571, 22, -124, 1147, 64;
-39, 286, 8, -771, 506, -31, -154, 1118, 31;
-33, 293, 13, -705, 571, 2, -130, 1142, 52;
-35, 291, 10, -711, 563, -13, -137, 1136, 42;
-29, 297, 15, -649, 621, 15, -115, 1158, 60;
-26, 300, 18, -608, 658, 31, -102, 1171, 70;
-33, 292, 9, -669, 591, -22, -132, 1141, 37;
-28, 298, 14, -603, 652, 9, -109, 1164, 56;
-27, 299, 14, -584, 664, 8, -106, 1167, 56;
-25, 300, 14, -562, 679, 10, -101, 1171, 57;
-25, 301, 14, -542, 690, 10, -97, 1174, 57;
-27, 298, 11, -550, 673, -8, -105, 1165, 45;
-23, 302, 14, -504, 709, 8, -91, 1178, 56;
-28, 296, 8, -541, 662, -30, -111, 1157, 31;
-23, 301, 11, -484, 707, -7, -92, 1174, 46;
-21, 302, 13, -452, 727, 0, -84, 1181, 50;
-18, 305, 15, -410, 756, 12, -72, 1191, 59;
-24, 298, 7, -456, 697, -32, -96, 1165, 30;
-22, 300, 8, -423, 715, -25, -87, 1171, 34;
-21, 301, 9, -398, 725, -24, -82, 1174, 35;
-12, 309, 16, -302, 806, 24, -47, 1206, 66;
-17, 304, 11, -333, 758, -12, -66, 1185, 43;
-12, 308, 14, -275, 799, 10, -47, 1201, 57;
-15, 303, 10, -294, 762, -17, -60, 1185, 40;
-16, 302, 8, -285, 752, -27, -62, 1180, 33;
-13, 304, 10, -248, 770, -18, -52, 1187, 39;
-12, 304, 10, -221, 778, -16, -47, 1189, 40;
-5, 310, 15, -148, 830, 15, -22, 1210, 60;
-5, 310, 15, -128, 829, 12, -19, 1209, 58;
-1, 312, 17, -86, 850, 24, -7, 1217, 66;
-4, 308, 12, -99, 814, 0, -18, 1202, 50;
-5, 306, 10, -94, 797, -13, -22, 1195, 42;
-1, 309, 13, -41, 826, 5, -5, 1207, 54;
3, 313, 18, 22, 866, 31, 14, 1223, 70;