-3, 305, 9, -30, 789, -20, -12, 1191, 38;
1, 309, 13, 29, 824, 3, 6, 1205, 53;
4, 310, 15, 69, 838, 13, 17, 1211, 59;
2, 307, 11, 62, 805, -7, 9, 1198, 46;
8, 312, 16, 133, 850, 23, 32, 1217, 65;
10, 313, 18, 169, 859, 30, 42, 1221, 70;
10, 311, 16, 182, 845, 23, 42, 1216, 65;
12, 312, 17, 215, 850, 28, 50, 1218, 68;
14, 312, 18, 243, 850, 31, 56, 1219, 70;
13, 310, 15, 247, 826, 18, 52, 1210, 62;
15, 310, 16, 279, 828, 22, 59, 1211, 65;
12, 306, 12, 264, 784, -2, 48, 1194, 49;
17, 309, 16, 323, 814, 20, 67, 1207, 64;
10, 301, 8, 274, 734, -27, 41, 1175, 33;
11, 300, 7, 290, 721, -32, 43, 1171, 30;
14, 301, 9, 332, 732, -19, 55, 1177, 38;
15, 302, 10, 361, 731, -15, 62, 1178, 41;
19, 304, 13, 411, 750, 2, 77, 1187, 52;
23, 306, 16, 461, 769, 21, 93, 1196, 64;
17, 298, 8, 409, 685, -28, 66, 1163, 33;
24, 303, 14, 489, 734, 10, 94, 1185, 57;
27, 305, 17, 533, 746, 25, 108, 1192, 66;
25, 301, 13, 519, 700, 2, 97, 1174, 52;
27, 301, 14, 550, 699, 8, 105, 1176, 56;
21, 294, 8, 511, 628, -30, 84, 1148, 31;
25, 296, 10, 553, 638, -16, 97, 1154, 40;
30, 299, 14, 611, 664, 9, 117, 1167, 56;
26, 294, 10, 588, 609, -18, 103, 1146, 39;
33, 299, 16, 666, 655, 20, 131, 1167, 63;
26, 290, 8, 613, 569, -27, 104, 1134, 33;
30, 292, 11, 656, 580, -11, 118, 1141, 43;
35, 295, 15, 713, 605, 14, 138, 1154, 60;
29, 288, 8, 668, 528, -26, 115, 1125, 34;
36, 293, 15, 746, 574, 13, 143, 1146, 59;
40, 295, 18, 789, 585, 31, 157, 1153, 70;
31, 285, 8, 717, 482, -26, 124, 1113, 34;
40, 292, 16, 807, 541, 23, 158, 1140, 65;
38, 288, 13, 792, 494, 3, 148, 1123, 52;
40, 288, 15, 821, 491, 12, 157, 1125, 58;
34, 281, 8, 775, 415, -27, 135, 1096, 33;
40, 284, 13, 833, 442, 1, 156, 1110, 52;
35, 278, 8, 796, 374, -31, 137, 1085, 31;
38, 279, 10, 830, 378, -16, 149, 1090, 40;
41, 280, 12, 864, 382, -1, 160, 1094, 49;
39, 277, 10, 857, 345, -14, 155, 1082, 41;
39, 275, 9, 856, 315, -22, 152, 1072, 37;
39, 274, 9, 870, 300, -19, 155, 1069, 38;
41, 274, 10, 889, 291, -13, 161, 1069, 42;
49, 280, 18, 966, 339, 31, 191, 1092, 70;
44, 273, 12, 925, 270, -1, 172, 1067, 50;
41, 269, 10, 908, 226, -18, 163, 1051, 39;
40, 266, 8, 896, 187, -31, 156, 1038, 31;
40, 265, 8, 903, 167, -30, 158, 1034, 31;
49, 272, 17, 993, 231, 25, 194, 1063, 66;
45, 267, 13, 961, 173, 0, 179, 1043, 51;
51, 271, 17, 1012, 199, 30, 199, 1057, 70;
46, 265, 13, 974, 137, 2, 182, 1034, 52;
49, 266, 16, 1003, 141, 19, 193, 1040, 62;
48, 264, 14, 993, 108, 10, 189, 1029, 57;
50, 264, 16, 1016, 108, 24, 198, 1033, 66;
42, 255, 9, 944, 14, -24, 167, 997, 35;
41, 253, 7, 934, -17, -32, 163, 987, 30;
45, 255, 11, 966, -6, -11, 176, 995, 44;
49, 258, 15, 1008, 14, 16, 193, 1007, 61;
50, 257, 16, 1013, 0, 20, 196, 1005, 63;
46, 253, 13, 982, -51, 0, 183, 987, 51;
51, 256, 17, 1023, -28, 29, 200, 1000, 69;
43, 246, 9, 943, -126, -22, 168, 962, 36;
41, 244, 8, 927, -159, -30, 162, 952, 31;
42, 244, 9, 934, -169, -24, 166, 951, 36;
49, 250, 16, 1000, -119, 22, 194, 975, 65;
50, 249, 17, 1001, -133, 26, 195, 973, 67;
47, 246, 15, 976, -173, 13, 186, 960, 59;
50, 247, 18, 997, -165, 32, 197, 966, 70;
43, 239, 11, 928, -248, -9, 169, 935, 44;
40, 235, 8, 893, -295, -27, 157, 919, 33;
48, 242, 16, 963, -237, 23, 187, 946, 65;
43, 237, 12, 913, -298, -4, 168, 924, 48;
47, 240, 17, 948, -272, 25, 185, 938, 66;
43, 236, 13, 906, -323, 4, 170, 920, 53;
45, 237, 16, 922, -316, 21, 179, 926, 64;
47, 238, 18, 927, -318, 32, 184, 928, 71;
43, 233, 15, 888, -365, 13, 170, 912, 59;
41, 230, 13, 857, -402, 0, 160, 900, 51;
43, 232, 16, 875, -389, 21, 170, 908, 64;
39, 228, 13, 830, -439, 0, 154, 890, 50;
35, 223, 9, 780, -492, -24, 137, 871, 35;
41, 229, 16, 832, -444, 19, 161, 894, 63;
37, 224, 12, 786, -491, -1, 146, 877, 50;
41, 228, 17, 816, -463, 28, 162, 891, 68;
33, 220, 10, 731, -549, -17, 130, 858, 39;
40, 227, 17, 788, -491, 30, 157, 885, 70;
32, 219, 11, 708, -570, -11, 128, 855, 43;
32, 219, 12, 698, -578, -6, 128, 854, 46;
35, 221, 15, 714, -559, 15, 138, 864, 60;
36, 222, 17, 716, -554, 28, 143, 869, 68;
30, 216, 12, 645, -620, -6, 118, 844, 47;
33, 219, 15, 662, -599, 17, 129, 855, 61;
31, 217, 15, 638, -617, 13, 123, 849, 59;
24, 211, 9, 561, -687, -24, 96, 822, 35;
24, 211, 10, 552, -688, -17, 97, 824, 40;
31, 218, 17, 601, -631, 29, 122, 850, 69;
24, 210, 11, 521, -702, -10, 93, 822, 44;
26, 213, 15, 534, -679, 12, 103, 834, 58;
21, 208, 10, 470, -732, -16, 82, 813, 40;
26, 214, 16, 510, -681, 24, 103, 836, 66;
24, 212, 15, 476, -703, 16, 94, 828, 61;
23, 212, 15, 456, -710, 17, 91, 827, 62;
20, 209, 14, 417, -736, 6, 80, 818, 55;
23, 213, 17, 430, -708, 30, 90, 831, 70;
14, 204, 9, 333, -791, -19, 55, 798, 38;
13, 204, 9, 309, -799, -19, 50, 796, 38;
14, 206, 12, 312, -779, -1, 57, 805, 49;
18, 211, 18, 339, -735, 31, 73, 824, 70;
9, 203, 9, 239, -817, -19, 38, 791, 38;
13, 207, 14, 262, -775, 11, 53, 809, 58;
7, 201, 9, 187, -831, -22, 27, 787, 37;
6, 201, 9, 165, -834, -20, 23, 787, 38;
10, 206, 14, 189, -789, 11, 39, 806, 58;
3, 200, 9, 110, -847, -24, 12, 783, 35;
7, 205, 14, 134, -802, 7, 27, 802, 55;
8, 208, 17, 136, -777, 25, 34, 812, 66;
2, 202, 11, 61, -829, -8, 8, 791, 45;
6, 208, 17, 91, -776, 28, 26, 813, 68;
2, 205, 14, 41, -803, 10, 11, 802, 57;
2, 206, 15, 24, -794, 16, 10, 806, 61;
2, 207, 16, 9, -785, 22, 9, 810, 65;
-2, 204, 13, -49, -818, 0, -9, 796, 50;
-6, 201, 9, -104, -848, -20, -26, 783, 38;
0, 209, 18, -51, -768, 31, 1, 816, 70;
-1, 209, 17, -77, -767, 30, -3, 816, 70;
-4, 207, 15, -122, -785, 16, -17, 808, 61;
-4, 208, 16, -140, -775, 20, -19, 812, 63;
-4, 209, 17, -153, -759, 28, -18, 818, 68;
-5, 210, 17, -177, -755, 28, -23, 819, 68;
-15, 201, 9, -282, -831, -25, -61, 786, 35;
-12, 206, 13, -268, -788, 0, -50, 803, 50;
-11, 209, 15, -266, -756, 17, -43, 816, 61;
-11, 210, 17, -277, -738, 25, -43, 822, 66;
-16, 207, 12, -341, -771, -1, -64, 807, 49;
-19, 206, 11, -378, -778, -11, -74, 803, 43;
-13, 212, 17, -340, -710, 29, -53, 830, 69;
-17, 210, 14, -391, -729, 10, -69, 821, 57;
-15, 214, 18, -380, -688, 32, -59, 836, 71;
-17, 213, 16, -415, -691, 24, -69, 833, 65;
-21, 211, 14, -463, -708, 6, -84, 825, 55;
-23, 211, 13, -494, -707, 0, -92, 824, 51;
-20, 215, 17, -479, -660, 24, -80, 842, 66;
-27, 210, 11, -554, -703, -11, -107, 822, 43;
-30, 209, 9, -593, -710, -23, -118, 817, 36;
-28, 213, 12, -586, -671, -5, -111, 831, 47;
-32, 211, 9, -634, -687, -24, -126, 822, 35;
-32, 212, 10, -644, -665, -18, -126, 830, 39;
-29, 217, 14, -625, -613, 7, -114, 849, 55;
-31, 217, 13, -653, -610, 0, -121, 848, 51;
-29, 221, 15, -646, -570, 17, -114, 862, 62;
-36, 215, 9, -727, -619, -24, -143, 839, 35;
-35, 218, 11, -726, -586, -12, -139, 850, 43;
-38, 216, 8, -765, -593, -26, -151, 845, 34;
-34, 223, 14, -731, -528, 6, -134, 870, 55;
-38, 221, 11, -775, -540, -11, -148, 862, 43;
-31, 229, 18, -725, -458, 31, -124, 893, 70;
-34, 227, 15, -762, -464, 17, -136, 888, 61;
-38, 226, 13, -799, -470, 1, -148, 883, 52;
-37, 228, 14, -802, -441, 9, -146, 892, 57;
-42, 225, 9, -859, -468, -19, -166, 878, 38;
-44, 225, 9, -881, -459, -25, -172, 879, 35;
-43, 228, 10, -878, -426, -15, -169, 890, 41;
-40, 232, 13, -862, -380, 3, -159, 906, 53;
-39, 235, 16, -851, -339, 18, -152, 920, 62;
-37, 239, 18, -841, -300, 32, -145, 933, 71;
-41, 236, 14, -887, -317, 8, -162, 922, 56;
-43, 236, 13, -906, -308, 1, -168, 923, 52;
-42, 239, 14, -905, -278, 8, -165, 932, 56;
-41, 242, 16, -898, -243, 19, -160, 944, 63;
-49, 235, 8, -975, -293, -26, -191, 920, 34;
-46, 240, 11, -956, -247, -9, -181, 936, 45;
-49, 238, 8, -991, -255, -27, -194, 929, 33;
-48, 241, 10, -978, -216, -14, -187, 942, 41;
-43, 247, 15, -938, -150, 15, -169, 966, 60;
-42, 250, 16, -933, -120, 21, -166, 975, 64;
-47, 246, 11, -983, -146, -8, -186, 961, 45;
-44, 251, 14, -956, -95, 11, -174, 979, 58;
-49, 247, 10, -1001, -116, -16, -192, 966, 40;
-45, 253, 14, -966, -59, 8, -177, 987, 56;
-46, 253, 13, -981, -51, 0, -183, 987, 50;
-45, 256, 14, -966, -14, 10, -176, 999, 57;
-42, 260, 17, -943, 29, 26, -166, 1014, 67;
-48, 255, 11, -994, 0, -7, -187, 998, 46;
-46, 258, 13, -978, 35, 3, -181, 1009, 52;
-51, 255, 8, -1022, 10, -27, -200, 995, 34;
-46, 260, 13, -979, 71, 0, -182, 1017, 50;
-46, 262, 12, -979, 90, -1, -183, 1022, 50;
-49, 261, 10, -997, 90, -15, -191, 1018, 41;
-50, 260, 8, -1011, 92, -27, -197, 1016, 34;
-44, 267, 14, -952, 167, 9, -174, 1043, 56;
-42, 271, 16, -924, 210, 24, -164, 1058, 66;
-43, 270, 15, -936, 213, 12, -170, 1056, 58;
-42, 272, 15, -922, 240, 18, -165, 1064, 62;
-40, 275, 17, -901, 275, 27, -158, 1075, 68;
-46, 270, 11, -954, 234, -12, -182, 1055, 43;
-44, 273, 12, -931, 268, -2, -174, 1066, 49;
-45, 273, 11, -937, 273, -12, -179, 1065, 43;
-38, 281, 18, -860, 360, 32, -149, 1097, 71;
-41, 279, 14, -884, 345, 10, -161, 1088, 57;
-45, 275, 10, -917, 321, -18, -177, 1075, 39;
-46, 275, 9, -917, 329, -25, -179, 1075, 35;
-40, 281, 13, -862, 391, 3, -159, 1098, 53;
-37, 285, 16, -827, 431, 18, -148, 1112, 62;
-38, 284, 14, -828, 436, 9, -151, 1111, 57;
-41, 283, 11, -842, 426, -8, -160, 1104, 45;
-37, 287, 14, -801, 472, 10, -145, 1120, 57;
-38, 286, 12, -807, 468, -3, -151, 1115, 49;
-40, 285, 10, -812, 466, -16, -157, 1111, 40;
-34, 290, 15, -753, 526, 13, -135, 1134, 59;
-40, 285, 8, -800, 480, -28, -158, 1112, 33;
-39, 286, 9, -777, 502, -23, -153, 1119, 36;
-31, 295, 16, -693, 585, 21, -121, 1151, 64;
-39, 287, 7, -757, 519, -32, -152, 1121, 30;
-33, 293, 12, -692, 581, -1, -129, 1144, 50;
-30, 295, 14, -660, 610, 8, -120, 1153, 56;
-36, 290, 7, -703, 562, -32, -142, 1131, 30;
-29, 296, 13, -631, 630, 3, -116, 1157, 53;
-31, 295, 11, -631, 624, -9, -121, 1152, 45;
-32, 293, 8, -637, 611, -26, -127, 1145, 34;
-26, 300, 14, -564, 676, 9, -102, 1170, 56;
-30, 295, 8, -596, 636, -25, -119, 1152, 35;
-28, 297, 10, -561, 662, -16, -110, 1160, 40;
-24, 300, 12, -518, 695, -1, -97, 1172, 50;
-24, 300, 12, -502, 700, -4, -95, 1173, 48;
-20, 304, 15, -455, 736, 12, -80, 1186, 58;
-22, 302, 12, -458, 721, -4, -86, 1178, 48;
-20, 303, 12, -431, 735, -1, -80, 1182, 50;
-21, 302, 11, -422, 731, -9, -82, 1179, 44;
-15, 307, 15, -358, 780, 17, -60, 1198, 61;
-17, 304, 12, -363, 760, 0, -68, 1189, 50;
-15, 306, 13, -331, 777, 5, -59, 1194, 54;
-14, 306, 13, -312, 779, 2, -57, 1194, 52;
-14, 306, 12, -295, 779, -1, -55, 1193, 49;
-16, 302, 9, -304, 753, -23, -64, 1181, 36;
-7, 311, 17, -205, 832, 25, -29, 1213, 66;
-15, 302, 7, -268, 750, -32, -61, 1178, 30;
-7, 309, 14, -178, 821, 11, -29, 1207, 58;
-11, 304, 9, -202, 776, -20, -44, 1188, 38;
-6, 309, 13, -139, 819, 5, -23, 1205, 54;
-4, 309, 14, -109, 827, 9, -17, 1208, 56;
-5, 307, 12, -106, 807, -5, -21, 1199, 47;
0, 311, 16, -42, 849, 21, 0, 1216, 64;
2, 313, 17, -3, 864, 30, 9, 1222, 69;
-5, 304, 9, -62, 781, -25, -20, 1188, 35;
1, 310, 14, 15, 835, 10, 6, 1210, 57;
0, 306, 11, 6, 801, -11, -2, 1196, 43;
5, 311, 16, 80, 850, 20, 22, 1216, 64;
2, 307, 11, 60, 803, -9, 8, 1197, 45;
1, 304, 9, 63, 780, -23, 3, 1188, 36;
10, 312, 17, 165, 855, 28, 40, 1219, 68;
3, 304, 9, 115, 778, -21, 14, 1188, 37;
8, 308, 13, 179, 814, 4, 35, 1203, 53;
11, 309, 15, 216, 823, 13, 45, 1208, 59;
14, 311, 17, 258, 836, 25, 56, 1214, 66;
16, 311, 17, 290, 840, 30, 64, 1216, 70;
8, 302, 8, 226, 746, -28, 32, 1178, 33;
11, 303, 10, 264, 755, -18, 43, 1183, 39;
17, 307, 14, 333, 794, 11, 66, 1200, 58;
19, 308, 16, 368, 798, 19, 75, 1203, 63;
16, 304, 12, 356, 757, -3, 65, 1187, 48;
15, 301, 10, 358, 727, -17, 60, 1176, 40;
21, 305, 14, 425, 763, 11, 83, 1192, 58;
22, 305, 15, 452, 759, 15, 89, 1192, 60;
26, 307, 18, 499, 774, 31, 103, 1200, 70;
23, 302, 13, 478, 722, 2, 90, 1180, 52;
19, 297, 9, 459, 671, -24, 77, 1161, 35;
26, 302, 14, 532, 713, 10, 103, 1180, 57;
30, 304, 17, 581, 730, 29, 118, 1188, 69;
25, 298, 12, 548, 665, -6, 100, 1163, 46;
27, 298, 12, 577, 662, 0, 107, 1164, 50;
26, 295, 10, 574, 627, -15, 101, 1152, 41;
27, 295, 11, 599, 620, -11, 107, 1151, 43;
28, 294, 11, 617, 605, -12, 110, 1147, 43;
31, 295, 13, 657, 613, 1, 123, 1153, 52;
30, 293, 11, 659, 583, -9, 119, 1142, 45;
36, 296, 16, 722, 614, 20, 141, 1158, 63;
36, 295, 16, 736, 596, 18, 143, 1153, 62;
32, 289, 10, 702, 531, -15, 125, 1128, 41;
30, 285, 7, 693, 490, -32, 118, 1113, 31;
33, 286, 9, 727, 492, -20, 128, 1117, 38;
39, 291, 15, 800, 533, 17, 155, 1137, 62;
39, 289, 15, 808, 510, 13, 155, 1130, 59;
39, 287, 13, 809, 479, 4, 152, 1120, 53;
43, 289, 17, 856, 496, 26, 168, 1129, 67;
38, 283, 11, 819, 427, -7, 150, 1104, 46;
36, 279, 9, 808, 387, -23, 142, 1090, 36;
37, 278, 9, 824, 372, -20, 146, 1087, 37;
45, 284, 16, 902, 420, 22, 176, 1110, 65;
41, 279, 12, 877, 365, -1, 163, 1090, 50;
40, 276, 11, 872, 331, -11, 158, 1079, 43;
41, 275, 11, 886, 316, -9, 162, 1076, 45;
48, 281, 18, 958, 359, 32, 189, 1097, 70;
46, 277, 15, 939, 312, 13, 179, 1081, 59;
46, 275, 15, 947, 292, 13, 181, 1076, 59;
41, 268, 9, 901, 219, -22, 160, 1049, 36;
50, 276, 18, 991, 282, 32, 196, 1078, 71;
45, 270, 13, 952, 216, 2, 178, 1054, 52;
49, 272, 16, 990, 228, 22, 192, 1062, 65;
45, 267, 12, 956, 169, -3, 177, 1041, 49;
48, 268, 15, 988, 175, 14, 189, 1047, 60;
47, 266, 14, 980, 143, 6, 185, 1037, 55;
42, 259, 9, 936, 75, -25, 166, 1012, 35;
44, 259, 10, 954, 70, -14, 173, 1013, 41;
44, 258, 10, 956, 48, -15, 173, 1008, 41;
46, 258, 12, 972, 42, -5, 179, 1009, 47;
44, 255, 10, 958, 6, -16, 173, 997, 40;
42, 252, 8, 937, -35, -30, 164, 983, 31;
44, 253, 10, 961, -32, -14, 174, 988, 41;
46, 253, 12, 976, -37, -4, 180, 989, 48;
47, 253, 13, 987, -45, 4, 185, 989, 53;
46, 251, 12, 977, -74, -1, 181, 981, 50;
48, 252, 14, 994, -75, 11, 189, 983, 57;
44, 246, 10, 950, -136, -15, 172, 962, 41;
41, 242, 7, 921, -182, -32, 160, 946, 30;
43, 243, 10, 941, -178, -16, 169, 951, 40;
47, 246, 14, 971, -163, 6, 183, 960, 55;
40, 238, 7, 906, -242, -32, 157, 931, 30;
44, 241, 11, 936, -226, -8, 171, 941, 45;
48, 245, 16, 976, -199, 22, 189, 955, 65;
48, 244, 17, 973, -215, 25, 190, 952, 66;
44, 238, 13, 927, -273, 0, 172, 932, 50;
46, 240, 15, 944, -266, 17, 182, 938, 61;
42, 235, 12, 903, -317, -4, 167, 919, 48;
43, 236, 13, 907, -322, 5, 171, 920, 54;
41, 233, 12, 882, -356, -5, 162, 909, 47;
38, 229, 9, 842, -404, -24, 148, 893, 35;
45, 235, 16, 902, -351, 23, 176, 918, 65;
36, 226, 8, 815, -444, -27, 142, 882, 34;
41, 230, 14, 853, -411, 6, 161, 899, 55;
40, 229, 13, 838, -431, 5, 158, 894, 54;
33, 222, 7, 768, -504, -31, 132, 866, 31;
41, 229, 15, 829, -446, 17, 160, 893, 61;
38, 226, 13, 796, -481, 5, 150, 881, 54;
38, 225, 14, 788, -490, 10, 150, 880, 57;
40, 226, 16, 793, -486, 24, 156, 884, 65;
33, 220, 11, 724, -555, -11, 131, 858, 43;
38, 224, 16, 761, -517, 24, 150, 877, 65;
31, 217, 10, 683, -594, -16, 121, 848, 40;
34, 221, 15, 709, -565, 12, 136, 862, 58;
28, 214, 9, 640, -630, -22, 111, 837, 37;
31, 217, 13, 658, -607, 2, 123, 849, 52;
29, 215, 12, 629, -631, -4, 115, 841, 48;
31, 217, 15, 636, -618, 12, 123, 849, 58;
29, 215, 13, 602, -645, 3, 113, 840, 52;
24, 210, 9, 547, -693, -20, 95, 822, 38;
27, 214, 13, 566, -666, 5, 107, 835, 54;
24, 211, 11, 522, -701, -10, 94, 823, 44;
21, 208, 10, 488, -725, -18, 84, 814, 39;
19, 207, 8, 455, -747, -26, 76, 807, 34;
25, 213, 16, 504, -687, 20, 101, 834, 63;
18, 206, 9, 421, -758, -20, 71, 806, 38;
18, 207, 11, 415, -752, -9, 74, 810, 44;
16, 206, 10, 382, -770, -16, 65, 804, 40;
22, 211, 16, 419, -719, 22, 86, 826, 65;
18, 208, 14, 371, -752, 6, 71, 814, 54;
18, 209, 15, 364, -744, 16, 73, 818, 61;
13, 205, 11, 300, -791, -10, 52, 800, 44;
16, 208, 15, 315, -759, 15, 64, 815, 60;
16, 209, 16, 300, -756, 21, 63, 817, 64;
14, 208, 15, 269, -768, 16, 56, 813, 61;
7, 202, 9, 191, -828, -19, 29, 789, 38;
8, 204, 12, 191, -808, -3, 34, 797, 48;
12, 208, 17, 210, -769, 25, 47, 814, 66;
4, 202, 10, 122, -835, -16, 17, 787, 40;
0, 199, 7, 74, -861, -32, 2, 777, 30;
7, 207, 15, 126, -788, 18, 29, 808, 62;
-1, 199, 8, 30, -861, -29, -4, 778, 32;
3, 205, 14, 60, -807, 7, 13, 800, 55;
3, 206, 15, 47, -796, 15, 14, 805, 60;
-4, 199, 8, -43, -862, -28, -17, 778, 33;
3, 208, 17, 14, -779, 26, 11, 812, 67;
1, 207, 16, -15, -784, 22, 5, 810, 65;
-1, 206, 14, -57, -801, 10, -7, 803, 57;
-1, 207, 16, -68, -785, 20, -5, 809, 63;
-3, 207, 15, -97, -787, 17, -12, 808, 61;
-12, 199, 8, -194, -857, -31, -47, 778, 31;
-6, 207, 15, -151, -786, 13, -23, 807, 59;
-9, 205, 12, -197, -804, 0, -37, 799, 50;
-14, 201, 8, -262, -840, -27, -58, 784, 33;
-13, 204, 11, -258, -807, -8, -51, 796, 45;
-10, 208, 15, -241, -762, 17, -39, 814, 61;
-18, 201, 8, -336, -827, -29, -72, 786, 32;
-10, 211, 17, -271, -731, 29, -40, 825, 69;
-17, 206, 12, -347, -777, -5, -66, 805, 47;
-15, 209, 15, -341, -741, 13, -59, 818, 59;
-13, 213, 17, -340, -709, 29, -53, 830, 69;
-21, 207, 11, -424, -763, -11, -83, 807, 43;
-24, 205, 9, -464, -772, -23, -94, 802, 36;
-24, 207, 10, -479, -754, -17, -95, 807, 39;
-22, 210, 12, -476, -721, -2, -89, 820, 49;
-19, 215, 16, -459, -672, 23, -77, 838, 65;
-26, 210, 11, -532, -713, -10, -103, 819, 44;
-29, 209, 9, -569, -718, -21, -113, 816, 37;
-21, 218, 17, -512, -629, 30, -85, 851, 69;
-30, 211, 10, -604, -689, -17, -118, 824, 40;
-30, 213, 11, -615, -668, -11, -118, 830, 43;
-27, 218, 15, -593, -614, 15, -105, 851, 60;
-35, 211, 8, -682, -670, -30, -137, 825, 32;
-30, 218, 14, -646, -602, 6, -118, 851, 54;
-27, 223, 18, -624, -548, 32, -105, 871, 71;
-32, 219, 13, -686, -578, 3, -126, 857, 53;
-32, 222, 14, -691, -551, 11, -124, 865, 58;
-32, 223, 15, -706, -534, 12, -127, 870, 58;
-36, 221, 12, -750, -547, -6, -142, 862, 47;
-31, 227, 17, -712, -477, 30, -122, 888, 69;
-33, 227, 16, -736, -469, 24, -129, 889, 66;
-33, 229, 17, -751, -452, 24, -131, 893, 66;
-36, 227, 14, -787, -458, 10, -143, 888, 57;
-42, 224, 9, -845, -485, -19, -164, 874, 38;
-41, 226, 11, -847, -456, -11, -161, 883, 43;
-35, 233, 17, -801, -379, 27, -139, 912, 68;
-39, 232, 14, -839, -387, 10, -153, 906, 57;
-39, 233, 14, -850, -368, 11, -154, 911, 57;
-44, 230, 10, -900, -389, -14, -172, 899, 42;
-44, 232, 11, -904, -363, -9, -172, 907, 44;
-40, 238, 15, -873, -303, 17, -157, 928, 61;
-44, 235, 11, -922, -323, -8, -174, 917, 45;
-45, 236, 11, -934, -307, -10, -177, 920, 44;
-43, 239, 13, -922, -267, 3, -170, 934, 53;
-46, 238, 11, -951, -269, -10, -181, 930, 44;
-49, 237, 8, -984, -275, -27, -193, 924, 33;
-45, 242, 12, -952, -216, -1, -178, 945, 49;
-41, 248, 17, -913, -151, 28, -160, 969, 68;
-47, 244, 12, -970, -183, -6, -183, 952, 46;
-44, 248, 14, -949, -136, 11, -173, 968, 57;
-48, 246, 11, -985, -148, -10, -187, 960, 44;
-41, 254, 18, -926, -64, 32, -161, 991, 70;
-45, 252, 14, -963, -78, 9, -176, 982, 56;
-45, 252, 14, -969, -62, 6, -178, 986, 55;
-51, 248, 8, -1026, -96, -29, -201, 968, 32;
-43, 257, 16, -954, -2, 19, -171, 1004, 62;
-46, 256, 13, -980, -7, 1, -182, 998, 52;
-45, 258, 14, -970, 23, 8, -177, 1008, 56;
-46, 258, 13, -978, 35, 2, -181, 1009, 52;
-47, 259, 12, -987, 45, -4, -185, 1010, 48;
-47, 259, 11, -989, 61, -6, -186, 1013, 46;
-46, 262, 13, -977, 92, 0, -182, 1022, 50;
-45, 264, 14, -962, 124, 7, -176, 1032, 55;
-49, 262, 10, -997, 106, -18, -192, 1021, 39;
-44, 267, 14, -953, 166, 8, -175, 1043, 56;
-44, 269, 14, -944, 190, 11, -172, 1050, 58;
-47, 266, 10, -976, 173, -13, -186, 1039, 42;
-42, 272, 15, -923, 239, 17, -166, 1064, 61;
-46, 269, 11, -956, 220, -8, -181, 1052, 45;
-47, 269, 9, -965, 223, -19, -186, 1050, 38;
-45, 273, 12, -934, 265, -4, -175, 1064, 48;
-41, 277, 15, -893, 317, 16, -160, 1083, 61;
-44, 275, 12, -916, 304, -4, -172, 1074, 48;
-44, 275, 11, -914, 316, -9, -173, 1076, 45;
-45, 275, 9, -921, 317, -21, -179, 1073, 37;
-43, 278, 12, -888, 358, -6, -167, 1087, 47;
-41, 281, 13, -867, 385, 0, -161, 1096, 51;
-36, 287, 18, -809, 450, 30, -140, 1119, 70;
-36, 287, 17, -806, 458, 24, -141, 1120, 66;
-38, 285, 13, -821, 447, 5, -151, 1112, 54;
-39, 285, 12, -818, 454, -1, -153, 1112, 50;
-38, 286, 13, -801, 475, 1, -149, 1118, 51;
-34, 291, 16, -754, 524, 22, -132, 1136, 65;
-40, 285, 9, -807, 472, -22, -158, 1112, 37;
-38, 287, 11, -775, 505, -11, -148, 1122, 43;
-35, 290, 12, -743, 536, 0, -138, 1133, 50;
-31, 294, 15, -699, 579, 17, -124, 1148, 61;
-36, 289, 9, -737, 539, -19, -144, 1129, 38;
-28, 298, 17, -646, 627, 29, -110, 1163, 69;
-31, 294, 13, -670, 600, 2, -124, 1149, 52;
-32, 294, 11, -668, 598, -8, -127, 1146, 45;
-27, 299, 16, -607, 654, 19, -106, 1167, 63;
-29, 297, 13, -615, 639, 0, -114, 1159, 51;
-30, 295, 10, -617, 631, -13, -119, 1153, 42;
-26, 300, 14, -565, 675, 8, -102, 1170, 56;
-28, 297, 10, -577, 655, -13, -112, 1159, 42;
-30, 295, 8, -584, 639, -31, -119, 1151, 31;
-24, 301, 13, -513, 700, 2, -94, 1174, 52;
-20, 304, 16, -463, 739, 21, -79, 1189, 64;
-20, 304, 15, -455, 736, 12, -80, 1186, 58;
-18, 305, 16, -422, 757, 19, -72, 1193, 63;
-19, 304, 13, -423, 743, 4, -77, 1185, 53;
-21, 301, 11, -426, 726, -12, -83, 1177, 43;
-15, 307, 15, -359, 779, 16, -61, 1198, 61;
-19, 302, 10, -385, 739, -15, -77, 1180, 41;
-17, 304, 11, -351, 756, -8, -68, 1185, 45;
-13, 307, 14, -303, 788, 8, -53, 1198, 56;
-14, 305, 12, -299, 775, -5, -57, 1191, 47;
-11, 308, 14, -254, 802, 9, -44, 1201, 56;
-8, 310, 16, -213, 824, 20, -32, 1210, 63;
-7, 310, 16, -189, 830, 20, -28, 1211, 64;
-4, 312, 17, -154, 844, 27, -19, 1216, 68;
-7, 308, 13, -165, 813, 4, -29, 1203, 53;
-8, 306, 11, -164, 793, -11, -34, 1194, 43;
-3, 310, 15, -103, 832, 12, -14, 1210, 58;
-5, 307, 12, -106, 807, -5, -21, 1199, 47;
-4, 307, 12, -82, 808, -5, -17, 1199, 47;
-2, 308, 12, -55, 812, -3, -11, 1201, 48;
3, 313, 17, 17, 861, 28, 12, 1221, 68;
5, 313, 18, 47, 867, 31, 19, 1223, 70;
-1, 306, 10, 3, 798, -14, -4, 1195, 42;
5, 311, 16, 77, 846, 18, 20, 1215, 62;
3, 308, 12, 69, 812, -3, 11, 1201, 48;
0, 304, 9, 63, 779, -23, 3, 1188, 36;
2, 305, 9, 93, 783, -19, 10, 1189, 38;
3, 304, 9, 111, 774, -24, 12, 1186, 36;
13, 313, 18, 221, 855, 32, 52, 1220, 71;
13, 311, 17, 236, 843, 26, 53, 1216, 67;
12, 309, 14, 238, 816, 11, 48, 1206, 58;
9, 305, 11, 228, 777, -10, 38, 1190, 44;
8, 302, 8, 228, 748, -26, 33, 1179, 34;
16, 309, 15, 317, 808, 16, 65, 1205, 61;
15, 306, 13, 317, 778, 1, 59, 1193, 51;
13, 302, 10, 313, 744, -16, 52, 1180, 40;
17, 305, 13, 364, 764, 1, 68, 1190, 52;
20, 306, 15, 403, 772, 12, 79, 1195, 58;
14, 298, 8, 360, 699, -31, 56, 1166, 31;
25, 307, 17, 471, 779, 27, 97, 1200, 68;
18, 299, 9, 419, 695, -21, 71, 1167, 37;
27, 306, 17, 515, 760, 27, 105, 1195, 68;
21, 299, 11, 479, 691, -10, 85, 1169, 44;
22, 298, 10, 491, 672, -16, 85, 1162, 40;
23, 298, 11, 520, 669, -11, 93, 1163, 44;
27, 300, 13, 565, 682, 5, 107, 1171, 54;
23, 294, 8, 539, 624, -25, 91, 1149, 35;
23, 292, 7, 549, 602, -32, 91, 1141, 30;
25, 293, 9, 579, 600, -24, 99, 1143, 35;
27, 293, 10, 612, 600, -16, 108, 1145, 40;
27, 291, 9, 622, 578, -21, 108, 1138, 37;
36, 298, 16, 709, 634, 24, 140, 1163, 66;
36, 297, 16, 727, 619, 24, 143, 1160, 65;
35, 294, 15, 727, 587, 12, 140, 1149, 58;
29, 286, 7, 676, 505, -32, 115, 1117, 30;
35, 291, 13, 746, 542, 2, 140, 1135, 52;
32, 285, 9, 721, 486, -24, 126, 1114, 35;
41, 293, 17, 818, 551, 30, 163, 1144, 69;
33, 283, 8, 745, 447, -28, 129, 1104, 33;
38, 286, 12, 799, 470, -2, 148, 1116, 49;
40, 286, 14, 827, 467, 7, 156, 1118, 55;
42, 287, 16, 859, 468, 19, 167, 1121, 63;
43, 286, 16, 873, 451, 19, 169, 1117, 63;
39, 280, 11, 842, 390, -9, 153, 1094, 45;
37, 276, 8, 827, 345, -26, 145, 1079, 34;
44, 282, 15, 903, 392, 16, 174, 1101, 61;
45, 281, 16, 918, 377, 19, 177, 1098, 62;
41, 275, 11, 882, 312, -11, 160, 1074, 43;
48, 281, 18, 958, 360, 32, 190, 1097, 71;
47, 278, 16, 952, 325, 22, 185, 1086, 64;
45, 275, 14, 941, 287, 9, 178, 1073, 56;
45, 273, 14, 946, 264, 7, 179, 1067, 55;
45, 272, 13, 949, 240, 4, 178, 1060, 53;
50, 274, 17, 993, 258, 29, 195, 1071, 69;
48, 271, 15, 982, 221, 18, 189, 1059, 62;
45, 266, 12, 955, 167, -3, 176, 1040, 48;
47, 267, 14, 978, 165, 8, 185, 1043, 55;
42, 261, 9, 936, 99, -22, 166, 1018, 36;
45, 262, 11, 960, 99, -9, 176, 1022, 45;
49, 265, 16, 1005, 120, 18, 193, 1034, 62;
48, 262, 14, 993, 85, 8, 188, 1023, 56;
49, 262, 15, 1004, 74, 15, 192, 1022, 60;
48, 259, 14, 993, 41, 7, 187, 1012, 55;
46, 257, 13, 983, 9, 0, 183, 1002, 50;
44, 253, 10, 959, -34, -15, 173, 987, 41;
41, 249, 7, 933, -79, -32, 163, 972, 30;
43, 249, 9, 949, -83, -21, 169, 973, 37;
45, 250, 11, 966, -85, -9, 177, 976, 45;
44, 248, 11, 960, -108, -10, 175, 970, 44;
45, 247, 11, 959, -127, -9, 175, 965, 44;
41, 242, 7, 921, -182, -32, 160, 946, 30;
50, 250, 17, 1004, -115, 25, 196, 977, 66;
45, 244, 12, 953, -181, -5, 176, 953, 47;
50, 248, 17, 1001, -148, 30, 197, 970, 69;
41, 238, 9, 912, -250, -24, 161, 931, 35;
45, 242, 13, 947, -228, 3, 177, 944, 53;
47, 243, 16, 963, -225, 18, 186, 948, 62;
45, 240, 14, 938, -261, 7, 177, 936, 55;
45, 239, 14, 931, -279, 8, 176, 932, 56;
44, 237, 13, 918, -303, 5, 173, 925, 54;
42, 235, 12, 897, -332, -1, 166, 916, 49;
45, 236, 15, 916, -322, 17, 176, 924, 61;
41, 232, 12, 872, -374, -4, 161, 905, 48;
37, 227, 8, 828, -425, -26, 145, 887, 34;
43, 232, 15, 875, -384, 13, 167, 907, 59;
35, 224, 8, 796, -468, -31, 137, 875, 31;
38, 227, 12, 822, -447, -5, 151, 887, 47;
38, 226, 12, 813, -460, -2, 150, 884, 49;
43, 231, 17, 849, -427, 30, 168, 901, 70;
33, 220, 8, 748, -529, -26, 130, 861, 34;
36, 223, 12, 769, -510, -2, 142, 872, 49;
35, 222, 12, 752, -527, -3, 139, 867, 48;
31, 218, 9, 706, -573, -23, 123, 851, 36;
37, 223, 15, 749, -529, 15, 145, 872, 60;
34, 220, 13, 710, -566, 1, 132, 859, 51;
37, 223, 17, 735, -538, 29, 147, 873, 69;
30, 216, 11, 659, -611, -9, 119, 845, 45;
26, 212, 8, 609, -656, -30, 103, 829, 32;
34, 220, 16, 673, -587, 24, 134, 859, 66;
29, 215, 12, 612, -642, -3, 113, 839, 48;
27, 214, 12, 589, -659, -5, 108, 834, 47;
25, 211, 10, 556, -684, -14, 98, 826, 41;
26, 213, 12, 555, -677, -1, 103, 831, 50;
30, 217, 18, 585, -638, 32, 120, 849, 71;
27, 214, 16, 545, -668, 19, 108, 838, 62;
19, 206, 8, 451, -752, -29, 74, 805, 32;
27, 215, 17, 517, -674, 29, 106, 839, 69;
19, 208, 11, 434, -745, -11, 77, 811, 43;
23, 212, 16, 459, -707, 19, 92, 828, 63;
21, 210, 15, 426, -727, 12, 83, 822, 58;
22, 211, 16, 419, -720, 22, 85, 826, 65;
22, 213, 18, 411, -713, 32, 87, 830, 71;
16, 207, 13, 344, -763, 3, 65, 811, 53;
11, 203, 9, 284, -807, -21, 45, 793, 37;
15, 208, 14, 308, -766, 10, 61, 812, 57;
10, 204, 11, 251, -805, -11, 42, 796, 43;
8, 202, 10, 216, -821, -18, 34, 790, 39;
8, 203, 10, 198, -821, -14, 31, 792, 41;
7, 203, 11, 177, -822, -12, 28, 792, 43;
8, 205, 13, 177, -801, 3, 34, 801, 53;
2, 200, 8, 104, -853, -28, 9, 780, 33;
8, 207, 15, 146, -789, 15, 32, 807, 60;
9, 209, 18, 147, -766, 32, 38, 817, 71;
8, 208, 17, 117, -773, 28, 31, 814, 68;
2, 204, 13, 51, -816, 1, 9, 797, 51;
5, 208, 17, 65, -778, 27, 21, 813, 68;
0, 204, 13, 4, -815, 2, 1, 797, 52;
-3, 202, 10, -44, -838, -13, -12, 788, 42;
-1, 204, 13, -45, -814, 2, -7, 797, 52;
-3, 204, 12, -75, -818, 0, -14, 796, 50;
-5, 203, 12, -105, -822, -4, -21, 794, 47;
-2, 208, 16, -87, -777, 23, -8, 812, 65;
-4, 207, 15, -124, -787, 15, -18, 807, 60;
-5, 207, 15, -146, -781, 16, -21, 809, 61;
-14, 200, 7, -244, -851, -32, -56, 780, 30;
-8, 207, 15, -197, -775, 15, -31, 810, 60;
-12, 204, 11, -256, -805, -7, -50, 797, 46;
-17, 201, 8, -315, -835, -31, -69, 784, 31;
-11, 209, 15, -268, -758, 16, -44, 815, 60;
-15, 206, 12, -322, -782, -4, -61, 804, 48;
-19, 203, 9, -374, -804, -23, -77, 793, 36;
-20, 204, 9, -396, -796, -22, -81, 796, 36;
-20, 206, 11, -401, -771, -11, -78, 805, 43;
-15, 213, 17, -365, -704, 27, -58, 831, 68;
-20, 209, 13, -424, -732, 3, -78, 818, 53;
-19, 211, 14, -436, -712, 10, -77, 825, 57;
-27, 205, 8, -517, -762, -29, -106, 803, 32;
-27, 207, 9, -532, -745, -24, -107, 808, 35;
-22, 214, 15, -495, -676, 14, -87, 835, 59;
-29, 208, 9, -572, -721, -23, -114, 814, 36;
-29, 210, 10, -582, -699, -16, -114, 821, 40;
-30, 210, 9, -607, -692, -19, -120, 822, 38;
-25, 218, 16, -568, -621, 19, -99, 850, 63;
-30, 214, 11, -627, -648, -7, -119, 836, 46;
-31, 215, 12, -646, -634, -6, -122, 840, 46;
-30, 218, 14, -643, -599, 7, -117, 852, 55;
-28, 221, 16, -642, -566, 20, -112, 864, 63;
-32, 220, 14, -681, -573, 6, -124, 858, 55;
-37, 216, 9, -739, -599, -20, -145, 845, 37;
-39, 216, 8, -771, -600, -30, -154, 843, 31;
-39, 218, 9, -777, -573, -23, -153, 851, 36;
-33, 225, 15, -735, -500, 14, -132, 879, 60;
-37, 223, 12, -776, -509, -2, -145, 872, 49;
-34, 228, 16, -758, -459, 20, -134, 890, 63;
-35, 229, 16, -775, -445, 18, -138, 893, 62;
-41, 225, 11, -835, -474, -12, -160, 878, 43;
-38, 229, 14, -817, -425, 8, -149, 896, 56;
-38, 231, 14, -827, -405, 10, -150, 901, 57;
-40, 231, 13, -852, -400, 2, -158, 901, 52;
-40, 232, 13, -861, -379, 4, -159, 906, 53;
-42, 232, 12, -886, -374, -4, -166, 905, 48;
-47, 229, 8, -935, -394, -30, -184, 894, 32;
-46, 231, 9, -936, -366, -23, -182, 902, 36;
-42, 238, 14, -895, -297, 9, -163, 928, 56;
-39, 242, 17, -877, -250, 27, -154, 944, 68;
-40, 242, 16, -893, -238, 22, -158, 946, 65;
-45, 239, 12, -940, -258, -3, -176, 934, 48;
-42, 244, 16, -914, -204, 19, -163, 953, 62;
-48, 239, 9, -982, -246, -21, -190, 933, 37;
-43, 246, 15, -933, -171, 14, -169, 960, 60;
-48, 242, 10, -988, -201, -18, -190, 945, 39;
-44, 248, 14, -948, -136, 11, -173, 968, 58;
-49, 244, 9, -1003, -166, -22, -194, 953, 37;
-49, 246, 10, -999, -137, -16, -192, 961, 40;
-43, 253, 16, -948, -63, 19, -170, 989, 63;
-45, 253, 14, -966, -58, 8, -177, 987, 56;
-47, 252, 12, -984, -54, -1, -184, 986, 49;
-51, 249, 8, -1025, -73, -28, -201, 974, 33;
-47, 255, 12, -985, -12, -1, -184, 996, 50;
-46, 257, 13, -977, 16, 4, -180, 1005, 53;
-51, 253, 8, -1028, -14, -30, -202, 988, 31;
-43, 263, 16, -945, 88, 24, -167, 1027, 66;
-50, 257, 9, -1014, 37, -22, -197, 1003, 36;
-50, 258, 9, -1011, 58, -22, -196, 1008, 36;
-47, 262, 12, -980, 106, -4, -184, 1025, 48;
-50, 261, 9, -1006, 97, -23, -195, 1018, 36;
-44, 268, 14, -949, 170, 11, -173, 1045, 58;
-48, 265, 10, -980, 154, -13, -187, 1035, 42;
-43, 270, 14, -939, 210, 10, -171, 1054, 57;
-41, 273, 16, -915, 248, 23, -162, 1067, 65;
-47, 269, 10, -963, 212, -13, -184, 1049, 42;
-44, 272, 13, -934, 254, 0, -173, 1063, 51;
-45, 272, 12, -936, 263, -6, -176, 1064, 47;
-43, 275, 13, -918, 292, 0, -171, 1072, 51;
-41, 278, 15, -891, 329, 12, -162, 1084, 58;
-41, 279, 14, -882, 347, 11, -160, 1089, 58;
-37, 283, 18, -842, 396, 31, -146, 1106, 70;
-39, 282, 15, -855, 391, 16, -153, 1101, 60;
-36, 286, 18, -820, 433, 31, -142, 1115, 70;
-44, 278, 9, -891, 368, -23, -174, 1085, 36;
-40, 283, 12, -844, 420, 0, -157, 1104, 50;
-41, 282, 11, -847, 421, -11, -162, 1102, 43;
-36, 288, 15, -793, 480, 15, -142, 1123, 60;
-39, 285, 12, -810, 465, -5, -153, 1114, 47;
-40, 284, 10, -813, 464, -16, -157, 1111, 40;
-34, 291, 15, -750, 528, 15, -134, 1135, 60;
-32, 293, 17, -718, 561, 25, -125, 1146, 67;
-36, 290, 12, -748, 531, -4, -141, 1131, 48;
-35, 291, 12, -730, 548, -3, -137, 1135, 48;
-34, 292, 12, -712, 564, -2, -133, 1139, 49;
-31, 295, 15, -672, 601, 12, -121, 1152, 58;
-28, 297, 16, -642, 628, 20, -112, 1161, 63;
-30, 296, 14, -644, 622, 7, -117, 1156, 55;
-32, 294, 10, -656, 604, -13, -127, 1146, 42;
-25, 301, 17, -578, 677, 26, -98, 1174, 67;
-27, 298, 14, -587, 660, 6, -107, 1166, 55;
-23, 302, 16, -542, 699, 23, -92, 1179, 65;
-24, 301, 14, -540, 692, 11, -96, 1175, 58;
-21, 304, 17, -495, 728, 28, -82, 1188, 68;
-24, 300, 13, -516, 697, 0, -96, 1173, 51;
-27, 297, 9, -533, 670, -25, -108, 1160, 35;
-19, 305, 16, -445, 746, 18, -76, 1190, 62;
-25, 299, 9, -487, 692, -23, -98, 1166, 36;
-18, 305, 15, -407, 759, 15, -70, 1192, 60;
-23, 300, 9, -442, 710, -23, -90, 1170, 36;
-15, 307, 16, -353, 785, 21, -58, 1200, 64;
-12, 309, 17, -317, 806, 29, -48, 1208, 69;
-16, 305, 12, -342, 766, -2, -64, 1190, 49;
-15, 305, 12, -321, 770, -4, -61, 1190, 48;
-18, 301, 8, -338, 736, -30, -73, 1175, 31;
-12, 306, 13, -267, 789, 0, -49, 1196, 51;
-10, 307, 14, -235, 802, 5, -41, 1201, 54;
-8, 309, 15, -199, 819, 13, -32, 1207, 59;
-10, 306, 11, -206, 793, -6, -40, 1195, 46;
-9, 306, 11, -186, 793, -9, -37, 1194, 45;
-10, 304, 9, -181, 776, -22, -41, 1187, 36;
-6, 307, 12, -126, 810, -1, -24, 1201, 49;
-2, 310, 15, -76, 837, 14, -9, 1212, 60;
0, 312, 16, -38, 853, 23, 1, 1218, 65;
-6, 304, 9, -85, 782, -23, -24, 1188, 36;
-4, 304, 9, -59, 784, -23, -18, 1189, 36;
-1, 307, 11, -10, 809, -6, -4, 1199, 46;
4, 312, 16, 57, 852, 22, 18, 1217, 64;
1, 308, 12, 44, 814, -3, 7, 1201, 49;
1, 306, 11, 56, 799, -11, 6, 1195, 43;
1, 305, 9, 68, 785, -20, 5, 1190, 38;
3, 306, 11, 104, 794, -12, 15, 1194, 43;
3, 304, 9, 118, 781, -19, 15, 1189, 38;
7, 307, 12, 169, 804, -1, 30, 1199, 49;
6, 304, 9, 167, 773, -19, 24, 1187, 38;
7, 304, 10, 192, 770, -19, 29, 1186, 39;
16, 311, 17, 286, 835, 27, 62, 1214, 68;
16, 310, 16, 301, 821, 22, 63, 1209, 64;
16, 309, 15, 318, 808, 17, 65, 1205, 61;
15, 306, 13, 321, 782, 3, 61, 1195, 53;
13, 303, 10, 317, 748, -14, 54, 1182, 42;
16, 303, 11, 351, 751, -7, 63, 1185, 46;
17, 304, 12, 380, 750, -2, 70, 1185, 49;
24, 309, 18, 455, 794, 32, 96, 1205, 71;
21, 304, 14, 442, 749, 8, 85, 1188, 55;
26, 307, 17, 498, 774, 30, 103, 1200, 70;
22, 302, 13, 475, 720, 1, 89, 1179, 51;
23, 301, 12, 494, 707, 0, 91, 1175, 50;
23, 299, 11, 504, 685, -7, 91, 1168, 46;
23, 298, 11, 519, 668, -12, 92, 1163, 43;
28, 301, 14, 573, 690, 10, 110, 1174, 57;
29, 300, 15, 597, 682, 13, 115, 1173, 59;
26, 295, 10, 578, 631, -13, 103, 1153, 42;
29, 297, 13, 619, 639, 1, 115, 1159, 51;
34, 300, 16, 673, 661, 24, 134, 1170, 66;
34, 298, 16, 683, 640, 19, 134, 1164, 62;
33, 295, 14, 682, 607, 6, 129, 1152, 54;
33, 294, 13, 699, 591, 5, 132, 1148, 54;
32, 291, 11, 695, 555, -8, 126, 1136, 45;
32, 289, 10, 700, 528, -16, 124, 1127, 40;
35, 290, 12, 737, 533, -2, 136, 1131, 49;
35, 288, 11, 747, 511, -7, 136, 1125, 46;
32, 284, 8, 730, 463, -28, 126, 1108, 33;
37, 287, 13, 789, 491, 0, 147, 1122, 51;
36, 284, 11, 783, 454, -12, 141, 1109, 43;
35, 281, 9, 783, 422, -22, 138, 1099, 37;
38, 283, 11, 818, 427, -8, 149, 1104, 45;
40, 283, 13, 844, 422, 0, 157, 1105, 51;
45, 286, 17, 900, 448, 29, 178, 1118, 69;
42, 282, 14, 881, 399, 9, 167, 1101, 56;
37, 275, 8, 834, 323, -29, 145, 1073, 32;
44, 280, 14, 904, 363, 9, 171, 1092, 56;
40, 274, 10, 874, 304, -17, 157, 1071, 40;
41, 274, 11, 891, 292, -12, 161, 1069, 43;
42, 273, 11, 903, 276, -10, 165, 1066, 44;
39, 268, 8, 880, 225, -31, 153, 1048, 31;
46, 274, 15, 956, 274, 13, 183, 1071, 59;
48, 274, 16, 974, 265, 21, 189, 1071, 64;
43, 267, 10, 929, 193, -13, 168, 1044, 42;
46, 269, 13, 959, 197, 2, 179, 1049, 52;
47, 269, 15, 980, 192, 12, 187, 1051, 58;
44, 264, 11, 951, 139, -9, 174, 1032, 44;
41, 260, 8, 925, 88, -30, 162, 1014, 32;
41, 258, 7, 926, 65, -31, 161, 1008, 31;
48, 263, 14, 990, 105, 8, 187, 1028, 56;
51, 265, 17, 1019, 111, 26, 199, 1034, 67;
48, 261, 14, 996, 65, 9, 189, 1018, 56;
50, 262, 16, 1019, 67, 24, 198, 1022, 66;
51, 261, 17, 1024, 51, 27, 200, 1019, 68;
45, 254, 11, 970, -23, -8, 177, 991, 45;
46, 253, 12, 978, -35, -2, 181, 990, 49;
50, 256, 16, 1015, -17, 22, 197, 1001, 65;
45, 249, 11, 962, -89, -11, 175, 974, 43;
41, 245, 8, 930, -139, -31, 162, 957, 31;
44, 247, 11, 956, -130, -11, 174, 964, 43;
45, 247, 12, 962, -141, -5, 177, 963, 47;
45, 246, 12, 963, -156, -2, 178, 960, 49;
45, 244, 12, 956, -178, -3, 177, 954, 48;
46, 244, 13, 964, -185, 5, 181, 955, 54;
42, 240, 10, 926, -237, -15, 167, 937, 41;
42, 239, 10, 921, -254, -14, 167, 933, 42;
43, 239, 12, 926, -262, -6, 170, 933, 47;
46, 241, 15, 948, -251, 14, 181, 940, 59;
41, 235, 10, 897, -313, -14, 162, 918, 42;
45, 238, 15, 929, -291, 13, 178, 930, 59;
40, 232, 10, 877, -352, -14, 158, 908, 41;
45, 237, 16, 921, -317, 20, 178, 926, 63;
44, 235, 15, 902, -343, 15, 173, 918, 60;
43, 233, 15, 887, -366, 13, 169, 912, 59;
45, 234, 17, 895, -364, 26, 176, 915, 67;
36, 225, 9, 809, -455, -22, 143, 880, 36;
39, 228, 12, 829, -440, 0, 154, 890, 50;
39, 228, 13, 824, -448, 5, 155, 889, 54;
37, 225, 11, 792, -484, -7, 145, 877, 46;
33, 221, 9, 750, -527, -24, 131, 862, 35;
32, 219, 8, 727, -552, -30, 125, 854, 31;
39, 226, 16, 787, -492, 19, 153, 882, 63;
39, 226, 17, 779, -501, 24, 153, 881, 66;
30, 216, 8, 682, -596, -28, 117, 844, 33;
33, 220, 12, 707, -569, 0, 131, 858, 50;
29, 215, 9, 659, -614, -20, 116, 842, 38;
28, 214, 9, 635, -635, -25, 109, 835, 35;
27, 213, 8, 614, -651, -26, 105, 831, 34;
33, 219, 16, 664, -597, 18, 130, 856, 62;
34, 220, 17, 663, -592, 30, 134, 860, 69;
23, 210, 8, 552, -696, -30, 92, 819, 31;
27, 214, 13, 578, -662, 0, 107, 835, 51;
22, 209, 8, 518, -714, -26, 87, 815, 34;
22, 209, 9, 508, -715, -19, 88, 817, 38;
22, 210, 11, 499, -714, -11, 89, 819, 43;
21, 208, 10, 473, -729, -14, 83, 815, 42;
25, 213, 15, 499, -692, 17, 98, 831, 61;
19, 207, 10, 430, -749, -14, 75, 810, 42;
19, 208, 12, 421, -745, -5, 76, 813, 47;
21, 210, 14, 422, -730, 10, 82, 820, 57;
16, 206, 11, 367, -771, -11, 64, 805, 43;
16, 206, 11, 350, -773, -7, 62, 805, 46;
20, 211, 17, 375, -732, 24, 78, 823, 66;
13, 205, 11, 302, -789, -8, 53, 801, 45;
9, 201, 8, 248, -826, -29, 36, 787, 32;
17, 211, 18, 314, -742, 30, 69, 823, 70;
10, 204, 11, 233, -804, -7, 41, 798, 46;
14, 209, 17, 260, -758, 26, 57, 817, 67;
8, 204, 11, 186, -813, -6, 32, 796, 46;
10, 207, 15, 196, -782, 16, 42, 809, 61;
8, 205, 14, 159, -798, 7, 32, 803, 55;
1, 199, 8, 79, -857, -29, 4, 779, 32;
4, 204, 13, 98, -815, 0, 18, 797, 51;
8, 208, 17, 117, -773, 29, 31, 814, 69;
6, 208, 17, 92, -775, 28, 27, 814, 68;
-1, 201, 10, 0, -844, -16, -5, 785, 40;
0, 205, 14, 9, -810, 6, 3, 799, 54;
1, 206, 15, -2, -797, 14, 4, 805, 60;
-1, 204, 13, -45, -815, 2, -7, 797, 52;
-2, 205, 14, -62, -805, 7, -9, 801, 55;
-5, 203, 12, -102, -819, -2, -20, 795, 49;
-9, 201, 9, -153, -843, -20, -35, 785, 38;
-3, 208, 16, -111, -774, 24, -12, 813, 65;
-7, 205, 13, -169, -804, 1, -30, 800, 52;
-13, 200, 8, -236, -843, -26, -53, 783, 34;
-11, 204, 12, -227, -805, -4, -43, 798, 48;
-13, 204, 11, -258, -808, -9, -51, 796, 45;
-9, 209, 16, -238, -758, 19, -37, 816, 63;
-19, 201, 8, -339, -830, -31, -74, 785, 31;
-11, 210, 16, -281, -741, 23, -44, 821, 65;
-12, 210, 16, -307, -738, 20, -50, 821, 63;
-17, 207, 12, -363, -763, 0, -67, 810, 50;
-19, 207, 12, -391, -760, -4, -74, 809, 48;
-23, 204, 9, -444, -782, -24, -91, 799, 35;
-18, 211, 15, -408, -715, 14, -71, 825, 59;
-22, 209, 12, -457, -733, -3, -86, 816, 48;
-20, 212, 15, -455, -699, 12, -80, 829, 58;
-24, 210, 11, -505, -718, -6, -96, 819, 46;
-20, 216, 17, -475, -656, 27, -79, 843, 67;
-29, 208, 9, -575, -724, -25, -115, 813, 35;
-28, 211, 11, -575, -692, -11, -111, 824, 43;
-26, 215, 14, -567, -652, 7, -103, 839, 55;
-30, 213, 11, -611, -664, -9, -117, 832, 45;
-33, 211, 8, -658, -678, -27, -132, 824, 34;
-28, 218, 15, -616, -604, 13, -110, 852, 59;
-29, 219, 15, -634, -590, 13, -113, 856, 59;
-30, 219, 14, -660, -584, 8, -120, 856, 56;
-34, 217, 11, -705, -597, -9, -134, 848, 44;
-35, 218, 10, -728, -588, -13, -140, 850, 42;
-37, 218, 10, -751, -579, -17, -146, 851, 40;
-35, 222, 13, -740, -537, 0, -137, 866, 51;
-35, 223, 13, -751, -516, 3, -138, 872, 53;
-37, 223, 12, -776, -509, -2, -145, 872, 49;
-41, 221, 9, -825, -527, -25, -162, 862, 35;
-37, 226, 13, -797, -467, 3, -147, 884, 53;
-35, 230, 16, -783, -422, 22, -138, 900, 64;
-42, 225, 10, -853, -462, -15, -164, 881, 41;
-35, 234, 17, -800, -378, 28, -139, 913, 68;
-42, 229, 11, -868, -416, -8, -164, 894, 45;
-42, 231, 12, -873, -391, -3, -164, 901, 48;
-45, 229, 9, -910, -399, -21, -177, 895, 37;
-39, 236, 15, -865, -324, 16, -155, 923, 61;
-41, 236, 14, -885, -315, 9, -161, 923, 57;
-40, 239, 15, -884, -285, 17, -159, 933, 61;
-40, 241, 16, -888, -261, 20, -158, 939, 63;
-45, 238, 12, -934, -279, -4, -175, 929, 48;
-45, 239, 12, -939, -257, -2, -176, 935, 49;
-45, 240, 12, -949, -240, -4, -178, 939, 48;
-41, 246, 16, -917, -181, 21, -163, 960, 64;
-44, 245, 14, -946, -184, 6, -174, 955, 54;
-47, 243, 11, -975, -188, -9, -185, 950, 44;
-49, 243, 10, -994, -181, -18, -191, 950, 39;
-49, 245, 10, -995, -158, -16, -191, 956, 40;
-47, 248, 12, -981, -120, -5, -184, 968, 47;
-45, 251, 13, -968, -84, 5, -178, 980, 54;
-50, 248, 9, -1010, -102, -20, -195, 969, 38;
-50, 249, 9, -1019, -89, -25, -198, 971, 35;
-44, 256, 15, -962, -10, 13, -174, 1000, 59;
-50, 251, 9, -1019, -46, -23, -198, 982, 36;
-48, 256, 12, -992, 0, -6, -187, 998, 47;
-42, 263, 18, -936, 77, 31, -163, 1027, 70;
-48, 258, 11, -994, 38, -8, -188, 1007, 45;
-44, 263, 15, -955, 95, 15, -172, 1027, 60;
-49, 259, 10, -1000, 69, -15, -191, 1013, 41;
-49, 261, 10, -997, 89, -15, -191, 1018, 41;
-47, 264, 12, -976, 126, -4, -183, 1030, 48;
-41, 270, 17, -924, 195, 27, -162, 1055, 68;
-41, 271, 17, -923, 211, 25, -163, 1059, 66;
-41, 273, 17, -913, 235, 27, -160, 1065, 68;
-42, 272, 15, -926, 236, 15, -167, 1062, 60;
-42, 274, 15, -916, 259, 17, -165, 1068, 61;
-47, 269, 9, -964, 223, -19, -186, 1050, 38;
-41, 276, 15, -900, 300, 18, -161, 1079, 62;
-46, 272, 10, -946, 264, -18, -182, 1061, 39;
-41, 277, 14, -894, 326, 10, -163, 1083, 57;
-42, 277, 13, -895, 334, 3, -166, 1084, 52;
-43, 277, 12, -896, 342, -4, -168, 1083, 48;
-37, 284, 17, -834, 412, 29, -145, 1110, 69;
-44, 277, 9, -900, 353, -21, -175, 1082, 37;
-41, 282, 12, -856, 403, 0, -159, 1100, 50;
-36, 287, 17, -804, 460, 25, -141, 1120, 66;
-41, 282, 11, -843, 425, -9, -160, 1103, 45;
-34, 289, 17, -778, 495, 25, -136, 1129, 66;
-39, 285, 11, -816, 459, -8, -155, 1112, 45;
-38, 286, 12, -795, 482, -4, -150, 1118, 47;
-38, 287, 11, -788, 491, -10, -150, 1119, 44;
-41, 284, 7, -806, 473, -32, -161, 1109, 30;
-40, 285, 8, -788, 491, -31, -157, 1114, 31;
-33, 292, 14, -713, 565, 7, -130, 1142, 55;
-37, 289, 9, -740, 536, -21, -145, 1128, 37;
-37, 288, 8, -734, 539, -29, -147, 1126, 32;
-35, 291, 10, -702, 568, -19, -137, 1136, 39;
-34, 291, 9, -687, 578, -21, -135, 1138, 37;
-34, 291, 8, -678, 582, -28, -136, 1137, 33;
-25, 300, 16, -583, 672, 22, -101, 1172, 65;
-25, 301, 16, -566, 682, 21, -98, 1174, 64;
-24, 302, 16, -544, 697, 22, -93, 1179, 65;
-29, 296, 9, -588, 644, -20, -116, 1155, 38;
-30, 295, 8, -582, 641, -29, -118, 1152, 32;
-24, 300, 12, -519, 694, -1, -97, 1172, 49;
-28, 297, 8, -536, 666, -27, -109, 1159, 33;
-20, 304, 15, -448, 743, 16, -78, 1188, 61;
-22, 301, 11, -462, 717, -7, -88, 1176, 46;
-16, 307, 16, -393, 773, 24, -65, 1198, 65;
-18, 305, 14, -397, 756, 6, -71, 1189, 55;
-20, 302, 10, -405, 733, -13, -80, 1178, 42;
-22, 300, 8, -408, 715, -31, -86, 1170, 31;
-15, 305, 13, -335, 773, 2, -61, 1192, 52;
-16, 304, 11, -328, 763, -8, -64, 1187, 45;
-12, 308, 14, -276, 798, 10, -47, 1201, 57;
-8, 310, 17, -229, 827, 25, -34, 1212, 67;
-12, 306, 12, -249, 789, -3, -47, 1195, 49;
-10, 307, 13, -217, 802, 2, -39, 1200, 52;
-11, 305, 10, -218, 781, -14, -45, 1190, 41;
-7, 308, 13, -167, 811, 2, -30, 1202, 52;
-3, 311, 16, -111, 846, 24, -12, 1216, 66;
-10, 303, 8, -165, 771, -27, -40, 1184, 33;
-8, 304, 9, -133, 780, -23, -32, 1188, 36;
-1, 310, 15, -55, 835, 12, -6, 1211, 58;
-5, 305, 9, -82, 785, -21, -22, 1190, 37;
-3, 306, 11, -42, 801, -11, -12, 1196, 43;
0, 309, 13, 7, 826, 4, 2, 1206, 53;
-3, 303, 7, -23, 770, -32, -15, 1183, 30;
7, 313, 17, 94, 863, 30, 27, 1222, 69;
0, 305, 10, 47, 791, -17, 2, 1192, 40;
6, 310, 15, 117, 834, 12, 26, 1210, 58;
7, 310, 14, 140, 830, 11, 30, 1209, 58;
6, 307, 12, 140, 803, -4, 24, 1198, 48;
9, 309, 14, 183, 818, 7, 36, 1205, 55;
5, 303, 9, 160, 767, -23, 21, 1184, 36;
10, 307, 13, 221, 799, 0, 41, 1199, 51;
12, 308, 14, 254, 804, 6, 49, 1201, 55;
16, 310, 16, 299, 820, 21, 63, 1209, 64;
13, 305, 12, 288, 779, -2, 53, 1193, 49;
11, 302, 9, 281, 742, -22, 44, 1179, 36;
14, 304, 11, 326, 757, -8, 58, 1186, 45;
14, 302, 10, 339, 739, -14, 58, 1180, 41;
18, 304, 13, 387, 757, 1, 73, 1188, 52;
21, 306, 15, 431, 769, 15, 85, 1195, 60;
19, 302, 11, 419, 727, -6, 76, 1179, 46;
24, 305, 15, 475, 751, 15, 93, 1190, 60;
20, 299, 10, 452, 697, -14, 79, 1169, 42;
26, 304, 16, 525, 737, 19, 104, 1188, 63;
27, 303, 16, 544, 725, 18, 108, 1185, 62;
21, 296, 9, 499, 648, -25, 84, 1155, 35;
24, 297, 10, 536, 653, -14, 95, 1158, 41;
25, 296, 10, 554, 639, -15, 98, 1155, 41;
28, 298, 13, 599, 652, 0, 112, 1162, 51;
29, 297, 13, 618, 639, 0, 115, 1159, 51;
34, 300, 17, 676, 665, 26, 135, 1172, 67;
28, 292, 10, 628, 585, -17, 111, 1141, 40;
28, 290, 9, 639, 564, -22, 111, 1134, 37;
36, 297, 16, 725, 617, 23, 143, 1159, 65;
31, 290, 10, 688, 548, -13, 123, 1133, 42;
30, 287, 9, 690, 518, -23, 120, 1123, 36;
39, 294, 17, 781, 577, 26, 154, 1150, 67;
32, 285, 8, 719, 483, -25, 125, 1113, 34;
34, 286, 10, 749, 482, -15, 134, 1116, 41;
41, 291, 17, 828, 529, 26, 163, 1138, 67;
42, 290, 17, 840, 511, 25, 165, 1133, 66;
38, 285, 12, 813, 453, -2, 151, 1112, 49;
42, 287, 15, 856, 465, 17, 165, 1120, 61;
41, 284, 14, 856, 434, 8, 162, 1110, 56;
42, 283, 14, 868, 416, 8, 164, 1105, 56;
36, 276, 8, 823, 341, -29, 143, 1077, 32;
44, 282, 15, 900, 388, 14, 172, 1100, 59;
47, 283, 17, 932, 391, 28, 183, 1104, 68;
42, 277, 12, 898, 328, -1, 167, 1081, 50;
43, 276, 13, 910, 311, 0, 169, 1077, 51;
41, 272, 10, 897, 270, -14, 162, 1063, 42;
42, 271, 11, 909, 254, -12, 165, 1060, 43;
49, 277, 18, 982, 299, 31, 193, 1082, 70;
42, 269, 10, 922, 213, -13, 167, 1049, 42;
42, 267, 10, 926, 190, -15, 167, 1043, 41;
41, 264, 8, 913, 151, -28, 160, 1030, 33;
42, 264, 9, 931, 144, -19, 167, 1030, 38;
41, 261, 8, 923, 111, -28, 162, 1020, 33;
46, 265, 13, 973, 136, 2, 182, 1034, 52;
44, 261, 11, 956, 95, -11, 174, 1020, 43;
50, 265, 16, 1011, 126, 22, 196, 1037, 65;
47, 261, 13, 987, 79, 4, 185, 1020, 53;
44, 257, 10, 959, 28, -15, 173, 1003, 41;
45, 257, 11, 971, 19, -7, 178, 1002, 46;
48, 258, 14, 997, 24, 9, 189, 1008, 56;
48, 257, 14, 998, 4, 10, 189, 1003, 57;
49, 256, 15, 1006, -7, 15, 193, 1002, 60;
48, 254, 14, 996, -36, 10, 189, 993, 57;
45, 250, 11, 969, -82, -7, 178, 977, 46;
51, 255, 17, 1022, -47, 29, 200, 995, 69;
44, 246, 10, 950, -137, -16, 171, 961, 40;
45, 247, 12, 966, -137, -3, 179, 964, 49;
44, 244, 11, 947, -172, -12, 172, 953, 43;
49, 249, 17, 998, -136, 24, 194, 972, 66;
47, 246, 15, 974, -174, 12, 186, 959, 58;
50, 247, 17, 995, -168, 30, 196, 965, 69;
44, 240, 12, 935, -240, -4, 172, 938, 47;
41, 237, 10, 906, -282, -19, 162, 925, 39;
40, 234, 8, 888, -311, -25, 157, 916, 34;
43, 237, 12, 911, -299, -4, 168, 924, 47;
46, 239, 15, 937, -283, 18, 181, 933, 62;
47, 239, 17, 940, -290, 26, 184, 934, 67;
44, 236, 15, 909, -329, 13, 174, 921, 59;
41, 231, 12, 869, -377, -6, 159, 904, 46;
38, 228, 9, 836, -417, -21, 148, 890, 37;
36, 226, 8, 813, -446, -28, 142, 882, 33;
37, 227, 10, 820, -445, -15, 147, 885, 41;
38, 227, 11, 820, -449, -6, 150, 886, 46;
43, 231, 17, 855, -417, 25, 168, 902, 67;
36, 224, 11, 783, -492, -12, 141, 874, 43;
36, 223, 11, 775, -502, -8, 141, 872, 45;
32, 219, 8, 728, -551, -30, 125, 855, 32;
35, 222, 12, 753, -526, -2, 139, 868, 49;
38, 225, 16, 770, -509, 18, 150, 877, 62;
34, 221, 13, 727, -551, 1, 136, 863, 51;
37, 223, 16, 740, -536, 21, 145, 871, 64;
32, 218, 12, 683, -591, -5, 125, 851, 47;
35, 221, 15, 700, -570, 17, 136, 862, 62;
30, 216, 11, 644, -621, -6, 117, 843, 46;
34, 220, 16, 670, -590, 22, 132, 858, 65;
24, 210, 8, 571, -684, -30, 96, 822, 31;
26, 212, 10, 575, -673, -14, 102, 828, 41;
23, 209, 8, 534, -706, -28, 89, 817, 32;
22, 209, 9, 520, -712, -24, 88, 816, 35;
25, 212, 12, 534, -688, -1, 99, 828, 49;
20, 208, 9, 481, -732, -23, 81, 812, 36;
20, 207, 9, 462, -740, -21, 78, 810, 37;
21, 209, 12, 465, -726, -5, 85, 818, 47;
18, 206, 9, 418, -761, -22, 70, 804, 36;
25, 214, 18, 478, -688, 32, 100, 836, 71;
14, 204, 8, 363, -789, -29, 57, 796, 32;
21, 211, 15, 412, -727, 18, 83, 823, 62;
20, 210, 16, 391, -732, 19, 79, 822, 63;
16, 207, 13, 344, -764, 3, 65, 810, 53;
13, 205, 11, 300, -790, -9, 52, 800, 44;
11, 204, 10, 272, -802, -13, 46, 797, 42;
17, 211, 18, 316, -740, 31, 69, 823, 70;
11, 205, 12, 239, -799, -3, 43, 800, 48;
13, 208, 16, 249, -769, 19, 53, 813, 63;
9, 205, 13, 196, -803, 0, 36, 800, 50;
3, 200, 8, 130, -849, -28, 14, 781, 33;
2, 199, 8, 100, -857, -31, 8, 778, 31;
9, 208, 16, 157, -778, 22, 37, 811, 65;
0, 200, 9, 62, -851, -23, 3, 782, 36;
5, 205, 14, 89, -802, 10, 20, 802, 57;
7, 208, 17, 93, -774, 29, 27, 814, 69;
0, 203, 12, 16, -827, -5, 1, 792, 47;
0, 204, 12, 0, -820, 0, 0, 795, 50;
1, 207, 15, 2, -792, 17, 6, 807, 62;
0, 207, 15, -22, -792, 17, 1, 807, 61;
-6, 201, 9, -103, -847, -19, -26, 784, 38;
0, 209, 18, -49, -766, 32, 1, 817, 71;
-2, 208, 16, -90, -780, 22, -9, 811, 64;
-6, 205, 14, -137, -800, 6, -23, 802, 55;
-9, 203, 11, -184, -819, -8, -37, 794, 45;
-4, 210, 18, -147, -754, 32, -16, 820, 71;
-12, 203, 11, -239, -817, -12, -49, 793, 43;
-13, 204, 11, -260, -810, -10, -52, 795, 44;
-8, 210, 17, -225, -745, 28, -32, 821, 68;
-14, 206, 12, -296, -786, -2, -56, 803, 49;
-19, 202, 8, -359, -819, -28, -76, 788, 32;
-17, 206, 11, -350, -781, -7, -68, 803, 46;
-18, 207, 12, -368, -768, -4, -70, 807, 48;
-13, 213, 17, -340, -709, 29, -53, 830, 69;
-21, 206, 10, -429, -768, -14, -85, 805, 41;
-18, 211, 15, -406, -713, 15, -70, 826, 60;
-22, 209, 12, -459, -735, -5, -87, 815, 47;
-27, 205, 7, -522, -766, -32, -108, 801, 30;
-23, 211, 13, -490, -703, 3, -90, 825, 52;
-29, 207, 8, -558, -739, -27, -113, 809, 33;
-25, 212, 12, -538, -687, 0, -100, 828, 50;
-26, 213, 12, -560, -677, -1, -104, 831, 50;
-32, 208, 7, -626, -711, -32, -128, 814, 30;
-24, 219, 17, -555, -607, 28, -93, 855, 68;
-30, 214, 12, -625, -646, -5, -118, 837, 47;
-31, 215, 11, -646, -635, -6, -122, 840, 46;
-34, 214, 10, -683, -639, -18, -133, 836, 39;
-29, 220, 15, -648, -573, 16, -115, 861, 61;
-32, 219, 13, -688, -580, 1, -127, 856, 52;
-29, 224, 17, -667, -527, 27, -115, 875, 67;
-34, 221, 13, -722, -550, 2, -134, 863, 52;
-32, 225, 16, -711, -507, 20, -125, 878, 63;
-33, 225, 15, -732, -497, 16, -131, 880, 61;
-38, 222, 11, -787, -520, -9, -150, 868, 45;
-40, 222, 10, -813, -514, -16, -157, 867, 40;
-36, 228, 14, -785, -455, 11, -142, 889, 58;
-43, 223, 8, -857, -496, -26, -169, 869, 34;
-36, 231, 15, -803, -412, 17, -143, 901, 62;
-36, 233, 17, -804, -382, 26, -141, 911, 67;
-38, 233, 15, -828, -376, 17, -148, 910, 62;
-46, 226, 8, -913, -431, -30, -180, 885, 32;
-43, 231, 11, -892, -381, -9, -169, 902, 45;
-38, 238, 17, -849, -308, 26, -149, 929, 67;
-46, 232, 9, -931, -361, -20, -180, 905, 38;
-40, 239, 16, -881, -283, 18, -158, 934, 62;
-43, 238, 13, -913, -286, 3, -169, 929, 53;
-41, 242, 16, -899, -244, 18, -161, 943, 62;
-43, 241, 14, -922, -240, 8, -169, 942, 56;
-40, 246, 17, -898, -189, 29, -157, 960, 69;
-43, 245, 15, -928, -192, 14, -168, 955, 59;
-42, 247, 16, -923, -162, 21, -165, 964, 64;
-42, 248, 16, -928, -140, 22, -165, 970, 64;
-46, 246, 13, -964, -152, 0, -179, 962, 51;
-49, 244, 10, -998, -161, -18, -192, 955, 39;
-44, 250, 14, -958, -97, 10, -175, 978, 57;
-51, 245, 8, -1023, -138, -30, -201, 958, 31;
-44, 254, 15, -953, -46, 17, -172, 992, 61;
-45, 254, 14, -965, -35, 10, -176, 993, 57;
-45, 255, 14, -971, -19, 7, -178, 997, 55;
-51, 251, 8, -1027, -54, -29, -201, 979, 32;
-43, 260, 16, -950, 43, 22, -169, 1016, 64;
-47, 258, 13, -982, 30, 0, -183, 1007, 50;
-45, 261, 14, -964, 68, 11, -176, 1019, 57;
-50, 257, 9, -1014, 37, -22, -197, 1003, 36;
-43, 265, 16, -947, 122, 20, -169, 1035, 63;
-45, 264, 14, -962, 125, 8, -176, 1033, 55;
-45, 265, 14, -960, 143, 6, -176, 1037, 55;
-49, 262, 9, -998, 121, -21, -193, 1024, 37;
-44, 268, 14, -949, 185, 7, -174, 1048, 55;
-44, 269, 14, -944, 205, 7, -173, 1052, 55;
-48, 267, 10, -976, 187, -17, -188, 1042, 39;
-49, 266, 8, -986, 189, -29, -194, 1039, 32;
-43, 273, 13, -927, 261, 5, -171, 1066, 54;
-47, 270, 9, -960, 240, -21, -186, 1054, 37;
-39, 279, 17, -879, 331, 26, -154, 1089, 67;
-40, 278, 15, -885, 335, 16, -159, 1087, 61;
-38, 282, 17, -855, 374, 29, -149, 1100, 69;
-44, 277, 11, -905, 333, -10, -172, 1080, 44;
-43, 278, 11, -891, 355, -8, -169, 1086, 45;
-44, 278, 10, -892, 361, -16, -172, 1085, 40;
-38, 284, 15, -832, 427, 15, -149, 1110, 60;
-43, 280, 10, -871, 393, -18, -169, 1093, 39;
-43, 281, 9, -862, 407, -21, -168, 1096, 37;
-42, 281, 9, -851, 421, -23, -166, 1099, 36;
-41, 283, 10, -827, 448, -16, -160, 1107, 40;
-35, 289, 14, -771, 506, 11, -140, 1128, 57;
-38, 287, 11, -784, 495, -7, -148, 1121, 46;
-38, 287, 10, -778, 502, -13, -149, 1121, 42;
-36, 289, 11, -755, 524, -8, -143, 1128, 45;
-38, 287, 9, -763, 515, -25, -150, 1122, 35;
-34, 292, 12, -709, 567, 0, -132, 1140, 50;
-28, 298, 17, -647, 627, 29, -110, 1163, 69;
-31, 295, 13, -664, 605, 5, -122, 1152, 54;
-35, 291, 8, -696, 570, -27, -139, 1135, 33;
-32, 294, 11, -655, 606, -12, -126, 1147, 43;
-31, 295, 11, -635, 620, -11, -122, 1151, 43;
-32, 294, 9, -631, 617, -22, -125, 1148, 37;
-29, 296, 10, -599, 641, -14, -116, 1156, 42;
-23, 302, 15, -531, 701, 17, -92, 1179, 62;
-28, 296, 9, -568, 655, -20, -112, 1158, 38;
-28, 297, 9, -552, 661, -23, -111, 1158, 36;
-20, 304, 16, -464, 739, 20, -79, 1189, 63;
-26, 298, 9, -512, 680, -25, -104, 1162, 35;
-17, 307, 17, -411, 768, 27, -67, 1198, 67;
-23, 300, 10, -458, 709, -18, -91, 1171, 39;
-20, 302, 11, -418, 735, -7, -80, 1181, 46;
-17, 305, 14, -373, 765, 7, -67, 1192, 55;
-16, 305, 13, -358, 765, 2, -65, 1191, 52;
-20, 300, 8, -383, 725, -29, -81, 1173, 32;
-11, 309, 16, -280, 811, 23, -44, 1207, 65;
-14, 305, 12, -297, 776, -3, -56, 1192, 48;
-9, 310, 16, -234, 822, 22, -36, 1210, 64;
-9, 309, 15, -221, 817, 15, -35, 1207, 60;
-10, 307, 12, -222, 796, -1, -42, 1197, 50;
-7, 309, 14, -179, 819, 11, -29, 1206, 57;
-4, 311, 16, -135, 843, 24, -17, 1215, 66;
-6, 308, 13, -143, 814, 2, -25, 1203, 52;
-5, 308, 13, -123, 813, 0, -23, 1202, 50;
-2, 310, 15, -76, 837, 14, -9, 1211, 60;
-3, 308, 13, -70, 820, 2, -12, 1204, 52;
-1, 309, 14, -38, 829, 7, -4, 1208, 55;
-4, 305, 10, -52, 791, -18, -16, 1192, 39;
2, 310, 15, 21, 840, 14, 8, 1212, 59;
5, 313, 17, 67, 862, 28, 22, 1221, 68;
3, 309, 13, 57, 826, 5, 12, 1206, 54;
-1, 303, 7, 25, 768, -32, -6, 1182, 30;
2, 305, 10, 73, 790, -16, 7, 1192, 40;
3, 305, 10, 98, 788, -16, 12, 1192, 40;
4, 305, 10, 121, 784, -17, 16, 1190, 40;
10, 310, 15, 196, 831, 16, 42, 1210, 61;
12, 310, 15, 222, 829, 17, 47, 1210, 61;
7, 304, 10, 192, 771, -18, 29, 1187, 39;
16, 311, 18, 291, 840, 31, 64, 1216, 70;
15, 309, 15, 294, 814, 17, 60, 1206, 61;
11, 304, 10, 271, 762, -13, 46, 1186, 42;
15, 305, 13, 315, 776, 0, 58, 1193, 50;
11, 300, 8, 292, 722, -31, 43, 1171, 31;
13, 300, 8, 321, 721, -26, 50, 1172, 34;
20, 306, 15, 404, 773, 12, 79, 1195, 58;
15, 299, 8, 367, 705, -26, 59, 1168, 34;
20, 303, 12, 428, 735, 0, 79, 1182, 50;
22, 304, 14, 464, 740, 8, 89, 1186, 56;
20, 299, 10, 452, 696, -14, 79, 1169, 41;
23, 301, 12, 490, 702, -3, 90, 1173, 48;
25, 301, 13, 524, 705, 4, 99, 1176, 54;
23, 297, 10, 512, 661, -16, 89, 1160, 40;
23, 296, 10, 531, 648, -17, 93, 1157, 40;
24, 295, 9, 547, 632, -20, 95, 1152, 38;
25, 294, 10, 570, 623, -18, 100, 1150, 39;
32, 300, 16, 648, 669, 20, 128, 1171, 63;
29, 295, 11, 625, 614, -7, 114, 1150, 46;
36, 300, 18, 701, 658, 31, 141, 1171, 70;
35, 297, 16, 705, 629, 21, 138, 1161, 64;
37, 297, 17, 730, 623, 26, 145, 1161, 67;
34, 293, 13, 716, 576, 5, 135, 1144, 54;
31, 289, 10, 699, 528, -16, 124, 1127, 40;
32, 287, 10, 714, 510, -18, 126, 1122, 39;
34, 287, 11, 739, 503, -12, 133, 1122, 43;
32, 284, 8, 732, 465, -27, 127, 1108, 33;
41, 291, 16, 823, 525, 23, 161, 1136, 65;
37, 286, 12, 798, 468, -3, 147, 1115, 49;
38, 285, 12, 815, 455, 0, 151, 1113, 50;
35, 279, 8, 788, 396, -28, 137, 1091, 33;
45, 288, 17, 888, 466, 29, 175, 1123, 69;
45, 286, 17, 899, 447, 28, 177, 1118, 68;
40, 280, 12, 859, 377, -5, 158, 1092, 47;
43, 280, 14, 889, 378, 7, 168, 1095, 55;
41, 277, 11, 877, 336, -8, 160, 1081, 45;
45, 279, 15, 923, 353, 15, 177, 1091, 60;
38, 271, 7, 860, 262, -32, 149, 1057, 30;
42, 273, 11, 901, 274, -11, 164, 1065, 43;
42, 271, 10, 908, 253, -13, 164, 1059, 42;
39, 267, 8, 890, 207, -30, 155, 1044, 32;
47, 273, 15, 962, 253, 13, 183, 1066, 59;
44, 269, 12, 942, 207, -4, 174, 1050, 48;
44, 267, 11, 944, 182, -7, 173, 1043, 46;
42, 263, 9, 926, 139, -22, 165, 1028, 36;
41, 261, 8, 920, 108, -30, 161, 1019, 32;
51, 269, 17, 1015, 178, 30, 199, 1051, 69;
42, 259, 8, 933, 72, -26, 165, 1011, 34;
48, 264, 15, 996, 111, 12, 190, 1030, 58;
50, 264, 17, 1016, 109, 24, 198, 1033, 66;
51, 264, 17, 1027, 96, 30, 201, 1031, 69;
43, 254, 9, 947, -4, -23, 168, 992, 36;
42, 252, 8, 943, -29, -26, 166, 986, 34;
48, 256, 14, 994, 0, 7, 187, 1001, 55;
45, 252, 11, 964, -48, -12, 175, 984, 43;
42, 248, 8, 936, -96, -30, 164, 968, 32;
50, 255, 16, 1011, -40, 21, 195, 995, 64;
45, 248, 11, 962, -107, -9, 176, 970, 44;
46, 248, 12, 972, -115, -1, 180, 971, 50;
44, 246, 11, 956, -146, -9, 175, 961, 45;
47, 247, 14, 978, -141, 7, 185, 966, 55;
41, 240, 8, 914, -220, -31, 160, 937, 31;
41, 240, 9, 919, -229, -24, 163, 936, 35;
46, 243, 14, 959, -203, 6, 181, 951, 55;
45, 241, 13, 942, -234, 0, 175, 941, 50;
48, 244, 16, 971, -217, 23, 189, 951, 65;
47, 242, 16, 956, -243, 19, 185, 944, 63;
39, 233, 8, 876, -334, -28, 153, 909, 33;
40, 233, 9, 880, -340, -19, 157, 910, 38;
40, 232, 10, 878, -352, -14, 158, 908, 41;
44, 236, 15, 909, -329, 13, 174, 921, 59;
36, 227, 7, 830, -415, -32, 143, 888, 30;
41, 232, 13, 870, -383, 1, 162, 905, 51;
41, 231, 14, 864, -395, 5, 163, 903, 54;
42, 231, 15, 863, -401, 13, 165, 903, 59;
41, 230, 15, 850, -419, 13, 163, 898, 59;
34, 222, 8, 775, -498, -27, 135, 869, 33;
37, 224, 11, 790, -486, -8, 144, 876, 45;
39, 226, 14, 804, -474, 10, 153, 884, 57;
38, 225, 14, 791, -488, 11, 151, 881, 58;
34, 220, 10, 737, -542, -13, 132, 861, 42;
39, 226, 17, 783, -496, 27, 155, 883, 68;
34, 221, 13, 725, -553, 0, 135, 862, 50;
32, 218, 11, 696, -580, -7, 127, 853, 46;
31, 217, 11, 679, -594, -7, 124, 850, 46;
30, 217, 11, 661, -609, -7, 120, 846, 46;
28, 214, 10, 631, -634, -15, 112, 838, 41;
32, 218, 14, 653, -607, 11, 125, 851, 58;
33, 219, 16, 653, -602, 24, 130, 856, 65;
24, 210, 9, 560, -688, -24, 96, 822, 35;
31, 217, 16, 612, -629, 22, 121, 849, 65;
25, 211, 11, 542, -690, -10, 97, 825, 44;
30, 217, 17, 580, -643, 28, 117, 846, 68;
28, 215, 17, 553, -660, 24, 111, 841, 66;
23, 210, 12, 491, -712, -2, 90, 822, 49;
26, 214, 16, 508, -683, 23, 102, 835, 65;
20, 208, 11, 438, -741, -9, 78, 813, 45;
22, 211, 15, 449, -717, 13, 88, 824, 59;
18, 208, 12, 402, -750, -3, 74, 812, 49;
19, 209, 14, 394, -744, 6, 75, 816, 55;
13, 204, 9, 330, -794, -21, 54, 797, 37;
16, 207, 13, 339, -769, 0, 63, 808, 51;
19, 211, 17, 359, -732, 29, 77, 825, 69;
18, 211, 17, 338, -736, 30, 73, 824, 70;
9, 203, 10, 241, -815, -18, 38, 792, 39;
16, 210, 17, 289, -749, 29, 64, 821, 69;
11, 206, 13, 228, -790, 5, 44, 804, 54;
7, 203, 11, 177, -822, -12, 28, 792, 43;
8, 205, 13, 178, -800, 4, 34, 801, 53;
8, 206, 14, 161, -796, 9, 33, 804, 56;
6, 205, 13, 130, -806, 4, 25, 800, 53;
1, 200, 9, 66, -847, -21, 5, 783, 37;
2, 202, 11, 61, -830, -8, 8, 791, 45;
5, 207, 15, 76, -791, 18, 20, 807, 62;
4, 207, 16, 60, -783, 23, 19, 810, 65;
4, 208, 17, 45, -774, 30, 18, 814, 69;
1, 206, 15, -2, -797, 14, 4, 805, 60;
0, 205, 14, -34, -803, 9, -3, 802, 57;
-7, 199, 8, -115, -858, -27, -31, 779, 33;
-1, 207, 16, -65, -782, 22, -4, 811, 64;
-3, 207, 15, -99, -789, 15, -13, 807, 60;
-4, 207, 15, -121, -784, 17, -16, 809, 61;
-13, 199, 7, -220, -855, -32, -52, 779, 30;
-4, 210, 18, -148, -754, 32, -16, 820, 71;
-8, 207, 15, -196, -775, 15, -31, 811, 60;
-12, 204, 12, -252, -802, -5, -49, 799, 47;
-12, 206, 13, -268, -788, 0, -50, 803, 50;
-9, 211, 17, -246, -737, 30, -35, 824, 69;
-16, 205, 11, -327, -788, -8, -63, 801, 45;
-16, 206, 12, -344, -774, -3, -65, 806, 48;
-13, 211, 16, -327, -727, 23, -53, 824, 65;
-17, 208, 13, -379, -748, 3, -69, 814, 53;
-24, 203, 7, -455, -793, -31, -95, 794, 31;
-19, 210, 13, -422, -729, 4, -77, 819, 54;
-23, 207, 11, -470, -746, -12, -92, 811, 43;
-26, 206, 8, -513, -757, -26, -104, 804, 34;
-23, 211, 13, -489, -702, 3, -90, 826, 53;
-26, 210, 11, -529, -710, -8, -101, 821, 45;
-24, 213, 14, -526, -676, 6, -95, 833, 55;
-29, 210, 10, -584, -701, -17, -115, 821, 40;
-31, 210, 9, -610, -695, -21, -121, 821, 37;
-31, 211, 10, -626, -679, -19, -123, 826, 39;
-31, 213, 10, -637, -658, -13, -123, 832, 42;
-28, 218, 14, -620, -609, 10, -112, 850, 57;
-26, 221, 17, -613, -569, 28, -104, 865, 68;
-31, 219, 13, -664, -588, 5, -121, 854, 54;
-37, 215, 9, -729, -621, -25, -144, 839, 35;
-35, 218, 11, -722, -582, -9, -138, 852, 45;
-34, 221, 13, -720, -549, 2, -133, 864, 52;
-34, 223, 14, -730, -526, 7, -133, 870, 55;
-37, 221, 11, -773, -537, -10, -147, 863, 44;
-32, 228, 17, -733, -466, 26, -127, 890, 67;
-39, 223, 11, -804, -505, -10, -153, 871, 44;
-39, 225, 12, -811, -481, -5, -153, 878, 47;
-34, 231, 17, -775, -414, 27, -135, 903, 68;
-42, 225, 9, -860, -468, -19, -167, 878, 38;
-38, 231, 14, -828, -406, 9, -151, 901, 57;
-37, 233, 16, -827, -375, 19, -147, 911, 62;
-41, 232, 13, -864, -382, 2, -160, 905, 52;
-47, 227, 7, -928, -416, -32, -184, 888, 30;
-45, 230, 9, -921, -380, -21, -179, 899, 37;
-39, 238, 16, -867, -297, 21, -154, 931, 64;
-41, 239, 15, -886, -287, 15, -160, 932, 60;
-48, 233, 8, -960, -333, -27, -188, 910, 33;
-43, 239, 13, -923, -269, 2, -171, 933, 52;
-42, 242, 15, -910, -228, 16, -164, 947, 61;
-43, 243, 14, -926, -217, 10, -169, 948, 57;
-42, 245, 15, -923, -187, 17, -166, 957, 61;
-50, 239, 8, -1001, -239, -30, -197, 932, 31;
-49, 241, 9, -998, -211, -24, -194, 941, 35;
-45, 247, 13, -958, -146, 4, -177, 964, 54;
-50, 243, 8, -1009, -171, -25, -197, 950, 34;
-50, 245, 8, -1012, -151, -25, -197, 955, 34;
-44, 253, 15, -951, -66, 17, -171, 987, 61;
-46, 252, 13, -976, -68, 2, -181, 983, 52;
-43, 256, 16, -945, -15, 24, -168, 1002, 66;
-49, 251, 10, -1006, -54, -15, -193, 982, 41;
-41, 260, 18, -934, 38, 32, -163, 1017, 71;
-51, 252, 8, -1021, -28, -25, -199, 986, 35;
-47, 257, 12, -986, 26, -2, -185, 1006, 49;
-47, 258, 12, -988, 44, -4, -185, 1010, 48;
-42, 265, 17, -939, 112, 26, -166, 1034, 67;
-42, 266, 17, -936, 133, 27, -165, 1040, 68;
-47, 262, 12, -982, 104, -5, -185, 1024, 47;
-50, 261, 9, -1005, 98, -23, -195, 1018, 36;
-41, 271, 17, -920, 199, 30, -161, 1057, 69;
-45, 268, 13, -953, 181, 5, -175, 1046, 54;
-44, 269, 14, -944, 204, 7, -173, 1052, 55;
-45, 269, 12, -954, 209, -2, -178, 1051, 49;
-48, 268, 9, -972, 204, -19, -187, 1045, 38;
-43, 273, 14, -923, 265, 8, -169, 1067, 55;
-48, 270, 9, -961, 238, -22, -187, 1053, 36;
-41, 277, 15, -896, 315, 15, -161, 1082, 60;
-45, 273, 10, -931, 289, -14, -178, 1068, 42;
-42, 277, 13, -898, 331, 0, -167, 1082, 51;
-44, 276, 11, -907, 331, -11, -173, 1079, 43;
-46, 275, 8, -920, 326, -27, -180, 1074, 34;
-45, 276, 8, -907, 346, -26, -178, 1079, 34;
-41, 281, 12, -860, 399, -3, -161, 1098, 48;
-38, 285, 14, -825, 439, 11, -149, 1112, 58;
-41, 283, 11, -843, 426, -8, -160, 1103, 45;
-41, 283, 10, -836, 436, -13, -160, 1105, 42;
-41, 283, 10, -828, 447, -17, -160, 1107, 40;
-32, 292, 18, -739, 538, 32, -126, 1142, 71;
-36, 288, 13, -772, 506, 0, -144, 1126, 51;
-32, 293, 17, -718, 561, 26, -125, 1146, 67;
-39, 287, 9, -775, 504, -22, -152, 1119, 37;
-31, 294, 16, -696, 582, 19, -123, 1149, 62;
-36, 289, 10, -736, 540, -18, -143, 1129, 39;
-30, 296, 15, -665, 609, 17, -118, 1155, 61;
-28, 298, 16, -639, 630, 22, -111, 1162, 64;
-29, 297, 15, -635, 630, 12, -114, 1160, 59;
-27, 299, 16, -607, 653, 19, -106, 1167, 62;
-31, 294, 10, -638, 617, -14, -123, 1149, 42;
-28, 298, 13, -597, 651, 0, -111, 1162, 51;
-29, 296, 11, -595, 645, -11, -115, 1157, 43;
-22, 304, 17, -513, 719, 29, -85, 1186, 69;
-27, 298, 11, -555, 668, -12, -107, 1163, 43;
-19, 305, 18, -468, 745, 31, -76, 1193, 70;
-23, 301, 13, -494, 708, 0, -92, 1176, 51;
-26, 298, 9, -506, 685, -21, -102, 1165, 37;
-17, 306, 17, -413, 766, 25, -68, 1197, 67;
-15, 308, 17, -384, 782, 30, -61, 1202, 69;
-16, 307, 16, -374, 778, 21, -62, 1199, 64;
-23, 299, 8, -432, 706, -31, -91, 1167, 31;
-20, 301, 9, -393, 730, -21, -80, 1176, 37;
-12, 308, 16, -307, 800, 20, -50, 1204, 63;
-16, 304, 11, -329, 762, -9, -64, 1187, 45;
-15, 305, 11, -304, 770, -8, -59, 1189, 45;
-11, 307, 14, -257, 799, 7, -45, 1200, 55;
-8, 310, 16, -215, 822, 19, -33, 1209, 62;
-14, 303, 8, -260, 758, -26, -57, 1182, 34;
-4, 312, 17, -154, 845, 28, -19, 1217, 68;
-8, 307, 12, -173, 805, 0, -32, 1200, 50;
-9, 305, 10, -167, 790, -13, -35, 1193, 42;
-6, 308, 12, -125, 811, -1, -23, 1201, 50;
0, 312, 17, -60, 853, 25, -2, 1218, 66;
0, 312, 17, -36, 854, 25, 1, 1218, 66;
2, 313, 17, -5, 862, 29, 9, 1221, 69;
0, 309, 14, -12, 831, 7, 0, 1208, 55;
0, 309, 13, 6, 825, 4, 2, 1206, 53;
-2, 305, 9, -5, 788, -20, -8, 1191, 38;
0, 305, 9, 17, 787, -20, -3, 1190, 37;
0, 305, 9, 42, 786, -20, 0, 1190, 38;
5, 309, 14, 109, 826, 7, 23, 1207, 55;
6, 308, 13, 125, 815, 1, 23, 1203, 51;
11, 312, 17, 193, 855, 30, 46, 1220, 69;
10, 309, 15, 191, 826, 13, 40, 1208, 59;
10, 308, 14, 206, 812, 6, 40, 1203, 54;
7, 303, 9, 188, 767, -21, 27, 1185, 37;
7, 303, 9, 209, 758, -23, 31, 1182, 36;
15, 309, 15, 292, 812, 16, 60, 1206, 61;
8, 301, 7, 244, 734, -31, 34, 1174, 31;
15, 306, 13, 317, 778, 1, 59, 1194, 51;
18, 307, 15, 357, 787, 12, 70, 1199, 58;
17, 304, 12, 360, 760, 0, 67, 1189, 50;
21, 307, 15, 409, 778, 16, 81, 1197, 61;
22, 307, 16, 439, 777, 20, 89, 1198, 64;
22, 305, 15, 451, 759, 14, 89, 1192, 60;
20, 301, 11, 437, 713, -9, 78, 1174, 44;
17, 297, 8, 429, 673, -29, 70, 1160, 32;
22, 299, 11, 479, 692, -10, 85, 1169, 44;
21, 297, 9, 486, 667, -19, 83, 1161, 38;
24, 298, 11, 521, 670, -10, 93, 1164, 44;
29, 302, 16, 587, 704, 19, 116, 1179, 63;
28, 299, 13, 582, 667, 3, 109, 1166, 52;
31, 301, 16, 629, 682, 21, 124, 1175, 64;
34, 301, 17, 659, 680, 28, 132, 1176, 68;
30, 296, 13, 638, 626, 1, 119, 1156, 51;
32, 296, 14, 664, 621, 6, 126, 1156, 55;
32, 294, 13, 672, 596, 0, 125, 1148, 50;
35, 295, 15, 709, 601, 12, 136, 1152, 58;
28, 287, 7, 660, 520, -32, 112, 1121, 30;
37, 294, 15, 752, 580, 18, 146, 1148, 62;
36, 292, 14, 754, 551, 8, 143, 1139, 56;
39, 292, 16, 786, 551, 19, 153, 1141, 62;
40, 292, 16, 804, 537, 20, 157, 1138, 63;
35, 285, 11, 769, 471, -12, 139, 1114, 43;
42, 290, 16, 838, 509, 23, 164, 1132, 65;
36, 283, 10, 795, 434, -14, 143, 1104, 42;
42, 287, 15, 855, 464, 16, 165, 1119, 61;
38, 281, 10, 822, 400, -13, 148, 1096, 42;
40, 281, 12, 851, 399, -3, 157, 1098, 48;
40, 279, 11, 853, 371, -9, 156, 1090, 45;
45, 283, 16, 909, 397, 20, 176, 1104, 63;
39, 275, 9, 861, 320, -19, 154, 1074, 38;
39, 274, 9, 869, 299, -20, 155, 1069, 38;
38, 271, 8, 864, 265, -30, 150, 1058, 32;
42, 273, 11, 907, 280, -7, 166, 1067, 46;
42, 271, 10, 906, 251, -14, 164, 1059, 42;
42, 270, 10, 913, 231, -14, 165, 1054, 42;
40, 266, 7, 895, 185, -31, 156, 1038, 31;
49, 274, 17, 990, 254, 27, 194, 1070, 67;
43, 266, 10, 932, 170, -15, 168, 1038, 41;
47, 268, 14, 971, 184, 6, 183, 1047, 55;
49, 269, 16, 995, 182, 19, 192, 1050, 62;
46, 264, 13, 970, 133, 0, 180, 1033, 50;
49, 266, 15, 1000, 138, 17, 192, 1038, 61;
48, 263, 14, 991, 106, 9, 188, 1028, 56;
42, 256, 8, 935, 27, -29, 164, 999, 32;
47, 259, 13, 982, 52, 0, 183, 1013, 51;
50, 261, 16, 1012, 60, 19, 195, 1019, 63;
48, 258, 14, 993, 20, 6, 187, 1006, 55;
48, 257, 14, 999, 6, 10, 190, 1004, 57;
49, 256, 15, 1006, -7, 15, 192, 1001, 60;
43, 249, 9, 951, -81, -20, 170, 974, 38;
49, 253, 15, 999, -51, 13, 191, 990, 59;
42, 246, 8, 936, -133, -27, 165, 960, 34;
41, 244, 8, 928, -158, -30, 162, 953, 32;
45, 246, 12, 961, -142, -6, 177, 962, 47;
49, 249, 16, 995, -124, 19, 192, 973, 63;
49, 248, 16, 994, -140, 21, 192, 970, 64;
45, 243, 12, 952, -196, -1, 177, 950, 49;
42, 240, 10, 924, -239, -16, 166, 936, 40;
40, 236, 8, 897, -278, -30, 157, 923, 32;
47, 243, 16, 963, -225, 18, 185, 948, 62;
47, 242, 16, 957, -242, 19, 185, 944, 63;
39, 233, 8, 877, -334, -28, 154, 909, 33;
47, 240, 17, 948, -272, 25, 185, 938, 66;
39, 231, 9, 867, -362, -21, 154, 904, 37;
39, 230, 9, 857, -381, -21, 152, 899, 37;
39, 230, 10, 856, -390, -15, 154, 899, 41;
42, 233, 14, 881, -371, 9, 167, 909, 56;
44, 233, 16, 885, -374, 19, 171, 911, 63;
37, 226, 9, 813, -451, -20, 144, 882, 38;
36, 225, 9, 800, -469, -20, 142, 878, 38;
39, 228, 13, 824, -449, 4, 155, 889, 53;
33, 221, 8, 758, -517, -29, 131, 863, 32;
32, 219, 7, 739, -538, -32, 126, 857, 30;
35, 222, 11, 761, -518, -8, 139, 868, 45;
40, 227, 17, 798, -481, 27, 158, 887, 67;
31, 218, 9, 706, -573, -23, 123, 851, 36;
31, 217, 9, 696, -582, -19, 123, 850, 38;
35, 221, 14, 719, -557, 7, 136, 862, 55;
36, 223, 16, 727, -547, 24, 143, 869, 65;
31, 217, 12, 665, -605, -5, 122, 848, 47;
33, 219, 15, 673, -592, 12, 129, 855, 58;
33, 220, 16, 669, -591, 22, 132, 858, 64;
32, 218, 15, 644, -610, 18, 126, 852, 62;
30, 217, 15, 617, -631, 13, 119, 846, 59;
30, 217, 16, 608, -632, 20, 120, 847, 63;
28, 214, 14, 571, -661, 8, 109, 837, 56;
29, 216, 17, 574, -649, 24, 115, 844, 66;
21, 208, 9, 483, -730, -22, 82, 812, 37;
25, 213, 15, 514, -688, 13, 100, 831, 59;
24, 212, 15, 493, -698, 13, 96, 829, 59;
24, 212, 15, 475, -704, 15, 94, 828, 60;
23, 212, 15, 456, -711, 17, 91, 827, 61;
14, 204, 8, 362, -790, -29, 57, 795, 32;
18, 208, 12, 382, -756, -1, 70, 811, 50;
18, 209, 14, 373, -750, 7, 72, 815, 55;
17, 208, 14, 349, -759, 6, 67, 812, 55;
13, 205, 11, 303, -788, -7, 53, 801, 45;
13, 205, 12, 283, -791, -5, 50, 801, 47;
13, 207, 14, 277, -779, 6, 53, 807, 54;
13, 207, 14, 262, -775, 12, 53, 810, 58;
14, 209, 16, 255, -763, 23, 55, 815, 65;
6, 202, 10, 170, -829, -17, 25, 789, 40;
3, 199, 8, 125, -854, -31, 12, 779, 31;
8, 206, 14, 164, -794, 10, 34, 805, 57;
5, 204, 12, 121, -814, 0, 22, 797, 50;
6, 205, 14, 112, -801, 9, 24, 802, 56;
2, 202, 11, 60, -830, -8, 8, 791, 45;
0, 202, 11, 35, -832, -9, 3, 790, 45;
-2, 200, 9, -6, -851, -21, -8, 783, 37;
1, 205, 14, 14, -805, 9, 5, 802, 56;
2, 207, 16, 10, -784, 23, 9, 810, 65;
-4, 202, 10, -69, -839, -13, -17, 787, 42;
0, 207, 16, -43, -786, 20, -1, 809, 63;
-9, 199, 8, -142, -858, -28, -36, 779, 32;
-4, 206, 14, -109, -799, 9, -17, 803, 56;
-1, 209, 18, -99, -761, 32, -7, 818, 71;
-5, 207, 15, -145, -780, 17, -21, 810, 61;
-11, 203, 11, -213, -819, -11, -43, 793, 44;
-10, 205, 13, -217, -795, 2, -39, 802, 52;
-14, 203, 10, -270, -819, -17, -56, 791, 40;
-16, 201, 8, -307, -827, -26, -66, 787, 34;
-16, 203, 10, -320, -810, -18, -66, 793, 39;
-12, 209, 15, -291, -752, 16, -48, 816, 60;
-14, 209, 15, -320, -750, 12, -55, 816, 58;
-20, 204, 9, -393, -793, -20, -80, 797, 37;
-18, 208, 13, -385, -754, 0, -71, 812, 50;
-21, 206, 11, -426, -765, -12, -84, 806, 42;
-19, 210, 13, -421, -729, 5, -76, 819, 54;
-18, 213, 16, -420, -696, 21, -71, 832, 64;
-21, 211, 14, -464, -709, 6, -84, 825, 54;
-24, 210, 12, -502, -714, -4, -95, 821, 48;
-20, 216, 17, -476, -657, 26, -79, 842, 67;
-28, 209, 10, -564, -713, -18, -111, 818, 39;
-22, 217, 17, -519, -636, 25, -88, 848, 66;
-31, 210, 9, -610, -695, -21, -121, 821, 37;
-31, 212, 10, -621, -674, -15, -121, 828, 41;
-29, 215, 12, -619, -639, -1, -115, 840, 50;
-27, 219, 16, -607, -596, 19, -106, 856, 62;
-36, 212, 7, -703, -660, -32, -142, 827, 30;
-29, 221, 16, -644, -569, 18, -113, 863, 62;
-33, 218, 12, -698, -590, -4, -131, 851, 47;
-31, 222, 15, -683, -543, 16, -121, 868, 61;
-39, 216, 8, -766, -594, -27, -152, 845, 34;
-32, 225, 16, -714, -510, 18, -126, 877, 62;
-33, 225, 15, -730, -495, 17, -130, 881, 62;
-40, 220, 9, -808, -541, -23, -158, 859, 36;
-36, 226, 14, -772, -474, 10, -140, 884, 57;
-40, 224, 11, -820, -490, -11, -156, 875, 43;
-34, 231, 17, -776, -415, 27, -135, 903, 67;
-41, 226, 10, -850, -459, -13, -163, 882, 42;
-40, 229, 13, -843, -421, 0, -157, 895, 51;
-41, 230, 12, -857, -405, -1, -160, 898, 50;
-38, 234, 16, -839, -357, 18, -150, 915, 62;
-44, 230, 10, -901, -389, -14, -173, 899, 41;
-42, 233, 12, -891, -350, -1, -166, 912, 50;
-45, 232, 10, -924, -354, -15, -177, 908, 41;
-45, 234, 11, -928, -329, -12, -177, 914, 43;
-46, 235, 10, -943, -316, -16, -181, 917, 40;
-48, 234, 8, -966, -312, -26, -189, 915, 34;
-39, 245, 18, -888, -205, 31, -154, 956, 70;
-45, 241, 12, -944, -235, -1, -176, 941, 50;
-44, 243, 13, -940, -205, 5, -173, 950, 54;
-43, 246, 15, -930, -168, 16, -167, 962, 61;
-48, 242, 10, -986, -199, -16, -189, 946, 40;
-42, 250, 16, -931, -118, 23, -165, 976, 65;
-49, 245, 10, -995, -158, -16, -191, 956, 40;
-44, 251, 15, -950, -89, 15, -172, 981, 60;
-47, 249, 12, -983, -98, -4, -184, 974, 48;
-42, 256, 17, -938, -31, 27, -165, 999, 67;
-46, 253, 13, -978, -48, 2, -181, 988, 52;
-43, 258, 16, -946, 5, 24, -168, 1007, 66;
-44, 258, 15, -959, 14, 16, -173, 1007, 61;
-50, 253, 9, -1013, -19, -20, -195, 990, 38;
-47, 257, 12, -991, 22, -5, -186, 1004, 47;
-47, 259, 12, -985, 47, -2, -184, 1011, 49;
-43, 264, 16, -948, 103, 21, -169, 1031, 64;
-43, 265, 16, -943, 126, 22, -168, 1036, 64;
-42, 267, 16, -939, 147, 23, -167, 1042, 65;
-41, 269, 17, -925, 178, 29, -162, 1051, 69;
-45, 266, 13, -962, 157, 2, -178, 1039, 52;
-42, 271, 16, -926, 208, 22, -165, 1057, 65;
-47, 267, 11, -969, 180, -9, -183, 1042, 45;
-49, 266, 9, -983, 180, -22, -191, 1039, 36;
-40, 275, 17, -901, 275, 27, -158, 1075, 68;
-46, 270, 11, -951, 237, -10, -180, 1056, 44;
-46, 271, 11, -946, 254, -12, -180, 1060, 43;
-40, 278, 16, -885, 325, 22, -157, 1086, 64;
-48, 271, 7, -957, 263, -32, -189, 1057, 31;
-41, 279, 14, -884, 345, 10, -161, 1088, 57;
-47, 273, 7, -938, 300, -32, -186, 1066, 30;
-43, 277, 11, -897, 349, -11, -171, 1083, 43;
-43, 279, 11, -883, 370, -10, -168, 1089, 44;
-46, 277, 7, -903, 355, -31, -179, 1080, 31;
-44, 278, 8, -884, 380, -27, -174, 1087, 33;
-35, 288, 17, -792, 477, 25, -139, 1124, 66;
-37, 286, 14, -806, 466, 6, -148, 1117, 55;
-42, 282, 9, -838, 437, -23, -164, 1102, 36;
-36, 288, 14, -776, 501, 7, -142, 1126, 55;
-35, 290, 14, -756, 523, 11, -137, 1132, 57;
-35, 290, 13, -754, 526, 2, -139, 1131, 52;
-34, 292, 14, -728, 551, 9, -132, 1139, 56;
-32, 294, 15, -702, 576, 14, -126, 1147, 60;
-34, 291, 12, -716, 560, -5, -135, 1137, 47;
-34, 291, 11, -707, 566, -11, -135, 1138, 43;
-33, 293, 11, -683, 587, -6, -129, 1144, 46;
-27, 298, 16, -622, 644, 21, -108, 1165, 64;
-35, 291, 8, -683, 577, -31, -138, 1135, 31;
-31, 294, 10, -639, 615, -14, -124, 1149, 41;
-26, 300, 15, -574, 674, 15, -101, 1171, 60;
-30, 295, 10, -604, 636, -17, -118, 1153, 39;
-26, 299, 13, -554, 678, 2, -102, 1169, 52;
-26, 299, 12, -545, 678, -5, -103, 1167, 47;
-24, 301, 13, -509, 704, 4, -93, 1176, 53;
-25, 299, 10, -516, 686, -14, -101, 1167, 42;
-22, 302, 13, -469, 723, 3, -86, 1180, 52;
-17, 306, 17, -413, 766, 25, -68, 1196, 66;
-19, 304, 14, -419, 747, 6, -75, 1187, 55;
-20, 302, 11, -417, 735, -6, -80, 1181, 46;
-17, 304, 13, -380, 758, 2, -70, 1189, 52;
-21, 300, 8, -404, 719, -28, -85, 1172, 33;
-12, 308, 16, -307, 801, 21, -50, 1204, 64;
-13, 307, 14, -297, 794, 11, -51, 1200, 58;
-15, 304, 11, -309, 765, -11, -61, 1187, 43;
-13, 306, 12, -271, 785, -2, -51, 1194, 49;
-11, 307, 13, -239, 798, 3, -43, 1199, 52;
-7, 310, 16, -191, 827, 19, -29, 1210, 62;
-9, 307, 12, -197, 801, 0, -37, 1199, 50;
-9, 306, 11, -187, 792, -9, -38, 1194, 44;
-12, 303, 8, -194, 763, -31, -47, 1182, 31;
-8, 305, 10, -149, 786, -17, -33, 1191, 39;
-4, 308, 13, -98, 816, 0, -18, 1203, 51;
1, 313, 18, -25, 865, 32, 6, 1223, 70;
0, 310, 15, -27, 840, 14, 0, 1212, 60;
-5, 304, 8, -67, 776, -28, -22, 1185, 33;
0, 308, 12, -5, 813, -3, -2, 1201, 48;
0, 308, 12, 20, 814, -2, 2, 1201, 49;
-2, 303, 8, 2, 771, -31, -10, 1184, 31;
3, 308, 12, 69, 812, -3, 11, 1201, 48;
3, 306, 11, 82, 799, -10, 11, 1196, 44;
5, 307, 12, 119, 809, -2, 21, 1200, 49;
9, 310, 15, 168, 831, 13, 36, 1210, 59;
7, 307, 12, 164, 799, -5, 28, 1197, 47;
14, 312, 18, 242, 849, 31, 55, 1219, 70;
6, 303, 9, 185, 763, -23, 26, 1184, 36;
7, 303, 9, 209, 758, -23, 30, 1182, 36;
12, 306, 12, 264, 784, -2, 48, 1194, 49;
11, 304, 10, 271, 761, -14, 45, 1185, 42;
15, 305, 13, 316, 776, 0, 59, 1193, 51;
12, 301, 9, 301, 731, -25, 47, 1175, 35;
20, 308, 16, 395, 795, 22, 81, 1203, 64;
15, 301, 9, 355, 724, -19, 59, 1175, 38;
16, 301, 10, 384, 722, -15, 66, 1175, 41;
15, 298, 8, 385, 692, -29, 61, 1164, 32;
20, 301, 11, 441, 717, -6, 80, 1176, 46;
19, 298, 9, 439, 684, -22, 74, 1164, 36;
22, 300, 11, 482, 695, -8, 87, 1170, 45;
26, 302, 14, 532, 713, 10, 103, 1180, 57;
25, 299, 12, 535, 684, -1, 99, 1169, 49;
25, 298, 12, 549, 666, -5, 100, 1164, 47;
24, 295, 10, 552, 637, -17, 97, 1154, 40;
25, 294, 9, 565, 618, -21, 98, 1148, 37;
25, 292, 8, 578, 599, -25, 99, 1142, 34;
33, 299, 16, 669, 658, 22, 132, 1169, 64;
30, 294, 12, 650, 606, -3, 120, 1150, 48;
31, 293, 12, 667, 591, -3, 123, 1146, 48;
28, 289, 8, 648, 540, -28, 111, 1127, 33;
34, 292, 13, 710, 570, 1, 132, 1142, 51;
33, 290, 11, 710, 539, -9, 129, 1131, 44;
36, 292, 14, 754, 550, 8, 143, 1139, 56;
31, 284, 8, 713, 477, -29, 122, 1111, 32;
38, 290, 14, 786, 519, 8, 149, 1131, 56;
37, 287, 12, 782, 484, -3, 144, 1119, 48;
38, 286, 13, 804, 474, 0, 150, 1118, 51;
36, 282, 10, 792, 432, -16, 142, 1103, 40;
39, 283, 12, 825, 433, -3, 152, 1107, 48;
36, 279, 8, 804, 382, -26, 141, 1088, 34;
43, 285, 15, 883, 431, 18, 170, 1111, 62;
38, 277, 9, 834, 352, -21, 148, 1082, 37;
41, 278, 12, 869, 358, -6, 160, 1087, 47;
42, 278, 13, 889, 348, 0, 165, 1086, 50;
43, 278, 13, 905, 335, 3, 170, 1084, 53;
41, 273, 10, 886, 288, -15, 160, 1067, 41;
47, 278, 16, 954, 327, 23, 186, 1087, 65;
43, 272, 12, 918, 263, -5, 169, 1064, 47;
47, 275, 15, 962, 279, 17, 185, 1074, 62;
48, 274, 16, 975, 266, 21, 189, 1071, 64;
43, 268, 11, 934, 199, -9, 171, 1047, 44;
41, 264, 8, 916, 154, -25, 162, 1032, 34;
42, 264, 9, 930, 142, -20, 166, 1030, 38;
45, 265, 12, 960, 147, -3, 177, 1035, 48;
49, 267, 16, 999, 161, 19, 192, 1044, 62;
48, 265, 15, 994, 133, 13, 190, 1036, 59;
43, 258, 9, 946, 61, -20, 169, 1010, 38;
42, 256, 8, 934, 26, -30, 164, 999, 32;
47, 260, 14, 990, 60, 6, 186, 1016, 54;
51, 262, 17, 1023, 71, 26, 199, 1024, 67;
45, 255, 11, 966, -6, -11, 176, 995, 43;
47, 256, 14, 992, -1, 5, 187, 1001, 54;
43, 250, 9, 948, -65, -23, 168, 977, 36;
50, 256, 16, 1013, -19, 21, 196, 1000, 64;
44, 249, 11, 960, -91, -12, 174, 974, 43;
46, 249, 12, 972, -97, -3, 180, 974, 48;
47, 249, 13, 979, -107, 3, 184, 974, 53;
48, 250, 15, 993, -109, 15, 190, 976, 60;
44, 244, 11, 948, -171, -11, 172, 954, 43;
41, 240, 8, 918, -216, -28, 161, 938, 33;
48, 246, 15, 979, -170, 15, 188, 961, 60;
44, 241, 11, 938, -224, -7, 172, 942, 46;
44, 240, 12, 933, -242, -5, 172, 938, 47;
39, 235, 7, 886, -302, -32, 154, 916, 30;
41, 236, 10, 904, -295, -15, 163, 922, 41;
41, 234, 10, 891, -319, -18, 160, 915, 39;
47, 240, 17, 947, -273, 24, 185, 938, 66;
45, 237, 15, 923, -306, 15, 177, 927, 60;
37, 229, 7, 842, -396, -31, 146, 893, 31;
45, 236, 16, 912, -333, 22, 177, 922, 64;
44, 235, 16, 898, -354, 20, 174, 916, 63;
39, 228, 11, 839, -420, -11, 152, 892, 44;
44, 233, 17, 882, -382, 26, 173, 911, 67;
44, 232, 17, 871, -398, 27, 171, 907, 67;
39, 227, 13, 820, -453, 2, 153, 887, 52;
35, 223, 10, 779, -497, -15, 139, 872, 41;
32, 220, 7, 740, -537, -31, 127, 858, 31;
33, 220, 9, 736, -543, -24, 128, 858, 35;
35, 222, 12, 750, -529, -4, 138, 867, 48;
31, 217, 8, 700, -579, -27, 121, 849, 33;
39, 226, 18, 772, -506, 31, 154, 881, 70;
38, 224, 17, 751, -525, 28, 150, 876, 68;
32, 218, 12, 687, -586, -2, 127, 853, 49;
33, 219, 14, 683, -587, 6, 129, 855, 54;
28, 215, 10, 633, -633, -14, 113, 838, 41;
33, 219, 16, 667, -594, 20, 131, 857, 63;
28, 214, 12, 607, -647, -6, 111, 837, 46;
31, 217, 15, 621, -627, 15, 121, 847, 60;
30, 216, 15, 601, -639, 15, 117, 844, 60;
26, 212, 12, 553, -679, -2, 102, 830, 49;
23, 209, 10, 512, -711, -16, 89, 818, 40;
22, 209, 10, 493, -720, -15, 86, 816, 41;
22, 209, 11, 479, -723, -10, 85, 817, 44;
18, 206, 8, 432, -759, -27, 71, 804, 33;
17, 205, 8, 408, -771, -28, 66, 801, 33;
17, 206, 10, 405, -761, -16, 70, 806, 40;
19, 208, 12, 406, -746, 0, 75, 814, 50;
16, 206, 11, 366, -772, -11, 64, 804, 43;
20, 210, 16, 390, -733, 19, 79, 822, 62;
15, 206, 12, 329, -779, -6, 59, 804, 46;
15, 207, 13, 321, -770, 4, 61, 809, 53;
16, 208, 15, 314, -760, 14, 63, 814, 60;
14, 207, 14, 285, -771, 11, 57, 810, 58;
16, 210, 17, 285, -753, 27, 62, 819, 67;
9, 204, 11, 207, -812, -8, 35, 795, 45;
13, 209, 17, 238, -761, 28, 54, 817, 68;
10, 207, 15, 195, -783, 15, 41, 809, 60;
7, 205, 13, 154, -803, 4, 30, 801, 53;
9, 207, 16, 155, -781, 21, 36, 810, 64;
7, 207, 16, 128, -785, 20, 30, 809, 63;
7, 208, 17, 112, -779, 25, 29, 812, 66;
7, 209, 18, 96, -771, 31, 28, 815, 70;
4, 207, 16, 57, -786, 22, 18, 809, 64;
0, 204, 13, 1, -818, 0, 0, 796, 51;
-6, 199, 8, -70, -864, -30, -23, 777, 32;
-7, 199, 8, -96, -866, -31, -28, 776, 31;
-4, 203, 12, -81, -825, -5, -17, 793, 47;
0, 208, 17, -56, -773, 28, 0, 814, 68;
-4, 205, 14, -113, -803, 6, -18, 801, 55;
-8, 203, 11, -157, -820, -6, -31, 794, 46;
-6, 206, 14, -160, -794, 8, -27, 804, 55;
-12, 202, 10, -222, -829, -17, -47, 789, 40;
-11, 204, 12, -225, -803, -3, -43, 799, 49;
-13, 204, 11, -257, -806, -8, -50, 797, 45;
-17, 201, 8, -309, -829, -27, -67, 786, 33;
-14, 205, 12, -301, -792, -6, -58, 801, 47;
-12, 209, 15, -292, -753, 15, -49, 816, 60;
-19, 203, 9, -370, -801, -21, -76, 795, 37;
-17, 208, 13, -359, -759, 1, -66, 811, 51;
-22, 204, 8, -425, -794, -26, -88, 795, 34;
-17, 210, 14, -391, -729, 10, -69, 821, 57;
-20, 209, 13, -430, -737, 0, -80, 816, 50;
-22, 208, 12, -461, -737, -6, -88, 814, 46;
-23, 209, 12, -483, -727, -6, -92, 817, 47;
-23, 211, 13, -494, -707, 0, -92, 824, 51;
-25, 211, 12, -520, -701, -2, -98, 824, 49;
-29, 208, 9, -575, -724, -25, -115, 813, 35;
-30, 209, 9, -591, -709, -22, -118, 818, 36;
-32, 208, 7, -626, -711, -32, -127, 815, 30;
-28, 215, 13, -594, -647, 2, -110, 839, 52;
-32, 212, 9, -646, -667, -19, -127, 829, 38;
-32, 214, 10, -660, -648, -15, -128, 834, 41;
-27, 221, 17, -617, -574, 24, -106, 863, 66;
-37, 213, 8, -719, -643, -30, -144, 832, 31;
-30, 221, 15, -670, -562, 13, -120, 863, 59;
-30, 223, 15, -680, -541, 18, -120, 869, 62;
-30, 225, 17, -683, -511, 28, -117, 879, 68;
-31, 226, 17, -700, -496, 27, -121, 883, 68;
-31, 228, 18, -709, -474, 32, -121, 890, 71;
-38, 222, 11, -788, -521, -10, -150, 867, 44;
-39, 223, 11, -807, -509, -12, -155, 870, 42;
-35, 228, 15, -779, -450, 15, -140, 891, 60;
-37, 228, 14, -805, -444, 7, -147, 891, 55;
-36, 231, 16, -797, -406, 21, -141, 904, 64;
-36, 233, 16, -809, -388, 22, -143, 909, 64;
-44, 226, 9, -891, -438, -23, -174, 884, 36;
-40, 232, 13, -862, -380, 3, -159, 906, 53;
-43, 231, 11, -894, -382, -10, -170, 902, 44;
-39, 236, 15, -863, -322, 17, -155, 924, 61;
-39, 239, 16, -865, -295, 22, -153, 932, 65;
-41, 238, 14, -894, -296, 9, -163, 928, 57;
-39, 242, 17, -874, -248, 29, -153, 945, 69;
-41, 242, 16, -896, -241, 20, -160, 945, 63;
-43, 241, 14, -922, -240, 8, -169, 942, 56;
-41, 245, 16, -906, -197, 23, -161, 956, 65;
-48, 240, 10, -975, -239, -17, -187, 936, 40;
-45, 244, 13, -953, -191, 1, -177, 952, 52;
-47, 243, 11, -973, -186, -8, -184, 951, 45;
-46, 246, 12, -969, -156, -2, -181, 960, 49;
-45, 249, 14, -957, -120, 8, -175, 972, 56;
-51, 244, 8, -1020, -159, -30, -200, 952, 31;
-48, 248, 10, -997, -112, -13, -190, 968, 42;
-45, 253, 14, -964, -57, 9, -176, 988, 57;
-45, 254, 14, -972, -42, 6, -179, 990, 54;
-51, 249, 8, -1027, -75, -29, -201, 973, 32;
-42, 260, 17, -942, 30, 27, -166, 1014, 67;
-46, 257, 13, -978, 14, 3, -181, 1004, 52;
-52, 253, 8, -1030, -16, -31, -202, 988, 31;
-48, 258, 11, -996, 36, -9, -189, 1006, 44;
-46, 261, 13, -972, 79, 4, -179, 1021, 54;
-43, 265, 15, -950, 118, 17, -171, 1033, 61;
-41, 268, 17, -930, 156, 28, -163, 1046, 68;
-43, 267, 15, -943, 159, 17, -169, 1044, 62;
-47, 265, 12, -973, 145, -5, -183, 1034, 47;
-45, 267, 13, -958, 176, 1, -178, 1044, 52;
-42, 271, 15, -929, 220, 17, -167, 1059, 61;
-41, 274, 17, -908, 254, 27, -160, 1070, 67;
-45, 270, 12, -947, 228, -3, -177, 1056, 48;
-47, 270, 10, -958, 229, -15, -184, 1053, 41;
-47, 270, 9, -960, 240, -21, -186, 1054, 37;
-47, 271, 9, -956, 255, -24, -186, 1057, 35;
-38, 280, 17, -866, 354, 28, -151, 1095, 68;
-45, 274, 10, -925, 305, -16, -178, 1071, 40;
-39, 281, 16, -859, 379, 20, -153, 1099, 63;
-47, 274, 7, -927, 318, -32, -184, 1071, 30;
-44, 277, 9, -898, 354, -20, -174, 1083, 38;
-39, 283, 14, -840, 418, 10, -153, 1106, 57;
-42, 281, 10, -863, 401, -13, -165, 1096, 42;
-42, 281, 10, -856, 412, -17, -165, 1098, 39;
-39, 285, 12, -819, 453, -1, -153, 1112, 49;
-36, 288, 15, -784, 491, 12, -142, 1125, 58;
-37, 287, 13, -786, 492, 1, -146, 1122, 51;
-36, 289, 13, -766, 512, 4, -141, 1128, 53;
-34, 291, 14, -739, 540, 12, -133, 1137, 58;
-34, 291, 14, -731, 548, 7, -133, 1138, 55;
-39, 287, 8, -766, 512, -27, -152, 1120, 33;
-32, 294, 14, -695, 581, 8, -126, 1146, 56;
-30, 296, 15, -668, 606, 15, -119, 1154, 60;
-29, 296, 15, -651, 619, 14, -116, 1157, 60;
-35, 290, 8, -697, 568, -28, -139, 1134, 33;
-30, 296, 13, -632, 628, 2, -117, 1156, 52;
-30, 295, 11, -630, 624, -9, -120, 1153, 45;
-28, 298, 13, -593, 654, 2, -109, 1163, 52;
-31, 295, 9, -610, 630, -21, -121, 1151, 37;
-23, 302, 16, -525, 707, 21, -90, 1181, 64;
-30, 295, 8, -580, 643, -28, -118, 1152, 33;
-25, 300, 12, -524, 689, -5, -99, 1170, 47;
-23, 301, 13, -491, 711, 2, -90, 1177, 52;
-25, 299, 9, -503, 688, -19, -100, 1166, 38;
-21, 303, 13, -447, 732, 3, -82, 1183, 53;
-16, 307, 17, -389, 777, 26, -63, 1200, 67;
-20, 303, 12, -412, 741, -3, -78, 1183, 48;
-21, 301, 10, -412, 726, -18, -83, 1176, 39;
-17, 305, 13, -361, 763, 0, -67, 1189, 51;
-11, 310, 18, -291, 817, 31, -43, 1211, 70;
-11, 309, 16, -284, 807, 21, -45, 1206, 64;
-9, 311, 17, -247, 827, 29, -36, 1213, 69;
-14, 304, 11, -286, 770, -11, -57, 1188, 43;
-9, 309, 15, -224, 813, 13, -37, 1205, 59;
-12, 305, 11, -239, 779, -12, -49, 1190, 43;
-5, 311, 17, -155, 843, 27, -19, 1216, 67;
-6, 309, 15, -153, 825, 12, -24, 1208, 58;
-7, 307, 12, -148, 809, 0, -28, 1201, 50;
-1, 312, 17, -82, 853, 26, -6, 1218, 67;
0, 313, 17, -52, 861, 30, 0, 1221, 70;
-5, 306, 11, -90, 801, -10, -20, 1196, 44;
-4, 306, 10, -70, 797, -14, -18, 1194, 42;
0, 310, 14, -11, 832, 8, 0, 1209, 56;