0, 335, 0, 739, 1, 0, 1, 1307, 1;
1, 331, -2, 714, 24, 15, 7, 1291, -8;
14, 337, 5, 752, 113, 63, 54, 1317, 22;
13, 331, 1, 708, 125, 72, 54, 1292, 6;
21, 332, 5, 709, 184, 105, 83, 1295, 20;
28, 332, 8, 703, 241, 136, 111, 1296, 33;
33, 330, 10, 682, 285, 161, 131, 1288, 39;
31, 320, 4, 614, 284, 163, 123, 1251, 18;
38, 320, 8, 598, 338, 193, 150, 1248, 32;
41, 314, 7, 554, 365, 209, 161, 1228, 31;
44, 309, 7, 508, 392, 225, 172, 1208, 31;
50, 308, 11, 485, 442, 252, 197, 1202, 46;
52, 302, 11, 432, 463, 264, 205, 1179, 45;
54, 296, 11, 376, 480, 275, 211, 1154, 44;
55, 289, 11, 318, 495, 284, 217, 1128, 43;
65, 291, 19, 313, 561, 318, 254, 1136, 75;
61, 280, 14, 224, 542, 310, 240, 1092, 57;
66, 277, 18, 188, 574, 326, 257, 1081, 73;
62, 266, 14, 101, 552, 316, 242, 1039, 57;
61, 258, 13, 32, 546, 314, 238, 1008, 53;
70, 261, 23, 30, 604, 343, 273, 1018, 90;
68, 253, 22, -35, 594, 338, 268, 990, 88;
59, 239, 14, -146, 535, 308, 232, 932, 58;
60, 235, 17, -191, 539, 309, 236, 916, 68;
66, 236, 25, -197, 575, 326, 261, 924, 101;
61, 227, 22, -278, 534, 304, 237, 885, 87;
54, 217, 18, -358, 487, 280, 212, 846, 72;
52, 212, 19, -406, 467, 268, 203, 826, 75;
55, 212, 25, -417, 480, 273, 216, 830, 100;
46, 202, 20, -498, 416, 239, 181, 789, 80;
49, 203, 27, -502, 424, 241, 191, 795, 105;
39, 193, 21, -580, 352, 203, 153, 755, 83;
34, 189, 20, -621, 313, 180, 134, 737, 81;
36, 192, 27, -612, 316, 179, 143, 749, 108;
27, 184, 23, -671, 245, 141, 106, 718, 90;
22, 181, 23, -694, 206, 118, 89, 709, 91;
20, 181, 25, -702, 176, 100, 78, 708, 100;
16, 181, 26, -711, 139, 79, 62, 705, 104;
7, 175, 22, -748, 69, 41, 27, 685, 89;
9, 182, 30, -710, 69, 37, 35, 710, 117;
-3, 174, 22, -760, -22, -11, -13, 680, 88;
-8, 174, 22, -758, -68, -37, -34, 680, 87;
-9, 179, 26, -726, -87, -50, -38, 699, 102;
-16, 178, 24, -726, -142, -80, -64, 697, 95;
-17, 184, 28, -687, -162, -94, -69, 718, 109;
-29, 179, 21, -707, -245, -138, -113, 701, 83;
-24, 191, 30, -627, -230, -133, -97, 746, 117;
-38, 185, 21, -653, -324, -183, -148, 723, 82;
-39, 191, 23, -606, -346, -197, -155, 746, 91;
-40, 198, 26, -550, -361, -207, -158, 774, 102;
-42, 204, 27, -500, -384, -221, -166, 797, 107;
-47, 207, 26, -464, -421, -242, -184, 810, 101;
-50, 212, 25, -421, -452, -259, -198, 827, 98;
-54, 216, 23, -379, -482, -276, -213, 844, 92;
-53, 225, 26, -305, -482, -277, -208, 879, 105;
-64, 222, 17, -306, -554, -314, -250, 867, 69;
-63, 230, 19, -235, -553, -315, -246, 900, 77;
-63, 237, 20, -174, -559, -319, -248, 927, 78;
-69, 239, 15, -143, -594, -337, -269, 934, 59;
-65, 249, 18, -60, -574, -328, -255, 974, 73;
-63, 258, 20, 11, -562, -322, -247, 1007, 79;
-62, 265, 20, 73, -556, -319, -244, 1033, 78;
-64, 268, 16, 114, -567, -324, -252, 1047, 65;
-62, 275, 16, 175, -554, -317, -245, 1073, 65;
-62, 280, 15, 226, -547, -312, -243, 1093, 58;
-60, 286, 14, 282, -530, -303, -235, 1116, 56;
-61, 288, 10, 312, -533, -303, -240, 1125, 39;
-53, 299, 15, 401, -473, -271, -207, 1169, 59;
-48, 307, 16, 463, -434, -250, -187, 1198, 64;
-44, 312, 15, 509, -405, -233, -174, 1217, 61;
-46, 311, 9, 519, -407, -232, -181, 1215, 37;
-41, 317, 10, 568, -365, -209, -160, 1237, 40;
-40, 317, 5, 581, -352, -200, -159, 1237, 21;
-37, 319, 3, 605, -323, -182, -147, 1246, 13;
-32, 323, 2, 637, -280, -158, -128, 1260, 11;
-22, 331, 7, 697, -203, -117, -87, 1292, 29;
-19, 331, 4, 704, -174, -99, -76, 1292, 17;
-15, 332, 2, 715, -136, -77, -60, 1295, 10;
-10, 333, 1, 727, -90, -51, -40, 1301, 7;
-7, 331, -1, 719, -61, -33, -30, 1294, -6;
4, 338, 4, 762, 25, 12, 15, 1321, 15;
8, 337, 1, 753, 63, 34, 31, 1316, 7;
5, 329, -6, 702, 63, 37, 23, 1285, -24;
17, 335, 0, 733, 150, 84, 69, 1307, -1;
20, 331, -3, 705, 180, 103, 81, 1293, -13;
20, 323, -10, 650, 188, 109, 78, 1263, -39;
29, 326, -6, 657, 260, 148, 115, 1272, -23;
34, 323, -6, 632, 303, 173, 135, 1263, -25;
39, 320, -7, 602, 343, 195, 153, 1251, -27;
46, 319, -5, 583, 395, 224, 179, 1246, -21;
45, 311, -10, 519, 403, 230, 178, 1214, -40;
44, 302, -15, 448, 405, 233, 174, 1179, -61;
51, 301, -13, 425, 456, 261, 201, 1174, -51;
55, 297, -12, 386, 490, 280, 218, 1160, -48;
62, 296, -9, 363, 540, 306, 245, 1156, -35;
57, 283, -17, 266, 513, 294, 225, 1106, -66;
66, 285, -10, 255, 573, 325, 259, 1111, -42;
67, 278, -12, 196, 582, 331, 263, 1086, -47;
64, 268, -16, 116, 567, 324, 252, 1048, -65;
65, 262, -17, 57, 571, 326, 253, 1023, -69;
64, 255, -19, -7, 566, 324, 250, 995, -76;
68, 253, -15, -36, 593, 337, 267, 989, -61;
66, 246, -17, -101, 580, 330, 260, 960, -68;
59, 234, -24, -195, 534, 306, 233, 913, -94;
64, 234, -19, -215, 557, 317, 249, 913, -74;
61, 227, -21, -278, 534, 304, 237, 885, -82;
59, 222, -20, -323, 522, 297, 233, 867, -80;
59, 219, -18, -361, 513, 291, 232, 855, -73;
50, 207, -26, -451, 446, 256, 195, 809, -101;
45, 201, -27, -505, 410, 236, 177, 785, -108;
41, 195, -29, -554, 373, 215, 159, 763, -114;
39, 193, -27, -579, 354, 203, 154, 756, -106;
34, 189, -28, -618, 315, 181, 136, 739, -110;
37, 192, -22, -610, 318, 180, 144, 750, -86;
27, 184, -27, -667, 249, 143, 109, 720, -105;
20, 179, -29, -707, 193, 112, 81, 701, -116;
22, 184, -23, -685, 192, 109, 88, 718, -90;
15, 180, -25, -717, 134, 76, 59, 702, -101;
14, 182, -22, -703, 114, 63, 55, 713, -86;
2, 175, -28, -752, 27, 17, 9, 684, -112;
1, 179, -24, -727, 10, 5, 6, 700, -95;
-7, 176, -28, -748, -57, -32, -27, 687, -109;
-6, 182, -22, -707, -68, -40, -26, 711, -88;
-11, 183, -22, -694, -111, -65, -45, 716, -87;
-18, 183, -24, -692, -168, -97, -73, 714, -95;
-25, 183, -26, -684, -222, -126, -99, 715, -101;
-27, 188, -23, -644, -247, -142, -107, 735, -90;
-33, 190, -24, -625, -296, -169, -131, 741, -95;
-41, 190, -27, -613, -354, -201, -160, 742, -107;
-44, 194, -26, -574, -386, -219, -174, 758, -104;
-50, 196, -28, -546, -430, -244, -195, 768, -109;
-50, 205, -24, -481, -439, -250, -195, 799, -94;
-49, 214, -19, -409, -440, -253, -191, 835, -76;
-57, 213, -24, -398, -502, -286, -225, 832, -97;
-62, 216, -26, -363, -540, -306, -245, 843, -104;
-61, 225, -22, -288, -535, -305, -239, 879, -88;
-59, 234, -18, -212, -529, -303, -232, 915, -72;
-58, 242, -15, -141, -527, -303, -228, 947, -61;
-66, 242, -21, -125, -576, -328, -258, 945, -83;
-64, 251, -18, -52, -566, -324, -250, 979, -71;
-63, 258, -16, 13, -560, -321, -246, 1008, -63;
-64, 262, -17, 58, -571, -326, -253, 1024, -68;
-65, 267, -17, 110, -571, -326, -254, 1044, -69;
-58, 279, -11, 202, -527, -303, -228, 1090, -44;
-62, 280, -15, 226, -547, -312, -243, 1093, -61;
-56, 290, -10, 307, -504, -290, -219, 1132, -41;
-54, 295, -10, 355, -490, -281, -214, 1151, -40;
-53, 300, -10, 402, -472, -271, -206, 1170, -39;
-54, 301, -13, 424, -473, -269, -211, 1174, -51;
-52, 304, -14, 458, -456, -259, -206, 1186, -55;
-48, 309, -12, 504, -422, -240, -190, 1205, -49;
-43, 314, -10, 552, -381, -217, -170, 1227, -40;
-43, 314, -12, 566, -367, -207, -168, 1228, -50;
-29, 327, -2, 656, -271, -157, -115, 1278, -10;
-34, 321, -10, 628, -288, -163, -133, 1254, -41;
-26, 327, -6, 674, -226, -128, -101, 1278, -23;
-25, 326, -8, 671, -207, -116, -97, 1271, -34;
-18, 329, -5, 699, -151, -85, -70, 1286, -23;
-5, 338, 2, 759, -58, -35, -20, 1321, 11;
0, 339, 3, 764, -15, -11, -1, 1323, 14;
-3, 330, -3, 713, -24, -12, -15, 1290, -15;
4, 333, 0, 728, 38, 22, 15, 1300, 0;
7, 330, -1, 709, 70, 41, 27, 1289, -4;
13, 330, 0, 704, 120, 69, 51, 1289, 3;
18, 328, 1, 688, 163, 94, 70, 1282, 7;
22, 326, 2, 667, 205, 118, 89, 1274, 11;
33, 329, 9, 679, 282, 160, 129, 1286, 37;
31, 320, 4, 609, 280, 161, 121, 1248, 15;
41, 322, 10, 613, 354, 201, 160, 1257, 41;
41, 315, 8, 556, 368, 210, 162, 1230, 32;
41, 306, 4, 489, 373, 215, 159, 1196, 18;
48, 305, 9, 469, 426, 244, 187, 1192, 36;
49, 299, 8, 415, 445, 256, 194, 1168, 34;
55, 297, 12, 383, 486, 278, 215, 1158, 48;
62, 295, 17, 359, 535, 304, 242, 1153, 68;
62, 289, 17, 298, 546, 311, 245, 1127, 66;
62, 280, 15, 228, 546, 312, 242, 1095, 60;
65, 276, 18, 186, 572, 325, 256, 1080, 71;
61, 265, 13, 95, 546, 313, 239, 1035, 53;
69, 267, 22, 86, 600, 341, 271, 1041, 86;
69, 260, 22, 27, 601, 341, 272, 1017, 89;
61, 246, 15, -79, 550, 316, 240, 962, 61;
60, 239, 15, -141, 540, 310, 235, 935, 61;
64, 238, 21, -166, 563, 321, 251, 931, 83;
60, 230, 19, -240, 533, 305, 234, 897, 74;
61, 227, 22, -275, 536, 306, 239, 887, 88;
63, 225, 27, -304, 541, 307, 245, 879, 105;
51, 210, 18, -413, 461, 265, 199, 822, 71;
55, 213, 26, -416, 481, 273, 216, 831, 101;
50, 206, 24, -472, 442, 252, 197, 805, 96;
47, 202, 25, -513, 414, 236, 185, 789, 99;
38, 193, 21, -582, 350, 201, 151, 753, 82;
39, 194, 26, -587, 346, 197, 155, 758, 102;
36, 191, 27, -616, 311, 177, 140, 746, 105;
24, 181, 20, -689, 228, 132, 95, 707, 79;
21, 180, 22, -702, 199, 115, 84, 704, 87;
16, 178, 22, -724, 153, 89, 64, 694, 86;
15, 180, 26, -712, 138, 78, 62, 705, 104;
13, 181, 28, -710, 107, 60, 51, 709, 112;
9, 182, 30, -708, 71, 39, 36, 711, 118;
2, 180, 29, -719, 18, 9, 11, 705, 113;
-7, 176, 24, -748, -57, -32, -27, 687, 93;
-5, 183, 30, -699, -60, -36, -21, 716, 120;
-10, 185, 31, -684, -101, -60, -39, 723, 121;
-22, 179, 23, -718, -193, -109, -88, 698, 90;
-29, 179, 21, -708, -246, -138, -114, 700, 83;
-32, 183, 22, -676, -280, -158, -127, 715, 86;
-33, 190, 26, -622, -293, -168, -129, 743, 101;
-42, 188, 20, -625, -365, -206, -167, 734, 79;
-44, 194, 22, -576, -387, -220, -174, 757, 86;
-48, 198, 21, -538, -422, -240, -190, 773, 83;
-44, 210, 28, -447, -404, -233, -174, 821, 112;
-51, 211, 24, -425, -455, -261, -201, 825, 95;
-58, 213, 20, -400, -504, -287, -226, 830, 79;
-58, 220, 22, -334, -511, -292, -226, 861, 87;
-59, 226, 22, -279, -527, -301, -233, 884, 86;
-57, 236, 25, -200, -518, -298, -225, 922, 99;
-67, 234, 16, -196, -582, -331, -263, 913, 64;
-63, 245, 21, -106, -558, -319, -246, 957, 82;
-59, 255, 24, -25, -539, -310, -233, 996, 95;
-68, 252, 14, -21, -595, -338, -268, 986, 58;
-61, 265, 20, 77, -552, -316, -241, 1036, 81;
-68, 264, 13, 91, -590, -335, -266, 1032, 51;
-58, 279, 21, 204, -526, -302, -228, 1091, 82;
-65, 277, 12, 209, -563, -320, -253, 1083, 48;
-62, 284, 12, 271, -541, -308, -242, 1110, 49;
-60, 289, 11, 318, -527, -300, -237, 1128, 42;
-51, 301, 17, 413, -460, -265, -199, 1177, 67;
-56, 299, 8, 413, -484, -275, -218, 1167, 33;
-48, 308, 11, 484, -431, -246, -190, 1201, 45;
-45, 312, 10, 527, -399, -228, -176, 1219, 42;
-47, 311, 4, 532, -401, -227, -183, 1214, 17;
-36, 321, 9, 608, -325, -186, -142, 1254, 38;
-33, 323, 7, 630, -297, -170, -131, 1261, 28;
-34, 321, 0, 624, -293, -165, -135, 1252, 3;
-26, 327, 3, 670, -230, -130, -104, 1275, 13;
-18, 332, 5, 711, -167, -96, -72, 1296, 21;
-18, 329, 0, 697, -154, -86, -72, 1284, 0;
-7, 336, 4, 746, -71, -42, -28, 1313, 19;
-3, 335, 2, 744, -36, -21, -14, 1310, 9;
-3, 330, -3, 713, -24, -12, -15, 1290, -15;
1, 331, -4, 715, 25, 15, 7, 1292, -16;
7, 330, -5, 709, 71, 41, 28, 1290, -19;
12, 330, -5, 702, 119, 69, 50, 1288, -21;
15, 326, -9, 670, 146, 85, 59, 1271, -35;
21, 325, -8, 659, 198, 114, 84, 1269, -33;
28, 325, -7, 651, 254, 145, 112, 1268, -27;
33, 322, -7, 626, 296, 169, 131, 1258, -29;
34, 315, -12, 569, 310, 179, 132, 1230, -48;
45, 318, -6, 577, 389, 221, 175, 1242, -24;
48, 314, -7, 537, 421, 239, 189, 1225, -29;
44, 302, -16, 446, 404, 233, 173, 1178, -62;
51, 300, -13, 422, 453, 259, 199, 1172, -53;
55, 297, -12, 385, 488, 279, 217, 1159, -49;
58, 292, -13, 337, 514, 293, 228, 1140, -51;
58, 284, -16, 269, 516, 296, 227, 1108, -64;
57, 276, -19, 201, 519, 298, 226, 1078, -76;
59, 270, -19, 148, 534, 307, 233, 1056, -77;
66, 270, -15, 125, 576, 328, 257, 1054, -59;
65, 263, -16, 63, 577, 329, 257, 1027, -65;
61, 252, -21, -21, 552, 317, 241, 986, -85;
64, 249, -19, -62, 567, 324, 251, 973, -77;
63, 242, -21, -124, 558, 319, 246, 946, -82;
64, 238, -19, -167, 562, 321, 250, 931, -77;
59, 229, -23, -244, 529, 303, 232, 895, -92;
63, 229, -18, -265, 547, 311, 246, 893, -74;
54, 216, -26, -360, 486, 279, 211, 845, -102;
54, 214, -23, -391, 482, 276, 213, 836, -92;
56, 213, -19, -411, 486, 276, 219, 833, -77;
49, 205, -24, -480, 434, 248, 192, 800, -93;
44, 199, -25, -529, 397, 227, 175, 778, -99;
39, 193, -27, -581, 352, 202, 152, 754, -108;
40, 195, -22, -581, 352, 200, 159, 761, -87;
30, 186, -28, -650, 278, 160, 119, 725, -111;
28, 185, -26, -661, 255, 146, 112, 724, -101;
28, 187, -22, -660, 240, 135, 110, 730, -87;
18, 180, -27, -710, 168, 96, 73, 703, -106;
17, 182, -23, -704, 147, 83, 67, 710, -92;
8, 176, -28, -741, 76, 44, 31, 689, -109;
9, 182, -21, -706, 73, 40, 37, 713, -83;
-4, 173, -31, -768, -31, -15, -19, 674, -121;
-7, 176, -28, -748, -58, -32, -28, 686, -110;
-9, 180, -24, -721, -82, -47, -35, 702, -97;
-14, 180, -25, -713, -129, -74, -57, 705, -98;
-17, 184, -23, -687, -163, -94, -69, 718, -91;
-24, 184, -25, -680, -218, -124, -96, 718, -99;
-31, 184, -27, -667, -270, -153, -121, 721, -105;
-29, 194, -20, -598, -269, -156, -114, 757, -79;
-38, 192, -25, -597, -338, -193, -150, 751, -97;
-43, 195, -25, -567, -378, -216, -169, 763, -99;
-43, 203, -21, -503, -387, -222, -168, 795, -82;
-47, 208, -21, -463, -420, -241, -183, 811, -82;
-53, 210, -23, -434, -465, -265, -206, 819, -91;
-58, 212, -25, -405, -508, -289, -229, 828, -101;
-60, 218, -24, -349, -526, -299, -236, 851, -96;
-57, 228, -19, -266, -514, -295, -225, 892, -75;
-62, 231, -21, -232, -550, -314, -245, 902, -85;
-68, 232, -25, -204, -590, -335, -267, 908, -100;
-64, 244, -19, -113, -565, -323, -250, 953, -76;
-61, 254, -15, -32, -546, -314, -238, 991, -59;
-61, 260, -14, 22, -551, -316, -240, 1014, -58;
-64, 263, -17, 61, -568, -325, -251, 1026, -67;
-66, 266, -18, 103, -578, -329, -258, 1040, -73;
-61, 276, -14, 184, -545, -312, -240, 1078, -55;
-61, 281, -14, 234, -539, -308, -238, 1098, -56;
-56, 290, -10, 306, -505, -290, -220, 1132, -41;
-60, 290, -15, 322, -523, -298, -234, 1131, -60;
-52, 300, -9, 406, -467, -268, -203, 1173, -36;
-52, 303, -11, 437, -460, -263, -203, 1182, -43;
-48, 308, -9, 485, -429, -246, -189, 1202, -38;
-47, 310, -11, 514, -412, -235, -184, 1212, -43;
-43, 314, -10, 551, -381, -217, -171, 1226, -41;
-34, 323, -3, 622, -311, -179, -133, 1263, -15;
-39, 318, -12, 598, -330, -186, -152, 1241, -46;
-28, 327, -5, 662, -255, -146, -112, 1275, -20;
-25, 328, -5, 680, -220, -126, -98, 1281, -20;
-16, 334, 0, 724, -154, -89, -64, 1305, -1;
-13, 334, -1, 729, -121, -70, -51, 1304, -4;
-14, 329, -6, 702, -115, -64, -55, 1286, -23;
-1, 338, 2, 758, -21, -14, -5, 1319, 10;
-3, 331, -3, 717, -20, -10, -12, 1293, -12;
5, 334, 1, 735, 45, 25, 20, 1304, 4;
11, 335, 3, 735, 97, 54, 44, 1306, 12;
19, 336, 7, 742, 159, 89, 75, 1313, 27;
24, 335, 8, 730, 206, 115, 96, 1308, 33;
22, 325, 2, 662, 200, 116, 85, 1270, 8;
30, 327, 7, 663, 266, 151, 119, 1276, 27;
39, 328, 12, 660, 330, 186, 152, 1280, 47;
38, 320, 8, 598, 339, 193, 151, 1248, 32;
46, 319, 12, 583, 395, 224, 179, 1246, 49;
48, 314, 12, 536, 420, 239, 189, 1225, 48;
48, 306, 9, 472, 429, 246, 189, 1194, 38;
56, 305, 15, 454, 484, 275, 219, 1192, 59;
52, 294, 9, 366, 470, 270, 205, 1148, 38;
53, 287, 9, 306, 482, 277, 209, 1120, 35;
59, 285, 13, 275, 523, 299, 231, 1112, 52;
61, 280, 15, 226, 544, 311, 241, 1093, 59;
66, 277, 18, 189, 574, 327, 258, 1081, 73;
62, 266, 14, 101, 552, 316, 242, 1039, 57;
66, 264, 19, 67, 581, 331, 259, 1029, 74;
68, 259, 21, 21, 595, 338, 268, 1013, 85;
65, 250, 19, -55, 574, 328, 255, 977, 76;
69, 249, 25, -82, 599, 340, 271, 972, 97;
65, 240, 22, -160, 570, 324, 255, 936, 87;
65, 235, 24, -206, 566, 322, 255, 918, 95;
60, 226, 21, -281, 530, 303, 235, 883, 85;
53, 216, 17, -361, 484, 278, 210, 844, 70;
57, 217, 24, -372, 502, 286, 225, 848, 97;
51, 208, 21, -442, 455, 260, 200, 814, 85;
49, 205, 23, -477, 437, 250, 194, 802, 93;
42, 197, 20, -545, 381, 219, 165, 768, 79;
46, 200, 28, -534, 398, 226, 181, 783, 111;
42, 196, 28, -571, 362, 205, 165, 768, 112;
37, 192, 28, -607, 320, 181, 146, 752, 111;
27, 184, 23, -669, 248, 142, 108, 720, 91;
20, 179, 20, -711, 189, 110, 79, 699, 81;
18, 180, 24, -709, 169, 97, 73, 704, 95;
12, 177, 23, -734, 117, 68, 48, 692, 90;
11, 179, 26, -723, 94, 53, 43, 701, 104;
6, 179, 27, -728, 51, 28, 24, 699, 105;
-3, 174, 22, -758, -21, -10, -13, 681, 88;
-4, 179, 27, -728, -38, -22, -15, 699, 106;
-5, 183, 30, -698, -59, -36, -21, 716, 120;
-16, 179, 25, -723, -139, -79, -63, 699, 97;
-20, 181, 25, -706, -181, -103, -81, 706, 97;
-27, 181, 22, -699, -237, -134, -108, 706, 88;
-26, 189, 28, -636, -239, -138, -102, 740, 112;
-36, 187, 22, -643, -314, -178, -142, 730, 88;
-39, 192, 24, -601, -342, -195, -152, 749, 93;
-44, 194, 22, -573, -385, -219, -173, 759, 87;
-47, 200, 23, -527, -411, -234, -183, 780, 90;
-52, 202, 20, -498, -455, -258, -205, 789, 80;
-55, 207, 20, -452, -482, -274, -217, 808, 79;
-59, 211, 19, -407, -511, -290, -231, 826, 74;
-55, 223, 25, -317, -493, -283, -215, 872, 98;
-62, 223, 19, -297, -545, -310, -245, 873, 75;
-58, 235, 24, -208, -525, -301, -230, 917, 94;
-66, 235, 17, -188, -574, -327, -258, 918, 69;
-60, 248, 24, -86, -538, -309, -234, 969, 95;
-63, 251, 20, -49, -564, -322, -249, 980, 79;
-70, 251, 13, -30, -604, -343, -274, 980, 52;
-68, 259, 14, 38, -591, -336, -266, 1011, 56;
-68, 265, 13, 92, -589, -335, -265, 1033, 52;
-61, 277, 18, 187, -542, -310, -238, 1081, 72;
-60, 282, 17, 238, -534, -306, -235, 1101, 66;
-64, 282, 10, 256, -555, -315, -251, 1101, 40;
-61, 289, 10, 316, -529, -301, -238, 1127, 41;
-52, 300, 16, 407, -467, -268, -203, 1173, 63;
-55, 299, 9, 417, -480, -273, -216, 1169, 36;
-50, 306, 10, 473, -441, -252, -197, 1195, 39;
-48, 309, 7, 506, -420, -239, -189, 1206, 29;
-41, 317, 10, 567, -365, -209, -161, 1236, 39;
-40, 317, 5, 581, -352, -200, -159, 1238, 22;
-38, 318, 2, 600, -328, -185, -150, 1243, 10;
-30, 325, 5, 654, -263, -150, -117, 1270, 21;
-19, 333, 10, 713, -187, -109, -77, 1302, 39;
-17, 333, 6, 718, -159, -92, -67, 1301, 26;
-11, 336, 7, 743, -108, -63, -43, 1313, 27;
-14, 329, -1, 703, -114, -63, -55, 1286, -7;
-4, 335, 1, 738, -41, -24, -17, 1306, 6;
-5, 329, -5, 706, -31, -15, -19, 1286, -19;
8, 338, 2, 757, 66, 36, 33, 1318, 9;
14, 338, 2, 756, 117, 65, 57, 1319, 9;
17, 334, -1, 730, 146, 82, 67, 1305, -4;
17, 328, -6, 687, 162, 94, 69, 1281, -24;
22, 326, -7, 668, 206, 118, 89, 1274, -28;
29, 325, -6, 653, 256, 146, 113, 1270, -26;
36, 326, -4, 646, 317, 179, 143, 1271, -16;
40, 322, -5, 611, 351, 199, 158, 1256, -22;
40, 313, -11, 547, 359, 206, 157, 1224, -43;
42, 308, -13, 497, 381, 219, 165, 1201, -53;
54, 312, -6, 509, 466, 264, 212, 1217, -23;
54, 304, -9, 446, 476, 271, 214, 1187, -38;
60, 302, -7, 418, 521, 295, 237, 1180, -29;
54, 288, -17, 313, 489, 281, 213, 1125, -66;
57, 284, -16, 267, 515, 295, 226, 1107, -65;
61, 279, -16, 221, 538, 308, 238, 1090, -64;
66, 277, -13, 190, 575, 327, 258, 1082, -51;
67, 271, -14, 132, 583, 332, 262, 1058, -55;
65, 263, -17, 61, 575, 328, 256, 1026, -66;
70, 261, -13, 29, 603, 342, 273, 1018, -53;
60, 245, -23, -86, 543, 312, 236, 958, -92;
68, 248, -15, -90, 591, 336, 266, 967, -62;
61, 235, -22, -186, 543, 311, 238, 919, -89;
66, 236, -16, -201, 571, 324, 258, 921, -66;
57, 223, -24, -302, 509, 292, 222, 870, -97;
59, 222, -20, -326, 519, 296, 232, 866, -81;
56, 216, -21, -379, 495, 282, 221, 844, -85;
48, 206, -27, -459, 438, 252, 190, 804, -106;
54, 209, -19, -451, 463, 262, 210, 818, -75;
45, 200, -24, -526, 400, 229, 177, 780, -97;
43, 197, -23, -554, 378, 216, 169, 771, -91;
39, 193, -23, -591, 342, 195, 153, 756, -93;
36, 191, -22, -614, 313, 178, 141, 748, -89;
26, 183, -28, -678, 239, 138, 102, 714, -112;
24, 183, -26, -687, 213, 122, 93, 713, -103;
18, 179, -27, -715, 163, 94, 70, 700, -109;
10, 175, -30, -747, 103, 61, 40, 684, -119;
7, 176, -28, -745, 73, 43, 29, 687, -111;
2, 175, -29, -754, 25, 16, 8, 683, -113;
-3, 174, -29, -757, -19, -9, -12, 682, -113;
-8, 174, -29, -756, -66, -36, -33, 682, -114;
-14, 174, -30, -753, -114, -63, -55, 682, -117;
-15, 179, -26, -718, -135, -77, -60, 701, -101;
-24, 177, -29, -727, -203, -114, -94, 693, -116;
-22, 186, -22, -663, -201, -116, -86, 728, -88;
-26, 189, -22, -638, -241, -139, -104, 739, -87;
-35, 187, -26, -640, -311, -177, -140, 732, -105;
-35, 196, -21, -575, -316, -182, -136, 765, -83;
-45, 194, -27, -577, -389, -221, -175, 757, -105;
-43, 203, -21, -504, -388, -223, -169, 794, -83;
-51, 204, -25, -487, -444, -253, -199, 796, -97;
-52, 210, -23, -433, -464, -265, -206, 820, -90;
-52, 218, -19, -364, -468, -269, -204, 853, -75;
-55, 223, -19, -316, -492, -282, -215, 872, -75;
-59, 227, -20, -277, -525, -300, -232, 885, -81;
-59, 234, -18, -213, -531, -304, -233, 914, -73;
-68, 232, -25, -204, -590, -334, -267, 908, -100;
-60, 248, -15, -90, -541, -311, -236, 967, -61;
-63, 251, -17, -47, -561, -321, -247, 982, -68;
-69, 252, -22, -24, -598, -340, -270, 984, -87;
-63, 264, -16, 68, -561, -321, -247, 1030, -62;
-64, 268, -17, 114, -567, -324, -252, 1047, -66;
-59, 279, -11, 199, -530, -305, -230, 1088, -46;
-66, 276, -19, 199, -574, -326, -260, 1076, -77;
-64, 282, -18, 258, -553, -314, -250, 1102, -71;
-56, 293, -12, 343, -502, -287, -221, 1144, -47;
-60, 292, -17, 356, -518, -293, -235, 1141, -67;
-54, 300, -13, 421, -476, -271, -213, 1172, -53;
-46, 310, -7, 498, -417, -239, -181, 1210, -30;
-44, 313, -8, 530, -397, -227, -174, 1221, -33;
-45, 312, -12, 539, -393, -223, -178, 1219, -48;
-42, 315, -11, 572, -361, -204, -164, 1232, -46;
-32, 324, -5, 637, -291, -167, -128, 1265, -22;
-27, 328, -4, 670, -247, -142, -107, 1280, -15;
-23, 330, -3, 691, -209, -120, -91, 1288, -13;
-18, 332, -2, 712, -166, -95, -71, 1297, -9;
-10, 337, 1, 746, -104, -61, -41, 1315, 6;
-10, 333, -2, 725, -92, -52, -41, 1300, -9;
-3, 336, 0, 744, -35, -21, -14, 1310, 1;
-2, 332, -2, 722, -15, -7, -9, 1296, -9;
6, 336, 2, 746, 55, 31, 26, 1311, 10;
10, 334, 2, 732, 94, 53, 42, 1304, 10;
15, 332, 3, 717, 134, 76, 59, 1297, 12;
18, 329, 2, 693, 168, 97, 73, 1285, 10;
20, 324, 0, 655, 193, 112, 81, 1266, 3;
28, 324, 4, 649, 252, 144, 110, 1267, 18;
33, 322, 6, 626, 297, 170, 131, 1259, 26;
34, 315, 4, 571, 312, 180, 134, 1231, 15;
47, 321, 14, 592, 404, 228, 185, 1252, 55;
41, 307, 5, 494, 378, 218, 163, 1199, 22;
51, 309, 13, 492, 450, 256, 202, 1207, 51;
54, 304, 13, 443, 474, 270, 212, 1186, 52;
50, 292, 8, 355, 459, 264, 198, 1141, 31;
61, 295, 16, 354, 531, 302, 239, 1151, 65;
59, 285, 13, 278, 525, 300, 232, 1114, 53;
64, 283, 18, 245, 563, 320, 253, 1105, 70;
64, 275, 16, 176, 562, 321, 250, 1074, 66;
69, 273, 22, 147, 598, 339, 271, 1067, 86;
66, 263, 18, 63, 577, 329, 257, 1027, 72;
66, 257, 19, 7, 581, 331, 259, 1004, 76;
65, 250, 19, -54, 575, 328, 255, 977, 76;
61, 241, 17, -132, 549, 315, 240, 941, 66;
60, 234, 17, -191, 538, 308, 235, 916, 67;
63, 233, 22, -221, 551, 314, 246, 909, 86;
62, 229, 24, -265, 546, 311, 245, 893, 94;
57, 219, 21, -342, 504, 288, 222, 856, 82;
51, 210, 18, -414, 459, 264, 199, 822, 70;
53, 210, 23, -430, 467, 266, 208, 822, 92;
48, 204, 22, -487, 428, 245, 188, 796, 87;
51, 205, 29, -490, 436, 247, 199, 803, 113;
40, 194, 22, -574, 359, 206, 157, 759, 87;
37, 191, 23, -603, 330, 189, 145, 748, 92;
30, 186, 22, -648, 280, 161, 120, 726, 85;
28, 185, 24, -664, 253, 145, 111, 723, 94;
26, 185, 26, -674, 227, 129, 102, 722, 104;
24, 186, 30, -675, 203, 114, 95, 725, 117;
11, 176, 22, -740, 110, 64, 45, 688, 86;
5, 174, 21, -758, 60, 36, 21, 679, 83;
1, 174, 22, -760, 20, 13, 4, 679, 86;
-4, 173, 21, -767, -29, -14, -18, 675, 83;
-9, 173, 21, -762, -72, -39, -37, 678, 84;
-8, 181, 28, -715, -76, -44, -31, 706, 110;
-19, 175, 21, -746, -162, -91, -77, 684, 83;
-16, 185, 29, -677, -153, -89, -63, 724, 115;
-28, 180, 22, -700, -238, -135, -109, 705, 88;
-30, 185, 24, -663, -267, -152, -119, 723, 95;
-32, 191, 26, -617, -288, -165, -126, 746, 105;
-39, 191, 23, -605, -345, -196, -155, 747, 91;
-40, 198, 26, -549, -360, -206, -158, 774, 103;
-50, 196, 19, -548, -432, -245, -196, 767, 77;
-47, 207, 25, -467, -424, -243, -186, 808, 99;
-49, 213, 26, -410, -441, -253, -192, 834, 104;
-58, 212, 20, -402, -506, -288, -227, 829, 78;
-58, 220, 22, -336, -512, -293, -228, 860, 85;
-56, 230, 25, -258, -506, -291, -220, 897, 99;
-64, 229, 18, -244, -561, -319, -252, 895, 72;
-59, 242, 24, -145, -530, -305, -230, 945, 96;
-59, 248, 24, -86, -537, -309, -233, 970, 95;
-60, 255, 24, -25, -539, -310, -234, 995, 94;
-69, 252, 14, -25, -598, -340, -270, 984, 56;
-64, 262, 18, 59, -570, -325, -252, 1025, 70;
-64, 268, 17, 116, -565, -323, -250, 1048, 67;
-59, 278, 20, 198, -531, -305, -231, 1087, 79;
-63, 278, 13, 217, -556, -317, -249, 1087, 53;
-59, 287, 15, 290, -522, -299, -230, 1121, 61;
-57, 292, 13, 336, -509, -291, -225, 1139, 54;
-57, 295, 11, 375, -499, -284, -223, 1153, 43;
-54, 301, 10, 424, -473, -269, -211, 1174, 40;
-50, 306, 10, 476, -438, -250, -195, 1197, 41;
-43, 314, 12, 540, -387, -222, -168, 1227, 50;
-43, 314, 7, 552, -381, -217, -171, 1226, 29;
-36, 321, 9, 608, -325, -186, -142, 1254, 38;
-33, 324, 8, 635, -293, -168, -129, 1264, 31;
-32, 323, 3, 642, -275, -156, -124, 1263, 14;
-23, 329, 6, 688, -212, -122, -93, 1286, 24;
-15, 335, 8, 731, -147, -86, -59, 1309, 34;
-10, 337, 7, 744, -106, -62, -42, 1314, 29;
-13, 330, -1, 706, -111, -62, -53, 1288, -5;
-9, 330, -2, 710, -69, -38, -35, 1289, -11;
-3, 330, -3, 712, -24, -12, -15, 1290, -15;
8, 338, 2, 759, 69, 37, 35, 1319, 11;
11, 334, 0, 735, 96, 54, 44, 1306, -3;
18, 335, 0, 735, 151, 85, 70, 1308, 0;
22, 332, -2, 713, 189, 107, 86, 1298, -8;
21, 325, -8, 660, 198, 115, 84, 1269, -32;
30, 327, -4, 665, 268, 152, 120, 1277, -18;
35, 324, -6, 634, 305, 174, 136, 1264, -24;
34, 315, -11, 572, 313, 180, 134, 1232, -46;
37, 311, -13, 530, 342, 197, 146, 1213, -54;
42, 308, -13, 497, 381, 219, 165, 1201, -53;
49, 307, -11, 478, 435, 249, 193, 1198, -43;
51, 300, -13, 421, 452, 259, 198, 1172, -53;
51, 293, -17, 358, 462, 266, 200, 1142, -66;
55, 289, -16, 318, 494, 283, 216, 1128, -63;
59, 285, -15, 273, 521, 298, 230, 1111, -61;
64, 282, -13, 241, 558, 318, 250, 1102, -51;
66, 277, -13, 189, 574, 327, 258, 1081, -52;
60, 264, -20, 91, 542, 311, 236, 1032, -81;
63, 260, -19, 47, 561, 321, 247, 1017, -75;
69, 260, -13, 28, 602, 342, 272, 1017, -54;
60, 245, -23, -86, 543, 312, 236, 957, -92;
65, 245, -18, -106, 575, 328, 257, 957, -71;
63, 237, -20, -173, 556, 318, 246, 927, -80;
61, 231, -21, -230, 542, 310, 240, 903, -84;
57, 223, -24, -301, 510, 293, 223, 870, -96;
62, 225, -17, -307, 538, 305, 243, 878, -70;
53, 212, -25, -402, 472, 271, 206, 829, -99;
51, 208, -24, -442, 455, 260, 200, 814, -96;
46, 202, -26, -497, 417, 239, 182, 789, -104;
44, 199, -25, -529, 397, 227, 175, 778, -99;
40, 194, -26, -575, 358, 205, 156, 758, -104;
34, 189, -28, -618, 315, 181, 136, 738, -110;
36, 191, -22, -615, 313, 178, 141, 747, -89;
29, 186, -25, -655, 261, 149, 116, 728, -98;
21, 180, -29, -705, 195, 113, 82, 702, -114;
19, 180, -26, -707, 171, 98, 75, 705, -104;
20, 185, -20, -684, 166, 92, 79, 722, -81;
5, 173, -31, -760, 57, 35, 20, 678, -121;
3, 176, -27, -744, 36, 21, 14, 689, -107;
2, 180, -24, -724, 13, 6, 8, 702, -93;
0, 183, -21, -704, -14, -10, 0, 714, -82;
-7, 181, -23, -713, -74, -43, -30, 707, -92;
-13, 182, -23, -704, -121, -70, -51, 710, -93;
-16, 185, -21, -676, -152, -88, -63, 724, -85;
-26, 182, -27, -692, -230, -130, -104, 710, -106;
-32, 184, -27, -671, -275, -156, -124, 718, -108;
-36, 187, -27, -644, -315, -178, -142, 729, -107;
-39, 191, -25, -602, -343, -195, -153, 748, -100;
-46, 192, -28, -588, -400, -226, -182, 750, -113;
-41, 206, -19, -489, -373, -215, -160, 803, -74;
-50, 204, -24, -484, -441, -251, -196, 798, -95;
-49, 213, -19, -412, -442, -254, -192, 833, -77;
-59, 211, -26, -410, -514, -292, -233, 824, -104;
-59, 219, -24, -345, -522, -297, -233, 854, -93;
-59, 226, -21, -279, -527, -301, -233, 884, -83;
-56, 237, -15, -195, -513, -295, -222, 925, -62;
-62, 239, -19, -163, -548, -314, -242, 934, -74;
-63, 245, -18, -105, -557, -319, -245, 958, -71;
-64, 250, -18, -55, -569, -325, -252, 977, -73;
-65, 256, -18, 0, -574, -328, -255, 999, -72;
-63, 263, -16, 66, -563, -322, -248, 1029, -63;
-69, 264, -21, 87, -594, -337, -269, 1030, -83;
-60, 277, -13, 190, -539, -309, -236, 1082, -51;
-57, 284, -11, 254, -518, -298, -225, 1111, -43;
-59, 287, -13, 286, -525, -300, -232, 1119, -54;
-55, 294, -10, 351, -494, -283, -216, 1149, -42;
-51, 301, -8, 411, -462, -266, -200, 1176, -33;
-56, 298, -15, 409, -487, -277, -220, 1165, -61;
-47, 309, -8, 492, -423, -242, -185, 1206, -34;
-46, 311, -10, 521, -406, -232, -180, 1215, -39;
-44, 314, -10, 549, -383, -218, -172, 1225, -42;
-39, 318, -9, 587, -347, -197, -155, 1241, -37;
-33, 324, -6, 635, -293, -168, -129, 1264, -23;
-32, 323, -8, 642, -275, -156, -124, 1263, -33;
-22, 331, -2, 698, -202, -117, -87, 1293, -9;
-22, 328, -6, 687, -191, -108, -87, 1282, -24;
-16, 331, -3, 711, -139, -79, -62, 1293, -15;
-12, 331, -4, 712, -105, -59, -49, 1292, -17;
-1, 338, 3, 760, -19, -12, -4, 1320, 11;
2, 337, 2, 754, 16, 8, 10, 1316, 10;
7, 337, 3, 751, 60, 33, 29, 1314, 13;
11, 334, 2, 733, 94, 53, 43, 1305, 11;
11, 328, -1, 690, 107, 63, 42, 1280, -4;
25, 335, 9, 732, 208, 116, 97, 1310, 35;
23, 327, 4, 675, 213, 122, 93, 1278, 15;
27, 324, 3, 643, 246, 142, 107, 1264, 15;
34, 323, 7, 630, 301, 172, 134, 1261, 28;
41, 322, 10, 614, 355, 201, 160, 1258, 42;
41, 314, 7, 554, 365, 209, 161, 1228, 31;
45, 311, 9, 517, 401, 229, 177, 1213, 36;
53, 311, 15, 505, 462, 262, 210, 1214, 59;
57, 307, 16, 462, 493, 279, 224, 1197, 64;
50, 292, 7, 354, 458, 264, 198, 1140, 30;
53, 286, 8, 302, 479, 276, 207, 1118, 33;
63, 289, 18, 304, 551, 313, 249, 1130, 70;
58, 276, 11, 204, 522, 300, 227, 1079, 45;
63, 274, 16, 171, 557, 318, 247, 1071, 62;
60, 265, 13, 92, 544, 312, 237, 1033, 52;
63, 261, 16, 49, 563, 322, 248, 1018, 63;
62, 253, 15, -16, 557, 319, 244, 989, 61;
63, 248, 17, -69, 560, 321, 246, 968, 67;
66, 246, 21, -103, 579, 330, 259, 959, 85;
62, 236, 19, -181, 548, 314, 241, 922, 74;
61, 231, 20, -231, 542, 310, 240, 903, 80;
60, 226, 21, -281, 530, 303, 235, 883, 85;
53, 215, 17, -366, 479, 276, 207, 841, 67;
52, 211, 19, -407, 467, 268, 203, 826, 75;
53, 211, 24, -428, 469, 267, 209, 823, 93;
49, 205, 23, -480, 435, 248, 193, 800, 91;
50, 205, 28, -492, 434, 246, 198, 801, 112;
41, 195, 23, -567, 365, 209, 161, 763, 91;
40, 194, 26, -584, 349, 198, 157, 760, 104;
31, 187, 23, -642, 286, 164, 124, 730, 89;
30, 187, 26, -651, 266, 151, 119, 731, 102;
29, 188, 30, -653, 247, 139, 115, 734, 117;
19, 180, 24, -707, 171, 98, 75, 705, 97;
10, 175, 21, -745, 105, 62, 42, 685, 83;
9, 177, 24, -735, 82, 47, 35, 693, 97;
4, 177, 25, -739, 41, 23, 17, 692, 99;
3, 181, 29, -716, 21, 10, 13, 707, 115;
-1, 182, 29, -711, -20, -13, -5, 710, 116;
-11, 177, 24, -736, -97, -55, -44, 692, 96;
-16, 179, 25, -722, -139, -79, -62, 699, 97;
-22, 179, 23, -714, -190, -107, -86, 700, 92;
-30, 178, 20, -713, -251, -141, -117, 697, 80;
-30, 185, 24, -662, -265, -151, -118, 724, 96;
-39, 184, 20, -661, -332, -187, -153, 719, 78;
-35, 195, 27, -581, -321, -184, -140, 762, 106;
-45, 193, 21, -582, -394, -223, -179, 753, 82;
-42, 204, 27, -499, -383, -220, -166, 797, 108;
-45, 209, 27, -452, -409, -235, -177, 818, 109;
-52, 210, 23, -430, -460, -263, -204, 822, 92;
-53, 217, 25, -370, -474, -271, -207, 849, 98;
-58, 220, 21, -339, -515, -294, -229, 858, 84;
-57, 229, 24, -262, -510, -292, -223, 895, 97;
-64, 230, 18, -241, -559, -318, -250, 897, 74;
-67, 233, 16, -198, -584, -332, -264, 912, 63;
-59, 248, 24, -85, -537, -309, -233, 970, 95;
-61, 253, 22, -34, -549, -315, -239, 990, 89;
-70, 251, 13, -32, -605, -343, -274, 980, 52;
-60, 266, 22, 85, -544, -312, -236, 1041, 86;
-60, 273, 21, 143, -538, -309, -234, 1065, 83;
-58, 279, 21, 203, -526, -303, -228, 1090, 82;
-60, 282, 17, 238, -534, -306, -235, 1101, 66;
-61, 284, 12, 272, -539, -307, -241, 1110, 50;
-57, 292, 14, 337, -508, -290, -225, 1140, 55;
-59, 293, 9, 363, -511, -290, -231, 1146, 36;
-57, 298, 7, 405, -491, -279, -223, 1162, 29;
-47, 309, 13, 494, -421, -241, -184, 1208, 52;
-45, 312, 10, 524, -402, -230, -178, 1218, 40;
-44, 313, 6, 547, -386, -219, -174, 1223, 26;
-38, 320, 8, 598, -335, -191, -148, 1248, 32;
-37, 319, 3, 606, -322, -182, -147, 1246, 13;
-32, 323, 3, 641, -276, -156, -125, 1262, 14;
-28, 324, 1, 657, -244, -137, -112, 1267, 4;
-24, 326, 0, 672, -206, -115, -96, 1272, -2;
-18, 329, 0, 696, -154, -86, -72, 1284, 0;
-13, 330, -1, 707, -110, -61, -52, 1289, -4;
-1, 338, 4, 758, -22, -14, -5, 1319, 18;
0, 334, 0, 734, -3, -1, -2, 1303, -2;
7, 337, 1, 752, 62, 34, 30, 1315, 6;
10, 334, -1, 730, 91, 52, 41, 1303, -6;
12, 330, -5, 702, 118, 68, 50, 1287, -21;
22, 333, -1, 715, 190, 108, 87, 1299, -7;
25, 329, -4, 686, 224, 127, 100, 1285, -16;
29, 326, -5, 658, 261, 149, 116, 1273, -22;
38, 327, -2, 656, 327, 185, 150, 1277, -10;
39, 320, -7, 600, 341, 194, 152, 1249, -29;
40, 314, -10, 550, 362, 207, 159, 1226, -41;
45, 311, -10, 519, 403, 230, 178, 1214, -40;
48, 306, -11, 473, 430, 246, 190, 1195, -45;
48, 298, -16, 406, 436, 251, 189, 1162, -63;
53, 295, -14, 373, 477, 273, 209, 1152, -57;
63, 296, -8, 365, 542, 307, 246, 1158, -33;
64, 291, -9, 311, 558, 317, 253, 1134, -38;
57, 275, -20, 196, 514, 296, 222, 1074, -79;
65, 276, -14, 181, 567, 323, 253, 1077, -57;
62, 266, -19, 100, 552, 316, 242, 1038, -75;
62, 259, -20, 40, 554, 318, 243, 1013, -79;
64, 255, -18, -2, 570, 326, 253, 998, -73;
69, 254, -14, -30, 598, 340, 270, 992, -58;
67, 246, -17, -99, 582, 331, 261, 962, -67;
61, 235, -23, -188, 542, 310, 237, 918, -89;
61, 231, -21, -232, 541, 309, 239, 902, -85;
65, 231, -16, -250, 562, 319, 255, 902, -64;
54, 216, -26, -359, 486, 279, 211, 845, -102;
58, 217, -20, -370, 504, 287, 226, 849, -79;
50, 207, -26, -450, 446, 256, 195, 809, -101;
45, 201, -27, -505, 409, 236, 177, 784, -109;
47, 201, -23, -515, 411, 234, 183, 787, -90;
38, 192, -28, -586, 346, 199, 149, 751, -111;
35, 189, -28, -617, 316, 182, 136, 739, -109;
37, 192, -22, -609, 319, 181, 145, 751, -86;
26, 183, -28, -677, 240, 138, 103, 715, -111;
19, 178, -30, -713, 187, 109, 77, 697, -119;
23, 185, -22, -677, 200, 113, 93, 723, -85;
12, 176, -29, -737, 114, 66, 47, 690, -113;
5, 174, -30, -757, 61, 36, 21, 680, -119;
9, 182, -21, -708, 71, 39, 36, 711, -85;
0, 177, -26, -741, -4, -2, -2, 691, -104;
-1, 181, -22, -714, -24, -15, -6, 708, -88;
-9, 179, -25, -725, -86, -49, -38, 699, -99;
-17, 178, -28, -730, -146, -83, -67, 694, -109;
-18, 183, -24, -691, -166, -96, -72, 715, -94;
-22, 186, -23, -665, -203, -117, -87, 727, -89;
-25, 190, -21, -632, -235, -136, -100, 742, -83;
-29, 194, -20, -599, -270, -156, -114, 757, -79;
-34, 197, -20, -569, -310, -179, -132, 769, -80;
-37, 201, -19, -531, -343, -198, -147, 785, -77;
-44, 202, -22, -511, -395, -226, -173, 789, -87;
-45, 209, -19, -451, -409, -235, -176, 818, -75;
-57, 205, -27, -462, -492, -279, -223, 802, -108;
-54, 217, -21, -375, -479, -274, -211, 846, -82;
-58, 220, -23, -339, -515, -294, -230, 858, -89;
-61, 225, -22, -288, -536, -305, -239, 879, -88;
-61, 233, -20, -222, -540, -309, -238, 908, -79;
-61, 240, -17, -156, -542, -310, -237, 938, -70;
-68, 240, -23, -140, -591, -336, -267, 936, -92;
-70, 245, -24, -88, -603, -342, -273, 956, -94;
-66, 255, -19, -6, -580, -331, -259, 995, -76;
-68, 259, -20, 38, -591, -336, -266, 1011, -81;
-60, 272, -13, 139, -542, -311, -236, 1062, -51;
-64, 273, -16, 167, -562, -321, -250, 1068, -66;
-65, 276, -19, 204, -568, -323, -256, 1080, -74;
-56, 290, -10, 305, -506, -291, -220, 1131, -42;
-60, 289, -16, 319, -527, -300, -236, 1128, -63;
-51, 301, -8, 410, -464, -267, -201, 1175, -34;
-49, 305, -8, 452, -445, -255, -194, 1191, -34;
-50, 306, -11, 476, -438, -250, -195, 1197, -44;
-46, 311, -10, 521, -405, -231, -180, 1216, -39;
-39, 319, -5, 582, -351, -202, -152, 1245, -21;
-36, 321, -6, 607, -326, -187, -143, 1254, -24;
-36, 320, -9, 611, -317, -179, -143, 1249, -38;
-32, 323, -8, 641, -276, -156, -125, 1262, -33;
-25, 328, -5, 680, -220, -125, -97, 1282, -20;
-21, 329, -5, 692, -186, -106, -84, 1284, -21;
-12, 335, 0, 737, -113, -66, -47, 1309, 0;
-5, 338, 2, 755, -62, -37, -23, 1318, 8;
-3, 336, 0, 746, -34, -20, -13, 1311, 2;
4, 339, 4, 767, 29, 14, 18, 1324, 18;
6, 336, 2, 745, 55, 30, 26, 1311, 10;
9, 333, 1, 725, 86, 49, 37, 1300, 6;
17, 335, 5, 732, 149, 84, 69, 1306, 21;
25, 335, 9, 732, 208, 116, 98, 1310, 35;
24, 328, 4, 680, 218, 124, 96, 1281, 18;
26, 323, 3, 639, 242, 139, 104, 1261, 12;
37, 327, 10, 652, 323, 183, 147, 1275, 42;
37, 318, 6, 588, 329, 188, 144, 1242, 26;
47, 321, 14, 593, 404, 228, 185, 1252, 55;
49, 314, 13, 541, 425, 241, 192, 1228, 51;
49, 306, 10, 475, 433, 247, 191, 1196, 40;
50, 299, 9, 416, 446, 256, 195, 1169, 35;
60, 301, 17, 413, 517, 293, 234, 1177, 67;
62, 296, 18, 362, 538, 305, 244, 1156, 70;
59, 285, 13, 276, 523, 299, 231, 1113, 52;
61, 279, 14, 223, 540, 309, 239, 1091, 57;
58, 270, 11, 143, 529, 304, 230, 1053, 45;
60, 264, 13, 91, 542, 311, 236, 1032, 51;
60, 257, 12, 27, 541, 311, 235, 1005, 50;
66, 257, 19, 5, 578, 330, 258, 1003, 75;
68, 253, 22, -37, 592, 337, 266, 988, 87;
64, 243, 19, -116, 565, 323, 250, 951, 76;
68, 243, 25, -140, 589, 334, 267, 948, 99;
64, 234, 23, -211, 562, 320, 252, 916, 92;
58, 224, 19, -294, 518, 297, 228, 875, 77;
62, 225, 26, -305, 540, 306, 245, 879, 104;
53, 213, 20, -398, 476, 273, 209, 832, 80;
53, 210, 23, -432, 465, 265, 206, 820, 91;
46, 202, 20, -497, 417, 239, 182, 789, 80;
45, 199, 22, -528, 398, 228, 175, 779, 89;
46, 200, 28, -538, 395, 224, 179, 781, 109;
36, 190, 22, -610, 323, 185, 141, 744, 88;
36, 192, 27, -612, 316, 179, 143, 749, 108;
33, 190, 29, -630, 287, 162, 132, 744, 115;
25, 184, 26, -675, 225, 128, 101, 721, 103;
15, 177, 21, -729, 149, 87, 61, 691, 83;
16, 181, 27, -706, 144, 81, 66, 709, 107;
11, 180, 27, -718, 99, 56, 45, 703, 107;
8, 181, 29, -714, 66, 36, 33, 708, 115;
1, 179, 27, -729, 8, 4, 5, 699, 107;
-8, 175, 23, -754, -64, -35, -32, 683, 89;
-10, 179, 26, -727, -89, -50, -39, 698, 102;
-15, 180, 26, -715, -132, -75, -58, 703, 102;
-17, 184, 28, -683, -158, -92, -67, 720, 112;
-26, 182, 24, -690, -228, -129, -102, 712, 94;
-32, 183, 22, -674, -277, -157, -126, 716, 88;
-31, 192, 27, -613, -283, -163, -123, 749, 107;
-34, 196, 28, -572, -312, -180, -134, 767, 112;
-37, 201, 29, -532, -344, -198, -147, 785, 113;
-45, 201, 25, -515, -400, -228, -176, 787, 97;
-48, 207, 25, -469, -426, -244, -187, 807, 98;
-51, 211, 24, -426, -457, -261, -202, 824, 94;
-56, 215, 22, -387, -491, -280, -218, 838, 87;
-58, 220, 21, -337, -514, -293, -228, 859, 85;
-56, 229, 25, -259, -507, -291, -221, 896, 98;
-58, 235, 24, -206, -524, -301, -228, 918, 95;
-64, 236, 19, -179, -565, -322, -252, 924, 75;
-59, 248, 24, -85, -537, -309, -233, 970, 95;
-68, 246, 15, -80, -594, -338, -268, 961, 60;
-65, 256, 18, 0, -573, -327, -254, 1000, 72;
-69, 258, 13, 31, -598, -340, -270, 1007, 52;
-62, 270, 19, 128, -553, -317, -243, 1056, 74;
-61, 277, 18, 187, -542, -310, -238, 1081, 72;
-66, 276, 11, 202, -571, -324, -258, 1078, 43;
-63, 282, 10, 259, -552, -314, -249, 1102, 42;
-55, 294, 16, 351, -494, -283, -216, 1149, 63;
-59, 293, 8, 359, -515, -292, -233, 1143, 33;
-49, 305, 15, 454, -443, -254, -193, 1192, 59;
-50, 306, 9, 471, -444, -253, -198, 1193, 37;
-48, 309, 7, 505, -422, -240, -190, 1205, 28;
-39, 318, 11, 576, -356, -204, -155, 1242, 45;
-40, 317, 5, 583, -350, -199, -157, 1239, 23;
-36, 320, 4, 611, -316, -179, -143, 1250, 17;
-29, 326, 5, 656, -261, -149, -116, 1271, 23;
-22, 331, 7, 698, -202, -117, -86, 1293, 30;
-23, 327, 0, 682, -196, -111, -90, 1278, 3;
-14, 333, 4, 724, -126, -72, -54, 1301, 16;
-12, 331, 0, 711, -106, -59, -50, 1291, -2;
-1, 337, 4, 755, -25, -15, -7, 1317, 16;
4, 338, 4, 763, 25, 12, 15, 1321, 15;
2, 332, -3, 719, 29, 17, 10, 1295, -13;
9, 333, -2, 724, 85, 49, 37, 1299, -10;
13, 331, -4, 708, 125, 72, 54, 1291, -17;
22, 333, -1, 715, 191, 108, 87, 1299, -7;
26, 329, -3, 688, 226, 129, 101, 1286, -15;
31, 328, -4, 668, 271, 154, 122, 1279, -17;
33, 322, -7, 625, 296, 169, 130, 1258, -29;
40, 322, -5, 610, 351, 199, 158, 1256, -22;
40, 313, -11, 547, 358, 206, 156, 1223, -43;
44, 309, -11, 509, 393, 225, 172, 1208, -46;
46, 304, -14, 459, 417, 239, 181, 1186, -54;
55, 304, -9, 448, 479, 272, 215, 1188, -37;
51, 292, -17, 357, 461, 265, 200, 1142, -66;
56, 289, -15, 321, 497, 285, 218, 1130, -61;
56, 282, -18, 258, 506, 291, 220, 1102, -71;
63, 282, -13, 238, 555, 316, 248, 1100, -53;
61, 273, -17, 161, 547, 313, 241, 1064, -69;
60, 264, -21, 87, 538, 309, 234, 1030, -83;
63, 261, -19, 48, 562, 321, 248, 1017, -75;
70, 261, -13, 30, 604, 343, 273, 1018, -53;
69, 254, -15, -31, 597, 339, 270, 992, -58;
65, 245, -18, -107, 574, 327, 256, 957, -72;
63, 237, -20, -173, 556, 318, 247, 927, -80;
63, 233, -20, -221, 551, 314, 246, 909, -78;
58, 224, -23, -292, 519, 297, 229, 876, -91;
54, 217, -25, -356, 489, 281, 213, 847, -100;
53, 213, -24, -398, 476, 273, 209, 832, -96;
57, 215, -18, -404, 493, 279, 224, 838, -72;
46, 202, -26, -498, 416, 239, 181, 789, -104;
41, 196, -28, -549, 377, 217, 162, 766, -111;
40, 194, -26, -572, 360, 207, 158, 760, -102;
42, 196, -20, -572, 362, 205, 165, 768, -81;
32, 187, -27, -641, 287, 165, 125, 731, -105;
31, 188, -23, -642, 275, 156, 124, 736, -90;
30, 189, -20, -649, 251, 141, 117, 737, -80;
19, 181, -26, -704, 174, 99, 76, 707, -102;
14, 179, -27, -724, 126, 73, 55, 698, -105;
9, 178, -26, -732, 86, 49, 37, 695, -103;
8, 181, -22, -713, 66, 36, 33, 708, -88;
-4, 173, -30, -764, -27, -13, -16, 677, -118;
-5, 178, -26, -736, -45, -26, -20, 694, -102;
-14, 174, -30, -757, -119, -65, -58, 679, -119;
-12, 183, -22, -698, -115, -67, -47, 714, -89;
-18, 183, -24, -692, -167, -96, -72, 714, -94;
-27, 181, -28, -697, -235, -133, -107, 707, -109;
-27, 188, -23, -645, -248, -142, -108, 734, -91;
-29, 194, -20, -599, -270, -156, -114, 757, -79;
-33, 197, -20, -566, -307, -177, -131, 771, -78;
-41, 197, -23, -556, -367, -210, -162, 770, -92;
-45, 201, -23, -515, -399, -228, -176, 787, -90;
-45, 209, -19, -451, -408, -235, -176, 818, -75;
-49, 213, -19, -412, -442, -254, -192, 833, -77;
-54, 216, -21, -376, -479, -274, -211, 845, -83;
-53, 225, -17, -303, -479, -276, -207, 880, -67;
-55, 230, -17, -254, -502, -289, -218, 900, -67;
-64, 229, -23, -245, -563, -320, -253, 894, -93;
-62, 239, -19, -165, -551, -315, -243, 932, -76;
-59, 249, -15, -84, -536, -308, -232, 971, -58;
-60, 255, -14, -26, -540, -310, -234, 995, -55;
-68, 253, -21, -16, -590, -336, -265, 989, -82;
-65, 262, -18, 54, -575, -328, -256, 1021, -71;
-63, 269, -16, 121, -560, -320, -248, 1051, -62;
-62, 275, -14, 180, -550, -314, -242, 1076, -58;
-57, 285, -10, 259, -513, -295, -222, 1114, -40;
-56, 290, -10, 307, -505, -290, -220, 1132, -41;
-55, 294, -10, 352, -493, -283, -216, 1149, -42;
-56, 296, -13, 381, -493, -281, -219, 1157, -52;
-57, 297, -16, 401, -496, -281, -226, 1159, -66;
-48, 308, -10, 484, -430, -246, -190, 1201, -39;
-45, 312, -9, 523, -403, -230, -178, 1217, -37;
-37, 321, -3, 593, -340, -196, -145, 1252, -15;
-41, 316, -11, 575, -358, -203, -163, 1233, -45;
-35, 321, -8, 618, -310, -176, -139, 1254, -34;
-30, 325, -6, 653, -264, -150, -117, 1270, -26;
-29, 324, -9, 652, -248, -139, -115, 1264, -37;
-22, 328, -6, 684, -194, -109, -89, 1280, -26;
-20, 327, -7, 686, -164, -91, -78, 1278, -30;
-13, 330, -5, 706, -112, -62, -53, 1288, -21;
-5, 334, -1, 732, -47, -27, -21, 1303, -5;
-5, 329, -5, 705, -32, -16, -20, 1285, -20;
1, 331, -2, 715, 25, 15, 7, 1292, -8;
7, 330, -1, 709, 70, 41, 27, 1290, -4;
11, 329, 0, 696, 113, 66, 46, 1284, 0;
20, 331, 4, 705, 180, 103, 80, 1293, 18;
21, 325, 1, 661, 199, 115, 84, 1269, 7;
28, 325, 4, 649, 252, 145, 111, 1267, 19;
30, 320, 3, 609, 279, 161, 120, 1248, 15;
41, 322, 11, 616, 356, 202, 162, 1259, 43;
42, 316, 9, 561, 373, 213, 165, 1232, 35;
45, 310, 9, 516, 400, 229, 176, 1212, 35;
51, 308, 12, 487, 444, 253, 198, 1203, 47;
55, 305, 14, 451, 481, 274, 217, 1190, 57;
53, 295, 10, 373, 477, 273, 209, 1152, 42;
62, 295, 17, 359, 535, 304, 242, 1154, 68;
59, 285, 13, 277, 525, 300, 232, 1114, 53;
61, 279, 14, 222, 539, 308, 238, 1090, 56;
61, 272, 14, 159, 545, 312, 239, 1063, 55;
69, 273, 21, 144, 595, 338, 269, 1065, 84;
69, 267, 22, 87, 601, 341, 272, 1042, 87;
66, 257, 19, 5, 579, 330, 258, 1003, 75;
64, 249, 18, -60, 569, 325, 252, 974, 73;
63, 243, 18, -122, 559, 320, 247, 947, 73;
62, 236, 19, -180, 549, 314, 242, 923, 74;
58, 228, 17, -252, 521, 299, 227, 890, 67;
61, 227, 23, -273, 539, 307, 241, 888, 90;
59, 222, 24, -324, 522, 297, 233, 867, 93;
51, 211, 19, -409, 465, 267, 202, 825, 74;
52, 209, 22, -437, 460, 263, 204, 818, 88;
47, 203, 21, -491, 424, 243, 186, 793, 85;
44, 199, 22, -530, 396, 227, 174, 778, 88;
43, 198, 26, -551, 382, 217, 171, 773, 101;
42, 196, 28, -573, 360, 204, 164, 767, 111;
31, 187, 22, -642, 286, 164, 124, 730, 89;
29, 186, 25, -656, 261, 149, 116, 727, 99;
27, 186, 28, -664, 236, 134, 108, 728, 110;
18, 180, 24, -710, 167, 96, 72, 703, 94;
20, 185, 31, -684, 166, 92, 79, 722, 121;
15, 184, 31, -696, 121, 67, 59, 717, 121;
5, 178, 26, -735, 44, 25, 19, 695, 101;
-2, 175, 23, -752, -14, -7, -9, 685, 92;
-1, 181, 29, -714, -23, -15, -6, 708, 114;
-9, 179, 26, -724, -85, -49, -37, 700, 104;
-16, 179, 25, -722, -139, -79, -62, 699, 97;
-15, 186, 30, -673, -149, -87, -61, 726, 117;
-22, 186, 27, -668, -206, -118, -89, 725, 108;
-29, 186, 25, -656, -260, -148, -115, 727, 99;
-32, 191, 26, -619, -290, -166, -127, 745, 103;
-36, 195, 26, -583, -323, -186, -141, 760, 105;
-37, 201, 29, -531, -342, -198, -146, 785, 114;
-47, 200, 23, -527, -411, -234, -183, 780, 90;
-49, 205, 23, -480, -437, -249, -194, 800, 91;
-55, 207, 20, -452, -482, -274, -217, 808, 79;
-58, 212, 19, -404, -508, -289, -229, 828, 76;
-55, 223, 24, -318, -494, -283, -216, 871, 97;
-58, 228, 24, -267, -515, -295, -226, 892, 93;
-65, 228, 17, -250, -568, -323, -256, 891, 68;
-62, 239, 21, -166, -551, -315, -244, 932, 83;
-69, 239, 14, -146, -598, -339, -271, 932, 57;
-64, 250, 19, -56, -570, -326, -253, 976, 75;
-61, 260, 22, 24, -549, -315, -239, 1015, 87;
-70, 257, 12, 25, -604, -342, -274, 1003, 49;
-61, 271, 19, 133, -548, -314, -240, 1059, 77;
-62, 275, 17, 178, -552, -315, -244, 1075, 66;
-61, 281, 16, 232, -541, -309, -239, 1097, 62;
-64, 282, 10, 256, -556, -315, -251, 1100, 40;
-56, 293, 15, 344, -501, -287, -220, 1145, 59;
-59, 293, 8, 359, -514, -292, -233, 1143, 33;
-53, 302, 11, 430, -467, -266, -208, 1177, 44;
-54, 302, 6, 448, -466, -264, -212, 1179, 23;
-50, 307, 5, 495, -431, -244, -196, 1199, 22;
-37, 320, 13, 589, -343, -198, -147, 1250, 53;
-36, 321, 9, 606, -327, -187, -143, 1253, 37;
-31, 325, 9, 644, -284, -163, -123, 1270, 37;
-30, 325, 5, 654, -262, -150, -117, 1270, 22;
-24, 329, 5, 686, -214, -123, -94, 1285, 22;
-24, 327, 0, 677, -201, -113, -94, 1275, 0;
-13, 334, 4, 729, -122, -70, -52, 1304, 19;
-7, 336, 4, 745, -72, -42, -29, 1312, 18;
0, 339, 5, 764, -15, -11, -1, 1323, 22;
0, 335, 0, 743, 5, 2, 3, 1309, 3;
6, 335, 0, 741, 50, 28, 23, 1308, 0;
13, 337, 1, 752, 113, 63, 54, 1316, 6;
20, 337, 2, 749, 166, 92, 79, 1317, 8;
15, 326, -8, 670, 146, 85, 59, 1271, -35;
22, 326, -7, 664, 202, 116, 86, 1271, -30;
30, 327, -5, 662, 265, 151, 118, 1275, -20;
35, 324, -6, 635, 305, 174, 136, 1264, -23;
41, 322, -5, 613, 354, 201, 160, 1257, -21;
37, 311, -13, 532, 344, 198, 147, 1215, -52;
45, 310, -10, 515, 399, 228, 176, 1212, -42;
47, 304, -13, 463, 420, 241, 184, 1188, -52;
51, 301, -12, 427, 457, 261, 202, 1175, -50;
57, 298, -11, 393, 497, 283, 222, 1164, -44;
60, 294, -11, 350, 526, 299, 236, 1148, -43;
59, 285, -15, 274, 521, 298, 230, 1111, -61;
60, 278, -17, 214, 532, 305, 234, 1086, -68;
63, 274, -16, 172, 557, 318, 247, 1071, -63;
64, 268, -17, 114, 566, 323, 251, 1047, -66;
64, 261, -18, 52, 566, 324, 250, 1020, -72;
67, 258, -16, 11, 585, 333, 262, 1007, -64;
64, 249, -19, -59, 569, 325, 252, 974, -76;
64, 244, -19, -114, 568, 324, 252, 953, -76;
63, 238, -20, -171, 558, 319, 248, 929, -79;
59, 229, -23, -243, 529, 303, 232, 895, -92;
64, 230, -17, -257, 555, 315, 251, 898, -69;
57, 220, -23, -339, 506, 289, 223, 858, -89;
52, 211, -26, -407, 467, 268, 203, 826, -102;
48, 205, -27, -460, 437, 251, 189, 803, -107;
48, 204, -24, -484, 430, 246, 190, 798, -95;
42, 197, -27, -545, 382, 220, 165, 769, -108;
43, 198, -23, -552, 381, 217, 170, 772, -90;
34, 188, -29, -623, 310, 179, 133, 735, -113;
35, 191, -23, -618, 310, 176, 139, 745, -91;
29, 186, -25, -659, 257, 147, 114, 725, -100;
27, 186, -22, -664, 236, 134, 108, 728, -89;
19, 181, -26, -706, 172, 98, 75, 705, -103;
19, 184, -21, -690, 160, 89, 76, 719, -84;
12, 181, -23, -714, 103, 58, 48, 706, -93;
10, 183, -21, -704, 75, 41, 39, 714, -82;
-2, 175, -29, -756, -18, -9, -11, 682, -113;
-4, 178, -25, -732, -41, -24, -18, 697, -99;
-14, 175, -29, -752, -114, -63, -55, 682, -116;
-12, 182, -23, -703, -119, -69, -50, 711, -92;
-15, 186, -21, -672, -147, -86, -60, 727, -82;
-24, 184, -24, -675, -213, -122, -93, 721, -96;
-32, 183, -28, -678, -281, -159, -128, 714, -112;
-35, 188, -26, -635, -306, -174, -137, 734, -102;
-37, 194, -23, -589, -329, -189, -145, 757, -92;
-40, 199, -22, -546, -358, -205, -156, 776, -86;
-51, 195, -29, -553, -437, -247, -199, 764, -113;
-49, 205, -24, -480, -438, -250, -194, 800, -93;
-57, 205, -28, -464, -495, -280, -225, 800, -110;
-57, 213, -24, -398, -501, -285, -225, 832, -96;
-56, 222, -20, -322, -499, -286, -219, 868, -79;
-61, 225, -22, -288, -535, -305, -239, 879, -88;
-57, 237, -16, -196, -513, -295, -222, 925, -62;
-62, 239, -19, -164, -550, -315, -243, 933, -75;
-62, 246, -17, -100, -551, -316, -242, 961, -67;
-61, 253, -15, -35, -549, -315, -240, 989, -61;
-62, 258, -15, 15, -557, -319, -244, 1009, -62;
-67, 260, -19, 45, -584, -333, -262, 1016, -77;
-62, 270, -14, 128, -553, -317, -243, 1055, -58;
-61, 277, -13, 188, -542, -310, -237, 1081, -53;
-62, 280, -15, 226, -546, -312, -243, 1093, -60;
-60, 286, -14, 282, -529, -302, -235, 1117, -56;
-62, 287, -17, 308, -538, -305, -243, 1122, -69;
-52, 300, -9, 408, -466, -268, -203, 1173, -35;
-52, 303, -11, 437, -460, -263, -203, 1181, -44;
-50, 306, -11, 473, -441, -252, -197, 1195, -46;
-44, 314, -7, 535, -392, -225, -171, 1224, -30;
-45, 313, -12, 541, -391, -222, -177, 1220, -47;
-37, 320, -7, 603, -330, -189, -145, 1251, -27;
-38, 318, -11, 600, -328, -185, -151, 1242, -45;
-34, 321, -10, 629, -288, -162, -133, 1255, -41;
-23, 330, -3, 692, -208, -119, -90, 1289, -12;
-23, 328, -6, 683, -195, -110, -89, 1279, -27;
-18, 329, -6, 694, -156, -87, -73, 1283, -25;
-6, 337, 1, 750, -67, -40, -26, 1315, 5;
-9, 330, -5, 710, -70, -38, -35, 1289, -19;
0, 334, 0, 734, -3, -1, -2, 1303, -2;
9, 339, 5, 765, 75, 40, 38, 1323, 22;
7, 331, 0, 712, 74, 43, 30, 1292, -1;
13, 330, 0, 703, 120, 69, 51, 1288, 3;
25, 336, 9, 733, 209, 117, 98, 1310, 36;
28, 332, 8, 704, 242, 136, 111, 1296, 33;
32, 328, 8, 672, 275, 156, 125, 1281, 33;
31, 320, 4, 612, 283, 163, 122, 1250, 17;
36, 317, 6, 583, 324, 186, 141, 1239, 23;
46, 319, 12, 584, 396, 224, 180, 1247, 49;
45, 311, 9, 517, 401, 229, 177, 1213, 36;
53, 310, 14, 501, 458, 260, 207, 1212, 56;
51, 301, 10, 427, 458, 262, 202, 1176, 42;
55, 296, 12, 381, 484, 277, 214, 1157, 47;
54, 288, 10, 314, 490, 281, 214, 1125, 40;
57, 284, 12, 267, 515, 295, 226, 1107, 47;
62, 281, 15, 230, 548, 313, 244, 1096, 61;
62, 273, 15, 165, 551, 315, 243, 1067, 58;
63, 267, 15, 105, 557, 319, 245, 1041, 60;
68, 266, 21, 79, 593, 337, 267, 1037, 82;
67, 258, 20, 13, 586, 334, 262, 1008, 80;
62, 247, 16, -74, 555, 318, 243, 965, 64;
59, 239, 14, -147, 534, 307, 231, 932, 57;
66, 241, 23, -153, 576, 328, 259, 940, 91;
58, 228, 17, -248, 525, 301, 229, 892, 69;
58, 224, 19, -293, 518, 297, 228, 876, 77;
60, 223, 24, -320, 525, 299, 236, 870, 95;
53, 212, 20, -400, 473, 271, 207, 830, 79;
55, 212, 25, -419, 478, 272, 215, 829, 99;
49, 204, 23, -483, 432, 247, 191, 798, 90;
41, 196, 19, -551, 376, 217, 161, 765, 75;
43, 197, 25, -554, 379, 216, 169, 771, 99;
40, 194, 26, -585, 348, 198, 156, 759, 103;
38, 194, 29, -600, 328, 185, 150, 756, 115;
26, 183, 22, -677, 240, 138, 103, 714, 86;
21, 180, 21, -706, 195, 113, 82, 702, 84;
23, 184, 28, -683, 195, 110, 89, 720, 111;
18, 183, 29, -695, 155, 87, 73, 716, 114;
11, 180, 27, -717, 100, 56, 46, 704, 108;
3, 176, 24, -744, 36, 21, 14, 689, 96;
-1, 176, 24, -749, -12, -6, -7, 686, 94;
-1, 181, 29, -714, -24, -15, -7, 707, 114;
-11, 177, 24, -735, -97, -54, -44, 693, 97;
-15, 179, 25, -719, -135, -77, -60, 701, 100;
-22, 179, 23, -717, -193, -109, -88, 699, 90;
-24, 184, 26, -675, -213, -122, -94, 720, 103;
-27, 188, 27, -644, -247, -142, -107, 735, 107;
-37, 186, 21, -650, -321, -181, -146, 725, 84;
-42, 188, 20, -623, -364, -206, -166, 735, 80;
-42, 196, 24, -560, -371, -212, -164, 768, 96;
-43, 204, 27, -501, -386, -222, -167, 795, 106;
-46, 208, 26, -459, -416, -239, -181, 813, 104;
-49, 213, 26, -414, -445, -255, -194, 832, 102;
-55, 215, 23, -383, -487, -278, -216, 841, 90;
-58, 220, 21, -339, -515, -294, -229, 858, 84;
-64, 222, 17, -307, -555, -315, -251, 867, 69;
-62, 231, 20, -230, -547, -312, -243, 904, 81;
-59, 242, 24, -145, -531, -305, -231, 945, 96;
-59, 249, 25, -83, -534, -307, -231, 972, 97;
-67, 248, 17, -69, -583, -332, -261, 968, 67;
-61, 260, 22, 26, -547, -314, -238, 1016, 88;
-60, 267, 22, 89, -540, -311, -234, 1043, 88;
-60, 272, 20, 139, -542, -311, -236, 1062, 81;
-63, 274, 16, 173, -556, -318, -246, 1072, 64;
-61, 280, 15, 229, -544, -311, -241, 1095, 60;
-64, 281, 9, 253, -558, -317, -253, 1099, 38;
-57, 292, 14, 338, -507, -290, -225, 1140, 55;
-56, 296, 11, 378, -495, -282, -221, 1155, 45;
-55, 300, 9, 418, -479, -273, -215, 1170, 36;
-53, 303, 7, 457, -457, -260, -207, 1185, 29;
-44, 313, 11, 532, -395, -226, -173, 1222, 45;
-45, 312, 5, 541, -391, -222, -177, 1220, 23;
-41, 316, 5, 577, -356, -202, -161, 1235, 19;
-31, 326, 10, 648, -280, -161, -121, 1272, 39;
-27, 328, 8, 671, -245, -141, -106, 1281, 32;
-30, 323, 0, 648, -252, -141, -117, 1262, 0;
-20, 330, 3, 698, -179, -102, -80, 1289, 14;
-20, 327, -1, 686, -165, -92, -78, 1277, -7;
-6, 337, 5, 752, -66, -39, -25, 1316, 22;
-8, 330, -2, 711, -69, -37, -35, 1289, -11;
5, 339, 5, 769, 31, 15, 19, 1325, 19;
9, 339, 3, 765, 75, 40, 38, 1323, 14;
14, 338, 2, 755, 116, 64, 56, 1318, 8;
16, 333, -1, 725, 141, 80, 64, 1302, -7;
19, 330, -4, 697, 173, 99, 76, 1288, -18;
28, 331, -2, 700, 238, 134, 109, 1294, -8;
29, 326, -6, 657, 260, 148, 115, 1272, -23;
38, 327, -2, 657, 328, 185, 151, 1278, -9;
38, 319, -7, 597, 338, 193, 150, 1247, -30;
45, 319, -5, 580, 391, 222, 177, 1244, -23;
41, 307, -14, 492, 376, 217, 161, 1197, -57;
50, 308, -9, 486, 444, 253, 198, 1203, -37;
55, 305, -9, 450, 481, 273, 216, 1190, -35;
59, 301, -8, 409, 513, 291, 232, 1174, -34;
61, 295, -10, 353, 530, 301, 238, 1150, -41;
60, 286, -14, 282, 530, 303, 235, 1117, -56;
60, 279, -16, 219, 537, 307, 237, 1089, -65;
66, 278, -12, 193, 579, 329, 261, 1084, -49;
69, 273, -11, 147, 598, 339, 271, 1067, -46;
64, 261, -18, 53, 567, 324, 251, 1021, -71;
66, 257, -17, 5, 579, 330, 258, 1003, -68;
68, 253, -16, -39, 590, 336, 265, 987, -63;
62, 242, -22, -128, 553, 317, 243, 943, -85;
62, 236, -21, -180, 549, 314, 242, 923, -85;
66, 236, -16, -199, 573, 325, 259, 923, -64;
63, 229, -18, -263, 549, 312, 247, 894, -72;
57, 220, -22, -336, 509, 291, 226, 860, -87;
51, 211, -26, -411, 463, 266, 201, 824, -104;
56, 214, -19, -409, 488, 277, 221, 835, -75;
52, 207, -21, -464, 451, 256, 203, 810, -83;
48, 203, -21, -506, 421, 239, 189, 793, -84;
41, 195, -25, -568, 365, 209, 161, 763, -100;
37, 191, -26, -605, 329, 188, 144, 747, -102;
29, 184, -29, -658, 270, 156, 114, 720, -116;
34, 191, -20, -625, 292, 164, 135, 747, -79;
23, 182, -26, -688, 212, 121, 93, 713, -104;
24, 185, -21, -676, 202, 114, 94, 725, -84;
11, 176, -30, -743, 108, 63, 43, 686, -117;
5, 173, -31, -760, 58, 35, 20, 678, -121;
1, 174, -29, -758, 21, 14, 5, 680, -116;
-2, 175, -28, -751, -13, -6, -8, 685, -110;
-9, 173, -30, -763, -73, -39, -37, 677, -119;
-9, 179, -25, -723, -84, -48, -36, 701, -98;
-20, 175, -30, -748, -165, -92, -78, 683, -120;
-22, 179, -28, -718, -194, -109, -89, 698, -111;
-25, 183, -26, -687, -225, -128, -100, 714, -103;
-24, 191, -20, -626, -229, -133, -96, 746, -79;
-31, 191, -22, -613, -284, -163, -123, 748, -88;
-38, 192, -25, -599, -340, -194, -151, 750, -98;
-38, 201, -20, -534, -345, -199, -148, 784, -79;
-49, 197, -27, -544, -428, -243, -194, 769, -108;
-50, 204, -25, -487, -444, -253, -198, 796, -97;
-52, 210, -23, -432, -462, -264, -205, 821, -89;
-57, 213, -24, -395, -499, -284, -223, 834, -95;
-56, 222, -20, -326, -502, -287, -221, 866, -81;
-64, 222, -25, -305, -553, -314, -250, 868, -99;
-57, 237, -16, -196, -514, -295, -222, 925, -62;
-64, 237, -21, -178, -564, -322, -251, 924, -84;
-60, 248, -15, -89, -540, -310, -235, 968, -61;
-68, 246, -23, -81, -596, -338, -269, 961, -89;
-62, 258, -15, 15, -557, -319, -244, 1009, -62;
-60, 267, -12, 89, -540, -311, -234, 1043, -49;
-69, 264, -21, 87, -594, -337, -269, 1030, -83;
-66, 271, -18, 154, -575, -327, -258, 1060, -73;
-64, 278, -17, 215, -558, -318, -250, 1086, -67;
-59, 287, -13, 286, -526, -300, -233, 1119, -54;
-58, 291, -13, 334, -511, -292, -227, 1138, -53;
-51, 301, -8, 409, -465, -267, -202, 1174, -34;
-55, 299, -14, 416, -481, -273, -216, 1169, -56;
-53, 303, -14, 454, -461, -261, -209, 1183, -58;
-46, 311, -9, 522, -405, -231, -179, 1216, -38;
-38, 319, -5, 585, -348, -200, -150, 1247, -19;
-43, 314, -13, 564, -369, -208, -169, 1227, -51;
-37, 320, -10, 609, -319, -181, -145, 1248, -39;
-29, 326, -5, 661, -256, -146, -113, 1275, -21;
-21, 331, -2, 700, -200, -115, -85, 1294, -7;
-16, 334, 0, 723, -155, -90, -65, 1304, -2;
-16, 331, -4, 708, -142, -80, -64, 1291, -17;
-9, 334, -1, 731, -86, -49, -38, 1303, -6;
-3, 336, 0, 746, -34, -20, -13, 1311, 2;
-3, 331, -3, 715, -22, -11, -13, 1291, -13;
3, 332, 0, 724, 33, 20, 13, 1297, -2;
6, 330, -1, 707, 68, 40, 26, 1288, -5;
17, 335, 5, 733, 150, 84, 69, 1307, 22;
16, 326, 0, 675, 151, 88, 62, 1274, 0;
21, 324, 1, 657, 195, 113, 82, 1267, 4;
25, 322, 2, 633, 236, 136, 100, 1257, 8;
31, 321, 4, 614, 285, 164, 124, 1252, 18;
35, 316, 4, 575, 316, 182, 136, 1234, 18;
37, 311, 4, 531, 342, 198, 147, 1214, 16;
51, 316, 14, 552, 436, 247, 199, 1235, 58;
52, 310, 13, 496, 453, 258, 204, 1209, 53;
53, 303, 12, 438, 468, 267, 209, 1182, 49;
52, 294, 9, 367, 471, 270, 206, 1148, 38;
62, 296, 18, 364, 541, 307, 245, 1157, 71;
59, 285, 13, 275, 523, 299, 231, 1112, 52;
62, 281, 15, 231, 548, 313, 244, 1096, 61;
59, 271, 12, 149, 534, 307, 233, 1057, 48;
63, 267, 16, 110, 561, 321, 248, 1044, 63;
67, 265, 20, 75, 589, 335, 264, 1034, 80;
65, 256, 18, 2, 575, 328, 256, 1001, 73;
60, 245, 14, -86, 543, 312, 236, 957, 56;
66, 246, 22, -101, 580, 330, 260, 960, 86;
65, 239, 22, -161, 568, 323, 254, 935, 86;
67, 237, 26, -196, 577, 327, 262, 925, 102;
55, 221, 17, -310, 501, 288, 217, 865, 67;
56, 218, 20, -347, 498, 285, 219, 853, 79;
57, 217, 24, -373, 500, 285, 224, 847, 96;
55, 212, 25, -417, 480, 273, 216, 830, 100;
45, 201, 19, -503, 412, 237, 178, 786, 77;
49, 204, 27, -499, 427, 242, 193, 797, 107;
38, 192, 20, -588, 345, 199, 148, 750, 78;
34, 189, 20, -621, 312, 180, 134, 737, 81;
38, 193, 29, -603, 325, 184, 149, 755, 114;
29, 186, 24, -660, 257, 147, 113, 725, 97;
23, 181, 23, -693, 207, 119, 89, 709, 92;
25, 186, 30, -670, 208, 116, 98, 728, 120;
14, 179, 25, -721, 129, 74, 56, 699, 98;
7, 176, 23, -746, 72, 42, 28, 686, 90;
0, 173, 21, -763, 17, 11, 2, 677, 84;
4, 182, 30, -709, 28, 14, 17, 711, 119;
-8, 174, 22, -756, -65, -36, -32, 682, 89;
-10, 178, 25, -730, -91, -52, -40, 696, 100;
-18, 176, 22, -737, -154, -86, -72, 689, 88;
-24, 178, 22, -725, -201, -113, -93, 694, 85;
-30, 178, 20, -712, -250, -141, -117, 697, 80;
-31, 184, 23, -668, -272, -154, -122, 720, 91;
-30, 192, 28, -609, -280, -161, -120, 751, 110;
-33, 197, 29, -565, -306, -177, -130, 771, 116;
-42, 196, 24, -563, -375, -214, -166, 765, 94;
-51, 195, 19, -553, -437, -247, -199, 764, 74;
-51, 204, 22, -487, -445, -253, -199, 795, 87;
-53, 209, 22, -436, -467, -266, -208, 818, 88;
-50, 220, 27, -353, -456, -263, -197, 860, 109;
-59, 219, 21, -342, -518, -295, -231, 856, 82;
-56, 230, 25, -258, -505, -290, -220, 898, 99;
-57, 236, 25, -198, -516, -297, -224, 923, 100;
-68, 232, 15, -204, -590, -335, -268, 908, 59;
-67, 241, 17, -133, -584, -332, -262, 941, 66;
-61, 253, 22, -34, -549, -315, -239, 990, 89;
-62, 258, 20, 15, -558, -320, -245, 1009, 81;
-62, 265, 20, 77, -552, -317, -242, 1035, 81;
-68, 264, 12, 89, -592, -336, -267, 1031, 49;
-66, 271, 12, 152, -577, -328, -260, 1058, 50;
-62, 279, 14, 223, -549, -313, -245, 1091, 57;
-62, 284, 12, 270, -541, -308, -242, 1109, 49;
-58, 291, 13, 333, -512, -292, -227, 1138, 52;
-58, 294, 10, 370, -504, -287, -226, 1150, 40;
-56, 298, 8, 411, -486, -276, -220, 1165, 32;
-48, 308, 12, 486, -428, -245, -189, 1203, 47;
-42, 315, 13, 542, -384, -221, -167, 1229, 52;
-46, 311, 4, 535, -398, -225, -181, 1216, 19;
-34, 323, 12, 622, -311, -180, -134, 1263, 47;
-37, 320, 3, 608, -319, -181, -145, 1248, 15;
-25, 329, 9, 680, -237, -137, -101, 1286, 38;
-21, 331, 8, 701, -200, -115, -85, 1294, 32;
-17, 333, 6, 716, -162, -93, -69, 1300, 25;
-11, 335, 6, 738, -113, -66, -46, 1310, 24;
-8, 335, 4, 741, -77, -44, -31, 1309, 15;
-2, 336, 3, 749, -30, -18, -10, 1313, 13;
-4, 330, -4, 709, -28, -14, -17, 1288, -17;
1, 331, -4, 714, 23, 15, 6, 1291, -17;
14, 338, 2, 755, 117, 64, 56, 1318, 8;
17, 334, 0, 731, 148, 83, 68, 1306, -3;
15, 326, -8, 673, 148, 87, 60, 1273, -33;
21, 325, -8, 660, 198, 115, 84, 1269, -32;
27, 323, -8, 641, 244, 141, 105, 1262, -33;
33, 323, -7, 627, 298, 170, 132, 1259, -28;
39, 320, -7, 602, 342, 195, 153, 1250, -27;
38, 312, -12, 539, 350, 202, 151, 1218, -48;
50, 315, -6, 546, 430, 244, 195, 1231, -23;
47, 305, -12, 466, 423, 242, 185, 1190, -50;
47, 297, -16, 401, 432, 249, 186, 1159, -66;
55, 296, -13, 381, 485, 277, 215, 1157, -52;
62, 296, -9, 363, 539, 306, 244, 1156, -35;
62, 288, -12, 295, 543, 309, 243, 1125, -48;
61, 280, -15, 224, 542, 310, 240, 1092, -62;
64, 275, -14, 180, 565, 322, 252, 1076, -58;
62, 267, -18, 105, 556, 318, 245, 1041, -72;
66, 263, -16, 64, 578, 330, 257, 1027, -65;
69, 260, -14, 26, 600, 341, 271, 1016, -55;
69, 254, -14, -30, 599, 340, 271, 993, -57;
68, 247, -16, -92, 589, 335, 265, 966, -63;
59, 233, -24, -198, 531, 305, 231, 912, -96;
66, 236, -16, -198, 575, 326, 260, 924, -63;
60, 226, -21, -282, 529, 302, 235, 882, -84;
58, 220, -22, -334, 511, 292, 227, 861, -86;
60, 219, -18, -357, 517, 293, 234, 857, -71;
48, 206, -27, -459, 438, 252, 189, 804, -107;
46, 201, -27, -501, 414, 238, 179, 787, -106;
49, 204, -20, -500, 426, 242, 193, 796, -81;
39, 193, -27, -581, 351, 202, 152, 754, -108;
38, 192, -25, -598, 335, 191, 148, 751, -97;
30, 186, -28, -649, 279, 160, 120, 726, -110;
25, 182, -29, -680, 236, 137, 101, 712, -113;
26, 185, -23, -671, 230, 130, 104, 723, -93;
17, 178, -28, -720, 157, 91, 66, 697, -112;
19, 184, -21, -690, 160, 89, 76, 719, -84;
9, 178, -26, -730, 87, 50, 38, 696, -103;
4, 177, -26, -740, 39, 23, 16, 691, -105;
4, 182, -21, -706, 30, 15, 19, 713, -82;
0, 183, -21, -705, -14, -10, -1, 714, -82;
-10, 178, -26, -733, -94, -53, -42, 695, -104;
-17, 178, -27, -729, -145, -82, -66, 695, -108;
-20, 181, -25, -702, -178, -101, -79, 708, -101;
-29, 179, -30, -710, -248, -140, -115, 699, -118;
-24, 191, -20, -626, -229, -133, -96, 746, -80;
-30, 193, -21, -604, -275, -158, -117, 754, -82;
-39, 192, -25, -601, -342, -195, -152, 749, -100;
-40, 198, -22, -548, -360, -206, -157, 775, -87;
-42, 204, -20, -497, -381, -219, -165, 798, -79;
-48, 206, -22, -473, -430, -246, -190, 805, -88;
-57, 205, -27, -461, -491, -279, -223, 802, -108;
-59, 211, -26, -409, -512, -291, -232, 825, -103;
-57, 221, -21, -328, -505, -289, -223, 864, -83;
-63, 222, -25, -304, -552, -314, -249, 868, -98;
-59, 235, -18, -209, -527, -302, -231, 916, -71;
-60, 241, -17, -152, -537, -308, -235, 941, -67;
-67, 241, -22, -131, -582, -331, -261, 942, -87;
-62, 252, -16, -40, -554, -318, -243, 986, -64;
-67, 254, -20, -12, -586, -334, -262, 992, -79;
-66, 261, -19, 49, -580, -331, -259, 1018, -74;
-62, 271, -14, 130, -552, -316, -242, 1056, -57;
-63, 274, -16, 172, -557, -318, -247, 1071, -63;
-65, 276, -19, 204, -569, -323, -257, 1079, -74;
-62, 284, -16, 267, -545, -310, -244, 1107, -65;
-62, 287, -17, 309, -536, -304, -243, 1122, -69;
-57, 295, -14, 371, -502, -286, -225, 1151, -58;
-55, 299, -14, 415, -482, -274, -217, 1168, -57;
-45, 311, -6, 505, -409, -236, -177, 1214, -26;
-50, 307, -14, 493, -433, -245, -197, 1198, -56;
-44, 314, -10, 550, -383, -218, -172, 1226, -41;
-33, 324, -2, 628, -305, -176, -129, 1267, -11;
-33, 324, -6, 635, -293, -168, -129, 1264, -23;
-26, 329, -2, 677, -239, -138, -102, 1285, -10;
-23, 330, -3, 692, -208, -120, -90, 1289, -13;
-24, 326, -8, 674, -204, -114, -95, 1273, -32;
-10, 337, 1, 745, -106, -62, -42, 1314, 5;
-5, 338, 2, 756, -61, -37, -22, 1319, 9;
-9, 330, -5, 708, -72, -39, -36, 1287, -20;
0, 335, 0, 743, 5, 2, 3, 1309, 3;
7, 336, 3, 747, 57, 31, 27, 1312, 11;
6, 330, -1, 708, 69, 41, 27, 1289, -4;
13, 330, 1, 706, 122, 71, 52, 1290, 5;
22, 332, 6, 714, 189, 107, 86, 1298, 23;
19, 323, 0, 649, 187, 109, 77, 1262, 0;
25, 322, 1, 631, 234, 135, 99, 1256, 7;
34, 323, 7, 631, 302, 172, 134, 1262, 29;
38, 319, 7, 595, 335, 191, 148, 1246, 30;
43, 316, 9, 565, 376, 214, 168, 1235, 37;
50, 315, 13, 545, 429, 243, 195, 1231, 54;
54, 312, 15, 510, 467, 264, 213, 1217, 61;
55, 304, 14, 447, 477, 272, 214, 1188, 54;
56, 297, 13, 387, 491, 280, 218, 1161, 51;
54, 287, 9, 309, 486, 279, 211, 1123, 37;
64, 290, 18, 306, 554, 315, 250, 1132, 71;
57, 276, 11, 201, 519, 298, 226, 1078, 43;
61, 272, 14, 159, 544, 312, 239, 1063, 55;
62, 266, 14, 101, 553, 316, 243, 1039, 57;
62, 259, 14, 38, 552, 317, 242, 1012, 57;
61, 252, 14, -23, 550, 316, 240, 985, 57;
62, 248, 17, -71, 558, 319, 245, 967, 66;
68, 248, 24, -87, 594, 337, 268, 969, 94;
64, 239, 21, -163, 566, 322, 252, 933, 85;
57, 227, 16, -257, 515, 296, 223, 886, 63;
63, 229, 24, -264, 547, 311, 246, 893, 95;
56, 218, 20, -348, 498, 285, 218, 853, 78;
57, 216, 24, -376, 498, 284, 223, 845, 94;
51, 208, 21, -442, 455, 260, 200, 814, 85;
47, 203, 21, -493, 421, 242, 184, 792, 83;
48, 203, 26, -507, 420, 239, 189, 792, 103;
47, 201, 29, -531, 401, 227, 183, 785, 113;
35, 190, 22, -614, 319, 183, 138, 741, 86;
32, 187, 23, -640, 287, 165, 125, 731, 90;
24, 181, 20, -688, 229, 133, 96, 707, 79;
21, 180, 22, -703, 197, 114, 83, 703, 86;
17, 179, 23, -717, 161, 93, 68, 699, 90;
12, 177, 23, -734, 116, 67, 48, 691, 90;
14, 183, 30, -702, 115, 64, 56, 714, 117;
6, 179, 27, -725, 54, 30, 25, 701, 107;
-4, 173, 22, -763, -25, -12, -15, 678, 85;
-6, 177, 25, -741, -50, -28, -23, 691, 98;
-9, 179, 26, -723, -84, -48, -36, 701, 104;
-18, 176, 22, -738, -154, -86, -72, 689, 88;
-24, 177, 21, -728, -203, -114, -95, 692, 84;
-24, 184, 25, -679, -217, -124, -96, 718, 101;
-27, 189, 28, -640, -243, -140, -105, 737, 109;
-35, 188, 24, -635, -305, -174, -136, 735, 94;
-40, 190, 22, -612, -352, -200, -159, 742, 87;
-39, 199, 27, -541, -353, -203, -153, 779, 107;
-49, 197, 20, -541, -425, -241, -192, 771, 81;
-51, 203, 21, -492, -449, -256, -202, 793, 84;
-51, 211, 24, -423, -453, -260, -199, 826, 97;
-53, 217, 24, -371, -475, -272, -208, 848, 97;
-53, 225, 26, -306, -482, -277, -209, 878, 104;
-64, 222, 17, -306, -554, -315, -250, 867, 69;
-59, 234, 23, -210, -528, -303, -231, 916, 93;
-60, 241, 23, -151, -536, -308, -234, 941, 93;
-63, 245, 20, -109, -561, -321, -248, 955, 80;
-64, 250, 19, -56, -570, -326, -253, 976, 75;
-60, 261, 23, 31, -541, -311, -235, 1019, 91;
-69, 257, 13, 28, -601, -341, -272, 1005, 50;
-61, 272, 20, 136, -545, -313, -238, 1061, 79;
-66, 271, 12, 152, -578, -328, -260, 1058, 50;
-60, 282, 17, 240, -533, -305, -234, 1102, 67;
-61, 285, 13, 274, -537, -306, -240, 1112, 52;
-61, 288, 10, 314, -531, -302, -239, 1126, 40;
-58, 294, 9, 366, -508, -289, -229, 1147, 37;
-50, 304, 14, 447, -449, -258, -197, 1188, 55;
-47, 309, 12, 489, -425, -243, -187, 1205, 49;
-44, 313, 11, 533, -394, -226, -173, 1223, 46;
-42, 315, 8, 560, -373, -213, -165, 1232, 34;
-35, 322, 11, 616, -318, -183, -137, 1259, 43;
-33, 323, 7, 630, -298, -170, -132, 1261, 28;
-29, 326, 6, 658, -259, -148, -115, 1272, 24;
-23, 330, 6, 690, -210, -121, -92, 1287, 25;
-23, 327, 0, 680, -198, -111, -91, 1277, 2;
-12, 335, 5, 733, -118, -68, -49, 1307, 21;
-13, 330, -1, 708, -109, -61, -52, 1289, -4;
-4, 334, 1, 737, -42, -24, -18, 1306, 5;
-2, 332, -2, 720, -17, -8, -10, 1294, -10;
0, 329, -5, 704, 14, 10, 0, 1285, -23;
12, 335, 0, 741, 102, 57, 48, 1310, 0;
11, 329, -6, 695, 112, 65, 45, 1283, -25;
20, 330, -4, 701, 177, 101, 78, 1290, -15;
28, 332, -1, 705, 243, 137, 112, 1297, -4;
29, 325, -6, 653, 257, 147, 113, 1270, -25;
32, 321, -8, 620, 291, 167, 128, 1255, -32;
35, 316, -11, 577, 317, 183, 137, 1235, -43;
45, 318, -6, 577, 389, 221, 176, 1243, -24;
50, 316, -5, 548, 432, 245, 196, 1232, -22;
52, 309, -8, 495, 452, 257, 203, 1208, -32;
51, 300, -13, 423, 453, 260, 199, 1173, -52;
52, 293, -16, 363, 466, 268, 203, 1145, -63;
59, 292, -12, 339, 516, 294, 230, 1141, -50;
61, 287, -13, 291, 538, 307, 240, 1122, -51;
64, 282, -13, 242, 560, 319, 251, 1103, -50;
64, 276, -14, 180, 566, 323, 253, 1076, -57;
67, 272, -13, 136, 587, 334, 264, 1060, -53;
60, 257, -22, 26, 540, 311, 234, 1004, -88;
65, 256, -18, 0, 574, 328, 255, 1000, -71;
62, 247, -21, -72, 557, 319, 245, 966, -83;
59, 239, -24, -144, 537, 309, 233, 934, -95;
58, 233, -25, -201, 528, 304, 229, 910, -98;
65, 235, -18, -209, 564, 321, 253, 917, -70;
55, 221, -26, -313, 498, 287, 216, 863, -104;
60, 222, -20, -321, 524, 298, 235, 869, -78;
52, 212, -26, -405, 468, 269, 204, 827, -101;
51, 209, -24, -441, 456, 261, 201, 815, -95;
50, 206, -22, -472, 443, 252, 198, 805, -88;
51, 205, -19, -490, 436, 247, 199, 803, -74;
40, 194, -26, -573, 359, 206, 157, 759, -103;
39, 194, -23, -588, 345, 196, 155, 757, -91;
32, 187, -26, -639, 289, 166, 126, 732, -104;
27, 183, -27, -673, 244, 140, 105, 717, -109;
28, 187, -21, -657, 243, 137, 112, 732, -85;
15, 177, -30, -729, 149, 87, 61, 691, -118;
12, 177, -28, -734, 116, 68, 48, 692, -111;
10, 179, -25, -723, 94, 53, 42, 700, -98;
8, 181, -23, -716, 64, 35, 31, 707, -89;
-3, 174, -29, -757, -19, -9, -12, 681, -114;
-5, 178, -26, -736, -45, -26, -20, 694, -102;
-14, 174, -30, -758, -119, -66, -58, 679, -120;
-15, 179, -26, -721, -138, -78, -62, 699, -103;
-22, 179, -27, -713, -189, -107, -86, 701, -107;
-24, 184, -24, -677, -215, -123, -94, 720, -97;
-26, 190, -21, -635, -238, -137, -102, 741, -85;
-31, 191, -22, -615, -286, -164, -124, 747, -89;
-36, 194, -23, -587, -328, -188, -144, 758, -91;
-44, 195, -26, -571, -383, -218, -172, 760, -102;
-49, 197, -27, -540, -424, -241, -192, 771, -106;
-54, 200, -28, -507, -465, -263, -211, 783, -110;
-57, 205, -28, -463, -494, -280, -224, 801, -109;
-55, 215, -22, -385, -489, -279, -217, 840, -88;
-57, 221, -21, -332, -508, -290, -225, 862, -85;
-59, 227, -21, -278, -525, -300, -232, 885, -82;
-64, 229, -23, -244, -562, -320, -252, 895, -92;
-66, 234, -23, -192, -578, -328, -260, 915, -92;
-66, 242, -21, -127, -579, -329, -259, 944, -85;
-64, 250, -18, -56, -570, -325, -252, 977, -73;
-62, 259, -15, 18, -555, -318, -243, 1011, -60;
-66, 261, -18, 50, -579, -330, -258, 1019, -73;
-63, 269, -16, 120, -561, -321, -248, 1050, -63;
-59, 278, -12, 197, -532, -306, -231, 1087, -47;
-67, 275, -20, 197, -576, -327, -261, 1075, -79;
-56, 290, -10, 309, -502, -289, -218, 1133, -39;
-55, 294, -11, 350, -495, -284, -217, 1148, -43;
-56, 296, -13, 379, -494, -282, -220, 1156, -53;
-50, 304, -9, 449, -448, -257, -196, 1189, -36;
-44, 312, -5, 511, -403, -233, -173, 1218, -22;
-43, 314, -7, 537, -389, -223, -170, 1226, -29;
-43, 314, -10, 552, -380, -216, -170, 1227, -40;
-43, 315, -12, 567, -366, -207, -167, 1229, -49;
-39, 318, -12, 597, -331, -187, -152, 1241, -47;
-30, 325, -6, 654, -263, -150, -117, 1270, -25;
-27, 326, -7, 665, -235, -133, -107, 1272, -29;
-22, 328, -6, 685, -193, -109, -88, 1280, -25;
-17, 330, -5, 702, -149, -84, -68, 1287, -21;
-14, 329, -6, 700, -117, -65, -57, 1284, -25;
-2, 337, 1, 752, -27, -17, -9, 1315, 6;
-3, 331, -3, 714, -23, -11, -14, 1291, -14;
6, 335, 2, 742, 52, 29, 24, 1309, 8;
13, 336, 5, 747, 109, 60, 51, 1314, 20;
11, 329, 0, 695, 112, 65, 46, 1284, -1;
17, 328, 1, 684, 160, 92, 68, 1280, 5;
29, 333, 9, 709, 247, 139, 114, 1299, 37;
29, 326, 6, 659, 262, 149, 116, 1273, 24;
34, 323, 7, 631, 302, 172, 134, 1262, 29;
34, 315, 3, 570, 310, 179, 133, 1230, 14;
37, 310, 3, 528, 339, 196, 145, 1212, 14;
45, 310, 9, 515, 399, 228, 176, 1212, 35;
47, 305, 9, 467, 424, 243, 186, 1191, 35;
54, 303, 13, 442, 472, 269, 211, 1185, 51;
54, 296, 11, 377, 481, 275, 212, 1154, 44;
59, 293, 15, 344, 521, 297, 233, 1145, 59;
60, 286, 14, 283, 531, 303, 236, 1117, 57;
60, 278, 13, 217, 535, 306, 235, 1088, 53;
66, 277, 19, 192, 577, 328, 260, 1083, 75;
59, 263, 11, 82, 534, 307, 231, 1027, 45;
64, 262, 17, 55, 569, 325, 252, 1022, 67;
66, 257, 19, 8, 581, 331, 259, 1005, 77;
63, 248, 17, -67, 561, 321, 247, 969, 68;
67, 247, 23, -94, 587, 334, 264, 965, 90;
67, 242, 24, -146, 583, 331, 263, 944, 96;
64, 234, 23, -215, 558, 318, 250, 913, 90;
59, 225, 20, -288, 524, 299, 231, 879, 81;
53, 215, 17, -365, 480, 276, 208, 842, 68;
55, 214, 22, -388, 486, 277, 215, 838, 86;
54, 211, 24, -424, 472, 269, 211, 825, 96;
48, 204, 22, -487, 428, 245, 188, 796, 87;
47, 202, 25, -514, 412, 235, 184, 788, 98;
43, 198, 25, -553, 380, 216, 170, 772, 100;
35, 190, 22, -613, 320, 184, 139, 741, 86;
38, 194, 29, -599, 329, 186, 151, 757, 116;
25, 182, 21, -681, 236, 136, 100, 712, 84;
23, 182, 24, -689, 211, 121, 92, 712, 95;
17, 179, 23, -717, 161, 93, 69, 699, 91;
10, 175, 21, -745, 105, 62, 42, 685, 83;
9, 178, 25, -734, 84, 48, 36, 694, 98;
2, 176, 23, -749, 31, 18, 11, 686, 93;
-2, 175, 23, -751, -13, -6, -8, 685, 93;
0, 182, 30, -708, -17, -12, -3, 711, 118;
-5, 183, 30, -699, -60, -36, -21, 716, 119;
-13, 182, 28, -704, -120, -69, -51, 710, 109;
-23, 178, 22, -721, -197, -111, -91, 696, 88;
-21, 187, 29, -657, -195, -113, -82, 732, 114;
-26, 189, 28, -639, -242, -140, -104, 738, 110;
-36, 187, 23, -641, -312, -177, -141, 731, 90;
-34, 197, 29, -569, -310, -179, -132, 769, 113;
-40, 198, 26, -549, -361, -207, -158, 774, 102;
-43, 203, 27, -503, -387, -222, -168, 795, 105;
-49, 205, 23, -477, -435, -248, -193, 802, 93;
-52, 210, 23, -433, -464, -265, -206, 820, 90;
-51, 220, 27, -356, -459, -264, -199, 858, 107;
-63, 215, 17, -365, -542, -307, -246, 842, 67;
-63, 222, 18, -304, -551, -313, -248, 869, 71;
-59, 235, 24, -208, -526, -301, -230, 917, 94;
-68, 233, 16, -200, -585, -332, -265, 911, 62;
-67, 240, 16, -136, -587, -334, -264, 938, 64;
-67, 247, 16, -72, -586, -334, -263, 966, 65;
-65, 256, 18, -2, -575, -328, -256, 998, 70;
-64, 263, 18, 64, -565, -323, -249, 1028, 73;
-64, 268, 17, 117, -565, -322, -250, 1048, 67;
-61, 277, 18, 187, -542, -311, -238, 1080, 72;
-63, 279, 13, 218, -555, -316, -248, 1088, 53;
-64, 282, 10, 258, -554, -314, -250, 1102, 41;
-59, 291, 12, 329, -516, -294, -230, 1135, 49;
-54, 298, 13, 391, -483, -276, -213, 1163, 53;
-49, 305, 15, 454, -443, -255, -193, 1192, 59;
-48, 308, 12, 487, -428, -245, -188, 1203, 47;
-49, 308, 6, 498, -428, -243, -194, 1201, 24;
-38, 320, 13, 588, -345, -199, -148, 1249, 52;
-42, 315, 4, 571, -362, -205, -165, 1231, 15;
-37, 319, 3, 606, -322, -182, -147, 1246, 13;
-28, 327, 6, 662, -255, -146, -112, 1275, 26;
-26, 326, 3, 669, -232, -131, -105, 1274, 12;
-17, 333, 6, 715, -163, -94, -69, 1299, 24;
-14, 333, 3, 720, -131, -75, -57, 1299, 13;
-6, 337, 5, 751, -67, -39, -25, 1316, 22;
-6, 332, 0, 724, -55, -30, -26, 1298, -2;
3, 338, 3, 759, 21, 10, 13, 1319, 13;
0, 330, -5, 708, 17, 12, 3, 1287, -20;
7, 331, -4, 714, 75, 44, 31, 1293, -16;
11, 328, -6, 693, 109, 64, 44, 1282, -27;
23, 334, 0, 723, 198, 112, 92, 1304, -2;
29, 333, 0, 707, 245, 138, 113, 1298, -3;
24, 321, -11, 625, 228, 132, 95, 1252, -43;
36, 325, -4, 645, 316, 179, 143, 1270, -17;
38, 320, -7, 597, 338, 193, 150, 1248, -30;
40, 313, -11, 546, 358, 205, 156, 1223, -43;
49, 314, -6, 540, 424, 241, 191, 1228, -27;
47, 305, -12, 466, 423, 243, 186, 1190, -50;
54, 303, -10, 441, 471, 269, 210, 1184, -41;
52, 293, -16, 364, 467, 268, 204, 1146, -63;
54, 288, -17, 313, 490, 281, 213, 1125, -66;
63, 289, -11, 301, 549, 312, 247, 1128, -44;
61, 279, -16, 221, 539, 308, 238, 1090, -64;
62, 274, -16, 167, 553, 316, 245, 1068, -65;
69, 273, -12, 145, 596, 338, 270, 1066, -47;
62, 260, -20, 42, 557, 319, 244, 1014, -78;
60, 251, -23, -30, 543, 312, 236, 981, -90;
69, 254, -14, -30, 599, 340, 271, 993, -57;
61, 241, -22, -134, 548, 314, 240, 940, -89;
67, 242, -16, -147, 582, 331, 263, 943, -64;
64, 234, -19, -215, 558, 318, 250, 913, -74;
59, 225, -22, -290, 522, 299, 230, 878, -89;
55, 217, -25, -353, 492, 282, 215, 849, -98;
57, 217, -21, -374, 500, 285, 224, 847, -82;
56, 214, -19, -410, 487, 276, 220, 834, -76;
47, 203, -25, -491, 423, 242, 185, 793, -100;
51, 206, -18, -489, 438, 248, 200, 804, -73;
43, 198, -23, -552, 380, 217, 170, 772, -90;
43, 197, -20, -567, 366, 207, 167, 770, -78;
35, 190, -24, -623, 305, 174, 136, 742, -94;
28, 185, -26, -661, 255, 146, 112, 724, -102;
21, 179, -29, -706, 194, 112, 81, 701, -115;
22, 184, -23, -684, 193, 109, 89, 719, -90;
15, 180, -25, -717, 134, 76, 59, 702, -101;
10, 179, -25, -725, 92, 52, 41, 699, -99;
9, 182, -21, -706, 73, 39, 37, 712, -84;
0, 177, -27, -743, -5, -2, -3, 690, -105;
-9, 174, -30, -760, -69, -38, -35, 679, -117;
-5, 183, -21, -697, -58, -35, -20, 717, -82;
-13, 182, -24, -705, -121, -70, -51, 710, -93;
-20, 181, -25, -701, -177, -101, -78, 709, -100;
-21, 187, -21, -656, -194, -113, -82, 732, -84;
-27, 188, -23, -643, -246, -141, -106, 736, -90;
-35, 188, -26, -635, -306, -174, -137, 734, -102;
-37, 193, -24, -593, -333, -191, -147, 754, -94;
-38, 200, -20, -536, -348, -200, -150, 782, -80;
-41, 205, -19, -493, -377, -217, -162, 801, -76;
-44, 210, -18, -448, -405, -233, -174, 820, -73;
-56, 206, -27, -457, -487, -276, -220, 805, -105;
-51, 219, -18, -358, -462, -266, -200, 857, -72;
-62, 216, -26, -363, -540, -306, -244, 843, -104;
-60, 226, -21, -282, -529, -302, -235, 883, -84;
-66, 227, -25, -257, -575, -326, -261, 886, -101;
-62, 239, -19, -164, -550, -315, -243, 933, -75;
-59, 249, -15, -84, -536, -308, -232, 971, -58;
-69, 245, -23, -85, -599, -340, -271, 958, -91;
-70, 251, -23, -31, -605, -343, -274, 980, -91;
-64, 262, -17, 60, -569, -325, -252, 1025, -67;
-63, 269, -16, 119, -562, -321, -248, 1050, -63;
-65, 272, -18, 159, -570, -325, -255, 1063, -70;
-58, 284, -11, 252, -521, -299, -227, 1109, -44;
-60, 286, -14, 280, -531, -303, -236, 1115, -57;
-58, 291, -14, 331, -514, -293, -229, 1136, -55;
-52, 300, -9, 407, -467, -268, -203, 1173, -36;
-53, 301, -12, 430, -467, -266, -208, 1177, -48;
-48, 308, -9, 487, -428, -245, -188, 1203, -37;
-44, 313, -8, 530, -396, -227, -174, 1222, -33;
-44, 314, -10, 550, -382, -217, -171, 1226, -41;
-36, 321, -6, 607, -326, -187, -142, 1254, -24;
-32, 324, -5, 636, -292, -167, -128, 1265, -23;
-32, 323, -8, 639, -278, -157, -126, 1261, -35;
-22, 331, -2, 697, -203, -117, -87, 1292, -10;
-21, 330, -4, 696, -182, -103, -81, 1287, -19;
-18, 329, -6, 698, -152, -85, -71, 1285, -23;
-11, 332, -3, 718, -99, -56, -45, 1296, -14;
-2, 337, 1, 751, -28, -17, -9, 1314, 6;
1, 336, 1, 746, 8, 4, 5, 1311, 5;
8, 338, 4, 758, 68, 37, 34, 1319, 18;
10, 334, 2, 731, 92, 52, 41, 1303, 9;
11, 328, 0, 693, 109, 64, 44, 1282, -3;
21, 332, 5, 711, 187, 106, 85, 1297, 22;
22, 326, 3, 668, 206, 119, 89, 1274, 11;
27, 323, 3, 642, 245, 141, 106, 1263, 14;
36, 325, 9, 642, 313, 178, 141, 1269, 36;
33, 315, 3, 567, 308, 178, 131, 1229, 13;
40, 314, 7, 548, 360, 206, 158, 1225, 27;
49, 315, 13, 542, 426, 242, 193, 1229, 52;
45, 303, 6, 452, 410, 236, 177, 1182, 26;
53, 303, 12, 438, 469, 267, 209, 1183, 49;
59, 300, 16, 407, 511, 290, 230, 1173, 63;
58, 292, 13, 336, 512, 292, 227, 1139, 54;
64, 290, 18, 307, 555, 315, 251, 1132, 72;
60, 278, 13, 215, 532, 305, 234, 1086, 51;
66, 277, 19, 190, 576, 327, 259, 1082, 74;
65, 270, 18, 123, 575, 328, 256, 1053, 71;
69, 267, 22, 88, 602, 341, 272, 1042, 88;
68, 259, 21, 20, 594, 338, 267, 1012, 84;
62, 247, 16, -74, 554, 318, 243, 965, 64;
60, 239, 15, -142, 539, 310, 235, 935, 60;
58, 233, 15, -202, 528, 303, 229, 910, 61;
59, 229, 18, -246, 527, 302, 230, 894, 70;
60, 226, 21, -284, 528, 301, 234, 881, 83;
58, 220, 22, -333, 512, 292, 227, 861, 87;
58, 218, 25, -365, 509, 289, 229, 852, 101;
53, 211, 24, -428, 469, 267, 209, 823, 94;
48, 204, 22, -484, 431, 246, 190, 798, 89;
47, 202, 25, -511, 416, 237, 186, 790, 100;
47, 201, 29, -530, 402, 228, 184, 786, 114;
37, 191, 23, -605, 328, 188, 144, 747, 91;
36, 191, 27, -616, 312, 177, 140, 746, 105;
29, 185, 24, -660, 257, 147, 113, 725, 96;
27, 186, 28, -666, 234, 133, 106, 726, 109;
18, 179, 23, -714, 164, 94, 70, 701, 92;
12, 177, 23, -735, 115, 67, 48, 691, 89;
7, 175, 23, -747, 70, 41, 27, 686, 89;
1, 174, 22, -755, 24, 15, 7, 682, 89;
0, 178, 26, -733, 4, 2, 2, 696, 104;
0, 182, 30, -705, -15, -10, -1, 713, 120;
-9, 180, 27, -721, -82, -47, -35, 702, 106;
-17, 177, 23, -734, -150, -84, -69, 692, 90;
-15, 186, 30, -674, -150, -87, -61, 725, 117;
-23, 185, 27, -670, -209, -120, -90, 724, 106;
-29, 186, 25, -658, -261, -149, -116, 727, 98;
-29, 194, 30, -598, -268, -155, -113, 758, 117;
-34, 196, 28, -572, -313, -180, -134, 767, 111;
-39, 200, 27, -539, -351, -202, -152, 780, 108;
-41, 205, 28, -493, -377, -217, -162, 801, 111;
-45, 209, 27, -452, -410, -236, -177, 817, 108;
-55, 207, 20, -453, -483, -274, -218, 808, 78;
-50, 220, 27, -353, -456, -263, -197, 860, 109;
-58, 220, 22, -335, -512, -292, -227, 860, 86;
-63, 223, 18, -302, -550, -313, -248, 870, 71;
-67, 226, 15, -260, -578, -328, -262, 885, 62;
-59, 242, 24, -144, -530, -305, -230, 945, 97;
-63, 245, 21, -107, -558, -319, -246, 957, 82;
-65, 249, 18, -61, -575, -328, -256, 974, 72;
-65, 256, 18, 0, -574, -328, -255, 999, 71;
-66, 260, 16, 47, -582, -331, -260, 1017, 62;
-64, 268, 17, 115, -566, -323, -251, 1047, 66;
-65, 272, 14, 160, -569, -324, -254, 1064, 55;
-58, 284, 19, 251, -521, -299, -227, 1109, 74;
-65, 281, 9, 252, -559, -317, -253, 1098, 38;
-53, 297, 18, 366, -479, -276, -207, 1158, 73;
-54, 298, 14, 394, -480, -275, -211, 1165, 55;
-56, 299, 8, 413, -484, -275, -218, 1167, 33;
-52, 305, 8, 464, -450, -256, -202, 1189, 33;
-49, 308, 6, 500, -426, -242, -193, 1203, 25;
-38, 320, 13, 588, -345, -199, -148, 1249, 52;
-34, 323, 12, 622, -311, -179, -133, 1263, 47;
-39, 318, 2, 598, -330, -186, -152, 1241, 8;
-34, 321, 1, 628, -288, -163, -133, 1254, 6;
-24, 329, 6, 687, -213, -122, -93, 1286, 23;
-17, 333, 6, 717, -161, -93, -69, 1300, 25;
-18, 328, 0, 693, -157, -88, -74, 1282, -2;
-13, 330, -1, 707, -110, -61, -53, 1288, -5;
-4, 335, 1, 740, -39, -23, -16, 1308, 7;
1, 336, 1, 746, 8, 4, 5, 1311, 5;
0, 329, -5, 704, 14, 10, 1, 1285, -22;
10, 333, -2, 728, 89, 51, 39, 1302, -8;
18, 336, 0, 740, 157, 88, 74, 1311, 2;
19, 330, -4, 695, 171, 98, 75, 1287, -19;
21, 325, -8, 657, 195, 113, 82, 1267, -34;
34, 330, -1, 685, 288, 163, 133, 1290, -6;
33, 322, -7, 623, 294, 168, 129, 1257, -30;
33, 315, -12, 567, 308, 178, 131, 1229, -49;
44, 318, -6, 575, 387, 220, 174, 1241, -26;
45, 311, -10, 519, 403, 230, 178, 1214, -40;
52, 309, -8, 495, 452, 257, 203, 1208, -32;
53, 303, -11, 438, 468, 267, 208, 1182, -43;
55, 297, -13, 383, 487, 278, 216, 1158, -50;
61, 295, -10, 355, 532, 302, 240, 1151, -40;
56, 282, -18, 259, 506, 291, 220, 1102, -71;
65, 283, -12, 245, 563, 320, 253, 1105, -48;
64, 275, -15, 179, 564, 322, 252, 1075, -58;
66, 270, -14, 128, 579, 330, 259, 1055, -58;
62, 260, -20, 43, 557, 319, 245, 1015, -78;
64, 256, -18, -2, 571, 326, 253, 998, -73;
60, 246, -23, -84, 545, 313, 237, 959, -91;
68, 248, -15, -90, 591, 336, 267, 967, -62;
62, 236, -21, -179, 550, 315, 243, 924, -84;
62, 232, -20, -226, 547, 312, 243, 906, -81;
61, 227, -20, -272, 539, 307, 241, 888, -78;
60, 223, -20, -320, 525, 299, 235, 869, -78;
60, 220, -18, -356, 518, 293, 235, 858, -71;
56, 213, -19, -412, 485, 275, 219, 833, -77;
46, 201, -27, -501, 413, 238, 179, 787, -106;
42, 197, -27, -543, 383, 220, 166, 770, -107;
45, 200, -21, -539, 394, 223, 179, 781, -81;
33, 188, -29, -627, 306, 177, 130, 733, -116;
35, 191, -23, -618, 310, 176, 139, 745, -91;
25, 182, -29, -681, 236, 136, 100, 712, -114;
25, 184, -24, -676, 224, 127, 100, 720, -96;
23, 185, -22, -678, 200, 112, 93, 723, -86;
18, 183, -22, -695, 155, 87, 73, 716, -87;
8, 177, -27, -739, 79, 45, 33, 691, -108;
7, 180, -23, -721, 59, 32, 28, 704, -92;
1, 179, -24, -727, 9, 4, 6, 700, -95;
-5, 178, -26, -735, -45, -25, -20, 694, -102;
-14, 174, -30, -758, -119, -65, -58, 679, -119;
-15, 180, -25, -717, -134, -76, -59, 702, -101;
-18, 183, -24, -693, -169, -97, -74, 713, -95;
-28, 180, -29, -705, -243, -137, -112, 702, -114;
-32, 183, -28, -673, -276, -157, -125, 717, -109;
-30, 193, -21, -606, -276, -159, -118, 753, -83;
-41, 190, -27, -615, -355, -202, -161, 741, -108;
-40, 198, -22, -549, -360, -207, -158, 774, -88;
-49, 197, -27, -544, -428, -243, -194, 769, -108;
-51, 203, -25, -492, -449, -256, -202, 792, -101;
-50, 212, -21, -420, -451, -258, -198, 828, -82;
-54, 217, -21, -375, -478, -274, -210, 846, -82;
-60, 218, -24, -351, -528, -300, -237, 850, -97;
-63, 223, -24, -299, -546, -311, -245, 872, -95;
-59, 234, -18, -213, -531, -304, -233, 914, -73;
-58, 243, -15, -140, -526, -302, -227, 948, -60;
-62, 246, -17, -103, -554, -317, -244, 959, -70;
-63, 252, -17, -44, -558, -320, -245, 984, -66;
-63, 258, -16, 13, -560, -321, -246, 1008, -63;
-61, 266, -14, 79, -550, -315, -240, 1037, -55;
-59, 273, -12, 144, -537, -309, -233, 1065, -48;
-59, 279, -11, 200, -530, -304, -230, 1088, -45;
-58, 284, -11, 252, -521, -299, -227, 1109, -44;
-59, 287, -13, 289, -522, -299, -230, 1121, -51;
-57, 292, -12, 340, -505, -289, -223, 1142, -49;
-56, 296, -13, 381, -493, -281, -219, 1157, -52;
-54, 300, -13, 421, -475, -271, -213, 1172, -53;
-49, 307, -10, 481, -433, -247, -192, 1200, -41;
-43, 314, -7, 538, -389, -223, -169, 1226, -28;
-46, 311, -13, 534, -399, -226, -182, 1215, -51;
-34, 324, -3, 622, -311, -179, -133, 1263, -15;
-34, 323, -7, 628, -300, -171, -133, 1260, -28;
-33, 322, -10, 632, -285, -161, -131, 1256, -39;
-24, 329, -4, 687, -213, -122, -93, 1286, -16;
-23, 327, -7, 678, -199, -112, -92, 1276, -30;
-18, 329, -6, 695, -156, -87, -73, 1283, -25;
-12, 331, -4, 715, -103, -57, -48, 1293, -16;
-9, 329, -5, 705, -75, -40, -38, 1286, -22;
-1, 333, -1, 729, -8, -4, -5, 1300, -5;
4, 333, 0, 729, 39, 22, 16, 1301, 0;
11, 335, 3, 739, 100, 56, 46, 1308, 14;
18, 335, 6, 736, 152, 86, 71, 1309, 23;
23, 334, 7, 724, 200, 112, 93, 1305, 30;
24, 328, 4, 678, 216, 124, 95, 1280, 18;
28, 325, 4, 649, 252, 145, 111, 1267, 19;
35, 325, 8, 640, 311, 177, 140, 1267, 34;
40, 321, 10, 609, 349, 199, 157, 1255, 39;
43, 317, 10, 570, 382, 217, 171, 1238, 41;
42, 307, 6, 496, 381, 219, 164, 1200, 23;
54, 312, 15, 510, 467, 265, 213, 1218, 62;
54, 304, 13, 444, 474, 270, 212, 1186, 52;
52, 294, 9, 367, 471, 270, 206, 1148, 38;
53, 287, 8, 304, 481, 277, 208, 1120, 34;
59, 285, 13, 273, 521, 298, 230, 1111, 51;
60, 278, 13, 215, 533, 305, 234, 1086, 52;
66, 278, 19, 193, 578, 329, 260, 1084, 76;
61, 266, 14, 99, 550, 315, 241, 1037, 56;
61, 259, 14, 38, 552, 316, 241, 1011, 56;
60, 251, 13, -29, 544, 313, 236, 981, 53;
64, 249, 18, -64, 565, 323, 249, 971, 70;
67, 247, 22, -97, 584, 332, 262, 963, 88;
60, 234, 16, -194, 535, 307, 234, 914, 66;
63, 233, 22, -218, 555, 316, 248, 911, 88;
59, 225, 21, -286, 525, 300, 232, 880, 82;
61, 224, 25, -314, 531, 302, 239, 873, 99;
58, 218, 25, -368, 505, 287, 227, 850, 99;
57, 215, 28, -402, 495, 280, 225, 839, 110;
51, 207, 25, -468, 446, 254, 200, 807, 98;
45, 200, 23, -523, 403, 230, 178, 782, 92;
43, 197, 25, -555, 378, 215, 169, 771, 99;
43, 197, 29, -567, 366, 207, 168, 770, 115;
30, 185, 21, -652, 276, 159, 118, 724, 83;
29, 186, 25, -658, 259, 148, 114, 726, 98;
21, 180, 22, -701, 199, 115, 85, 705, 87;
24, 186, 30, -674, 204, 114, 95, 726, 117;
17, 182, 28, -703, 147, 83, 67, 711, 109;
13, 181, 28, -710, 107, 60, 51, 709, 112;
9, 182, 30, -707, 73, 39, 37, 712, 119;
4, 182, 30, -711, 26, 13, 16, 710, 118;
-6, 176, 24, -744, -54, -30, -25, 689, 96;
-8, 180, 27, -719, -80, -46, -34, 703, 107;
-11, 183, 29, -694, -110, -65, -45, 716, 115;
-18, 183, 27, -689, -165, -95, -71, 716, 107;
-24, 183, 25, -681, -219, -125, -97, 717, 100;
-31, 184, 23, -671, -274, -155, -124, 718, 90;
-31, 192, 27, -612, -283, -163, -123, 749, 108;
-34, 196, 28, -572, -312, -180, -134, 768, 112;
-38, 200, 28, -536, -348, -200, -150, 782, 110;
-48, 198, 22, -534, -418, -238, -188, 775, 86;
-53, 201, 20, -501, -458, -260, -207, 787, 78;
-57, 205, 18, -461, -492, -279, -223, 802, 73;
-58, 212, 20, -402, -505, -287, -227, 829, 78;
-56, 222, 23, -326, -502, -287, -221, 866, 92;
-62, 224, 19, -295, -543, -309, -243, 874, 76;
-57, 236, 25, -199, -517, -297, -224, 923, 100;
-63, 238, 20, -171, -556, -318, -247, 929, 80;
-66, 242, 18, -125, -576, -328, -257, 946, 71;
-60, 254, 23, -29, -543, -312, -236, 993, 92;
-64, 256, 19, 3, -570, -326, -252, 1002, 74;
-66, 261, 16, 48, -581, -331, -259, 1018, 63;
-60, 272, 20, 140, -541, -311, -236, 1063, 81;
-58, 279, 21, 203, -526, -303, -228, 1090, 82;
-63, 279, 14, 222, -551, -314, -246, 1090, 56;
-55, 290, 18, 310, -502, -288, -218, 1134, 73;
-62, 287, 9, 308, -537, -305, -243, 1122, 37;
-60, 292, 8, 356, -518, -294, -235, 1141, 31;
-54, 301, 10, 425, -472, -269, -211, 1174, 41;
-53, 303, 6, 454, -461, -261, -209, 1183, 27;
-47, 310, 8, 511, -415, -236, -186, 1209, 32;
-43, 315, 8, 556, -376, -214, -168, 1230, 32;
-42, 315, 4, 572, -361, -204, -164, 1232, 16;
-31, 325, 9, 644, -284, -163, -123, 1270, 37;
-30, 325, 5, 653, -264, -150, -117, 1270, 21;
-25, 328, 4, 680, -220, -126, -98, 1281, 19;
-15, 336, 9, 733, -145, -85, -59, 1310, 35;
-11, 336, 6, 739, -111, -65, -45, 1311, 25;
-7, 336, 4, 744, -74, -43, -30, 1311, 17;
-10, 329, -4, 703, -77, -41, -40, 1284, -16;