5, 313, 18, 47, 866, 31, 19, 1223, 70;
6, 313, 17, 71, 865, 30, 23, 1223, 70;
0, 305, 9, 20, 789, -19, -2, 1191, 38;
1, 306, 11, 58, 801, -10, 7, 1196, 44;
0, 304, 8, 58, 775, -26, 1, 1186, 34;
11, 313, 18, 171, 861, 32, 42, 1222, 70;
2, 303, 8, 101, 763, -31, 8, 1182, 31;
3, 302, 8, 124, 759, -31, 12, 1181, 31;
10, 309, 14, 211, 817, 9, 42, 1205, 57;
7, 304, 9, 191, 769, -19, 29, 1186, 38;
10, 305, 11, 232, 781, -8, 40, 1192, 45;
16, 310, 16, 300, 820, 21, 63, 1209, 64;
15, 308, 14, 309, 799, 11, 61, 1201, 58;
19, 310, 17, 358, 819, 28, 76, 1210, 68;
17, 306, 14, 350, 781, 7, 68, 1196, 55;
19, 306, 15, 380, 780, 12, 75, 1197, 58;
14, 301, 9, 352, 721, -21, 58, 1173, 37;
19, 303, 12, 406, 744, 0, 75, 1184, 50;
22, 305, 15, 450, 757, 13, 88, 1191, 59;
24, 305, 16, 480, 756, 18, 95, 1192, 62;
17, 297, 8, 429, 674, -29, 70, 1160, 32;
28, 306, 17, 540, 753, 30, 111, 1194, 69;
27, 303, 15, 542, 723, 17, 107, 1184, 61;
23, 297, 10, 516, 665, -14, 91, 1161, 42;
29, 302, 15, 581, 699, 16, 114, 1177, 60;
30, 301, 15, 601, 686, 15, 117, 1174, 60;
24, 293, 8, 557, 610, -26, 94, 1145, 34;
30, 297, 13, 624, 645, 4, 118, 1161, 53;
29, 295, 12, 628, 616, -5, 115, 1152, 47;
34, 298, 16, 684, 641, 19, 134, 1164, 63;
36, 298, 17, 714, 638, 27, 142, 1165, 68;
31, 292, 11, 677, 569, -9, 123, 1139, 45;
38, 297, 17, 749, 610, 27, 149, 1158, 68;
31, 288, 9, 691, 519, -22, 121, 1123, 36;
36, 291, 14, 751, 547, 6, 142, 1137, 54;
40, 293, 16, 793, 558, 23, 156, 1144, 65;
36, 288, 12, 770, 503, -1, 143, 1124, 49;
39, 289, 14, 805, 507, 11, 154, 1129, 58;
34, 282, 8, 762, 432, -27, 132, 1100, 34;
39, 286, 13, 824, 463, 5, 155, 1116, 54;
38, 282, 11, 816, 425, -9, 149, 1103, 45;
42, 285, 14, 860, 438, 11, 164, 1111, 58;
38, 279, 10, 830, 378, -16, 149, 1090, 40;
37, 276, 8, 825, 343, -27, 144, 1078, 33;
41, 278, 12, 870, 358, -5, 160, 1087, 47;
40, 276, 10, 868, 327, -14, 156, 1077, 41;
45, 279, 15, 918, 348, 12, 175, 1089, 58;
46, 279, 16, 937, 339, 18, 181, 1088, 62;
48, 279, 17, 959, 333, 27, 188, 1089, 67;
46, 276, 15, 950, 296, 15, 182, 1077, 60;
41, 268, 9, 901, 219, -22, 160, 1048, 36;
46, 272, 14, 958, 249, 10, 182, 1064, 57;
48, 273, 16, 979, 243, 19, 189, 1065, 63;
44, 268, 12, 948, 187, -4, 175, 1045, 48;
42, 263, 9, 925, 137, -24, 164, 1028, 35;
42, 262, 9, 931, 119, -22, 166, 1024, 36;
42, 261, 9, 933, 96, -24, 165, 1017, 35;
51, 268, 18, 1023, 161, 32, 202, 1048, 71;
49, 265, 16, 1006, 121, 19, 194, 1035, 63;
48, 262, 14, 994, 87, 10, 189, 1024, 57;
50, 262, 16, 1012, 82, 20, 195, 1025, 63;
45, 256, 11, 967, 15, -10, 176, 1001, 44;
43, 253, 9, 949, -23, -22, 169, 988, 36;
45, 254, 11, 967, -26, -10, 176, 990, 44;
43, 250, 9, 948, -65, -23, 169, 977, 36;
44, 251, 11, 962, -70, -12, 175, 979, 43;
49, 254, 15, 1001, -50, 14, 191, 991, 60;
42, 246, 8, 938, -131, -26, 166, 960, 34;
41, 244, 8, 926, -160, -31, 162, 952, 31;
46, 247, 13, 971, -132, 0, 181, 967, 51;
47, 247, 14, 977, -142, 7, 184, 966, 55;
46, 246, 13, 968, -166, 4, 182, 959, 53;
47, 246, 15, 977, -172, 14, 187, 960, 59;
46, 244, 14, 964, -199, 9, 183, 952, 57;
42, 238, 10, 917, -258, -16, 165, 931, 40;
47, 242, 15, 959, -229, 15, 184, 946, 60;
45, 240, 14, 939, -260, 8, 178, 937, 55;
47, 240, 16, 948, -262, 19, 183, 939, 63;
46, 239, 16, 940, -280, 20, 182, 935, 63;
42, 234, 12, 891, -339, -6, 164, 914, 47;
42, 233, 12, 885, -353, -3, 164, 911, 49;
36, 227, 7, 830, -415, -32, 143, 888, 30;
36, 226, 8, 820, -433, -31, 142, 884, 31;
42, 231, 14, 867, -392, 7, 164, 904, 55;
43, 232, 16, 875, -389, 21, 170, 908, 64;
35, 224, 9, 794, -475, -24, 139, 875, 35;
39, 228, 13, 823, -449, 4, 155, 889, 53;
33, 221, 8, 756, -520, -31, 130, 862, 31;
34, 221, 9, 757, -521, -20, 134, 865, 38;
33, 220, 9, 736, -543, -24, 129, 858, 35;
37, 224, 14, 769, -510, 7, 146, 874, 55;
35, 221, 12, 737, -542, -2, 136, 864, 49;
36, 223, 15, 746, -532, 14, 144, 871, 59;
34, 220, 13, 715, -561, 4, 135, 861, 54;
35, 221, 15, 716, -557, 16, 139, 865, 61;
31, 217, 12, 667, -603, -4, 122, 848, 48;
35, 221, 17, 697, -569, 28, 139, 865, 68;
27, 213, 10, 608, -652, -18, 107, 832, 39;
25, 211, 9, 581, -673, -23, 100, 826, 36;
26, 212, 11, 579, -669, -12, 103, 830, 43;
31, 218, 17, 618, -623, 26, 124, 851, 67;
30, 217, 16, 594, -638, 24, 119, 847, 66;
27, 214, 14, 555, -668, 12, 107, 836, 58;
26, 214, 15, 536, -677, 13, 104, 834, 59;
27, 215, 17, 535, -667, 26, 109, 840, 67;
26, 214, 17, 511, -680, 25, 104, 836, 66;
25, 214, 17, 490, -689, 25, 100, 834, 66;
15, 204, 8, 384, -782, -30, 61, 797, 32;
18, 207, 12, 398, -754, -5, 72, 810, 47;
16, 206, 10, 363, -775, -14, 62, 803, 42;
14, 204, 10, 334, -789, -18, 56, 798, 39;
13, 204, 10, 315, -793, -15, 53, 798, 41;
14, 206, 12, 308, -783, -4, 56, 804, 48;
15, 207, 14, 306, -768, 9, 60, 811, 56;
15, 208, 15, 292, -764, 15, 60, 813, 60;
8, 202, 9, 215, -823, -19, 33, 790, 38;
6, 201, 9, 185, -833, -23, 26, 786, 36;
5, 201, 8, 157, -842, -25, 20, 784, 34;
10, 207, 15, 195, -783, 15, 41, 808, 60;
10, 208, 16, 180, -777, 22, 41, 812, 64;
3, 201, 10, 96, -840, -17, 11, 786, 39;
1, 200, 9, 65, -848, -22, 4, 783, 37;
8, 209, 17, 119, -772, 29, 32, 815, 69;
4, 205, 14, 65, -802, 10, 15, 802, 57;
6, 209, 17, 70, -773, 30, 23, 815, 70;
0, 204, 13, 1, -818, 0, 0, 796, 51;
-1, 204, 12, -25, -820, 0, -4, 795, 50;
1, 207, 16, -17, -786, 21, 3, 809, 64;
1, 208, 17, -30, -773, 29, 4, 814, 69;
-1, 207, 16, -69, -786, 19, -6, 809, 63;
-6, 204, 12, -125, -814, -1, -23, 796, 50;
-6, 205, 13, -143, -806, 2, -25, 800, 52;
-5, 208, 16, -141, -776, 20, -19, 811, 63;
-5, 208, 16, -160, -767, 23, -21, 814, 65;
-8, 207, 14, -203, -781, 11, -34, 808, 57;
-16, 201, 8, -289, -838, -29, -64, 784, 32;
-14, 204, 11, -286, -806, -11, -57, 796, 43;
-14, 206, 12, -293, -784, -1, -55, 804, 50;
-20, 201, 8, -362, -823, -31, -78, 787, 31;
-15, 208, 14, -330, -760, 5, -59, 812, 54;
-13, 211, 16, -329, -729, 21, -53, 824, 64;
-15, 210, 15, -359, -729, 16, -61, 822, 61;
-21, 206, 10, -431, -769, -15, -85, 804, 41;
-25, 204, 8, -472, -780, -28, -98, 798, 33;
-20, 211, 14, -438, -714, 9, -78, 824, 56;
-22, 210, 13, -472, -717, 0, -88, 821, 51;
-26, 208, 10, -517, -730, -14, -101, 814, 41;
-21, 214, 15, -490, -671, 17, -85, 837, 61;
-25, 212, 13, -533, -683, 2, -98, 830, 52;
-22, 217, 16, -521, -638, 24, -88, 847, 66;
-29, 212, 11, -595, -680, -11, -114, 827, 43;
-29, 214, 12, -606, -659, -5, -114, 834, 47;
-29, 215, 12, -621, -642, -2, -116, 839, 49;
-29, 217, 14, -623, -612, 8, -113, 849, 56;
-34, 214, 10, -682, -638, -18, -133, 836, 39;
-32, 217, 12, -680, -604, -4, -128, 848, 48;
-29, 222, 16, -659, -551, 21, -115, 868, 64;
-38, 215, 8, -754, -615, -30, -151, 839, 31;
-35, 219, 11, -736, -564, -7, -139, 857, 46;
-35, 222, 13, -741, -537, 0, -138, 866, 51;
-41, 218, 8, -804, -568, -30, -160, 850, 31;
-32, 228, 17, -731, -465, 27, -127, 891, 68;
-38, 224, 12, -791, -493, -2, -148, 876, 49;
-34, 230, 17, -765, -436, 24, -134, 897, 66;
-41, 224, 10, -841, -480, -16, -162, 876, 40;
-37, 230, 14, -812, -421, 12, -147, 898, 58;
-36, 233, 16, -807, -385, 24, -142, 910, 65;
-40, 231, 13, -851, -399, 3, -157, 901, 52;
-39, 233, 14, -850, -368, 11, -154, 911, 58;
-38, 236, 17, -841, -330, 24, -148, 924, 66;
-41, 235, 14, -876, -335, 8, -160, 918, 56;
-43, 235, 13, -900, -330, 0, -167, 917, 51;
-39, 240, 16, -874, -276, 23, -155, 937, 65;
-48, 233, 8, -958, -331, -26, -187, 911, 34;
-44, 238, 12, -929, -274, -1, -173, 931, 50;
-49, 235, 8, -976, -294, -27, -191, 920, 34;
-50, 236, 7, -991, -282, -32, -196, 921, 30;
-44, 243, 13, -941, -205, 5, -173, 950, 54;
-46, 243, 12, -959, -197, -2, -179, 950, 49;
-48, 242, 10, -983, -196, -14, -188, 947, 41;
-48, 244, 11, -984, -171, -12, -187, 954, 43;
-42, 251, 17, -932, -95, 25, -165, 982, 66;
-49, 246, 9, -1003, -141, -19, -193, 959, 38;
-48, 249, 11, -989, -104, -8, -187, 971, 45;
-46, 252, 13, -975, -67, 3, -180, 983, 52;
-44, 255, 15, -955, -25, 17, -172, 997, 61;
-47, 254, 12, -986, -34, -2, -184, 990, 49;
-49, 253, 10, -1005, -32, -14, -192, 988, 41;
-51, 252, 8, -1024, -30, -27, -200, 985, 33;
-47, 257, 12, -986, 26, -2, -185, 1006, 49;
-47, 259, 12, -985, 47, -2, -184, 1011, 49;
-49, 258, 10, -1005, 46, -17, -193, 1007, 40;
-46, 262, 13, -974, 95, 1, -181, 1024, 52;
-42, 267, 17, -933, 153, 26, -165, 1044, 67;
-49, 262, 10, -995, 107, -16, -191, 1022, 40;
-49, 263, 10, -995, 124, -19, -192, 1026, 39;
-45, 267, 13, -959, 175, 1, -178, 1043, 51;
-44, 269, 14, -944, 204, 7, -173, 1052, 55;
-48, 266, 9, -978, 184, -19, -189, 1041, 38;
-46, 270, 12, -952, 224, -6, -179, 1054, 47;
-40, 276, 16, -899, 289, 24, -159, 1078, 66;
-49, 269, 8, -972, 228, -29, -191, 1049, 32;
-42, 276, 14, -906, 304, 8, -166, 1077, 56;
-42, 277, 14, -898, 322, 7, -164, 1082, 55;
-47, 272, 8, -944, 286, -29, -186, 1063, 32;
-38, 282, 17, -851, 387, 25, -149, 1102, 67;
-46, 275, 8, -922, 324, -28, -181, 1073, 33;
-41, 281, 13, -866, 387, 0, -161, 1096, 51;
-37, 285, 16, -827, 432, 19, -147, 1112, 62;
-40, 282, 12, -848, 416, -3, -159, 1102, 48;
-44, 279, 8, -876, 392, -30, -174, 1090, 31;
-43, 281, 8, -858, 414, -27, -169, 1096, 33;
-34, 290, 16, -766, 510, 24, -134, 1133, 66;
-35, 289, 14, -771, 506, 11, -140, 1128, 57;
-32, 293, 18, -726, 553, 31, -124, 1145, 70;
-37, 288, 11, -770, 509, -8, -146, 1124, 45;
-33, 292, 14, -724, 555, 11, -131, 1141, 58;
-36, 289, 11, -744, 534, -12, -143, 1129, 43;
-38, 288, 8, -750, 526, -27, -149, 1124, 33;
-33, 293, 12, -695, 578, -3, -130, 1143, 49;
-36, 290, 8, -713, 557, -26, -142, 1131, 34;
-30, 296, 13, -648, 617, 4, -119, 1154, 53;
-30, 296, 12, -638, 622, -1, -119, 1154, 50;
-30, 296, 12, -622, 633, -3, -117, 1156, 48;
-26, 300, 15, -576, 672, 14, -102, 1170, 59;
-32, 294, 8, -619, 622, -27, -124, 1147, 34;
-28, 297, 10, -578, 654, -13, -112, 1159, 42;
-24, 301, 13, -529, 694, 5, -96, 1174, 54;
-19, 306, 18, -467, 746, 32, -76, 1193, 71;
-24, 300, 12, -503, 699, -5, -95, 1172, 47;
-26, 297, 8, -514, 677, -26, -105, 1161, 34;
-24, 299, 10, -479, 700, -18, -95, 1169, 39;
-17, 306, 16, -402, 765, 18, -68, 1194, 62;
-16, 306, 16, -379, 773, 18, -64, 1197, 62;
-20, 302, 10, -406, 733, -14, -80, 1178, 42;
-14, 308, 16, -331, 793, 20, -54, 1202, 63;
-20, 301, 8, -378, 729, -26, -79, 1174, 34;
-12, 308, 16, -287, 804, 18, -47, 1204, 62;
-16, 303, 10, -320, 754, -18, -66, 1182, 39;
-10, 308, 15, -249, 807, 12, -42, 1203, 58;
-14, 303, 9, -273, 764, -19, -57, 1185, 38;
-11, 306, 12, -229, 789, -6, -44, 1194, 47;
-5, 311, 16, -163, 836, 22, -22, 1213, 64;
-3, 312, 17, -129, 850, 28, -14, 1218, 68;
-8, 306, 11, -165, 793, -11, -34, 1194, 43;
-3, 310, 15, -104, 831, 12, -15, 1209, 58;
-9, 303, 8, -140, 773, -27, -35, 1185, 33;
0, 311, 16, -43, 848, 20, 0, 1216, 63;
-2, 308, 12, -54, 813, -3, -11, 1201, 48;
2, 311, 16, 5, 849, 20, 7, 1216, 63;
4, 312, 17, 40, 859, 26, 16, 1220, 67;
0, 306, 11, 7, 801, -11, -2, 1196, 43;
-1, 304, 9, 12, 781, -24, -6, 1188, 35;
3, 308, 12, 72, 815, -1, 13, 1202, 50;
7, 310, 15, 120, 837, 14, 27, 1212, 60;
4, 306, 11, 106, 796, -11, 15, 1195, 43;
1, 302, 7, 99, 762, -32, 7, 1181, 31;
7, 307, 12, 164, 799, -4, 29, 1197, 47;
13, 311, 17, 236, 842, 26, 53, 1216, 67;
8, 304, 10, 196, 775, -15, 31, 1188, 41;
9, 304, 10, 220, 769, -16, 35, 1187, 40;
8, 302, 8, 229, 749, -26, 33, 1179, 34;
18, 310, 17, 332, 822, 26, 71, 1211, 67;
20, 310, 18, 362, 822, 31, 78, 1212, 70;
20, 309, 17, 380, 810, 27, 80, 1208, 68;
16, 304, 12, 356, 756, -3, 65, 1187, 48;
21, 307, 15, 409, 778, 16, 82, 1197, 61;
17, 302, 11, 390, 728, -11, 68, 1178, 43;
23, 306, 16, 459, 766, 19, 92, 1195, 63;
22, 303, 14, 462, 737, 6, 88, 1185, 55;
18, 297, 8, 433, 677, -26, 71, 1161, 34;
24, 302, 13, 500, 713, 3, 94, 1178, 53;
27, 303, 15, 542, 722, 16, 106, 1184, 61;
30, 304, 17, 580, 729, 28, 118, 1188, 68;
23, 295, 9, 523, 640, -23, 89, 1153, 36;
23, 294, 9, 543, 628, -23, 93, 1150, 36;
32, 302, 17, 638, 691, 27, 128, 1178, 67;
28, 295, 11, 604, 625, -8, 109, 1153, 45;
30, 296, 13, 640, 629, 2, 120, 1157, 52;
27, 291, 8, 615, 571, -26, 105, 1135, 34;
27, 289, 8, 629, 553, -29, 107, 1130, 32;
29, 290, 9, 661, 554, -19, 116, 1132, 38;
32, 290, 11, 692, 552, -10, 125, 1134, 44;
30, 287, 9, 689, 517, -23, 120, 1122, 36;
37, 292, 15, 762, 559, 13, 147, 1142, 59;
36, 290, 13, 764, 529, 4, 144, 1132, 53;
42, 293, 18, 820, 553, 31, 163, 1145, 70;
35, 285, 10, 764, 466, -16, 137, 1111, 41;
41, 289, 15, 829, 499, 17, 160, 1128, 61;
34, 281, 8, 775, 414, -27, 135, 1096, 33;
39, 283, 12, 823, 432, -4, 152, 1106, 48;
45, 288, 18, 892, 470, 32, 177, 1125, 71;
36, 277, 8, 813, 361, -27, 142, 1083, 33;
45, 285, 17, 905, 423, 25, 177, 1111, 66;
39, 276, 10, 852, 340, -18, 152, 1080, 39;
44, 280, 14, 907, 366, 11, 173, 1094, 58;
43, 277, 13, 904, 334, 2, 169, 1083, 52;
42, 275, 12, 904, 306, -3, 167, 1075, 48;
38, 269, 7, 870, 243, -32, 151, 1052, 30;
44, 273, 12, 925, 271, -1, 172, 1067, 50;
45, 273, 13, 940, 258, 3, 176, 1064, 52;
40, 267, 8, 903, 193, -26, 159, 1041, 34;
41, 266, 9, 912, 176, -24, 161, 1037, 35;
43, 266, 10, 934, 172, -14, 169, 1039, 42;
47, 269, 14, 977, 189, 10, 185, 1049, 57;
49, 269, 16, 996, 184, 20, 192, 1050, 63;
50, 268, 17, 1008, 171, 25, 196, 1048, 66;
43, 260, 9, 941, 79, -22, 168, 1014, 37;
42, 258, 9, 942, 57, -23, 167, 1008, 36;
42, 256, 8, 935, 27, -29, 164, 999, 32;
45, 258, 11, 970, 40, -7, 178, 1008, 46;
43, 254, 9, 945, -6, -24, 167, 992, 35;
47, 257, 13, 991, 18, 5, 186, 1005, 54;
49, 258, 15, 1006, 12, 15, 193, 1006, 60;
49, 257, 15, 1007, -6, 16, 193, 1002, 61;
44, 250, 10, 958, -74, -15, 173, 977, 41;
42, 247, 8, 939, -112, -26, 166, 965, 34;
48, 252, 14, 993, -76, 10, 188, 983, 57;
50, 253, 17, 1014, -72, 27, 198, 988, 67;
43, 245, 10, 944, -159, -17, 170, 956, 40;
41, 242, 8, 924, -195, -27, 162, 944, 33;
41, 240, 8, 917, -217, -29, 161, 938, 32;
41, 240, 9, 918, -230, -24, 162, 936, 35;
48, 246, 16, 980, -182, 20, 190, 959, 63;
49, 245, 17, 981, -194, 25, 191, 957, 66;
48, 244, 17, 974, -214, 26, 190, 953, 67;
48, 243, 17, 966, -233, 26, 189, 948, 67;
40, 234, 9, 888, -322, -20, 158, 914, 38;
42, 235, 12, 903, -318, -4, 166, 919, 48;
40, 232, 10, 873, -357, -18, 156, 906, 39;
41, 233, 12, 882, -356, -5, 162, 910, 47;
39, 230, 10, 852, -393, -17, 153, 897, 40;
38, 228, 9, 837, -416, -20, 149, 891, 38;
39, 229, 12, 846, -413, -6, 155, 895, 46;
37, 226, 10, 819, -445, -16, 147, 885, 40;
35, 224, 8, 790, -478, -26, 138, 874, 34;
34, 222, 8, 776, -496, -27, 135, 869, 34;
39, 227, 13, 810, -465, 5, 152, 885, 54;
32, 220, 8, 743, -534, -29, 128, 859, 32;
33, 220, 9, 744, -535, -19, 132, 861, 38;
39, 225, 15, 784, -495, 18, 152, 881, 62;
31, 218, 9, 707, -572, -22, 124, 851, 36;
36, 222, 14, 741, -537, 10, 141, 868, 57;
38, 224, 17, 750, -526, 28, 149, 876, 68;
30, 216, 10, 667, -607, -16, 118, 844, 40;
27, 213, 8, 627, -643, -30, 106, 832, 31;
32, 218, 13, 662, -604, 4, 125, 850, 53;
28, 214, 11, 617, -643, -12, 111, 836, 43;
31, 218, 15, 639, -616, 14, 124, 850, 60;
23, 210, 8, 553, -695, -29, 93, 819, 32;
31, 217, 16, 611, -629, 22, 121, 848, 64;
22, 208, 8, 514, -718, -28, 86, 814, 33;
25, 212, 13, 539, -684, 1, 101, 830, 51;
21, 208, 9, 483, -730, -22, 82, 812, 37;
20, 207, 9, 462, -741, -22, 78, 810, 37;
18, 206, 9, 437, -754, -24, 73, 806, 35;
18, 206, 10, 423, -756, -19, 72, 807, 39;
16, 204, 8, 388, -778, -27, 62, 799, 33;
15, 205, 9, 374, -779, -22, 62, 800, 37;
23, 212, 17, 429, -710, 29, 90, 830, 69;
13, 203, 9, 325, -798, -24, 52, 795, 35;
15, 206, 12, 331, -777, -5, 59, 805, 47;
15, 207, 13, 323, -768, 4, 61, 809, 54;
9, 201, 8, 248, -826, -28, 36, 787, 32;
16, 210, 17, 307, -749, 26, 66, 820, 67;
12, 206, 13, 248, -789, 2, 47, 804, 52;
6, 201, 8, 179, -839, -27, 24, 784, 34;
4, 200, 8, 150, -848, -30, 17, 781, 32;
9, 205, 14, 181, -797, 6, 36, 803, 54;
11, 209, 17, 192, -765, 29, 46, 816, 69;
9, 208, 16, 159, -776, 24, 38, 812, 66;
0, 199, 8, 56, -857, -27, 1, 779, 33;
8, 209, 18, 121, -770, 31, 33, 816, 70;
3, 205, 14, 61, -806, 8, 14, 801, 56;
2, 205, 14, 35, -808, 7, 8, 800, 55;
0, 204, 13, 0, -819, 0, 0, 796, 50;
-2, 202, 11, -38, -832, -8, -10, 790, 45;
-4, 201, 10, -73, -843, -16, -19, 786, 40;
-5, 202, 11, -90, -833, -10, -20, 789, 44;
-6, 202, 10, -119, -836, -13, -27, 788, 42;
-5, 204, 13, -123, -813, 0, -22, 797, 50;
-8, 202, 11, -164, -827, -11, -34, 791, 43;
-11, 201, 10, -200, -835, -19, -43, 787, 39;
-8, 206, 14, -184, -791, 7, -31, 804, 55;
-7, 208, 16, -189, -768, 20, -28, 814, 63;
-6, 210, 18, -196, -745, 31, -25, 822, 70;
-17, 201, 8, -311, -831, -28, -67, 786, 33;
-9, 211, 17, -247, -737, 30, -35, 824, 69;
-17, 204, 10, -342, -803, -17, -70, 795, 39;
-11, 212, 17, -293, -723, 30, -44, 827, 69;
-18, 206, 12, -370, -770, -5, -71, 806, 47;
-21, 205, 10, -411, -780, -17, -82, 801, 39;
-20, 207, 11, -419, -758, -8, -81, 809, 45;
-23, 206, 10, -458, -765, -19, -92, 804, 39;
-26, 205, 8, -497, -773, -30, -103, 800, 32;
-22, 210, 13, -473, -718, 0, -88, 821, 51;
-23, 211, 13, -495, -708, 0, -92, 823, 50;
-20, 216, 17, -473, -654, 28, -78, 844, 68;
-30, 208, 8, -580, -729, -28, -118, 811, 33;
-22, 217, 17, -517, -634, 27, -87, 848, 67;
-22, 219, 18, -529, -614, 32, -87, 855, 71;
-27, 215, 13, -591, -644, 4, -108, 840, 53;
-26, 218, 15, -592, -613, 16, -104, 851, 61;
-27, 219, 15, -612, -600, 16, -108, 854, 61;
-36, 212, 7, -703, -660, -32, -142, 827, 30;
-34, 216, 10, -692, -617, -13, -133, 843, 42;
-29, 223, 16, -655, -547, 23, -114, 869, 65;
-38, 215, 8, -751, -612, -28, -150, 840, 32;
-32, 222, 14, -708, -536, 11, -128, 869, 57;
-36, 220, 11, -755, -551, -8, -143, 860, 45;
-39, 219, 9, -790, -555, -21, -154, 856, 37;
-35, 225, 14, -761, -494, 8, -139, 879, 56;
-36, 226, 14, -772, -474, 10, -140, 884, 57;
-35, 229, 16, -775, -445, 18, -138, 893, 62;
-34, 231, 17, -775, -415, 27, -135, 903, 67;
-39, 228, 13, -827, -436, 1, -153, 891, 52;
-36, 233, 16, -810, -388, 22, -143, 908, 64;
-40, 231, 13, -852, -400, 2, -158, 901, 52;
-37, 235, 16, -832, -350, 23, -147, 918, 65;
-45, 229, 9, -912, -400, -22, -177, 894, 37;
-38, 238, 17, -848, -307, 27, -148, 930, 68;
-40, 238, 15, -872, -302, 18, -156, 929, 62;
-41, 238, 14, -895, -296, 9, -163, 928, 56;
-44, 237, 12, -921, -294, -1, -172, 926, 50;
-46, 236, 10, -947, -293, -13, -181, 923, 42;
-46, 238, 10, -954, -272, -13, -182, 928, 42;
-48, 237, 9, -978, -269, -23, -190, 927, 36;
-44, 243, 14, -939, -204, 6, -173, 950, 54;
-50, 239, 8, -1001, -239, -30, -197, 932, 32;
-50, 240, 8, -1005, -218, -29, -197, 938, 32;
-51, 241, 8, -1011, -199, -30, -199, 942, 32;
-45, 248, 13, -962, -125, 5, -177, 970, 54;
-46, 248, 12, -976, -114, -1, -182, 971, 50;
-51, 246, 8, -1019, -134, -28, -199, 959, 33;
-45, 253, 14, -962, -54, 11, -175, 989, 58;
-41, 258, 18, -934, -4, 31, -163, 1006, 70;
-50, 251, 9, -1014, -62, -21, -196, 979, 37;
-43, 259, 16, -946, 26, 24, -168, 1012, 66;
-42, 261, 17, -941, 52, 27, -166, 1019, 68;
-42, 262, 17, -943, 70, 26, -166, 1024, 67;
-48, 258, 11, -993, 39, -7, -188, 1007, 46;
-43, 263, 16, -951, 100, 18, -171, 1029, 62;
-45, 263, 13, -968, 101, 5, -178, 1026, 54;
-48, 261, 10, -994, 92, -13, -190, 1019, 42;
-42, 269, 17, -931, 172, 26, -164, 1049, 67;
-43, 268, 15, -945, 174, 13, -171, 1046, 59;
-49, 263, 9, -995, 139, -22, -193, 1029, 36;
-42, 272, 16, -921, 227, 22, -164, 1062, 65;
-45, 270, 13, -947, 215, 1, -176, 1054, 51;
-49, 267, 8, -982, 194, -26, -192, 1041, 34;
-46, 270, 11, -951, 237, -10, -181, 1056, 44;
-41, 276, 16, -898, 301, 19, -161, 1079, 62;
-43, 275, 13, -912, 298, 4, -168, 1075, 53;
-45, 274, 10, -930, 291, -13, -178, 1069, 42;
-42, 278, 13, -891, 338, 5, -164, 1085, 54;
-38, 282, 17, -851, 387, 25, -150, 1102, 66;
-44, 277, 10, -903, 342, -16, -174, 1081, 40;
-44, 277, 9, -896, 356, -19, -173, 1083, 38;
-39, 283, 14, -840, 419, 10, -153, 1106, 57;
-44, 278, 8, -884, 380, -27, -174, 1087, 33;
-43, 280, 9, -868, 401, -25, -170, 1093, 35;
-41, 283, 10, -840, 433, -15, -161, 1103, 41;
-41, 283, 10, -828, 447, -17, -160, 1107, 40;
-36, 289, 14, -773, 504, 9, -141, 1127, 57;
-35, 289, 14, -762, 517, 7, -139, 1130, 55;
-31, 294, 18, -709, 570, 32, -121, 1150, 71;
-35, 290, 13, -741, 538, 0, -138, 1134, 51;
-36, 290, 11, -739, 539, -9, -140, 1132, 45;
-29, 296, 17, -669, 608, 26, -115, 1157, 67;
-32, 294, 13, -684, 589, 4, -126, 1147, 53;
-31, 295, 13, -665, 605, 5, -122, 1152, 54;
-30, 296, 13, -648, 618, 4, -119, 1155, 53;
-29, 297, 13, -627, 633, 5, -115, 1158, 54;
-32, 294, 10, -643, 612, -17, -125, 1147, 40;
-24, 302, 17, -557, 691, 26, -94, 1178, 67;
-29, 296, 11, -594, 647, -10, -114, 1158, 44;
-21, 304, 18, -510, 722, 31, -84, 1187, 70;
-25, 300, 13, -535, 688, 1, -99, 1171, 51;
-20, 304, 17, -479, 734, 24, -80, 1189, 66;
-25, 299, 10, -516, 687, -13, -100, 1167, 42;
-20, 304, 15, -455, 737, 12, -80, 1186, 58;
-26, 297, 7, -500, 679, -32, -104, 1160, 30;
-19, 304, 13, -422, 744, 5, -77, 1186, 54;
-21, 301, 10, -427, 725, -13, -84, 1177, 42;
-18, 304, 13, -383, 756, 1, -71, 1188, 51;
-19, 302, 11, -381, 742, -12, -75, 1181, 43;
-21, 300, 8, -385, 722, -31, -82, 1171, 31;
-18, 302, 9, -345, 746, -19, -71, 1180, 38;
-10, 309, 16, -262, 812, 19, -42, 1207, 63;
-17, 301, 7, -316, 740, -32, -70, 1176, 30;
-8, 310, 16, -212, 826, 21, -32, 1210, 64;
-8, 309, 15, -201, 817, 12, -33, 1206, 58;
-5, 311, 16, -159, 839, 24, -21, 1214, 66;
-6, 309, 14, -155, 823, 11, -25, 1207, 58;
-4, 310, 15, -122, 836, 17, -16, 1212, 61;
-4, 310, 14, -105, 830, 11, -15, 1209, 58;
-7, 305, 9, -128, 785, -19, -30, 1190, 38;
-3, 308, 13, -74, 816, 0, -14, 1203, 50;
1, 312, 16, -12, 855, 24, 5, 1218, 66;
3, 313, 18, 22, 867, 31, 15, 1223, 70;
3, 312, 16, 33, 852, 22, 13, 1217, 64;
5, 313, 17, 66, 861, 27, 21, 1221, 68;
3, 309, 14, 60, 829, 7, 13, 1208, 55;
-1, 303, 8, 28, 771, -30, -5, 1184, 32;
2, 305, 10, 73, 790, -16, 7, 1192, 40;
6, 309, 14, 132, 822, 6, 26, 1206, 54;
4, 305, 10, 123, 785, -16, 17, 1191, 40;
5, 304, 9, 142, 777, -19, 19, 1188, 38;
9, 307, 13, 198, 805, 1, 37, 1200, 51;
5, 302, 8, 173, 751, -31, 21, 1179, 31;
15, 310, 16, 276, 826, 21, 59, 1210, 64;
16, 310, 16, 300, 820, 21, 63, 1209, 64;
15, 307, 14, 302, 792, 6, 58, 1198, 55;
19, 310, 17, 360, 821, 29, 77, 1211, 69;
18, 307, 15, 362, 792, 15, 72, 1201, 60;
19, 307, 15, 384, 784, 14, 76, 1198, 60;
20, 306, 14, 402, 771, 11, 79, 1194, 58;
21, 305, 14, 422, 760, 9, 82, 1191, 57;
21, 303, 13, 434, 741, 3, 82, 1185, 52;
22, 303, 14, 461, 737, 6, 88, 1185, 55;
18, 298, 9, 438, 682, -23, 73, 1163, 36;
22, 300, 12, 487, 700, -5, 89, 1172, 47;
24, 300, 12, 515, 696, 0, 96, 1173, 50;
28, 303, 16, 566, 715, 19, 112, 1182, 62;
22, 295, 9, 522, 639, -23, 89, 1153, 36;
23, 294, 8, 537, 622, -27, 90, 1148, 34;
26, 295, 10, 575, 628, -14, 102, 1152, 41;
25, 293, 9, 582, 603, -23, 100, 1144, 36;
27, 292, 9, 604, 593, -21, 105, 1142, 37;
35, 299, 17, 694, 650, 25, 138, 1168, 67;
33, 296, 14, 689, 613, 10, 132, 1155, 57;
32, 293, 12, 688, 580, -1, 127, 1143, 49;
36, 295, 15, 733, 594, 16, 142, 1151, 61;
39, 296, 18, 773, 601, 31, 155, 1157, 70;
38, 293, 15, 768, 565, 18, 149, 1145, 62;
40, 294, 17, 801, 566, 29, 159, 1148, 69;
39, 291, 15, 800, 533, 17, 155, 1137, 62;
39, 289, 14, 802, 504, 9, 153, 1127, 56;
35, 283, 10, 777, 447, -17, 139, 1107, 40;
35, 282, 9, 784, 424, -21, 139, 1100, 37;
37, 282, 10, 808, 416, -14, 145, 1099, 41;
42, 285, 14, 860, 438, 11, 164, 1111, 57;
37, 279, 10, 828, 376, -18, 148, 1088, 39;
43, 282, 15, 886, 404, 12, 169, 1103, 58;
41, 278, 12, 869, 357, -6, 159, 1087, 46;
38, 275, 9, 855, 314, -22, 151, 1072, 36;
47, 282, 17, 946, 376, 30, 187, 1101, 70;
39, 272, 9, 871, 273, -25, 153, 1061, 35;
49, 280, 18, 967, 340, 32, 191, 1092, 70;
42, 271, 10, 907, 253, -13, 164, 1059, 42;
48, 276, 17, 973, 291, 25, 190, 1078, 66;
40, 266, 8, 896, 187, -30, 156, 1039, 31;
46, 270, 13, 956, 220, 4, 179, 1055, 53;
47, 270, 15, 976, 214, 13, 186, 1056, 59;
50, 272, 17, 1003, 216, 28, 196, 1060, 68;
50, 270, 17, 1008, 195, 28, 197, 1055, 68;
42, 260, 8, 931, 93, -26, 164, 1016, 34;
44, 261, 11, 957, 96, -11, 174, 1021, 43;
41, 257, 8, 931, 47, -30, 163, 1004, 32;
49, 263, 15, 1003, 95, 15, 192, 1027, 60;
44, 257, 10, 958, 28, -15, 173, 1003, 41;
43, 254, 9, 950, -1, -21, 169, 994, 37;
45, 255, 11, 964, -8, -12, 175, 994, 43;
47, 256, 13, 989, -4, 3, 185, 999, 53;
50, 258, 16, 1018, 5, 24, 198, 1007, 65;
47, 254, 14, 991, -41, 6, 187, 991, 55;
52, 256, 18, 1028, -23, 32, 202, 1002, 71;
50, 254, 17, 1015, -54, 25, 197, 992, 66;
41, 244, 8, 928, -158, -30, 162, 953, 32;
50, 252, 17, 1009, -94, 26, 197, 983, 67;
43, 244, 10, 944, -174, -14, 171, 952, 42;
51, 250, 18, 1010, -124, 32, 199, 977, 71;
48, 246, 15, 983, -166, 18, 189, 963, 62;
47, 245, 15, 972, -191, 15, 186, 956, 60;
45, 241, 13, 943, -232, 0, 176, 942, 51;
43, 238, 11, 921, -267, -9, 168, 931, 45;
45, 239, 14, 936, -263, 6, 176, 935, 54;
40, 234, 9, 889, -321, -19, 159, 915, 38;
43, 236, 13, 913, -307, 2, 171, 924, 52;
41, 233, 11, 885, -344, -9, 161, 911, 44;
46, 238, 17, 930, -308, 27, 182, 930, 67;
43, 234, 14, 889, -357, 6, 168, 912, 55;
44, 234, 16, 895, -357, 18, 173, 915, 62;
37, 227, 9, 824, -435, -21, 146, 886, 37;
44, 233, 17, 882, -382, 25, 173, 911, 67;
40, 229, 13, 838, -431, 5, 158, 893, 54;
34, 222, 8, 774, -499, -28, 134, 868, 33;
37, 225, 12, 795, -480, -4, 146, 879, 47;
35, 222, 10, 763, -515, -16, 136, 867, 40;
35, 222, 11, 755, -524, -12, 136, 866, 43;
40, 227, 17, 799, -480, 27, 158, 887, 68;
37, 224, 14, 759, -520, 12, 145, 873, 58;
31, 218, 10, 699, -579, -17, 124, 851, 40;
36, 222, 15, 729, -547, 13, 140, 867, 59;
35, 221, 15, 715, -558, 16, 139, 865, 61;
34, 220, 15, 696, -573, 15, 135, 861, 60;
26, 212, 8, 609, -656, -30, 103, 829, 32;
32, 218, 15, 657, -603, 14, 127, 853, 59;
32, 218, 15, 644, -610, 18, 126, 852, 62;
32, 218, 16, 631, -617, 22, 125, 852, 64;
26, 213, 12, 571, -669, -4, 105, 832, 48;
25, 212, 11, 546, -686, -7, 99, 827, 46;
20, 207, 7, 488, -735, -32, 80, 809, 30;
27, 214, 15, 540, -673, 15, 106, 836, 60;
21, 209, 11, 477, -725, -11, 85, 816, 43;
22, 210, 12, 469, -722, -2, 86, 819, 49;
20, 209, 12, 443, -736, -5, 80, 815, 47;
15, 204, 8, 386, -780, -28, 62, 798, 33;
22, 211, 16, 437, -716, 19, 88, 826, 63;
22, 212, 17, 426, -712, 27, 89, 829, 68;
18, 209, 14, 375, -749, 8, 72, 815, 56;
13, 204, 10, 313, -794, -16, 52, 798, 40;
12, 204, 10, 295, -796, -13, 50, 798, 42;
16, 209, 16, 320, -754, 18, 66, 816, 62;
15, 208, 15, 291, -765, 15, 59, 813, 60;
6, 200, 8, 198, -839, -30, 26, 783, 32;
8, 203, 11, 202, -816, -12, 33, 793, 43;
11, 207, 15, 216, -782, 13, 45, 808, 59;
11, 208, 16, 203, -775, 21, 45, 812, 64;
5, 203, 11, 136, -822, -7, 22, 793, 46;
9, 208, 16, 157, -779, 22, 37, 811, 65;
3, 203, 12, 90, -823, -5, 15, 793, 47;
3, 204, 13, 76, -815, 1, 14, 797, 51;
3, 205, 14, 62, -805, 8, 14, 801, 56;
5, 208, 17, 67, -776, 28, 22, 814, 68;
0, 204, 13, 6, -813, 4, 2, 798, 53;
2, 207, 16, 5, -789, 20, 7, 808, 63;
2, 209, 18, -2, -771, 31, 10, 815, 70;
1, 209, 17, -28, -771, 30, 4, 815, 69;
0, 208, 17, -56, -773, 28, 0, 814, 68;
-8, 201, 10, -150, -840, -18, -34, 786, 39;
-4, 206, 15, -127, -790, 13, -19, 806, 59;
-3, 209, 17, -127, -762, 29, -13, 817, 69;
-11, 202, 10, -217, -824, -14, -45, 791, 42;
-13, 203, 10, -243, -821, -15, -50, 791, 41;
-13, 203, 11, -261, -811, -11, -52, 795, 43;
-9, 209, 16, -233, -753, 23, -35, 818, 65;
-8, 211, 18, -243, -734, 32, -34, 825, 71;
-18, 203, 10, -343, -804, -18, -70, 795, 39;
-15, 208, 13, -332, -762, 4, -60, 811, 53;
-16, 208, 14, -352, -752, 6, -63, 814, 54;
-14, 212, 17, -344, -714, 26, -55, 829, 67;
-15, 212, 16, -371, -709, 24, -60, 829, 66;
-23, 206, 10, -454, -761, -16, -90, 806, 40;
-25, 206, 9, -486, -762, -23, -98, 804, 36;
-21, 211, 13, -466, -710, 5, -85, 824, 54;
-24, 210, 12, -500, -713, -3, -94, 821, 48;
-19, 217, 18, -468, -649, 32, -76, 846, 71;
-29, 208, 8, -576, -725, -25, -116, 813, 34;
-27, 213, 12, -561, -678, -2, -105, 830, 49;
-27, 214, 13, -577, -662, 0, -107, 835, 51;
-24, 218, 16, -561, -614, 24, -96, 853, 66;
-29, 215, 13, -616, -637, 0, -114, 841, 51;
-29, 217, 14, -623, -612, 8, -113, 849, 56;
-36, 212, 8, -699, -655, -29, -140, 829, 32;
-31, 218, 13, -668, -593, 3, -123, 853, 52;
-36, 215, 9, -727, -619, -23, -143, 840, 36;
-36, 217, 10, -729, -589, -14, -140, 849, 42;
-39, 216, 8, -771, -599, -30, -154, 843, 31;
-31, 225, 16, -705, -501, 24, -123, 881, 66;
-34, 225, 15, -738, -503, 12, -133, 878, 58;
-37, 223, 12, -775, -508, -1, -145, 873, 49;
-39, 223, 11, -804, -505, -10, -153, 871, 44;
-36, 228, 15, -783, -454, 12, -141, 890, 58;
-40, 225, 11, -829, -469, -8, -157, 881, 45;
-34, 233, 17, -784, -393, 30, -135, 909, 69;
-41, 228, 12, -850, -428, -4, -160, 892, 48;
-44, 227, 9, -886, -434, -20, -172, 886, 38;
-39, 233, 15, -847, -365, 13, -153, 912, 59;
-46, 228, 8, -918, -406, -25, -180, 892, 34;
-45, 231, 10, -918, -377, -18, -177, 901, 39;
-47, 231, 8, -939, -369, -26, -184, 901, 34;
-43, 236, 13, -907, -308, 1, -168, 923, 52;
-47, 233, 9, -956, -329, -25, -187, 911, 35;
-45, 237, 11, -940, -285, -8, -178, 926, 45;
-48, 236, 9, -968, -286, -22, -188, 923, 37;
-39, 246, 18, -894, -185, 32, -155, 961, 70;
-42, 245, 15, -923, -187, 17, -166, 957, 61;
-46, 242, 11, -966, -204, -7, -182, 947, 46;
-45, 246, 13, -953, -165, 5, -175, 960, 54;
-42, 250, 16, -934, -121, 21, -166, 975, 64;
-50, 243, 8, -1009, -171, -25, -197, 950, 34;
-42, 253, 17, -935, -74, 25, -165, 987, 66;
-48, 248, 11, -992, -107, -10, -188, 970, 44;
-49, 248, 10, -1008, -100, -18, -194, 970, 39;
-50, 249, 9, -1014, -84, -21, -196, 973, 37;
-43, 257, 16, -954, -2, 19, -171, 1004, 62;
-46, 255, 13, -981, -8, 1, -182, 998, 51;
-45, 258, 14, -971, 22, 7, -178, 1007, 55;
-51, 253, 8, -1024, -10, -27, -200, 990, 33;
-44, 262, 15, -957, 75, 16, -173, 1022, 61;
-43, 264, 16, -947, 104, 21, -169, 1031, 64;
-47, 261, 12, -985, 84, -5, -185, 1019, 47;
-41, 268, 17, -930, 157, 29, -163, 1046, 69;
-46, 265, 13, -967, 136, 2, -179, 1034, 52;
-49, 263, 10, -993, 125, -18, -191, 1026, 39;
-41, 271, 17, -922, 212, 25, -163, 1059, 67;
-47, 266, 11, -975, 174, -12, -186, 1040, 42;
-43, 271, 14, -933, 230, 10, -170, 1059, 57;
-47, 268, 10, -967, 208, -16, -186, 1047, 40;
-43, 274, 14, -919, 269, 10, -167, 1069, 57;
-48, 269, 8, -968, 232, -27, -189, 1050, 34;
-43, 275, 13, -914, 296, 3, -169, 1074, 52;
-46, 273, 10, -937, 283, -18, -181, 1065, 39;
-41, 278, 14, -886, 343, 8, -162, 1087, 56;
-40, 280, 15, -868, 370, 14, -157, 1095, 59;
-44, 277, 11, -898, 348, -12, -171, 1083, 42;
-41, 281, 13, -864, 388, 2, -160, 1097, 52;
-40, 282, 13, -855, 404, 0, -159, 1100, 51;
-42, 280, 10, -867, 397, -16, -167, 1094, 40;
-39, 285, 13, -824, 445, 4, -152, 1111, 53;
-38, 286, 13, -811, 462, 3, -150, 1115, 53;
-37, 287, 13, -798, 477, 2, -148, 1119, 52;
-35, 290, 15, -765, 513, 15, -137, 1131, 60;
-39, 286, 10, -795, 483, -15, -153, 1116, 41;
-36, 289, 13, -758, 521, 0, -141, 1129, 50;
-30, 295, 18, -694, 585, 31, -118, 1153, 70;
-30, 295, 17, -687, 591, 24, -119, 1153, 66;
-34, 291, 12, -715, 561, -4, -134, 1138, 48;
-28, 298, 17, -647, 626, 28, -110, 1163, 68;
-28, 298, 16, -639, 631, 22, -111, 1162, 64;
-34, 292, 9, -687, 579, -21, -135, 1138, 37;
-30, 296, 13, -635, 626, 0, -118, 1155, 51;
-28, 297, 13, -611, 643, 3, -112, 1161, 53;
-26, 299, 15, -578, 669, 12, -103, 1169, 58;
-26, 300, 14, -564, 676, 9, -102, 1170, 56;
-28, 297, 10, -578, 654, -13, -112, 1159, 42;
-27, 298, 11, -551, 672, -9, -106, 1164, 45;
-26, 298, 10, -536, 677, -13, -104, 1165, 42;
-20, 305, 16, -461, 741, 22, -78, 1190, 64;
-27, 297, 8, -515, 676, -27, -105, 1161, 33;
-24, 300, 10, -474, 705, -14, -93, 1171, 41;
-18, 305, 14, -412, 755, 11, -72, 1190, 58;
-16, 307, 16, -375, 778, 21, -62, 1198, 64;
-19, 303, 11, -395, 744, -6, -76, 1183, 46;
-12, 309, 17, -316, 807, 30, -48, 1208, 69;
-20, 301, 8, -379, 729, -26, -79, 1174, 34;
-11, 309, 16, -281, 810, 22, -44, 1207, 65;
-18, 302, 8, -332, 742, -26, -71, 1177, 34;
-10, 308, 15, -248, 808, 13, -41, 1204, 59;
-7, 310, 16, -208, 830, 24, -30, 1212, 66;
-7, 310, 16, -190, 828, 20, -28, 1211, 63;
-6, 310, 16, -168, 831, 18, -24, 1211, 62;
-12, 303, 9, -210, 768, -25, -47, 1184, 35;
-3, 311, 16, -113, 844, 22, -13, 1215, 65;
-7, 306, 11, -142, 794, -12, -30, 1194, 43;
-2, 310, 15, -79, 834, 12, -10, 1210, 58;
-1, 310, 14, -56, 834, 11, -6, 1210, 58;
-5, 305, 10, -77, 790, -18, -20, 1192, 39;
-4, 304, 9, -59, 784, -23, -18, 1189, 36;
-4, 304, 8, -43, 775, -29, -18, 1185, 32;
0, 306, 11, 8, 803, -10, -1, 1197, 44;
-2, 303, 8, 3, 773, -30, -9, 1184, 32;
3, 308, 13, 78, 821, 2, 15, 1205, 52;
0, 304, 8, 59, 775, -26, 1, 1186, 34;
1, 304, 9, 85, 775, -25, 7, 1186, 35;
11, 312, 17, 193, 856, 30, 46, 1220, 70;
6, 306, 11, 160, 795, -7, 27, 1195, 46;
5, 303, 9, 158, 764, -25, 20, 1183, 35;
9, 306, 11, 208, 786, -8, 36, 1193, 45;
8, 304, 10, 219, 768, -17, 35, 1186, 40;
8, 302, 9, 231, 751, -24, 34, 1180, 35;
9, 301, 8, 248, 738, -29, 36, 1176, 32;
16, 307, 14, 328, 789, 8, 64, 1198, 56;
13, 303, 10, 316, 746, -15, 53, 1181, 41;
18, 306, 14, 374, 774, 8, 72, 1194, 56;
21, 307, 16, 415, 784, 20, 84, 1200, 63;
15, 300, 9, 370, 708, -24, 60, 1170, 35;
15, 298, 8, 386, 693, -29, 62, 1165, 32;
19, 300, 10, 432, 708, -13, 76, 1172, 42;
17, 297, 8, 429, 674, -29, 70, 1160, 32;
22, 300, 12, 488, 701, -4, 89, 1173, 48;
29, 305, 17, 561, 742, 30, 115, 1192, 69;
28, 302, 15, 560, 709, 15, 109, 1180, 60;
29, 302, 16, 586, 703, 18, 115, 1179, 62;
29, 300, 14, 591, 676, 9, 113, 1170, 56;
29, 299, 14, 608, 661, 7, 116, 1166, 55;
32, 300, 16, 647, 668, 20, 127, 1171, 63;
35, 300, 17, 679, 668, 28, 136, 1173, 68;
30, 294, 12, 647, 603, -5, 119, 1148, 47;
35, 297, 16, 703, 627, 20, 138, 1161, 63;
31, 292, 11, 678, 570, -8, 123, 1139, 45;
33, 291, 12, 701, 561, -4, 129, 1138, 48;
34, 291, 12, 723, 551, -1, 134, 1136, 50;
36, 291, 13, 747, 543, 3, 140, 1135, 53;
32, 285, 9, 722, 487, -23, 126, 1115, 36;
34, 286, 10, 753, 486, -13, 136, 1117, 42;
36, 286, 11, 775, 476, -8, 141, 1116, 45;
34, 282, 9, 765, 436, -24, 134, 1102, 35;
38, 285, 12, 815, 455, 0, 151, 1112, 50;
37, 282, 10, 809, 418, -13, 146, 1100, 42;
44, 287, 17, 884, 462, 27, 174, 1121, 67;
43, 285, 15, 883, 431, 18, 171, 1111, 62;
39, 279, 11, 850, 368, -11, 154, 1088, 43;
43, 281, 14, 893, 382, 9, 170, 1097, 57;
39, 275, 10, 862, 321, -18, 154, 1075, 39;
42, 276, 12, 892, 322, -5, 164, 1078, 47;
42, 275, 12, 900, 301, -6, 165, 1073, 47;
41, 272, 10, 895, 268, -15, 161, 1062, 41;
49, 278, 18, 975, 320, 31, 192, 1087, 70;
40, 268, 8, 895, 212, -26, 157, 1046, 34;
49, 276, 17, 987, 278, 29, 194, 1076, 69;
42, 267, 10, 925, 189, -16, 166, 1043, 40;
50, 273, 17, 1001, 239, 30, 197, 1067, 69;
43, 264, 10, 933, 146, -18, 167, 1031, 39;
43, 263, 9, 936, 123, -19, 167, 1025, 38;
50, 269, 17, 1011, 174, 27, 198, 1050, 68;
42, 259, 8, 931, 70, -28, 164, 1010, 33;
49, 265, 15, 1004, 119, 17, 193, 1034, 62;
47, 261, 13, 985, 77, 3, 185, 1020, 53;
42, 255, 8, 941, 11, -26, 166, 996, 34;
41, 253, 7, 934, -17, -32, 163, 987, 30;
46, 256, 12, 978, 5, -3, 181, 1000, 48;
51, 259, 17, 1021, 27, 25, 199, 1013, 66;
50, 258, 16, 1016, 2, 22, 197, 1006, 64;
48, 254, 14, 997, -35, 10, 189, 993, 57;
51, 256, 18, 1026, -25, 31, 202, 1001, 70;
48, 251, 14, 989, -80, 8, 187, 982, 55;
48, 251, 15, 993, -93, 12, 189, 979, 58;
49, 251, 16, 1003, -100, 22, 194, 980, 64;
44, 244, 11, 950, -169, -10, 173, 955, 44;
47, 247, 15, 980, -154, 12, 187, 964, 58;
48, 247, 16, 986, -163, 20, 190, 964, 63;
47, 244, 14, 965, -197, 10, 183, 953, 57;
44, 241, 12, 939, -237, -2, 174, 940, 49;
44, 239, 12, 931, -257, -2, 172, 935, 49;
47, 241, 16, 955, -244, 18, 184, 943, 62;
42, 236, 11, 908, -302, -7, 167, 922, 46;
41, 234, 11, 891, -329, -12, 162, 914, 43;
45, 238, 15, 926, -304, 17, 178, 928, 61;
47, 238, 17, 933, -305, 28, 183, 931, 68;
38, 229, 9, 846, -400, -21, 150, 894, 37;
39, 229, 10, 845, -408, -15, 152, 894, 41;
37, 227, 9, 821, -438, -22, 145, 885, 36;
40, 230, 13, 849, -415, 3, 159, 897, 53;
40, 229, 14, 842, -427, 7, 159, 895, 55;
40, 228, 14, 826, -446, 6, 156, 890, 54;
38, 226, 13, 805, -470, 1, 150, 883, 52;
37, 224, 12, 786, -491, -1, 146, 877, 50;
32, 220, 8, 734, -545, -25, 128, 858, 34;
38, 225, 15, 781, -498, 15, 151, 879, 60;
32, 219, 10, 716, -563, -17, 127, 855, 40;
34, 220, 12, 720, -558, -3, 133, 860, 48;
33, 220, 13, 708, -568, 0, 132, 858, 51;
28, 214, 8, 644, -629, -31, 109, 835, 31;
33, 219, 14, 688, -581, 10, 132, 857, 57;
35, 221, 17, 696, -569, 27, 139, 865, 68;
28, 214, 10, 616, -644, -13, 110, 836, 42;
26, 212, 9, 587, -667, -19, 102, 829, 38;
30, 217, 15, 619, -629, 14, 120, 846, 59;
23, 210, 9, 540, -700, -25, 92, 819, 35;
31, 217, 17, 600, -632, 28, 121, 849, 68;
26, 213, 13, 545, -677, 5, 103, 832, 54;
28, 215, 16, 553, -660, 24, 111, 841, 66;
28, 216, 17, 541, -662, 30, 111, 842, 69;
25, 213, 15, 498, -693, 16, 98, 831, 61;
25, 213, 16, 486, -693, 22, 98, 833, 65;
23, 212, 15, 454, -712, 16, 90, 826, 61;
20, 209, 14, 417, -735, 6, 80, 818, 55;
21, 211, 16, 417, -721, 21, 85, 825, 64;
20, 210, 15, 387, -736, 16, 78, 820, 61;
13, 204, 9, 310, -798, -19, 51, 796, 38;
15, 206, 13, 315, -776, 0, 58, 806, 50;
15, 207, 14, 305, -769, 9, 60, 810, 56;
10, 204, 11, 249, -807, -12, 42, 796, 43;
8, 202, 9, 215, -823, -19, 33, 790, 38;
7, 202, 9, 191, -828, -19, 29, 789, 38;
10, 206, 14, 206, -793, 6, 40, 804, 55;
11, 208, 16, 202, -776, 20, 44, 812, 63;
6, 203, 12, 139, -818, -5, 24, 795, 47;
7, 205, 14, 134, -801, 7, 27, 802, 55;
0, 199, 8, 56, -857, -27, 1, 779, 33;
0, 201, 10, 46, -845, -18, 2, 785, 39;
0, 202, 11, 31, -836, -12, 1, 788, 43;
0, 202, 11, 5, -838, -12, -3, 788, 42;
-3, 200, 9, -37, -856, -24, -15, 780, 35;
-2, 203, 12, -33, -828, -5, -8, 792, 47;
-3, 203, 12, -58, -828, -6, -13, 792, 47;
-8, 199, 8, -118, -861, -29, -32, 778, 32;
-7, 201, 10, -124, -841, -17, -29, 786, 40;
-5, 204, 13, -121, -811, 1, -22, 798, 51;
-1, 209, 18, -100, -762, 31, -7, 818, 70;
-12, 200, 8, -216, -850, -29, -50, 781, 32;
-11, 203, 11, -214, -820, -11, -43, 792, 43;
-8, 207, 15, -196, -775, 15, -31, 811, 60;
-14, 203, 10, -270, -819, -17, -56, 791, 40;
-11, 207, 14, -257, -777, 7, -45, 808, 55;
-16, 203, 10, -316, -807, -16, -64, 795, 40;
-13, 208, 15, -297, -757, 12, -51, 814, 58;
-11, 211, 17, -295, -726, 28, -45, 826, 68;
-22, 202, 8, -408, -808, -31, -86, 791, 31;
-14, 211, 16, -350, -719, 22, -57, 826, 65;
-20, 208, 12, -414, -753, -4, -79, 811, 47;
-20, 209, 13, -426, -734, 2, -78, 817, 52;
-19, 211, 14, -434, -710, 11, -77, 826, 58;
-22, 210, 13, -474, -718, 0, -88, 821, 50;
-18, 216, 17, -449, -661, 30, -73, 843, 70;
-28, 207, 9, -553, -734, -24, -111, 811, 35;
-20, 217, 17, -492, -641, 29, -81, 847, 69;
-26, 213, 12, -558, -675, 0, -104, 831, 50;
-32, 208, 7, -626, -711, -32, -127, 815, 30;
-27, 215, 13, -591, -644, 4, -108, 840, 53;
-31, 213, 10, -639, -660, -15, -124, 831, 41;
-29, 217, 14, -624, -612, 8, -113, 849, 56;
-31, 217, 13, -654, -610, 0, -121, 848, 51;
-31, 218, 13, -668, -592, 3, -123, 853, 53;
-35, 217, 11, -709, -601, -12, -136, 847, 43;
-37, 216, 9, -741, -601, -21, -145, 845, 37;
-32, 222, 14, -708, -536, 11, -128, 869, 57;
-30, 226, 17, -696, -492, 30, -119, 885, 69;
-39, 220, 10, -784, -548, -17, -152, 859, 40;
-35, 226, 15, -754, -487, 12, -136, 881, 58;
-38, 224, 11, -799, -500, -7, -151, 873, 46;
-39, 225, 12, -809, -479, -4, -152, 879, 48;
-42, 223, 9, -851, -491, -23, -166, 872, 36;
-35, 232, 17, -792, -400, 25, -139, 906, 66;
-43, 226, 10, -871, -449, -18, -169, 883, 39;
-45, 226, 8, -897, -445, -27, -176, 882, 33;
-37, 235, 16, -832, -350, 23, -147, 918, 65;
-42, 232, 12, -881, -369, -1, -164, 907, 50;
-40, 236, 14, -872, -331, 11, -158, 920, 58;
-42, 236, 13, -893, -323, 4, -165, 920, 53;
-46, 233, 10, -935, -336, -16, -180, 912, 40;
-44, 237, 12, -919, -292, 0, -171, 927, 50;
-40, 242, 16, -892, -238, 23, -158, 946, 65;
-47, 237, 10, -957, -275, -14, -183, 927, 41;
-45, 241, 12, -947, -238, -3, -177, 939, 49;
-48, 239, 10, -978, -242, -19, -188, 934, 39;
-44, 245, 14, -941, -179, 9, -172, 957, 57;
-47, 243, 11, -978, -190, -11, -186, 949, 43;
-43, 249, 15, -942, -129, 16, -170, 971, 60;
-44, 249, 14, -953, -115, 11, -173, 974, 58;
-47, 248, 11, -985, -123, -7, -186, 967, 46;
-50, 246, 8, -1016, -131, -25, -198, 960, 34;
-41, 256, 18, -931, -24, 31, -162, 1001, 70;
-47, 252, 12, -986, -56, -3, -185, 985, 49;
-50, 251, 10, -1011, -59, -19, -195, 980, 39;
-45, 257, 15, -964, 8, 12, -175, 1005, 58;
-43, 260, 16, -951, 42, 21, -170, 1015, 64;
-47, 257, 12, -986, 26, -2, -185, 1006, 49;
-43, 263, 16, -944, 88, 24, -167, 1028, 66;
-50, 257, 9, -1009, 42, -19, -195, 1005, 38;
-48, 260, 11, -992, 77, -10, -188, 1016, 44;
-42, 268, 17, -932, 154, 27, -164, 1045, 68;
-46, 265, 13, -968, 135, 1, -180, 1033, 51;
-47, 264, 11, -981, 138, -10, -186, 1031, 44;
-47, 266, 11, -973, 161, -8, -184, 1038, 45;
-41, 272, 17, -917, 232, 25, -162, 1064, 66;
-47, 267, 10, -971, 191, -14, -186, 1043, 41;
-40, 275, 17, -902, 273, 26, -159, 1074, 67;
-44, 272, 13, -935, 253, 0, -174, 1063, 51;
-45, 272, 12, -937, 262, -6, -177, 1063, 46;
-40, 278, 16, -886, 325, 21, -157, 1086, 64;
-44, 275, 12, -917, 303, -4, -172, 1074, 47;
-44, 275, 11, -914, 315, -9, -173, 1076, 44;
-37, 283, 17, -846, 392, 28, -148, 1104, 68;
-40, 281, 14, -864, 382, 9, -157, 1097, 56;
-38, 284, 16, -839, 414, 19, -149, 1107, 62;
-41, 281, 12, -860, 399, -3, -161, 1098, 48;
-36, 287, 17, -803, 461, 26, -140, 1121, 67;
-41, 282, 10, -849, 419, -13, -163, 1101, 42;
-34, 290, 18, -770, 503, 31, -133, 1132, 70;
-33, 291, 18, -755, 521, 31, -129, 1137, 70;
-35, 289, 14, -771, 507, 11, -140, 1128, 58;
-34, 290, 15, -751, 527, 14, -135, 1134, 59;
-34, 291, 14, -741, 539, 11, -134, 1136, 57;
-31, 295, 17, -700, 579, 27, -121, 1151, 68;
-37, 288, 10, -752, 526, -18, -146, 1126, 39;
-34, 291, 12, -717, 559, -6, -136, 1137, 47;
-32, 294, 14, -682, 592, 5, -125, 1148, 54;
-32, 294, 13, -672, 598, 0, -125, 1148, 51;
-27, 299, 16, -620, 645, 23, -107, 1166, 65;
-32, 293, 10, -657, 603, -14, -127, 1146, 42;
-25, 301, 16, -580, 675, 24, -99, 1174, 66;
-32, 294, 9, -630, 617, -21, -125, 1148, 37;
-24, 302, 16, -544, 697, 22, -93, 1179, 65;
-27, 298, 12, -563, 669, -3, -106, 1165, 48;
-20, 305, 18, -490, 733, 31, -80, 1190, 70;
-28, 296, 9, -554, 659, -25, -112, 1157, 35;
-19, 305, 17, -456, 747, 25, -76, 1192, 67;
-25, 299, 10, -501, 690, -18, -99, 1167, 39;
-23, 300, 11, -471, 708, -12, -92, 1173, 43;
-16, 307, 17, -387, 780, 28, -62, 1201, 68;
-15, 307, 16, -370, 782, 24, -60, 1200, 66;
-14, 308, 16, -349, 789, 23, -57, 1202, 65;
-14, 307, 15, -337, 786, 16, -57, 1199, 61;
-21, 300, 7, -387, 720, -32, -83, 1171, 30;
-15, 305, 12, -317, 774, -1, -59, 1192, 50;
-12, 307, 14, -281, 792, 6, -50, 1198, 55;
-9, 310, 16, -233, 823, 23, -35, 1210, 65;
-8, 310, 16, -213, 824, 20, -32, 1210, 63;
-10, 307, 13, -217, 802, 2, -39, 1200, 52;
-10, 306, 11, -209, 789, -8, -42, 1194, 45;
-10, 305, 11, -189, 789, -11, -39, 1193, 43;
-4, 310, 15, -121, 836, 17, -16, 1212, 61;
-8, 305, 10, -147, 788, -16, -33, 1192, 40;
0, 312, 17, -59, 855, 26, -1, 1219, 67;
-8, 303, 8, -119, 771, -30, -32, 1184, 32;
-1, 308, 13, -45, 822, 2, -7, 1205, 52;
-2, 307, 11, -37, 806, -8, -9, 1198, 45;
5, 313, 18, 47, 866, 31, 19, 1223, 70;
3, 311, 15, 47, 842, 15, 14, 1213, 60;
1, 308, 12, 45, 815, -2, 7, 1202, 49;
7, 312, 17, 112, 855, 25, 29, 1219, 66;
1, 305, 9, 69, 786, -19, 6, 1190, 38;
11, 313, 18, 171, 861, 32, 43, 1222, 70;
2, 303, 8, 106, 769, -27, 10, 1184, 33;
5, 305, 10, 147, 781, -16, 21, 1190, 40;
13, 311, 16, 232, 839, 23, 51, 1214, 65;
10, 307, 13, 223, 801, 2, 42, 1199, 52;
7, 302, 8, 203, 753, -27, 28, 1180, 34;
9, 303, 9, 234, 754, -22, 35, 1181, 36;
15, 307, 14, 303, 793, 7, 59, 1199, 55;
19, 310, 17, 360, 821, 29, 77, 1211, 69;
14, 304, 11, 326, 757, -8, 58, 1186, 45;
18, 305, 13, 370, 770, 5, 70, 1192, 54;
16, 303, 11, 371, 740, -9, 66, 1181, 45;
16, 301, 10, 381, 720, -17, 65, 1174, 40;
21, 303, 13, 434, 742, 3, 82, 1185, 52;
17, 298, 8, 410, 686, -27, 67, 1163, 33;
24, 304, 15, 494, 738, 13, 96, 1187, 59;
25, 303, 15, 515, 727, 13, 100, 1184, 59;
25, 301, 14, 525, 706, 6, 100, 1177, 54;
30, 304, 17, 579, 728, 27, 117, 1188, 68;
30, 303, 17, 596, 713, 25, 120, 1183, 67;
26, 297, 11, 567, 652, -6, 103, 1160, 46;
26, 295, 10, 575, 627, -15, 102, 1152, 41;
27, 294, 10, 594, 615, -15, 105, 1149, 41;
31, 297, 13, 643, 632, 4, 121, 1158, 53;
35, 299, 17, 697, 653, 28, 139, 1169, 68;
29, 292, 10, 649, 573, -15, 115, 1138, 41;
29, 289, 9, 653, 545, -25, 113, 1129, 35;
34, 293, 13, 712, 572, 2, 133, 1143, 52;
37, 294, 15, 752, 580, 17, 146, 1148, 62;
35, 290, 13, 741, 537, 0, 138, 1133, 50;
35, 289, 12, 751, 516, -4, 138, 1127, 48;
38, 290, 14, 787, 520, 9, 150, 1131, 56;
42, 292, 17, 834, 536, 30, 166, 1141, 70;
40, 288, 14, 820, 491, 11, 157, 1125, 58;
37, 283, 11, 798, 437, -12, 144, 1105, 43;
36, 281, 10, 803, 412, -17, 143, 1098, 39;
45, 288, 18, 891, 469, 32, 177, 1124, 70;
42, 283, 14, 872, 420, 10, 166, 1107, 57;
44, 284, 16, 898, 416, 20, 174, 1108, 63;
46, 283, 17, 917, 405, 25, 179, 1107, 66;
41, 277, 12, 881, 340, -5, 162, 1083, 47;
40, 274, 10, 872, 302, -18, 156, 1070, 39;
45, 277, 14, 924, 325, 9, 175, 1083, 56;
48, 280, 18, 966, 339, 31, 191, 1092, 70;
40, 270, 9, 891, 237, -23, 158, 1053, 36;
47, 274, 15, 958, 275, 15, 183, 1072, 60;
42, 268, 10, 920, 210, -15, 166, 1048, 41;
42, 266, 9, 917, 181, -21, 163, 1039, 37;
50, 273, 17, 1000, 238, 29, 196, 1066, 69;
45, 267, 13, 961, 173, 0, 179, 1043, 50;
48, 268, 15, 991, 179, 17, 190, 1048, 61;
45, 264, 12, 964, 127, -4, 178, 1030, 48;
44, 261, 10, 954, 92, -13, 173, 1019, 42;
48, 263, 14, 990, 105, 8, 187, 1028, 56;
45, 259, 11, 965, 57, -9, 176, 1011, 44;
50, 263, 17, 1018, 88, 24, 198, 1028, 66;
43, 254, 9, 949, -2, -22, 169, 993, 36;
44, 254, 10, 958, -14, -16, 173, 992, 40;
45, 254, 11, 968, -25, -10, 177, 991, 44;
49, 257, 15, 1007, -5, 16, 193, 1002, 61;
46, 252, 12, 979, -53, -1, 182, 986, 50;
48, 252, 14, 990, -60, 7, 187, 986, 55;
49, 253, 16, 1005, -64, 18, 194, 988, 62;
46, 249, 13, 977, -109, 2, 183, 973, 52;
47, 248, 14, 979, -124, 6, 184, 970, 54;
51, 251, 18, 1014, -104, 32, 200, 981, 71;
41, 240, 8, 915, -219, -30, 160, 937, 31;
43, 242, 11, 939, -210, -10, 171, 945, 44;
43, 240, 10, 927, -235, -14, 168, 937, 42;
41, 238, 9, 911, -265, -20, 162, 928, 37;
47, 243, 15, 961, -227, 17, 185, 947, 61;
40, 234, 8, 887, -313, -27, 156, 915, 34;
40, 234, 9, 885, -325, -22, 157, 913, 37;
44, 237, 13, 915, -305, 3, 171, 924, 53;
41, 233, 11, 881, -348, -12, 160, 910, 43;
39, 231, 10, 862, -376, -18, 154, 901, 39;
36, 227, 7, 831, -415, -32, 144, 888, 31;
39, 229, 10, 844, -409, -15, 152, 894, 41;
36, 226, 8, 814, -445, -27, 142, 882, 33;
35, 224, 8, 797, -467, -30, 138, 876, 31;
44, 233, 18, 878, -391, 31, 174, 910, 70;
37, 225, 11, 803, -470, -9, 146, 880, 45;
41, 229, 16, 836, -439, 22, 163, 896, 64;
37, 225, 13, 788, -490, 0, 147, 878, 50;
41, 228, 17, 815, -464, 28, 161, 891, 68;
39, 226, 16, 792, -488, 22, 155, 884, 65;
35, 222, 13, 746, -533, 2, 140, 867, 52;
35, 221, 13, 728, -550, 2, 136, 863, 52;
29, 215, 8, 667, -609, -27, 115, 841, 34;
29, 216, 9, 661, -613, -19, 116, 842, 38;
35, 221, 16, 704, -566, 20, 138, 864, 63;
27, 213, 9, 620, -646, -23, 107, 833, 36;
32, 218, 15, 655, -605, 12, 126, 852, 59;
32, 219, 16, 648, -607, 20, 128, 854, 63;
31, 217, 15, 622, -626, 16, 121, 848, 60;
26, 213, 12, 568, -672, -6, 103, 830, 46;
27, 214, 14, 569, -663, 7, 108, 836, 55;
21, 208, 9, 501, -722, -24, 85, 814, 35;
24, 212, 13, 518, -695, 1, 97, 827, 51;
19, 206, 8, 454, -749, -27, 75, 806, 33;
20, 208, 11, 455, -736, -12, 80, 813, 43;
19, 208, 11, 435, -744, -11, 77, 811, 44;
23, 212, 16, 461, -705, 20, 93, 829, 63;
15, 204, 9, 371, -782, -24, 60, 799, 35;
17, 207, 12, 379, -759, -3, 69, 810, 48;
16, 206, 12, 353, -770, -5, 64, 807, 47;
14, 205, 11, 324, -783, -9, 57, 802, 44;
17, 209, 15, 339, -752, 15, 68, 816, 60;
13, 206, 13, 291, -783, 0, 54, 805, 50;
16, 210, 16, 305, -751, 24, 65, 819, 66;
10, 205, 12, 237, -800, -4, 42, 799, 48;
10, 204, 12, 215, -803, -3, 39, 799, 49;
6, 202, 10, 167, -831, -19, 24, 788, 39;
12, 209, 17, 214, -764, 28, 49, 816, 68;
11, 209, 17, 191, -766, 29, 45, 816, 69;
1, 199, 8, 79, -856, -29, 4, 779, 32;
9, 209, 18, 146, -768, 31, 38, 816, 70;
7, 208, 17, 112, -778, 25, 29, 812, 66;
7, 209, 18, 96, -771, 31, 28, 815, 70;
6, 209, 18, 73, -770, 32, 24, 816, 71;
0, 203, 12, -6, -826, -4, -2, 793, 48;
-4, 201, 9, -54, -849, -19, -16, 783, 38;
2, 208, 17, -7, -776, 28, 8, 813, 68;
-2, 205, 13, -66, -809, 5, -10, 799, 54;
-4, 204, 12, -99, -816, 0, -18, 796, 50;
-10, 200, 8, -164, -854, -27, -39, 780, 34;
-3, 208, 16, -114, -777, 22, -13, 812, 64;
-12, 200, 9, -209, -844, -24, -47, 783, 35;
-11, 203, 11, -213, -819, -11, -43, 793, 44;
-12, 203, 11, -239, -817, -12, -48, 793, 43;
-15, 201, 8, -284, -833, -26, -62, 785, 34;
-11, 207, 14, -253, -773, 10, -43, 810, 57;
-18, 202, 8, -333, -824, -27, -71, 788, 33;
-14, 207, 13, -307, -768, 5, -55, 810, 54;
-15, 208, 14, -329, -759, 6, -59, 812, 55;
-14, 210, 15, -339, -739, 15, -57, 820, 60;
-15, 211, 16, -356, -725, 19, -59, 824, 62;
-17, 211, 15, -386, -725, 13, -67, 823, 59;
-20, 209, 13, -426, -734, 2, -78, 817, 52;
-23, 207, 10, -473, -748, -13, -93, 810, 42;
-20, 212, 14, -457, -701, 10, -81, 828, 57;
-26, 208, 9, -524, -737, -19, -104, 811, 38;
-27, 209, 10, -538, -719, -14, -105, 817, 41;
-30, 207, 8, -582, -731, -29, -118, 810, 32;
-27, 213, 12, -561, -678, -2, -105, 830, 49;
-31, 210, 9, -610, -695, -21, -121, 821, 37;
-30, 212, 10, -618, -671, -13, -120, 829, 42;
-25, 219, 16, -583, -603, 22, -101, 855, 65;
-34, 212, 8, -677, -666, -27, -135, 827, 33;
-29, 219, 14, -639, -596, 10, -115, 854, 57;
-33, 217, 12, -681, -605, -5, -129, 847, 47;
-34, 217, 11, -703, -596, -8, -134, 849, 45;
-34, 219, 12, -714, -574, -3, -134, 856, 48;
-37, 218, 9, -754, -582, -19, -147, 850, 38;
-30, 226, 17, -699, -495, 28, -120, 883, 68;
-33, 225, 15, -734, -498, 15, -131, 879, 60;
-34, 226, 15, -753, -486, 13, -135, 882, 59;
-35, 226, 14, -771, -472, 11, -139, 885, 58;
-38, 225, 12, -807, -477, -2, -151, 880, 49;
-37, 228, 14, -806, -446, 6, -148, 890, 55;
-37, 230, 15, -811, -420, 12, -147, 898, 58;
-44, 225, 9, -878, -457, -23, -172, 880, 36;
-41, 230, 12, -857, -405, 0, -160, 899, 50;
-40, 232, 14, -857, -375, 6, -157, 908, 55;
-38, 236, 16, -848, -336, 20, -151, 921, 63;
-43, 233, 12, -899, -358, -6, -169, 909, 47;
-46, 232, 10, -928, -358, -18, -179, 906, 39;
-39, 240, 16, -873, -275, 24, -154, 937, 65;
-45, 236, 11, -932, -305, -9, -177, 921, 45;
-41, 241, 15, -902, -247, 16, -162, 942, 61;
-47, 237, 10, -962, -280, -18, -185, 925, 39;
-44, 242, 13, -937, -228, 3, -173, 944, 53;
-41, 246, 16, -913, -177, 24, -162, 961, 65;
-49, 240, 9, -993, -231, -25, -193, 936, 35;
-42, 248, 16, -926, -139, 22, -165, 971, 65;
-43, 249, 15, -940, -128, 16, -169, 972, 61;
-49, 244, 9, -1003, -166, -21, -194, 953, 37;
-51, 244, 8, -1019, -157, -29, -200, 953, 32;
-51, 245, 8, -1020, -135, -28, -200, 959, 33;
-42, 256, 17, -935, -27, 29, -164, 1000, 69;
-42, 257, 17, -944, -14, 24, -167, 1002, 66;
-50, 250, 9, -1017, -65, -22, -197, 978, 36;
-50, 252, 10, -1012, -39, -19, -195, 985, 39;
-48, 255, 11, -1000, -6, -11, -190, 995, 43;
-46, 258, 13, -978, 35, 3, -181, 1009, 52;
-49, 257, 10, -1006, 26, -16, -193, 1002, 40;
-44, 263, 15, -955, 96, 16, -172, 1028, 61;
-45, 263, 14, -968, 101, 6, -178, 1026, 54;
-49, 260, 9, -1004, 83, -19, -194, 1015, 38;
-42, 268, 16, -936, 166, 22, -167, 1047, 64;
-49, 263, 9, -996, 123, -19, -192, 1025, 38;
-43, 269, 15, -941, 193, 13, -171, 1051, 59;
-40, 273, 18, -906, 242, 32, -157, 1068, 71;
-41, 274, 17, -909, 253, 26, -160, 1069, 67;
-45, 271, 12, -944, 232, -1, -176, 1057, 50;
-45, 272, 12, -939, 248, -2, -176, 1061, 49;
-45, 272, 11, -940, 259, -8, -178, 1062, 45;
-45, 273, 11, -935, 275, -11, -178, 1065, 44;
-48, 271, 7, -958, 263, -32, -189, 1057, 31;
-43, 276, 12, -907, 322, -5, -171, 1078, 47;
-38, 283, 17, -848, 390, 27, -149, 1103, 67;
-41, 279, 13, -878, 368, 0, -163, 1091, 51;
-37, 285, 17, -829, 424, 25, -145, 1112, 67;
-40, 282, 13, -854, 405, 1, -158, 1101, 51;
-41, 281, 11, -857, 408, -9, -162, 1099, 45;
-41, 282, 11, -844, 425, -9, -160, 1103, 45;
-38, 285, 13, -814, 458, 1, -151, 1114, 51;
-33, 291, 17, -757, 519, 30, -130, 1136, 69;
-39, 285, 11, -804, 474, -10, -153, 1115, 44;
-39, 285, 10, -799, 479, -17, -155, 1114, 39;
-35, 290, 13, -751, 529, 4, -138, 1132, 53;
-35, 290, 13, -739, 540, 1, -137, 1134, 51;
-37, 288, 10, -751, 527, -17, -145, 1127, 40;
-34, 291, 12, -715, 562, -4, -134, 1138, 48;
-37, 288, 8, -736, 538, -30, -147, 1126, 32;
-32, 294, 13, -672, 598, 0, -125, 1149, 51;
-28, 298, 16, -626, 640, 19, -110, 1164, 62;
-32, 294, 11, -652, 608, -10, -125, 1148, 44;
-30, 296, 12, -625, 630, -5, -118, 1155, 47;
-33, 293, 8, -641, 606, -29, -129, 1143, 32;
-23, 302, 17, -539, 701, 25, -91, 1180, 66;
-26, 299, 13, -554, 678, 2, -102, 1169, 52;
-22, 303, 16, -506, 717, 20, -87, 1183, 63;
-25, 300, 12, -520, 693, -2, -97, 1171, 49;
-21, 304, 15, -470, 733, 16, -82, 1186, 61;
-19, 305, 16, -442, 749, 20, -75, 1191, 63;
-19, 304, 15, -431, 748, 13, -75, 1189, 59;
-24, 299, 9, -467, 699, -24, -95, 1167, 35;
-23, 300, 9, -443, 710, -23, -90, 1170, 36;
-17, 304, 13, -381, 758, 2, -70, 1189, 52;
-16, 305, 13, -353, 770, 5, -64, 1193, 54;
-16, 304, 12, -344, 764, -3, -65, 1189, 48;
-12, 308, 15, -293, 798, 15, -49, 1202, 60;
-13, 306, 13, -289, 784, 1, -53, 1195, 51;
-10, 309, 15, -244, 812, 16, -40, 1206, 60;
-14, 303, 9, -274, 764, -19, -57, 1185, 38;
-11, 306, 12, -228, 791, -4, -44, 1195, 47;
-10, 306, 12, -202, 796, -4, -39, 1197, 48;
-9, 306, 11, -187, 791, -10, -38, 1194, 44;
-5, 310, 14, -129, 828, 11, -20, 1209, 58;
-5, 308, 13, -120, 816, 1, -21, 1203, 52;
-2, 310, 15, -78, 836, 13, -9, 1211, 59;
-7, 304, 9, -109, 782, -23, -28, 1188, 36;
-6, 304, 8, -88, 779, -26, -25, 1187, 34;
3, 312, 17, 14, 858, 26, 11, 1220, 67;
1, 310, 14, 12, 832, 8, 5, 1209, 56;
-3, 304, 8, -18, 776, -28, -13, 1185, 33;
2, 309, 13, 53, 822, 2, 10, 1205, 52;
3, 308, 12, 69, 812, -3, 11, 1201, 48;
3, 307, 12, 90, 807, -5, 15, 1199, 47;
10, 313, 17, 167, 857, 29, 41, 1220, 69;
10, 311, 16, 183, 846, 24, 42, 1216, 65;
8, 308, 13, 177, 812, 3, 34, 1203, 53;
5, 303, 8, 156, 762, -26, 19, 1183, 34;
14, 310, 16, 253, 831, 22, 54, 1212, 64;
6, 302, 8, 198, 747, -30, 26, 1178, 31;
13, 307, 14, 277, 797, 6, 53, 1199, 54;
9, 302, 9, 254, 744, -25, 38, 1178, 35;
13, 304, 11, 299, 760, -10, 52, 1186, 44;
17, 306, 14, 350, 781, 7, 68, 1196, 55;
13, 301, 9, 329, 729, -21, 54, 1176, 37;
16, 302, 10, 365, 734, -13, 63, 1179, 42;
17, 301, 10, 384, 722, -15, 66, 1175, 41;
20, 302, 12, 425, 732, -2, 78, 1181, 49;
16, 298, 8, 407, 683, -29, 65, 1162, 32;
22, 301, 12, 470, 715, -2, 87, 1177, 49;
23, 301, 12, 491, 703, -2, 90, 1174, 49;
20, 296, 9, 479, 660, -24, 80, 1157, 35;
30, 305, 18, 586, 735, 32, 120, 1191, 71;
22, 295, 9, 521, 638, -24, 89, 1152, 35;
24, 295, 9, 546, 631, -21, 94, 1151, 37;
26, 295, 10, 575, 628, -14, 102, 1152, 41;
28, 295, 11, 606, 627, -7, 110, 1154, 46;
32, 298, 15, 655, 644, 12, 126, 1163, 58;
33, 297, 15, 677, 633, 14, 131, 1161, 60;
34, 296, 15, 691, 616, 12, 133, 1156, 58;
37, 298, 17, 734, 627, 29, 147, 1163, 69;
37, 295, 16, 738, 598, 19, 144, 1153, 63;
36, 293, 15, 744, 572, 12, 143, 1145, 58;
37, 292, 14, 756, 553, 9, 144, 1140, 57;
34, 287, 11, 739, 504, -12, 133, 1122, 43;
32, 284, 8, 732, 465, -27, 127, 1108, 33;
41, 291, 17, 827, 529, 26, 163, 1138, 67;
39, 287, 14, 813, 484, 7, 154, 1122, 55;
40, 286, 14, 829, 468, 8, 157, 1118, 56;
44, 288, 17, 871, 479, 27, 171, 1126, 67;
35, 278, 8, 799, 377, -29, 138, 1086, 32;
39, 280, 11, 840, 388, -10, 153, 1094, 44;
37, 276, 8, 828, 346, -26, 145, 1079, 34;
38, 276, 9, 845, 333, -22, 150, 1077, 36;
39, 275, 9, 856, 315, -22, 152, 1073, 37;
47, 281, 17, 939, 369, 26, 184, 1098, 67;
38, 271, 8, 865, 267, -29, 151, 1059, 32;
48, 279, 17, 957, 330, 25, 187, 1088, 66;
41, 270, 9, 898, 243, -19, 161, 1055, 38;
48, 276, 16, 970, 288, 23, 189, 1077, 65;
40, 266, 8, 896, 187, -30, 156, 1038, 31;
48, 273, 16, 983, 247, 22, 191, 1067, 64;
49, 272, 16, 986, 224, 20, 191, 1061, 63;
44, 266, 11, 951, 163, -6, 175, 1039, 46;
50, 270, 17, 1009, 196, 28, 198, 1056, 68;
45, 264, 12, 964, 126, -4, 178, 1030, 48;
45, 262, 12, 965, 104, -5, 178, 1024, 47;
48, 264, 14, 993, 108, 10, 188, 1029, 57;
45, 259, 11, 965, 57, -9, 176, 1011, 44;
45, 257, 11, 964, 34, -11, 175, 1005, 43;
45, 257, 11, 972, 20, -6, 179, 1003, 46;
47, 257, 13, 984, 11, 0, 183, 1003, 51;
49, 258, 15, 1005, 11, 14, 192, 1006, 59;
50, 257, 16, 1016, 2, 22, 197, 1006, 64;
51, 258, 17, 1027, -5, 30, 202, 1006, 70;
46, 251, 12, 974, -77, -3, 180, 979, 48;
41, 245, 7, 929, -140, -32, 162, 956, 30;
50, 253, 17, 1013, -74, 25, 197, 988, 67;
50, 251, 17, 1008, -95, 25, 196, 982, 66;
49, 250, 16, 1000, -118, 23, 194, 976, 65;
50, 249, 17, 1002, -132, 27, 196, 973, 67;
44, 242, 11, 944, -205, -7, 173, 947, 46;
40, 237, 8, 902, -260, -31, 157, 927, 31;
48, 244, 16, 973, -203, 20, 188, 954, 63;
49, 244, 17, 976, -211, 27, 191, 954, 68;
43, 237, 11, 915, -285, -8, 167, 927, 45;
41, 235, 10, 899, -311, -13, 163, 919, 42;
38, 231, 7, 861, -359, -32, 149, 902, 30;
45, 237, 15, 922, -307, 15, 177, 927, 60;
43, 235, 14, 898, -340, 5, 169, 916, 54;
36, 227, 7, 830, -416, -32, 143, 888, 30;
43, 233, 14, 882, -371, 9, 167, 910, 56;
42, 231, 14, 866, -392, 7, 164, 904, 55;
35, 224, 7, 795, -469, -32, 137, 875, 31;
40, 229, 14, 842, -427, 7, 159, 895, 55;
42, 230, 16, 850, -423, 22, 166, 900, 64;
37, 225, 12, 796, -479, -4, 147, 879, 48;
36, 223, 11, 774, -504, -9, 141, 872, 45;
39, 226, 15, 793, -486, 13, 152, 882, 59;
33, 220, 10, 729, -550, -18, 129, 858, 39;
36, 223, 14, 752, -527, 7, 142, 870, 55;
31, 217, 9, 692, -586, -21, 121, 848, 37;
30, 217, 9, 679, -597, -19, 119, 846, 38;
35, 221, 15, 715, -558, 16, 138, 865, 61;
33, 219, 14, 682, -587, 6, 129, 855, 54;
28, 214, 10, 629, -636, -16, 111, 837, 40;
33, 219, 16, 664, -597, 18, 130, 856, 62;
30, 216, 13, 622, -633, 3, 117, 843, 52;
27, 213, 11, 587, -660, -6, 107, 833, 46;
22, 209, 8, 530, -710, -31, 88, 815, 31;
31, 218, 17, 603, -629, 30, 122, 850, 69;
21, 208, 8, 498, -725, -25, 84, 813, 34;
24, 211, 12, 512, -701, -2, 94, 824, 49;
25, 213, 15, 515, -688, 13, 100, 832, 59;
25, 213, 16, 501, -690, 18, 99, 832, 62;
24, 212, 15, 478, -701, 17, 95, 829, 61;
19, 208, 12, 421, -745, -5, 76, 813, 47;
23, 213, 17, 447, -706, 26, 92, 830, 67;
17, 207, 11, 372, -766, -8, 66, 807, 45;
12, 202, 7, 313, -810, -32, 47, 790, 30;
15, 206, 11, 328, -779, -6, 59, 804, 46;
19, 211, 17, 361, -730, 30, 77, 825, 69;
19, 211, 18, 339, -735, 31, 74, 825, 70;
17, 210, 17, 311, -745, 28, 68, 821, 68;
13, 207, 14, 258, -779, 9, 51, 808, 56;
7, 202, 9, 188, -831, -21, 27, 787, 37;
14, 210, 17, 242, -757, 30, 55, 819, 69;
8, 205, 13, 174, -804, 1, 33, 800, 52;
3, 200, 9, 110, -847, -24, 12, 782, 35;
1, 199, 8, 78, -857, -29, 4, 779, 32;
8, 207, 16, 130, -784, 20, 31, 810, 64;
6, 207, 16, 102, -788, 19, 25, 808, 62;
-2, 199, 8, 8, -859, -27, -7, 779, 33;
6, 209, 18, 73, -771, 32, 24, 816, 71;
-1, 202, 11, -17, -837, -11, -7, 788, 43;
2, 207, 16, 9, -784, 22, 9, 810, 65;
2, 209, 17, -3, -772, 30, 9, 815, 69;
-6, 201, 9, -103, -846, -19, -26, 784, 38;
-7, 201, 10, -125, -842, -17, -29, 786, 39;
-5, 204, 13, -123, -813, 0, -23, 797, 50;
-2, 209, 17, -102, -764, 30, -8, 817, 69;
-4, 209, 17, -133, -768, 25, -16, 815, 66;
-7, 207, 15, -174, -781, 14, -27, 809, 60;
-9, 206, 14, -209, -788, 7, -36, 805, 55;
-15, 202, 9, -276, -825, -21, -58, 789, 37;
-13, 205, 12, -273, -793, -3, -51, 801, 49;
-11, 208, 15, -268, -759, 15, -44, 815, 60;
-18, 203, 9, -348, -809, -21, -72, 793, 37;
-18, 205, 11, -356, -787, -11, -70, 801, 43;
-20, 204, 10, -389, -789, -18, -78, 799, 39;
-21, 204, 9, -417, -787, -21, -85, 798, 37;
-17, 210, 14, -392, -730, 10, -69, 820, 57;
-24, 205, 8, -468, -776, -25, -96, 800, 34;
-18, 213, 16, -419, -695, 21, -70, 832, 64;
-25, 207, 10, -500, -744, -17, -99, 810, 40;
-28, 206, 8, -541, -754, -30, -111, 804, 31;
-27, 208, 10, -545, -726, -19, -108, 814, 39;
-23, 214, 15, -516, -665, 14, -91, 837, 59;
-26, 213, 13, -555, -672, 1, -103, 832, 51;
-29, 212, 10, -597, -682, -13, -116, 826, 42;
-28, 214, 12, -600, -653, -1, -112, 836, 49;
-34, 210, 8, -663, -683, -30, -134, 822, 31;
-30, 216, 13, -633, -622, 1, -117, 845, 52;
-29, 219, 15, -635, -591, 12, -114, 856, 59;
-31, 218, 13, -667, -591, 3, -123, 853, 53;
-33, 218, 12, -693, -585, -1, -129, 854, 50;
-36, 217, 10, -732, -592, -16, -142, 848, 40;
-30, 225, 17, -686, -514, 25, -119, 878, 67;
-40, 217, 8, -788, -584, -30, -157, 847, 31;
-35, 223, 13, -751, -516, 4, -138, 872, 53;
-34, 226, 15, -750, -483, 15, -134, 883, 60;
-37, 225, 13, -788, -490, 0, -147, 878, 50;
-34, 229, 16, -770, -440, 21, -136, 895, 64;
-34, 232, 17, -772, -412, 29, -134, 904, 69;
-35, 232, 17, -789, -398, 27, -138, 907, 67;
-41, 228, 12, -851, -429, -5, -160, 891, 47;
-44, 227, 9, -889, -437, -22, -173, 885, 37;
-44, 228, 9, -900, -418, -21, -175, 890, 37;
-46, 228, 8, -925, -413, -30, -183, 889, 31;
-47, 229, 8, -934, -393, -29, -184, 894, 32;
-41, 236, 14, -884, -314, 10, -161, 924, 57;
-46, 233, 10, -934, -335, -16, -179, 912, 40;
-48, 232, 8, -964, -337, -30, -190, 908, 32;
-41, 241, 15, -900, -245, 18, -161, 943, 62;
-45, 239, 12, -941, -259, -4, -177, 934, 48;
-43, 242, 14, -928, -219, 9, -170, 947, 56;
-50, 238, 8, -993, -258, -29, -195, 928, 32;
-46, 243, 12, -959, -197, -2, -179, 950, 49;
-48, 243, 11, -980, -193, -12, -187, 948, 42;
-47, 245, 11, -979, -167, -9, -185, 956, 45;
-45, 248, 13, -962, -125, 5, -177, 970, 54;
-44, 251, 15, -952, -91, 14, -172, 980, 59;
-45, 252, 14, -962, -78, 9, -176, 982, 56;
-49, 249, 10, -1006, -98, -17, -193, 971, 40;
-46, 253, 13, -974, -44, 4, -180, 990, 54;
-42, 258, 17, -942, 9, 27, -166, 1009, 67;
-44, 258, 15, -957, 16, 17, -172, 1008, 61;
-49, 254, 10, -1007, -13, -16, -193, 992, 40;
-51, 254, 9, -1020, -6, -25, -199, 991, 35;
-48, 258, 11, -997, 35, -10, -189, 1006, 44;
-42, 265, 17, -939, 112, 27, -165, 1034, 67;
-41, 267, 18, -930, 139, 31, -162, 1042, 70;
-45, 264, 13, -968, 119, 4, -179, 1030, 53;
-45, 265, 14, -960, 143, 6, -176, 1037, 55;
-49, 263, 10, -993, 125, -18, -191, 1026, 39;
-48, 264, 10, -987, 147, -17, -190, 1032, 40;
-45, 268, 13, -956, 193, 0, -178, 1047, 50;
-44, 271, 14, -937, 226, 8, -172, 1058, 56;
-48, 267, 9, -977, 199, -22, -190, 1043, 36;
-41, 275, 16, -905, 283, 19, -162, 1075, 63;
-40, 277, 16, -895, 304, 21, -159, 1081, 64;
-45, 273, 11, -936, 274, -11, -178, 1065, 43;
-39, 280, 17, -871, 350, 25, -153, 1093, 67;
-42, 278, 13, -894, 335, 3, -165, 1084, 53;
-43, 277, 12, -898, 340, -5, -169, 1083, 47;
-40, 281, 14, -867, 379, 7, -159, 1096, 55;
-37, 285, 17, -829, 424, 25, -146, 1111, 66;
-42, 280, 11, -867, 392, -7, -164, 1095, 46;
-38, 284, 14, -829, 435, 9, -151, 1110, 56;
-38, 285, 14, -818, 451, 8, -149, 1114, 56;
-37, 287, 14, -802, 470, 9, -146, 1119, 56;
-42, 282, 9, -837, 438, -23, -164, 1103, 36;
-35, 290, 15, -763, 514, 16, -136, 1132, 61;
-33, 291, 16, -744, 535, 19, -132, 1137, 62;
-32, 293, 16, -725, 554, 21, -128, 1143, 64;
-30, 295, 18, -695, 584, 31, -119, 1153, 70;
-38, 288, 9, -758, 520, -21, -148, 1124, 37;
-34, 292, 12, -713, 563, -3, -134, 1139, 48;
-37, 289, 8, -733, 540, -28, -146, 1127, 33;
-32, 294, 12, -675, 595, -1, -126, 1147, 50;
-28, 298, 16, -624, 641, 20, -109, 1164, 63;
-32, 294, 11, -651, 610, -9, -124, 1149, 44;
-30, 296, 12, -623, 631, -4, -117, 1156, 48;
-33, 292, 7, -645, 603, -31, -131, 1142, 31;
-31, 294, 9, -615, 625, -25, -123, 1149, 35;
-22, 303, 17, -516, 716, 27, -87, 1184, 68;
-30, 295, 8, -578, 645, -27, -117, 1153, 34;
-25, 300, 12, -522, 691, -3, -98, 1171, 48;
-27, 297, 8, -534, 668, -26, -108, 1159, 34;
-27, 297, 8, -521, 671, -31, -107, 1159, 31;
-21, 303, 13, -447, 732, 3, -82, 1183, 52;
-25, 298, 8, -475, 691, -30, -99, 1164, 32;
-22, 300, 9, -437, 716, -19, -88, 1173, 38;
-14, 308, 17, -344, 794, 26, -55, 1204, 67;
-21, 300, 8, -401, 722, -26, -84, 1173, 34;
-19, 302, 9, -370, 738, -20, -76, 1178, 37;
-19, 301, 8, -361, 730, -30, -77, 1174, 32;
-9, 310, 17, -248, 826, 29, -36, 1212, 69;
-10, 308, 15, -249, 807, 12, -42, 1204, 58;
-14, 304, 10, -272, 765, -18, -57, 1185, 39;
-6, 311, 16, -184, 834, 23, -26, 1213, 65;
-4, 312, 17, -154, 845, 28, -19, 1217, 68;
-7, 308, 13, -167, 811, 2, -30, 1202, 52;
-9, 305, 10, -171, 786, -15, -37, 1191, 41;
-5, 309, 13, -115, 821, 5, -19, 1205, 54;
-3, 309, 14, -85, 829, 9, -12, 1208, 56;
-6, 305, 9, -104, 786, -20, -26, 1190, 38;
1, 312, 16, -16, 851, 21, 4, 1217, 64;
2, 312, 16, 8, 852, 22, 9, 1217, 64;
1, 310, 14, 13, 832, 8, 5, 1209, 56;
-2, 305, 9, -7, 787, -21, -8, 1190, 37;
0, 306, 11, 33, 803, -10, 2, 1197, 44;
0, 304, 8, 35, 778, -25, -2, 1187, 34;
5, 309, 14, 109, 826, 6, 22, 1207, 55;
8, 310, 15, 147, 837, 16, 32, 1212, 60;
6, 307, 12, 139, 802, -5, 24, 1198, 47;
13, 312, 17, 218, 853, 30, 51, 1219, 70;
7, 305, 11, 180, 787, -10, 29, 1193, 44;
8, 305, 11, 201, 780, -12, 33, 1190, 43;
15, 310, 16, 278, 828, 22, 59, 1211, 65;
12, 305, 12, 261, 781, -4, 47, 1193, 48;
11, 304, 11, 273, 763, -12, 46, 1186, 43;
20, 311, 18, 364, 825, 32, 79, 1213, 71;
14, 303, 11, 323, 754, -10, 56, 1185, 44;
15, 303, 11, 346, 746, -10, 61, 1183, 44;
16, 302, 11, 367, 737, -11, 64, 1180, 43;
21, 306, 15, 430, 768, 15, 85, 1195, 60;
17, 300, 10, 403, 711, -17, 69, 1172, 40;
23, 304, 14, 465, 741, 8, 89, 1186, 56;
25, 304, 15, 497, 742, 15, 98, 1188, 60;
25, 302, 14, 508, 721, 8, 97, 1181, 56;
21, 298, 10, 490, 671, -17, 85, 1162, 40;
29, 304, 16, 573, 722, 24, 115, 1185, 65;
23, 296, 10, 532, 649, -17, 93, 1157, 40;
28, 299, 13, 583, 668, 3, 110, 1167, 53;
25, 295, 10, 572, 625, -16, 101, 1151, 40;
26, 294, 10, 589, 610, -18, 103, 1147, 39;
31, 296, 13, 642, 630, 3, 121, 1157, 53;
32, 296, 13, 662, 618, 4, 125, 1155, 54;
30, 292, 11, 654, 578, -12, 117, 1140, 43;
30, 290, 10, 666, 558, -16, 118, 1134, 40;
35, 294, 15, 726, 587, 12, 139, 1149, 58;
34, 291, 13, 727, 555, 1, 136, 1138, 51;
37, 292, 14, 756, 553, 9, 144, 1140, 57;
41, 294, 18, 804, 569, 31, 160, 1149, 70;
35, 287, 11, 759, 492, -9, 138, 1120, 45;
34, 284, 9, 757, 458, -20, 134, 1108, 38;
41, 289, 16, 833, 503, 20, 162, 1130, 63;
42, 289, 16, 850, 490, 22, 166, 1127, 65;
37, 282, 10, 810, 419, -13, 146, 1101, 42;
38, 281, 11, 829, 407, -9, 151, 1099, 45;
39, 280, 11, 839, 387, -10, 153, 1093, 44;
37, 277, 9, 830, 348, -25, 146, 1080, 35;
38, 276, 9, 847, 336, -20, 150, 1078, 37;
46, 283, 17, 931, 390, 27, 183, 1103, 68;
43, 277, 13, 904, 334, 2, 169, 1083, 52;
38, 271, 8, 863, 264, -30, 150, 1058, 31;
39, 270, 8, 876, 249, -28, 153, 1054, 33;
40, 269, 8, 887, 233, -26, 156, 1051, 34;
40, 268, 9, 899, 217, -23, 159, 1048, 36;
50, 276, 17, 989, 279, 30, 195, 1077, 70;
48, 273, 16, 980, 244, 20, 189, 1066, 63;
49, 272, 17, 995, 233, 26, 194, 1064, 67;
45, 267, 12, 956, 169, -2, 177, 1041, 49;
41, 261, 8, 920, 107, -30, 161, 1019, 31;
45, 264, 12, 964, 126, -4, 178, 1030, 48;
48, 265, 14, 990, 128, 10, 188, 1034, 57;
46, 261, 12, 973, 89, -2, 180, 1021, 49;
49, 263, 15, 999, 92, 13, 191, 1026, 59;
49, 262, 15, 1006, 76, 16, 193, 1023, 61;
45, 257, 11, 972, 20, -7, 178, 1003, 46;
51, 261, 17, 1025, 52, 28, 201, 1020, 68;
52, 260, 18, 1030, 36, 31, 202, 1016, 70;
50, 257, 16, 1013, 0, 20, 195, 1004, 63;
48, 254, 14, 998, -34, 11, 190, 994, 58;
45, 250, 12, 969, -81, -6, 178, 978, 46;
51, 255, 17, 1023, -46, 30, 201, 996, 70;
42, 245, 9, 938, -148, -23, 167, 957, 36;
47, 249, 14, 981, -122, 7, 185, 971, 55;
49, 249, 16, 997, -122, 21, 193, 974, 64;
47, 246, 14, 973, -161, 8, 184, 961, 56;
50, 248, 17, 999, -150, 28, 196, 969, 68;
46, 244, 14, 963, -199, 9, 182, 952, 56;
40, 237, 8, 902, -273, -26, 159, 925, 34;
48, 244, 16, 971, -217, 23, 189, 951, 65;
48, 243, 17, 968, -231, 27, 190, 949, 68;
47, 241, 17, 956, -255, 24, 186, 942, 66;
43, 236, 13, 909, -311, 0, 169, 922, 50;
41, 233, 11, 885, -345, -9, 161, 911, 44;
37, 229, 7, 842, -396, -31, 146, 893, 31;
37, 228, 8, 834, -411, -29, 145, 890, 32;
42, 232, 14, 877, -376, 6, 165, 907, 54;
39, 229, 11, 845, -414, -7, 155, 895, 46;
36, 225, 9, 808, -456, -23, 142, 880, 36;
43, 231, 16, 864, -405, 22, 168, 904, 64;
39, 227, 13, 820, -452, 2, 153, 887, 52;
37, 225, 11, 792, -483, -6, 145, 877, 46;
32, 220, 7, 740, -538, -32, 127, 858, 31;
34, 221, 10, 748, -531, -16, 133, 863, 40;
32, 219, 9, 720, -559, -24, 126, 854, 35;
32, 219, 10, 718, -562, -15, 128, 856, 41;
35, 221, 13, 732, -546, 4, 138, 865, 53;
29, 215, 8, 668, -608, -26, 115, 842, 34;
36, 223, 16, 727, -547, 24, 143, 869, 65;
29, 215, 10, 650, -620, -15, 116, 841, 41;
30, 216, 12, 647, -619, -5, 119, 844, 47;
34, 220, 17, 678, -583, 27, 136, 861, 68;
32, 218, 16, 647, -607, 20, 127, 853, 63;
29, 215, 13, 605, -643, 4, 114, 841, 54;
29, 215, 14, 592, -649, 9, 113, 840, 56;
29, 216, 16, 586, -646, 19, 115, 843, 62;
20, 207, 8, 491, -732, -30, 81, 810, 31;
22, 210, 11, 500, -713, -10, 89, 819, 44;
20, 207, 9, 464, -738, -20, 79, 811, 38;
18, 206, 9, 438, -753, -23, 73, 806, 36;
19, 207, 10, 431, -748, -13, 75, 810, 42;
21, 210, 13, 437, -729, 5, 83, 819, 54;
14, 203, 8, 360, -792, -31, 56, 795, 31;
17, 207, 12, 379, -759, -3, 69, 810, 48;
12, 203, 8, 319, -804, -28, 49, 792, 33;
16, 207, 13, 338, -770, 0, 62, 808, 50;
14, 206, 12, 309, -782, -4, 56, 804, 48;
18, 210, 17, 334, -740, 28, 72, 822, 68;
10, 203, 10, 244, -812, -16, 40, 793, 41;
7, 201, 9, 206, -831, -25, 29, 786, 35;
11, 206, 14, 230, -789, 6, 45, 805, 54;
7, 203, 11, 181, -818, -10, 30, 793, 44;
12, 208, 17, 209, -769, 24, 47, 814, 66;
6, 204, 12, 143, -814, -2, 25, 796, 49;
4, 203, 12, 114, -821, -5, 19, 794, 47;
1, 201, 10, 70, -843, -18, 6, 785, 39;
6, 207, 16, 106, -785, 21, 27, 809, 64;
-2, 199, 8, 8, -859, -27, -7, 779, 33;
0, 203, 12, 21, -822, -1, 3, 795, 49;
3, 207, 16, 35, -783, 23, 14, 811, 65;
0, 204, 13, -19, -814, 3, -2, 798, 53;
-4, 202, 11, -67, -836, -11, -16, 788, 43;
0, 207, 16, -45, -788, 19, -1, 808, 62;
0, 209, 18, -49, -766, 32, 1, 817, 71;
-10, 199, 8, -169, -858, -30, -41, 778, 31;
-3, 208, 17, -110, -773, 24, -12, 813, 66;
-12, 200, 8, -215, -850, -28, -50, 781, 33;
-4, 210, 18, -149, -756, 30, -17, 819, 70;
-11, 204, 12, -230, -808, -6, -45, 797, 46;
-13, 204, 11, -258, -807, -9, -51, 796, 45;
-11, 207, 14, -256, -776, 7, -45, 808, 55;
-13, 206, 13, -290, -781, 1, -53, 806, 51;
-18, 203, 9, -350, -810, -22, -73, 792, 36;
-11, 211, 17, -297, -727, 27, -45, 825, 68;
-14, 210, 15, -337, -737, 16, -57, 820, 61;
-23, 203, 8, -429, -798, -29, -90, 794, 32;
-24, 204, 8, -450, -789, -28, -93, 796, 33;
-22, 207, 11, -446, -754, -11, -87, 809, 43;
-25, 206, 9, -486, -762, -23, -98, 804, 36;
-26, 206, 8, -513, -758, -26, -104, 804, 34;
-19, 215, 17, -457, -670, 25, -76, 839, 66;
-26, 210, 11, -530, -711, -9, -102, 820, 45;
-27, 211, 11, -551, -700, -9, -106, 823, 45;
-30, 209, 9, -595, -712, -24, -119, 816, 35;
-31, 210, 9, -613, -698, -23, -122, 820, 36;
-29, 213, 11, -608, -661, -7, -116, 833, 46;
-29, 216, 13, -614, -635, 1, -114, 842, 52;
-29, 217, 13, -628, -617, 4, -115, 847, 54;
-36, 212, 8, -702, -658, -31, -141, 828, 31;
-31, 219, 13, -666, -590, 4, -122, 854, 53;
-31, 220, 14, -680, -572, 7, -124, 859, 55;
-30, 223, 16, -677, -537, 20, -119, 871, 63;
-35, 220, 12, -734, -562, -6, -139, 858, 47;
-39, 218, 9, -776, -573, -23, -152, 851, 36;
-37, 221, 11, -772, -536, -9, -147, 864, 45;
-38, 222, 11, -791, -525, -12, -151, 866, 43;
-33, 229, 17, -749, -450, 26, -130, 894, 67;
-42, 222, 8, -842, -512, -26, -166, 865, 34;
-41, 225, 10, -837, -477, -13, -161, 877, 42;
-40, 227, 12, -838, -447, -5, -158, 887, 47;
-39, 230, 13, -835, -414, 5, -154, 898, 54;
-42, 229, 11, -870, -418, -9, -165, 893, 44;
-39, 233, 15, -848, -366, 12, -153, 911, 58;
-43, 231, 11, -889, -378, -7, -168, 904, 46;
-38, 238, 17, -852, -311, 25, -150, 928, 66;
-41, 237, 15, -882, -312, 12, -160, 925, 58;
-45, 234, 10, -932, -333, -14, -179, 913, 41;
-41, 240, 15, -896, -269, 14, -162, 936, 60;
-42, 241, 15, -906, -252, 13, -164, 940, 59;
-44, 240, 13, -931, -249, 2, -172, 938, 52;
-41, 245, 16, -909, -200, 22, -162, 955, 64;
-42, 245, 16, -919, -183, 19, -164, 959, 63;
-46, 242, 11, -966, -204, -6, -182, 947, 46;
-47, 244, 11, -971, -183, -6, -183, 952, 46;
-48, 244, 11, -983, -171, -11, -187, 954, 43;
-47, 246, 11, -981, -144, -7, -185, 962, 46;
-51, 244, 8, -1019, -158, -30, -200, 953, 32;
-42, 254, 17, -935, -50, 27, -164, 994, 68;
-47, 251, 12, -982, -74, -1, -183, 981, 50;
-49, 250, 10, -1006, -76, -16, -193, 976, 40;
-47, 253, 12, -988, -36, -3, -185, 990, 48;
-46, 256, 13, -980, -6, 2, -182, 998, 52;
-48, 256, 12, -992, 1, -6, -187, 998, 47;
-49, 256, 10, -1004, 9, -14, -192, 998, 42;
-46, 260, 13, -974, 58, 4, -180, 1015, 53;
-43, 264, 16, -950, 101, 19, -170, 1030, 63;
-50, 258, 8, -1016, 53, -26, -198, 1006, 34;
-50, 260, 9, -1007, 79, -21, -195, 1014, 37;
-45, 265, 14, -961, 142, 6, -177, 1037, 54;
-51, 261, 8, -1011, 108, -30, -199, 1019, 32;
-42, 270, 16, -930, 204, 20, -166, 1056, 63;
-48, 265, 9, -985, 163, -19, -190, 1035, 38;
-44, 271, 14, -939, 224, 6, -172, 1057, 55;
-44, 272, 14, -933, 243, 6, -171, 1062, 54;
-49, 267, 8, -982, 205, -31, -194, 1043, 31;
-47, 270, 9, -956, 243, -19, -185, 1055, 38;
-42, 276, 14, -909, 301, 6, -167, 1076, 54;
-44, 275, 12, -918, 303, -5, -173, 1074, 47;
-42, 278, 14, -891, 339, 5, -164, 1085, 54;
-38, 282, 17, -852, 386, 25, -150, 1102, 66;
-40, 281, 14, -865, 380, 8, -158, 1096, 56;
-38, 283, 15, -842, 411, 17, -151, 1106, 61;
-40, 283, 13, -847, 412, 5, -156, 1104, 54;
-45, 278, 8, -890, 374, -31, -177, 1085, 31;
-43, 280, 9, -866, 403, -23, -169, 1094, 36;
-36, 288, 15, -792, 481, 16, -142, 1123, 61;
-37, 287, 13, -797, 478, 3, -147, 1120, 53;
-33, 291, 17, -749, 529, 25, -130, 1138, 67;
-36, 288, 13, -772, 507, 0, -143, 1126, 51;
-41, 284, 8, -803, 476, -30, -160, 1110, 31;
-32, 294, 16, -710, 569, 21, -125, 1146, 64;
-33, 293, 14, -709, 569, 10, -128, 1144, 57;
-38, 288, 8, -752, 525, -29, -150, 1123, 32;
-28, 298, 17, -645, 628, 30, -109, 1164, 69;
-37, 289, 8, -719, 551, -30, -144, 1129, 31;
-34, 292, 10, -682, 583, -18, -133, 1140, 39;
-25, 301, 18, -587, 673, 32, -98, 1175, 71;
-33, 292, 8, -656, 598, -26, -131, 1142, 34;
-28, 298, 13, -595, 653, 1, -110, 1162, 51;
-28, 298, 12, -582, 658, -3, -109, 1162, 48;
-21, 304, 17, -513, 719, 29, -85, 1186, 69;
-27, 298, 11, -551, 672, -9, -106, 1164, 45;
-29, 295, 8, -563, 650, -31, -115, 1154, 31;
-28, 296, 7, -543, 659, -32, -112, 1156, 30;
-25, 299, 10, -499, 693, -16, -98, 1168, 40;
-23, 300, 11, -470, 709, -12, -91, 1173, 43;
-18, 305, 14, -412, 754, 11, -72, 1190, 58;
-22, 301, 10, -433, 720, -17, -86, 1174, 40;
-17, 304, 13, -380, 758, 2, -70, 1189, 52;
-14, 308, 16, -330, 793, 20, -54, 1202, 63;
-17, 304, 11, -349, 758, -7, -67, 1186, 46;
-12, 308, 15, -294, 797, 14, -49, 1202, 59;
-14, 305, 12, -300, 774, -5, -57, 1191, 47;
-16, 302, 8, -306, 750, -25, -66, 1180, 35;
-15, 303, 9, -276, 761, -21, -58, 1184, 37;
-9, 308, 14, -206, 813, 9, -35, 1204, 56;
-7, 309, 14, -181, 818, 10, -30, 1206, 57;
-6, 310, 15, -151, 828, 14, -23, 1209, 59;
-2, 312, 17, -104, 854, 29, -9, 1219, 69;
-4, 309, 14, -113, 822, 6, -19, 1206, 54;
0, 313, 17, -55, 859, 29, 0, 1220, 69;
-1, 310, 14, -55, 835, 12, -6, 1210, 58;
-7, 303, 8, -97, 770, -31, -28, 1183, 31;
-1, 308, 12, -29, 815, -2, -6, 1202, 49;
-4, 303, 8, -46, 773, -30, -19, 1184, 31;
1, 308, 13, 25, 820, 0, 4, 1204, 51;
5, 311, 15, 75, 845, 17, 20, 1214, 61;
1, 306, 11, 56, 800, -11, 6, 1196, 43;
3, 307, 12, 89, 806, -6, 14, 1199, 47;
9, 312, 17, 160, 850, 24, 38, 1217, 66;
11, 312, 17, 188, 851, 27, 44, 1218, 67;
7, 306, 12, 163, 798, -5, 28, 1197, 47;
14, 312, 17, 242, 848, 30, 55, 1218, 69;
9, 305, 11, 206, 784, -9, 35, 1192, 45;
15, 311, 17, 282, 831, 25, 61, 1213, 66;
11, 304, 11, 252, 772, -10, 43, 1189, 44;
18, 310, 17, 334, 824, 28, 72, 1212, 68;
17, 308, 15, 339, 800, 15, 68, 1202, 60;
21, 310, 17, 384, 814, 30, 81, 1210, 69;
16, 304, 12, 354, 754, -5, 64, 1186, 47;
20, 306, 15, 404, 773, 12, 79, 1195, 58;
18, 302, 12, 397, 736, -6, 71, 1181, 46;
19, 302, 12, 423, 730, -4, 77, 1180, 48;
23, 304, 14, 469, 745, 11, 91, 1188, 58;
23, 303, 13, 482, 727, 5, 92, 1182, 54;
21, 299, 10, 473, 686, -14, 83, 1167, 41;
27, 303, 16, 544, 725, 18, 107, 1184, 62;
20, 295, 8, 491, 641, -30, 81, 1151, 32;
27, 300, 13, 566, 683, 5, 107, 1171, 54;
26, 298, 12, 571, 656, -4, 105, 1162, 48;
32, 301, 16, 631, 684, 22, 125, 1175, 64;
34, 301, 17, 661, 681, 29, 133, 1176, 69;
33, 299, 16, 666, 655, 20, 131, 1168, 63;
26, 290, 8, 607, 563, -31, 102, 1132, 31;
29, 291, 9, 644, 568, -19, 113, 1136, 38;
31, 291, 11, 672, 564, -12, 121, 1137, 43;
38, 297, 17, 749, 609, 27, 149, 1158, 68;
32, 289, 11, 706, 534, -12, 127, 1129, 43;
37, 292, 14, 757, 553, 10, 144, 1140, 57;
32, 286, 9, 725, 490, -21, 127, 1116, 37;
41, 293, 17, 818, 551, 30, 163, 1144, 69;
34, 284, 10, 762, 464, -17, 136, 1111, 40;
41, 290, 16, 835, 505, 21, 163, 1131, 64;
43, 289, 17, 854, 494, 25, 168, 1129, 66;
37, 281, 10, 807, 416, -15, 145, 1099, 41;
37, 280, 10, 814, 393, -19, 145, 1093, 39;
46, 287, 18, 903, 451, 32, 179, 1120, 70;
43, 282, 14, 885, 403, 11, 169, 1103, 58;
45, 283, 16, 913, 401, 22, 178, 1105, 65;
40, 276, 10, 865, 324, -16, 156, 1076, 41;
48, 282, 18, 946, 377, 31, 187, 1101, 70;
48, 281, 18, 956, 357, 31, 189, 1096, 70;
49, 280, 18, 966, 339, 31, 191, 1092, 70;
48, 277, 17, 964, 309, 24, 188, 1083, 66;
46, 274, 14, 951, 269, 10, 181, 1069, 57;
42, 268, 10, 914, 204, -19, 163, 1046, 39;
49, 274, 17, 990, 255, 27, 194, 1070, 68;
44, 267, 12, 946, 184, -6, 174, 1044, 47;
43, 264, 10, 936, 148, -16, 168, 1032, 40;
50, 270, 17, 1004, 191, 25, 196, 1053, 66;
44, 262, 10, 950, 113, -13, 172, 1025, 42;
41, 258, 8, 928, 67, -30, 162, 1009, 32;
48, 263, 14, 991, 106, 9, 188, 1028, 56;
50, 264, 16, 1013, 105, 22, 196, 1031, 64;
48, 260, 14, 993, 63, 8, 188, 1017, 56;
48, 259, 14, 994, 42, 7, 187, 1012, 55;
43, 253, 9, 947, -25, -24, 168, 987, 35;
46, 255, 12, 977, -16, -4, 180, 994, 48;
47, 255, 13, 990, -23, 5, 186, 995, 54;
49, 255, 15, 1008, -24, 17, 194, 998, 62;
49, 254, 15, 1005, -46, 17, 193, 992, 61;
42, 246, 8, 937, -132, -26, 165, 960, 34;
49, 251, 15, 999, -87, 16, 192, 982, 61;
44, 245, 11, 951, -152, -12, 173, 959, 43;
43, 244, 10, 942, -176, -15, 170, 952, 41;
47, 247, 14, 978, -156, 11, 186, 963, 58;
49, 247, 16, 991, -157, 23, 193, 966, 65;
43, 240, 11, 930, -232, -12, 169, 939, 43;
49, 246, 17, 987, -189, 29, 194, 960, 69;
46, 242, 15, 954, -234, 12, 182, 944, 58;
47, 241, 15, 953, -246, 17, 183, 943, 61;
41, 235, 10, 896, -314, -15, 162, 917, 41;
46, 239, 15, 936, -285, 17, 180, 933, 61;
41, 233, 11, 884, -346, -10, 161, 911, 44;
40, 232, 11, 871, -367, -12, 158, 905, 43;
41, 232, 12, 874, -372, -3, 161, 906, 48;
43, 233, 14, 885, -367, 12, 169, 911, 58;
35, 225, 8, 809, -450, -31, 140, 880, 31;
39, 228, 12, 836, -428, -4, 154, 892, 48;
43, 231, 16, 863, -405, 22, 168, 904, 64;
43, 231, 17, 857, -416, 26, 169, 903, 67;
35, 222, 9, 772, -503, -20, 137, 869, 38;
40, 227, 15, 815, -463, 17, 158, 889, 62;
31, 219, 7, 725, -554, -32, 124, 854, 31;
32, 218, 8, 718, -562, -26, 124, 853, 34;
33, 220, 11, 726, -553, -10, 132, 859, 44;
31, 218, 10, 698, -580, -17, 124, 851, 39;
32, 218, 11, 691, -585, -11, 125, 851, 44;
37, 224, 17, 737, -536, 30, 148, 874, 70;
29, 215, 10, 646, -624, -17, 114, 840, 39;
30, 216, 12, 649, -616, -3, 120, 845, 48;
27, 213, 9, 607, -654, -19, 106, 832, 38;
28, 214, 11, 605, -649, -7, 110, 836, 46;
28, 214, 13, 598, -650, 0, 111, 838, 51;
32, 218, 17, 623, -617, 30, 126, 853, 69;
25, 212, 11, 545, -686, -7, 99, 827, 46;
25, 212, 13, 538, -685, 0, 100, 829, 51;
21, 208, 10, 489, -725, -18, 84, 815, 39;
28, 215, 17, 539, -664, 29, 110, 842, 69;
22, 210, 13, 475, -716, 1, 89, 822, 51;
17, 205, 8, 409, -770, -28, 66, 801, 33;
23, 212, 16, 458, -709, 18, 91, 828, 62;
15, 205, 9, 372, -780, -23, 61, 800, 36;
17, 207, 12, 375, -763, -6, 67, 808, 47;
12, 202, 8, 316, -807, -30, 48, 791, 32;
14, 206, 11, 326, -782, -8, 58, 803, 45;
17, 209, 15, 341, -750, 17, 69, 817, 61;
15, 207, 14, 305, -769, 8, 59, 810, 56;
15, 209, 16, 297, -759, 19, 61, 815, 62;
13, 207, 14, 257, -780, 8, 51, 807, 56;
7, 202, 10, 193, -826, -18, 29, 790, 39;
12, 208, 16, 227, -772, 20, 49, 813, 63;
6, 203, 11, 156, -822, -10, 25, 792, 44;
7, 204, 13, 147, -810, 0, 27, 798, 50;
8, 206, 15, 143, -792, 13, 31, 806, 59;
8, 207, 16, 132, -781, 22, 32, 811, 64;
1, 202, 11, 57, -833, -10, 7, 789, 44;
0, 202, 11, 31, -836, -11, 1, 789, 43;
2, 205, 14, 34, -809, 6, 8, 800, 55;
1, 205, 14, 14, -805, 9, 5, 802, 56;
1, 207, 16, 3, -791, 18, 6, 807, 62;
-7, 199, 7, -97, -867, -32, -29, 776, 30;
0, 208, 17, -34, -778, 26, 2, 812, 67;
-8, 200, 8, -137, -854, -26, -34, 780, 34;
-10, 199, 8, -170, -860, -31, -42, 778, 31;
-1, 209, 18, -98, -761, 32, -7, 818, 71;
-4, 208, 16, -136, -771, 23, -17, 813, 65;
-10, 204, 12, -202, -809, -4, -39, 797, 48;
-8, 207, 14, -203, -781, 11, -34, 808, 57;
-10, 206, 13, -236, -786, 5, -42, 805, 54;
-11, 207, 14, -258, -779, 6, -46, 807, 54;
-15, 205, 12, -301, -792, -6, -58, 801, 46;
-14, 207, 13, -312, -773, 1, -57, 808, 52;
-16, 207, 12, -341, -772, -1, -64, 807, 49;
-17, 207, 12, -362, -762, 0, -67, 810, 50;
-17, 209, 13, -377, -746, 4, -68, 815, 54;
-17, 210, 14, -393, -731, 9, -70, 820, 56;
-17, 212, 16, -396, -703, 22, -66, 830, 64;
-17, 213, 16, -415, -691, 24, -69, 833, 65;
-20, 213, 15, -450, -695, 15, -78, 830, 60;
-21, 213, 15, -472, -685, 15, -83, 833, 60;
-21, 215, 16, -483, -664, 22, -82, 840, 64;
-30, 208, 8, -580, -729, -28, -118, 811, 33;
-23, 216, 16, -529, -646, 18, -92, 843, 62;
-31, 209, 8, -617, -702, -26, -124, 818, 34;
-23, 220, 18, -549, -602, 32, -91, 858, 70;
-26, 218, 15, -590, -611, 17, -104, 852, 62;
-28, 218, 15, -614, -602, 14, -109, 853, 60;
-28, 220, 16, -624, -581, 20, -109, 860, 63;
-27, 222, 17, -632, -557, 26, -108, 868, 67;
-33, 218, 12, -693, -585, -1, -130, 853, 49;
-34, 219, 12, -712, -572, -2, -133, 857, 49;
-35, 219, 11, -736, -564, -7, -139, 857, 46;
-35, 222, 13, -740, -536, 1, -137, 866, 51;
-35, 224, 14, -747, -511, 7, -136, 874, 55;
-37, 223, 12, -777, -510, -2, -146, 872, 49;
-36, 226, 14, -775, -477, 8, -141, 883, 56;
-42, 222, 9, -839, -510, -24, -164, 867, 35;
-39, 227, 12, -818, -457, 0, -152, 885, 50;
-39, 229, 13, -824, -432, 4, -152, 893, 53;
-37, 232, 15, -817, -395, 17, -146, 905, 61;
-40, 231, 13, -851, -399, 2, -157, 901, 52;
-43, 229, 10, -887, -405, -13, -170, 895, 42;
-46, 228, 9, -916, -405, -25, -179, 893, 35;
-47, 229, 8, -934, -393, -29, -184, 894, 32;
-44, 234, 11, -910, -340, -7, -172, 913, 46;
-40, 239, 16, -878, -279, 21, -156, 935, 64;
-41, 240, 15, -896, -270, 14, -162, 936, 60;
-46, 236, 10, -947, -292, -13, -181, 923, 42;
-47, 237, 10, -958, -276, -15, -184, 927, 41;
-45, 241, 13, -942, -233, 0, -175, 941, 50;
-45, 243, 13, -946, -211, 1, -176, 947, 52;
-40, 249, 18, -908, -146, 31, -158, 971, 70;
-45, 245, 13, -959, -171, 1, -178, 957, 51;
-41, 251, 17, -920, -108, 30, -161, 980, 69;
-48, 245, 10, -993, -155, -15, -190, 957, 41;
-46, 249, 13, -971, -109, 2, -180, 973, 52;
-50, 246, 9, -1011, -126, -22, -196, 962, 36;
-49, 249, 10, -1002, -94, -15, -192, 972, 41;
-44, 256, 15, -954, -24, 18, -171, 998, 62;
-42, 258, 17, -941, 10, 27, -166, 1009, 68;
-44, 258, 15, -959, 14, 16, -173, 1007, 61;
-47, 256, 12, -984, 8, 0, -184, 1001, 50;
-48, 257, 11, -995, 18, -8, -188, 1002, 45;
-49, 256, 10, -1009, 23, -18, -194, 1001, 39;
-45, 262, 14, -969, 82, 7, -178, 1022, 55;
-44, 264, 15, -958, 110, 12, -174, 1030, 58;
-46, 264, 13, -968, 118, 3, -179, 1030, 53;
-45, 266, 14, -958, 145, 8, -176, 1038, 55;
-50, 261, 8, -1008, 110, -28, -197, 1020, 33;
-41, 272, 17, -917, 217, 29, -161, 1061, 69;
-40, 273, 17, -909, 239, 30, -159, 1067, 70;
-40, 275, 18, -900, 262, 32, -156, 1073, 71;
-48, 267, 9, -978, 198, -23, -190, 1043, 36;
-39, 277, 18, -888, 300, 31, -155, 1082, 70;
-47, 270, 9, -960, 239, -22, -186, 1054, 37;
-42, 276, 14, -904, 306, 9, -165, 1078, 56;
-40, 279, 16, -878, 342, 20, -156, 1090, 63;
-38, 281, 17, -860, 370, 26, -151, 1098, 67;
-41, 279, 13, -883, 354, 4, -163, 1089, 53;
-37, 283, 17, -840, 406, 25, -147, 1107, 66;
-45, 277, 9, -900, 352, -22, -175, 1082, 37;
-45, 278, 8, -894, 365, -25, -175, 1084, 35;
-39, 283, 13, -839, 425, 2, -155, 1106, 52;
-42, 281, 9, -861, 408, -20, -167, 1096, 38;
-38, 286, 13, -809, 463, 4, -149, 1116, 54;
-41, 283, 9, -834, 441, -21, -163, 1104, 37;
-32, 292, 17, -742, 536, 30, -128, 1140, 70;
-35, 290, 14, -757, 521, 10, -137, 1132, 57;
-31, 294, 18, -710, 569, 31, -121, 1149, 70;
-30, 295, 18, -693, 586, 31, -118, 1153, 70;
-30, 295, 16, -689, 589, 23, -120, 1152, 65;
-33, 292, 13, -708, 568, 0, -132, 1141, 50;
-30, 296, 15, -668, 606, 15, -119, 1154, 60;
-28, 298, 16, -636, 634, 24, -110, 1163, 66;
-33, 293, 11, -674, 592, -12, -130, 1144, 42;
-30, 295, 12, -641, 620, -3, -120, 1153, 49;
-26, 300, 16, -587, 667, 19, -102, 1170, 63;
-28, 298, 13, -593, 655, 2, -109, 1163, 52;
-31, 295, 9, -610, 631, -21, -121, 1151, 37;
-28, 298, 11, -571, 661, -8, -109, 1162, 45;
-23, 302, 15, -516, 707, 14, -91, 1179, 59;
-25, 299, 12, -525, 688, -5, -100, 1169, 47;
-20, 305, 16, -462, 740, 21, -78, 1189, 64;
-21, 303, 14, -458, 733, 10, -81, 1185, 57;
-17, 307, 17, -409, 770, 28, -66, 1198, 68;
-25, 298, 8, -477, 689, -31, -99, 1163, 31;
-22, 300, 9, -438, 714, -20, -88, 1172, 38;
-18, 304, 12, -389, 749, -3, -73, 1185, 49;
-18, 304, 12, -368, 755, -4, -70, 1186, 48;
-19, 301, 9, -373, 735, -22, -77, 1177, 36;
-20, 300, 7, -363, 728, -31, -78, 1173, 31;
-18, 302, 8, -331, 743, -26, -70, 1178, 34;
-10, 309, 15, -242, 814, 17, -39, 1207, 61;
-14, 304, 10, -269, 768, -16, -56, 1186, 40;
-10, 307, 13, -220, 799, 0, -40, 1198, 51;
-13, 303, 9, -234, 765, -25, -52, 1183, 35;
-10, 305, 10, -193, 785, -14, -40, 1191, 42;
-2, 312, 17, -108, 849, 26, -11, 1217, 67;
-6, 308, 12, -125, 810, -1, -24, 1201, 49;
-1, 311, 16, -67, 847, 21, -5, 1215, 64;
0, 311, 16, -42, 849, 21, 0, 1216, 64;
-4, 306, 10, -69, 798, -13, -17, 1195, 42;
0, 310, 14, -7, 836, 11, 2, 1210, 57;