4, 313, 17, 42, 862, 28, 17, 1221, 68;
0, 307, 11, 14, 809, -6, 0, 1199, 46;
-2, 303, 7, 0, 770, -32, -10, 1183, 30;
8, 313, 18, 122, 866, 32, 34, 1223, 71;
0, 304, 9, 61, 778, -24, 3, 1187, 35;
1, 303, 8, 77, 767, -30, 3, 1183, 31;
10, 311, 16, 182, 844, 22, 41, 1215, 65;
9, 309, 14, 185, 820, 9, 37, 1206, 56;
12, 310, 15, 221, 827, 16, 46, 1210, 61;
15, 312, 18, 269, 847, 32, 61, 1218, 71;
9, 305, 11, 226, 775, -11, 38, 1190, 43;
9, 303, 9, 235, 755, -22, 36, 1182, 37;
9, 301, 8, 248, 738, -29, 36, 1176, 32;
15, 306, 13, 317, 777, 0, 59, 1193, 51;
18, 307, 15, 357, 788, 12, 71, 1199, 58;
17, 304, 12, 359, 759, -1, 66, 1188, 49;
18, 304, 13, 385, 755, 0, 72, 1188, 51;
24, 308, 17, 450, 788, 28, 93, 1203, 68;
23, 306, 16, 459, 766, 19, 92, 1195, 63;
21, 302, 12, 450, 726, 0, 83, 1180, 50;
26, 306, 17, 512, 756, 25, 104, 1194, 66;
19, 297, 9, 457, 670, -25, 76, 1160, 35;
25, 301, 13, 521, 701, 2, 98, 1175, 52;
22, 297, 10, 509, 659, -18, 88, 1159, 39;
25, 298, 11, 544, 661, -8, 98, 1162, 45;
26, 297, 11, 566, 651, -7, 103, 1160, 46;
24, 294, 9, 563, 616, -22, 97, 1147, 36;
27, 295, 11, 601, 622, -10, 108, 1152, 44;
32, 298, 15, 656, 644, 13, 126, 1163, 59;
26, 290, 7, 606, 562, -32, 102, 1131, 30;
35, 298, 16, 706, 631, 22, 139, 1162, 64;
28, 288, 8, 646, 538, -29, 110, 1126, 32;
31, 290, 10, 686, 546, -14, 122, 1132, 41;
37, 294, 16, 755, 583, 20, 147, 1150, 63;
32, 287, 9, 712, 508, -19, 126, 1121, 38;
33, 287, 10, 735, 500, -14, 132, 1120, 41;
38, 289, 14, 784, 517, 7, 148, 1130, 55;
33, 283, 8, 745, 446, -28, 129, 1104, 33;
42, 290, 17, 841, 511, 25, 165, 1133, 66;
41, 287, 15, 839, 479, 15, 161, 1122, 60;
39, 284, 12, 829, 437, 0, 154, 1108, 50;
36, 279, 9, 805, 384, -25, 141, 1089, 35;
38, 279, 10, 829, 377, -17, 148, 1089, 39;
41, 280, 12, 866, 384, 0, 161, 1095, 50;
38, 275, 9, 841, 329, -25, 148, 1075, 35;
46, 282, 16, 922, 381, 21, 179, 1100, 64;
47, 281, 17, 942, 372, 27, 185, 1099, 68;
44, 277, 14, 923, 324, 8, 175, 1082, 56;
39, 270, 8, 880, 253, -25, 155, 1056, 35;
47, 277, 16, 957, 302, 20, 185, 1080, 63;
41, 269, 9, 906, 224, -19, 162, 1050, 38;
49, 275, 17, 981, 271, 25, 191, 1073, 66;
46, 270, 13, 956, 220, 4, 179, 1055, 53;
41, 265, 9, 920, 158, -23, 163, 1033, 36;
50, 272, 17, 1006, 219, 30, 198, 1061, 69;
47, 267, 14, 977, 164, 7, 184, 1042, 55;
48, 267, 15, 992, 155, 14, 190, 1042, 60;
48, 265, 14, 987, 126, 9, 187, 1033, 56;
43, 259, 9, 947, 62, -20, 169, 1010, 38;
42, 256, 8, 935, 27, -29, 164, 999, 32;
46, 259, 13, 981, 51, 0, 182, 1012, 50;
43, 254, 9, 950, -1, -21, 170, 994, 37;
45, 255, 11, 970, -2, -8, 178, 997, 45;
43, 252, 9, 952, -41, -21, 170, 984, 37;
47, 254, 13, 983, -30, 0, 183, 992, 51;
44, 251, 11, 962, -70, -12, 175, 979, 42;
46, 251, 12, 978, -72, 0, 182, 981, 50;
41, 245, 7, 929, -140, -31, 162, 957, 31;
44, 247, 11, 955, -131, -12, 173, 964, 43;
51, 252, 17, 1016, -86, 30, 200, 986, 70;
50, 250, 17, 1004, -114, 25, 196, 977, 67;
45, 245, 12, 959, -175, -1, 178, 955, 50;
45, 244, 13, 956, -193, 0, 178, 952, 51;
48, 245, 15, 974, -188, 16, 187, 957, 61;
43, 239, 11, 924, -251, -12, 168, 934, 43;
49, 244, 17, 977, -211, 27, 191, 954, 68;
44, 239, 13, 928, -271, 0, 173, 932, 51;
40, 234, 9, 883, -327, -23, 156, 912, 36;
39, 232, 9, 872, -349, -25, 154, 906, 35;
45, 237, 15, 919, -311, 12, 175, 925, 58;
45, 237, 16, 920, -318, 20, 178, 925, 63;
40, 231, 11, 868, -378, -7, 159, 904, 46;
42, 232, 13, 876, -377, 5, 165, 907, 54;
39, 229, 12, 846, -413, -6, 155, 895, 47;
42, 231, 14, 859, -405, 10, 164, 901, 57;
37, 225, 10, 805, -464, -16, 144, 880, 40;
37, 225, 11, 802, -471, -9, 146, 880, 44;
35, 222, 9, 772, -504, -20, 137, 869, 38;
42, 229, 17, 832, -445, 29, 165, 896, 69;
40, 227, 16, 805, -474, 21, 157, 887, 64;
32, 219, 9, 720, -560, -25, 125, 854, 35;
39, 226, 17, 784, -495, 28, 155, 883, 68;
33, 219, 11, 709, -569, -10, 128, 855, 44;
30, 217, 10, 680, -596, -18, 120, 846, 39;
37, 223, 17, 733, -540, 28, 146, 872, 68;
32, 218, 13, 678, -592, 3, 127, 853, 53;
35, 221, 17, 696, -569, 27, 139, 865, 68;
33, 219, 16, 665, -596, 19, 130, 856, 62;
27, 213, 11, 598, -657, -12, 107, 833, 43;
23, 210, 8, 553, -695, -29, 92, 819, 32;
30, 217, 15, 605, -635, 18, 119, 846, 62;
23, 210, 9, 528, -704, -19, 91, 819, 38;
28, 215, 16, 568, -655, 20, 112, 841, 63;
23, 211, 12, 509, -704, -4, 93, 823, 47;
25, 213, 14, 512, -691, 11, 99, 830, 57;
27, 215, 17, 515, -676, 27, 105, 838, 68;
23, 212, 15, 472, -707, 13, 92, 827, 59;
24, 213, 17, 470, -696, 27, 97, 833, 67;
14, 203, 8, 360, -792, -31, 56, 795, 31;
23, 213, 17, 429, -709, 29, 90, 830, 69;
19, 209, 15, 380, -743, 12, 75, 818, 58;
20, 211, 16, 374, -733, 23, 78, 823, 65;
11, 203, 9, 280, -811, -23, 44, 792, 36;
14, 207, 13, 297, -776, 3, 56, 807, 53;
16, 210, 17, 306, -750, 25, 65, 819, 66;
11, 205, 12, 242, -796, -1, 44, 801, 50;
10, 205, 13, 223, -795, 1, 42, 802, 52;
9, 205, 13, 197, -801, 0, 37, 800, 51;
6, 202, 11, 152, -826, -12, 24, 791, 43;
3, 201, 9, 115, -843, -21, 14, 784, 37;
9, 208, 16, 156, -779, 22, 36, 811, 64;
5, 204, 13, 102, -811, 2, 19, 798, 52;
6, 207, 16, 104, -787, 20, 26, 809, 63;
0, 201, 10, 25, -842, -15, 0, 786, 41;
6, 209, 18, 72, -771, 31, 24, 815, 70;
1, 205, 14, 9, -810, 6, 3, 800, 54;
1, 206, 15, -2, -797, 14, 4, 805, 60;
-7, 199, 8, -95, -864, -30, -28, 777, 31;
-4, 203, 11, -84, -828, -7, -18, 792, 46;
-6, 202, 11, -117, -834, -12, -26, 789, 43;
-2, 208, 16, -86, -776, 24, -7, 812, 66;
-9, 202, 10, -172, -834, -16, -37, 788, 40;
-7, 205, 13, -165, -800, 4, -29, 801, 53;
-5, 209, 17, -155, -762, 27, -19, 817, 67;
-6, 209, 17, -182, -760, 25, -25, 817, 66;
-7, 210, 17, -203, -753, 27, -28, 819, 67;
-14, 204, 11, -281, -801, -8, -55, 798, 45;
-13, 207, 13, -286, -776, 4, -52, 807, 53;
-12, 209, 15, -295, -756, 13, -50, 815, 59;
-13, 210, 15, -312, -742, 17, -52, 819, 61;
-18, 206, 11, -373, -773, -7, -72, 805, 46;
-16, 210, 15, -365, -735, 12, -63, 820, 58;
-21, 207, 11, -423, -761, -10, -82, 807, 44;
-19, 210, 14, -418, -725, 7, -75, 821, 55;
-22, 209, 12, -459, -735, -5, -87, 815, 47;
-25, 207, 10, -498, -742, -16, -98, 811, 40;
-28, 206, 8, -541, -754, -30, -111, 804, 31;
-27, 209, 10, -541, -722, -16, -106, 816, 40;
-26, 211, 12, -545, -694, -5, -103, 825, 47;
-25, 214, 13, -550, -667, 5, -100, 835, 54;
-32, 209, 8, -619, -704, -27, -125, 817, 33;
-31, 212, 10, -623, -676, -17, -122, 827, 40;
-27, 217, 14, -600, -621, 11, -108, 848, 57;
-29, 217, 14, -623, -612, 8, -113, 849, 56;
-35, 212, 8, -697, -654, -28, -139, 830, 33;
-36, 214, 8, -712, -637, -26, -141, 835, 34;
-34, 217, 11, -703, -595, -8, -133, 849, 45;
-29, 224, 17, -670, -530, 25, -116, 874, 66;
-33, 222, 14, -711, -539, 9, -129, 868, 56;
-37, 220, 11, -758, -554, -11, -145, 859, 44;
-33, 226, 16, -729, -494, 18, -129, 881, 62;
-41, 219, 8, -813, -546, -26, -160, 857, 34;
-38, 224, 12, -796, -498, -5, -150, 874, 47;
-38, 225, 12, -806, -477, -2, -151, 880, 49;
-44, 222, 8, -864, -503, -31, -171, 866, 31;
-40, 227, 12, -838, -447, -5, -158, 887, 47;
-36, 233, 16, -807, -385, 24, -142, 910, 66;
-41, 230, 12, -860, -408, -3, -161, 897, 48;
-41, 232, 13, -863, -381, 2, -160, 905, 52;
-40, 234, 14, -865, -353, 9, -158, 914, 56;
-37, 238, 17, -845, -304, 29, -147, 931, 69;
-40, 237, 15, -876, -306, 16, -157, 927, 60;
-45, 234, 11, -927, -329, -11, -177, 915, 43;
-44, 237, 12, -923, -297, -3, -173, 925, 48;
-44, 238, 12, -933, -278, -3, -175, 929, 48;
-42, 242, 15, -915, -233, 13, -166, 945, 59;
-48, 237, 9, -976, -267, -22, -189, 927, 37;
-50, 238, 8, -993, -257, -29, -195, 928, 32;
-44, 245, 14, -940, -178, 10, -171, 958, 57;
-42, 248, 16, -932, -144, 19, -167, 968, 63;
-48, 243, 10, -992, -179, -17, -191, 950, 40;
-48, 245, 11, -988, -151, -12, -188, 959, 43;
-46, 248, 12, -976, -115, -1, -182, 970, 50;
-50, 246, 9, -1013, -128, -24, -197, 962, 35;
-50, 247, 9, -1017, -110, -25, -198, 966, 35;
-46, 253, 13, -976, -46, 3, -181, 989, 52;
-51, 250, 8, -1024, -72, -27, -200, 975, 33;
-49, 253, 10, -1006, -33, -15, -192, 988, 41;
-48, 255, 11, -1001, -7, -11, -190, 995, 43;
-49, 255, 10, -1007, 6, -16, -193, 997, 40;
-52, 254, 7, -1029, 3, -31, -202, 993, 31;
-50, 257, 9, -1014, 37, -22, -196, 1003, 36;
-50, 258, 9, -1013, 56, -24, -197, 1007, 35;
-48, 261, 10, -996, 90, -14, -191, 1018, 41;
-44, 267, 15, -949, 153, 13, -172, 1041, 59;
-47, 264, 11, -978, 141, -8, -185, 1033, 45;
-42, 270, 16, -932, 202, 19, -167, 1055, 63;
-47, 266, 10, -975, 173, -13, -186, 1039, 42;
-44, 271, 14, -939, 223, 6, -173, 1057, 55;
-50, 266, 8, -989, 186, -31, -195, 1038, 31;
-40, 276, 17, -894, 294, 27, -157, 1079, 67;
-42, 275, 14, -913, 286, 9, -167, 1073, 56;
-45, 273, 11, -932, 278, -9, -177, 1066, 45;
-38, 280, 17, -865, 355, 29, -151, 1095, 69;
-42, 278, 13, -892, 337, 4, -164, 1085, 54;
-45, 276, 10, -914, 324, -16, -176, 1076, 40;
-41, 279, 13, -878, 368, 0, -163, 1091, 51;
-44, 277, 9, -899, 353, -21, -175, 1082, 37;
-42, 280, 11, -874, 385, -12, -167, 1092, 43;
-36, 286, 16, -811, 453, 21, -143, 1118, 64;
-40, 283, 12, -840, 429, -6, -158, 1105, 46;
-38, 285, 13, -813, 460, 2, -150, 1115, 52;
-35, 289, 15, -778, 498, 16, -139, 1128, 61;
-34, 291, 16, -755, 522, 21, -133, 1135, 64;
-40, 284, 9, -808, 471, -23, -158, 1111, 36;
-40, 285, 9, -795, 484, -25, -157, 1114, 35;
-38, 287, 10, -768, 511, -17, -149, 1122, 39;
-38, 288, 9, -758, 520, -22, -149, 1123, 37;
-30, 295, 16, -677, 599, 20, -119, 1154, 63;
-32, 293, 13, -688, 586, 2, -127, 1146, 52;
-34, 292, 10, -695, 575, -14, -134, 1139, 41;
-31, 294, 12, -659, 606, -3, -124, 1150, 49;
-32, 294, 10, -656, 604, -13, -127, 1146, 42;
-25, 301, 17, -579, 675, 24, -99, 1174, 66;
-29, 296, 11, -608, 639, -7, -116, 1157, 46;
-28, 297, 11, -588, 652, -7, -112, 1160, 46;
-29, 296, 10, -582, 650, -16, -114, 1157, 40;
-27, 298, 11, -552, 671, -10, -106, 1164, 44;
-28, 297, 9, -547, 666, -20, -109, 1160, 37;
-25, 300, 11, -508, 694, -8, -97, 1170, 45;
-19, 305, 16, -444, 747, 19, -76, 1190, 63;
-25, 299, 9, -484, 695, -21, -97, 1167, 37;
-15, 307, 17, -386, 780, 28, -62, 1201, 68;
-21, 302, 11, -424, 728, -11, -83, 1178, 43;
-20, 301, 10, -408, 730, -15, -81, 1177, 41;
-20, 302, 10, -387, 736, -16, -78, 1179, 40;
-12, 308, 16, -306, 802, 21, -49, 1204, 64;
-16, 304, 11, -326, 765, -7, -63, 1188, 46;
-18, 301, 8, -335, 739, -29, -72, 1176, 32;
-7, 311, 18, -220, 836, 31, -30, 1215, 70;
-9, 309, 15, -224, 813, 13, -37, 1205, 59;
-10, 307, 13, -219, 800, 1, -40, 1199, 51;
-14, 302, 8, -240, 758, -29, -55, 1181, 32;
-4, 312, 17, -132, 846, 26, -15, 1216, 67;
-9, 305, 10, -168, 789, -13, -36, 1192, 42;
-10, 303, 8, -170, 766, -31, -42, 1182, 31;
-8, 304, 8, -136, 777, -25, -34, 1186, 35;
1, 313, 18, -26, 864, 31, 5, 1222, 70;
-4, 306, 11, -66, 801, -11, -16, 1196, 43;
-6, 303, 7, -73, 771, -32, -24, 1183, 30;
4, 312, 17, 38, 858, 25, 16, 1220, 67;
0, 307, 12, 17, 811, -5, 1, 1200, 47;
0, 305, 9, 18, 787, -20, -3, 1190, 38;
6, 311, 16, 103, 846, 19, 25, 1215, 63;
1, 304, 9, 65, 782, -22, 4, 1188, 37;
0, 303, 8, 76, 766, -31, 3, 1182, 31;
6, 307, 12, 138, 800, -6, 23, 1197, 46;
4, 304, 9, 139, 774, -21, 18, 1187, 37;
9, 307, 13, 197, 804, 0, 37, 1200, 51;
12, 309, 15, 241, 819, 14, 49, 1207, 59;
11, 307, 13, 244, 793, 0, 45, 1197, 50;
11, 305, 11, 257, 777, -7, 45, 1191, 46;
11, 303, 10, 268, 758, -16, 44, 1184, 40;
13, 304, 11, 305, 765, -7, 54, 1188, 46;
17, 307, 14, 355, 785, 10, 69, 1198, 57;
12, 299, 8, 314, 714, -31, 47, 1169, 31;
14, 300, 9, 346, 716, -25, 56, 1171, 35;
21, 306, 15, 427, 765, 13, 84, 1193, 59;
25, 308, 18, 477, 785, 31, 100, 1203, 70;
21, 302, 12, 446, 722, -3, 81, 1178, 48;
27, 307, 18, 520, 764, 31, 107, 1197, 70;
19, 297, 9, 460, 672, -23, 77, 1161, 36;
21, 297, 9, 486, 667, -20, 83, 1160, 38;
23, 297, 10, 514, 663, -15, 90, 1161, 41;
28, 301, 15, 579, 696, 14, 113, 1176, 59;
30, 301, 16, 606, 691, 18, 119, 1176, 62;
31, 300, 15, 623, 676, 17, 122, 1172, 61;
32, 299, 15, 641, 662, 16, 125, 1168, 61;
29, 295, 12, 628, 616, -5, 115, 1152, 47;
27, 291, 9, 618, 574, -24, 107, 1136, 35;
35, 298, 16, 706, 630, 22, 139, 1162, 64;
37, 298, 17, 733, 625, 28, 146, 1162, 68;
38, 297, 17, 753, 613, 29, 150, 1160, 69;
36, 293, 14, 742, 570, 11, 142, 1144, 58;
30, 285, 7, 693, 489, -32, 118, 1113, 30;
33, 287, 10, 734, 498, -15, 131, 1120, 41;
41, 292, 17, 813, 546, 26, 160, 1142, 67;
42, 292, 17, 832, 533, 29, 165, 1140, 69;
36, 284, 11, 784, 455, -12, 142, 1110, 43;
42, 289, 16, 852, 492, 23, 167, 1128, 65;
38, 282, 11, 814, 423, -10, 148, 1102, 44;
43, 286, 16, 877, 455, 22, 171, 1118, 65;
39, 280, 11, 837, 385, -12, 152, 1092, 43;
38, 278, 10, 842, 360, -16, 151, 1085, 40;
46, 284, 17, 919, 407, 26, 180, 1107, 67;
43, 279, 13, 894, 353, 3, 167, 1088, 52;
46, 280, 16, 932, 362, 21, 181, 1095, 64;
45, 277, 14, 926, 327, 10, 176, 1084, 57;
41, 272, 10, 899, 272, -13, 163, 1064, 42;
39, 269, 8, 886, 231, -27, 155, 1050, 33;
40, 267, 8, 891, 209, -29, 156, 1044, 32;
45, 271, 13, 946, 237, 2, 177, 1059, 52;
48, 273, 16, 981, 245, 21, 190, 1066, 64;
41, 264, 9, 918, 157, -24, 163, 1032, 35;
50, 271, 17, 1003, 215, 28, 196, 1060, 68;
45, 265, 11, 955, 143, -6, 175, 1033, 46;
45, 264, 12, 964, 127, -4, 178, 1030, 48;
47, 264, 13, 979, 118, 3, 184, 1030, 53;
51, 266, 17, 1017, 132, 26, 198, 1039, 67;
47, 261, 13, 982, 74, 1, 183, 1019, 52;
43, 256, 9, 948, 18, -22, 169, 999, 37;
49, 260, 15, 1003, 51, 13, 191, 1016, 59;
47, 257, 13, 991, 18, 5, 186, 1005, 54;
47, 256, 13, 989, -4, 4, 186, 1000, 53;
43, 251, 9, 950, -63, -21, 170, 978, 37;
43, 249, 9, 946, -86, -23, 168, 972, 36;
46, 251, 12, 973, -78, -4, 180, 979, 48;
46, 250, 12, 973, -96, -2, 180, 975, 49;
42, 244, 8, 933, -153, -26, 165, 955, 34;
44, 245, 10, 950, -152, -13, 172, 958, 42;
46, 246, 13, 968, -151, 1, 181, 962, 51;
48, 247, 15, 985, -149, 16, 189, 966, 61;
49, 248, 17, 993, -156, 25, 193, 967, 66;
46, 243, 14, 959, -204, 6, 181, 950, 54;
42, 238, 10, 916, -260, -17, 164, 930, 39;
48, 243, 16, 970, -218, 23, 188, 951, 65;
39, 234, 8, 884, -315, -28, 155, 914, 33;
41, 234, 10, 892, -318, -17, 160, 916, 40;
40, 233, 10, 884, -336, -16, 159, 912, 40;
39, 231, 9, 865, -364, -23, 153, 903, 36;
40, 231, 10, 868, -370, -14, 157, 904, 42;
43, 234, 14, 890, -356, 7, 168, 913, 55;
41, 232, 13, 870, -382, 2, 163, 905, 52;
45, 235, 17, 898, -361, 28, 177, 917, 68;
42, 231, 15, 865, -399, 14, 166, 904, 60;
38, 227, 12, 820, -448, -6, 150, 886, 46;
43, 232, 17, 862, -411, 30, 171, 905, 69;
35, 222, 9, 772, -504, -20, 137, 869, 38;
40, 228, 16, 817, -461, 19, 158, 889, 62;
39, 227, 16, 801, -478, 18, 155, 885, 62;
31, 218, 8, 716, -564, -27, 124, 852, 33;
34, 221, 12, 736, -543, -3, 136, 863, 48;
30, 216, 8, 686, -592, -25, 119, 846, 34;
29, 215, 8, 666, -610, -28, 114, 841, 33;
30, 216, 10, 662, -611, -19, 117, 843, 39;
35, 221, 16, 706, -564, 22, 139, 865, 64;
32, 218, 14, 669, -597, 9, 128, 853, 56;
27, 213, 9, 605, -655, -20, 105, 831, 38;
25, 211, 9, 580, -675, -24, 99, 825, 35;
23, 209, 8, 550, -698, -31, 91, 818, 31;
28, 215, 14, 590, -651, 8, 112, 840, 55;
31, 217, 17, 601, -631, 28, 122, 850, 68;
29, 216, 16, 569, -654, 21, 113, 842, 64;
20, 208, 9, 479, -734, -24, 81, 811, 35;
26, 214, 16, 525, -677, 20, 105, 836, 63;
20, 208, 10, 452, -739, -13, 79, 812, 42;
23, 211, 14, 467, -712, 10, 90, 825, 57;
24, 213, 17, 471, -696, 27, 97, 833, 68;
14, 203, 8, 360, -793, -31, 56, 794, 31;
15, 205, 10, 357, -781, -17, 60, 801, 39;
14, 205, 10, 340, -784, -14, 58, 801, 41;
16, 208, 13, 345, -763, 4, 65, 811, 53;
15, 207, 13, 317, -774, 1, 59, 807, 51;
18, 210, 17, 332, -742, 26, 71, 822, 67;
7, 201, 8, 221, -835, -31, 30, 784, 31;
11, 205, 12, 241, -797, -2, 44, 801, 49;
10, 205, 12, 219, -800, -1, 40, 800, 50;
5, 201, 9, 158, -841, -25, 20, 784, 35;
4, 200, 8, 132, -846, -26, 15, 782, 34;
2, 200, 8, 108, -850, -26, 11, 781, 34;
8, 207, 16, 151, -784, 19, 34, 809, 62;
7, 207, 16, 127, -786, 19, 30, 809, 62;
0, 200, 9, 40, -851, -22, 0, 782, 37;
1, 203, 12, 39, -828, -6, 5, 792, 46;
4, 207, 16, 55, -788, 20, 17, 809, 63;
0, 203, 12, -3, -823, -2, -1, 794, 49;
1, 206, 15, -1, -796, 15, 4, 805, 60;
2, 209, 17, -3, -772, 30, 9, 815, 70;
0, 208, 17, -31, -774, 28, 3, 814, 68;
-8, 200, 8, -138, -855, -26, -34, 780, 34;
-11, 199, 7, -171, -861, -32, -43, 777, 30;
-7, 204, 12, -150, -813, -1, -28, 797, 49;
-4, 208, 16, -140, -775, 20, -19, 812, 63;
-14, 200, 7, -244, -851, -32, -56, 780, 31;
-13, 202, 9, -251, -829, -20, -53, 788, 38;
-8, 208, 16, -215, -764, 19, -33, 814, 63;
-17, 201, 8, -314, -834, -30, -69, 784, 32;
-17, 202, 9, -328, -819, -24, -69, 790, 35;
-19, 202, 8, -356, -817, -27, -75, 789, 33;
-13, 210, 15, -312, -742, 17, -52, 819, 62;
-18, 206, 12, -370, -770, -5, -71, 806, 47;
-16, 210, 15, -364, -733, 13, -63, 820, 59;
-16, 211, 15, -383, -722, 15, -66, 824, 60;
-25, 204, 8, -472, -779, -28, -97, 799, 33;
-23, 208, 11, -469, -745, -11, -91, 811, 43;
-20, 212, 14, -457, -701, 11, -81, 828, 57;
-27, 207, 9, -528, -741, -22, -106, 810, 37;
-25, 210, 11, -527, -708, -7, -100, 821, 46;
-23, 215, 15, -512, -661, 16, -89, 839, 61;
-27, 212, 12, -561, -678, -2, -105, 830, 49;
-28, 213, 12, -585, -670, -5, -111, 831, 47;
-32, 211, 9, -632, -685, -23, -125, 823, 36;
-31, 213, 11, -636, -657, -12, -123, 833, 42;
-29, 217, 14, -626, -614, 6, -114, 848, 55;
-31, 217, 13, -652, -608, 1, -121, 848, 52;
-33, 217, 12, -681, -606, -5, -129, 847, 47;
-37, 214, 8, -732, -625, -27, -146, 837, 33;
-38, 215, 8, -747, -607, -26, -148, 842, 34;
-30, 225, 17, -687, -515, 25, -119, 877, 66;
-31, 225, 16, -705, -501, 24, -123, 881, 66;
-36, 222, 12, -759, -524, -1, -142, 869, 50;
-39, 221, 10, -795, -528, -14, -153, 865, 41;
-37, 225, 13, -788, -490, 0, -147, 878, 50;
-42, 222, 9, -839, -509, -24, -164, 867, 35;
-34, 231, 17, -777, -417, 26, -136, 902, 67;
-37, 231, 15, -805, -414, 16, -144, 901, 61;
-42, 226, 10, -868, -446, -16, -167, 884, 40;
-41, 229, 12, -864, -412, -5, -163, 895, 47;
-41, 232, 13, -865, -383, 1, -160, 904, 51;
-41, 233, 13, -874, -363, 2, -162, 910, 52;
-43, 233, 12, -898, -357, -5, -169, 909, 47;
-38, 239, 17, -860, -290, 26, -151, 934, 67;
-44, 235, 12, -919, -320, -6, -173, 918, 46;
-39, 242, 17, -877, -250, 27, -154, 944, 68;
-47, 236, 10, -954, -299, -17, -184, 920, 39;
-42, 242, 15, -916, -233, 12, -166, 945, 58;
-47, 238, 10, -968, -259, -17, -186, 931, 40;
-40, 247, 18, -902, -166, 31, -157, 966, 70;
-47, 241, 10, -975, -213, -13, -186, 943, 42;
-42, 249, 16, -925, -137, 24, -164, 971, 65;
-47, 245, 11, -978, -165, -7, -185, 956, 46;
-47, 246, 12, -980, -143, -6, -185, 962, 46;
-42, 253, 17, -936, -74, 25, -165, 987, 66;
-44, 253, 15, -952, -68, 16, -172, 987, 61;
-49, 249, 10, -1002, -94, -14, -191, 972, 41;
-47, 252, 12, -987, -57, -4, -185, 984, 48;
-47, 253, 12, -990, -38, -5, -186, 989, 47;
-45, 257, 14, -968, 5, 10, -177, 1003, 57;
-50, 253, 9, -1019, -25, -23, -198, 987, 36;
-49, 255, 10, -1010, 3, -18, -194, 996, 39;
-50, 256, 10, -1010, 22, -19, -195, 1000, 39;
-46, 260, 13, -980, 71, 0, -182, 1017, 50;
-46, 262, 13, -975, 94, 1, -181, 1023, 51;
-41, 268, 18, -925, 161, 32, -161, 1048, 71;
-50, 260, 8, -1012, 91, -27, -198, 1015, 33;
-46, 265, 12, -973, 146, -4, -183, 1035, 48;
-46, 266, 12, -968, 166, -5, -182, 1040, 47;
-48, 266, 10, -981, 168, -17, -188, 1037, 40;
-48, 267, 10, -977, 185, -18, -188, 1041, 39;
-40, 276, 17, -898, 277, 29, -157, 1076, 69;
-45, 271, 12, -941, 247, -3, -176, 1060, 48;
-40, 277, 17, -889, 311, 25, -157, 1083, 66;
-48, 270, 9, -957, 253, -25, -187, 1056, 35;
-44, 274, 11, -922, 298, -8, -174, 1072, 45;
-41, 279, 15, -881, 349, 12, -159, 1090, 58;
-37, 283, 17, -846, 392, 28, -148, 1104, 68;
-41, 280, 13, -871, 374, 4, -160, 1094, 54;
-41, 281, 13, -865, 388, 1, -160, 1096, 51;
-39, 283, 14, -846, 413, 6, -155, 1104, 54;
-40, 283, 12, -845, 420, -1, -158, 1104, 50;
-40, 284, 12, -833, 436, -2, -156, 1107, 49;
-40, 283, 11, -832, 441, -10, -158, 1107, 44;
-35, 289, 16, -774, 501, 18, -138, 1129, 62;
-42, 282, 8, -834, 444, -30, -166, 1102, 31;
-31, 293, 18, -724, 554, 32, -124, 1146, 71;
-31, 294, 18, -711, 569, 31, -121, 1149, 70;
-40, 286, 8, -785, 494, -29, -156, 1115, 32;
-34, 291, 13, -724, 554, 0, -134, 1138, 51;
-29, 297, 17, -664, 612, 29, -114, 1159, 69;
-31, 295, 14, -676, 597, 9, -122, 1151, 56;
-37, 289, 7, -722, 548, -32, -145, 1128, 30;
-29, 297, 14, -637, 628, 11, -115, 1159, 58;
-28, 298, 15, -617, 643, 12, -110, 1163, 58;
-31, 295, 11, -634, 621, -11, -122, 1151, 43;
-29, 297, 12, -604, 644, -4, -114, 1159, 48;
-25, 301, 15, -553, 687, 16, -97, 1175, 61;
-28, 297, 11, -576, 656, -12, -111, 1160, 43;
-25, 300, 13, -536, 687, 0, -99, 1171, 51;
-25, 300, 12, -520, 694, -2, -97, 1172, 49;
-21, 303, 14, -478, 724, 10, -85, 1182, 57;
-27, 297, 8, -521, 671, -31, -107, 1159, 31;
-18, 305, 15, -426, 753, 16, -73, 1191, 61;
-25, 298, 8, -474, 693, -29, -98, 1165, 32;
-18, 305, 14, -394, 759, 8, -70, 1191, 56;
-19, 303, 12, -391, 747, -4, -74, 1184, 48;
-19, 303, 11, -379, 744, -11, -74, 1182, 43;
-17, 303, 11, -354, 753, -10, -69, 1184, 44;
-14, 306, 14, -305, 786, 6, -54, 1197, 55;
-19, 301, 7, -340, 733, -32, -74, 1174, 30;
-12, 307, 13, -263, 793, 3, -47, 1198, 53;
-12, 305, 11, -256, 781, -8, -50, 1192, 45;
-9, 308, 13, -214, 805, 4, -38, 1201, 53;
-13, 304, 9, -230, 769, -22, -50, 1185, 36;
-3, 312, 17, -126, 852, 30, -13, 1219, 69;
-5, 310, 15, -128, 829, 12, -19, 1209, 58;
-8, 305, 10, -150, 786, -18, -34, 1191, 39;
-3, 309, 13, -90, 823, 5, -15, 1206, 54;
1, 313, 18, -27, 863, 31, 5, 1222, 70;
-2, 308, 12, -53, 814, -2, -10, 1201, 49;
-5, 304, 8, -65, 778, -27, -21, 1186, 34;
3, 312, 16, 31, 851, 21, 13, 1216, 64;
-3, 303, 7, -23, 771, -31, -15, 1183, 31;
6, 312, 16, 84, 853, 23, 23, 1217, 65;
6, 311, 16, 105, 849, 21, 27, 1216, 64;
5, 308, 13, 102, 818, 2, 19, 1204, 52;
10, 312, 17, 162, 852, 26, 39, 1218, 67;
5, 306, 11, 134, 797, -8, 22, 1196, 45;
3, 303, 8, 131, 766, -27, 15, 1183, 34;
11, 310, 15, 219, 826, 15, 46, 1209, 60;
6, 302, 8, 179, 757, -27, 23, 1181, 33;
16, 312, 18, 291, 841, 31, 65, 1217, 70;
17, 311, 17, 311, 831, 28, 67, 1213, 68;
14, 306, 13, 294, 784, 1, 55, 1195, 51;
11, 301, 9, 278, 739, -24, 43, 1177, 35;
11, 300, 8, 293, 723, -30, 44, 1172, 31;
16, 304, 12, 356, 756, -3, 65, 1187, 48;
15, 301, 9, 355, 725, -19, 59, 1175, 38;
14, 298, 7, 359, 697, -32, 56, 1165, 30;
21, 304, 13, 438, 745, 5, 83, 1186, 54;
23, 304, 14, 469, 744, 11, 91, 1188, 58;
27, 307, 18, 521, 765, 31, 108, 1198, 70;
28, 306, 17, 537, 750, 28, 110, 1193, 68;
23, 300, 12, 509, 690, -4, 93, 1170, 47;
24, 298, 11, 525, 674, -8, 95, 1165, 45;
31, 304, 18, 604, 721, 31, 123, 1187, 70;
31, 302, 16, 611, 696, 22, 121, 1178, 64;
33, 302, 17, 643, 696, 30, 130, 1180, 69;
27, 295, 11, 602, 623, -9, 109, 1152, 44;
32, 298, 15, 656, 644, 13, 126, 1163, 59;
30, 294, 12, 646, 602, -5, 118, 1148, 47;
32, 295, 13, 679, 603, 3, 128, 1151, 53;
36, 297, 16, 726, 618, 23, 143, 1159, 65;
34, 292, 13, 710, 570, 1, 133, 1142, 51;
31, 288, 9, 690, 519, -23, 121, 1123, 36;
38, 293, 15, 768, 564, 17, 149, 1144, 61;
40, 294, 17, 801, 565, 28, 159, 1147, 68;
34, 286, 10, 751, 484, -14, 135, 1116, 41;
34, 284, 10, 760, 462, -18, 135, 1110, 39;
34, 282, 9, 768, 438, -22, 135, 1103, 36;
35, 281, 9, 780, 419, -24, 137, 1098, 35;
41, 285, 14, 843, 452, 8, 160, 1114, 56;
44, 287, 17, 886, 464, 28, 175, 1122, 68;
41, 283, 14, 865, 413, 6, 163, 1104, 54;
41, 281, 13, 871, 389, 2, 163, 1097, 52;
43, 281, 14, 890, 378, 7, 168, 1095, 55;
38, 274, 8, 850, 309, -26, 149, 1070, 34;
45, 280, 15, 926, 356, 17, 178, 1093, 61;
44, 276, 13, 916, 317, 4, 172, 1080, 53;
42, 273, 11, 902, 275, -10, 164, 1065, 44;
47, 276, 15, 955, 300, 18, 184, 1079, 62;
49, 277, 17, 980, 298, 30, 193, 1081, 69;
45, 271, 13, 942, 233, 0, 175, 1057, 50;
43, 268, 11, 934, 198, -10, 170, 1046, 44;
50, 273, 17, 999, 237, 29, 196, 1066, 69;
44, 265, 11, 946, 159, -9, 173, 1037, 44;
45, 265, 12, 962, 149, -2, 178, 1036, 49;
42, 261, 9, 937, 100, -21, 167, 1019, 37;
49, 266, 15, 999, 138, 16, 192, 1038, 61;
46, 262, 13, 977, 92, 0, 182, 1023, 51;
41, 255, 8, 932, 24, -31, 163, 998, 31;
46, 259, 12, 979, 49, -1, 182, 1012, 50;
51, 262, 17, 1021, 69, 25, 199, 1023, 66;
44, 254, 10, 956, -16, -17, 172, 991, 39;
47, 256, 13, 987, -6, 2, 185, 999, 52;
43, 251, 9, 953, -60, -19, 171, 980, 38;
43, 249, 9, 949, -83, -21, 169, 973, 37;
48, 253, 14, 995, -55, 10, 189, 988, 57;
46, 250, 13, 977, -92, 0, 182, 977, 51;
47, 250, 14, 985, -101, 7, 186, 976, 55;
50, 251, 17, 1008, -95, 25, 196, 982, 66;
49, 250, 16, 1001, -117, 23, 194, 976, 65;
43, 242, 10, 934, -200, -18, 168, 945, 39;
48, 247, 16, 983, -165, 18, 189, 963, 62;
43, 240, 10, 928, -234, -13, 168, 938, 42;
46, 243, 14, 959, -216, 11, 182, 948, 58;
43, 239, 11, 924, -263, -7, 170, 932, 46;
43, 237, 11, 916, -283, -7, 168, 927, 46;
43, 237, 12, 915, -296, -2, 169, 925, 49;
42, 235, 12, 900, -321, -6, 165, 918, 46;
47, 239, 17, 939, -291, 25, 184, 933, 67;
47, 239, 17, 936, -302, 30, 185, 932, 70;
39, 230, 10, 858, -388, -13, 155, 900, 42;
41, 231, 12, 863, -390, -3, 159, 902, 49;
35, 225, 8, 809, -450, -31, 140, 880, 31;
39, 228, 11, 831, -433, -7, 152, 890, 46;
44, 233, 17, 874, -395, 29, 173, 908, 69;
42, 230, 16, 845, -428, 18, 164, 898, 62;
41, 229, 16, 831, -445, 18, 161, 893, 62;
33, 221, 8, 749, -528, -25, 130, 862, 34;
40, 227, 16, 802, -477, 19, 156, 885, 62;
41, 227, 17, 802, -477, 29, 160, 888, 69;
36, 222, 13, 749, -530, 5, 141, 869, 54;
36, 223, 14, 743, -535, 12, 142, 869, 58;
38, 224, 17, 750, -526, 28, 149, 876, 68;
32, 218, 12, 683, -591, -5, 125, 851, 47;
35, 221, 16, 706, -564, 21, 139, 865, 64;
33, 219, 14, 672, -593, 11, 129, 855, 58;
28, 214, 10, 616, -644, -13, 110, 836, 42;
28, 214, 11, 607, -648, -6, 110, 837, 46;
23, 209, 7, 550, -698, -31, 91, 818, 31;
24, 210, 9, 548, -692, -19, 95, 822, 38;
24, 210, 10, 533, -699, -16, 94, 822, 40;
22, 209, 9, 508, -715, -19, 88, 817, 38;
28, 215, 16, 550, -663, 22, 110, 840, 65;
22, 210, 12, 486, -716, -5, 88, 820, 47;
24, 212, 15, 495, -696, 14, 97, 830, 60;
18, 206, 9, 421, -758, -20, 71, 806, 38;
23, 212, 16, 458, -708, 19, 92, 828, 62;
15, 204, 8, 367, -785, -26, 59, 797, 34;
16, 206, 11, 368, -771, -11, 64, 805, 44;
13, 203, 9, 325, -798, -24, 52, 795, 35;
13, 205, 10, 317, -791, -14, 54, 799, 42;
16, 207, 14, 324, -767, 6, 62, 810, 54;
10, 203, 9, 259, -815, -21, 40, 791, 37;
9, 202, 9, 232, -824, -23, 35, 788, 36;
10, 204, 11, 232, -805, -7, 40, 797, 46;
7, 202, 10, 195, -824, -16, 30, 790, 40;
5, 200, 8, 156, -842, -26, 20, 783, 34;
6, 203, 11, 160, -819, -8, 27, 794, 45;
7, 204, 13, 148, -809, 0, 27, 798, 51;
2, 201, 9, 91, -845, -21, 9, 784, 37;
0, 199, 8, 53, -860, -30, 0, 778, 32;
3, 204, 13, 73, -817, 0, 13, 796, 50;
3, 205, 14, 60, -807, 7, 13, 800, 55;
1, 204, 13, 28, -815, 2, 6, 797, 52;
-2, 201, 10, -23, -842, -15, -9, 786, 41;
-3, 201, 10, -47, -841, -14, -13, 786, 41;
-6, 199, 8, -91, -860, -27, -26, 779, 33;
-6, 201, 10, -99, -843, -17, -24, 785, 40;
-7, 202, 10, -120, -837, -14, -27, 788, 42;
-3, 207, 15, -97, -787, 16, -12, 808, 61;
-6, 204, 13, -145, -808, 1, -26, 799, 51;
-4, 208, 16, -139, -774, 21, -18, 812, 64;
-13, 201, 9, -234, -841, -25, -52, 784, 35;
-8, 207, 15, -198, -776, 14, -31, 810, 60;
-8, 209, 16, -213, -762, 20, -32, 815, 63;
-16, 202, 9, -304, -824, -23, -64, 788, 36;
-17, 203, 9, -324, -814, -21, -67, 792, 37;
-16, 205, 11, -331, -792, -10, -65, 800, 44;
-16, 207, 13, -338, -768, 0, -62, 808, 51;
-15, 209, 14, -344, -744, 12, -60, 817, 58;
-20, 205, 10, -406, -776, -14, -80, 803, 41;
-21, 206, 10, -429, -767, -14, -85, 805, 41;
-20, 209, 13, -425, -732, 3, -78, 818, 52;
-18, 212, 15, -425, -701, 17, -73, 829, 61;
-23, 209, 11, -486, -730, -8, -93, 816, 45;
-21, 213, 15, -476, -689, 12, -84, 831, 58;
-19, 216, 17, -471, -652, 30, -77, 845, 69;
-28, 210, 10, -560, -709, -15, -109, 819, 41;
-30, 209, 9, -591, -708, -22, -117, 818, 37;
-29, 212, 11, -594, -679, -11, -114, 828, 44;
-31, 212, 10, -621, -674, -15, -121, 828, 41;
-29, 215, 12, -619, -640, -1, -116, 840, 50;
-33, 213, 9, -669, -657, -21, -132, 831, 37;
-33, 215, 11, -671, -627, -10, -128, 841, 44;
-31, 219, 14, -663, -587, 6, -121, 855, 55;
-35, 216, 10, -716, -608, -16, -139, 844, 40;
-34, 219, 12, -717, -577, -5, -135, 854, 47;
-29, 225, 17, -680, -508, 29, -116, 880, 69;
-36, 221, 12, -750, -547, -5, -142, 862, 47;
-36, 223, 13, -758, -522, 0, -141, 869, 50;
-34, 226, 15, -748, -481, 16, -134, 884, 61;
-35, 227, 15, -769, -471, 12, -139, 885, 58;
-37, 226, 13, -796, -466, 4, -147, 884, 53;
-40, 226, 11, -828, -467, -7, -157, 881, 46;
-40, 227, 12, -840, -448, -6, -158, 886, 46;
-39, 229, 13, -839, -417, 2, -155, 896, 52;
-36, 235, 17, -809, -357, 30, -140, 918, 70;
-40, 233, 14, -855, -373, 8, -156, 909, 56;
-41, 233, 13, -871, -359, 5, -160, 911, 54;
-38, 238, 17, -851, -310, 25, -150, 929, 66;
-41, 237, 14, -883, -313, 11, -160, 924, 58;
-42, 238, 14, -895, -297, 9, -163, 928, 56;
-45, 236, 11, -930, -303, -7, -176, 922, 46;
-47, 235, 9, -959, -304, -21, -186, 919, 37;
-41, 243, 16, -902, -220, 21, -160, 950, 64;
-46, 240, 11, -953, -244, -7, -180, 937, 46;
-46, 241, 11, -961, -225, -7, -181, 942, 46;
-48, 240, 9, -984, -223, -19, -190, 939, 38;
-49, 241, 9, -993, -205, -21, -192, 943, 37;
-48, 244, 10, -990, -177, -16, -190, 951, 40;
-47, 246, 12, -979, -142, -6, -184, 962, 47;
-50, 245, 9, -1006, -145, -21, -195, 958, 37;
-44, 252, 15, -955, -70, 14, -173, 986, 60;
-50, 248, 9, -1012, -104, -21, -196, 968, 37;
-48, 251, 11, -993, -63, -8, -188, 982, 45;
-42, 259, 17, -937, 14, 30, -164, 1011, 69;
-46, 256, 13, -977, -4, 4, -180, 999, 53;
-46, 257, 13, -979, 14, 2, -181, 1004, 52;
-51, 253, 8, -1025, -12, -28, -201, 989, 33;
-44, 262, 15, -957, 75, 16, -173, 1022, 61;
-47, 260, 12, -985, 66, -3, -184, 1015, 48;
-51, 257, 8, -1021, 47, -29, -200, 1004, 32;
-43, 266, 15, -947, 139, 17, -170, 1039, 62;
-46, 264, 12, -974, 129, -2, -182, 1031, 49;
-45, 267, 14, -954, 164, 7, -175, 1042, 55;
-50, 262, 8, -1004, 130, -28, -197, 1025, 33;
-50, 263, 8, -1002, 147, -31, -197, 1028, 31;
-49, 266, 9, -984, 178, -23, -191, 1038, 36;
-44, 271, 13, -937, 238, 3, -173, 1060, 53;
-48, 268, 9, -971, 216, -24, -189, 1047, 35;
-45, 272, 11, -940, 260, -8, -178, 1062, 45;
-48, 270, 9, -957, 253, -25, -187, 1056, 35;
-45, 274, 11, -924, 296, -9, -175, 1071, 44;
-41, 279, 14, -883, 346, 11, -161, 1088, 57;
-47, 274, 8, -931, 307, -27, -183, 1069, 33;
-45, 276, 9, -912, 333, -22, -178, 1077, 36;
-37, 284, 16, -831, 422, 24, -146, 1110, 65;
-43, 280, 10, -876, 383, -13, -168, 1092, 42;
-44, 278, 8, -886, 378, -28, -175, 1086, 33;
-40, 284, 12, -834, 435, -2, -156, 1107, 49;
-38, 285, 13, -814, 458, 1, -151, 1114, 51;
-43, 281, 8, -847, 428, -29, -168, 1099, 32;
-41, 283, 9, -824, 453, -24, -162, 1106, 35;
-41, 283, 8, -819, 459, -30, -163, 1106, 31;
-31, 294, 17, -717, 563, 27, -124, 1146, 67;
-39, 286, 8, -782, 498, -26, -155, 1117, 34;
-38, 288, 9, -759, 519, -22, -149, 1123, 36;
-32, 294, 14, -694, 582, 9, -126, 1147, 56;
-37, 288, 8, -735, 539, -29, -147, 1126, 32;
-29, 296, 15, -651, 618, 14, -116, 1157, 59;
-32, 293, 11, -670, 596, -10, -128, 1145, 44;
-25, 301, 17, -590, 670, 30, -99, 1174, 69;
-26, 300, 16, -589, 666, 18, -103, 1170, 62;
-27, 299, 14, -587, 661, 6, -107, 1166, 55;
-29, 297, 11, -591, 649, -9, -113, 1159, 45;
-22, 303, 17, -516, 716, 27, -86, 1185, 68;
-22, 303, 16, -503, 720, 22, -86, 1184, 64;
-27, 297, 10, -545, 668, -19, -108, 1161, 39;
-20, 304, 16, -467, 736, 18, -80, 1187, 62;
-23, 301, 11, -484, 707, -7, -92, 1174, 46;
-18, 305, 15, -425, 754, 17, -73, 1191, 61;
-20, 303, 13, -426, 741, 2, -78, 1184, 52;
-18, 305, 14, -396, 756, 7, -71, 1189, 55;
-17, 305, 14, -375, 763, 6, -68, 1191, 54;
-13, 309, 17, -323, 801, 25, -51, 1205, 67;
-13, 308, 15, -311, 796, 18, -52, 1202, 62;
-13, 307, 15, -296, 795, 12, -51, 1200, 58;
-18, 301, 8, -338, 736, -30, -73, 1175, 31;
-16, 303, 9, -299, 757, -20, -62, 1183, 38;
-12, 305, 11, -256, 782, -7, -50, 1192, 46;
-12, 305, 11, -236, 783, -10, -47, 1192, 44;
-10, 306, 11, -207, 792, -7, -41, 1195, 46;
-8, 307, 12, -178, 801, -3, -34, 1198, 48;
-9, 305, 10, -170, 787, -15, -37, 1192, 41;
-3, 310, 15, -101, 835, 14, -13, 1211, 60;
-6, 306, 11, -115, 799, -10, -25, 1196, 44;
0, 311, 15, -49, 842, 16, -3, 1213, 61;
-4, 306, 10, -73, 794, -16, -19, 1193, 40;
-4, 305, 10, -53, 790, -19, -16, 1191, 39;
1, 310, 14, 14, 833, 9, 5, 1209, 56;
0, 307, 12, 17, 812, -4, 1, 1200, 48;
-2, 303, 7, 1, 770, -31, -10, 1183, 31;
4, 309, 14, 87, 830, 8, 19, 1208, 56;
5, 309, 13, 105, 821, 4, 21, 1205, 53;
4, 306, 11, 106, 796, -10, 16, 1195, 44;
7, 308, 13, 155, 817, 4, 30, 1204, 54;
12, 312, 17, 212, 847, 26, 48, 1217, 67;
9, 308, 13, 201, 807, 3, 38, 1201, 52;
6, 303, 8, 181, 760, -25, 25, 1182, 34;
14, 309, 15, 267, 816, 15, 55, 1207, 60;
11, 305, 12, 258, 778, -6, 45, 1192, 46;
12, 304, 11, 278, 769, -9, 48, 1189, 45;
12, 303, 10, 295, 756, -13, 50, 1184, 42;
11, 301, 8, 297, 727, -27, 45, 1174, 33;
13, 301, 9, 327, 727, -23, 53, 1175, 36;
13, 300, 8, 342, 712, -28, 54, 1170, 33;
15, 300, 9, 371, 710, -23, 61, 1170, 36;
16, 299, 8, 389, 697, -26, 63, 1166, 34;
23, 304, 15, 472, 748, 13, 92, 1189, 59;
27, 306, 17, 514, 759, 27, 105, 1195, 67;
26, 303, 15, 517, 730, 14, 101, 1185, 60;
21, 297, 9, 484, 665, -21, 82, 1160, 37;
28, 303, 16, 568, 717, 20, 113, 1183, 63;
23, 295, 9, 524, 641, -22, 90, 1153, 37;
29, 300, 14, 594, 679, 11, 114, 1171, 57;
27, 296, 11, 585, 638, -7, 106, 1156, 45;
25, 293, 9, 581, 601, -24, 100, 1143, 35;
30, 296, 13, 639, 627, 2, 119, 1156, 52;
33, 297, 15, 676, 632, 14, 131, 1160, 59;
30, 292, 11, 657, 581, -10, 118, 1141, 44;
37, 298, 17, 733, 625, 28, 146, 1162, 68;
34, 293, 14, 717, 577, 6, 135, 1145, 54;
39, 296, 17, 769, 597, 29, 153, 1155, 69;
32, 287, 9, 712, 508, -19, 126, 1121, 38;
35, 288, 12, 748, 513, -6, 137, 1126, 47;
35, 287, 11, 761, 494, -7, 139, 1120, 45;
33, 283, 9, 750, 451, -25, 131, 1106, 35;
37, 286, 12, 798, 468, -2, 147, 1115, 49;
41, 287, 15, 836, 475, 12, 160, 1121, 59;
39, 284, 12, 828, 437, -1, 154, 1108, 50;
42, 284, 14, 859, 437, 10, 163, 1111, 57;
37, 278, 9, 820, 367, -23, 144, 1085, 36;
38, 278, 10, 839, 357, -18, 150, 1084, 39;
37, 274, 8, 832, 320, -31, 144, 1071, 31;
37, 273, 7, 841, 300, -32, 145, 1066, 30;
42, 276, 12, 895, 325, -3, 166, 1080, 49;
40, 273, 9, 879, 280, -20, 157, 1064, 38;
40, 271, 9, 882, 255, -24, 156, 1057, 35;
44, 273, 13, 929, 274, 1, 173, 1068, 51;
42, 270, 11, 918, 236, -11, 167, 1055, 43;
45, 271, 13, 944, 234, 0, 176, 1058, 51;
42, 267, 10, 922, 186, -18, 165, 1041, 39;
46, 269, 13, 961, 199, 3, 180, 1050, 53;
42, 263, 9, 928, 140, -22, 165, 1029, 37;
50, 270, 17, 1003, 190, 24, 195, 1053, 66;
47, 266, 14, 982, 145, 8, 186, 1038, 56;
46, 263, 13, 977, 116, 2, 183, 1029, 52;
51, 266, 17, 1018, 133, 27, 199, 1039, 67;
51, 265, 17, 1018, 110, 25, 198, 1034, 67;
43, 255, 9, 945, 14, -24, 167, 997, 35;
50, 261, 16, 1014, 61, 20, 196, 1020, 63;
43, 253, 9, 951, -21, -21, 170, 989, 37;
51, 260, 17, 1026, 32, 28, 201, 1015, 68;
45, 252, 11, 967, -46, -10, 176, 985, 44;
44, 250, 10, 960, -73, -14, 174, 978, 42;
44, 249, 11, 962, -89, -11, 175, 974, 43;
45, 249, 12, 970, -99, -4, 179, 973, 47;
42, 245, 8, 935, -151, -25, 165, 955, 34;
45, 247, 12, 961, -141, -5, 177, 963, 47;
50, 251, 17, 1008, -111, 28, 197, 979, 68;
48, 247, 15, 980, -154, 12, 187, 964, 58;
47, 245, 14, 972, -177, 11, 185, 958, 57;
46, 244, 14, 963, -199, 9, 182, 952, 56;
41, 237, 9, 904, -271, -25, 160, 926, 35;
39, 235, 8, 888, -300, -31, 154, 917, 31;
43, 237, 11, 916, -283, -7, 168, 927, 46;
43, 236, 12, 911, -299, -5, 168, 924, 47;
42, 235, 11, 899, -322, -7, 165, 918, 46;
47, 239, 17, 940, -290, 26, 184, 934, 67;
43, 234, 13, 897, -341, 4, 168, 916, 53;
38, 229, 9, 847, -398, -20, 151, 895, 38;
45, 236, 17, 909, -343, 28, 179, 921, 68;
45, 235, 17, 898, -361, 28, 177, 917, 68;
36, 225, 9, 809, -455, -22, 143, 881, 37;
38, 226, 11, 816, -453, -9, 149, 885, 45;
39, 227, 13, 820, -452, 2, 153, 888, 52;
34, 222, 9, 767, -509, -23, 134, 867, 36;
34, 222, 10, 761, -516, -17, 136, 867, 39;
32, 219, 8, 732, -547, -27, 127, 856, 33;
39, 226, 16, 790, -489, 21, 154, 883, 64;
32, 219, 9, 712, -567, -19, 126, 854, 38;
39, 226, 18, 772, -506, 31, 154, 881, 70;
30, 216, 9, 673, -603, -23, 117, 844, 36;
34, 220, 14, 700, -574, 6, 132, 858, 54;
30, 216, 11, 657, -613, -10, 119, 844, 44;
36, 222, 17, 699, -566, 29, 140, 866, 69;
35, 221, 18, 684, -577, 31, 138, 864, 70;
27, 213, 11, 600, -654, -10, 108, 834, 44;
30, 216, 15, 617, -631, 12, 119, 846, 59;
27, 214, 13, 579, -661, 0, 108, 835, 51;
23, 210, 9, 527, -705, -20, 91, 819, 38;
22, 209, 10, 510, -713, -17, 89, 818, 39;
25, 212, 13, 521, -692, 3, 98, 828, 53;
26, 213, 15, 519, -684, 15, 102, 833, 60;
26, 214, 16, 509, -683, 23, 103, 835, 65;
18, 206, 9, 420, -759, -20, 71, 806, 38;
16, 205, 9, 395, -771, -22, 66, 802, 36;
24, 214, 18, 456, -697, 32, 96, 834, 71;
14, 203, 8, 343, -795, -27, 54, 795, 33;
19, 209, 15, 382, -741, 13, 75, 818, 59;
18, 209, 15, 362, -745, 15, 73, 818, 60;
16, 208, 14, 330, -761, 9, 65, 813, 57;
15, 207, 14, 303, -771, 7, 59, 810, 55;
15, 208, 15, 294, -762, 17, 60, 814, 61;
8, 202, 10, 217, -820, -18, 34, 791, 39;
9, 204, 12, 212, -807, -5, 37, 797, 47;
7, 203, 11, 178, -821, -12, 29, 792, 43;
7, 204, 12, 165, -813, -4, 29, 796, 48;
5, 203, 11, 137, -820, -6, 23, 794, 46;
9, 208, 16, 159, -776, 24, 38, 812, 66;
3, 202, 11, 82, -831, -10, 11, 790, 44;
1, 202, 11, 57, -834, -11, 6, 789, 43;
7, 209, 18, 96, -771, 31, 28, 815, 70;
0, 203, 12, 20, -823, -2, 3, 794, 49;
-2, 201, 10, -26, -846, -17, -11, 784, 39;
1, 206, 15, 0, -795, 15, 5, 806, 60;
0, 207, 15, -22, -792, 17, 1, 807, 61;
-6, 201, 10, -101, -844, -18, -25, 785, 39;
0, 208, 17, -58, -774, 27, -1, 813, 67;
-1, 209, 17, -80, -770, 28, -5, 815, 68;
-5, 206, 14, -135, -797, 8, -22, 803, 56;
-6, 207, 15, -152, -787, 13, -23, 807, 59;
-6, 207, 15, -170, -777, 17, -25, 810, 61;
-7, 208, 16, -192, -770, 18, -29, 813, 62;
-15, 201, 8, -283, -833, -26, -61, 786, 34;
-16, 202, 9, -298, -818, -20, -62, 791, 38;
-17, 202, 9, -329, -819, -24, -69, 789, 35;
-18, 203, 9, -348, -808, -21, -72, 793, 37;
-12, 210, 16, -305, -736, 22, -49, 822, 64;
-14, 210, 15, -338, -738, 15, -57, 820, 60;
-16, 210, 14, -367, -736, 11, -64, 819, 58;
-24, 204, 8, -451, -789, -29, -94, 796, 32;
-22, 207, 11, -445, -752, -10, -86, 810, 44;
-19, 212, 15, -432, -708, 12, -76, 826, 59;
-27, 205, 8, -517, -762, -29, -106, 803, 32;
-24, 210, 12, -502, -715, -4, -95, 820, 47;
-23, 213, 14, -504, -685, 8, -91, 831, 56;
-29, 208, 8, -576, -725, -26, -116, 813, 34;
-28, 211, 11, -571, -688, -8, -109, 826, 45;
-31, 209, 8, -617, -702, -26, -124, 818, 34;
-30, 212, 10, -620, -672, -14, -120, 828, 41;
-26, 219, 16, -586, -607, 20, -102, 854, 63;
-27, 219, 16, -606, -594, 20, -106, 857, 63;
-36, 212, 7, -704, -660, -32, -142, 827, 30;
-34, 215, 10, -697, -621, -16, -135, 841, 40;
-31, 220, 14, -678, -570, 8, -123, 860, 56;
-37, 216, 9, -740, -600, -21, -145, 845, 37;
-31, 224, 16, -693, -521, 21, -122, 875, 64;
-33, 224, 15, -720, -516, 14, -129, 875, 59;
-31, 227, 17, -711, -476, 30, -122, 889, 70;
-36, 224, 13, -768, -501, 3, -142, 875, 52;
-40, 222, 10, -815, -516, -17, -158, 866, 39;
-39, 225, 12, -811, -481, -5, -153, 878, 47;
-42, 223, 9, -852, -491, -23, -167, 871, 36;
-42, 225, 10, -858, -467, -18, -166, 879, 39;
-35, 234, 18, -796, -374, 31, -137, 914, 70;
-43, 227, 10, -881, -429, -17, -170, 888, 40;
-37, 236, 17, -828, -346, 26, -145, 920, 67;
-43, 231, 11, -890, -378, -7, -168, 903, 46;
-39, 237, 16, -857, -316, 21, -152, 926, 64;
-39, 238, 16, -867, -297, 22, -154, 931, 64;
-47, 232, 9, -945, -346, -23, -184, 908, 36;
-44, 237, 13, -919, -292, 0, -171, 927, 50;
-48, 234, 8, -969, -314, -27, -190, 914, 33;
-40, 244, 17, -890, -208, 29, -156, 955, 69;
-48, 237, 9, -979, -270, -24, -190, 926, 35;
-47, 240, 11, -968, -232, -12, -184, 939, 43;
-48, 241, 10, -982, -220, -17, -189, 940, 40;
-41, 249, 17, -919, -132, 27, -162, 974, 68;
-41, 251, 18, -919, -106, 31, -160, 981, 70;
-42, 251, 16, -936, -99, 22, -167, 980, 64;
-43, 252, 16, -944, -83, 19, -169, 984, 63;
-50, 247, 9, -1008, -124, -21, -195, 963, 37;
-50, 248, 9, -1010, -102, -20, -195, 969, 38;
-44, 255, 15, -957, -26, 16, -172, 997, 61;
-49, 251, 10, -1009, -57, -17, -194, 981, 40;
-43, 258, 16, -954, 18, 19, -171, 1009, 62;
-42, 261, 18, -937, 56, 30, -164, 1021, 70;
-47, 257, 12, -990, 22, -5, -186, 1004, 47;
-49, 256, 10, -1008, 24, -18, -194, 1001, 39;
-49, 258, 10, -1001, 49, -14, -191, 1008, 41;
-42, 266, 17, -936, 132, 26, -165, 1039, 67;
-47, 262, 12, -983, 103, -6, -185, 1024, 47;
-45, 265, 13, -964, 139, 4, -178, 1035, 53;
-42, 269, 16, -934, 185, 21, -167, 1051, 64;
-43, 270, 16, -933, 201, 18, -167, 1054, 62;
-41, 273, 17, -911, 237, 29, -160, 1066, 69;
-46, 268, 11, -964, 199, -9, -183, 1047, 44;
-43, 272, 14, -931, 245, 7, -171, 1062, 55;
-46, 271, 11, -948, 240, -8, -179, 1057, 45;
-41, 276, 16, -898, 301, 19, -161, 1079, 62;
-42, 276, 14, -904, 306, 9, -165, 1078, 56;
-38, 280, 17, -866, 354, 28, -151, 1095, 68;
-42, 277, 13, -899, 331, 0, -167, 1082, 51;
-38, 282, 17, -851, 387, 25, -150, 1102, 66;
-38, 282, 16, -850, 396, 19, -152, 1103, 62;
-45, 276, 8, -907, 345, -26, -178, 1079, 34;
-42, 280, 11, -873, 386, -11, -166, 1093, 43;
-40, 282, 12, -847, 417, -2, -159, 1103, 49;
-35, 289, 17, -786, 482, 29, -136, 1127, 69;
-42, 281, 9, -850, 422, -22, -166, 1099, 36;
-39, 285, 11, -813, 463, -6, -154, 1113, 46;
-41, 284, 9, -822, 456, -22, -161, 1107, 36;
-35, 290, 14, -760, 519, 8, -138, 1131, 56;
-39, 286, 9, -788, 491, -20, -154, 1117, 38;
-33, 292, 15, -722, 557, 12, -130, 1141, 58;
-34, 292, 13, -720, 558, 3, -133, 1139, 53;
-39, 287, 7, -756, 520, -32, -152, 1121, 30;
-31, 295, 15, -671, 602, 12, -120, 1153, 58;
-34, 291, 10, -698, 572, -16, -136, 1138, 40;
-36, 290, 8, -700, 565, -30, -141, 1133, 32;
-34, 292, 9, -673, 588, -24, -134, 1140, 35;
-32, 294, 10, -643, 612, -17, -125, 1148, 40;
-25, 301, 16, -566, 682, 20, -98, 1174, 63;
-28, 298, 12, -582, 658, -3, -109, 1163, 49;
-24, 301, 15, -536, 696, 14, -95, 1176, 59;
-28, 297, 9, -567, 656, -20, -112, 1158, 38;
-20, 305, 17, -475, 738, 27, -79, 1190, 67;
-25, 300, 11, -509, 694, -9, -98, 1170, 45;
-20, 304, 15, -454, 737, 12, -80, 1186, 58;
-21, 303, 13, -447, 732, 2, -82, 1182, 52;
-24, 299, 9, -463, 703, -22, -94, 1169, 37;
-18, 304, 13, -402, 750, 3, -74, 1187, 52;
-22, 300, 9, -422, 716, -24, -87, 1172, 35;
-21, 301, 9, -399, 724, -24, -82, 1174, 35;
-17, 304, 11, -351, 756, -8, -68, 1186, 45;
-11, 309, 16, -283, 808, 21, -45, 1206, 64;
-13, 307, 13, -283, 791, 5, -50, 1198, 54;
-13, 306, 12, -273, 783, -3, -52, 1194, 48;
-9, 309, 15, -219, 819, 16, -35, 1207, 61;
-14, 303, 8, -259, 759, -26, -57, 1182, 34;
-12, 304, 9, -227, 772, -20, -49, 1186, 38;
-4, 311, 16, -136, 842, 23, -17, 1215, 65;
-4, 310, 15, -121, 836, 17, -16, 1212, 61;
-3, 310, 15, -101, 835, 14, -13, 1211, 60;
0, 312, 17, -60, 853, 25, -2, 1218, 66;
-1, 310, 14, -56, 834, 11, -6, 1210, 58;
0, 310, 15, -30, 837, 12, -1, 1211, 58;
-5, 304, 8, -66, 777, -28, -22, 1186, 33;
0, 307, 12, -9, 810, -6, -3, 1200, 47;
1, 309, 13, 30, 824, 3, 6, 1206, 53;
4, 310, 15, 69, 838, 13, 17, 1211, 59;
4, 309, 13, 79, 822, 3, 16, 1205, 53;
8, 312, 16, 133, 850, 23, 32, 1217, 65;
7, 309, 14, 137, 827, 9, 29, 1208, 57;
12, 313, 18, 196, 859, 32, 47, 1221, 71;
5, 304, 9, 142, 777, -19, 19, 1188, 38;
4, 303, 8, 154, 761, -27, 19, 1182, 33;
7, 304, 9, 190, 768, -20, 28, 1186, 38;
14, 310, 16, 275, 824, 20, 58, 1210, 63;
8, 302, 9, 232, 752, -24, 35, 1181, 35;
10, 302, 9, 256, 746, -23, 39, 1179, 36;
19, 310, 17, 354, 814, 25, 74, 1209, 66;
13, 302, 10, 314, 744, -16, 52, 1181, 40;
20, 308, 16, 395, 795, 22, 81, 1203, 64;
14, 300, 8, 346, 715, -25, 55, 1171, 34;
24, 309, 18, 455, 794, 32, 96, 1205, 70;
22, 304, 14, 443, 750, 9, 85, 1189, 56;
18, 299, 9, 420, 696, -20, 71, 1168, 38;
17, 297, 8, 428, 672, -30, 69, 1159, 32;
27, 305, 17, 533, 745, 25, 108, 1191, 66;
23, 299, 11, 503, 684, -8, 90, 1168, 45;
27, 302, 14, 555, 704, 11, 107, 1178, 58;
25, 298, 11, 544, 661, -8, 98, 1162, 45;
26, 297, 11, 567, 652, -7, 103, 1160, 46;
24, 293, 8, 556, 609, -27, 94, 1144, 33;
27, 295, 11, 601, 622, -10, 108, 1152, 44;
26, 292, 9, 601, 590, -23, 104, 1141, 36;
33, 297, 15, 673, 630, 12, 129, 1159, 58;
29, 291, 10, 647, 571, -17, 114, 1137, 40;
33, 294, 13, 697, 589, 3, 131, 1147, 53;
37, 295, 16, 738, 598, 19, 144, 1153, 63;
39, 296, 18, 772, 600, 31, 154, 1157, 70;
37, 292, 14, 756, 552, 9, 144, 1139, 57;
35, 289, 12, 752, 516, -3, 138, 1127, 48;
40, 292, 17, 810, 543, 24, 159, 1141, 66;
40, 290, 15, 814, 515, 17, 157, 1132, 61;
34, 282, 9, 765, 435, -24, 134, 1102, 35;
39, 285, 13, 817, 456, 0, 152, 1113, 50;
43, 287, 16, 863, 471, 21, 168, 1122, 64;
42, 285, 15, 866, 444, 15, 166, 1114, 60;
45, 286, 17, 901, 449, 30, 178, 1119, 69;
40, 279, 11, 854, 372, -8, 156, 1090, 45;
46, 284, 17, 920, 408, 27, 181, 1108, 68;
45, 282, 16, 921, 380, 21, 179, 1100, 64;
48, 282, 18, 947, 377, 31, 187, 1101, 70;
40, 273, 10, 884, 285, -17, 159, 1066, 40;
47, 278, 16, 955, 328, 24, 186, 1087, 66;
49, 278, 17, 972, 318, 30, 191, 1086, 69;
49, 277, 17, 979, 297, 29, 192, 1081, 69;
40, 267, 8, 902, 193, -26, 159, 1041, 34;
45, 269, 12, 946, 210, -2, 175, 1051, 49;
41, 264, 8, 916, 154, -25, 162, 1032, 34;
41, 262, 8, 915, 128, -30, 160, 1024, 32;
47, 267, 13, 974, 161, 5, 183, 1041, 54;
49, 268, 16, 1003, 166, 22, 194, 1046, 64;
44, 261, 11, 956, 95, -11, 174, 1020, 43;
45, 260, 11, 962, 77, -9, 176, 1016, 44;
44, 258, 10, 955, 47, -16, 172, 1007, 40;
46, 258, 12, 973, 43, -5, 179, 1009, 47;
43, 254, 9, 950, -1, -21, 170, 994, 37;
51, 261, 17, 1029, 55, 30, 202, 1021, 69;
47, 256, 13, 986, -7, 2, 184, 998, 52;
45, 253, 11, 970, -42, -7, 178, 987, 46;
42, 248, 8, 940, -92, -27, 165, 970, 33;
50, 255, 16, 1016, -35, 24, 198, 997, 66;
44, 248, 10, 954, -115, -15, 172, 967, 41;
41, 244, 8, 927, -159, -30, 162, 952, 31;
44, 246, 11, 956, -147, -9, 175, 961, 45;
47, 247, 14, 975, -144, 6, 184, 965, 54;
44, 243, 11, 944, -190, -10, 172, 949, 44;
42, 241, 10, 928, -220, -18, 167, 940, 39;
48, 245, 16, 978, -185, 19, 189, 958, 62;
44, 240, 12, 934, -241, -5, 172, 938, 47;
41, 236, 9, 900, -287, -23, 160, 922, 36;
46, 241, 15, 949, -250, 14, 182, 941, 60;
39, 233, 8, 876, -334, -28, 153, 909, 33;
47, 240, 17, 949, -271, 26, 186, 939, 67;
46, 239, 16, 937, -293, 24, 183, 933, 66;
42, 233, 12, 888, -350, -1, 165, 912, 50;
45, 236, 16, 911, -335, 21, 177, 921, 64;
36, 226, 8, 821, -432, -31, 142, 884, 31;
38, 228, 10, 832, -426, -15, 150, 890, 41;
45, 234, 17, 889, -375, 30, 176, 914, 70;
37, 226, 10, 810, -459, -13, 146, 882, 42;
35, 224, 9, 786, -486, -20, 139, 874, 38;
33, 221, 7, 755, -521, -31, 130, 862, 31;
35, 222, 10, 766, -512, -14, 137, 868, 41;
35, 222, 11, 762, -517, -7, 139, 869, 46;
39, 226, 16, 791, -489, 22, 155, 883, 64;
32, 219, 10, 713, -566, -19, 126, 854, 39;
35, 221, 13, 729, -549, 2, 137, 864, 52;
35, 221, 14, 721, -555, 8, 137, 864, 56;
38, 224, 18, 739, -534, 32, 149, 875, 71;
35, 221, 16, 701, -569, 18, 137, 863, 62;
35, 221, 17, 695, -570, 27, 139, 864, 67;
28, 214, 11, 618, -642, -11, 111, 837, 43;
33, 220, 17, 658, -596, 27, 132, 858, 68;
33, 219, 17, 642, -606, 29, 130, 856, 69;
27, 213, 12, 574, -666, -2, 106, 833, 49;
27, 214, 14, 566, -666, 5, 107, 835, 54;
27, 214, 14, 555, -668, 11, 107, 836, 58;
22, 209, 10, 496, -717, -13, 88, 818, 42;
20, 208, 10, 468, -735, -18, 81, 812, 39;
21, 209, 11, 461, -730, -7, 83, 816, 45;
18, 206, 9, 422, -757, -19, 72, 806, 38;
21, 210, 14, 442, -724, 8, 85, 821, 56;
22, 211, 15, 433, -720, 17, 86, 825, 61;
17, 207, 12, 376, -762, -5, 68, 808, 47;
21, 211, 16, 397, -726, 23, 82, 825, 65;
11, 202, 8, 293, -815, -30, 44, 789, 31;
10, 202, 8, 269, -822, -30, 39, 787, 31;
17, 209, 16, 321, -753, 19, 66, 817, 63;
17, 210, 17, 313, -743, 29, 68, 822, 69;
8, 202, 9, 211, -826, -21, 32, 788, 37;
9, 203, 11, 206, -813, -9, 35, 795, 45;
6, 202, 10, 172, -827, -16, 26, 790, 40;
7, 203, 12, 162, -816, -6, 28, 795, 46;
5, 203, 11, 133, -824, -9, 21, 792, 45;
7, 205, 14, 136, -800, 8, 28, 803, 56;
5, 205, 14, 110, -803, 7, 23, 802, 55;
8, 208, 17, 117, -773, 29, 32, 814, 69;
0, 202, 11, 30, -837, -12, 1, 788, 43;
2, 205, 14, 37, -806, 8, 9, 801, 56;
-3, 200, 9, -34, -854, -23, -14, 781, 36;
-2, 203, 12, -33, -828, -5, -8, 792, 47;
-1, 205, 14, -39, -808, 6, -5, 800, 55;
-5, 202, 11, -91, -834, -11, -21, 789, 43;
-8, 200, 9, -135, -852, -24, -33, 781, 35;
-3, 206, 15, -104, -794, 12, -15, 805, 58;
-2, 209, 17, -102, -765, 30, -8, 817, 69;
-13, 200, 8, -217, -852, -30, -51, 780, 32;
-5, 209, 17, -156, -762, 26, -19, 816, 67;
-5, 210, 17, -176, -754, 29, -22, 819, 69;
-16, 201, 8, -288, -838, -29, -64, 784, 32;
-10, 208, 15, -248, -768, 13, -41, 812, 59;
-16, 204, 11, -311, -801, -12, -62, 797, 43;
-19, 202, 8, -358, -818, -28, -76, 789, 33;
-20, 202, 8, -380, -811, -27, -80, 791, 33;
-17, 207, 13, -362, -762, 0, -67, 810, 50;
-18, 208, 13, -381, -751, 2, -70, 813, 52;
-18, 210, 14, -394, -732, 8, -70, 820, 56;
-22, 207, 11, -444, -751, -9, -86, 810, 45;
-25, 205, 8, -491, -767, -26, -100, 802, 34;
-27, 205, 8, -520, -765, -31, -107, 801, 31;
-22, 212, 14, -482, -695, 8, -87, 829, 56;
-24, 211, 12, -517, -698, 0, -96, 826, 50;
-23, 215, 15, -512, -661, 16, -89, 839, 61;
-25, 214, 14, -543, -660, 9, -97, 838, 57;
-24, 217, 16, -548, -633, 19, -95, 847, 63;
-23, 219, 18, -550, -603, 31, -91, 857, 70;
-32, 212, 10, -645, -666, -18, -126, 829, 39;
-33, 213, 10, -662, -651, -17, -129, 833, 40;
-36, 212, 8, -699, -656, -29, -140, 829, 32;
-32, 218, 12, -675, -599, -1, -126, 850, 49;
-29, 223, 17, -654, -546, 24, -113, 870, 66;
-35, 218, 11, -725, -585, -11, -139, 851, 43;
-29, 226, 18, -676, -504, 32, -115, 882, 71;
-35, 222, 13, -741, -538, 0, -138, 866, 51;
-34, 224, 14, -745, -510, 8, -136, 875, 56;
-33, 227, 16, -738, -471, 23, -129, 888, 65;
-40, 222, 10, -816, -518, -18, -158, 866, 39;
-39, 225, 11, -813, -483, -7, -154, 877, 46;
-44, 222, 8, -864, -503, -31, -172, 866, 31;
-37, 230, 14, -813, -421, 11, -147, 897, 58;
-38, 231, 15, -822, -400, 13, -148, 903, 59;
-37, 234, 16, -824, -371, 21, -146, 912, 64;
-38, 234, 15, -841, -359, 17, -150, 914, 61;
-40, 234, 14, -868, -357, 6, -159, 912, 55;
-39, 237, 16, -861, -320, 19, -154, 925, 62;
-38, 240, 17, -854, -284, 30, -148, 936, 70;
-46, 233, 10, -934, -335, -16, -179, 912, 40;
-39, 242, 17, -873, -246, 30, -152, 946, 69;
-48, 234, 9, -965, -310, -25, -188, 916, 35;
-42, 242, 15, -913, -231, 14, -165, 945, 59;
-46, 240, 12, -951, -242, -5, -179, 938, 47;
-49, 239, 9, -984, -248, -23, -191, 932, 36;
-42, 246, 15, -929, -167, 17, -167, 962, 61;
-48, 242, 10, -988, -200, -17, -190, 945, 39;
-41, 250, 17, -926, -113, 26, -163, 978, 67;
-43, 250, 15, -944, -107, 17, -170, 977, 61;
-50, 245, 9, -1009, -147, -23, -196, 957, 36;
-48, 248, 11, -993, -108, -10, -188, 970, 44;
-46, 251, 13, -979, -71, 0, -182, 982, 51;
-44, 255, 15, -959, -29, 14, -173, 996, 60;
-47, 253, 12, -991, -39, -5, -186, 988, 47;
-43, 259, 16, -947, 26, 24, -168, 1012, 66;
-48, 255, 11, -995, -1, -7, -188, 997, 46;
-46, 259, 14, -974, 39, 5, -179, 1011, 54;
-46, 259, 13, -981, 51, 0, -183, 1012, 50;
-46, 260, 13, -980, 71, 0, -182, 1017, 50;
-49, 259, 9, -1006, 63, -19, -194, 1010, 38;
-51, 259, 8, -1017, 69, -28, -199, 1010, 33;
-41, 269, 18, -923, 179, 31, -161, 1052, 70;
-51, 261, 8, -1011, 108, -30, -198, 1019, 32;
-48, 265, 10, -982, 152, -14, -188, 1034, 42;
-43, 271, 15, -933, 216, 15, -168, 1057, 60;
-47, 267, 10, -971, 191, -14, -186, 1044, 41;
-49, 267, 9, -979, 196, -24, -191, 1042, 35;
-40, 276, 17, -894, 294, 27, -157, 1079, 67;
-43, 274, 14, -917, 283, 6, -168, 1072, 55;
-40, 278, 16, -890, 321, 19, -159, 1084, 62;
-46, 273, 10, -935, 285, -17, -180, 1066, 40;
-40, 279, 15, -878, 351, 14, -159, 1091, 59;
-42, 278, 12, -892, 346, -1, -167, 1085, 49;
-40, 281, 14, -862, 383, 10, -157, 1098, 57;
-42, 280, 12, -877, 376, -6, -165, 1092, 47;
-46, 277, 7, -904, 355, -32, -179, 1080, 31;
-41, 282, 12, -850, 414, -5, -160, 1101, 47;
-40, 284, 12, -834, 435, -2, -156, 1107, 49;
-38, 285, 13, -815, 457, 0, -151, 1114, 51;
-34, 290, 17, -762, 513, 26, -133, 1134, 67;
-34, 290, 16, -760, 517, 18, -135, 1133, 62;
-32, 293, 17, -728, 551, 29, -125, 1144, 69;
-37, 288, 12, -766, 513, -5, -144, 1126, 47;
-38, 287, 9, -774, 505, -21, -151, 1120, 37;
-37, 288, 10, -751, 527, -17, -146, 1126, 40;
-29, 296, 17, -669, 607, 26, -115, 1157, 67;
-29, 297, 16, -659, 615, 21, -115, 1158, 64;
-33, 293, 11, -685, 584, -8, -130, 1143, 45;
-33, 292, 10, -677, 588, -15, -131, 1142, 41;
-30, 295, 12, -639, 621, -2, -120, 1154, 49;
-30, 296, 11, -627, 627, -6, -119, 1154, 46;
-25, 301, 16, -566, 682, 20, -98, 1174, 63;
-25, 301, 15, -554, 686, 15, -98, 1174, 60;
-29, 296, 10, -584, 648, -17, -115, 1156, 39;
-25, 300, 13, -535, 688, 1, -99, 1171, 51;
-23, 302, 14, -502, 711, 9, -90, 1179, 56;
-24, 301, 12, -500, 703, -3, -94, 1174, 48;
-25, 299, 9, -504, 688, -20, -100, 1166, 38;
-18, 305, 15, -426, 753, 16, -73, 1191, 61;
-20, 303, 12, -431, 735, -1, -81, 1182, 50;
-14, 308, 18, -360, 793, 31, -56, 1205, 70;
-18, 304, 12, -388, 750, -2, -73, 1185, 49;
-19, 302, 10, -385, 738, -15, -77, 1179, 41;
-18, 302, 10, -365, 743, -17, -74, 1180, 40;
-16, 304, 11, -332, 759, -11, -65, 1186, 43;
-10, 309, 16, -258, 816, 22, -40, 1208, 64;
-8, 311, 17, -224, 832, 29, -31, 1214, 69;
-8, 310, 16, -211, 826, 22, -31, 1211, 64;
-14, 303, 8, -259, 759, -26, -57, 1182, 34;
-10, 306, 12, -204, 794, -5, -40, 1196, 47;
-9, 306, 11, -184, 795, -8, -37, 1195, 45;
-8, 306, 11, -158, 799, -7, -31, 1197, 46;
-7, 306, 11, -137, 799, -9, -28, 1196, 45;
0, 313, 18, -51, 862, 31, 1, 1222, 70;
0, 312, 17, -35, 856, 25, 2, 1219, 67;
-5, 305, 10, -74, 793, -16, -19, 1193, 40;
-3, 306, 10, -44, 799, -13, -12, 1195, 42;
0, 309, 13, 7, 827, 5, 3, 1207, 54;
5, 313, 17, 69, 864, 30, 23, 1222, 69;
5, 311, 16, 77, 846, 18, 20, 1215, 62;
8, 313, 18, 123, 866, 32, 34, 1223, 71;
7, 310, 15, 122, 839, 15, 28, 1212, 60;
1, 303, 8, 80, 770, -28, 5, 1184, 33;
5, 306, 11, 130, 792, -11, 20, 1194, 43;
10, 310, 15, 196, 831, 16, 42, 1210, 61;
4, 302, 8, 149, 755, -31, 17, 1180, 31;
11, 308, 14, 233, 811, 8, 46, 1203, 56;
8, 303, 9, 210, 759, -22, 31, 1183, 36;
11, 305, 11, 255, 775, -8, 44, 1190, 45;
17, 309, 16, 326, 816, 22, 68, 1208, 65;
19, 310, 17, 359, 820, 29, 77, 1211, 69;
21, 310, 18, 386, 816, 31, 82, 1210, 70;
12, 300, 8, 315, 715, -30, 48, 1170, 31;
15, 301, 10, 357, 726, -18, 60, 1176, 39;
17, 301, 10, 384, 723, -15, 66, 1176, 41;
22, 304, 14, 444, 751, 9, 86, 1189, 57;
22, 304, 14, 463, 739, 7, 89, 1186, 55;
21, 301, 12, 465, 710, -5, 85, 1175, 47;
20, 297, 9, 461, 674, -22, 78, 1162, 36;
22, 298, 10, 496, 677, -13, 88, 1165, 42;
27, 301, 14, 553, 702, 10, 106, 1177, 57;
25, 298, 11, 546, 663, -7, 99, 1163, 46;
31, 302, 17, 616, 701, 25, 123, 1180, 66;
29, 299, 14, 609, 662, 7, 116, 1166, 55;
25, 293, 9, 584, 604, -22, 101, 1144, 37;
35, 300, 17, 679, 668, 28, 136, 1173, 68;
30, 294, 11, 642, 598, -8, 117, 1146, 45;
29, 291, 9, 644, 568, -19, 113, 1136, 38;
34, 295, 14, 706, 598, 9, 135, 1151, 57;
34, 293, 13, 716, 576, 5, 135, 1144, 54;
31, 288, 10, 697, 525, -18, 123, 1126, 39;
37, 293, 15, 764, 561, 15, 147, 1143, 60;
32, 285, 8, 717, 482, -26, 124, 1113, 34;
39, 291, 15, 797, 530, 16, 154, 1136, 61;
35, 285, 11, 770, 472, -11, 139, 1114, 43;
39, 287, 14, 814, 484, 7, 154, 1122, 55;
40, 286, 14, 829, 469, 8, 157, 1118, 56;
43, 287, 16, 863, 472, 22, 168, 1123, 64;
40, 283, 13, 847, 426, 2, 159, 1106, 52;
36, 278, 8, 817, 365, -25, 143, 1084, 34;
38, 277, 9, 835, 353, -21, 148, 1082, 37;
43, 281, 14, 891, 379, 8, 169, 1096, 56;
43, 279, 14, 902, 361, 8, 171, 1091, 55;
48, 282, 18, 947, 377, 31, 187, 1101, 70;
41, 273, 10, 887, 289, -14, 160, 1068, 41;
42, 273, 11, 907, 280, -7, 166, 1067, 46;
44, 273, 12, 925, 270, -1, 172, 1066, 50;
49, 277, 18, 982, 299, 31, 193, 1082, 70;
41, 267, 9, 910, 201, -21, 162, 1044, 37;
45, 270, 13, 951, 215, 1, 177, 1054, 51;
47, 270, 14, 973, 212, 12, 185, 1055, 58;
50, 271, 17, 1002, 214, 27, 196, 1060, 67;
50, 270, 17, 1003, 190, 24, 195, 1053, 66;
42, 261, 9, 937, 100, -22, 167, 1019, 37;
50, 267, 17, 1014, 153, 26, 198, 1044, 67;
47, 262, 13, 983, 98, 4, 184, 1025, 53;
46, 260, 12, 974, 66, -3, 180, 1015, 48;
48, 260, 14, 992, 62, 7, 187, 1017, 55;
48, 260, 14, 998, 46, 10, 189, 1014, 57;
49, 259, 15, 1007, 34, 15, 193, 1012, 60;
43, 252, 9, 950, -42, -21, 169, 983, 37;
50, 258, 16, 1019, 5, 24, 198, 1007, 66;
47, 253, 13, 988, -45, 4, 185, 989, 53;
49, 254, 15, 1001, -50, 14, 191, 991, 59;
49, 253, 16, 1006, -63, 19, 194, 988, 62;
42, 245, 9, 937, -149, -24, 166, 956, 35;
42, 244, 9, 937, -166, -21, 167, 953, 37;
45, 245, 11, 954, -164, -7, 175, 957, 46;
42, 242, 9, 930, -204, -20, 166, 943, 38;
41, 240, 9, 918, -230, -24, 163, 936, 35;
41, 239, 9, 917, -245, -21, 163, 933, 37;
49, 246, 17, 986, -189, 29, 194, 960, 69;
43, 238, 11, 921, -267, -9, 168, 931, 45;
43, 237, 11, 915, -284, -7, 168, 927, 46;
44, 238, 13, 921, -289, 1, 172, 928, 52;
45, 238, 15, 928, -292, 12, 177, 930, 58;
44, 236, 14, 910, -320, 6, 172, 921, 55;
44, 235, 14, 906, -332, 10, 172, 919, 57;
46, 237, 17, 923, -322, 29, 182, 927, 69;
44, 234, 15, 892, -360, 16, 172, 914, 61;
39, 229, 11, 844, -415, -7, 154, 894, 46;
39, 228, 12, 834, -431, -6, 153, 891, 47;
41, 230, 15, 848, -420, 12, 162, 898, 58;
34, 223, 8, 778, -495, -25, 136, 870, 34;
36, 224, 11, 784, -491, -12, 142, 874, 43;
38, 226, 14, 798, -480, 6, 151, 882, 54;
32, 219, 8, 732, -546, -27, 127, 857, 34;
34, 221, 11, 742, -537, -10, 134, 863, 44;
32, 218, 9, 712, -567, -19, 126, 853, 38;
37, 223, 15, 749, -529, 15, 145, 872, 60;
35, 221, 14, 720, -556, 7, 136, 863, 55;
29, 215, 9, 655, -618, -23, 114, 840, 36;
32, 218, 13, 676, -594, 2, 126, 852, 52;
34, 220, 16, 685, -581, 20, 134, 860, 63;
31, 217, 13, 643, -618, 4, 121, 847, 53;
25, 211, 8, 575, -679, -27, 97, 824, 33;
30, 216, 15, 616, -631, 12, 119, 845, 58;
25, 212, 11, 562, -679, -10, 101, 828, 44;
26, 213, 12, 557, -675, 0, 103, 831, 50;
25, 212, 12, 534, -689, -2, 98, 827, 49;
20, 207, 9, 478, -735, -25, 80, 810, 35;
19, 207, 8, 456, -746, -25, 76, 807, 35;
27, 214, 17, 514, -677, 27, 105, 838, 67;
25, 214, 17, 492, -687, 26, 101, 835, 67;
18, 207, 10, 408, -758, -14, 71, 807, 42;
17, 207, 11, 391, -761, -10, 69, 807, 44;
14, 204, 9, 349, -789, -23, 57, 797, 36;
21, 212, 17, 405, -718, 29, 85, 828, 69;
20, 211, 17, 376, -731, 24, 78, 824, 66;
10, 202, 8, 274, -817, -27, 41, 789, 33;
18, 210, 17, 333, -741, 27, 71, 822, 68;
13, 206, 13, 273, -783, 3, 52, 805, 53;
12, 206, 13, 250, -787, 3, 48, 805, 53;
6, 200, 8, 177, -841, -28, 23, 783, 33;
5, 201, 9, 158, -841, -25, 20, 784, 35;
11, 208, 16, 206, -772, 22, 46, 813, 65;
5, 203, 11, 133, -824, -9, 21, 792, 44;
10, 208, 17, 162, -773, 26, 39, 814, 67;
7, 207, 15, 124, -789, 17, 29, 807, 61;
7, 208, 17, 111, -779, 24, 29, 812, 66;
0, 202, 11, 34, -833, -9, 3, 790, 44;
4, 207, 16, 59, -784, 23, 19, 810, 65;
4, 208, 17, 45, -774, 30, 18, 815, 69;
0, 204, 13, -19, -814, 3, -2, 798, 52;
-4, 201, 10, -70, -839, -13, -17, 787, 42;
-2, 205, 14, -64, -807, 6, -9, 800, 54;
-8, 200, 8, -138, -855, -26, -34, 780, 34;
-10, 200, 8, -163, -853, -26, -39, 781, 34;
-9, 202, 11, -165, -828, -12, -35, 790, 43;
-5, 207, 16, -143, -778, 18, -20, 811, 62;
-14, 200, 8, -240, -847, -29, -55, 781, 32;
-9, 206, 14, -210, -788, 6, -37, 805, 55;
-13, 204, 11, -257, -807, -8, -51, 797, 45;
-15, 203, 10, -290, -811, -14, -59, 794, 41;
-16, 203, 10, -320, -811, -18, -66, 793, 39;
-19, 202, 9, -353, -813, -24, -74, 791, 35;
-14, 209, 15, -319, -749, 13, -55, 816, 59;
-17, 207, 12, -365, -765, -2, -69, 808, 49;
-21, 205, 10, -412, -781, -18, -83, 801, 39;
-19, 209, 13, -403, -742, 2, -74, 816, 52;
-20, 209, 12, -433, -740, -2, -81, 815, 49;
-23, 207, 11, -471, -746, -12, -92, 811, 43;
-19, 213, 16, -445, -689, 19, -76, 833, 62;
-28, 206, 8, -536, -748, -27, -109, 806, 34;
-21, 215, 16, -481, -662, 23, -81, 840, 65;
-23, 214, 15, -518, -667, 12, -92, 836, 58;
-27, 212, 11, -568, -685, -7, -108, 827, 46;
-31, 210, 9, -614, -699, -24, -122, 819, 35;
-31, 211, 9, -627, -680, -19, -123, 825, 38;
-34, 211, 8, -661, -682, -29, -133, 822, 32;
-27, 219, 16, -605, -593, 20, -105, 857, 63;
-29, 218, 14, -641, -597, 9, -116, 853, 56;
-32, 217, 12, -678, -602, -3, -127, 849, 48;
-28, 224, 18, -644, -536, 31, -109, 874, 70;
-28, 225, 18, -659, -519, 32, -111, 878, 71;
-36, 218, 10, -745, -574, -13, -143, 853, 42;
-40, 217, 8, -788, -584, -31, -157, 846, 31;
-37, 221, 11, -769, -534, -7, -146, 865, 46;
-36, 224, 13, -768, -501, 3, -142, 875, 52;
-35, 227, 15, -768, -470, 13, -138, 886, 59;
-39, 225, 11, -813, -484, -7, -154, 877, 46;
-44, 222, 8, -864, -503, -31, -172, 866, 31;
-39, 228, 13, -825, -434, 3, -152, 892, 53;
-35, 234, 17, -798, -376, 30, -138, 913, 69;
-41, 229, 12, -863, -411, -5, -162, 896, 47;
-38, 234, 16, -838, -356, 19, -149, 916, 63;
-39, 235, 15, -858, -347, 13, -155, 916, 59;
-42, 233, 12, -892, -351, -1, -167, 912, 49;
-47, 231, 8, -938, -368, -25, -183, 901, 34;
-46, 233, 9, -940, -342, -20, -182, 909, 38;
-41, 240, 15, -892, -265, 17, -160, 938, 62;
-48, 234, 8, -968, -314, -27, -190, 915, 33;
-42, 242, 15, -910, -228, 16, -164, 947, 61;
-47, 239, 10, -963, -254, -14, -184, 933, 42;
-46, 241, 11, -963, -227, -9, -182, 941, 45;
-44, 245, 14, -941, -180, 9, -172, 957, 56;
-45, 245, 13, -958, -171, 1, -178, 957, 51;
-47, 245, 11, -981, -168, -10, -186, 955, 44;
-50, 243, 9, -1007, -170, -24, -196, 951, 35;
-45, 250, 14, -963, -101, 7, -177, 976, 55;
-47, 249, 12, -984, -99, -4, -185, 973, 47;
-41, 256, 18, -931, -23, 32, -162, 1002, 70;
-45, 254, 14, -972, -42, 6, -179, 991, 54;
-51, 249, 8, -1026, -74, -28, -201, 974, 32;
-49, 253, 10, -1003, -30, -13, -191, 988, 42;
-43, 261, 17, -945, 47, 25, -167, 1018, 66;
-41, 263, 18, -933, 79, 32, -163, 1027, 71;
-43, 263, 16, -948, 84, 21, -169, 1026, 64;
-50, 257, 9, -1016, 35, -24, -197, 1002, 35;
-46, 262, 12, -978, 90, -1, -182, 1022, 50;
-44, 265, 14, -957, 130, 11, -174, 1035, 58;
-47, 263, 11, -981, 122, -7, -185, 1028, 46;
-41, 270, 17, -925, 194, 27, -163, 1055, 67;
-49, 263, 9, -994, 140, -22, -193, 1029, 37;
-48, 265, 9, -985, 163, -20, -190, 1035, 38;
-49, 265, 8, -991, 172, -27, -194, 1035, 33;
-49, 267, 8, -983, 193, -26, -192, 1041, 34;
-46, 270, 11, -954, 234, -12, -182, 1055, 43;
-49, 268, 8, -974, 225, -31, -192, 1048, 31;
-43, 275, 13, -912, 298, 4, -168, 1075, 53;
-46, 272, 9, -940, 280, -20, -182, 1064, 38;
-48, 272, 8, -947, 282, -31, -187, 1062, 31;
-38, 283, 17, -847, 391, 28, -148, 1104, 68;
-42, 279, 12, -880, 365, -1, -164, 1090, 50;
-42, 279, 11, -880, 372, -8, -167, 1090, 45;
-45, 277, 8, -899, 359, -29, -177, 1082, 32;
-37, 286, 16, -814, 450, 19, -145, 1116, 62;
-41, 282, 11, -849, 420, -12, -162, 1101, 43;
-42, 282, 10, -845, 428, -18, -164, 1101, 39;
-42, 282, 9, -839, 437, -24, -164, 1102, 35;
-34, 290, 15, -761, 516, 17, -135, 1133, 62;
-31, 293, 18, -726, 553, 31, -124, 1145, 70;
-36, 289, 13, -755, 524, 1, -140, 1130, 51;
-36, 289, 11, -755, 524, -8, -143, 1128, 45;
-29, 296, 18, -676, 602, 32, -115, 1157, 71;
-29, 296, 16, -671, 605, 24, -116, 1156, 66;
-34, 291, 11, -706, 568, -10, -135, 1138, 44;
-31, 294, 13, -669, 600, 2, -124, 1150, 52;
-26, 300, 18, -606, 660, 32, -101, 1172, 71;
-32, 294, 10, -656, 604, -13, -127, 1147, 42;
-26, 300, 16, -588, 667, 19, -103, 1170, 63;
-26, 299, 15, -579, 669, 12, -103, 1169, 58;
-24, 301, 15, -551, 690, 18, -96, 1176, 62;
-29, 296, 9, -588, 644, -20, -116, 1155, 38;
-30, 295, 8, -582, 641, -30, -119, 1152, 32;
-25, 299, 11, -527, 686, -7, -101, 1168, 46;
-26, 298, 10, -520, 683, -16, -102, 1165, 40;
-18, 306, 17, -432, 759, 27, -71, 1195, 67;
-22, 302, 12, -457, 722, -3, -86, 1178, 48;
-25, 298, 8, -473, 693, -29, -98, 1165, 32;
-18, 304, 13, -401, 752, 4, -73, 1188, 53;
-18, 304, 12, -386, 753, 0, -72, 1187, 50;
-13, 309, 17, -323, 800, 25, -51, 1205, 66;
-21, 300, 8, -384, 724, -30, -81, 1172, 32;
-15, 305, 12, -319, 772, -2, -60, 1191, 49;
-14, 306, 12, -294, 780, -1, -55, 1193, 49;
-10, 309, 15, -242, 814, 17, -39, 1206, 61;
-14, 303, 9, -275, 763, -20, -58, 1184, 38;
-13, 303, 9, -252, 766, -21, -54, 1185, 37;
-10, 306, 12, -203, 796, -4, -39, 1196, 48;
-6, 309, 14, -154, 825, 12, -24, 1208, 58;
-5, 310, 15, -128, 829, 12, -19, 1209, 58;
-4, 310, 14, -106, 829, 11, -16, 1209, 57;
0, 312, 17, -57, 856, 27, -1, 1220, 68;
-2, 309, 13, -67, 824, 4, -10, 1206, 53;
-3, 307, 11, -61, 806, -8, -14, 1198, 45;
-3, 305, 10, -50, 794, -16, -15, 1193, 40;
-1, 307, 11, -11, 808, -7, -4, 1199, 46;
0, 307, 11, 9, 804, -9, -1, 1197, 44;
7, 313, 18, 98, 867, 32, 29, 1223, 71;
0, 305, 10, 49, 792, -16, 3, 1193, 40;
0, 303, 8, 54, 771, -29, 0, 1184, 32;
6, 308, 13, 126, 816, 2, 24, 1203, 52;
6, 307, 12, 145, 808, -1, 26, 1200, 50;
4, 304, 9, 140, 775, -20, 19, 1187, 37;
5, 303, 8, 157, 763, -26, 20, 1183, 34;
12, 308, 14, 234, 813, 9, 47, 1204, 56;
14, 310, 16, 272, 822, 18, 57, 1209, 62;
9, 303, 9, 237, 757, -20, 37, 1183, 38;
10, 302, 9, 256, 746, -23, 39, 1179, 36;
18, 308, 16, 343, 804, 18, 70, 1204, 62;
16, 305, 13, 343, 774, 3, 65, 1193, 52;
14, 301, 9, 332, 732, -19, 55, 1177, 38;
20, 306, 14, 400, 769, 10, 78, 1194, 57;
24, 308, 17, 452, 791, 30, 94, 1204, 69;
19, 301, 11, 416, 723, -9, 74, 1177, 45;
24, 305, 15, 475, 751, 15, 94, 1190, 60;
26, 306, 16, 510, 754, 24, 103, 1193, 66;
19, 297, 9, 460, 673, -23, 77, 1161, 36;
22, 298, 10, 492, 673, -16, 86, 1163, 40;
30, 304, 17, 579, 728, 27, 117, 1188, 68;
26, 299, 13, 559, 676, 0, 104, 1168, 51;
27, 298, 12, 572, 657, -3, 105, 1162, 48;
28, 297, 12, 597, 649, 0, 111, 1161, 50;
24, 291, 7, 568, 589, -32, 95, 1138, 30;
31, 297, 13, 645, 633, 5, 122, 1159, 54;
28, 293, 10, 632, 589, -14, 113, 1142, 41;
30, 293, 11, 661, 585, -7, 120, 1143, 46;
32, 293, 12, 687, 579, -2, 127, 1143, 49;
33, 292, 13, 708, 568, 0, 132, 1141, 51;
31, 288, 9, 694, 522, -20, 122, 1124, 38;
30, 286, 8, 698, 494, -28, 120, 1115, 33;
40, 293, 16, 793, 558, 23, 156, 1144, 65;
38, 290, 14, 790, 523, 11, 151, 1133, 58;
40, 290, 15, 810, 512, 14, 156, 1131, 60;
40, 288, 15, 824, 495, 14, 158, 1126, 60;
40, 286, 13, 825, 465, 5, 156, 1117, 54;
44, 289, 17, 873, 482, 28, 172, 1127, 68;
39, 282, 12, 837, 415, -4, 154, 1102, 48;
41, 282, 13, 860, 408, 3, 161, 1102, 52;
38, 277, 9, 836, 354, -20, 148, 1082, 37;
40, 278, 11, 863, 352, -10, 157, 1085, 44;
46, 282, 16, 926, 385, 24, 180, 1101, 65;
41, 275, 11, 886, 316, -9, 162, 1076, 45;
42, 274, 11, 897, 298, -8, 164, 1072, 45;
48, 280, 18, 965, 339, 31, 190, 1092, 70;
43, 273, 12, 922, 267, -3, 170, 1065, 48;
47, 275, 15, 960, 278, 16, 185, 1073, 61;
46, 272, 14, 955, 246, 8, 181, 1063, 56;
41, 265, 8, 910, 174, -26, 160, 1036, 34;
45, 268, 13, 957, 195, 1, 179, 1049, 51;
46, 267, 13, 965, 177, 2, 181, 1044, 52;
48, 268, 15, 987, 175, 14, 189, 1047, 59;
47, 266, 14, 983, 146, 8, 186, 1038, 56;
41, 258, 7, 926, 65, -31, 161, 1008, 31;
48, 263, 14, 991, 107, 9, 188, 1029, 56;
50, 264, 16, 1015, 108, 24, 197, 1032, 65;
43, 256, 9, 949, 19, -21, 169, 999, 37;
48, 260, 14, 999, 47, 11, 190, 1014, 57;
45, 255, 11, 966, -6, -11, 176, 995, 44;
51, 260, 17, 1026, 32, 28, 201, 1015, 68;
47, 254, 13, 986, -27, 2, 184, 993, 52;
49, 255, 15, 1004, -28, 15, 192, 996, 60;
46, 251, 12, 973, -78, -4, 180, 979, 48;
46, 250, 13, 977, -92, 0, 182, 977, 50;
45, 248, 12, 966, -120, -4, 178, 968, 47;
41, 243, 8, 925, -178, -30, 162, 947, 32;
42, 242, 9, 930, -189, -23, 165, 947, 36;
44, 244, 11, 950, -184, -7, 174, 952, 46;
50, 248, 17, 1000, -149, 29, 196, 970, 69;
47, 244, 14, 964, -198, 10, 183, 953, 57;
46, 242, 14, 954, -221, 8, 180, 946, 55;
49, 245, 17, 980, -208, 29, 193, 955, 69;
42, 237, 11, 910, -290, -11, 165, 924, 43;
42, 235, 11, 901, -309, -11, 164, 919, 43;
42, 235, 11, 897, -323, -8, 164, 917, 45;
47, 239, 17, 941, -289, 27, 184, 934, 67;
39, 231, 10, 861, -377, -19, 154, 901, 39;
37, 228, 8, 836, -410, -28, 146, 890, 33;
46, 236, 17, 910, -343, 28, 179, 921, 68;
36, 225, 8, 810, -449, -30, 140, 880, 31;
36, 225, 9, 806, -458, -24, 142, 879, 35;
37, 225, 10, 806, -462, -15, 145, 880, 41;
39, 227, 13, 822, -450, 3, 154, 888, 53;
35, 222, 9, 771, -505, -21, 136, 869, 37;
42, 230, 18, 835, -442, 31, 166, 897, 70;
33, 220, 9, 736, -543, -24, 128, 858, 35;
33, 220, 10, 735, -544, -14, 132, 860, 41;
38, 225, 16, 772, -507, 20, 150, 878, 63;
31, 217, 9, 693, -585, -21, 122, 849, 37;
29, 216, 9, 670, -606, -25, 116, 842, 35;
28, 214, 8, 648, -625, -28, 111, 837, 33;
29, 215, 10, 647, -622, -16, 115, 840, 40;
32, 218, 13, 663, -603, 5, 125, 851, 54;
30, 216, 13, 639, -621, 2, 120, 845, 52;
31, 217, 15, 636, -619, 12, 122, 849, 58;
28, 214, 12, 596, -652, -1, 110, 837, 50;
27, 213, 12, 576, -665, -1, 107, 834, 50;
22, 208, 8, 515, -717, -28, 86, 814, 33;
25, 212, 12, 532, -691, -3, 98, 827, 48;
19, 207, 8, 471, -742, -30, 77, 807, 32;
28, 216, 17, 541, -662, 30, 111, 842, 69;
22, 210, 13, 476, -715, 1, 89, 822, 51;
19, 208, 11, 434, -745, -11, 77, 811, 43;
24, 212, 16, 462, -704, 21, 93, 830, 64;
18, 208, 12, 399, -753, -5, 72, 811, 47;
18, 207, 12, 381, -757, -2, 70, 810, 49;
12, 202, 7, 313, -810, -32, 47, 790, 30;
17, 208, 14, 351, -756, 8, 68, 813, 56;
18, 210, 16, 345, -746, 20, 71, 819, 63;
15, 208, 15, 310, -764, 12, 62, 812, 58;
10, 204, 11, 250, -806, -11, 42, 796, 43;
15, 209, 17, 281, -756, 24, 61, 817, 66;
6, 201, 8, 181, -838, -26, 24, 784, 34;
14, 210, 18, 245, -754, 32, 56, 820, 71;
6, 203, 11, 159, -819, -8, 26, 793, 45;
7, 204, 13, 148, -809, 0, 27, 798, 51;
6, 205, 13, 128, -808, 3, 25, 799, 53;
3, 202, 11, 84, -829, -9, 12, 791, 45;
2, 203, 12, 64, -826, -6, 9, 792, 47;
2, 204, 12, 48, -819, 0, 8, 795, 50;
1, 204, 13, 27, -816, 1, 5, 797, 52;
-2, 201, 10, -26, -846, -17, -10, 785, 40;
-4, 200, 9, -59, -854, -23, -19, 781, 36;
-4, 201, 10, -72, -842, -15, -18, 786, 41;
-5, 202, 11, -93, -836, -12, -21, 788, 43;
-8, 200, 9, -133, -850, -23, -32, 782, 36;
-3, 207, 15, -97, -787, 17, -12, 808, 61;
-6, 205, 13, -139, -802, 5, -24, 801, 54;
-9, 203, 11, -186, -821, -9, -37, 793, 45;
-9, 205, 13, -194, -800, 1, -35, 801, 51;
-13, 202, 10, -244, -822, -15, -51, 791, 41;
-10, 206, 14, -234, -783, 6, -41, 806, 55;
-14, 204, 11, -283, -803, -10, -56, 797, 44;
-16, 203, 10, -318, -808, -17, -65, 794, 40;
-12, 209, 15, -292, -753, 15, -49, 816, 60;
-14, 209, 14, -323, -753, 10, -56, 815, 57;
-22, 202, 8, -408, -808, -30, -86, 791, 31;
-19, 207, 12, -392, -762, -5, -75, 809, 47;
-15, 212, 16, -373, -712, 22, -62, 828, 64;
-21, 208, 11, -440, -748, -7, -84, 812, 46;
-21, 210, 13, -451, -727, 0, -84, 819, 51;
-21, 211, 14, -463, -708, 6, -84, 825, 55;
-19, 214, 16, -460, -673, 23, -77, 838, 65;
-20, 216, 17, -472, -653, 29, -78, 844, 69;
-20, 217, 17, -491, -640, 30, -81, 848, 69;
-26, 213, 13, -555, -672, 1, -102, 833, 52;
-28, 213, 12, -588, -673, -6, -111, 830, 46;
-31, 212, 10, -623, -675, -16, -121, 827, 40;
-33, 211, 9, -655, -675, -25, -130, 825, 35;
-33, 213, 10, -660, -649, -16, -128, 834, 40;
-26, 222, 17, -609, -565, 30, -103, 866, 69;
-30, 220, 14, -657, -581, 10, -118, 858, 57;
-38, 214, 7, -739, -632, -32, -149, 834, 30;
-34, 219, 12, -714, -574, -3, -134, 856, 48;
-34, 220, 12, -727, -556, -1, -136, 861, 49;
-34, 222, 13, -736, -533, 3, -136, 868, 53;
-36, 222, 12, -763, -528, -3, -143, 867, 48;
-32, 228, 17, -731, -464, 28, -126, 891, 68;
-41, 221, 9, -821, -522, -21, -160, 864, 37;
-39, 224, 11, -816, -486, -9, -155, 876, 45;
-43, 222, 8, -857, -497, -27, -169, 869, 34;
-35, 232, 17, -793, -401, 24, -139, 906, 66;
-38, 231, 14, -828, -406, 10, -150, 901, 57;
-44, 226, 9, -893, -441, -24, -175, 884, 35;
-37, 235, 16, -832, -350, 23, -147, 918, 65;
-42, 232, 13, -879, -367, 0, -164, 908, 50;
-44, 232, 11, -907, -366, -11, -173, 906, 43;
-39, 239, 16, -865, -295, 23, -153, 932, 65;
-42, 237, 14, -898, -299, 7, -164, 927, 55;
-39, 242, 17, -874, -247, 29, -152, 945, 69;
-49, 234, 8, -972, -317, -30, -191, 913, 32;
-46, 238, 11, -947, -265, -8, -179, 931, 45;
-43, 242, 14, -932, -223, 6, -171, 946, 55;
-49, 238, 9, -987, -251, -25, -192, 931, 35;
-48, 241, 10, -983, -221, -18, -189, 940, 39;
-46, 245, 13, -961, -174, 0, -179, 956, 50;
-41, 251, 17, -924, -112, 27, -163, 978, 68;
-41, 253, 18, -921, -84, 32, -160, 986, 71;
-44, 250, 14, -959, -97, 10, -175, 978, 57;
-50, 246, 9, -1013, -128, -24, -197, 961, 35;
-47, 250, 12, -988, -80, -5, -186, 978, 47;
-50, 249, 9, -1016, -86, -23, -197, 972, 36;
-45, 256, 14, -966, -14, 10, -176, 998, 57;
-42, 260, 17, -940, 33, 28, -165, 1015, 68;
-51, 252, 8, -1029, -35, -30, -202, 983, 31;
-48, 256, 11, -1000, 13, -11, -190, 1000, 43;
-47, 259, 13, -982, 51, 0, -183, 1012, 50;
-46, 261, 13, -973, 78, 4, -180, 1020, 53;
-48, 260, 11, -994, 75, -11, -189, 1016, 44;
-45, 264, 14, -961, 125, 8, -176, 1033, 56;
-43, 267, 15, -944, 158, 17, -170, 1043, 61;
-41, 270, 17, -921, 198, 30, -161, 1056, 69;
-49, 263, 9, -998, 136, -24, -194, 1027, 35;
-43, 271, 15, -931, 218, 16, -168, 1058, 61;
-43, 272, 15, -928, 235, 14, -168, 1062, 59;
-49, 267, 9, -980, 195, -25, -191, 1042, 35;
-48, 268, 9, -970, 217, -23, -189, 1048, 36;
-44, 273, 13, -927, 272, 0, -173, 1067, 50;
-40, 278, 16, -883, 327, 23, -156, 1087, 65;
-44, 275, 12, -919, 301, -6, -173, 1073, 47;
-45, 274, 10, -926, 304, -17, -178, 1071, 40;
-47, 274, 8, -932, 306, -28, -183, 1069, 33;
-41, 280, 13, -872, 373, 4, -161, 1093, 53;
-43, 279, 11, -881, 371, -9, -167, 1090, 45;
-42, 280, 11, -875, 384, -12, -167, 1092, 43;
-40, 283, 12, -846, 419, -1, -158, 1103, 49;
-36, 287, 16, -800, 469, 19, -142, 1121, 63;
-35, 289, 16, -783, 489, 22, -138, 1127, 64;
-33, 291, 17, -758, 518, 29, -131, 1136, 69;
-41, 284, 9, -822, 456, -22, -161, 1107, 37;
-31, 293, 18, -724, 554, 32, -124, 1146, 71;
-40, 285, 8, -801, 478, -29, -159, 1111, 32;
-33, 293, 15, -720, 560, 14, -129, 1142, 60;
-32, 293, 15, -706, 572, 12, -127, 1145, 58;
-37, 288, 9, -745, 531, -24, -147, 1126, 35;
-29, 297, 16, -658, 615, 21, -115, 1158, 64;
-34, 292, 11, -690, 580, -11, -132, 1141, 43;
-26, 299, 17, -613, 652, 27, -105, 1169, 68;
-34, 291, 8, -678, 582, -28, -136, 1137, 33;
-27, 299, 15, -595, 659, 14, -106, 1167, 59;
-24, 302, 17, -555, 693, 28, -93, 1179, 68;
-22, 303, 18, -529, 711, 32, -87, 1185, 71;
-23, 303, 16, -523, 709, 22, -89, 1182, 65;
-23, 302, 15, -517, 706, 13, -91, 1179, 59;
-25, 299, 11, -526, 687, -6, -100, 1169, 46;
-23, 301, 13, -495, 708, 0, -92, 1176, 50;
-17, 307, 18, -425, 766, 32, -68, 1198, 71;
-18, 306, 16, -419, 760, 21, -70, 1194, 64;
-16, 307, 16, -394, 773, 23, -65, 1198, 65;
-22, 300, 9, -439, 713, -21, -89, 1172, 37;
-20, 302, 10, -408, 730, -15, -81, 1177, 41;
-12, 309, 17, -316, 807, 30, -48, 1208, 69;
-11, 310, 17, -295, 812, 28, -45, 1209, 68;
-13, 307, 14, -298, 793, 11, -51, 1200, 58;
-15, 304, 11, -310, 763, -12, -62, 1186, 43;
-9, 310, 16, -232, 824, 23, -35, 1210, 65;
-10, 307, 13, -235, 802, 5, -42, 1201, 54;
-8, 309, 14, -204, 814, 10, -34, 1205, 57;
-6, 310, 16, -166, 832, 19, -24, 1211, 63;
-4, 311, 16, -141, 838, 20, -19, 1213, 63;
-10, 304, 9, -182, 775, -23, -42, 1187, 36;
-8, 305, 10, -149, 786, -17, -33, 1191, 39;
-9, 303, 7, -147, 766, -32, -38, 1182, 30;
-4, 307, 12, -83, 807, -6, -17, 1199, 46;
-1, 309, 13, -43, 824, 3, -6, 1205, 53;
1, 310, 15, -3, 840, 13, 4, 1212, 59;
4, 313, 17, 44, 864, 29, 18, 1222, 69;
4, 312, 16, 59, 853, 22, 18, 1218, 65;
3, 309, 14, 58, 827, 5, 12, 1207, 54;
6, 311, 15, 101, 844, 17, 24, 1214, 62;
7, 311, 15, 125, 842, 18, 29, 1214, 62;
5, 307, 12, 115, 805, -5, 19, 1199, 47;
1, 302, 7, 99, 762, -31, 7, 1181, 31;
5, 304, 10, 143, 778, -18, 20, 1188, 39;
13, 312, 17, 238, 844, 27, 53, 1217, 68;
11, 308, 14, 230, 808, 6, 45, 1202, 55;
8, 303, 9, 215, 764, -19, 33, 1185, 38;
12, 306, 12, 266, 786, -1, 49, 1195, 50;
15, 308, 14, 309, 800, 11, 61, 1201, 58;
13, 304, 11, 300, 761, -10, 52, 1186, 44;
12, 301, 9, 301, 731, -25, 47, 1175, 35;
13, 301, 9, 329, 729, -21, 53, 1175, 37;
21, 307, 15, 410, 779, 16, 82, 1198, 61;
16, 300, 10, 379, 717, -18, 64, 1173, 39;
19, 302, 12, 423, 731, -4, 77, 1180, 48;
19, 300, 10, 428, 704, -15, 74, 1171, 41;
22, 302, 13, 474, 719, 0, 88, 1178, 51;
24, 302, 14, 505, 717, 6, 96, 1180, 54;
25, 301, 13, 521, 702, 3, 98, 1175, 52;
30, 305, 18, 584, 733, 31, 119, 1190, 70;
29, 302, 16, 587, 704, 19, 116, 1179, 63;
25, 296, 10, 557, 642, -13, 99, 1156, 42;
30, 299, 15, 616, 669, 12, 119, 1169, 58;
24, 291, 7, 568, 589, -32, 95, 1138, 30;
35, 300, 17, 680, 668, 29, 136, 1173, 69;
29, 293, 11, 636, 592, -12, 114, 1144, 43;
30, 293, 11, 661, 585, -7, 120, 1143, 46;
31, 292, 11, 680, 572, -7, 124, 1140, 46;
32, 291, 12, 699, 559, -5, 128, 1137, 47;
37, 294, 15, 752, 580, 17, 146, 1148, 62;
37, 292, 14, 758, 554, 10, 145, 1140, 57;
33, 286, 10, 729, 494, -18, 129, 1118, 39;
41, 293, 17, 818, 551, 29, 162, 1144, 69;
33, 283, 8, 748, 450, -26, 130, 1105, 34;
33, 282, 8, 760, 430, -28, 132, 1100, 33;
34, 281, 8, 774, 414, -28, 134, 1095, 33;
37, 281, 10, 805, 413, -16, 144, 1098, 40;
42, 285, 15, 866, 444, 15, 166, 1114, 60;
44, 286, 17, 893, 441, 25, 175, 1116, 66;
42, 282, 14, 881, 399, 8, 167, 1101, 56;
45, 282, 16, 908, 396, 19, 176, 1103, 63;
46, 282, 17, 929, 388, 26, 182, 1103, 67;
40, 274, 10, 872, 302, -18, 156, 1070, 39;
43, 276, 12, 908, 310, 0, 169, 1076, 50;
47, 278, 16, 952, 325, 22, 185, 1086, 64;
44, 273, 13, 928, 273, 0, 173, 1068, 51;
44, 272, 13, 936, 254, 0, 174, 1063, 51;
46, 272, 14, 953, 244, 6, 180, 1062, 55;
45, 270, 13, 949, 213, 0, 177, 1053, 50;
48, 271, 16, 983, 221, 18, 189, 1059, 62;
42, 264, 9, 930, 143, -20, 166, 1030, 38;
47, 267, 14, 978, 165, 8, 185, 1043, 55;
46, 265, 13, 971, 134, 0, 181, 1033, 51;
48, 265, 15, 995, 134, 14, 190, 1036, 59;
47, 262, 13, 980, 95, 2, 183, 1024, 52;
49, 263, 15, 1005, 97, 16, 193, 1028, 61;
42, 255, 8, 941, 11, -26, 166, 996, 34;
44, 256, 11, 963, 11, -12, 175, 999, 43;
48, 258, 14, 998, 25, 10, 189, 1008, 57;
47, 255, 13, 984, -9, 0, 183, 997, 51;
52, 259, 18, 1031, 18, 32, 203, 1012, 71;
51, 257, 17, 1019, -13, 25, 198, 1003, 66;
48, 253, 14, 991, -60, 7, 187, 986, 55;
51, 255, 18, 1024, -44, 31, 202, 996, 70;
43, 246, 10, 949, -137, -16, 171, 961, 40;
45, 247, 12, 963, -140, -4, 178, 963, 47;
48, 248, 15, 985, -134, 12, 188, 969, 58;
45, 245, 12, 959, -175, -1, 178, 956, 50;
42, 241, 10, 927, -221, -18, 166, 940, 39;
47, 245, 15, 971, -191, 14, 186, 955, 60;
44, 240, 12, 934, -241, -5, 172, 938, 47;
47, 243, 15, 961, -226, 17, 185, 947, 61;
45, 239, 13, 933, -266, 4, 175, 934, 53;
40, 234, 10, 890, -320, -18, 159, 915, 39;
48, 241, 18, 957, -263, 31, 189, 942, 70;
43, 235, 13, 902, -327, 1, 169, 918, 52;
40, 232, 11, 872, -366, -11, 158, 905, 43;
40, 231, 11, 868, -377, -6, 159, 904, 46;
46, 236, 17, 910, -343, 28, 179, 921, 68;
38, 227, 10, 828, -431, -18, 148, 888, 39;
39, 228, 12, 834, -431, -6, 153, 891, 47;
43, 232, 17, 868, -401, 25, 170, 906, 66;
36, 224, 10, 794, -479, -15, 143, 877, 41;
37, 225, 12, 798, -477, -2, 148, 880, 49;
42, 229, 17, 831, -447, 28, 164, 895, 68;
41, 228, 17, 815, -464, 28, 161, 891, 68;
39, 226, 16, 789, -490, 21, 154, 883, 64;
39, 225, 16, 776, -503, 23, 152, 880, 65;
34, 220, 12, 720, -558, -3, 133, 860, 49;
38, 224, 17, 749, -528, 27, 148, 875, 67;
29, 215, 9, 658, -615, -21, 115, 841, 37;
30, 216, 11, 655, -614, -11, 118, 844, 43;
28, 215, 10, 632, -633, -14, 112, 838, 41;
26, 212, 8, 595, -665, -27, 101, 827, 34;
29, 215, 12, 615, -640, -1, 114, 840, 50;
25, 211, 9, 567, -681, -20, 98, 825, 38;
28, 214, 13, 582, -658, 2, 109, 836, 52;
30, 217, 16, 594, -638, 24, 119, 847, 65;
24, 211, 11, 525, -698, -8, 95, 824, 45;
24, 211, 13, 516, -697, 0, 96, 826, 51;
28, 216, 17, 540, -662, 30, 111, 842, 69;
20, 208, 10, 451, -740, -14, 79, 812, 41;
20, 209, 12, 446, -733, -3, 81, 816, 48;
17, 206, 10, 402, -764, -18, 68, 805, 39;
16, 205, 10, 379, -774, -19, 64, 802, 39;
14, 204, 9, 349, -789, -23, 57, 797, 36;
18, 208, 14, 372, -751, 6, 71, 814, 55;
17, 208, 13, 347, -761, 5, 66, 812, 54;
11, 203, 9, 281, -810, -22, 44, 792, 36;
17, 210, 16, 327, -747, 23, 69, 820, 65;
10, 204, 11, 249, -807, -12, 42, 796, 43;
9, 204, 11, 227, -810, -11, 38, 795, 44;
13, 208, 15, 247, -772, 17, 52, 812, 62;
5, 201, 9, 162, -836, -22, 22, 786, 37;
3, 199, 7, 123, -855, -32, 11, 779, 30;
9, 207, 15, 174, -783, 17, 38, 809, 61;
2, 201, 10, 95, -841, -18, 11, 786, 39;
2, 202, 11, 79, -834, -12, 10, 789, 42;
5, 205, 14, 88, -802, 9, 19, 802, 56;
4, 206, 15, 70, -797, 14, 17, 805, 59;
3, 206, 15, 47, -796, 15, 13, 805, 60;
-4, 199, 8, -43, -863, -28, -17, 778, 32;
0, 204, 13, -21, -816, 1, -3, 797, 52;
2, 208, 17, -5, -774, 29, 8, 814, 69;
-1, 206, 14, -56, -799, 11, -6, 804, 58;
0, 209, 17, -52, -769, 30, 0, 816, 70;
-8, 201, 10, -148, -838, -16, -33, 787, 40;
-11, 200, 8, -188, -851, -27, -44, 781, 34;
-3, 209, 17, -126, -761, 30, -13, 817, 69;
-10, 203, 11, -210, -816, -9, -42, 794, 45;
-10, 205, 13, -215, -794, 3, -39, 803, 52;
-10, 206, 14, -235, -784, 6, -41, 806, 54;
-8, 209, 16, -232, -752, 24, -35, 818, 65;
-11, 208, 15, -273, -763, 12, -46, 813, 58;
-13, 208, 14, -305, -765, 6, -54, 811, 55;
-21, 202, 7, -386, -817, -31, -83, 788, 31;
-17, 208, 13, -359, -759, 1, -66, 811, 51;
-17, 208, 13, -380, -750, 2, -70, 814, 52;
-23, 204, 9, -445, -783, -25, -91, 798, 35;
-18, 211, 14, -412, -719, 11, -73, 823, 58;
-18, 212, 15, -426, -702, 16, -73, 829, 61;
-19, 213, 16, -444, -688, 19, -76, 833, 63;
-28, 206, 8, -541, -754, -30, -111, 804, 31;
-28, 207, 9, -554, -735, -25, -112, 810, 35;
-26, 211, 11, -547, -696, -6, -104, 825, 46;
-29, 210, 10, -583, -700, -16, -114, 821, 40;
-27, 214, 13, -578, -663, 0, -108, 834, 50;
-30, 213, 11, -614, -667, -11, -118, 831, 43;
-29, 216, 13, -614, -635, 1, -113, 842, 52;
-27, 219, 15, -609, -598, 17, -107, 855, 62;
-28, 220, 15, -629, -585, 17, -111, 858, 61;
-29, 221, 16, -644, -568, 19, -113, 863, 63;
-32, 219, 13, -685, -577, 4, -126, 857, 53;
-30, 223, 16, -677, -537, 20, -119, 871, 64;
-29, 225, 17, -679, -507, 30, -116, 881, 70;
-32, 225, 16, -711, -507, 20, -125, 878, 63;
-33, 226, 16, -727, -492, 20, -128, 882, 63;
-34, 226, 15, -753, -486, 13, -136, 882, 59;
-35, 227, 15, -767, -469, 13, -138, 886, 59;
-36, 227, 14, -789, -459, 9, -144, 887, 56;
-39, 227, 12, -818, -457, 0, -152, 885, 50;
-38, 229, 14, -817, -426, 8, -149, 896, 56;
-38, 231, 15, -822, -400, 13, -148, 903, 59;
-46, 225, 7, -904, -452, -32, -179, 879, 30;
-41, 231, 13, -866, -384, 0, -161, 904, 51;
-37, 237, 17, -835, -323, 29, -145, 926, 69;
-38, 238, 17, -847, -306, 28, -148, 930, 68;
-38, 239, 17, -858, -288, 27, -150, 935, 68;
-46, 233, 10, -934, -336, -16, -180, 912, 40;
-44, 237, 12, -919, -292, 0, -171, 927, 50;
-45, 237, 11, -938, -283, -7, -177, 927, 46;
-47, 237, 9, -965, -283, -20, -186, 924, 38;
-49, 236, 8, -987, -278, -30, -194, 923, 32;
-49, 238, 9, -985, -250, -24, -192, 931, 35;
-46, 243, 12, -960, -198, -3, -180, 949, 48;
-44, 247, 14, -944, -157, 11, -172, 963, 57;
-42, 250, 17, -929, -116, 24, -164, 977, 66;
-49, 244, 10, -999, -161, -19, -192, 954, 39;
-46, 249, 13, -974, -113, 0, -181, 971, 50;
-43, 253, 16, -946, -62, 20, -169, 989, 63;
-46, 252, 13, -977, -69, 1, -181, 983, 52;
-51, 248, 8, -1021, -91, -26, -199, 970, 34;
-51, 249, 8, -1027, -75, -29, -201, 973, 32;
-50, 252, 9, -1016, -43, -22, -197, 983, 37;
-49, 254, 10, -1010, -17, -18, -194, 991, 39;
-48, 256, 11, -999, 13, -11, -190, 1000, 43;
-47, 259, 12, -982, 50, 0, -183, 1012, 50;
-49, 257, 10, -1008, 43, -18, -194, 1006, 39;
-49, 259, 10, -1000, 68, -15, -192, 1013, 41;
-49, 260, 9, -1004, 83, -19, -194, 1015, 38;
-43, 268, 16, -941, 162, 19, -168, 1045, 63;
-48, 264, 11, -983, 136, -11, -187, 1031, 43;
-43, 270, 15, -934, 200, 17, -168, 1054, 62;
-48, 265, 10, -983, 166, -18, -189, 1036, 39;
-50, 265, 8, -994, 168, -30, -195, 1034, 32;
-43, 272, 14, -928, 248, 9, -169, 1064, 56;
-41, 275, 16, -903, 285, 21, -161, 1076, 64;
-45, 272, 11, -939, 260, -8, -178, 1062, 45;
-42, 276, 14, -901, 309, 11, -164, 1080, 58;
-42, 276, 13, -903, 317, 4, -167, 1080, 53;
-41, 278, 14, -890, 340, 6, -163, 1086, 55;
-42, 278, 13, -887, 351, 1, -164, 1087, 52;
-45, 276, 9, -909, 337, -20, -176, 1078, 38;
-36, 285, 17, -823, 429, 29, -143, 1114, 69;
-43, 279, 10, -879, 380, -15, -169, 1090, 41;
-45, 278, 8, -890, 374, -31, -177, 1085, 31;
-36, 287, 15, -804, 464, 17, -144, 1119, 61;
-38, 285, 13, -814, 459, 1, -151, 1114, 52;
-38, 286, 12, -804, 471, -1, -150, 1117, 50;
-36, 288, 13, -780, 498, 5, -143, 1125, 54;
-39, 285, 10, -799, 480, -17, -155, 1115, 40;
-40, 285, 8, -797, 482, -26, -157, 1113, 34;
-38, 288, 10, -767, 512, -16, -148, 1123, 40;
-33, 292, 14, -715, 563, 6, -131, 1141, 55;
-34, 291, 12, -716, 560, -5, -135, 1138, 47;
-35, 291, 10, -714, 559, -15, -138, 1135, 41;
-34, 292, 10, -692, 577, -13, -133, 1140, 42;
-35, 291, 9, -692, 573, -25, -137, 1136, 35;
-29, 297, 13, -629, 631, 4, -115, 1158, 53;
-31, 295, 11, -633, 621, -10, -121, 1151, 44;
-28, 298, 13, -595, 652, 1, -110, 1162, 51;
-30, 296, 10, -602, 638, -16, -117, 1154, 40;
-23, 302, 16, -527, 705, 20, -91, 1180, 63;
-29, 295, 8, -577, 646, -26, -116, 1154, 34;
-20, 304, 16, -481, 732, 23, -81, 1188, 65;
-18, 306, 18, -447, 756, 32, -72, 1196, 70;
-22, 301, 12, -476, 715, -1, -89, 1177, 50;
-18, 306, 16, -421, 758, 20, -71, 1193, 63;
-24, 299, 9, -465, 701, -23, -95, 1168, 36;
-17, 306, 15, -387, 766, 13, -67, 1194, 59;
-21, 301, 9, -417, 721, -21, -85, 1173, 37;
-19, 302, 10, -385, 738, -15, -77, 1179, 41;
-15, 306, 14, -329, 779, 6, -59, 1195, 55;
-18, 302, 10, -343, 748, -18, -70, 1181, 39;
-8, 311, 18, -243, 831, 32, -34, 1214, 71;
-8, 311, 17, -226, 830, 27, -32, 1213, 68;
-13, 305, 11, -263, 775, -12, -53, 1189, 43;
-9, 308, 14, -209, 809, 7, -36, 1203, 55;
-9, 307, 12, -198, 801, -1, -37, 1199, 50;
-11, 304, 9, -201, 777, -19, -44, 1188, 38;
-6, 308, 13, -141, 816, 4, -24, 1204, 53;
-6, 307, 12, -132, 804, -5, -26, 1198, 47;
0, 312, 17, -60, 853, 25, -2, 1218, 66;
1, 313, 17, -31, 860, 28, 4, 1221, 68;
0, 311, 16, -19, 848, 19, 3, 1215, 63;
0, 310, 15, -6, 838, 12, 3, 1211, 58;