0, 308, 12, -3, 816, -2, -1, 1202, 49;
2, 310, 14, 41, 835, 11, 11, 1210, 57;
5, 311, 16, 77, 846, 18, 20, 1215, 62;
2, 307, 12, 68, 812, -3, 11, 1201, 48;
9, 313, 17, 142, 859, 29, 36, 1221, 69;
8, 310, 15, 147, 837, 16, 33, 1212, 61;
10, 311, 16, 184, 846, 24, 42, 1216, 66;
12, 312, 17, 213, 848, 27, 49, 1217, 67;
6, 304, 10, 169, 776, -17, 25, 1188, 39;
8, 305, 11, 205, 783, -10, 34, 1192, 44;
12, 307, 13, 252, 801, 5, 48, 1200, 54;
9, 302, 9, 232, 752, -23, 35, 1181, 36;
9, 301, 8, 246, 736, -30, 35, 1175, 31;
17, 308, 15, 336, 796, 13, 67, 1201, 59;
11, 300, 7, 290, 721, -32, 43, 1171, 31;
12, 300, 8, 316, 716, -30, 48, 1170, 32;
22, 308, 17, 423, 793, 25, 87, 1203, 67;
18, 303, 12, 401, 739, -4, 73, 1183, 48;
22, 305, 14, 448, 755, 12, 87, 1190, 58;
18, 299, 9, 418, 694, -22, 70, 1167, 37;
18, 298, 9, 436, 680, -24, 72, 1163, 35;
25, 303, 15, 514, 727, 12, 100, 1184, 58;
20, 297, 9, 480, 661, -24, 81, 1158, 36;
23, 297, 10, 512, 661, -16, 89, 1160, 40;
23, 296, 9, 525, 642, -21, 90, 1154, 37;
24, 295, 10, 549, 634, -19, 95, 1153, 39;
28, 297, 13, 597, 650, 0, 111, 1161, 50;
33, 301, 17, 654, 675, 25, 130, 1174, 66;
25, 291, 8, 590, 578, -30, 99, 1136, 31;
35, 299, 16, 690, 646, 23, 136, 1166, 65;
28, 290, 9, 636, 560, -24, 110, 1133, 35;
36, 296, 16, 722, 614, 21, 142, 1158, 64;
37, 295, 16, 738, 598, 19, 144, 1153, 63;
37, 294, 16, 755, 583, 19, 147, 1150, 63;
35, 291, 13, 745, 542, 2, 140, 1135, 52;
35, 288, 12, 748, 513, -6, 137, 1126, 47;
41, 293, 17, 819, 552, 30, 163, 1144, 69;
33, 283, 8, 749, 450, -26, 130, 1105, 34;
35, 283, 10, 776, 446, -17, 138, 1106, 39;
42, 288, 16, 845, 485, 19, 164, 1125, 62;
38, 283, 11, 817, 426, -8, 149, 1103, 45;
41, 284, 14, 853, 431, 6, 161, 1108, 54;
45, 286, 17, 896, 444, 27, 176, 1117, 67;
44, 284, 16, 898, 416, 20, 174, 1108, 63;
46, 283, 17, 916, 404, 24, 179, 1106, 66;
47, 283, 17, 935, 394, 30, 185, 1105, 69;
46, 280, 16, 928, 358, 18, 179, 1093, 62;
42, 275, 12, 903, 304, -4, 166, 1074, 48;
42, 273, 11, 900, 273, -12, 163, 1065, 43;
43, 272, 12, 919, 264, -5, 169, 1064, 47;
44, 272, 12, 931, 249, -2, 173, 1061, 49;
49, 276, 17, 987, 277, 29, 194, 1076, 69;
49, 273, 16, 986, 250, 24, 192, 1068, 66;
46, 269, 14, 966, 204, 7, 182, 1052, 55;
47, 268, 14, 970, 183, 6, 183, 1047, 54;
43, 263, 10, 944, 131, -14, 171, 1029, 41;
48, 266, 14, 985, 148, 10, 187, 1039, 57;
46, 263, 13, 974, 113, 0, 181, 1028, 51;
49, 265, 16, 1006, 121, 19, 194, 1035, 62;
51, 266, 18, 1026, 119, 31, 202, 1037, 70;
45, 257, 11, 965, 35, -10, 176, 1006, 44;
42, 253, 8, 939, -12, -29, 165, 989, 32;
47, 257, 13, 987, 14, 2, 185, 1004, 52;
45, 254, 11, 968, -25, -10, 177, 991, 44;
44, 251, 10, 956, -56, -17, 172, 981, 40;
48, 255, 14, 999, -33, 11, 190, 994, 58;
51, 256, 17, 1020, -31, 27, 199, 998, 67;
50, 254, 16, 1013, -55, 24, 197, 992, 66;
49, 252, 16, 1006, -81, 21, 194, 985, 64;
49, 250, 15, 995, -108, 16, 191, 977, 61;
47, 247, 14, 976, -143, 6, 184, 965, 55;
46, 245, 13, 966, -168, 3, 181, 959, 53;
47, 246, 15, 975, -174, 13, 186, 959, 59;
45, 242, 13, 950, -212, 0, 177, 947, 51;
45, 242, 13, 947, -228, 3, 177, 943, 52;
46, 242, 14, 952, -236, 11, 181, 943, 57;
47, 241, 15, 952, -247, 16, 183, 942, 61;
39, 232, 8, 874, -337, -29, 152, 908, 32;
47, 240, 17, 951, -269, 27, 187, 939, 68;
38, 230, 8, 853, -376, -30, 148, 898, 31;
43, 235, 14, 899, -339, 6, 170, 917, 55;
45, 236, 16, 913, -333, 22, 178, 922, 65;
38, 229, 10, 843, -410, -16, 151, 893, 40;
38, 227, 10, 830, -429, -17, 149, 888, 40;
44, 233, 17, 883, -381, 26, 173, 911, 67;
38, 227, 12, 821, -448, -6, 151, 886, 47;
41, 229, 15, 841, -432, 16, 162, 896, 60;
34, 221, 8, 761, -514, -27, 132, 865, 33;
35, 223, 11, 772, -506, -10, 140, 871, 44;
33, 220, 9, 739, -540, -22, 130, 860, 36;
35, 222, 12, 748, -531, -6, 137, 866, 47;
36, 222, 13, 747, -532, 3, 140, 868, 53;
29, 215, 7, 676, -602, -32, 115, 842, 30;
30, 216, 9, 677, -600, -20, 119, 845, 37;
32, 218, 12, 687, -586, -2, 127, 853, 49;
30, 216, 11, 658, -611, -9, 119, 845, 45;
34, 220, 16, 684, -581, 19, 134, 860, 63;
28, 214, 11, 617, -643, -12, 110, 836, 43;
30, 216, 13, 622, -632, 3, 117, 843, 53;
27, 213, 11, 585, -663, -8, 106, 832, 45;
22, 209, 8, 532, -708, -30, 88, 816, 32;
27, 213, 13, 562, -670, 3, 106, 834, 52;
27, 214, 15, 557, -666, 13, 108, 837, 59;
22, 209, 10, 494, -719, -14, 87, 817, 41;
28, 215, 17, 537, -665, 28, 109, 841, 68;
22, 210, 12, 471, -720, -1, 87, 820, 50;
20, 209, 12, 443, -736, -5, 80, 815, 47;
16, 205, 9, 392, -774, -24, 64, 801, 35;
24, 213, 17, 451, -701, 29, 94, 832, 69;
18, 208, 13, 385, -754, 0, 71, 812, 50;
18, 209, 14, 375, -748, 8, 73, 815, 56;
16, 207, 13, 341, -767, 1, 64, 809, 51;
10, 202, 8, 271, -820, -29, 40, 788, 32;
18, 210, 17, 334, -740, 27, 71, 822, 68;
15, 208, 15, 289, -767, 14, 58, 812, 59;
7, 201, 8, 204, -834, -26, 28, 785, 34;
5, 200, 8, 177, -841, -28, 23, 783, 33;
12, 208, 16, 227, -771, 21, 49, 813, 64;
12, 209, 17, 215, -763, 29, 50, 817, 69;
10, 208, 16, 182, -775, 23, 42, 812, 65;
1, 200, 8, 84, -851, -25, 7, 781, 34;
0, 200, 9, 63, -850, -23, 3, 782, 36;
2, 203, 12, 65, -826, -5, 10, 793, 47;
6, 208, 17, 88, -779, 26, 25, 812, 67;
-3, 199, 8, -18, -862, -28, -13, 778, 33;
0, 204, 13, 6, -812, 4, 2, 798, 53;
-3, 201, 10, -51, -845, -17, -15, 785, 40;
-6, 200, 9, -84, -854, -23, -23, 781, 36;
-4, 203, 12, -83, -826, -5, -17, 793, 47;
-3, 205, 14, -89, -805, 6, -14, 801, 54;
-7, 202, 11, -141, -831, -12, -30, 790, 43;
-6, 205, 14, -138, -801, 6, -23, 802, 54;
-7, 205, 13, -165, -800, 4, -29, 801, 53;
-5, 209, 17, -158, -764, 25, -20, 816, 66;
-9, 206, 14, -210, -788, 6, -36, 805, 55;
-14, 202, 10, -271, -820, -17, -56, 791, 39;
-16, 202, 9, -305, -825, -24, -65, 788, 35;
-13, 206, 13, -288, -779, 2, -53, 806, 52;
-17, 204, 11, -333, -794, -12, -66, 799, 43;
-15, 208, 14, -329, -760, 6, -59, 812, 54;
-20, 204, 10, -390, -790, -19, -79, 798, 39;
-22, 204, 8, -424, -794, -26, -88, 795, 34;
-15, 212, 17, -368, -706, 26, -59, 830, 67;
-24, 205, 8, -470, -777, -26, -96, 800, 34;
-25, 205, 8, -491, -767, -26, -100, 802, 34;
-17, 215, 17, -427, -672, 30, -69, 840, 70;
-28, 206, 8, -539, -752, -29, -110, 805, 32;
-27, 209, 10, -540, -721, -16, -106, 816, 40;
-28, 210, 10, -559, -708, -14, -109, 820, 41;
-21, 218, 17, -513, -630, 29, -85, 850, 69;
-32, 209, 8, -622, -707, -29, -126, 816, 32;
-28, 214, 12, -600, -653, -1, -112, 837, 49;
-26, 218, 15, -591, -612, 17, -104, 851, 61;
-32, 214, 11, -651, -639, -9, -124, 838, 44;
-32, 216, 11, -667, -623, -8, -127, 842, 45;
-33, 216, 11, -689, -613, -10, -132, 844, 44;
-28, 223, 17, -646, -538, 29, -110, 873, 69;
-28, 225, 18, -659, -519, 32, -111, 878, 71;
-29, 226, 18, -678, -506, 31, -115, 881, 70;
-38, 219, 10, -768, -565, -17, -149, 854, 39;
-31, 227, 17, -712, -476, 30, -122, 888, 69;
-39, 221, 10, -800, -533, -17, -155, 862, 39;
-39, 223, 11, -802, -504, -9, -152, 872, 45;
-42, 222, 9, -837, -508, -23, -164, 867, 36;
-37, 229, 14, -799, -439, 11, -145, 893, 58;
-36, 231, 16, -799, -408, 20, -142, 903, 63;
-39, 230, 13, -834, -413, 5, -153, 898, 54;
-41, 230, 12, -860, -408, -2, -161, 897, 49;
-45, 227, 8, -909, -427, -27, -179, 886, 33;
-47, 227, 8, -926, -414, -31, -183, 888, 31;
-43, 233, 12, -895, -354, -3, -168, 910, 48;
-38, 240, 17, -855, -285, 29, -149, 936, 69;
-40, 239, 15, -882, -283, 18, -158, 933, 62;
-47, 234, 9, -950, -323, -20, -184, 914, 38;
-44, 238, 12, -931, -276, -2, -174, 930, 49;
-45, 239, 12, -941, -259, -3, -176, 934, 48;
-47, 239, 10, -963, -254, -14, -184, 933, 42;
-40, 247, 18, -901, -166, 31, -157, 966, 70;
-47, 242, 11, -969, -207, -9, -183, 946, 45;
-41, 250, 17, -915, -128, 30, -160, 975, 69;
-41, 250, 17, -925, -112, 27, -163, 978, 67;
-50, 243, 8, -1010, -173, -26, -197, 950, 34;
-48, 247, 11, -989, -128, -10, -188, 965, 44;
-47, 249, 12, -983, -99, -4, -185, 974, 48;
-42, 256, 17, -936, -28, 28, -164, 999, 68;
-48, 251, 11, -997, -66, -10, -189, 980, 44;
-42, 259, 17, -939, 12, 28, -165, 1010, 68;
-44, 258, 15, -958, 14, 16, -173, 1007, 61;
-42, 261, 17, -937, 56, 30, -164, 1021, 70;
-43, 262, 16, -945, 67, 24, -168, 1022, 66;
-41, 264, 18, -934, 99, 31, -163, 1032, 70;
-47, 260, 12, -986, 65, -4, -185, 1015, 48;
-48, 260, 10, -998, 71, -13, -190, 1014, 42;
-50, 260, 9, -1007, 80, -21, -195, 1014, 37;
-50, 260, 8, -1011, 91, -27, -198, 1016, 33;
-43, 269, 16, -936, 183, 20, -167, 1050, 63;
-42, 270, 16, -931, 203, 19, -167, 1055, 63;
-41, 272, 17, -916, 232, 25, -162, 1064, 67;
-46, 269, 12, -956, 206, -4, -180, 1050, 48;
-41, 274, 16, -909, 266, 22, -162, 1071, 64;
-46, 270, 10, -955, 233, -13, -182, 1054, 42;
-40, 277, 16, -893, 307, 22, -158, 1082, 65;
-48, 270, 8, -965, 245, -31, -190, 1053, 31;
-48, 271, 7, -958, 262, -32, -190, 1057, 30;
-41, 278, 14, -887, 342, 8, -162, 1087, 56;
-37, 283, 18, -842, 396, 31, -146, 1106, 70;
-39, 282, 16, -851, 395, 18, -152, 1102, 62;
-37, 284, 16, -831, 421, 24, -146, 1110, 65;
-43, 279, 10, -878, 380, -15, -169, 1090, 41;
-39, 284, 14, -833, 431, 6, -153, 1109, 55;
-39, 284, 13, -830, 438, 0, -155, 1109, 50;
-38, 286, 13, -812, 461, 3, -150, 1115, 52;
-35, 289, 15, -779, 497, 15, -139, 1127, 60;
-38, 286, 12, -798, 480, -6, -151, 1117, 46;
-32, 293, 17, -731, 548, 28, -126, 1143, 68;
-33, 292, 15, -733, 547, 16, -131, 1140, 61;
-35, 291, 13, -739, 541, 1, -137, 1135, 52;
-32, 294, 15, -701, 577, 16, -125, 1147, 61;
-30, 296, 16, -674, 602, 22, -118, 1155, 64;
-36, 289, 9, -726, 548, -23, -143, 1130, 36;
-34, 292, 10, -695, 575, -14, -134, 1139, 41;
-34, 292, 9, -686, 579, -20, -135, 1139, 37;
-29, 297, 14, -625, 635, 7, -114, 1159, 55;
-24, 301, 17, -573, 682, 29, -96, 1177, 69;
-29, 296, 11, -608, 639, -7, -116, 1157, 46;
-26, 299, 14, -567, 673, 7, -103, 1169, 55;
-24, 301, 15, -536, 696, 14, -95, 1176, 59;
-25, 299, 12, -540, 683, -1, -101, 1169, 49;
-25, 300, 12, -519, 694, -2, -97, 1172, 49;
-27, 298, 9, -528, 675, -21, -105, 1162, 37;
-24, 300, 11, -490, 701, -11, -95, 1171, 43;
-25, 299, 9, -484, 695, -21, -97, 1167, 37;
-17, 306, 15, -405, 761, 16, -70, 1193, 61;
-18, 304, 13, -400, 753, 4, -72, 1188, 54;
-15, 307, 16, -355, 783, 19, -59, 1199, 63;
-21, 300, 8, -401, 722, -26, -84, 1173, 34;
-19, 302, 10, -365, 743, -17, -74, 1180, 40;
-13, 307, 14, -299, 792, 10, -52, 1199, 57;
-9, 310, 17, -253, 821, 26, -38, 1210, 67;
-14, 305, 11, -283, 773, -9, -56, 1190, 44;
-12, 306, 12, -253, 785, -5, -49, 1193, 47;
-13, 304, 10, -244, 774, -15, -51, 1188, 41;
-11, 305, 11, -215, 784, -12, -44, 1191, 43;
-9, 306, 12, -181, 797, -6, -36, 1196, 47;
-2, 313, 18, -100, 857, 31, -7, 1221, 70;
-9, 304, 9, -158, 777, -23, -37, 1187, 36;
-9, 303, 8, -145, 768, -31, -37, 1183, 31;
-1, 310, 15, -54, 836, 12, -5, 1211, 59;
-6, 304, 9, -84, 784, -23, -23, 1189, 36;
1, 311, 15, -2, 841, 14, 4, 1212, 60;
0, 309, 13, 7, 827, 5, 3, 1207, 54;
0, 306, 11, 5, 800, -12, -3, 1195, 42;
0, 306, 11, 30, 799, -12, 1, 1195, 43;
2, 307, 11, 63, 807, -6, 9, 1199, 46;
0, 303, 8, 55, 772, -28, 0, 1184, 32;
7, 310, 14, 140, 830, 11, 30, 1209, 58;
3, 304, 9, 116, 778, -21, 14, 1188, 37;
3, 303, 8, 130, 765, -27, 14, 1183, 33;
14, 312, 18, 243, 850, 31, 56, 1219, 70;
10, 307, 13, 221, 800, 0, 41, 1199, 51;
7, 302, 8, 203, 752, -27, 28, 1180, 33;
12, 306, 13, 268, 788, 0, 50, 1196, 51;
18, 310, 17, 332, 822, 26, 71, 1211, 67;
10, 301, 8, 270, 731, -29, 40, 1174, 32;
20, 309, 17, 376, 806, 24, 78, 1206, 66;
19, 306, 14, 379, 779, 11, 74, 1196, 58;
18, 304, 12, 382, 751, -1, 70, 1186, 49;
17, 301, 10, 387, 726, -13, 67, 1177, 42;
17, 300, 9, 398, 705, -21, 67, 1170, 37;
25, 307, 17, 492, 768, 27, 101, 1197, 67;
20, 300, 11, 456, 701, -11, 81, 1171, 43;
26, 303, 15, 518, 730, 15, 101, 1185, 60;
21, 297, 9, 484, 665, -21, 83, 1160, 37;
22, 296, 9, 502, 651, -23, 85, 1156, 36;
21, 294, 8, 513, 630, -29, 85, 1149, 32;
22, 293, 8, 532, 617, -30, 88, 1145, 31;
24, 293, 8, 555, 608, -28, 94, 1144, 33;
29, 296, 12, 615, 636, -1, 114, 1158, 50;
32, 298, 14, 652, 641, 10, 125, 1162, 57;
33, 297, 15, 675, 631, 13, 130, 1160, 59;
34, 297, 15, 698, 622, 16, 135, 1158, 61;
28, 289, 8, 651, 543, -26, 112, 1128, 34;
32, 291, 11, 695, 555, -8, 126, 1135, 45;
32, 289, 10, 702, 530, -15, 125, 1128, 41;
32, 287, 9, 712, 508, -19, 126, 1121, 38;
40, 294, 17, 801, 565, 28, 159, 1147, 68;
41, 293, 17, 816, 549, 28, 162, 1143, 68;
36, 285, 11, 772, 473, -10, 140, 1115, 44;
40, 289, 15, 827, 497, 16, 159, 1127, 60;
36, 282, 10, 793, 432, -15, 142, 1103, 41;
38, 283, 12, 821, 430, -5, 151, 1105, 47;
36, 279, 8, 803, 381, -26, 140, 1088, 34;
38, 280, 11, 836, 384, -12, 151, 1092, 43;
40, 279, 11, 857, 375, -7, 157, 1091, 46;
41, 278, 12, 870, 358, -5, 160, 1087, 47;
37, 273, 8, 843, 302, -31, 146, 1067, 31;
44, 278, 14, 910, 340, 6, 172, 1086, 55;
41, 274, 11, 894, 295, -10, 163, 1071, 44;
45, 277, 15, 937, 310, 12, 179, 1080, 58;
45, 275, 14, 940, 285, 8, 178, 1073, 56;
40, 268, 8, 894, 212, -27, 157, 1045, 33;
42, 268, 10, 920, 211, -14, 166, 1048, 41;
45, 270, 13, 954, 219, 3, 179, 1055, 53;
46, 269, 13, 963, 201, 5, 181, 1051, 54;
41, 262, 8, 918, 130, -28, 161, 1025, 33;
44, 264, 11, 948, 136, -11, 173, 1031, 43;
51, 269, 18, 1017, 180, 31, 200, 1052, 70;
42, 259, 9, 936, 75, -24, 166, 1012, 35;
49, 265, 15, 1004, 119, 18, 193, 1034, 62;
49, 263, 15, 1003, 95, 15, 192, 1027, 60;
45, 257, 11, 964, 34, -11, 176, 1005, 44;
46, 258, 12, 979, 27, -2, 182, 1006, 49;
45, 255, 11, 964, -8, -12, 175, 994, 43;
45, 254, 11, 970, -23, -8, 177, 991, 45;
45, 253, 11, 972, -41, -6, 179, 987, 46;
43, 249, 9, 944, -88, -24, 167, 971, 35;
42, 247, 9, 943, -108, -24, 167, 966, 35;
46, 250, 12, 975, -94, -1, 181, 976, 50;
42, 245, 8, 934, -152, -26, 165, 955, 34;
47, 248, 13, 977, -126, 4, 183, 969, 53;
50, 250, 17, 1003, -116, 24, 195, 977, 66;
50, 250, 17, 1006, -128, 29, 197, 975, 69;
50, 248, 17, 999, -149, 29, 196, 970, 69;
48, 245, 15, 976, -186, 18, 188, 958, 62;
45, 241, 13, 945, -230, 1, 176, 942, 52;
45, 241, 13, 943, -245, 5, 177, 940, 54;
42, 237, 11, 911, -288, -10, 166, 925, 44;
46, 240, 15, 943, -267, 16, 181, 937, 61;
44, 237, 13, 915, -306, 3, 171, 924, 53;
41, 234, 11, 889, -341, -7, 163, 913, 46;
43, 234, 13, 896, -342, 4, 168, 915, 53;
41, 232, 12, 877, -369, -1, 163, 907, 50;
45, 235, 17, 905, -348, 24, 177, 919, 66;
42, 232, 14, 870, -389, 9, 165, 905, 56;
43, 232, 15, 868, -396, 16, 167, 905, 61;
42, 230, 15, 852, -416, 14, 164, 900, 60;
42, 231, 16, 852, -420, 23, 167, 901, 65;
41, 229, 15, 829, -447, 17, 160, 893, 61;
42, 230, 18, 835, -442, 31, 166, 897, 70;
40, 228, 16, 809, -469, 24, 159, 889, 66;
36, 223, 13, 761, -519, 2, 142, 871, 52;
36, 223, 14, 752, -527, 6, 142, 870, 55;
29, 216, 8, 679, -599, -30, 116, 843, 32;
35, 221, 14, 721, -555, 8, 137, 863, 56;
33, 219, 13, 693, -581, 1, 129, 855, 51;
33, 219, 13, 681, -589, 5, 129, 854, 54;
34, 220, 16, 685, -581, 20, 134, 860, 63;
33, 219, 16, 666, -594, 20, 131, 857, 63;
25, 211, 9, 579, -676, -25, 99, 825, 35;
27, 213, 12, 588, -660, -6, 107, 834, 47;
30, 216, 15, 604, -636, 17, 118, 846, 62;
27, 214, 13, 566, -666, 5, 107, 835, 54;
22, 209, 10, 509, -713, -18, 88, 817, 39;
28, 215, 16, 552, -661, 23, 111, 841, 65;
20, 208, 9, 466, -737, -19, 80, 811, 38;
24, 212, 14, 489, -702, 10, 94, 827, 57;
22, 210, 13, 457, -722, 3, 86, 821, 53;
20, 209, 12, 426, -740, -2, 78, 815, 49;
14, 203, 7, 359, -793, -31, 56, 794, 31;
20, 210, 15, 404, -734, 13, 79, 820, 59;
17, 207, 12, 360, -763, 0, 66, 809, 50;
20, 212, 17, 383, -724, 29, 81, 827, 69;
13, 205, 11, 303, -788, -8, 53, 801, 45;
9, 202, 8, 253, -821, -25, 38, 789, 34;
14, 207, 14, 282, -774, 9, 55, 809, 56;
8, 202, 9, 215, -823, -19, 33, 790, 38;
8, 203, 10, 199, -819, -13, 32, 792, 42;
7, 202, 10, 175, -824, -14, 27, 791, 42;
8, 204, 12, 170, -808, -1, 31, 798, 50;
3, 201, 9, 114, -844, -22, 13, 784, 36;
2, 200, 9, 88, -847, -23, 8, 783, 36;
7, 207, 15, 123, -790, 16, 28, 807, 61;
0, 200, 9, 38, -852, -23, 0, 781, 36;
-1, 200, 9, 15, -852, -22, -4, 782, 36;
5, 208, 17, 66, -777, 28, 22, 813, 68;
-2, 201, 10, -26, -845, -17, -10, 785, 40;
-1, 203, 12, -28, -823, -2, -6, 794, 49;
-2, 203, 12, -53, -822, -2, -10, 794, 49;
-2, 205, 14, -60, -803, 9, -8, 802, 56;
-2, 206, 15, -78, -795, 13, -10, 805, 59;
-5, 205, 13, -116, -806, 4, -20, 800, 53;
-8, 203, 11, -160, -822, -8, -32, 793, 45;
-12, 200, 8, -216, -850, -29, -50, 781, 32;
-6, 208, 16, -165, -772, 20, -23, 813, 63;
-10, 205, 13, -218, -796, 1, -40, 802, 52;
-8, 208, 16, -215, -764, 19, -33, 814, 63;
-16, 202, 9, -306, -826, -25, -65, 788, 35;
-13, 206, 13, -289, -779, 2, -53, 806, 52;
-15, 206, 12, -318, -779, -2, -60, 805, 49;
-12, 211, 16, -302, -733, 24, -48, 823, 65;
-16, 208, 13, -357, -757, 2, -65, 812, 52;
-20, 205, 10, -407, -777, -15, -81, 802, 41;
-22, 206, 10, -432, -770, -16, -86, 804, 40;
-20, 208, 12, -433, -741, -2, -81, 815, 49;
-19, 212, 15, -430, -705, 14, -75, 828, 60;
-17, 215, 17, -429, -673, 29, -69, 839, 69;
-18, 215, 17, -450, -663, 29, -73, 842, 69;
-27, 208, 10, -544, -725, -18, -108, 814, 39;
-25, 212, 13, -537, -686, 0, -100, 829, 51;
-26, 213, 13, -556, -673, 1, -103, 832, 51;
-26, 214, 13, -569, -654, 5, -104, 838, 54;
-28, 215, 13, -596, -649, 0, -111, 838, 51;
-26, 219, 16, -585, -606, 21, -102, 854, 64;
-29, 217, 14, -624, -613, 7, -113, 849, 55;
-29, 219, 15, -634, -591, 13, -113, 856, 59;
-31, 219, 14, -664, -588, 5, -121, 855, 54;
-37, 214, 8, -732, -624, -27, -146, 837, 33;
-38, 215, 8, -751, -612, -28, -150, 840, 32;
-36, 219, 11, -743, -571, -12, -142, 854, 43;
-33, 224, 15, -718, -515, 15, -128, 875, 60;
-35, 223, 13, -752, -517, 3, -139, 872, 53;
-37, 223, 12, -777, -510, -2, -145, 872, 49;
-40, 221, 9, -819, -520, -20, -159, 865, 38;
-40, 224, 11, -819, -489, -11, -156, 875, 44;
-34, 231, 17, -776, -416, 26, -135, 903, 67;
-43, 224, 9, -863, -472, -22, -168, 877, 37;
-38, 231, 14, -825, -403, 12, -149, 902, 58;
-43, 228, 10, -876, -424, -13, -168, 891, 42;
-40, 233, 14, -853, -371, 9, -156, 909, 56;
-40, 234, 14, -865, -353, 9, -158, 914, 56;
-43, 233, 11, -900, -359, -7, -170, 908, 46;
-39, 238, 16, -867, -297, 21, -154, 931, 64;
-47, 232, 9, -945, -346, -23, -184, 907, 36;
-43, 238, 13, -911, -285, 4, -168, 930, 53;
-44, 238, 12, -931, -277, -2, -174, 930, 49;
-48, 236, 9, -968, -285, -21, -188, 923, 37;
-44, 242, 14, -932, -223, 6, -171, 945, 55;
-49, 239, 9, -983, -248, -22, -191, 932, 36;
-41, 248, 17, -914, -153, 27, -161, 968, 67;
-45, 246, 13, -953, -166, 5, -176, 959, 54;
-43, 249, 15, -939, -126, 17, -169, 972, 62;
-49, 245, 10, -996, -159, -17, -191, 956, 40;
-45, 250, 14, -964, -102, 6, -177, 976, 55;
-49, 248, 10, -998, -113, -14, -191, 968, 42;
-50, 248, 9, -1014, -106, -23, -197, 967, 36;
-51, 248, 8, -1025, -95, -29, -201, 968, 32;
-43, 258, 16, -947, 4, 23, -168, 1006, 65;
-42, 259, 17, -943, 29, 26, -166, 1013, 67;
-45, 258, 14, -969, 24, 9, -177, 1008, 56;
-49, 256, 10, -1002, 11, -13, -191, 999, 42;
-45, 261, 14, -965, 67, 10, -176, 1019, 57;
-51, 256, 8, -1026, 25, -31, -202, 998, 31;
-46, 262, 13, -974, 95, 2, -181, 1024, 52;
-49, 261, 10, -997, 89, -15, -191, 1018, 41;
-43, 267, 15, -944, 159, 17, -170, 1044, 61;
-50, 261, 8, -1005, 113, -26, -196, 1021, 34;
-48, 264, 10, -988, 146, -18, -190, 1032, 39;
-40, 273, 17, -910, 239, 30, -159, 1067, 69;
-47, 267, 10, -969, 193, -13, -185, 1044, 42;
-40, 276, 18, -896, 280, 31, -156, 1077, 70;
-44, 272, 13, -934, 254, 0, -174, 1063, 51;
-40, 278, 17, -887, 312, 26, -156, 1084, 67;
-47, 271, 9, -952, 258, -22, -185, 1058, 37;
-47, 272, 8, -949, 272, -26, -185, 1061, 34;
-39, 280, 16, -868, 361, 21, -154, 1095, 64;
-41, 279, 14, -879, 359, 6, -161, 1090, 55;
-38, 283, 16, -848, 397, 20, -151, 1104, 63;
-39, 283, 15, -844, 408, 15, -152, 1105, 60;
-44, 278, 9, -892, 367, -24, -174, 1085, 35;
-35, 287, 17, -802, 463, 27, -140, 1122, 68;
-39, 285, 13, -824, 445, 3, -152, 1111, 53;
-34, 290, 18, -769, 503, 31, -132, 1133, 70;
-43, 281, 8, -846, 429, -29, -167, 1099, 32;
-37, 287, 13, -788, 489, 0, -147, 1121, 50;
-41, 283, 8, -818, 461, -29, -162, 1107, 32;
-41, 284, 8, -805, 474, -31, -161, 1110, 31;
-36, 290, 12, -748, 531, -4, -141, 1131, 48;
-32, 293, 15, -706, 572, 12, -127, 1145, 58;
-29, 296, 17, -669, 607, 26, -115, 1157, 67;
-33, 292, 12, -696, 577, -3, -131, 1142, 48;
-30, 296, 14, -659, 611, 9, -119, 1154, 56;
-30, 295, 13, -650, 615, 2, -120, 1153, 52;
-28, 298, 14, -619, 641, 11, -111, 1162, 57;
-29, 296, 12, -618, 636, 0, -115, 1158, 50;
-24, 301, 17, -559, 689, 25, -95, 1177, 66;
-24, 301, 15, -552, 688, 16, -97, 1175, 61;
-30, 295, 8, -596, 636, -25, -120, 1151, 35;
-25, 300, 13, -532, 691, 3, -98, 1172, 53;
-29, 296, 8, -559, 655, -28, -113, 1155, 33;
-23, 302, 13, -490, 713, 3, -90, 1178, 53;
-22, 301, 12, -476, 715, -1, -89, 1177, 49;
-21, 303, 13, -449, 730, 1, -83, 1182, 52;
-18, 305, 14, -414, 752, 10, -73, 1189, 57;
-24, 298, 8, -454, 699, -31, -95, 1166, 31;
-17, 304, 13, -380, 758, 2, -70, 1189, 52;
-18, 303, 11, -373, 750, -7, -72, 1184, 46;
-13, 308, 15, -314, 794, 16, -52, 1201, 61;
-19, 301, 8, -359, 732, -29, -77, 1174, 32;
-10, 309, 16, -262, 812, 19, -42, 1207, 63;
-15, 303, 10, -294, 762, -17, -60, 1185, 40;
-8, 310, 16, -212, 825, 21, -32, 1210, 64;
-14, 303, 9, -254, 764, -22, -55, 1184, 36;
-9, 307, 12, -198, 801, -1, -37, 1198, 50;
-5, 310, 15, -146, 832, 17, -21, 1211, 61;
-8, 306, 11, -158, 799, -7, -32, 1197, 46;
-8, 305, 10, -151, 784, -18, -34, 1190, 39;
-1, 311, 16, -70, 843, 18, -6, 1214, 62;
0, 311, 15, -46, 844, 18, -2, 1214, 62;
-4, 306, 10, -73, 794, -16, -19, 1193, 40;
0, 308, 13, -22, 821, 1, -3, 1204, 51;
-5, 303, 7, -49, 770, -32, -20, 1183, 30;
1, 309, 13, 31, 826, 4, 7, 1206, 53;
7, 313, 18, 97, 867, 32, 29, 1223, 71;
0, 304, 8, 33, 776, -26, -2, 1186, 34;
1, 305, 9, 67, 784, -20, 5, 1189, 37;
1, 304, 9, 85, 775, -25, 7, 1186, 35;
2, 303, 8, 108, 770, -26, 11, 1185, 34;
12, 312, 17, 216, 851, 29, 50, 1219, 69;
9, 308, 13, 200, 807, 2, 38, 1201, 52;
13, 310, 16, 248, 826, 18, 52, 1210, 62;
16, 312, 18, 293, 842, 32, 65, 1217, 71;
14, 308, 14, 283, 803, 9, 56, 1202, 56;
10, 302, 9, 258, 748, -22, 40, 1180, 36;
13, 303, 11, 297, 757, -12, 51, 1185, 43;
11, 301, 8, 298, 729, -26, 46, 1174, 34;
12, 299, 8, 314, 714, -31, 47, 1169, 31;
17, 303, 12, 376, 745, -5, 68, 1183, 47;
14, 299, 8, 361, 700, -30, 57, 1166, 32;
22, 305, 15, 450, 757, 13, 88, 1191, 59;
21, 302, 12, 447, 723, -2, 82, 1179, 49;
20, 299, 10, 451, 696, -14, 79, 1169, 41;
20, 298, 9, 463, 676, -21, 79, 1162, 37;
20, 296, 8, 477, 658, -25, 80, 1157, 34;
26, 301, 13, 545, 694, 5, 103, 1173, 54;
26, 299, 13, 558, 675, 0, 104, 1167, 51;
29, 300, 14, 591, 676, 8, 113, 1170, 56;
26, 295, 11, 579, 632, -12, 103, 1154, 43;
32, 300, 16, 646, 666, 19, 127, 1170, 62;
29, 295, 11, 625, 613, -7, 114, 1150, 46;
34, 298, 15, 682, 638, 18, 133, 1163, 62;
28, 290, 8, 633, 558, -26, 109, 1132, 34;
28, 288, 8, 645, 537, -30, 110, 1126, 32;
29, 287, 8, 663, 523, -30, 113, 1122, 32;
39, 296, 18, 773, 601, 32, 155, 1157, 70;
34, 289, 12, 732, 529, -6, 134, 1130, 47;
40, 294, 17, 802, 567, 29, 159, 1148, 69;
33, 285, 9, 739, 472, -22, 130, 1112, 37;
41, 290, 16, 819, 521, 20, 159, 1134, 63;
35, 283, 10, 777, 448, -16, 139, 1107, 40;
41, 287, 15, 835, 475, 12, 160, 1121, 58;
42, 287, 16, 860, 469, 20, 167, 1121, 63;
38, 281, 11, 826, 404, -11, 150, 1097, 43;
43, 284, 15, 876, 424, 13, 168, 1109, 59;
40, 279, 11, 854, 372, -9, 156, 1090, 45;
44, 282, 15, 904, 393, 17, 174, 1102, 61;
44, 281, 15, 912, 371, 15, 175, 1096, 60;
47, 282, 17, 943, 373, 28, 185, 1099, 68;
41, 274, 11, 892, 293, -11, 162, 1070, 43;
44, 275, 13, 922, 295, 1, 172, 1073, 52;
45, 274, 14, 937, 282, 6, 177, 1072, 55;
41, 269, 9, 903, 221, -21, 161, 1049, 37;
47, 274, 15, 968, 258, 16, 186, 1068, 61;
50, 274, 17, 992, 257, 28, 195, 1071, 68;
41, 264, 9, 919, 157, -24, 163, 1033, 35;
50, 271, 17, 999, 211, 25, 195, 1058, 66;
46, 266, 13, 972, 160, 4, 183, 1040, 53;
47, 265, 13, 977, 140, 4, 184, 1036, 54;
44, 261, 11, 957, 96, -10, 174, 1021, 44;
51, 267, 18, 1025, 140, 32, 202, 1043, 71;
49, 263, 15, 1001, 94, 14, 191, 1027, 60;
48, 261, 14, 994, 64, 8, 188, 1018, 56;
50, 261, 16, 1012, 60, 19, 195, 1019, 63;
50, 260, 16, 1016, 42, 21, 196, 1016, 64;
42, 251, 8, 942, -50, -27, 166, 980, 34;
51, 258, 17, 1021, 7, 25, 199, 1008, 66;
45, 251, 11, 965, -67, -10, 176, 980, 44;
44, 249, 10, 960, -91, -13, 174, 973, 42;
45, 249, 11, 966, -103, -7, 177, 972, 46;
42, 245, 9, 936, -150, -24, 166, 956, 35;
41, 243, 8, 927, -176, -28, 163, 949, 33;
47, 248, 14, 980, -138, 9, 186, 967, 57;
51, 250, 18, 1008, -126, 31, 199, 976, 70;
41, 239, 8, 914, -234, -27, 161, 934, 33;
46, 243, 14, 959, -203, 6, 181, 951, 55;
43, 239, 11, 927, -248, -10, 169, 935, 44;
42, 238, 11, 916, -272, -12, 166, 929, 43;
48, 243, 17, 966, -233, 25, 189, 948, 67;
43, 237, 12, 917, -293, 0, 170, 926, 50;
39, 232, 9, 875, -345, -23, 155, 908, 36;
44, 236, 14, 909, -320, 6, 171, 921, 54;
46, 237, 16, 925, -313, 23, 180, 927, 65;
46, 237, 17, 923, -322, 29, 182, 927, 69;
45, 235, 17, 906, -346, 26, 178, 920, 67;
35, 225, 7, 807, -451, -32, 139, 879, 31;
37, 226, 9, 812, -452, -20, 144, 882, 38;
38, 226, 11, 816, -453, -9, 148, 884, 45;
39, 227, 13, 818, -454, 1, 153, 887, 51;
34, 222, 9, 770, -506, -21, 136, 868, 37;
40, 227, 15, 813, -465, 16, 157, 888, 61;
34, 221, 10, 746, -532, -17, 133, 863, 40;
40, 227, 17, 800, -480, 28, 158, 887, 68;
34, 221, 12, 735, -544, -4, 135, 863, 48;
30, 216, 8, 682, -596, -28, 117, 844, 33;
34, 221, 14, 718, -558, 6, 136, 862, 55;
37, 223, 17, 734, -540, 28, 146, 872, 68;
29, 215, 10, 647, -623, -17, 115, 840, 40;
29, 215, 11, 638, -627, -10, 115, 841, 44;
27, 213, 10, 610, -650, -17, 108, 833, 40;
27, 213, 11, 599, -655, -11, 107, 833, 43;
27, 214, 12, 591, -657, -4, 108, 835, 48;
31, 217, 16, 612, -628, 22, 122, 849, 65;
22, 209, 8, 518, -714, -26, 87, 815, 34;
24, 211, 11, 523, -700, -9, 94, 823, 45;
19, 206, 8, 469, -744, -31, 76, 806, 31;
23, 210, 12, 492, -711, -2, 91, 822, 49;
21, 209, 12, 464, -727, -6, 84, 817, 47;
23, 211, 15, 470, -709, 12, 92, 826, 58;
20, 209, 13, 432, -735, 1, 81, 817, 51;
21, 211, 15, 429, -723, 14, 85, 823, 60;
19, 209, 14, 394, -744, 6, 75, 816, 54;
12, 202, 8, 314, -809, -31, 47, 790, 31;
19, 210, 15, 366, -741, 18, 74, 820, 62;
14, 205, 12, 306, -785, -6, 54, 802, 47;
12, 204, 11, 273, -800, -12, 46, 797, 43;
12, 205, 12, 266, -790, -1, 49, 803, 50;
11, 205, 12, 240, -797, -2, 44, 801, 49;
7, 202, 9, 190, -828, -20, 28, 788, 38;
13, 209, 17, 236, -762, 26, 53, 816, 67;
12, 209, 17, 216, -762, 29, 50, 817, 69;
12, 209, 18, 194, -763, 31, 46, 817, 70;
4, 202, 11, 105, -830, -11, 15, 790, 43;
8, 207, 16, 129, -784, 20, 31, 810, 63;
4, 205, 14, 86, -804, 8, 19, 801, 56;
0, 202, 11, 35, -832, -9, 3, 790, 45;
4, 207, 16, 55, -788, 20, 17, 809, 63;
0, 204, 13, 2, -817, 1, 0, 797, 51;
0, 204, 13, -18, -813, 4, -1, 798, 53;
0, 207, 16, -21, -790, 18, 2, 808, 62;
-1, 206, 15, -51, -794, 15, -4, 806, 60;
-1, 207, 15, -71, -788, 17, -7, 808, 62;
-8, 202, 10, -144, -834, -14, -31, 788, 42;
-11, 200, 8, -188, -851, -27, -44, 781, 33;
-12, 200, 8, -210, -845, -25, -48, 783, 34;
-13, 201, 9, -232, -838, -23, -51, 785, 36;
-7, 208, 16, -187, -765, 22, -27, 815, 64;
-12, 204, 12, -254, -803, -6, -49, 798, 46;
-16, 201, 8, -307, -827, -25, -66, 787, 34;
-11, 208, 15, -272, -763, 13, -46, 813, 59;
-11, 210, 16, -279, -740, 24, -43, 821, 65;
-12, 210, 16, -304, -735, 22, -49, 822, 65;
-22, 202, 8, -407, -807, -30, -86, 791, 32;
-13, 212, 17, -343, -712, 27, -54, 829, 68;
-15, 212, 16, -373, -712, 22, -62, 828, 64;
-23, 206, 9, -461, -768, -20, -93, 803, 38;
-23, 208, 11, -465, -741, -9, -90, 813, 45;
-20, 212, 14, -456, -700, 11, -81, 828, 58;
-22, 212, 14, -482, -695, 8, -87, 829, 56;
-19, 216, 17, -470, -651, 30, -77, 845, 70;
-22, 216, 16, -503, -653, 22, -86, 843, 64;
-24, 215, 15, -539, -656, 12, -96, 839, 58;
-23, 218, 17, -537, -622, 27, -90, 852, 67;
-25, 218, 16, -566, -618, 21, -98, 851, 64;
-29, 215, 13, -616, -637, 0, -114, 841, 51;
-33, 213, 10, -662, -650, -17, -129, 833, 40;
-35, 213, 9, -693, -649, -25, -138, 832, 35;
-34, 216, 11, -690, -615, -11, -132, 844, 43;
-32, 219, 13, -689, -581, 1, -128, 855, 51;
-29, 224, 17, -666, -526, 27, -114, 875, 68;
-29, 226, 18, -678, -507, 31, -116, 881, 70;
-31, 226, 17, -702, -498, 26, -121, 882, 67;
-35, 224, 14, -748, -513, 5, -137, 873, 54;
-38, 222, 11, -787, -520, -9, -150, 868, 45;
-35, 227, 15, -762, -464, 16, -136, 888, 61;
-36, 228, 14, -785, -456, 11, -142, 889, 58;
-38, 227, 13, -811, -451, 3, -150, 888, 53;
-37, 230, 14, -813, -422, 11, -147, 897, 57;
-35, 234, 18, -796, -374, 31, -137, 914, 70;
-37, 234, 16, -824, -372, 21, -146, 912, 64;
-39, 233, 14, -850, -368, 11, -154, 911, 58;
-40, 234, 14, -861, -350, 11, -156, 915, 58;
-43, 232, 11, -900, -359, -7, -170, 908, 46;
-38, 239, 17, -861, -291, 25, -151, 933, 66;
-38, 241, 17, -864, -265, 30, -150, 941, 69;
-44, 237, 12, -921, -294, -1, -172, 926, 50;
-41, 241, 16, -899, -244, 18, -161, 943, 62;
-42, 242, 15, -911, -228, 16, -164, 947, 61;
-49, 236, 8, -986, -277, -29, -193, 923, 32;
-44, 243, 14, -938, -202, 7, -172, 951, 55;
-42, 246, 15, -929, -167, 17, -167, 962, 61;
-50, 241, 8, -999, -212, -25, -195, 940, 34;
-46, 246, 12, -970, -157, -2, -181, 960, 49;
-50, 244, 9, -1004, -167, -22, -195, 952, 36;
-50, 245, 8, -1013, -151, -25, -197, 955, 34;
-49, 247, 9, -1006, -122, -19, -194, 964, 38;
-50, 248, 9, -1010, -102, -20, -195, 969, 38;
-46, 253, 13, -978, -48, 1, -182, 988, 52;
-44, 256, 15, -958, -6, 15, -173, 1002, 60;
-47, 255, 12, -990, -17, -4, -186, 994, 48;
-49, 254, 10, -1009, -16, -17, -194, 991, 40;
-42, 262, 17, -940, 73, 28, -165, 1025, 68;
-50, 256, 9, -1012, 20, -20, -196, 999, 38;
-46, 261, 13, -975, 76, 2, -180, 1019, 52;
-44, 264, 15, -953, 116, 16, -172, 1032, 60;
-44, 265, 14, -958, 128, 10, -175, 1034, 57;
-50, 261, 9, -1004, 98, -22, -195, 1018, 36;
-42, 270, 17, -928, 190, 24, -164, 1053, 66;
-41, 272, 17, -916, 218, 29, -160, 1061, 69;
-50, 263, 8, -1003, 146, -31, -197, 1028, 31;
-42, 273, 16, -920, 242, 19, -165, 1065, 62;
-48, 267, 9, -974, 201, -21, -189, 1044, 37;
-44, 273, 13, -929, 258, 3, -172, 1065, 53;
-46, 271, 10, -950, 249, -15, -182, 1058, 41;
-43, 275, 13, -918, 293, 0, -171, 1073, 51;
-48, 271, 8, -957, 264, -31, -189, 1057, 31;
-45, 274, 10, -924, 306, -16, -177, 1072, 40;
-41, 280, 14, -876, 362, 9, -160, 1092, 56;
-42, 279, 12, -881, 365, -1, -164, 1090, 50;
-36, 286, 18, -819, 434, 32, -141, 1115, 70;
-36, 286, 17, -814, 445, 27, -142, 1117, 68;
-39, 284, 13, -836, 428, 4, -154, 1107, 53;
-42, 282, 10, -852, 417, -14, -163, 1100, 42;
-39, 284, 12, -824, 448, -5, -155, 1110, 47;
-40, 284, 10, -822, 453, -13, -158, 1109, 42;
-41, 283, 9, -824, 453, -24, -162, 1106, 35;
-32, 292, 17, -734, 545, 25, -128, 1142, 67;
-37, 288, 12, -766, 514, -5, -144, 1126, 47;
-32, 294, 16, -710, 569, 20, -125, 1146, 64;
-30, 295, 16, -690, 588, 23, -120, 1152, 65;
-38, 288, 8, -747, 529, -26, -148, 1125, 34;
-29, 297, 16, -655, 618, 23, -114, 1159, 65;
-32, 294, 12, -675, 595, -1, -126, 1147, 50;
-35, 291, 8, -696, 570, -27, -139, 1134, 33;
-28, 298, 15, -616, 645, 13, -110, 1163, 59;
-27, 298, 14, -600, 654, 11, -108, 1165, 57;
-33, 293, 8, -639, 608, -27, -128, 1144, 33;
-23, 302, 17, -538, 703, 26, -91, 1181, 67;
-25, 300, 13, -551, 681, 4, -101, 1170, 53;
-29, 295, 8, -577, 646, -26, -116, 1154, 34;
-26, 299, 11, -530, 683, -9, -102, 1167, 45;
-25, 300, 11, -508, 695, -8, -97, 1170, 45;
-26, 298, 8, -512, 679, -25, -104, 1162, 34;
-23, 301, 11, -468, 711, -11, -91, 1174, 44;
-20, 303, 12, -433, 733, -2, -81, 1181, 49;
-15, 307, 16, -374, 779, 22, -62, 1199, 64;
-16, 306, 14, -370, 769, 9, -65, 1193, 57;
-20, 302, 10, -388, 735, -17, -78, 1178, 40;
-16, 305, 13, -338, 770, 0, -62, 1191, 51;
-16, 304, 11, -329, 762, -9, -64, 1187, 45;
-14, 305, 12, -300, 774, -5, -57, 1191, 47;
-11, 308, 14, -252, 804, 10, -43, 1202, 57;
-11, 306, 12, -247, 791, -1, -46, 1196, 49;
-14, 303, 9, -253, 765, -21, -54, 1185, 37;
-7, 309, 14, -181, 817, 9, -30, 1205, 56;
-4, 311, 16, -140, 838, 20, -19, 1213, 63;
-12, 303, 8, -195, 762, -31, -47, 1181, 31;
-3, 311, 15, -97, 839, 17, -12, 1212, 61;
0, 312, 16, -63, 850, 23, -3, 1217, 65;
-3, 308, 12, -76, 814, -1, -14, 1202, 49;
0, 310, 15, -29, 839, 13, 0, 1212, 59;
-5, 303, 8, -68, 775, -29, -22, 1185, 32;
1, 309, 14, 10, 830, 6, 4, 1208, 55;
1, 309, 13, 27, 822, 2, 5, 1205, 52;
0, 306, 11, 31, 801, -11, 1, 1196, 43;
5, 310, 14, 91, 834, 11, 20, 1210, 58;
0, 303, 8, 54, 771, -29, 0, 1184, 32;
4, 307, 11, 112, 802, -7, 18, 1197, 46;
9, 310, 15, 167, 829, 12, 35, 1209, 59;
7, 307, 12, 168, 803, -2, 30, 1199, 49;
5, 303, 8, 156, 762, -26, 19, 1183, 34;
15, 312, 17, 264, 842, 29, 59, 1216, 69;
11, 306, 12, 243, 793, 0, 45, 1197, 50;
8, 302, 8, 225, 745, -28, 32, 1178, 33;
9, 301, 8, 245, 736, -30, 35, 1175, 31;
13, 304, 11, 303, 764, -7, 53, 1188, 46;
21, 310, 18, 386, 816, 31, 82, 1211, 70;
12, 299, 7, 313, 713, -32, 47, 1169, 30;
18, 304, 12, 381, 750, -2, 70, 1186, 49;
20, 305, 14, 421, 760, 9, 81, 1191, 56;
24, 307, 16, 465, 773, 23, 95, 1198, 65;
18, 299, 9, 422, 698, -19, 72, 1168, 38;
24, 304, 15, 492, 736, 12, 95, 1186, 58;
21, 298, 10, 470, 683, -16, 82, 1165, 40;
26, 302, 14, 534, 715, 11, 103, 1180, 58;
24, 299, 12, 529, 678, -5, 97, 1167, 47;
24, 297, 11, 541, 658, -10, 97, 1161, 44;
24, 295, 10, 550, 635, -18, 96, 1153, 39;
26, 295, 11, 579, 632, -12, 103, 1154, 43;
30, 298, 14, 628, 649, 7, 119, 1163, 55;
29, 295, 12, 632, 620, -2, 116, 1153, 49;
33, 297, 14, 671, 628, 11, 129, 1159, 57;
27, 290, 8, 631, 555, -27, 108, 1131, 33;
34, 295, 14, 705, 597, 9, 134, 1151, 57;
33, 292, 12, 706, 566, -1, 131, 1140, 50;
30, 287, 8, 682, 510, -28, 117, 1120, 33;
36, 291, 14, 752, 548, 7, 142, 1138, 55;
34, 287, 11, 738, 503, -12, 133, 1122, 43;
34, 286, 10, 753, 486, -13, 135, 1117, 42;
41, 291, 16, 823, 525, 23, 161, 1136, 65;
35, 283, 9, 773, 443, -19, 137, 1105, 38;
38, 285, 12, 814, 454, -1, 151, 1112, 50;
39, 284, 12, 829, 437, 0, 154, 1108, 50;
43, 286, 16, 875, 453, 21, 170, 1118, 64;
40, 282, 12, 854, 402, 0, 159, 1099, 50;
42, 282, 14, 881, 399, 8, 167, 1101, 56;
40, 278, 11, 868, 356, -7, 159, 1086, 46;
41, 277, 11, 877, 336, -8, 160, 1081, 45;
42, 277, 12, 896, 326, -2, 166, 1080, 49;
39, 272, 9, 874, 275, -23, 154, 1062, 36;
40, 271, 9, 889, 262, -19, 159, 1060, 38;
46, 275, 14, 943, 289, 10, 179, 1074, 57;
43, 270, 11, 919, 236, -10, 167, 1056, 44;
40, 266, 8, 896, 186, -31, 156, 1038, 31;
49, 274, 17, 990, 254, 27, 193, 1070, 67;
43, 267, 11, 939, 177, -10, 171, 1041, 44;
51, 272, 18, 1010, 222, 32, 199, 1063, 71;
45, 265, 12, 957, 145, -5, 176, 1034, 47;
42, 261, 9, 936, 98, -22, 166, 1018, 36;
48, 265, 15, 995, 134, 14, 190, 1037, 59;
50, 266, 16, 1012, 127, 23, 196, 1037, 65;
44, 258, 10, 959, 51, -13, 174, 1009, 42;
46, 258, 12, 973, 43, -5, 179, 1009, 47;
47, 259, 13, 990, 38, 5, 186, 1010, 54;
43, 253, 9, 950, -22, -22, 169, 988, 37;
46, 255, 12, 982, -11, 0, 183, 997, 50;
45, 253, 11, 972, -41, -7, 178, 987, 46;
50, 257, 16, 1018, -14, 24, 198, 1002, 66;
46, 251, 12, 975, -76, -3, 180, 980, 49;
51, 255, 18, 1025, -43, 32, 202, 997, 71;
44, 247, 10, 953, -133, -13, 173, 963, 42;
41, 242, 8, 924, -179, -30, 161, 947, 31;
50, 251, 17, 1008, -111, 27, 197, 979, 68;
46, 245, 13, 963, -171, 1, 180, 957, 51;
48, 246, 15, 982, -167, 17, 189, 962, 61;
47, 244, 14, 967, -196, 11, 184, 954, 58;
43, 240, 11, 930, -245, -7, 170, 936, 45;
44, 240, 13, 937, -251, 1, 175, 937, 51;
42, 236, 10, 906, -294, -14, 164, 923, 42;
41, 235, 10, 898, -312, -13, 162, 918, 42;
43, 236, 12, 906, -314, -2, 168, 921, 49;
39, 231, 9, 862, -367, -25, 152, 902, 35;
46, 238, 16, 926, -312, 24, 181, 928, 66;
47, 238, 18, 928, -318, 32, 184, 928, 71;
45, 235, 16, 903, -349, 23, 176, 918, 65;
41, 231, 13, 863, -395, 5, 162, 902, 54;
40, 230, 13, 848, -416, 3, 159, 897, 53;
43, 231, 16, 862, -406, 21, 168, 904, 64;
40, 228, 14, 826, -446, 6, 156, 890, 55;
40, 228, 15, 823, -453, 13, 158, 890, 59;
38, 225, 13, 795, -482, 4, 150, 881, 54;
38, 225, 14, 789, -490, 10, 150, 880, 57;
39, 226, 16, 790, -490, 21, 154, 883, 64;
36, 222, 13, 749, -530, 4, 141, 869, 53;
39, 226, 17, 771, -507, 30, 154, 881, 70;
32, 218, 11, 693, -583, -9, 126, 852, 44;
32, 218, 12, 686, -588, -3, 126, 852, 48;
37, 223, 18, 722, -548, 32, 145, 871, 71;
34, 220, 16, 685, -580, 20, 134, 860, 63;
32, 218, 15, 656, -604, 13, 127, 852, 59;
26, 212, 9, 588, -667, -19, 103, 829, 38;
32, 218, 16, 632, -615, 23, 126, 852, 65;
24, 210, 9, 547, -693, -20, 95, 822, 38;
23, 209, 9, 524, -708, -22, 90, 818, 37;
28, 215, 15, 562, -661, 16, 110, 839, 61;
25, 212, 14, 526, -687, 6, 100, 830, 54;
24, 212, 14, 505, -697, 6, 96, 828, 55;
19, 207, 9, 443, -748, -20, 75, 808, 38;
16, 204, 7, 403, -776, -32, 64, 798, 30;
15, 204, 8, 385, -781, -29, 61, 798, 32;
16, 206, 10, 383, -770, -16, 65, 804, 40;
17, 207, 12, 379, -759, -3, 69, 810, 48;
15, 206, 11, 346, -777, -10, 61, 804, 44;
16, 207, 13, 340, -767, 1, 63, 809, 51;
17, 208, 15, 335, -756, 13, 67, 815, 59;
17, 210, 17, 329, -745, 25, 70, 820, 66;
12, 205, 12, 266, -790, -1, 49, 803, 50;
11, 205, 13, 245, -793, 0, 45, 802, 51;
13, 208, 16, 252, -766, 21, 54, 814, 64;
7, 203, 11, 180, -818, -10, 30, 793, 44;
3, 199, 8, 125, -853, -31, 12, 779, 31;
5, 203, 11, 135, -822, -8, 22, 793, 45;
1, 200, 8, 81, -854, -27, 5, 780, 33;
2, 201, 10, 74, -839, -16, 8, 787, 40;
3, 204, 12, 73, -818, 0, 13, 796, 50;
6, 208, 17, 86, -781, 25, 24, 811, 66;
2, 205, 14, 35, -808, 7, 9, 800, 55;
3, 207, 16, 29, -789, 19, 12, 808, 63;
3, 209, 18, 22, -772, 31, 15, 815, 70;
0, 205, 14, -34, -804, 9, -3, 802, 56;
-1, 206, 15, -52, -795, 14, -4, 805, 59;
-6, 202, 10, -118, -835, -13, -26, 789, 42;
-7, 202, 11, -141, -831, -12, -30, 790, 43;
-7, 203, 12, -155, -818, -5, -30, 795, 47;
-8, 204, 12, -178, -813, -4, -34, 796, 48;
-4, 210, 18, -149, -756, 31, -17, 819, 70;
-8, 207, 15, -200, -778, 13, -32, 809, 59;
-8, 209, 16, -213, -763, 20, -32, 815, 63;
-16, 202, 8, -306, -826, -25, -66, 787, 35;
-12, 207, 14, -278, -768, 9, -48, 811, 56;
-11, 210, 16, -279, -740, 23, -44, 821, 65;
-18, 205, 11, -358, -788, -12, -71, 800, 42;
-19, 205, 11, -379, -779, -11, -74, 803, 43;
-13, 212, 17, -342, -711, 28, -54, 829, 68;
-20, 207, 12, -417, -755, -6, -80, 810, 46;
-24, 205, 9, -465, -772, -23, -94, 801, 36;
-17, 214, 17, -410, -686, 27, -66, 836, 68;
-20, 212, 14, -456, -700, 11, -81, 828, 58;
-18, 216, 17, -450, -663, 29, -73, 842, 69;
-26, 209, 11, -536, -716, -12, -104, 818, 42;
-29, 208, 8, -576, -725, -25, -116, 813, 34;
-24, 215, 15, -539, -656, 12, -96, 839, 58;
-27, 213, 12, -581, -666, -2, -109, 833, 49;
-28, 214, 12, -601, -654, -2, -112, 836, 49;
-29, 215, 12, -618, -639, -1, -115, 840, 50;
-26, 220, 16, -600, -588, 24, -103, 859, 65;
-27, 221, 17, -616, -572, 25, -106, 863, 66;
-35, 215, 10, -700, -624, -17, -136, 840, 39;
-32, 219, 13, -687, -579, 2, -127, 856, 52;
-32, 221, 14, -694, -555, 9, -126, 864, 56;
-32, 223, 15, -700, -528, 16, -125, 872, 61;
-35, 221, 12, -744, -540, -1, -139, 865, 49;
-32, 226, 16, -726, -490, 21, -128, 883, 64;
-35, 225, 14, -763, -496, 6, -140, 878, 54;
-33, 229, 17, -748, -449, 26, -130, 894, 67;
-42, 221, 8, -844, -514, -27, -166, 865, 33;
-38, 227, 13, -811, -450, 3, -150, 888, 53;
-41, 226, 10, -851, -460, -13, -163, 882, 42;
-42, 227, 10, -864, -443, -14, -166, 886, 42;
-39, 232, 14, -838, -386, 11, -152, 906, 58;
-44, 228, 9, -900, -418, -21, -175, 890, 37;
-44, 230, 10, -904, -393, -17, -174, 897, 40;
-38, 238, 17, -852, -311, 25, -150, 928, 66;
-42, 235, 13, -898, -328, 0, -167, 918, 51;
-46, 233, 10, -937, -339, -18, -181, 911, 39;
-47, 234, 9, -951, -325, -21, -185, 913, 37;
-39, 243, 17, -885, -231, 27, -155, 949, 68;
-43, 241, 14, -919, -237, 10, -167, 943, 57;
-49, 237, 8, -982, -273, -26, -192, 925, 34;
-44, 243, 13, -942, -206, 4, -174, 949, 54;
-42, 247, 16, -922, -160, 21, -164, 965, 64;
-42, 249, 16, -925, -138, 23, -164, 971, 65;
-41, 251, 17, -920, -107, 30, -161, 980, 69;
-45, 248, 13, -964, -127, 4, -178, 969, 53;
-49, 246, 10, -997, -136, -15, -191, 962, 41;
-42, 254, 17, -935, -50, 28, -164, 994, 68;
-51, 247, 8, -1025, -117, -30, -201, 963, 32;
-49, 251, 10, -1001, -71, -13, -191, 979, 42;
-49, 251, 10, -1008, -56, -16, -193, 981, 40;
-50, 252, 9, -1018, -45, -23, -197, 983, 36;
-48, 256, 12, -992, 0, -6, -187, 998, 47;
-46, 258, 13, -978, 35, 3, -181, 1009, 52;
-44, 262, 15, -955, 77, 17, -172, 1023, 61;
-47, 260, 12, -988, 63, -5, -186, 1014, 47;
-45, 263, 14, -967, 102, 6, -178, 1026, 54;
-44, 265, 14, -958, 128, 10, -175, 1034, 57;
-50, 260, 8, -1010, 93, -26, -197, 1016, 34;
-48, 263, 10, -990, 129, -16, -190, 1028, 40;
-47, 265, 11, -976, 159, -9, -185, 1037, 44;
-48, 266, 10, -981, 168, -17, -188, 1037, 40;
-46, 268, 11, -962, 200, -8, -182, 1047, 45;
-46, 270, 11, -954, 221, -7, -180, 1053, 46;
-48, 268, 9, -970, 218, -23, -188, 1048, 36;
-41, 277, 16, -897, 303, 20, -160, 1080, 63;
-46, 272, 10, -940, 270, -14, -180, 1063, 42;
-42, 276, 13, -903, 317, 4, -167, 1080, 53;
-44, 276, 11, -911, 318, -7, -172, 1077, 46;
-46, 275, 9, -923, 315, -22, -180, 1072, 36;
-41, 280, 13, -871, 374, 4, -160, 1094, 53;
-42, 280, 12, -873, 380, -3, -164, 1093, 48;
-42, 280, 11, -874, 384, -12, -167, 1092, 43;
-38, 285, 15, -823, 441, 13, -149, 1113, 59;
-38, 285, 14, -820, 449, 6, -150, 1113, 55;
-41, 282, 10, -841, 432, -16, -162, 1103, 40;
-41, 283, 9, -834, 441, -21, -162, 1104, 37;
-41, 283, 8, -828, 450, -26, -163, 1105, 34;
-32, 293, 17, -730, 549, 28, -126, 1143, 68;
-31, 294, 17, -717, 563, 27, -124, 1146, 67;
-39, 286, 9, -779, 500, -25, -154, 1118, 35;
-29, 296, 17, -679, 599, 30, -116, 1156, 69;
-30, 296, 16, -676, 600, 21, -119, 1154, 64;
-29, 297, 16, -657, 617, 22, -114, 1159, 65;
-34, 292, 10, -695, 575, -14, -134, 1139, 41;
-34, 291, 9, -687, 578, -21, -135, 1138, 37;
-27, 298, 15, -612, 649, 16, -108, 1165, 60;
-33, 292, 8, -658, 597, -27, -132, 1141, 34;
-32, 294, 9, -631, 617, -22, -125, 1148, 37;
-27, 299, 13, -572, 669, 3, -105, 1167, 53;
-23, 302, 16, -525, 707, 21, -90, 1181, 64;
-26, 299, 12, -546, 677, -5, -103, 1167, 47;
-27, 298, 10, -543, 670, -17, -107, 1162, 39;
-22, 302, 14, -485, 717, 6, -88, 1180, 55;
-22, 302, 13, -469, 722, 3, -86, 1180, 52;
-26, 298, 8, -495, 684, -29, -102, 1162, 32;
-22, 301, 10, -450, 716, -14, -88, 1174, 42;
-18, 304, 13, -401, 751, 3, -73, 1188, 53;
-17, 305, 13, -378, 760, 4, -69, 1190, 53;
-13, 309, 17, -322, 802, 26, -50, 1206, 67;
-16, 305, 12, -342, 766, -2, -64, 1190, 49;
-18, 302, 9, -344, 747, -19, -70, 1181, 38;
-15, 304, 11, -304, 770, -8, -59, 1189, 45;
-13, 306, 12, -273, 783, -3, -52, 1194, 48;
-11, 306, 12, -247, 791, -1, -46, 1196, 49;
-11, 306, 11, -231, 788, -7, -45, 1194, 46;
-12, 304, 9, -226, 772, -20, -49, 1187, 38;
-4, 312, 17, -132, 846, 26, -15, 1217, 67;
-3, 311, 16, -112, 845, 23, -12, 1216, 65;
-8, 306, 10, -143, 792, -13, -31, 1193, 42;
0, 312, 17, -59, 854, 25, -2, 1219, 67;
-5, 306, 11, -90, 801, -10, -20, 1196, 44;
-5, 305, 9, -80, 787, -20, -21, 1190, 38;
-3, 306, 10, -49, 794, -16, -14, 1193, 40;
-2, 305, 10, -27, 792, -18, -11, 1192, 39;
3, 310, 15, 45, 839, 13, 13, 1212, 59;
0, 305, 10, 21, 790, -18, -2, 1192, 39;
5, 310, 15, 92, 835, 12, 21, 1210, 58;
9, 313, 18, 146, 863, 31, 38, 1222, 70;
9, 311, 16, 153, 843, 20, 35, 1214, 63;
4, 305, 10, 120, 783, -17, 16, 1190, 39;
13, 312, 17, 217, 852, 30, 50, 1219, 69;
4, 302, 8, 149, 756, -30, 17, 1180, 31;
8, 305, 11, 204, 782, -10, 34, 1191, 44;
15, 311, 17, 283, 833, 26, 61, 1213, 67;
16, 310, 16, 304, 824, 24, 65, 1211, 65;
19, 311, 18, 341, 831, 32, 74, 1214, 71;
17, 308, 15, 341, 802, 17, 69, 1203, 61;
21, 310, 17, 385, 815, 30, 82, 1210, 70;
19, 306, 14, 378, 778, 11, 74, 1196, 57;
19, 305, 14, 395, 765, 7, 76, 1192, 55;
15, 299, 8, 369, 707, -25, 60, 1169, 35;
24, 306, 16, 462, 770, 21, 93, 1197, 64;
19, 300, 11, 434, 710, -11, 76, 1173, 43;
25, 305, 16, 502, 746, 18, 100, 1190, 62;
18, 296, 7, 446, 659, -32, 72, 1156, 30;
26, 303, 15, 538, 718, 14, 105, 1182, 59;
26, 300, 13, 540, 689, 2, 101, 1172, 52;
22, 295, 8, 518, 635, -26, 87, 1151, 34;
22, 293, 8, 532, 617, -30, 88, 1145, 31;
26, 296, 11, 580, 633, -11, 104, 1154, 43;
29, 296, 12, 614, 635, -1, 114, 1157, 49;
27, 293, 10, 612, 600, -16, 108, 1145, 40;
34, 298, 15, 682, 638, 18, 133, 1163, 62;
29, 291, 10, 645, 570, -18, 114, 1137, 39;
37, 298, 17, 736, 628, 29, 147, 1163, 69;
29, 288, 9, 671, 531, -24, 116, 1126, 35;
32, 289, 10, 700, 528, -16, 124, 1127, 40;
31, 286, 9, 705, 501, -24, 123, 1118, 35;
36, 290, 13, 764, 529, 4, 144, 1132, 53;
36, 288, 12, 770, 503, -2, 142, 1124, 49;
34, 284, 10, 762, 463, -17, 136, 1110, 40;
38, 286, 13, 803, 474, 0, 150, 1118, 51;
37, 283, 11, 799, 438, -11, 145, 1106, 43;
38, 283, 11, 817, 425, -8, 149, 1103, 45;
45, 288, 18, 892, 470, 32, 177, 1125, 71;
42, 284, 15, 875, 423, 12, 167, 1108, 58;
41, 281, 13, 870, 388, 1, 163, 1097, 52;
46, 284, 17, 924, 412, 30, 182, 1110, 69;
42, 279, 13, 894, 353, 2, 167, 1088, 52;
38, 272, 8, 855, 285, -29, 149, 1063, 32;
42, 275, 11, 899, 301, -6, 165, 1073, 46;
47, 278, 16, 953, 326, 22, 185, 1086, 65;
49, 278, 17, 972, 317, 30, 191, 1086, 69;
47, 274, 15, 958, 276, 15, 183, 1072, 60;
42, 268, 10, 914, 205, -18, 164, 1046, 39;
45, 269, 12, 948, 212, 0, 176, 1052, 50;
48, 271, 15, 980, 218, 16, 188, 1058, 61;
51, 272, 18, 1008, 221, 31, 199, 1062, 70;
45, 265, 11, 955, 142, -7, 175, 1033, 46;
50, 268, 16, 1007, 170, 24, 196, 1048, 66;
49, 266, 15, 997, 136, 15, 191, 1037, 60;
45, 260, 11, 963, 78, -9, 176, 1017, 45;
48, 262, 14, 991, 83, 7, 187, 1022, 55;
41, 254, 7, 933, 3, -31, 163, 992, 31;
42, 253, 8, 939, -12, -28, 165, 989, 32;
48, 258, 14, 997, 24, 9, 189, 1008, 56;
51, 259, 17, 1022, 28, 25, 199, 1013, 67;
43, 250, 9, 945, -67, -24, 167, 976, 35;
42, 248, 8, 937, -96, -29, 164, 968, 32;
42, 247, 8, 939, -112, -26, 166, 965, 34;
45, 249, 11, 965, -103, -7, 177, 972, 46;
51, 253, 17, 1016, -70, 28, 199, 989, 68;
41, 242, 8, 923, -180, -31, 161, 947, 31;
42, 242, 9, 930, -189, -24, 165, 946, 35;
43, 242, 10, 939, -195, -14, 170, 947, 41;
45, 244, 13, 957, -191, 1, 179, 952, 51;
49, 246, 16, 984, -178, 23, 191, 961, 65;
43, 239, 11, 927, -249, -10, 169, 935, 44;
49, 245, 18, 983, -205, 32, 194, 956, 70;
47, 242, 16, 956, -244, 19, 184, 944, 62;
42, 236, 11, 906, -304, -8, 166, 922, 45;
44, 237, 14, 919, -301, 6, 173, 926, 54;
48, 240, 18, 948, -282, 31, 187, 937, 70;
37, 229, 8, 843, -395, -31, 146, 893, 31;
43, 234, 14, 896, -350, 11, 171, 915, 58;
43, 233, 15, 886, -367, 12, 169, 911, 58;
41, 231, 13, 861, -398, 3, 161, 901, 53;
35, 224, 8, 799, -466, -29, 138, 876, 32;
44, 232, 17, 872, -397, 28, 172, 908, 68;
42, 230, 16, 848, -424, 21, 165, 899, 64;
39, 226, 13, 809, -467, 4, 152, 884, 53;
32, 220, 8, 742, -536, -30, 127, 858, 31;
37, 224, 13, 779, -500, 4, 146, 876, 53;
36, 223, 13, 759, -520, 1, 142, 870, 51;
36, 223, 14, 751, -528, 6, 142, 870, 55;
33, 219, 11, 712, -566, -8, 129, 856, 45;
36, 223, 15, 736, -541, 18, 143, 870, 62;
34, 220, 14, 706, -568, 10, 135, 861, 57;
33, 219, 14, 684, -586, 7, 130, 856, 55;
35, 221, 17, 697, -568, 28, 139, 865, 68;
31, 217, 13, 642, -618, 4, 121, 847, 53;
28, 214, 11, 603, -652, -9, 109, 835, 45;
24, 210, 9, 561, -687, -24, 96, 822, 35;
25, 211, 10, 555, -686, -15, 98, 825, 41;
28, 214, 14, 572, -660, 9, 110, 838, 57;
21, 208, 8, 497, -726, -26, 83, 812, 34;
24, 211, 12, 514, -699, -1, 95, 825, 50;
19, 207, 9, 458, -745, -24, 76, 808, 35;
25, 213, 15, 496, -695, 15, 97, 830, 60;
18, 207, 10, 426, -753, -17, 73, 808, 40;
15, 204, 8, 384, -782, -30, 61, 797, 32;
15, 204, 9, 371, -782, -24, 60, 799, 35;
16, 206, 11, 366, -773, -12, 64, 804, 43;
16, 206, 11, 350, -773, -7, 62, 805, 46;
12, 203, 9, 303, -804, -23, 48, 793, 36;
17, 209, 15, 335, -756, 13, 67, 815, 59;
12, 205, 11, 280, -794, -7, 49, 800, 46;
13, 206, 13, 273, -783, 3, 52, 805, 53;
16, 210, 17, 287, -750, 28, 63, 820, 68;
7, 202, 10, 194, -825, -17, 30, 790, 39;
4, 200, 8, 153, -845, -28, 18, 782, 33;
6, 203, 11, 157, -821, -9, 26, 793, 45;
10, 208, 16, 182, -776, 22, 41, 812, 65;
9, 208, 16, 157, -779, 22, 37, 811, 64;
6, 206, 15, 120, -794, 14, 27, 806, 59;
2, 203, 11, 63, -827, -6, 9, 792, 46;
3, 205, 14, 61, -806, 8, 14, 801, 56;
-2, 200, 9, -8, -852, -22, -9, 782, 37;
-4, 199, 8, -39, -858, -26, -16, 779, 34;
-1, 204, 12, -25, -820, 0, -4, 795, 50;
-7, 199, 8, -94, -863, -30, -27, 777, 32;
1, 208, 17, -29, -773, 29, 4, 815, 69;
-7, 201, 9, -127, -844, -19, -30, 785, 38;
-9, 200, 9, -160, -850, -25, -38, 782, 35;
-2, 209, 17, -106, -768, 27, -10, 815, 68;
-8, 204, 13, -171, -806, 0, -31, 799, 51;
-4, 209, 17, -154, -760, 28, -19, 817, 68;
-12, 203, 10, -240, -819, -13, -49, 792, 42;
-9, 208, 15, -219, -769, 16, -35, 812, 61;
-13, 205, 12, -274, -794, -3, -52, 801, 48;
-17, 203, 9, -322, -813, -20, -67, 792, 38;
-19, 202, 8, -358, -819, -28, -76, 789, 33;
-11, 212, 17, -294, -724, 29, -44, 827, 69;
-15, 209, 14, -344, -744, 11, -60, 817, 58;
-22, 204, 9, -419, -788, -22, -85, 798, 36;
-19, 208, 13, -407, -746, 0, -76, 814, 50;
-22, 207, 10, -450, -758, -13, -88, 807, 42;
-17, 214, 17, -409, -685, 28, -66, 836, 68;
-27, 206, 8, -517, -761, -28, -106, 803, 33;
-18, 215, 17, -451, -663, 29, -74, 842, 69;
-22, 214, 15, -494, -675, 14, -87, 835, 60;
-30, 208, 8, -579, -728, -28, -117, 811, 33;
-22, 217, 16, -521, -639, 23, -89, 847, 65;
-29, 212, 11, -595, -680, -11, -114, 827, 43;
-27, 216, 14, -586, -639, 7, -106, 842, 55;
-34, 210, 8, -662, -683, -30, -133, 822, 32;
-31, 215, 11, -647, -635, -7, -123, 840, 46;
-34, 214, 9, -685, -641, -20, -134, 835, 38;
-27, 223, 18, -625, -549, 32, -105, 871, 70;
-29, 222, 16, -661, -553, 20, -116, 867, 63;
-30, 223, 16, -675, -535, 21, -118, 872, 64;
-35, 220, 12, -731, -559, -4, -137, 859, 48;
-39, 217, 8, -782, -579, -27, -155, 849, 34;
-35, 224, 14, -746, -511, 7, -136, 874, 55;
-38, 222, 11, -792, -525, -12, -152, 866, 43;
-41, 221, 8, -827, -528, -25, -163, 862, 34;
-34, 229, 16, -769, -439, 22, -135, 896, 64;
-44, 222, 7, -865, -505, -32, -172, 866, 30;
-37, 230, 15, -808, -417, 14, -145, 899, 60;
-35, 234, 17, -798, -376, 29, -138, 913, 69;
-36, 235, 17, -810, -358, 30, -140, 918, 69;
-44, 228, 9, -898, -416, -20, -174, 891, 38;
-38, 236, 16, -845, -333, 22, -149, 922, 65;
-42, 233, 12, -893, -352, -2, -167, 911, 49;
-45, 233, 10, -920, -350, -13, -176, 909, 42;
-42, 237, 13, -904, -305, 3, -167, 924, 53;
-48, 232, 8, -965, -338, -30, -190, 908, 31;
-49, 233, 8, -974, -320, -31, -192, 912, 31;
-44, 240, 13, -929, -247, 3, -172, 939, 53;
-40, 245, 17, -903, -194, 25, -159, 957, 67;
-45, 242, 13, -948, -212, 0, -176, 947, 51;
-41, 247, 16, -918, -157, 24, -163, 967, 66;
-48, 243, 10, -981, -194, -13, -187, 948, 42;
-50, 241, 8, -1010, -197, -29, -198, 943, 32;
-47, 246, 11, -981, -144, -7, -185, 962, 46;
-43, 252, 15, -947, -86, 17, -170, 983, 62;
-50, 246, 8, -1015, -130, -25, -198, 961, 35;
-49, 249, 10, -1003, -95, -15, -192, 972, 41;
-43, 256, 16, -952, -21, 19, -170, 999, 63;
-47, 254, 12, -986, -34, -2, -184, 990, 49;
-51, 251, 9, -1021, -47, -25, -199, 981, 35;
-49, 254, 10, -1009, -15, -17, -194, 991, 40;
-43, 262, 17, -945, 67, 24, -168, 1023, 66;
-51, 254, 8, -1028, 4, -31, -202, 993, 31;
-45, 262, 14, -965, 86, 9, -176, 1023, 57;
-49, 259, 10, -999, 70, -14, -191, 1013, 41;
-42, 267, 17, -933, 153, 27, -164, 1044, 67;
-43, 267, 15, -946, 157, 16, -170, 1043, 61;
-50, 261, 8, -1010, 109, -29, -198, 1020, 32;
-48, 265, 10, -983, 151, -14, -188, 1034, 41;
-43, 271, 15, -930, 218, 16, -167, 1058, 61;
-44, 270, 13, -942, 221, 4, -174, 1056, 54;
-49, 266, 8, -983, 192, -27, -192, 1041, 34;
-44, 273, 13, -929, 259, 4, -171, 1065, 53;
-42, 275, 14, -913, 287, 9, -167, 1073, 56;
-45, 273, 11, -935, 275, -11, -178, 1065, 43;
-46, 273, 10, -933, 287, -16, -179, 1067, 41;
-39, 280, 16, -870, 359, 19, -155, 1094, 63;
-40, 280, 14, -874, 364, 10, -159, 1093, 57;
-38, 283, 16, -842, 404, 24, -148, 1106, 66;
-40, 282, 14, -857, 396, 6, -157, 1100, 55;
-39, 283, 14, -844, 415, 7, -154, 1105, 55;
-39, 283, 13, -836, 428, 4, -154, 1107, 53;
-40, 283, 12, -837, 431, -4, -157, 1106, 47;
-38, 285, 13, -815, 457, 0, -151, 1114, 51;
-43, 281, 7, -851, 425, -32, -169, 1097, 30;
-38, 286, 11, -799, 478, -7, -151, 1117, 46;
-35, 290, 14, -757, 522, 10, -137, 1132, 57;
-40, 285, 9, -794, 486, -24, -156, 1114, 35;
-33, 292, 14, -727, 552, 9, -132, 1139, 56;
-31, 294, 16, -697, 581, 18, -123, 1149, 62;
-31, 294, 15, -687, 589, 13, -123, 1149, 59;
-31, 294, 14, -680, 593, 7, -124, 1149, 55;
-34, 292, 10, -693, 576, -13, -134, 1140, 42;
-35, 291, 8, -694, 571, -26, -138, 1135, 34;
-32, 294, 11, -654, 607, -11, -126, 1148, 43;
-33, 293, 9, -650, 605, -21, -128, 1145, 37;
-26, 300, 15, -575, 672, 14, -102, 1171, 60;
-31, 295, 9, -612, 628, -23, -122, 1150, 36;
-26, 299, 12, -559, 673, -1, -104, 1167, 50;
-25, 299, 12, -539, 684, -1, -101, 1169, 49;
-26, 299, 11, -531, 682, -9, -102, 1167, 44;
-22, 302, 13, -488, 714, 4, -89, 1178, 53;
-17, 307, 18, -426, 765, 31, -68, 1198, 70;
-19, 304, 15, -431, 748, 13, -75, 1189, 59;
-18, 305, 15, -411, 755, 12, -72, 1190, 58;
-15, 307, 17, -369, 783, 25, -60, 1201, 66;
-15, 306, 15, -362, 777, 15, -62, 1197, 60;
-18, 303, 11, -376, 748, -9, -73, 1183, 45;
-14, 307, 14, -321, 786, 11, -56, 1198, 58;
-20, 300, 8, -362, 729, -30, -78, 1173, 31;
-18, 301, 8, -339, 735, -31, -73, 1175, 31;
-13, 305, 11, -278, 778, -6, -54, 1191, 46;
-10, 308, 14, -234, 804, 6, -41, 1201, 55;
-14, 303, 9, -253, 765, -21, -54, 1185, 37;
-9, 307, 13, -194, 805, 1, -35, 1200, 51;
-6, 309, 14, -158, 821, 9, -26, 1206, 56;
-11, 303, 8, -186, 771, -25, -43, 1185, 34;
-7, 306, 11, -136, 800, -8, -28, 1196, 45;
-3, 309, 14, -89, 824, 6, -14, 1206, 54;
-3, 308, 13, -73, 817, 0, -13, 1203, 51;
-2, 308, 12, -53, 815, -2, -10, 1202, 49;
1, 310, 15, -3, 840, 13, 3, 1212, 59;
3, 311, 16, 30, 849, 20, 12, 1216, 63;
-1, 305, 10, -2, 791, -18, -6, 1192, 39;
3, 309, 14, 60, 829, 7, 13, 1208, 55;
8, 313, 17, 119, 862, 30, 32, 1222, 69;
7, 311, 16, 126, 843, 18, 30, 1214, 62;
4, 307, 12, 113, 803, -6, 19, 1198, 47;
11, 312, 17, 190, 853, 28, 45, 1219, 68;
7, 307, 12, 168, 802, -2, 30, 1199, 49;
12, 311, 16, 228, 835, 21, 50, 1213, 64;
7, 304, 10, 195, 774, -16, 30, 1188, 40;
15, 310, 16, 280, 829, 23, 60, 1212, 65;
13, 307, 13, 274, 795, 4, 52, 1198, 53;
14, 306, 13, 297, 788, 3, 56, 1196, 53;
12, 302, 10, 287, 747, -19, 47, 1181, 39;
16, 305, 13, 338, 769, 0, 63, 1191, 50;
22, 310, 18, 410, 810, 32, 87, 1209, 71;
20, 306, 15, 406, 776, 14, 80, 1196, 59;
19, 303, 12, 405, 743, -1, 75, 1184, 50;
21, 303, 13, 435, 742, 3, 82, 1185, 53;
22, 304, 14, 464, 740, 8, 89, 1186, 56;
25, 304, 15, 498, 742, 16, 98, 1188, 61;
23, 301, 12, 494, 706, 0, 91, 1175, 50;
29, 305, 18, 563, 744, 31, 115, 1193, 70;
26, 301, 14, 548, 697, 7, 104, 1175, 55;
23, 296, 10, 531, 648, -17, 93, 1156, 39;
25, 296, 10, 558, 643, -13, 99, 1156, 42;
25, 295, 10, 572, 625, -16, 101, 1151, 40;
32, 299, 15, 641, 662, 16, 125, 1168, 61;
27, 293, 9, 606, 594, -20, 106, 1142, 38;
32, 297, 14, 670, 626, 10, 128, 1158, 57;
29, 292, 10, 651, 575, -14, 116, 1139, 41;
31, 292, 12, 681, 573, -6, 124, 1140, 46;
29, 287, 8, 663, 523, -29, 113, 1122, 32;
34, 291, 12, 719, 547, -4, 132, 1135, 48;
35, 290, 12, 739, 535, -1, 137, 1132, 49;
32, 285, 9, 721, 485, -24, 126, 1114, 35;
35, 286, 11, 756, 489, -11, 137, 1118, 43;
34, 284, 10, 760, 462, -18, 135, 1110, 39;
37, 285, 11, 792, 463, -6, 145, 1113, 46;
34, 281, 8, 777, 417, -26, 136, 1097, 34;
35, 280, 9, 793, 402, -24, 139, 1094, 35;
39, 282, 12, 834, 412, -6, 153, 1101, 47;
37, 279, 10, 827, 375, -18, 147, 1088, 39;
36, 276, 8, 824, 342, -29, 143, 1077, 32;
39, 276, 10, 852, 340, -18, 152, 1080, 39;
38, 274, 8, 847, 306, -28, 148, 1069, 33;
39, 273, 9, 864, 294, -24, 152, 1067, 36;
46, 279, 16, 937, 339, 18, 181, 1089, 62;
45, 277, 15, 938, 311, 12, 179, 1080, 58;
40, 269, 9, 889, 234, -25, 157, 1052, 35;
42, 270, 11, 917, 235, -11, 167, 1055, 43;
45, 271, 13, 946, 237, 2, 177, 1059, 52;
42, 267, 10, 922, 186, -18, 165, 1041, 39;
49, 272, 16, 991, 230, 24, 193, 1063, 65;
44, 265, 11, 946, 158, -10, 173, 1036, 44;
45, 265, 12, 960, 147, -4, 177, 1035, 48;
43, 262, 10, 944, 107, -17, 170, 1022, 40;
46, 263, 13, 976, 115, 1, 182, 1028, 51;
48, 263, 14, 992, 107, 10, 188, 1029, 57;
44, 258, 10, 954, 46, -17, 172, 1007, 40;
43, 256, 9, 947, 17, -22, 168, 998, 36;
48, 259, 14, 998, 46, 10, 189, 1013, 57;
42, 252, 8, 939, -34, -29, 165, 984, 32;
43, 252, 9, 951, -42, -21, 170, 984, 37;
45, 252, 11, 966, -47, -10, 176, 985, 44;
44, 250, 10, 958, -74, -15, 173, 977, 41;
44, 249, 10, 956, -94, -15, 173, 972, 41;
49, 253, 16, 1005, -63, 19, 194, 988, 62;
47, 249, 13, 979, -107, 3, 183, 974, 53;
50, 251, 17, 1008, -95, 25, 196, 982, 66;
42, 242, 9, 930, -189, -23, 165, 947, 36;
49, 249, 16, 995, -139, 23, 193, 971, 65;
48, 246, 15, 982, -167, 17, 189, 962, 62;
45, 242, 13, 949, -213, 0, 177, 947, 51;
41, 237, 9, 909, -266, -22, 162, 928, 37;
48, 244, 17, 972, -215, 24, 190, 952, 66;
48, 243, 17, 966, -233, 25, 189, 948, 67;
44, 237, 13, 920, -290, 0, 171, 927, 51;
41, 234, 11, 891, -329, -12, 162, 914, 43;
43, 235, 13, 900, -329, 0, 168, 918, 51;
43, 235, 14, 900, -338, 6, 170, 917, 55;
40, 231, 11, 863, -382, -10, 157, 902, 44;
36, 226, 8, 822, -431, -30, 143, 885, 32;
38, 227, 10, 829, -430, -17, 148, 888, 39;
35, 224, 8, 800, -464, -28, 139, 877, 33;
41, 230, 15, 851, -418, 13, 163, 899, 59;
41, 229, 15, 838, -434, 14, 161, 895, 60;
43, 230, 17, 846, -429, 28, 167, 900, 68;
41, 228, 16, 820, -457, 21, 160, 891, 64;
33, 220, 9, 742, -537, -20, 131, 861, 38;
32, 219, 9, 724, -555, -22, 127, 856, 37;
38, 225, 16, 773, -506, 21, 151, 879, 64;
39, 225, 17, 766, -512, 27, 152, 879, 67;
34, 220, 13, 712, -564, 2, 133, 860, 52;
32, 219, 12, 689, -585, -1, 128, 854, 50;
30, 216, 11, 656, -614, -11, 118, 844, 44;
35, 221, 17, 696, -570, 27, 139, 864, 67;
29, 215, 12, 629, -631, -4, 115, 841, 48;
29, 215, 13, 619, -635, 1, 116, 842, 52;
30, 216, 14, 613, -635, 10, 118, 844, 57;
25, 212, 11, 561, -679, -10, 101, 828, 44;
22, 209, 9, 521, -711, -24, 88, 817, 35;
21, 208, 8, 499, -724, -25, 84, 813, 35;
20, 207, 9, 478, -735, -25, 80, 810, 35;
23, 210, 12, 492, -711, -2, 91, 822, 49;
20, 208, 10, 453, -738, -13, 80, 813, 42;
23, 211, 15, 470, -709, 12, 92, 826, 58;
16, 204, 8, 388, -779, -27, 62, 799, 33;
15, 204, 9, 370, -782, -24, 60, 799, 35;
23, 213, 18, 433, -705, 32, 92, 832, 71;
18, 208, 14, 373, -751, 7, 72, 814, 55;
16, 207, 12, 337, -771, -1, 62, 807, 50;
12, 204, 10, 294, -797, -13, 50, 798, 42;
15, 208, 14, 307, -767, 10, 60, 811, 57;
13, 206, 13, 274, -782, 3, 52, 806, 53;
8, 202, 9, 210, -828, -22, 31, 788, 36;
7, 202, 9, 190, -828, -20, 28, 788, 38;
12, 208, 15, 223, -775, 18, 48, 811, 62;
11, 208, 16, 202, -776, 20, 44, 811, 63;
7, 205, 13, 151, -806, 2, 29, 800, 52;
2, 201, 9, 93, -843, -20, 10, 785, 38;
0, 199, 8, 55, -858, -28, 0, 779, 33;
2, 203, 12, 67, -823, -4, 11, 794, 48;
-2, 199, 8, 4, -863, -29, -9, 777, 32;
-3, 199, 8, -16, -860, -27, -12, 778, 33;
-3, 200, 9, -35, -854, -23, -14, 781, 36;
-5, 199, 8, -68, -863, -29, -22, 778, 32;
-3, 202, 11, -61, -831, -8, -14, 791, 45;
-6, 200, 9, -106, -849, -21, -27, 783, 37;
0, 208, 16, -62, -779, 23, -3, 811, 65;
-3, 207, 15, -98, -788, 16, -12, 807, 61;
-8, 203, 11, -160, -822, -8, -32, 793, 45;
-11, 201, 10, -200, -835, -19, -43, 787, 39;
-6, 208, 15, -169, -776, 17, -25, 811, 62;
-7, 208, 16, -191, -770, 19, -29, 813, 62;
-7, 210, 17, -204, -754, 26, -29, 819, 67;
-16, 202, 9, -301, -821, -21, -63, 790, 37;
-17, 203, 9, -324, -815, -21, -68, 791, 37;
-20, 201, 8, -362, -823, -31, -78, 787, 31;
-17, 206, 12, -347, -777, -5, -66, 805, 47;
-22, 202, 8, -407, -807, -30, -86, 791, 32;
-14, 212, 17, -347, -716, 25, -56, 828, 66;
-18, 210, 14, -396, -734, 7, -71, 819, 55;
-22, 207, 11, -444, -751, -9, -86, 810, 45;
-26, 205, 8, -495, -771, -29, -102, 800, 32;
-22, 210, 13, -472, -716, 0, -87, 821, 51;
-22, 212, 14, -481, -694, 9, -86, 829, 56;
-25, 211, 12, -519, -700, -2, -97, 825, 49;
-21, 216, 17, -497, -646, 26, -83, 845, 67;
-29, 210, 10, -585, -702, -18, -115, 820, 39;
-31, 210, 9, -614, -699, -24, -122, 820, 35;
-28, 214, 12, -599, -652, -1, -112, 837, 50;
-26, 218, 15, -590, -610, 18, -103, 852, 62;
-29, 217, 14, -624, -612, 8, -113, 849, 56;
-33, 215, 11, -671, -628, -11, -129, 841, 44;
-36, 214, 9, -710, -635, -25, -141, 835, 35;
-29, 223, 17, -653, -545, 25, -113, 870, 66;
-34, 219, 12, -710, -571, -1, -133, 857, 49;
-38, 217, 9, -759, -587, -22, -149, 848, 36;
-31, 225, 16, -707, -503, 23, -124, 880, 65;
-36, 222, 12, -758, -523, 0, -141, 869, 50;
-38, 222, 11, -784, -517, -7, -148, 869, 46;
-36, 226, 14, -775, -476, 8, -141, 883, 56;
-35, 228, 15, -778, -449, 16, -139, 892, 61;
-36, 229, 15, -791, -431, 16, -141, 896, 61;
-41, 226, 10, -850, -459, -13, -163, 882, 42;
-42, 227, 11, -861, -440, -12, -164, 887, 43;
-41, 229, 12, -862, -410, -4, -162, 896, 48;
-44, 228, 9, -899, -417, -20, -174, 891, 38;
-41, 233, 13, -871, -359, 5, -160, 911, 54;
-41, 234, 13, -884, -343, 3, -163, 915, 53;
-41, 237, 14, -882, -312, 11, -160, 925, 58;
-48, 231, 7, -957, -359, -31, -189, 902, 31;
-39, 242, 17, -873, -246, 30, -152, 946, 69;
-43, 239, 14, -918, -263, 6, -169, 935, 54;
-43, 241, 14, -925, -243, 6, -170, 941, 55;
-40, 246, 17, -896, -187, 30, -156, 960, 70;
-49, 238, 8, -988, -252, -25, -193, 930, 34;
-47, 242, 11, -973, -211, -12, -185, 944, 43;
-45, 245, 13, -956, -169, 2, -177, 958, 52;
-41, 251, 17, -921, -109, 29, -161, 980, 69;
-42, 251, 16, -937, -99, 22, -167, 980, 64;
-50, 245, 9, -1010, -149, -24, -196, 956, 35;
-49, 247, 10, -1006, -121, -19, -194, 965, 39;
-42, 256, 17, -936, -29, 28, -164, 999, 68;
-45, 254, 14, -965, -34, 11, -176, 994, 57;
-42, 259, 17, -936, 15, 30, -164, 1011, 70;
-49, 253, 10, -1006, -33, -15, -193, 987, 41;
-46, 257, 13, -976, 17, 4, -180, 1005, 53;
-45, 259, 14, -969, 44, 9, -177, 1013, 56;
-45, 261, 14, -968, 64, 8, -177, 1018, 56;
-46, 260, 13, -980, 71, 0, -182, 1017, 50;
-47, 261, 11, -987, 81, -7, -186, 1018, 46;
-41, 268, 17, -928, 158, 30, -162, 1046, 69;
-45, 265, 13, -961, 141, 5, -177, 1036, 54;
-48, 263, 10, -991, 128, -16, -190, 1027, 40;
-40, 272, 18, -913, 221, 31, -159, 1062, 70;
-50, 263, 8, -1001, 147, -30, -197, 1029, 31;
-42, 272, 15, -925, 237, 15, -167, 1063, 60;
-49, 266, 8, -987, 189, -29, -194, 1039, 32;
-48, 268, 9, -973, 215, -25, -190, 1047, 35;
-41, 277, 16, -896, 303, 20, -160, 1080, 63;
-42, 276, 14, -907, 303, 7, -166, 1077, 55;
-47, 271, 8, -951, 269, -27, -186, 1060, 33;
-40, 280, 15, -876, 354, 16, -157, 1092, 60;
-45, 275, 10, -916, 322, -17, -177, 1075, 39;
-46, 275, 8, -923, 323, -29, -182, 1073, 32;
-37, 284, 16, -831, 422, 24, -146, 1111, 66;
-39, 284, 14, -838, 421, 11, -152, 1107, 58;
-41, 282, 12, -849, 415, -4, -160, 1102, 48;
-44, 279, 8, -873, 396, -28, -172, 1091, 33;
-35, 289, 16, -780, 492, 24, -137, 1128, 66;
-40, 284, 10, -825, 450, -15, -159, 1108, 41;
-32, 292, 18, -741, 536, 31, -127, 1141, 70;
-40, 284, 9, -810, 469, -24, -159, 1110, 35;
-39, 286, 10, -786, 494, -18, -153, 1118, 39;
-39, 286, 9, -778, 501, -24, -153, 1118, 35;
-34, 291, 12, -728, 550, -1, -136, 1136, 49;
-32, 294, 14, -694, 582, 9, -126, 1147, 56;
-34, 292, 11, -703, 570, -8, -134, 1139, 45;
-36, 290, 8, -712, 557, -26, -142, 1132, 34;
-29, 296, 14, -642, 624, 8, -116, 1157, 56;
-30, 296, 13, -635, 625, 0, -118, 1155, 51;
-33, 293, 9, -654, 601, -24, -130, 1143, 35;
-33, 293, 8, -640, 608, -28, -129, 1144, 33;
-22, 303, 18, -530, 710, 31, -88, 1184, 70;
-28, 297, 11, -572, 660, -9, -109, 1162, 45;
-23, 301, 14, -520, 703, 11, -93, 1177, 57;
-25, 299, 12, -525, 688, -6, -100, 1169, 47;
-20, 304, 16, -464, 739, 20, -79, 1189, 63;
-24, 300, 11, -492, 699, -12, -96, 1171, 43;
-23, 301, 11, -466, 713, -9, -90, 1175, 45;
-22, 301, 11, -445, 722, -10, -86, 1177, 44;
-23, 300, 9, -442, 711, -22, -90, 1171, 36;
-14, 308, 16, -348, 790, 23, -56, 1202, 65;
-15, 306, 14, -344, 779, 11, -60, 1196, 58;
-12, 309, 16, -303, 804, 23, -48, 1206, 65;
-16, 304, 11, -326, 765, -6, -63, 1188, 46;
-10, 310, 16, -257, 817, 23, -40, 1209, 65;
-17, 302, 8, -311, 745, -28, -68, 1178, 32;
-13, 304, 10, -265, 772, -14, -54, 1188, 42;
-6, 311, 17, -179, 839, 27, -24, 1215, 67;
-10, 306, 11, -211, 788, -10, -42, 1193, 44;
-5, 310, 15, -150, 828, 14, -23, 1209, 60;
-10, 304, 9, -184, 773, -24, -42, 1186, 35;
-9, 304, 9, -158, 778, -23, -37, 1187, 36;
-4, 308, 13, -96, 817, 1, -17, 1203, 51;
-8, 303, 8, -119, 772, -30, -32, 1184, 32;
-4, 306, 10, -70, 797, -14, -18, 1194, 42;
3, 313, 17, 20, 864, 30, 14, 1222, 69;
-1, 307, 11, -13, 806, -8, -5, 1198, 45;
4, 311, 16, 54, 849, 20, 17, 1216, 63;
2, 308, 12, 47, 817, 0, 8, 1203, 50;
4, 309, 14, 86, 830, 8, 19, 1208, 56;
3, 306, 11, 83, 800, -9, 12, 1196, 44;
1, 303, 8, 78, 768, -29, 4, 1183, 32;
9, 310, 15, 170, 832, 14, 36, 1210, 60;
4, 304, 9, 138, 773, -22, 18, 1186, 37;
10, 309, 14, 211, 817, 9, 42, 1205, 57;
7, 303, 9, 187, 766, -21, 27, 1185, 37;
16, 311, 17, 286, 835, 27, 62, 1214, 68;
15, 309, 15, 294, 814, 17, 60, 1206, 61;
11, 303, 10, 269, 760, -14, 45, 1185, 41;
15, 306, 13, 321, 782, 3, 61, 1195, 53;
17, 306, 14, 350, 781, 7, 68, 1196, 55;
19, 307, 15, 386, 786, 16, 77, 1199, 61;
22, 308, 16, 418, 788, 22, 85, 1201, 65;
15, 300, 9, 371, 709, -24, 61, 1170, 35;
20, 302, 12, 425, 732, -3, 78, 1181, 49;
16, 297, 8, 404, 680, -31, 64, 1161, 31;
27, 306, 17, 514, 759, 27, 105, 1195, 68;
21, 299, 10, 473, 686, -14, 83, 1167, 42;
28, 304, 16, 552, 733, 23, 111, 1188, 65;
24, 298, 11, 522, 671, -9, 94, 1164, 44;
28, 300, 14, 572, 689, 9, 109, 1173, 56;
29, 300, 15, 598, 683, 13, 116, 1173, 59;
33, 302, 18, 644, 697, 31, 130, 1181, 70;
24, 291, 7, 568, 589, -32, 94, 1138, 30;
30, 296, 12, 634, 623, 0, 118, 1154, 50;
28, 292, 9, 624, 581, -20, 109, 1139, 38;
33, 296, 14, 687, 611, 9, 131, 1154, 56;
38, 298, 18, 740, 632, 32, 149, 1165, 71;
29, 288, 9, 670, 530, -25, 116, 1125, 35;
29, 286, 8, 680, 508, -30, 116, 1118, 32;
37, 292, 15, 760, 556, 12, 146, 1141, 58;
39, 292, 16, 786, 551, 19, 153, 1141, 62;
36, 288, 12, 772, 505, 0, 143, 1125, 50;
33, 283, 8, 749, 450, -26, 130, 1105, 34;
42, 290, 16, 838, 508, 23, 164, 1132, 65;
34, 280, 8, 773, 412, -29, 134, 1095, 32;
35, 280, 8, 790, 398, -26, 138, 1092, 34;
37, 280, 10, 820, 398, -15, 147, 1095, 41;
38, 280, 10, 835, 383, -13, 151, 1092, 42;
41, 281, 13, 871, 389, 2, 163, 1097, 52;
42, 280, 13, 887, 375, 5, 167, 1094, 54;
45, 281, 16, 918, 377, 18, 177, 1098, 62;
39, 273, 9, 866, 296, -22, 154, 1068, 37;
43, 276, 13, 912, 313, 1, 170, 1078, 51;
45, 276, 14, 934, 307, 10, 177, 1079, 57;
47, 277, 16, 957, 302, 20, 185, 1080, 63;
42, 270, 10, 912, 230, -15, 164, 1053, 41;
40, 266, 8, 899, 190, -28, 158, 1040, 33;
49, 274, 17, 988, 253, 26, 193, 1069, 67;
44, 267, 11, 939, 177, -10, 171, 1041, 44;
44, 266, 11, 947, 160, -8, 173, 1037, 45;
48, 268, 15, 988, 175, 14, 189, 1047, 60;
48, 266, 14, 987, 150, 11, 188, 1040, 58;
41, 258, 7, 925, 64, -32, 161, 1008, 30;
46, 261, 12, 974, 89, -2, 181, 1021, 49;
45, 259, 11, 969, 61, -7, 178, 1013, 46;
52, 264, 18, 1030, 100, 32, 203, 1033, 71;
50, 261, 16, 1014, 62, 21, 196, 1020, 64;
50, 260, 16, 1011, 38, 18, 195, 1014, 62;
49, 257, 15, 1002, 8, 12, 191, 1005, 58;
47, 254, 13, 985, -28, 1, 184, 993, 52;
47, 253, 13, 987, -45, 3, 185, 989, 53;
42, 247, 8, 935, -116, -29, 164, 963, 32;
50, 254, 17, 1014, -55, 24, 197, 992, 66;
42, 244, 8, 932, -155, -28, 164, 954, 33;
43, 245, 10, 947, -156, -15, 171, 957, 41;
43, 243, 10, 938, -181, -18, 168, 950, 39;
46, 245, 13, 966, -168, 3, 181, 959, 53;
41, 239, 8, 915, -234, -26, 161, 935, 34;
42, 239, 10, 921, -241, -18, 165, 935, 39;
45, 241, 13, 945, -231, 1, 176, 942, 52;
43, 238, 11, 919, -269, -10, 167, 930, 44;
46, 240, 14, 943, -256, 10, 179, 938, 57;
43, 236, 12, 910, -300, -5, 167, 923, 47;
44, 237, 13, 915, -305, 3, 172, 924, 53;
41, 234, 11, 888, -341, -7, 163, 913, 46;
47, 239, 18, 938, -300, 32, 186, 933, 71;
42, 233, 13, 886, -360, 4, 167, 911, 54;
38, 228, 10, 839, -414, -18, 150, 892, 39;
41, 231, 13, 861, -398, 3, 161, 901, 53;
36, 225, 9, 806, -458, -24, 142, 879, 35;
35, 223, 8, 787, -481, -28, 137, 873, 33;
42, 230, 16, 846, -427, 19, 164, 898, 63;
35, 222, 9, 772, -504, -20, 136, 869, 38;
37, 224, 12, 785, -492, -1, 145, 876, 49;
41, 229, 18, 820, -459, 31, 163, 893, 70;
37, 223, 13, 765, -514, 5, 144, 873, 54;
36, 222, 13, 747, -532, 3, 140, 868, 53;
35, 221, 13, 733, -545, 5, 138, 865, 54;
32, 218, 11, 697, -579, -7, 127, 853, 46;
33, 219, 13, 692, -581, 0, 129, 855, 51;
37, 223, 18, 720, -550, 31, 145, 871, 70;
26, 212, 7, 606, -660, -32, 101, 827, 30;
32, 218, 14, 652, -609, 10, 125, 851, 57;
32, 218, 16, 646, -608, 19, 127, 853, 63;
30, 217, 15, 617, -631, 13, 119, 846, 59;
28, 215, 14, 587, -653, 6, 111, 839, 55;
24, 210, 10, 533, -699, -16, 93, 821, 40;
20, 207, 7, 489, -734, -31, 80, 809, 31;
21, 208, 9, 482, -731, -22, 82, 812, 36;
20, 207, 9, 462, -741, -22, 78, 810, 37;
25, 213, 16, 503, -688, 20, 100, 833, 63;
23, 211, 14, 465, -714, 9, 89, 824, 56;
25, 213, 17, 471, -695, 27, 97, 834, 68;
22, 211, 15, 432, -721, 16, 86, 824, 61;
16, 206, 11, 366, -773, -12, 64, 804, 43;
17, 208, 13, 364, -760, 1, 68, 811, 51;
15, 206, 11, 328, -780, -7, 58, 804, 46;
15, 206, 13, 315, -776, 0, 58, 806, 50;
17, 209, 16, 321, -753, 19, 66, 817, 63;
8, 201, 8, 228, -828, -26, 33, 787, 34;
10, 204, 11, 233, -804, -7, 41, 798, 46;
5, 200, 8, 175, -843, -29, 22, 782, 32;
6, 202, 10, 168, -830, -18, 25, 788, 39;
12, 209, 17, 210, -768, 25, 48, 815, 66;
4, 202, 10, 125, -832, -14, 18, 789, 41;
0, 199, 8, 76, -860, -31, 3, 778, 31;
8, 207, 16, 131, -782, 21, 32, 810, 64;
-1, 199, 7, 25, -865, -32, -6, 776, 30;
6, 208, 17, 91, -776, 27, 26, 813, 68;
5, 208, 17, 68, -775, 29, 22, 814, 69;
-4, 199, 8, -44, -864, -29, -18, 777, 32;
0, 205, 14, -10, -805, 9, 1, 802, 56;
-2, 203, 12, -55, -824, -3, -11, 793, 48;
-8, 199, 8, -117, -860, -28, -31, 778, 33;
-8, 201, 9, -130, -847, -21, -31, 784, 37;
-4, 205, 14, -111, -801, 7, -18, 802, 55;
-5, 206, 15, -129, -791, 12, -19, 806, 58;
-10, 202, 10, -193, -828, -14, -41, 790, 42;
-11, 202, 10, -217, -824, -13, -45, 791, 42;
-11, 204, 12, -227, -805, -4, -44, 798, 48;
-7, 210, 17, -201, -750, 28, -27, 820, 68;
-8, 210, 17, -227, -747, 27, -32, 820, 68;
-9, 211, 17, -249, -739, 28, -36, 823, 68;
-15, 206, 12, -317, -778, -1, -59, 806, 50;
-11, 212, 17, -293, -724, 30, -44, 827, 69;
-12, 212, 17, -316, -716, 30, -48, 829, 69;
-17, 209, 14, -372, -742, 8, -66, 817, 55;
-14, 214, 18, -358, -697, 32, -55, 834, 71;
-17, 212, 16, -401, -708, 19, -68, 828, 62;
-20, 211, 14, -438, -714, 9, -78, 824, 56;
-17, 215, 18, -425, -669, 32, -68, 841, 71;
-26, 208, 9, -524, -737, -19, -104, 811, 38;
-29, 207, 8, -559, -740, -28, -114, 808, 32;
-25, 213, 13, -532, -681, 3, -98, 831, 52;
-25, 214, 13, -551, -668, 4, -101, 834, 53;
-29, 212, 11, -596, -681, -12, -115, 827, 43;
-26, 217, 15, -577, -630, 13, -103, 846, 59;
-28, 216, 14, -606, -627, 7, -110, 845, 55;
-33, 213, 10, -662, -650, -17, -129, 833, 40;
-35, 213, 8, -696, -652, -27, -139, 830, 33;
-30, 219, 14, -658, -582, 9, -119, 857, 57;
-36, 215, 9, -727, -619, -24, -143, 839, 35;
-35, 218, 11, -719, -579, -7, -136, 853, 46;
-37, 218, 10, -751, -579, -17, -146, 851, 40;
-40, 217, 8, -787, -584, -30, -157, 847, 31;
-37, 221, 11, -768, -533, -7, -145, 865, 46;
-35, 225, 14, -762, -495, 7, -139, 878, 55;
-35, 227, 15, -767, -469, 13, -138, 886, 59;
-40, 223, 10, -824, -495, -14, -158, 873, 42;
-40, 226, 11, -827, -466, -6, -156, 882, 46;
-43, 224, 9, -868, -476, -25, -170, 875, 35;
-36, 233, 16, -809, -387, 22, -143, 909, 65;
-39, 232, 14, -841, -389, 9, -153, 905, 56;
-44, 229, 10, -891, -409, -15, -171, 894, 41;
-43, 231, 11, -889, -377, -6, -168, 904, 46;
-39, 237, 16, -858, -317, 20, -153, 926, 63;
-40, 238, 16, -872, -302, 18, -156, 929, 62;
-39, 241, 17, -867, -269, 28, -152, 939, 68;
-48, 232, 8, -965, -338, -30, -190, 908, 31;
-46, 237, 11, -944, -290, -11, -180, 924, 43;
-43, 241, 14, -924, -242, 7, -169, 941, 55;
-44, 241, 13, -938, -229, 2, -174, 943, 52;
-41, 246, 16, -917, -181, 21, -163, 960, 64;
-49, 240, 9, -987, -225, -21, -191, 938, 37;
-48, 243, 10, -981, -194, -13, -187, 948, 42;
-44, 248, 14, -951, -139, 9, -174, 967, 56;
-43, 251, 16, -939, -102, 20, -168, 979, 63;
-44, 250, 14, -958, -97, 10, -175, 978, 57;
-47, 249, 12, -983, -98, -3, -184, 974, 48;
-49, 249, 10, -1004, -96, -16, -192, 972, 40;
-43, 256, 16, -950, -20, 20, -170, 999, 63;
-50, 251, 9, -1012, -60, -19, -195, 980, 38;
-45, 257, 14, -965, 7, 11, -176, 1004, 58;
-48, 255, 11, -1001, -7, -11, -190, 995, 43;
-49, 256, 10, -1005, 8, -14, -192, 998, 41;
-50, 256, 9, -1014, 18, -21, -196, 999, 37;
-43, 264, 16, -946, 105, 22, -168, 1031, 64;
-49, 259, 10, -1005, 64, -18, -194, 1011, 39;
-47, 262, 12, -981, 105, -4, -184, 1024, 47;
-46, 264, 12, -971, 132, 0, -181, 1032, 50;
-46, 265, 12, -972, 146, -4, -183, 1035, 48;
-43, 270, 15, -934, 200, 18, -168, 1054, 62;
-43, 271, 15, -934, 214, 14, -169, 1056, 59;
-45, 269, 12, -953, 209, -2, -178, 1051, 49;
-44, 272, 13, -936, 240, 4, -173, 1060, 53;
-47, 270, 10, -957, 231, -14, -183, 1053, 41;
-44, 274, 13, -925, 275, 1, -171, 1068, 52;
-43, 275, 13, -919, 292, 0, -171, 1072, 50;
-44, 275, 12, -914, 306, -3, -171, 1075, 49;
-45, 275, 11, -918, 311, -12, -175, 1074, 43;
-40, 280, 14, -872, 366, 11, -158, 1093, 58;
-41, 280, 13, -876, 370, 1, -162, 1092, 52;
-44, 278, 10, -892, 361, -16, -171, 1085, 40;
-39, 283, 14, -844, 415, 7, -154, 1105, 55;
-38, 285, 15, -824, 441, 12, -149, 1112, 59;
-39, 285, 13, -824, 444, 3, -152, 1111, 53;
-42, 282, 9, -847, 426, -20, -164, 1101, 38;
-34, 290, 16, -766, 509, 24, -134, 1132, 65;
-34, 290, 16, -758, 519, 19, -134, 1134, 63;
-31, 293, 18, -726, 553, 31, -124, 1145, 70;
-37, 288, 11, -769, 510, -7, -146, 1124, 46;
-34, 292, 14, -729, 551, 8, -133, 1139, 56;
-34, 291, 13, -724, 554, 0, -134, 1138, 51;
-30, 296, 16, -674, 602, 22, -118, 1155, 64;
-32, 294, 14, -682, 592, 5, -125, 1148, 54;
-27, 299, 17, -629, 640, 28, -107, 1166, 68;
-30, 296, 13, -646, 620, 5, -118, 1155, 54;
-35, 291, 8, -679, 581, -28, -136, 1137, 33;
-29, 297, 13, -613, 641, 2, -113, 1160, 52;
-24, 301, 16, -563, 685, 22, -97, 1176, 65;
-29, 297, 11, -593, 648, -9, -114, 1158, 44;
-22, 303, 17, -519, 713, 25, -88, 1183, 66;
-28, 297, 10, -563, 660, -17, -110, 1160, 40;
-19, 305, 17, -470, 743, 30, -77, 1192, 70;
-19, 306, 17, -451, 752, 29, -74, 1194, 69;
-24, 300, 10, -493, 698, -13, -96, 1170, 42;
-24, 299, 9, -481, 698, -19, -96, 1168, 38;
-16, 307, 16, -393, 773, 23, -65, 1198, 65;
-22, 301, 10, -435, 718, -18, -87, 1174, 39;
-13, 309, 17, -342, 796, 28, -54, 1205, 68;
-17, 305, 13, -359, 764, 1, -66, 1190, 52;
-17, 304, 12, -346, 761, -5, -66, 1188, 47;
-13, 307, 14, -301, 790, 9, -52, 1199, 56;
-10, 309, 16, -258, 816, 22, -40, 1208, 64;
-13, 305, 12, -277, 779, -5, -53, 1192, 47;
-7, 311, 17, -205, 832, 25, -29, 1213, 67;
-14, 303, 9, -257, 761, -24, -56, 1183, 35;
-10, 306, 12, -205, 793, -6, -40, 1195, 47;
-6, 309, 14, -160, 818, 7, -27, 1205, 55;
-12, 302, 7, -196, 761, -32, -47, 1181, 30;
-4, 309, 14, -112, 824, 7, -18, 1206, 55;
-7, 305, 10, -123, 790, -16, -28, 1192, 40;
-1, 310, 14, -59, 832, 9, -7, 1209, 57;
-7, 303, 8, -97, 770, -31, -28, 1183, 31;
0, 309, 14, -12, 831, 8, 0, 1208, 56;
5, 313, 18, 48, 868, 32, 20, 1223, 71;
1, 309, 13, 28, 823, 2, 6, 1205, 52;
5, 311, 16, 77, 846, 18, 20, 1215, 62;
0, 304, 8, 33, 776, -27, -3, 1186, 34;
9, 312, 17, 141, 857, 28, 35, 1220, 68;
7, 309, 14, 134, 824, 7, 27, 1206, 55;
4, 305, 10, 125, 788, -14, 18, 1192, 41;
8, 307, 13, 173, 808, 0, 32, 1201, 51;
6, 304, 9, 164, 771, -21, 23, 1186, 37;
9, 306, 12, 213, 791, -4, 38, 1195, 48;
15, 311, 17, 284, 834, 26, 62, 1214, 67;
12, 306, 12, 266, 786, -1, 49, 1195, 49;
17, 310, 16, 327, 817, 23, 68, 1209, 65;
11, 302, 9, 282, 742, -22, 44, 1179, 37;
18, 307, 15, 359, 789, 13, 71, 1199, 59;
14, 302, 10, 336, 736, -16, 56, 1179, 40;
22, 308, 17, 426, 795, 27, 88, 1204, 68;
14, 298, 7, 359, 697, -32, 55, 1165, 30;
15, 298, 8, 382, 689, -31, 60, 1163, 31;
20, 302, 12, 445, 721, -4, 81, 1178, 48;
24, 303, 14, 486, 731, 8, 93, 1183, 56;
26, 304, 15, 521, 734, 17, 103, 1187, 61;
22, 298, 10, 494, 675, -15, 87, 1164, 41;
23, 298, 11, 519, 668, -12, 92, 1163, 43;
26, 299, 12, 553, 670, -2, 102, 1166, 49;
26, 297, 12, 569, 654, -5, 104, 1161, 47;
25, 294, 10, 570, 622, -18, 99, 1150, 39;
28, 296, 11, 607, 627, -6, 110, 1154, 46;
31, 297, 14, 645, 633, 6, 122, 1159, 54;
29, 293, 11, 636, 593, -12, 114, 1144, 43;
28, 290, 9, 638, 562, -23, 111, 1134, 36;
34, 294, 14, 703, 595, 8, 134, 1150, 56;
31, 290, 10, 685, 545, -15, 122, 1131, 41;
37, 295, 16, 756, 584, 20, 148, 1150, 63;
39, 294, 16, 777, 573, 23, 153, 1148, 65;
34, 288, 11, 741, 506, -10, 134, 1123, 44;
34, 286, 10, 751, 484, -14, 135, 1116, 41;
39, 289, 14, 801, 502, 8, 152, 1127, 56;
35, 284, 10, 778, 449, -16, 139, 1107, 40;
43, 289, 17, 855, 494, 25, 168, 1129, 66;
36, 281, 9, 798, 407, -21, 141, 1096, 37;
37, 280, 9, 813, 391, -19, 145, 1092, 38;
46, 287, 18, 904, 452, 32, 179, 1120, 71;
43, 282, 14, 885, 403, 11, 169, 1103, 58;
47, 284, 18, 926, 414, 31, 183, 1110, 70;
41, 277, 11, 876, 335, -8, 160, 1081, 45;
45, 279, 15, 920, 350, 13, 176, 1090, 59;
42, 275, 12, 901, 302, -5, 166, 1073, 47;
41, 272, 10, 894, 267, -16, 161, 1062, 40;
43, 272, 11, 914, 259, -8, 167, 1062, 45;
43, 270, 11, 919, 237, -10, 167, 1056, 44;
45, 271, 13, 944, 235, 0, 176, 1058, 51;
40, 265, 8, 907, 171, -28, 159, 1035, 33;
47, 270, 14, 972, 211, 11, 185, 1055, 58;
43, 264, 10, 934, 147, -17, 168, 1032, 39;
41, 261, 8, 919, 106, -31, 160, 1018, 31;
43, 262, 10, 945, 108, -16, 170, 1022, 40;
50, 267, 17, 1011, 150, 25, 197, 1043, 66;
48, 263, 14, 991, 106, 9, 188, 1028, 56;
46, 260, 12, 974, 67, -3, 180, 1015, 48;
49, 262, 16, 1009, 79, 18, 194, 1024, 62;
44, 255, 10, 957, 5, -16, 172, 997, 40;
49, 259, 15, 1004, 31, 14, 192, 1011, 59;
50, 258, 16, 1013, 20, 20, 196, 1010, 63;
49, 257, 16, 1010, -3, 18, 194, 1003, 62;
45, 251, 11, 969, -63, -8, 177, 982, 45;
42, 247, 8, 938, -113, -27, 165, 965, 33;
43, 246, 9, 943, -125, -22, 168, 963, 37;
43, 246, 10, 947, -139, -17, 170, 960, 39;
43, 244, 9, 938, -164, -21, 167, 953, 37;
45, 246, 12, 963, -156, -2, 178, 960, 49;
45, 244, 12, 954, -180, -4, 176, 954, 48;
49, 247, 16, 991, -158, 23, 192, 966, 65;
47, 244, 15, 970, -193, 13, 185, 955, 59;
43, 240, 11, 931, -245, -7, 171, 937, 46;
48, 244, 17, 972, -215, 24, 190, 952, 66;
46, 240, 14, 944, -255, 11, 180, 939, 58;
40, 234, 9, 886, -324, -21, 158, 913, 37;
44, 237, 13, 915, -305, 3, 172, 925, 53;
45, 237, 15, 919, -311, 12, 175, 925, 58;
38, 230, 9, 854, -384, -23, 151, 898, 36;
41, 232, 12, 876, -370, -1, 162, 907, 49;
37, 227, 8, 826, -426, -27, 144, 887, 33;
42, 232, 14, 869, -390, 9, 165, 905, 56;
40, 229, 12, 840, -424, -1, 156, 893, 49;
43, 232, 16, 865, -404, 23, 169, 905, 65;
37, 225, 11, 799, -473, -11, 145, 879, 43;
36, 223, 10, 780, -495, -15, 140, 872, 41;
34, 221, 9, 757, -521, -20, 134, 865, 38;
31, 218, 7, 724, -555, -32, 124, 853, 30;
34, 221, 11, 744, -536, -9, 135, 864, 45;
30, 217, 8, 697, -583, -29, 119, 847, 32;
33, 220, 12, 716, -562, -6, 131, 858, 47;
33, 220, 12, 707, -569, 0, 131, 858, 50;
31, 217, 11, 678, -595, -8, 123, 849, 45;
28, 214, 9, 642, -628, -20, 112, 838, 38;
36, 222, 18, 703, -562, 32, 142, 868, 71;
31, 217, 14, 649, -611, 9, 124, 850, 56;
34, 220, 18, 664, -590, 31, 134, 860, 70;
27, 213, 11, 587, -661, -6, 107, 833, 46;
29, 216, 14, 595, -645, 11, 115, 842, 58;
25, 211, 11, 542, -690, -10, 97, 825, 44;
25, 212, 13, 537, -686, 0, 100, 829, 51;
23, 210, 11, 506, -708, -6, 92, 822, 46;
24, 212, 14, 506, -697, 7, 96, 828, 55;
20, 208, 10, 449, -742, -16, 78, 811, 40;
19, 207, 10, 431, -748, -13, 75, 810, 42;
17, 206, 10, 401, -765, -19, 68, 804, 39;
17, 207, 11, 391, -761, -10, 69, 807, 44;
22, 212, 16, 420, -718, 23, 86, 827, 65;
21, 212, 17, 405, -718, 28, 85, 828, 68;
13, 204, 10, 315, -793, -15, 53, 798, 41;
18, 209, 15, 343, -748, 18, 70, 818, 62;
13, 206, 12, 289, -785, -1, 53, 804, 49;
17, 210, 17, 308, -748, 26, 66, 820, 67;
14, 208, 15, 269, -768, 16, 56, 813, 61;
9, 204, 12, 210, -808, -6, 37, 797, 46;
7, 203, 11, 180, -819, -10, 29, 793, 44;
5, 201, 10, 143, -835, -19, 20, 787, 39;
4, 202, 10, 127, -830, -13, 19, 790, 42;
7, 206, 14, 141, -795, 11, 30, 805, 58;
1, 201, 10, 72, -841, -17, 7, 786, 40;
3, 203, 12, 69, -821, -2, 11, 794, 49;
6, 208, 17, 91, -776, 28, 26, 813, 68;
2, 205, 14, 41, -802, 11, 11, 803, 57;
-1, 202, 11, -10, -830, -7, -4, 791, 46;
2, 207, 16, 10, -784, 23, 9, 810, 65;
-1, 204, 13, -43, -813, 3, -6, 798, 53;
-3, 204, 12, -75, -818, 0, -14, 796, 50;
-6, 202, 11, -115, -832, -11, -25, 790, 43;
-9, 200, 9, -158, -848, -23, -37, 783, 36;
-8, 203, 12, -157, -820, -6, -31, 794, 46;
-13, 200, 8, -217, -852, -30, -50, 780, 32;
-13, 201, 9, -233, -839, -24, -51, 785, 35;
-13, 202, 10, -246, -824, -17, -51, 790, 40;
-7, 210, 17, -204, -753, 27, -28, 819, 67;
-11, 207, 14, -252, -772, 10, -43, 810, 57;
-18, 201, 8, -338, -828, -30, -73, 786, 31;
-11, 210, 16, -279, -739, 24, -43, 821, 66;
-11, 212, 18, -291, -722, 31, -43, 828, 70;
-13, 211, 16, -328, -728, 22, -53, 824, 65;
-19, 207, 12, -392, -761, -4, -74, 809, 47;
-16, 212, 16, -376, -715, 20, -63, 827, 63;
-22, 207, 11, -446, -753, -10, -86, 809, 44;
-23, 207, 11, -470, -746, -12, -92, 811, 43;
-17, 215, 18, -425, -669, 32, -68, 841, 71;
-26, 208, 10, -517, -730, -14, -101, 814, 41;
-27, 208, 9, -546, -727, -19, -108, 814, 38;
-21, 216, 17, -497, -646, 26, -83, 845, 67;
-30, 209, 9, -595, -712, -24, -119, 816, 35;
-25, 215, 14, -560, -645, 11, -100, 842, 58;
-25, 218, 16, -568, -621, 19, -99, 850, 63;
-31, 214, 11, -633, -653, -10, -121, 834, 44;
-27, 219, 16, -604, -592, 21, -105, 857, 64;
-31, 217, 12, -658, -615, -2, -123, 846, 49;
-32, 217, 12, -676, -600, -2, -127, 849, 49;
-34, 218, 12, -700, -592, -6, -132, 851, 47;
-30, 223, 16, -679, -539, 19, -120, 870, 62;
-39, 216, 8, -770, -598, -30, -153, 843, 32;
-40, 217, 8, -784, -581, -28, -156, 848, 33;
-39, 220, 10, -784, -548, -17, -152, 859, 40;
-33, 227, 16, -741, -474, 21, -131, 887, 64;
-40, 222, 10, -810, -512, -14, -156, 869, 41;
-38, 226, 13, -802, -473, 0, -149, 882, 51;
-35, 231, 16, -780, -419, 24, -137, 901, 66;
-40, 227, 12, -838, -446, -5, -158, 887, 47;
-45, 224, 8, -887, -465, -29, -175, 876, 32;
-40, 231, 13, -852, -400, 2, -158, 901, 52;
-43, 229, 11, -886, -404, -12, -169, 896, 43;
-39, 235, 15, -856, -344, 15, -154, 917, 60;
-44, 232, 11, -905, -364, -10, -172, 906, 44;
-46, 231, 9, -933, -363, -21, -181, 904, 37;
-43, 236, 12, -913, -314, -2, -171, 921, 49;
-42, 239, 14, -903, -276, 10, -165, 933, 57;
-42, 241, 15, -907, -252, 13, -164, 940, 59;
-47, 237, 10, -960, -278, -16, -184, 926, 40;
-47, 238, 10, -967, -258, -16, -186, 931, 40;
-48, 239, 10, -976, -240, -17, -188, 935, 39;
-45, 244, 13, -954, -192, 0, -177, 952, 51;
-48, 242, 10, -988, -201, -18, -190, 945, 39;
-43, 249, 16, -937, -124, 19, -168, 973, 62;
-43, 250, 16, -941, -104, 19, -169, 978, 62;
-47, 248, 12, -981, -119, -4, -184, 969, 48;
-51, 245, 8, -1022, -137, -29, -200, 958, 32;
-41, 256, 18, -933, -25, 31, -163, 1001, 70;
-50, 249, 9, -1012, -81, -20, -195, 974, 38;
-48, 252, 11, -1000, -48, -11, -190, 984, 43;
-45, 256, 14, -973, 0, 6, -179, 1001, 55;
-45, 258, 14, -970, 22, 8, -178, 1007, 56;
-42, 262, 17, -942, 71, 27, -166, 1024, 67;
-48, 258, 11, -997, 35, -10, -189, 1006, 44;
-44, 263, 15, -955, 96, 16, -172, 1028, 61;
-44, 264, 14, -960, 109, 11, -175, 1030, 57;
-45, 264, 14, -963, 123, 6, -177, 1032, 55;
-46, 265, 13, -968, 135, 1, -180, 1033, 51;
-45, 266, 13, -961, 158, 3, -178, 1040, 53;
-48, 264, 10, -986, 148, -17, -189, 1032, 40;
-49, 265, 9, -990, 158, -23, -192, 1033, 36;
-50, 265, 8, -993, 169, -29, -195, 1034, 32;
-40, 276, 17, -898, 277, 29, -157, 1076, 69;
-49, 268, 8, -975, 212, -26, -191, 1046, 34;
-43, 274, 13, -922, 277, 3, -170, 1069, 53;
-42, 276, 14, -906, 305, 8, -166, 1077, 56;
-39, 279, 16, -875, 345, 23, -155, 1091, 65;
-40, 280, 15, -873, 356, 17, -156, 1093, 62;
-43, 277, 12, -899, 339, -6, -169, 1082, 47;
-39, 282, 15, -857, 388, 14, -155, 1100, 59;
-44, 278, 10, -895, 357, -18, -173, 1084, 39;
-36, 286, 17, -817, 442, 25, -143, 1116, 66;
-36, 286, 16, -811, 454, 21, -143, 1118, 64;
-37, 287, 15, -805, 464, 16, -144, 1119, 61;
-39, 284, 12, -825, 448, -5, -155, 1110, 47;
-43, 281, 8, -848, 427, -30, -168, 1098, 32;
-38, 286, 11, -800, 478, -7, -152, 1116, 46;
-40, 285, 9, -803, 476, -20, -156, 1113, 38;
-34, 291, 15, -738, 541, 12, -133, 1137, 58;
-34, 291, 14, -732, 547, 6, -134, 1137, 55;
-29, 296, 18, -678, 600, 31, -116, 1157, 70;
-37, 289, 9, -738, 538, -20, -144, 1128, 38;
-37, 288, 8, -736, 538, -29, -147, 1126, 32;
-35, 291, 9, -704, 566, -20, -138, 1135, 38;
-34, 292, 10, -683, 582, -19, -134, 1140, 39;
-28, 297, 14, -620, 640, 10, -112, 1161, 57;
-27, 299, 15, -597, 658, 13, -106, 1167, 59;
-27, 298, 13, -590, 657, 4, -108, 1164, 53;
-24, 301, 16, -550, 691, 18, -96, 1176, 62;
-29, 296, 10, -581, 651, -15, -113, 1158, 41;
-28, 297, 10, -563, 660, -17, -111, 1159, 40;
-29, 295, 7, -564, 649, -32, -116, 1153, 31;
-23, 302, 13, -489, 713, 3, -90, 1178, 53;
-27, 297, 8, -515, 676, -27, -105, 1161, 33;
-20, 303, 13, -445, 734, 4, -81, 1183, 53;
-23, 300, 9, -459, 708, -19, -92, 1171, 38;
-23, 299, 8, -447, 705, -26, -92, 1168, 34;
-22, 300, 8, -424, 714, -26, -88, 1171, 34;
-14, 308, 16, -331, 792, 20, -54, 1202, 63;
-19, 301, 9, -373, 735, -22, -77, 1177, 36;
-11, 309, 16, -285, 806, 20, -46, 1205, 63;
-10, 309, 16, -260, 814, 20, -41, 1207, 63;
-14, 304, 11, -287, 769, -12, -58, 1188, 42;
-10, 307, 13, -236, 801, 5, -42, 1200, 54;
-9, 308, 14, -211, 807, 5, -37, 1202, 54;
-7, 309, 14, -182, 817, 9, -30, 1205, 56;
-5, 310, 15, -149, 829, 14, -22, 1210, 60;
-10, 305, 9, -176, 781, -19, -39, 1189, 38;
-2, 311, 16, -94, 841, 18, -11, 1214, 62;
-5, 307, 12, -105, 809, -4, -21, 1200, 48;
-8, 303, 8, -121, 770, -31, -33, 1183, 31;
-1, 309, 13, -41, 826, 5, -5, 1207, 54;
3, 313, 17, 17, 862, 28, 13, 1221, 68;