-2, 293, -2, 722, -15, -7, -9, 1143, -9;
3, 297, 2, 748, 38, 21, 13, 1159, 9;
1, 294, 0, 727, 46, 27, 6, 1147, 0;
6, 297, 4, 745, 95, 53, 26, 1160, 16;
4, 293, 0, 714, 97, 56, 16, 1143, 3;
8, 295, 3, 722, 138, 78, 31, 1151, 14;
6, 291, 0, 691, 142, 82, 23, 1136, 3;
12, 296, 7, 715, 203, 115, 50, 1155, 27;
7, 288, 0, 661, 186, 108, 29, 1126, 3;
17, 296, 9, 700, 263, 148, 67, 1156, 38;
18, 296, 10, 686, 290, 163, 73, 1154, 42;
14, 289, 5, 632, 275, 158, 55, 1127, 20;
20, 293, 10, 645, 330, 187, 79, 1143, 42;
20, 290, 9, 615, 342, 194, 78, 1132, 38;
24, 292, 13, 613, 382, 216, 94, 1140, 52;
18, 284, 7, 549, 361, 207, 72, 1109, 28;
23, 286, 11, 547, 402, 229, 90, 1117, 43;
26, 287, 13, 536, 434, 246, 102, 1120, 53;
27, 286, 15, 515, 457, 259, 108, 1118, 59;
23, 280, 10, 456, 443, 253, 92, 1092, 41;
20, 274, 7, 403, 433, 250, 80, 1070, 27;
23, 275, 10, 390, 465, 266, 93, 1075, 39;
25, 274, 11, 366, 484, 277, 99, 1072, 44;
28, 275, 14, 349, 511, 292, 111, 1074, 55;
25, 270, 11, 298, 503, 288, 100, 1055, 44;
30, 272, 15, 291, 539, 307, 118, 1064, 62;
27, 267, 12, 234, 524, 300, 105, 1042, 49;
29, 267, 15, 214, 545, 311, 115, 1043, 58;
26, 262, 12, 159, 531, 305, 103, 1022, 47;
30, 264, 16, 147, 559, 319, 118, 1029, 62;
26, 258, 12, 87, 539, 310, 103, 1006, 49;
26, 256, 13, 54, 543, 312, 104, 1000, 51;
28, 255, 14, 27, 553, 317, 110, 997, 58;
32, 257, 19, 17, 579, 330, 125, 1006, 75;
26, 250, 14, -51, 545, 313, 104, 977, 55;
27, 249, 15, -81, 547, 314, 106, 973, 59;
32, 253, 21, -81, 580, 330, 128, 987, 83;
34, 253, 24, -101, 590, 335, 136, 989, 93;
28, 245, 18, -175, 545, 312, 110, 957, 70;
33, 249, 24, -171, 576, 327, 132, 974, 95;
34, 248, 25, -199, 573, 325, 133, 970, 99;
26, 239, 18, -280, 516, 296, 101, 933, 71;
24, 236, 17, -317, 501, 288, 96, 923, 69;
25, 236, 19, -343, 496, 284, 98, 920, 74;
27, 237, 22, -357, 500, 286, 105, 924, 86;
25, 235, 21, -391, 483, 276, 100, 916, 85;
20, 229, 17, -447, 442, 254, 81, 893, 69;
21, 229, 19, -464, 437, 251, 84, 894, 77;
27, 234, 26, -451, 460, 261, 105, 913, 103;
20, 226, 20, -515, 404, 232, 78, 884, 81;
19, 226, 21, -536, 391, 224, 77, 882, 85;
19, 225, 22, -554, 377, 216, 76, 881, 89;
23, 229, 28, -545, 388, 220, 92, 896, 110;
14, 220, 20, -616, 318, 183, 57, 861, 80;
21, 227, 28, -584, 347, 196, 84, 889, 113;
18, 224, 26, -617, 311, 176, 70, 876, 105;
18, 225, 28, -625, 297, 168, 72, 879, 112;
11, 218, 22, -678, 236, 136, 43, 852, 89;
15, 223, 28, -658, 246, 139, 60, 871, 111;
6, 214, 20, -720, 172, 100, 24, 837, 81;
8, 217, 24, -710, 168, 97, 32, 849, 95;
4, 215, 22, -732, 130, 75, 19, 839, 87;
3, 214, 22, -742, 102, 60, 12, 836, 87;
3, 215, 24, -738, 86, 50, 13, 841, 94;
4, 218, 26, -727, 76, 43, 18, 851, 104;
4, 219, 28, -721, 59, 32, 18, 856, 110;
3, 219, 28, -720, 34, 18, 14, 857, 112;
1, 219, 28, -725, 3, 1, 5, 854, 109;
-5, 213, 22, -759, -58, -32, -21, 833, 87;
0, 220, 28, -715, -45, -27, -2, 858, 112;
-1, 221, 29, -705, -66, -39, -4, 863, 115;
-8, 215, 23, -735, -129, -73, -32, 842, 93;
-4, 221, 29, -694, -122, -71, -17, 864, 113;
-7, 220, 27, -696, -160, -92, -30, 859, 106;
-6, 223, 30, -667, -167, -97, -24, 872, 117;
-9, 222, 28, -665, -203, -117, -36, 868, 109;
-17, 216, 21, -694, -271, -153, -68, 844, 82;
-17, 218, 22, -671, -287, -162, -69, 852, 87;
-13, 225, 27, -618, -275, -158, -51, 878, 108;
-13, 227, 28, -592, -291, -168, -52, 887, 112;
-14, 229, 29, -569, -309, -178, -54, 893, 114;
-17, 227, 26, -562, -345, -198, -68, 888, 104;
-22, 225, 22, -563, -389, -221, -87, 878, 89;
-19, 230, 26, -512, -382, -219, -74, 900, 105;
-26, 225, 20, -527, -441, -250, -103, 881, 79;
-25, 229, 21, -491, -448, -255, -100, 893, 85;
-25, 231, 22, -458, -459, -262, -100, 902, 87;
-24, 234, 24, -418, -463, -265, -96, 915, 94;
-26, 235, 22, -396, -486, -277, -104, 917, 88;
-22, 241, 27, -334, -467, -269, -86, 943, 107;
-23, 242, 26, -307, -484, -278, -92, 947, 103;
-33, 235, 17, -332, -551, -313, -129, 919, 67;
-30, 240, 20, -277, -539, -308, -117, 939, 80;
-33, 239, 17, -263, -567, -322, -130, 935, 67;
-32, 243, 18, -217, -563, -320, -124, 949, 74;
-35, 242, 15, -202, -587, -333, -137, 945, 61;
-35, 244, 15, -168, -593, -336, -138, 952, 60;
-34, 247, 16, -125, -589, -335, -134, 965, 63;
-36, 247, 14, -100, -601, -341, -140, 966, 56;
-35, 250, 15, -58, -597, -339, -137, 977, 58;
-26, 261, 23, 31, -542, -312, -102, 1019, 91;
-26, 263, 23, 65, -541, -311, -102, 1026, 89;
-30, 260, 17, 71, -569, -325, -120, 1015, 69;
-29, 263, 18, 113, -558, -319, -115, 1027, 72;
-30, 264, 17, 141, -560, -320, -118, 1030, 66;
-35, 260, 11, 140, -589, -334, -138, 1015, 43;
-29, 268, 16, 211, -545, -312, -114, 1046, 64;
-24, 273, 19, 268, -513, -295, -97, 1067, 77;
-32, 267, 11, 253, -551, -313, -125, 1045, 46;
-28, 272, 14, 305, -521, -297, -110, 1063, 56;
-32, 269, 8, 304, -542, -307, -128, 1050, 34;
-32, 270, 8, 334, -529, -300, -125, 1056, 32;
-23, 280, 15, 414, -465, -267, -91, 1093, 60;
-21, 283, 16, 453, -440, -253, -82, 1105, 64;
-29, 275, 6, 422, -482, -273, -114, 1075, 26;
-26, 278, 7, 459, -455, -258, -104, 1087, 30;
-26, 279, 6, 479, -443, -251, -105, 1088, 24;
-18, 288, 13, 552, -376, -216, -71, 1123, 52;
-17, 288, 12, 572, -360, -207, -69, 1126, 47;
-19, 287, 8, 577, -357, -204, -75, 1120, 34;
-15, 291, 11, 616, -317, -183, -59, 1135, 43;
-14, 292, 10, 636, -295, -170, -54, 1140, 41;
-12, 293, 10, 655, -271, -156, -49, 1144, 39;
-13, 292, 7, 659, -261, -149, -52, 1139, 29;
-9, 296, 10, 694, -217, -126, -35, 1155, 39;
-13, 291, 4, 675, -226, -128, -50, 1137, 15;
-13, 290, 1, 675, -212, -120, -52, 1132, 6;
-13, 289, 0, 677, -196, -110, -53, 1129, -1;
-8, 293, 2, 712, -145, -82, -31, 1146, 11;
-10, 290, -1, 695, -143, -80, -41, 1132, -6;
-5, 294, 1, 727, -90, -51, -19, 1150, 7;
-1, 297, 3, 746, -49, -29, -5, 1160, 13;
2, 299, 5, 763, -8, -7, 9, 1169, 20;
-1, 294, 0, 732, -14, -7, -5, 1149, -2;
2, 297, 1, 748, 29, 15, 10, 1159, 5;
3, 296, 0, 740, 49, 28, 12, 1155, -1;
7, 298, 1, 753, 93, 51, 28, 1165, 7;
10, 300, 2, 758, 130, 72, 41, 1170, 11;
4, 291, -5, 702, 107, 62, 15, 1138, -22;
7, 292, -4, 703, 143, 82, 27, 1142, -18;
11, 295, -2, 712, 188, 106, 44, 1152, -9;
15, 297, 0, 720, 233, 131, 62, 1161, 0;
16, 296, 0, 704, 254, 143, 65, 1157, -3;
15, 292, -4, 671, 260, 148, 59, 1142, -17;
18, 294, -3, 667, 297, 168, 72, 1147, -12;
19, 292, -4, 645, 316, 179, 74, 1140, -17;
15, 286, -10, 594, 306, 176, 58, 1116, -39;
22, 291, -4, 611, 365, 207, 86, 1135, -19;
15, 281, -13, 537, 334, 193, 58, 1098, -53;
20, 284, -10, 540, 381, 218, 79, 1110, -39;
20, 282, -11, 509, 393, 225, 78, 1100, -46;
26, 286, -7, 518, 446, 253, 103, 1116, -27;
20, 277, -15, 445, 417, 240, 78, 1081, -58;
23, 278, -13, 434, 450, 257, 92, 1086, -50;
23, 275, -14, 398, 458, 263, 91, 1075, -57;
23, 274, -15, 368, 471, 270, 93, 1069, -60;
23, 270, -17, 328, 475, 273, 90, 1056, -68;
31, 276, -10, 345, 535, 304, 122, 1080, -41;
27, 270, -15, 284, 517, 296, 106, 1055, -61;
30, 271, -13, 268, 544, 310, 119, 1058, -53;
27, 266, -17, 215, 533, 305, 108, 1039, -67;
30, 267, -15, 198, 557, 318, 120, 1042, -59;
35, 270, -11, 193, 592, 336, 139, 1053, -43;
27, 259, -20, 105, 543, 312, 106, 1012, -79;
29, 259, -18, 81, 558, 319, 114, 1012, -74;
28, 256, -20, 38, 552, 317, 109, 999, -81;
26, 253, -22, -4, 545, 313, 104, 987, -88;
35, 260, -14, 15, 601, 341, 139, 1014, -55;
35, 258, -14, -20, 598, 340, 138, 1006, -58;
30, 251, -19, -82, 568, 324, 120, 982, -77;
30, 249, -20, -118, 563, 322, 119, 974, -79;
32, 250, -18, -138, 573, 326, 126, 976, -71;
25, 241, -25, -215, 523, 301, 98, 942, -100;
26, 241, -24, -240, 524, 301, 102, 940, -96;
34, 248, -16, -217, 571, 324, 135, 968, -63;
28, 241, -21, -282, 529, 302, 112, 941, -85;
24, 236, -25, -335, 497, 285, 97, 921, -99;
32, 242, -17, -314, 537, 305, 127, 947, -68;
26, 235, -23, -379, 489, 280, 102, 919, -91;
26, 235, -22, -403, 481, 274, 103, 916, -88;
21, 229, -26, -456, 441, 254, 85, 896, -104;
21, 228, -26, -482, 426, 245, 82, 891, -104;
20, 226, -27, -509, 408, 234, 78, 885, -106;
18, 224, -28, -539, 385, 222, 71, 877, -110;
16, 222, -29, -568, 361, 208, 64, 869, -114;
20, 227, -23, -557, 376, 214, 81, 886, -93;
22, 228, -21, -563, 370, 210, 86, 891, -84;
21, 227, -21, -583, 350, 198, 82, 887, -84;
20, 226, -21, -599, 330, 187, 79, 885, -83;
16, 223, -24, -635, 289, 165, 64, 870, -95;
12, 219, -27, -667, 249, 143, 48, 857, -105;
11, 219, -26, -679, 228, 131, 45, 856, -104;
8, 216, -29, -706, 190, 110, 31, 844, -113;
5, 214, -30, -728, 154, 90, 20, 836, -119;
7, 217, -26, -713, 155, 89, 31, 850, -103;
3, 214, -29, -742, 109, 64, 13, 835, -116;
6, 218, -25, -722, 109, 62, 24, 851, -99;
6, 219, -23, -717, 93, 52, 25, 856, -93;
-1, 213, -30, -759, 29, 18, -4, 832, -117;
-1, 214, -28, -754, 9, 6, -5, 836, -113;
3, 220, -22, -717, 20, 10, 12, 859, -89;
-5, 213, -29, -760, -51, -27, -20, 832, -116;
0, 220, -23, -717, -37, -22, -1, 858, -91;
-4, 217, -25, -728, -78, -45, -15, 850, -100;
0, 222, -21, -693, -76, -45, -3, 869, -82;
-7, 218, -25, -716, -133, -76, -28, 851, -100;
-3, 223, -20, -676, -127, -75, -14, 873, -80;
-7, 222, -22, -678, -166, -96, -27, 867, -88;
-14, 216, -29, -706, -232, -131, -58, 844, -113;
-8, 225, -20, -643, -207, -120, -32, 878, -81;
-15, 219, -27, -667, -270, -153, -61, 857, -105;
-15, 222, -25, -642, -286, -163, -61, 866, -99;
-18, 222, -26, -630, -315, -179, -70, 866, -102;
-13, 229, -20, -572, -299, -173, -51, 893, -78;
-17, 227, -23, -572, -341, -195, -68, 885, -89;
-22, 224, -26, -575, -387, -220, -88, 874, -104;
-21, 228, -23, -534, -389, -222, -81, 890, -92;
-25, 226, -26, -531, -429, -244, -98, 882, -104;
-25, 228, -25, -498, -440, -251, -98, 892, -99;
-19, 237, -18, -429, -415, -239, -75, 924, -71;
-30, 228, -28, -464, -495, -280, -118, 890, -110;
-24, 236, -21, -397, -471, -270, -97, 920, -84;
-25, 238, -20, -364, -482, -276, -98, 928, -81;
-24, 241, -18, -322, -484, -278, -94, 942, -73;
-29, 238, -22, -318, -523, -298, -113, 932, -88;
-25, 245, -17, -258, -506, -291, -98, 956, -70;
-28, 243, -20, -244, -534, -305, -111, 951, -80;
-28, 246, -19, -209, -541, -309, -112, 959, -77;
-35, 241, -25, -216, -588, -333, -138, 941, -100;
-33, 245, -23, -169, -581, -330, -131, 956, -91;
-31, 249, -20, -120, -571, -326, -123, 973, -80;
-27, 256, -15, -56, -545, -313, -106, 998, -60;
-31, 253, -19, -46, -572, -327, -122, 990, -74;
-30, 256, -17, -5, -567, -324, -118, 1001, -68;
-32, 256, -19, 13, -583, -332, -128, 998, -77;
-26, 264, -13, 86, -543, -312, -103, 1029, -51;
-27, 264, -14, 112, -549, -315, -109, 1031, -55;
-30, 263, -16, 127, -564, -322, -120, 1026, -65;
-32, 263, -17, 151, -569, -324, -125, 1027, -69;
-29, 267, -14, 200, -547, -313, -114, 1044, -58;
-30, 267, -16, 221, -551, -314, -120, 1043, -63;
-26, 273, -11, 278, -518, -297, -103, 1065, -46;
-30, 270, -15, 284, -535, -305, -117, 1055, -61;
-30, 271, -15, 311, -528, -300, -117, 1059, -62;
-30, 272, -16, 337, -520, -296, -118, 1062, -62;
-30, 272, -16, 359, -515, -292, -120, 1063, -66;
-29, 274, -15, 391, -498, -282, -115, 1071, -62;
-26, 278, -13, 433, -468, -266, -103, 1085, -51;
-21, 284, -8, 488, -423, -243, -82, 1108, -31;
-23, 282, -10, 495, -425, -243, -91, 1102, -41;
-23, 282, -11, 511, -415, -236, -92, 1101, -45;
-18, 287, -7, 560, -371, -213, -73, 1122, -27;
-24, 282, -13, 542, -391, -222, -94, 1101, -50;
-15, 290, -5, 610, -324, -186, -60, 1134, -19;
-21, 285, -11, 588, -344, -195, -82, 1112, -43;
-21, 284, -12, 597, -331, -186, -83, 1110, -47;
-12, 293, -3, 665, -257, -148, -47, 1145, -13;
-9, 295, -1, 687, -227, -131, -38, 1152, -7;
-7, 297, 0, 706, -198, -115, -30, 1158, -2;
-10, 293, -4, 694, -198, -113, -40, 1145, -15;
-7, 295, -2, 713, -165, -95, -30, 1153, -8;
-8, 293, -4, 707, -155, -88, -34, 1144, -16;
-4, 297, 0, 735, -109, -63, -16, 1159, -1;
-1, 298, 1, 750, -74, -44, -6, 1165, 6;
-7, 291, -5, 708, -95, -52, -29, 1137, -20;
-6, 291, -5, 708, -71, -39, -26, 1135, -20;
-4, 292, -3, 717, -38, -20, -16, 1140, -14;
-2, 292, -3, 716, -11, -5, -10, 1139, -12;
-2, 290, -3, 707, 7, 6, -10, 1134, -14;
7, 299, 5, 757, 86, 47, 28, 1166, 20;
6, 296, 3, 739, 100, 56, 25, 1157, 14;
8, 296, 4, 736, 129, 73, 33, 1158, 18;
8, 295, 4, 721, 149, 85, 34, 1152, 17;
6, 290, 0, 685, 149, 86, 23, 1134, 3;
12, 295, 6, 706, 206, 117, 49, 1151, 25;
16, 297, 10, 712, 250, 141, 66, 1160, 39;
11, 289, 3, 652, 229, 132, 43, 1129, 13;
16, 292, 7, 662, 279, 158, 63, 1141, 31;
15, 289, 6, 631, 288, 165, 60, 1129, 24;
12, 283, 2, 583, 282, 163, 46, 1107, 8;
19, 289, 9, 605, 346, 197, 77, 1129, 37;
23, 291, 12, 602, 385, 218, 92, 1135, 50;
23, 288, 12, 572, 399, 226, 93, 1126, 48;
25, 287, 13, 550, 419, 238, 97, 1122, 50;
20, 281, 8, 493, 406, 233, 81, 1097, 33;
23, 281, 10, 475, 432, 247, 90, 1097, 40;
28, 284, 15, 475, 476, 270, 111, 1108, 59;
28, 281, 14, 440, 486, 276, 110, 1098, 57;
30, 281, 16, 420, 510, 289, 119, 1097, 65;
25, 274, 11, 356, 489, 280, 100, 1070, 45;
31, 277, 16, 354, 531, 302, 121, 1081, 65;
31, 275, 17, 321, 540, 307, 122, 1074, 66;
27, 269, 13, 261, 523, 299, 107, 1049, 50;
34, 273, 20, 269, 573, 325, 134, 1068, 78;
31, 268, 16, 213, 558, 318, 121, 1047, 65;
26, 261, 12, 148, 534, 307, 104, 1021, 48;
25, 258, 11, 107, 532, 306, 100, 1009, 45;
26, 257, 12, 77, 541, 311, 104, 1005, 50;
27, 256, 14, 47, 549, 315, 108, 1000, 55;
34, 261, 21, 55, 594, 337, 135, 1020, 83;
33, 259, 21, 16, 590, 336, 132, 1010, 82;
27, 250, 15, -57, 550, 316, 108, 978, 59;
32, 254, 20, -60, 580, 331, 127, 991, 81;
34, 253, 22, -84, 587, 334, 132, 990, 88;
32, 250, 21, -128, 572, 326, 125, 977, 84;
34, 251, 24, -145, 584, 332, 135, 981, 96;
34, 249, 25, -177, 579, 328, 134, 974, 98;
26, 240, 17, -259, 522, 299, 102, 937, 70;
26, 239, 19, -287, 517, 296, 103, 933, 74;
26, 237, 19, -318, 507, 291, 102, 927, 76;
22, 233, 17, -367, 479, 276, 88, 910, 66;
32, 242, 27, -333, 530, 300, 126, 944, 107;
26, 235, 23, -394, 485, 277, 103, 918, 89;
26, 234, 23, -421, 471, 269, 101, 913, 91;
27, 235, 26, -434, 471, 268, 107, 917, 102;
25, 232, 25, -467, 447, 254, 99, 907, 99;
27, 234, 29, -473, 449, 254, 108, 914, 113;
25, 232, 28, -505, 423, 240, 100, 905, 109;
19, 225, 22, -563, 369, 211, 74, 879, 89;
22, 228, 27, -556, 378, 214, 88, 892, 108;
21, 227, 27, -578, 355, 201, 83, 887, 108;
19, 225, 27, -602, 328, 186, 75, 880, 106;
17, 224, 27, -623, 303, 172, 69, 875, 105;
13, 220, 24, -656, 263, 151, 54, 861, 95;
10, 217, 22, -688, 223, 129, 39, 848, 86;
15, 223, 29, -659, 242, 136, 60, 872, 113;
14, 223, 29, -670, 218, 122, 56, 870, 115;
9, 219, 26, -701, 172, 98, 38, 856, 103;
3, 214, 21, -739, 117, 69, 14, 836, 85;
6, 218, 26, -719, 119, 67, 26, 851, 103;
0, 213, 21, -755, 62, 37, 2, 832, 84;
1, 215, 24, -742, 53, 31, 7, 842, 95;
6, 221, 30, -707, 64, 34, 25, 864, 119;
2, 219, 28, -724, 22, 11, 10, 855, 110;
3, 221, 30, -709, 9, 3, 13, 864, 118;
0, 219, 28, -722, -31, -19, -1, 855, 110;
-8, 213, 21, -758, -98, -54, -31, 831, 85;
0, 222, 30, -696, -68, -41, -2, 867, 120;
-8, 216, 24, -728, -133, -75, -32, 845, 95;
-10, 216, 24, -722, -162, -92, -39, 845, 94;
-6, 222, 29, -680, -156, -90, -24, 867, 113;
-8, 222, 28, -673, -186, -107, -33, 867, 110;
-10, 221, 27, -667, -218, -125, -42, 865, 105;
-13, 221, 25, -661, -251, -143, -53, 863, 99;
-16, 220, 23, -657, -287, -163, -65, 859, 91;
-19, 219, 21, -649, -320, -181, -76, 856, 85;
-13, 228, 29, -583, -296, -171, -52, 889, 113;
-20, 223, 22, -602, -357, -203, -81, 869, 88;
-17, 228, 26, -555, -352, -202, -69, 890, 103;
-17, 230, 27, -524, -364, -209, -68, 900, 108;
-21, 229, 24, -517, -401, -229, -83, 894, 96;
-27, 225, 19, -525, -453, -256, -108, 879, 75;
-28, 226, 18, -500, -472, -267, -113, 883, 73;
-23, 234, 24, -435, -451, -258, -93, 912, 95;
-24, 236, 24, -404, -463, -265, -94, 920, 96;
-21, 240, 27, -354, -458, -264, -85, 939, 108;
-24, 240, 25, -338, -486, -278, -96, 936, 98;
-27, 239, 22, -322, -513, -293, -108, 934, 87;
-32, 237, 18, -316, -550, -312, -127, 924, 70;
-29, 242, 21, -260, -536, -306, -114, 945, 83;
-27, 246, 22, -216, -534, -306, -109, 959, 89;
-26, 249, 24, -172, -531, -305, -104, 973, 94;
-25, 252, 25, -129, -528, -304, -99, 986, 99;
-32, 247, 18, -138, -576, -328, -127, 966, 70;
-27, 254, 22, -71, -548, -314, -108, 993, 89;
-35, 249, 15, -82, -596, -338, -137, 972, 59;
-32, 254, 17, -29, -579, -330, -126, 991, 69;
-26, 261, 22, 40, -544, -313, -104, 1020, 89;
-28, 261, 20, 65, -553, -317, -110, 1021, 81;
-29, 262, 19, 92, -558, -320, -114, 1024, 75;
-32, 261, 15, 105, -576, -328, -126, 1018, 60;
-34, 260, 12, 124, -586, -333, -135, 1015, 48;
-29, 267, 17, 190, -548, -313, -113, 1042, 67;
-26, 271, 18, 237, -527, -302, -103, 1057, 73;
-32, 266, 12, 230, -558, -317, -126, 1040, 46;
-33, 266, 9, 253, -558, -317, -130, 1040, 38;
-30, 270, 11, 298, -535, -304, -120, 1055, 44;
-24, 278, 16, 366, -485, -279, -94, 1084, 65;
-31, 272, 8, 350, -519, -294, -121, 1061, 34;
-24, 279, 14, 416, -468, -268, -95, 1091, 55;
-27, 277, 9, 420, -477, -271, -107, 1081, 38;
-23, 281, 12, 467, -441, -252, -91, 1099, 48;
-21, 284, 13, 502, -416, -238, -82, 1110, 50;
-27, 278, 5, 482, -442, -250, -106, 1087, 20;
-18, 287, 12, 555, -374, -215, -72, 1122, 48;
-18, 288, 11, 574, -358, -206, -70, 1124, 43;
-17, 288, 9, 592, -342, -196, -69, 1126, 38;
-17, 289, 8, 607, -325, -186, -67, 1127, 33;
-17, 288, 6, 616, -313, -178, -69, 1125, 24;
-16, 289, 6, 637, -287, -164, -62, 1130, 24;
-16, 289, 4, 645, -272, -154, -63, 1128, 16;
-11, 293, 6, 679, -228, -131, -45, 1144, 26;
-13, 290, 2, 670, -226, -128, -54, 1132, 9;
-8, 295, 6, 710, -173, -99, -31, 1152, 24;
-9, 293, 3, 706, -161, -92, -35, 1145, 13;
-8, 292, 1, 706, -144, -81, -35, 1142, 5;
-7, 293, 0, 715, -117, -66, -28, 1144, 3;
-6, 293, 0, 719, -91, -51, -24, 1144, 0;
-7, 290, -3, 703, -85, -46, -30, 1132, -14;
-5, 292, -2, 714, -49, -26, -19, 1138, -11;
2, 298, 2, 755, 18, 9, 11, 1164, 11;
5, 299, 3, 762, 52, 28, 21, 1168, 13;
0, 293, -3, 719, 39, 23, 2, 1143, -13;
0, 291, -5, 704, 54, 33, 1, 1135, -23;
8, 297, 0, 741, 123, 69, 33, 1160, 0;
11, 298, 1, 742, 159, 89, 44, 1164, 3;
13, 298, 1, 738, 190, 106, 52, 1165, 4;
11, 295, -2, 707, 195, 111, 45, 1150, -10;
12, 293, -4, 691, 216, 123, 48, 1145, -15;
10, 290, -7, 659, 223, 128, 42, 1131, -29;
14, 291, -5, 659, 262, 150, 56, 1137, -22;
10, 285, -11, 612, 255, 148, 42, 1115, -43;
14, 287, -9, 608, 293, 168, 56, 1120, -37;
15, 286, -10, 588, 314, 180, 60, 1115, -40;
18, 286, -9, 578, 347, 198, 72, 1117, -35;
17, 283, -11, 543, 354, 204, 68, 1105, -46;
25, 288, -5, 560, 415, 235, 97, 1125, -23;
25, 286, -7, 529, 428, 243, 98, 1116, -29;
21, 280, -12, 474, 416, 239, 83, 1092, -50;
25, 282, -10, 468, 454, 259, 99, 1100, -39;
25, 279, -12, 431, 462, 264, 97, 1088, -47;
24, 275, -14, 392, 466, 267, 94, 1076, -56;
26, 275, -13, 372, 491, 280, 103, 1076, -52;
23, 270, -18, 316, 478, 275, 90, 1053, -70;
30, 275, -11, 330, 535, 304, 120, 1075, -44;
26, 269, -16, 269, 516, 296, 104, 1050, -64;
26, 266, -18, 230, 520, 298, 102, 1039, -70;
28, 266, -17, 207, 538, 308, 110, 1038, -66;
25, 261, -20, 153, 525, 302, 99, 1019, -80;
31, 265, -15, 155, 568, 324, 123, 1034, -60;
32, 264, -15, 125, 576, 328, 127, 1030, -59;
34, 263, -14, 100, 590, 335, 133, 1029, -55;
35, 262, -14, 70, 596, 339, 137, 1024, -54;
29, 254, -20, -2, 559, 320, 113, 993, -80;
31, 255, -18, -19, 577, 329, 124, 997, -70;
27, 249, -22, -79, 550, 316, 108, 974, -88;
29, 249, -21, -103, 558, 319, 114, 974, -83;
28, 247, -22, -140, 551, 315, 111, 965, -86;
34, 252, -16, -133, 587, 333, 136, 983, -62;
32, 248, -18, -177, 570, 324, 128, 970, -70;
33, 247, -17, -207, 565, 321, 128, 965, -69;
25, 238, -25, -283, 513, 295, 100, 931, -98;
24, 237, -25, -316, 502, 288, 97, 924, -100;
25, 236, -24, -342, 497, 285, 98, 921, -97;
27, 237, -22, -355, 502, 287, 107, 926, -87;
26, 236, -22, -384, 490, 280, 104, 920, -88;
28, 236, -20, -399, 489, 278, 110, 923, -80;
22, 230, -26, -460, 441, 253, 86, 897, -102;
26, 233, -21, -456, 456, 259, 102, 911, -83;
26, 233, -20, -476, 444, 252, 103, 909, -80;
19, 225, -27, -540, 386, 222, 74, 880, -106;
24, 231, -20, -521, 410, 232, 97, 901, -80;
15, 221, -29, -598, 335, 193, 59, 863, -114;
19, 226, -23, -583, 351, 200, 77, 881, -92;
14, 221, -27, -628, 304, 175, 57, 862, -108;
21, 227, -20, -599, 329, 186, 82, 888, -79;
16, 223, -24, -640, 282, 161, 62, 870, -94;
10, 217, -28, -683, 231, 133, 40, 849, -112;
11, 219, -26, -681, 223, 127, 45, 856, -102;
7, 215, -29, -714, 178, 103, 28, 841, -115;
12, 222, -22, -681, 197, 111, 50, 867, -87;
9, 219, -24, -704, 158, 89, 36, 856, -96;
5, 216, -27, -728, 116, 67, 21, 845, -106;
5, 217, -25, -726, 98, 56, 21, 849, -101;
1, 214, -28, -749, 53, 32, 4, 837, -112;
3, 218, -24, -728, 52, 29, 14, 852, -97;
-3, 212, -30, -765, -10, -3, -13, 829, -119;
3, 221, -22, -712, 15, 7, 13, 862, -86;
0, 219, -24, -722, -22, -13, 0, 855, -93;
0, 221, -22, -710, -40, -24, 0, 861, -87;
-7, 214, -29, -747, -108, -60, -30, 837, -113;
-2, 221, -22, -700, -94, -55, -11, 863, -87;
-7, 218, -26, -715, -143, -81, -30, 851, -101;
-5, 223, -21, -678, -142, -83, -19, 870, -84;
-11, 218, -26, -701, -202, -114, -46, 851, -105;
-10, 222, -23, -669, -207, -119, -39, 866, -92;
-14, 220, -26, -672, -249, -142, -55, 858, -102;
-9, 226, -20, -619, -236, -137, -37, 884, -78;
-11, 226, -21, -609, -266, -154, -46, 884, -82;
-17, 223, -25, -619, -317, -181, -68, 870, -99;
-14, 228, -21, -575, -315, -181, -58, 889, -83;
-22, 222, -27, -595, -378, -215, -88, 868, -108;
-17, 230, -21, -532, -359, -206, -68, 897, -82;
-25, 224, -28, -554, -423, -240, -100, 875, -109;
-17, 234, -18, -473, -386, -223, -69, 915, -73;
-19, 235, -19, -450, -407, -234, -75, 918, -74;
-24, 232, -23, -450, -451, -258, -95, 907, -90;
-23, 235, -21, -413, -458, -262, -93, 918, -83;
-22, 239, -18, -369, -458, -263, -87, 934, -73;
-32, 231, -27, -397, -530, -300, -126, 904, -108;
-28, 237, -23, -339, -515, -294, -111, 927, -89;
-25, 243, -18, -283, -502, -288, -98, 949, -73;
-31, 239, -23, -286, -548, -312, -122, 934, -93;
-34, 238, -26, -268, -572, -325, -134, 932, -101;
-29, 245, -20, -203, -548, -313, -116, 958, -80;
-31, 246, -21, -176, -562, -320, -121, 961, -82;
-29, 250, -19, -131, -556, -318, -115, 975, -74;
-32, 249, -21, -112, -576, -328, -126, 973, -82;
-31, 252, -19, -69, -571, -326, -121, 985, -75;
-28, 256, -16, -19, -558, -319, -112, 1002, -64;
-30, 257, -17, 6, -566, -324, -118, 1004, -67;
-32, 257, -18, 28, -578, -330, -125, 1003, -73;
-30, 260, -16, 74, -565, -323, -118, 1017, -65;
-33, 259, -19, 90, -581, -331, -129, 1013, -75;
-31, 262, -17, 131, -570, -325, -124, 1024, -69;
-30, 265, -16, 169, -561, -320, -120, 1033, -65;
-25, 271, -11, 234, -522, -300, -99, 1060, -43;
-32, 266, -18, 220, -561, -319, -127, 1037, -70;
-33, 266, -19, 243, -561, -318, -130, 1039, -74;
-25, 275, -11, 322, -504, -289, -99, 1074, -43;
-28, 273, -14, 328, -517, -295, -112, 1065, -57;
-29, 273, -15, 350, -513, -292, -115, 1066, -60;
-23, 280, -9, 417, -462, -265, -89, 1095, -35;
-20, 284, -6, 456, -437, -252, -79, 1108, -26;
-26, 278, -13, 441, -464, -264, -103, 1086, -51;
-23, 282, -10, 482, -432, -247, -90, 1101, -40;
-21, 284, -9, 510, -412, -236, -85, 1108, -36;
-26, 279, -14, 499, -429, -243, -103, 1091, -56;
-22, 284, -10, 542, -390, -222, -87, 1108, -42;
-22, 284, -11, 559, -374, -213, -86, 1109, -43;
-19, 287, -8, 591, -342, -195, -75, 1120, -34;
-15, 290, -5, 626, -304, -174, -60, 1134, -22;
-12, 293, -3, 655, -271, -156, -49, 1144, -14;
-19, 286, -10, 623, -297, -167, -75, 1117, -42;
-18, 287, -10, 637, -274, -154, -70, 1119, -40;
-14, 290, -7, 668, -232, -131, -54, 1133, -27;
-12, 291, -6, 680, -208, -117, -49, 1135, -26;
-6, 296, -1, 719, -154, -89, -27, 1154, -6;
-11, 290, -7, 690, -166, -93, -45, 1133, -27;
-2, 298, 1, 745, -92, -54, -10, 1164, 4;
-2, 297, 0, 744, -73, -43, -9, 1161, 2;
0, 298, 2, 755, -40, -24, 0, 1165, 8;
3, 300, 4, 767, -4, -4, 11, 1172, 16;
-1, 294, 0, 733, -13, -7, -4, 1150, -3;
-1, 292, -2, 719, 0, 1, -7, 1141, -9;
1, 294, 0, 728, 37, 22, 5, 1147, 0;
-1, 290, -3, 699, 39, 25, -4, 1131, -13;
8, 297, 5, 744, 116, 65, 31, 1161, 19;
7, 295, 3, 726, 131, 74, 30, 1153, 14;
12, 298, 7, 739, 179, 100, 49, 1164, 31;
7, 291, 1, 687, 163, 94, 29, 1136, 7;
13, 295, 6, 702, 215, 122, 51, 1151, 26;
16, 296, 9, 704, 255, 144, 65, 1157, 37;
18, 296, 10, 692, 281, 159, 72, 1155, 41;
9, 285, 1, 614, 244, 141, 38, 1113, 5;
14, 288, 5, 617, 288, 165, 57, 1123, 20;
22, 293, 12, 640, 352, 199, 87, 1145, 48;
20, 289, 9, 600, 354, 201, 79, 1128, 38;
17, 284, 6, 555, 353, 202, 70, 1109, 26;
18, 283, 7, 532, 372, 213, 73, 1104, 28;
22, 284, 10, 526, 410, 234, 89, 1111, 42;
25, 285, 13, 512, 440, 250, 100, 1112, 51;
29, 286, 16, 501, 473, 268, 113, 1116, 62;
27, 282, 14, 458, 474, 270, 107, 1101, 55;
26, 278, 12, 415, 475, 271, 101, 1086, 48;
30, 280, 16, 411, 514, 292, 120, 1095, 65;
30, 278, 16, 373, 520, 296, 118, 1084, 62;
27, 272, 13, 319, 510, 291, 106, 1064, 50;
32, 276, 18, 318, 552, 313, 128, 1076, 71;
32, 273, 18, 283, 559, 317, 128, 1068, 71;
28, 267, 14, 220, 538, 308, 111, 1042, 55;
25, 262, 11, 166, 525, 302, 100, 1022, 44;
31, 265, 17, 165, 565, 322, 122, 1036, 66;
26, 259, 12, 101, 539, 310, 104, 1010, 49;
29, 260, 16, 84, 561, 321, 116, 1014, 62;
34, 262, 21, 79, 593, 337, 135, 1025, 82;
33, 259, 20, 36, 586, 334, 130, 1013, 79;
29, 253, 16, -25, 559, 320, 113, 988, 63;
29, 252, 17, -58, 560, 321, 114, 983, 67;
27, 248, 16, -101, 549, 315, 108, 970, 62;
34, 253, 23, -93, 588, 334, 134, 989, 91;
27, 245, 16, -170, 540, 310, 106, 955, 65;
31, 247, 21, -179, 559, 319, 120, 964, 82;
25, 240, 16, -243, 522, 300, 100, 938, 65;
24, 238, 16, -279, 510, 293, 96, 929, 65;
32, 245, 25, -257, 554, 315, 128, 956, 99;
28, 240, 22, -311, 521, 297, 112, 936, 87;
32, 243, 27, -313, 538, 305, 127, 947, 106;
23, 232, 18, -400, 469, 269, 90, 906, 73;
21, 230, 18, -434, 450, 259, 83, 897, 71;
23, 231, 21, -442, 455, 260, 93, 904, 85;
22, 230, 21, -472, 436, 250, 88, 897, 84;
19, 226, 20, -510, 407, 234, 77, 884, 78;
17, 224, 19, -544, 380, 219, 68, 874, 74;
23, 229, 26, -525, 404, 230, 91, 896, 102;
19, 225, 23, -569, 364, 208, 74, 878, 90;
14, 221, 20, -610, 324, 187, 57, 862, 79;
15, 222, 22, -617, 316, 181, 61, 866, 88;
19, 225, 27, -608, 321, 182, 74, 879, 106;
16, 223, 25, -636, 288, 164, 63, 869, 101;
11, 218, 22, -675, 241, 139, 44, 852, 87;
13, 221, 26, -668, 239, 136, 52, 862, 101;
10, 219, 24, -691, 205, 117, 41, 854, 96;
12, 221, 27, -684, 199, 112, 47, 863, 108;
12, 222, 29, -683, 184, 103, 49, 868, 116;
11, 222, 30, -690, 160, 89, 44, 867, 117;
5, 217, 25, -726, 105, 60, 21, 848, 100;
0, 214, 22, -752, 58, 35, 3, 834, 87;
7, 222, 30, -703, 84, 46, 30, 866, 120;
0, 215, 24, -746, 17, 10, 0, 841, 95;
2, 219, 28, -722, 14, 7, 9, 856, 111;
2, 221, 30, -709, 0, -1, 11, 864, 118;
1, 221, 30, -706, -25, -16, 5, 865, 119;
-6, 215, 24, -741, -91, -51, -24, 841, 94;
-7, 216, 24, -735, -118, -66, -29, 842, 94;
-4, 220, 28, -700, -116, -68, -17, 861, 111;
-6, 220, 27, -696, -148, -85, -26, 860, 108;
-13, 215, 21, -721, -209, -118, -54, 840, 85;
-8, 222, 28, -669, -194, -112, -34, 868, 110;
-14, 218, 23, -684, -247, -140, -57, 853, 92;
-19, 216, 20, -689, -292, -164, -75, 844, 79;
-15, 222, 25, -642, -285, -163, -61, 866, 97;
-11, 228, 30, -591, -276, -159, -45, 890, 117;
-14, 228, 28, -580, -306, -176, -55, 889, 111;
-22, 222, 21, -603, -372, -211, -87, 866, 83;
-24, 222, 20, -588, -400, -226, -96, 866, 78;
-25, 224, 20, -560, -415, -235, -97, 874, 80;
-24, 226, 21, -527, -425, -242, -96, 885, 85;
-20, 233, 27, -466, -409, -235, -78, 912, 106;
-21, 234, 26, -444, -431, -247, -85, 914, 102;
-23, 234, 24, -423, -454, -260, -92, 916, 96;
-25, 235, 23, -400, -475, -271, -99, 918, 92;
-30, 232, 19, -397, -516, -293, -119, 908, 74;
-32, 233, 17, -375, -537, -305, -127, 909, 68;
-24, 243, 25, -290, -495, -284, -96, 949, 100;
-32, 237, 17, -307, -555, -315, -128, 925, 69;
-30, 241, 20, -258, -548, -312, -120, 942, 78;
-34, 239, 16, -248, -579, -329, -136, 935, 62;
-25, 251, 25, -154, -527, -303, -100, 979, 98;
-35, 243, 15, -181, -593, -336, -139, 949, 59;
-27, 253, 22, -96, -547, -314, -109, 987, 89;
-28, 255, 22, -62, -552, -316, -110, 994, 87;
-31, 253, 18, -47, -573, -327, -122, 989, 73;
-31, 255, 18, -12, -575, -328, -123, 996, 71;
-29, 259, 19, 32, -563, -322, -116, 1010, 76;
-33, 257, 15, 43, -586, -334, -131, 1002, 60;
-33, 258, 14, 75, -586, -333, -132, 1008, 56;
-28, 265, 19, 144, -548, -314, -109, 1036, 76;
-33, 262, 13, 144, -576, -328, -129, 1023, 53;
-28, 268, 17, 204, -543, -311, -111, 1046, 68;
-34, 263, 10, 197, -576, -327, -135, 1028, 40;
-32, 266, 11, 239, -558, -317, -127, 1040, 44;
-23, 276, 19, 324, -495, -285, -92, 1080, 75;
-30, 271, 11, 310, -529, -301, -118, 1058, 45;
-25, 277, 15, 370, -487, -279, -97, 1083, 61;
-23, 280, 16, 407, -467, -268, -90, 1093, 63;
-27, 276, 10, 404, -485, -276, -107, 1079, 41;
-25, 279, 11, 440, -461, -263, -99, 1090, 43;
-21, 284, 13, 487, -424, -243, -83, 1108, 54;
-23, 282, 10, 497, -423, -242, -89, 1103, 41;
-20, 286, 12, 534, -392, -225, -78, 1116, 47;
-16, 290, 14, 576, -355, -205, -63, 1132, 56;
-18, 287, 9, 574, -359, -205, -73, 1121, 38;
-18, 287, 8, 589, -345, -197, -74, 1121, 31;
-12, 293, 12, 640, -292, -169, -50, 1145, 48;
-19, 286, 3, 606, -321, -182, -77, 1116, 13;
-15, 290, 6, 643, -279, -159, -60, 1132, 23;
-17, 288, 2, 641, -272, -154, -66, 1124, 10;
-17, 287, 0, 645, -258, -145, -67, 1121, 1;
-8, 295, 7, 705, -187, -108, -33, 1152, 27;
-12, 291, 1, 686, -192, -109, -47, 1135, 6;
-5, 297, 6, 730, -132, -76, -20, 1159, 25;
-6, 295, 3, 724, -120, -69, -23, 1152, 14;
-4, 296, 3, 734, -90, -52, -16, 1155, 13;
-1, 297, 4, 746, -57, -33, -6, 1160, 15;
-3, 294, 0, 729, -50, -28, -13, 1148, 0;
0, 296, 1, 743, -11, -7, 0, 1156, 5;
-4, 290, -5, 706, -22, -10, -17, 1133, -20;
4, 297, 1, 749, 49, 27, 16, 1161, 5;
5, 297, 0, 746, 76, 42, 21, 1160, 2;
9, 299, 2, 755, 116, 64, 35, 1167, 8;
3, 291, -5, 701, 95, 56, 12, 1136, -23;
11, 298, 0, 740, 168, 94, 46, 1163, 3;
5, 290, -7, 684, 148, 86, 23, 1133, -27;
12, 295, -2, 706, 207, 117, 49, 1151, -9;
15, 295, -1, 702, 240, 135, 59, 1154, -7;
13, 291, -5, 667, 243, 139, 51, 1138, -22;
14, 290, -6, 648, 265, 151, 55, 1133, -26;
17, 291, -5, 642, 299, 170, 66, 1136, -22;
19, 291, -5, 630, 328, 186, 75, 1136, -20;
16, 286, -9, 586, 327, 187, 65, 1117, -37;
22, 289, -5, 593, 376, 214, 87, 1130, -22;
15, 280, -14, 521, 347, 200, 60, 1094, -55;
26, 288, -5, 556, 426, 241, 101, 1126, -21;
18, 279, -14, 480, 393, 226, 73, 1089, -55;
22, 280, -12, 470, 427, 244, 87, 1093, -48;
27, 283, -8, 470, 472, 268, 108, 1105, -33;
28, 281, -9, 441, 486, 276, 110, 1098, -36;
24, 275, -14, 382, 471, 270, 95, 1074, -56;
32, 280, -8, 397, 530, 300, 125, 1095, -31;
30, 276, -11, 347, 524, 298, 117, 1077, -45;
24, 268, -18, 277, 496, 285, 95, 1046, -71;
32, 274, -10, 295, 556, 316, 128, 1070, -42;
26, 266, -18, 220, 523, 300, 103, 1037, -71;
27, 264, -18, 190, 535, 307, 107, 1032, -70;
29, 264, -17, 163, 549, 314, 113, 1030, -68;
28, 261, -19, 121, 546, 313, 109, 1018, -75;
32, 263, -16, 110, 575, 328, 125, 1025, -62;
26, 254, -22, 37, 538, 310, 101, 994, -88;
31, 258, -17, 35, 573, 327, 122, 1007, -69;
27, 252, -22, -23, 550, 316, 107, 985, -86;
36, 259, -14, -5, 602, 342, 140, 1011, -55;
32, 254, -17, -58, 581, 331, 128, 992, -68;
35, 255, -14, -73, 598, 339, 139, 997, -58;
28, 246, -22, -153, 548, 314, 110, 961, -87;
27, 243, -23, -192, 537, 308, 106, 951, -92;
33, 249, -17, -183, 573, 326, 131, 971, -67;
31, 245, -19, -226, 555, 316, 123, 958, -75;
31, 244, -18, -254, 550, 313, 124, 954, -73;
33, 245, -17, -273, 553, 314, 130, 955, -66;
23, 233, -26, -363, 482, 277, 90, 912, -104;
30, 240, -19, -343, 519, 295, 119, 937, -74;
28, 237, -20, -381, 497, 283, 111, 926, -81;
24, 232, -24, -433, 460, 263, 94, 906, -96;
28, 236, -19, -429, 476, 270, 110, 920, -77;
26, 233, -20, -460, 455, 258, 104, 912, -80;
20, 226, -26, -521, 401, 230, 79, 885, -103;
19, 226, -26, -541, 387, 222, 77, 882, -101;
22, 228, -22, -542, 390, 222, 87, 892, -88;
23, 229, -21, -552, 381, 216, 90, 894, -81;
14, 221, -28, -619, 314, 181, 57, 862, -110;
16, 222, -26, -623, 308, 176, 62, 867, -101;
13, 219, -28, -653, 273, 157, 50, 857, -109;
17, 224, -22, -633, 286, 162, 68, 876, -87;
18, 225, -20, -636, 274, 154, 71, 880, -80;
11, 219, -26, -684, 216, 124, 45, 856, -101;
11, 220, -25, -689, 198, 113, 44, 858, -97;
7, 217, -27, -717, 156, 90, 28, 846, -108;
3, 213, -30, -743, 113, 67, 12, 833, -119;
1, 212, -31, -754, 84, 50, 4, 830, -121;
3, 216, -27, -737, 81, 46, 13, 843, -106;
2, 216, -26, -737, 58, 33, 10, 845, -104;
-2, 212, -30, -766, 5, 5, -11, 828, -120;
4, 221, -22, -712, 33, 17, 17, 862, -86;
-5, 212, -30, -767, -48, -25, -22, 828, -120;
-5, 214, -29, -756, -65, -36, -22, 834, -114;
0, 221, -21, -704, -44, -27, 1, 865, -84;
-4, 218, -25, -721, -93, -53, -17, 852, -98;
-9, 215, -28, -735, -140, -79, -36, 841, -110;
-10, 216, -28, -727, -166, -94, -41, 842, -110;
-14, 214, -30, -730, -205, -115, -55, 836, -118;
-11, 219, -25, -689, -202, -115, -42, 857, -100;
-16, 216, -29, -704, -255, -144, -65, 842, -116;
-14, 220, -25, -665, -255, -145, -55, 860, -101;
-12, 224, -23, -632, -262, -150, -50, 874, -90;
-17, 222, -25, -633, -304, -173, -66, 867, -100;
-17, 223, -25, -611, -323, -184, -69, 872, -98;
-23, 220, -29, -619, -374, -211, -92, 859, -115;
-23, 222, -28, -590, -387, -219, -91, 868, -109;
-24, 224, -27, -566, -406, -231, -95, 873, -108;
-19, 231, -21, -504, -388, -223, -76, 902, -83;
-24, 228, -25, -504, -432, -246, -95, 892, -98;
-20, 234, -20, -449, -421, -242, -81, 915, -79;
-20, 237, -18, -411, -427, -246, -78, 927, -71;
-26, 233, -23, -419, -479, -273, -104, 910, -93;
-26, 236, -22, -383, -487, -278, -103, 921, -87;
-26, 238, -21, -348, -495, -283, -102, 930, -83;
-32, 234, -26, -354, -545, -309, -128, 913, -105;
-30, 239, -23, -300, -534, -304, -117, 934, -90;
-31, 240, -23, -274, -550, -313, -123, 937, -92;
-30, 243, -21, -231, -548, -313, -118, 950, -84;
-34, 241, -24, -220, -579, -329, -133, 943, -96;
-30, 247, -20, -161, -560, -320, -119, 966, -79;
-30, 249, -19, -126, -564, -322, -120, 974, -77;
-30, 251, -19, -91, -568, -324, -120, 981, -75;
-29, 254, -17, -48, -562, -321, -115, 994, -68;
-28, 258, -15, -5, -555, -318, -110, 1006, -61;
-27, 261, -14, 37, -547, -314, -106, 1018, -55;
-33, 256, -20, 31, -587, -334, -131, 1000, -78;
-34, 257, -20, 61, -589, -335, -133, 1004, -79;
-33, 259, -19, 99, -582, -331, -130, 1013, -76;
-33, 261, -19, 129, -581, -331, -132, 1018, -76;
-26, 270, -11, 210, -528, -304, -101, 1054, -45;
-34, 263, -19, 189, -575, -326, -133, 1028, -77;
-28, 270, -14, 253, -536, -306, -112, 1054, -56;
-25, 275, -10, 306, -506, -291, -98, 1073, -41;
-26, 275, -11, 328, -504, -289, -101, 1074, -45;
-32, 270, -17, 318, -534, -303, -124, 1054, -69;
-28, 274, -14, 363, -506, -288, -112, 1070, -58;
-23, 281, -9, 424, -460, -264, -90, 1095, -36;
-23, 281, -10, 444, -453, -259, -92, 1096, -39;
-22, 283, -8, 476, -432, -248, -86, 1105, -34;
-27, 277, -15, 460, -458, -259, -109, 1083, -59;
-24, 281, -12, 499, -426, -242, -96, 1097, -48;
-24, 282, -12, 521, -409, -232, -94, 1101, -47;
-21, 284, -10, 550, -382, -218, -85, 1109, -41;
-21, 284, -10, 567, -366, -208, -84, 1111, -42;
-13, 292, -3, 629, -304, -175, -54, 1140, -14;
-11, 294, -2, 654, -276, -160, -46, 1148, -9;
-20, 285, -11, 612, -313, -176, -78, 1114, -44;
-11, 294, -3, 674, -243, -140, -44, 1146, -13;
-12, 292, -5, 672, -235, -134, -50, 1139, -21;
-10, 293, -3, 692, -204, -117, -41, 1146, -15;
-13, 289, -7, 675, -208, -117, -53, 1130, -30;
-8, 294, -2, 712, -155, -89, -31, 1149, -11;
-10, 290, -6, 694, -156, -87, -42, 1134, -25;
-10, 290, -7, 694, -137, -76, -41, 1131, -28;
-7, 291, -5, 709, -101, -56, -30, 1138, -20;
-5, 293, -3, 719, -68, -38, -20, 1142, -14;
0, 297, 1, 747, -16, -10, 0, 1159, 4;
-3, 292, -3, 716, -21, -10, -13, 1139, -13;
5, 299, 4, 763, 53, 28, 22, 1169, 18;
7, 300, 5, 763, 82, 45, 29, 1170, 22;
2, 293, 0, 718, 69, 40, 9, 1144, 0;
3, 292, 0, 707, 90, 53, 12, 1139, 0;
8, 295, 3, 722, 139, 79, 31, 1151, 15;
9, 294, 4, 710, 162, 92, 35, 1148, 15;
6, 289, 0, 674, 162, 94, 25, 1130, 2;
14, 295, 7, 704, 229, 129, 56, 1153, 30;
11, 290, 4, 663, 227, 130, 45, 1134, 16;
18, 295, 9, 681, 284, 160, 70, 1151, 38;
18, 293, 9, 658, 301, 171, 71, 1143, 36;
19, 291, 9, 638, 322, 183, 75, 1138, 37;
18, 289, 8, 607, 334, 190, 72, 1127, 33;
21, 290, 11, 599, 368, 209, 85, 1131, 43;
16, 282, 5, 536, 347, 200, 64, 1100, 19;
25, 288, 13, 561, 416, 236, 98, 1126, 52;
20, 281, 7, 498, 397, 228, 78, 1097, 30;
19, 277, 6, 460, 402, 232, 74, 1083, 24;
25, 281, 12, 466, 452, 258, 98, 1098, 47;
25, 279, 11, 432, 462, 264, 98, 1088, 45;
25, 276, 11, 399, 473, 271, 98, 1080, 44;
31, 280, 17, 404, 522, 296, 123, 1095, 68;
26, 273, 12, 340, 501, 287, 104, 1068, 49;
31, 275, 16, 332, 537, 305, 121, 1076, 65;
27, 270, 13, 274, 522, 299, 108, 1053, 52;
33, 274, 19, 277, 567, 322, 132, 1069, 75;
29, 267, 15, 216, 547, 313, 116, 1044, 60;
32, 267, 17, 194, 567, 323, 125, 1045, 69;
34, 267, 19, 170, 582, 331, 132, 1044, 77;
28, 260, 14, 100, 551, 316, 111, 1014, 56;
29, 259, 15, 70, 560, 320, 115, 1010, 61;
26, 254, 13, 16, 542, 312, 103, 990, 51;
27, 253, 14, -11, 550, 316, 108, 988, 57;
32, 256, 20, -13, 582, 332, 128, 1001, 79;
33, 255, 21, -44, 585, 333, 130, 996, 83;
34, 255, 23, -68, 592, 337, 136, 995, 91;
31, 250, 20, -121, 570, 325, 123, 977, 81;
29, 246, 19, -167, 553, 316, 115, 962, 75;
25, 241, 16, -224, 523, 301, 99, 941, 62;
32, 246, 23, -211, 561, 319, 126, 962, 92;
24, 237, 16, -292, 505, 290, 94, 926, 64;
28, 240, 21, -297, 521, 298, 109, 936, 82;
27, 238, 21, -326, 513, 293, 108, 931, 85;
26, 236, 21, -360, 497, 284, 103, 923, 84;
24, 234, 20, -397, 477, 273, 96, 912, 81;
25, 233, 22, -419, 470, 268, 98, 911, 87;
29, 236, 27, -418, 483, 274, 113, 923, 106;
26, 233, 25, -457, 454, 259, 102, 910, 100;
25, 232, 25, -483, 436, 248, 98, 904, 101;
24, 231, 26, -506, 420, 239, 95, 901, 103;
23, 229, 26, -533, 398, 226, 89, 894, 102;
20, 227, 25, -562, 371, 211, 81, 885, 99;
19, 225, 25, -585, 348, 198, 75, 880, 99;
19, 225, 26, -598, 334, 190, 76, 880, 104;
20, 227, 29, -601, 327, 185, 81, 887, 115;
17, 224, 28, -629, 293, 166, 69, 876, 109;
18, 225, 29, -635, 279, 157, 70, 879, 116;
12, 220, 25, -674, 230, 131, 49, 861, 101;
8, 216, 22, -709, 183, 106, 31, 844, 88;
7, 216, 23, -716, 162, 93, 28, 845, 91;
11, 221, 29, -691, 171, 96, 44, 864, 113;
5, 216, 24, -730, 114, 66, 20, 844, 94;
6, 219, 27, -718, 106, 60, 25, 854, 106;
4, 218, 26, -726, 76, 43, 18, 851, 104;
5, 220, 29, -715, 65, 35, 22, 860, 114;
-3, 213, 22, -763, -7, -2, -12, 831, 85;
-5, 212, 21, -769, -40, -20, -21, 827, 82;
-6, 213, 21, -762, -62, -33, -24, 831, 85;
-4, 216, 24, -740, -70, -39, -18, 843, 97;
-4, 217, 26, -728, -89, -51, -19, 848, 101;
-2, 222, 30, -696, -90, -53, -8, 866, 117;
-3, 222, 29, -690, -118, -69, -15, 866, 116;
-8, 219, 26, -703, -167, -95, -34, 854, 101;
-14, 215, 21, -717, -217, -122, -56, 841, 85;
-8, 223, 28, -661, -199, -115, -34, 871, 112;
-16, 217, 22, -687, -264, -149, -64, 849, 87;
-19, 216, 20, -682, -298, -168, -76, 846, 80;
-15, 223, 25, -631, -288, -165, -59, 870, 100;
-18, 222, 23, -625, -324, -184, -72, 866, 91;
-20, 222, 22, -612, -352, -200, -81, 866, 87;
-23, 222, 21, -598, -381, -216, -90, 866, 82;
-19, 227, 25, -547, -373, -213, -77, 888, 98;
-25, 224, 20, -550, -420, -238, -98, 877, 81;
-19, 232, 27, -485, -398, -229, -76, 907, 105;
-21, 233, 25, -465, -422, -242, -84, 909, 101;
-21, 236, 27, -429, -430, -247, -82, 920, 105;
-26, 233, 22, -427, -472, -269, -102, 910, 88;
-24, 237, 25, -380, -469, -269, -93, 927, 98;
-27, 236, 22, -366, -499, -285, -106, 923, 87;
-28, 237, 21, -339, -516, -294, -112, 927, 83;
-23, 244, 26, -274, -494, -284, -93, 954, 103;
-32, 238, 18, -294, -556, -316, -127, 929, 70;
-33, 239, 17, -265, -569, -323, -132, 934, 66;
-34, 240, 16, -235, -580, -329, -136, 938, 62;
-26, 251, 24, -147, -532, -306, -103, 979, 95;
-29, 249, 20, -132, -558, -319, -116, 974, 81;
-31, 249, 18, -109, -573, -327, -124, 974, 73;
-31, 252, 19, -70, -572, -326, -122, 984, 74;
-28, 257, 21, -16, -554, -318, -110, 1004, 85;
-36, 251, 13, -29, -603, -342, -140, 981, 53;
-27, 261, 21, 56, -551, -316, -108, 1020, 83;
-31, 259, 16, 64, -575, -328, -124, 1011, 65;
-33, 259, 15, 90, -581, -331, -129, 1013, 58;
-26, 268, 20, 165, -536, -308, -103, 1045, 81;
-26, 269, 20, 198, -531, -305, -102, 1052, 79;
-28, 269, 17, 216, -540, -309, -110, 1049, 67;
-34, 264, 10, 211, -570, -323, -132, 1032, 42;
-27, 272, 16, 281, -523, -299, -107, 1062, 63;
-33, 267, 9, 273, -552, -313, -130, 1044, 36;
-30, 271, 10, 316, -530, -301, -120, 1057, 41;
-31, 271, 8, 337, -526, -298, -123, 1058, 33;
-27, 276, 11, 388, -491, -280, -107, 1077, 44;
-21, 283, 16, 449, -444, -255, -84, 1103, 62;
-20, 284, 16, 480, -424, -244, -78, 1111, 62;
-28, 277, 6, 452, -462, -262, -109, 1083, 26;
-19, 286, 13, 526, -397, -228, -76, 1117, 53;
-22, 283, 8, 523, -405, -231, -88, 1106, 34;
-17, 289, 12, 574, -358, -206, -67, 1127, 49;
-22, 284, 6, 559, -375, -213, -86, 1109, 23;
-16, 290, 10, 610, -323, -185, -63, 1132, 39;
-13, 293, 11, 642, -289, -167, -51, 1143, 45;
-20, 285, 2, 606, -320, -181, -79, 1113, 9;
-12, 292, 8, 663, -257, -147, -50, 1142, 31;
-9, 295, 9, 691, -220, -127, -37, 1153, 36;
-16, 288, 0, 653, -248, -139, -64, 1123, 2;
-11, 292, 3, 687, -200, -114, -45, 1139, 13;
-10, 292, 2, 697, -176, -100, -40, 1141, 10;
-2, 299, 8, 744, -112, -66, -11, 1166, 31;
-4, 296, 4, 735, -102, -59, -16, 1158, 18;
-2, 297, 4, 741, -76, -44, -11, 1159, 16;
-5, 293, 0, 718, -77, -43, -22, 1142, -3;
0, 297, 2, 747, -24, -15, 0, 1159, 10;
-1, 294, 0, 730, -16, -8, -6, 1148, -3;
3, 297, 1, 750, 31, 16, 11, 1160, 6;
2, 295, -1, 732, 42, 24, 8, 1150, -5;
0, 290, -6, 702, 42, 26, -2, 1133, -24;
1, 291, -5, 703, 75, 44, 6, 1136, -23;
7, 295, -2, 724, 129, 73, 29, 1151, -8;
4, 290, -7, 686, 126, 74, 16, 1132, -28;
13, 297, 0, 723, 198, 112, 51, 1158, -2;
6, 288, -9, 662, 175, 102, 26, 1125, -35;
13, 293, -3, 686, 236, 134, 54, 1145, -15;
14, 292, -5, 665, 255, 145, 55, 1139, -21;
16, 291, -5, 653, 283, 161, 63, 1138, -20;
16, 290, -6, 631, 302, 172, 65, 1132, -25;
13, 284, -12, 582, 294, 170, 51, 1109, -47;
22, 291, -5, 610, 364, 207, 86, 1134, -19;
24, 291, -3, 599, 396, 224, 97, 1137, -15;
23, 287, -7, 559, 400, 227, 91, 1121, -28;
17, 279, -14, 492, 376, 217, 68, 1089, -57;
20, 279, -13, 477, 405, 233, 78, 1091, -53;
19, 276, -15, 441, 413, 238, 76, 1079, -60;
22, 277, -14, 425, 440, 253, 86, 1080, -56;
30, 283, -7, 443, 503, 285, 118, 1103, -29;
30, 280, -9, 406, 510, 290, 117, 1093, -36;
24, 271, -16, 334, 481, 276, 93, 1060, -65;
25, 270, -16, 306, 496, 285, 98, 1055, -65;
31, 274, -11, 308, 542, 308, 122, 1070, -46;
34, 275, -9, 291, 567, 321, 133, 1073, -38;
25, 264, -19, 201, 518, 298, 99, 1030, -76;
30, 267, -15, 196, 554, 317, 118, 1041, -60;
29, 263, -17, 152, 551, 315, 114, 1028, -68;
28, 260, -19, 109, 547, 314, 109, 1015, -76;
34, 264, -13, 114, 591, 336, 135, 1032, -53;
33, 261, -15, 69, 583, 332, 128, 1018, -62;
36, 262, -13, 53, 604, 343, 141, 1023, -51;
34, 259, -15, 10, 595, 338, 135, 1011, -59;
31, 254, -18, -42, 576, 329, 124, 992, -71;
29, 250, -21, -92, 558, 319, 114, 975, -83;
27, 246, -23, -139, 542, 311, 106, 961, -92;
35, 253, -15, -116, 594, 337, 140, 989, -58;
31, 247, -19, -177, 561, 320, 122, 965, -76;
25, 240, -25, -244, 520, 299, 99, 937, -99;
29, 242, -21, -251, 538, 307, 114, 947, -84;
29, 242, -20, -276, 535, 305, 116, 944, -81;
29, 240, -21, -310, 523, 298, 113, 937, -83;
28, 238, -21, -339, 512, 292, 111, 932, -83;
31, 241, -17, -345, 524, 297, 124, 940, -69;
22, 231, -26, -427, 456, 262, 88, 901, -103;
29, 237, -19, -407, 490, 278, 115, 926, -74;
21, 228, -26, -481, 427, 245, 83, 892, -104;
21, 228, -25, -497, 420, 241, 85, 892, -99;
21, 228, -24, -517, 407, 233, 85, 890, -96;
23, 229, -22, -527, 403, 229, 90, 894, -88;
25, 231, -19, -529, 404, 228, 99, 903, -75;
18, 224, -25, -588, 345, 198, 71, 875, -100;
19, 225, -23, -595, 338, 192, 75, 880, -92;
17, 224, -24, -618, 312, 177, 68, 873, -95;
19, 226, -20, -613, 311, 176, 77, 884, -81;
16, 223, -23, -645, 272, 154, 62, 871, -91;
11, 219, -26, -679, 228, 131, 45, 856, -104;
9, 218, -27, -695, 201, 115, 38, 851, -106;
8, 217, -27, -709, 174, 100, 32, 848, -107;
13, 223, -21, -678, 190, 106, 52, 872, -82;
5, 216, -27, -726, 124, 71, 22, 845, -107;
6, 218, -24, -717, 114, 64, 27, 853, -97;
3, 217, -26, -733, 77, 44, 14, 846, -103;
4, 219, -24, -722, 66, 36, 19, 855, -94;
2, 217, -25, -732, 31, 17, 8, 849, -99;
-2, 214, -28, -752, -14, -7, -9, 837, -111;
0, 218, -24, -729, -19, -11, -1, 851, -97;
-2, 218, -25, -729, -49, -28, -8, 850, -98;
-4, 217, -25, -729, -80, -45, -16, 848, -101;
-10, 213, -30, -751, -134, -74, -39, 833, -118;
-10, 215, -28, -734, -151, -85, -39, 840, -111;
-10, 217, -27, -717, -169, -96, -39, 847, -106;
-9, 220, -25, -693, -181, -103, -36, 858, -97;
-9, 221, -24, -675, -201, -115, -38, 864, -93;
-11, 222, -23, -662, -226, -130, -44, 866, -93;
-12, 223, -23, -646, -249, -143, -48, 870, -92;
-20, 217, -30, -672, -316, -178, -80, 847, -118;
-14, 225, -22, -608, -292, -168, -56, 880, -88;
-13, 229, -19, -572, -298, -172, -50, 894, -77;
-14, 230, -19, -553, -321, -186, -56, 897, -77;
-24, 222, -28, -588, -399, -226, -96, 866, -112;
-22, 226, -25, -544, -399, -227, -87, 884, -98;
-23, 227, -25, -520, -419, -239, -92, 889, -98;
-25, 228, -25, -498, -441, -251, -98, 892, -99;
-22, 234, -21, -447, -434, -249, -87, 912, -83;
-28, 230, -26, -451, -482, -274, -110, 898, -102;
-24, 236, -20, -392, -466, -267, -94, 924, -81;
-23, 239, -19, -356, -474, -272, -93, 934, -76;
-22, 242, -17, -315, -477, -274, -89, 947, -68;
-28, 239, -21, -312, -517, -295, -109, 935, -85;
-29, 240, -22, -286, -533, -304, -115, 939, -87;
-30, 241, -22, -258, -548, -312, -120, 942, -88;
-33, 241, -24, -236, -568, -323, -129, 942, -94;
-34, 242, -25, -212, -584, -332, -136, 943, -98;
-35, 243, -25, -181, -593, -336, -139, 949, -98;
-28, 252, -17, -102, -553, -317, -112, 984, -69;
-28, 255, -16, -62, -552, -316, -110, 994, -64;
-36, 248, -24, -78, -604, -343, -142, 970, -94;
-29, 257, -16, 0, -562, -322, -115, 1004, -65;
-34, 254, -21, 1, -594, -338, -135, 991, -84;
-33, 257, -19, 45, -583, -332, -129, 1004, -76;
-30, 262, -16, 97, -564, -322, -118, 1022, -64;
-32, 261, -18, 117, -574, -327, -126, 1020, -71;
-29, 265, -15, 166, -554, -317, -116, 1036, -60;
-27, 269, -13, 211, -536, -307, -107, 1050, -51;
-32, 266, -17, 212, -560, -319, -125, 1037, -69;
-31, 268, -16, 250, -547, -312, -121, 1047, -64;
-24, 275, -10, 316, -502, -289, -97, 1075, -41;
-32, 268, -18, 294, -545, -309, -128, 1048, -72;
-28, 273, -14, 346, -511, -291, -112, 1068, -57;
-29, 274, -15, 370, -503, -286, -113, 1070, -58;
-30, 273, -16, 386, -502, -285, -118, 1068, -65;
-26, 278, -12, 435, -466, -265, -102, 1087, -50;
-28, 276, -15, 440, -471, -267, -112, 1079, -61;
-22, 283, -9, 502, -418, -239, -86, 1106, -37;
-23, 283, -11, 514, -412, -235, -90, 1103, -43;
-21, 285, -9, 545, -385, -220, -82, 1113, -36;
-22, 284, -11, 554, -379, -215, -86, 1109, -43;
-22, 284, -11, 566, -367, -208, -87, 1107, -46;
-17, 288, -7, 610, -322, -184, -68, 1126, -29;
-17, 288, -8, 621, -307, -174, -68, 1125, -32;
-13, 291, -5, 653, -269, -154, -54, 1138, -21;
-18, 286, -10, 633, -281, -158, -71, 1119, -41;
-9, 294, -2, 693, -211, -122, -38, 1150, -10;
-15, 288, -9, 662, -230, -129, -60, 1126, -35;
-7, 295, -2, 714, -164, -95, -29, 1153, -8;
-13, 289, -8, 679, -183, -102, -52, 1127, -33;
-5, 296, -1, 729, -115, -66, -20, 1155, -5;
-9, 291, -6, 703, -122, -68, -35, 1135, -23;
0, 299, 2, 757, -46, -28, 0, 1167, 9;
-6, 291, -4, 712, -68, -37, -24, 1137, -18;
-5, 291, -4, 709, -46, -24, -21, 1135, -19;
0, 295, 0, 736, 7, 4, 0, 1151, 0;
1, 295, 0, 733, 32, 18, 5, 1150, 1;
3, 295, 1, 736, 66, 37, 15, 1153, 7;
5, 295, 2, 731, 92, 52, 20, 1152, 9;
5, 294, 2, 719, 113, 65, 23, 1147, 8;
4, 291, 0, 693, 121, 71, 17, 1135, 0;
12, 297, 7, 724, 188, 106, 48, 1158, 27;
8, 291, 2, 683, 183, 105, 34, 1137, 10;
8, 288, 1, 657, 195, 113, 31, 1126, 4;
15, 293, 7, 680, 257, 145, 59, 1146, 30;
19, 295, 11, 682, 299, 168, 76, 1154, 43;
12, 287, 3, 615, 272, 157, 50, 1119, 14;
13, 285, 4, 594, 293, 169, 53, 1114, 15;
15, 285, 5, 580, 320, 184, 61, 1113, 21;
15, 282, 4, 549, 332, 191, 60, 1102, 17;
18, 283, 6, 536, 362, 208, 70, 1104, 25;
26, 288, 14, 557, 426, 241, 102, 1126, 55;
27, 288, 15, 536, 450, 254, 108, 1124, 60;
19, 277, 6, 450, 407, 234, 74, 1081, 24;
27, 283, 14, 471, 472, 268, 108, 1105, 56;
21, 274, 7, 395, 440, 253, 82, 1069, 28;
24, 275, 10, 382, 471, 270, 95, 1073, 41;
29, 277, 14, 376, 509, 290, 113, 1082, 58;
30, 277, 16, 353, 529, 301, 120, 1080, 64;
30, 274, 15, 312, 532, 303, 117, 1068, 61;
31, 272, 16, 284, 546, 311, 121, 1064, 65;
24, 264, 10, 209, 513, 295, 97, 1031, 40;
34, 271, 19, 232, 577, 327, 133, 1058, 77;
28, 263, 14, 158, 544, 312, 110, 1027, 54;
30, 263, 16, 137, 563, 321, 119, 1028, 64;
30, 260, 16, 97, 561, 321, 117, 1017, 62;
30, 259, 16, 64, 566, 323, 118, 1011, 65;
34, 261, 20, 52, 590, 336, 133, 1018, 81;
31, 256, 18, 2, 575, 328, 123, 1001, 73;
27, 250, 15, -57, 550, 316, 108, 978, 59;
32, 254, 20, -60, 580, 330, 127, 991, 80;
30, 249, 18, -110, 561, 321, 117, 974, 72;
33, 251, 23, -119, 581, 331, 131, 982, 89;
33, 249, 23, -155, 574, 327, 129, 974, 90;
25, 241, 16, -233, 523, 301, 100, 940, 64;
24, 238, 16, -269, 512, 294, 96, 931, 63;
29, 241, 21, -272, 532, 304, 113, 943, 83;
27, 239, 21, -307, 518, 296, 108, 934, 83;
29, 240, 23, -324, 521, 297, 115, 937, 93;
26, 235, 21, -372, 491, 281, 102, 920, 84;
29, 238, 26, -374, 505, 287, 116, 931, 102;
29, 237, 26, -401, 491, 279, 114, 926, 104;
28, 236, 27, -428, 476, 270, 111, 920, 106;
26, 233, 26, -460, 454, 258, 104, 912, 103;
25, 232, 26, -489, 433, 246, 98, 905, 103;
20, 226, 22, -538, 390, 223, 79, 884, 89;
20, 226, 23, -557, 374, 214, 78, 882, 92;
15, 221, 20, -604, 329, 190, 58, 862, 78;
19, 225, 25, -592, 341, 195, 74, 879, 99;
18, 225, 26, -606, 324, 184, 73, 878, 103;
14, 221, 23, -642, 284, 163, 57, 863, 93;
10, 217, 21, -678, 241, 139, 40, 848, 82;
17, 224, 29, -644, 267, 151, 66, 875, 113;
11, 219, 24, -686, 214, 123, 43, 855, 96;
11, 220, 26, -689, 199, 113, 44, 859, 103;
6, 216, 23, -720, 153, 88, 26, 844, 91;
6, 217, 24, -723, 134, 77, 25, 846, 95;
5, 217, 25, -726, 111, 64, 22, 847, 98;
1, 214, 22, -749, 68, 40, 6, 835, 88;
0, 214, 23, -750, 45, 27, 2, 837, 90;
1, 216, 25, -738, 33, 19, 6, 846, 100;
1, 217, 26, -733, 13, 7, 4, 849, 104;
-3, 214, 23, -754, -35, -19, -14, 836, 91;
-5, 214, 23, -753, -63, -34, -20, 836, 90;
-1, 219, 28, -717, -57, -33, -6, 857, 110;
-1, 221, 29, -702, -74, -44, -5, 864, 116;
-4, 220, 27, -707, -112, -65, -19, 858, 109;
-11, 214, 22, -734, -174, -97, -46, 838, 86;
-7, 220, 27, -690, -166, -95, -31, 861, 107;
-12, 218, 24, -699, -211, -120, -48, 851, 94;
-13, 219, 24, -685, -236, -134, -54, 854, 94;
-8, 226, 30, -630, -220, -128, -34, 882, 118;
-12, 224, 27, -631, -261, -150, -49, 875, 108;
-13, 225, 27, -612, -283, -163, -53, 879, 108;
-21, 220, 21, -634, -346, -196, -83, 858, 82;
-16, 227, 27, -574, -328, -188, -63, 887, 106;
-18, 227, 26, -558, -355, -203, -71, 888, 102;
-15, 232, 29, -513, -353, -204, -62, 907, 115;
-23, 226, 22, -532, -416, -237, -93, 885, 87;
-19, 234, 27, -471, -399, -229, -74, 912, 108;
-29, 226, 18, -501, -473, -268, -113, 883, 72;
-27, 230, 21, -455, -471, -268, -105, 900, 83;
-26, 233, 22, -419, -479, -273, -104, 910, 86;
-22, 240, 27, -355, -459, -264, -85, 938, 107;
-30, 234, 19, -375, -523, -297, -119, 913, 74;
-32, 234, 17, -354, -545, -309, -128, 913, 67;
-31, 238, 19, -308, -541, -308, -121, 929, 75;
-29, 242, 21, -262, -538, -307, -115, 945, 82;
-32, 241, 18, -243, -561, -319, -126, 942, 72;
-27, 248, 23, -180, -539, -309, -109, 968, 89;
-34, 243, 16, -187, -587, -333, -136, 949, 62;
-35, 244, 15, -157, -595, -338, -139, 954, 59;
-29, 252, 20, -83, -560, -320, -116, 986, 81;
-28, 256, 21, -40, -554, -318, -111, 998, 85;
-30, 255, 19, -18, -568, -325, -119, 998, 76;
-30, 258, 19, 18, -566, -324, -117, 1006, 75;
-27, 262, 21, 68, -550, -316, -108, 1023, 83;
-36, 255, 12, 48, -602, -341, -141, 996, 48;
-26, 266, 21, 142, -539, -310, -103, 1040, 83;
-28, 266, 18, 165, -546, -313, -110, 1040, 74;
-26, 270, 20, 209, -529, -304, -102, 1054, 78;
-34, 263, 10, 186, -578, -328, -135, 1026, 41;
-31, 267, 12, 235, -554, -315, -123, 1042, 49;
-23, 276, 19, 314, -497, -286, -92, 1078, 76;
-26, 274, 15, 325, -507, -290, -103, 1072, 61;
-29, 273, 12, 336, -515, -294, -113, 1066, 47;
-30, 272, 9, 351, -517, -294, -120, 1063, 35;
-26, 277, 12, 404, -480, -274, -102, 1083, 47;
-26, 278, 10, 427, -470, -268, -102, 1086, 42;
-21, 284, 14, 482, -426, -245, -81, 1109, 57;
-18, 286, 15, 516, -401, -231, -74, 1118, 59;
-20, 285, 11, 524, -400, -229, -80, 1113, 46;
-21, 285, 9, 539, -391, -223, -82, 1112, 38;
-15, 290, 13, 588, -344, -199, -62, 1133, 52;
-17, 288, 9, 590, -343, -197, -70, 1125, 37;
-13, 292, 12, 630, -303, -175, -53, 1141, 47;
-13, 292, 10, 641, -288, -166, -53, 1140, 40;
-20, 285, 2, 611, -313, -177, -78, 1114, 7;
-13, 291, 6, 660, -257, -147, -53, 1138, 25;
-14, 290, 3, 662, -246, -139, -56, 1133, 15;
-10, 293, 5, 691, -205, -117, -41, 1145, 22;
-14, 288, 0, 669, -214, -120, -57, 1127, 0;
-10, 291, 1, 695, -173, -98, -42, 1138, 6;
-9, 292, 0, 702, -148, -83, -37, 1139, 2;
-6, 294, 1, 719, -112, -63, -26, 1147, 6;
-9, 290, -2, 700, -110, -61, -35, 1132, -11;
-6, 292, -2, 713, -74, -41, -24, 1139, -7;
0, 296, 1, 742, -21, -12, -2, 1156, 5;
5, 300, 5, 769, 31, 15, 19, 1172, 19;
-3, 290, -5, 706, -3, 0, -13, 1133, -21;
6, 299, 2, 759, 79, 43, 27, 1167, 10;
0, 290, -6, 699, 49, 30, -2, 1131, -26;
5, 294, -2, 722, 105, 60, 21, 1148, -10;
2, 289, -7, 686, 103, 61, 9, 1129, -31;
9, 295, -2, 714, 166, 94, 38, 1150, -10;
7, 291, -6, 684, 172, 99, 31, 1136, -25;
12, 294, -3, 694, 219, 125, 50, 1147, -13;
9, 288, -9, 648, 211, 122, 35, 1124, -36;
9, 286, -10, 627, 231, 134, 37, 1117, -42;
11, 286, -10, 614, 258, 149, 44, 1116, -42;
13, 285, -10, 600, 284, 164, 51, 1115, -42;
18, 288, -7, 604, 330, 188, 70, 1125, -30;
20, 288, -7, 591, 360, 205, 80, 1126, -27;
16, 282, -12, 536, 347, 200, 64, 1100, -50;
22, 285, -8, 542, 397, 226, 86, 1114, -34;
26, 287, -6, 535, 434, 246, 101, 1120, -25;
20, 279, -14, 467, 409, 235, 79, 1088, -54;
27, 283, -8, 477, 464, 264, 105, 1105, -33;
22, 276, -14, 418, 448, 257, 89, 1080, -55;
29, 280, -9, 423, 498, 283, 113, 1095, -36;
26, 276, -13, 375, 493, 282, 105, 1077, -50;
27, 274, -13, 344, 506, 289, 107, 1071, -53;
24, 269, -18, 288, 493, 283, 94, 1049, -70;
28, 271, -14, 280, 528, 302, 112, 1057, -57;
33, 273, -11, 273, 563, 320, 129, 1066, -44;
30, 268, -15, 217, 549, 313, 117, 1045, -60;
34, 270, -12, 208, 580, 329, 133, 1053, -47;
31, 264, -16, 152, 564, 322, 121, 1032, -62;
29, 260, -18, 103, 554, 317, 113, 1016, -73;
30, 260, -18, 77, 566, 324, 119, 1014, -70;
29, 257, -19, 38, 564, 323, 116, 1004, -74;
31, 256, -18, 11, 573, 327, 122, 1002, -71;
34, 258, -15, -1, 595, 338, 135, 1008, -59;
28, 250, -21, -73, 556, 318, 112, 978, -84;
27, 247, -23, -115, 545, 313, 106, 966, -91;
29, 247, -21, -137, 554, 317, 113, 967, -84;
27, 244, -23, -179, 541, 310, 107, 955, -91;
35, 250, -15, -164, 583, 331, 136, 978, -62;
26, 240, -24, -250, 522, 300, 102, 938, -96;
28, 241, -22, -265, 532, 304, 111, 943, -86;
31, 243, -19, -276, 542, 308, 122, 949, -75;
29, 240, -20, -317, 522, 298, 114, 937, -81;
29, 239, -20, -342, 515, 293, 115, 934, -79;
30, 239, -18, -360, 514, 291, 119, 935, -73;
24, 232, -24, -424, 465, 266, 95, 908, -96;
20, 228, -28, -472, 428, 247, 79, 889, -109;
25, 232, -22, -462, 449, 256, 98, 907, -87;
23, 230, -23, -494, 426, 243, 91, 898, -92;
20, 226, -25, -532, 394, 226, 79, 885, -100;
23, 229, -22, -532, 399, 227, 90, 894, -87;
21, 228, -22, -556, 377, 214, 85, 889, -88;
14, 220, -29, -618, 316, 182, 55, 860, -114;
21, 227, -21, -587, 345, 195, 83, 887, -83;
15, 221, -26, -637, 291, 167, 58, 864, -103;
18, 225, -22, -626, 296, 167, 71, 878, -86;
17, 224, -22, -642, 272, 154, 66, 875, -86;
12, 220, -25, -679, 225, 128, 47, 858, -101;
12, 221, -23, -679, 213, 121, 49, 863, -93;
14, 224, -20, -669, 209, 117, 57, 874, -80;
9, 220, -24, -701, 161, 91, 38, 858, -94;
7, 218, -25, -718, 126, 72, 27, 851, -100;
6, 218, -25, -720, 104, 59, 24, 853, -97;
5, 219, -24, -720, 83, 46, 22, 855, -94;
4, 219, -24, -724, 56, 31, 16, 854, -95;
1, 218, -25, -732, 23, 12, 7, 850, -98;
2, 220, -22, -717, 11, 4, 10, 859, -89;
1, 220, -22, -714, -14, -9, 5, 860, -88;
-2, 217, -25, -730, -59, -34, -11, 849, -99;
-4, 217, -26, -729, -90, -51, -19, 848, -101;
-7, 216, -27, -730, -124, -70, -29, 845, -106;
-7, 218, -25, -713, -141, -80, -29, 852, -100;
-14, 213, -30, -736, -200, -112, -55, 834, -120;
-15, 214, -30, -725, -225, -126, -60, 836, -119;
-10, 221, -24, -674, -212, -121, -42, 863, -95;
-9, 224, -21, -644, -221, -128, -38, 875, -85;
-15, 220, -26, -659, -275, -157, -61, 860, -103;
-16, 222, -25, -636, -293, -167, -63, 867, -99;
-12, 228, -20, -585, -284, -164, -47, 891, -78;
-18, 224, -24, -596, -337, -192, -71, 876, -96;
-16, 228, -21, -558, -341, -196, -65, 891, -85;
-18, 229, -22, -539, -365, -210, -72, 893, -86;
-25, 224, -28, -555, -424, -241, -101, 874, -110;
-26, 225, -27, -527, -441, -250, -103, 881, -107;
-22, 232, -22, -471, -429, -245, -88, 905, -88;
-26, 231, -24, -460, -461, -263, -101, 901, -96;
-24, 235, -21, -414, -459, -263, -93, 918, -84;
-22, 239, -19, -372, -461, -265, -89, 932, -75;
-30, 233, -26, -388, -521, -296, -120, 909, -102;
-24, 241, -19, -315, -492, -282, -97, 942, -74;
-25, 243, -19, -285, -504, -289, -100, 948, -74;
-25, 245, -17, -246, -508, -292, -98, 959, -68;
-30, 242, -22, -244, -548, -312, -119, 947, -86;
-28, 247, -19, -194, -539, -309, -110, 964, -74;
-25, 252, -15, -141, -527, -303, -99, 983, -60;
-35, 244, -24, -165, -590, -335, -137, 954, -95;
-29, 252, -18, -95, -559, -320, -115, 983, -71;
-34, 249, -22, -90, -592, -337, -135, 972, -88;
-30, 255, -17, -27, -565, -323, -117, 997, -69;
-33, 254, -20, -12, -586, -334, -130, 992, -79;
-28, 260, -15, 51, -556, -318, -111, 1017, -59;
-33, 257, -20, 54, -586, -333, -131, 1004, -78;
-29, 263, -15, 115, -556, -318, -114, 1028, -59;
-35, 258, -21, 106, -595, -337, -139, 1009, -84;
-35, 260, -20, 143, -587, -333, -137, 1017, -81;
-26, 271, -11, 230, -526, -302, -102, 1058, -45;
-24, 274, -10, 270, -511, -294, -96, 1068, -39;
-34, 265, -19, 241, -563, -320, -132, 1037, -76;
-24, 277, -9, 332, -494, -284, -93, 1080, -37;
-26, 275, -12, 343, -503, -288, -103, 1074, -48;
-26, 276, -12, 368, -495, -283, -104, 1077, -49;
-25, 278, -11, 399, -479, -274, -100, 1084, -46;
-23, 281, -9, 439, -454, -260, -90, 1097, -37;
-20, 284, -7, 476, -428, -246, -81, 1108, -29;
-21, 283, -8, 492, -423, -242, -84, 1107, -34;
-22, 283, -9, 509, -413, -236, -86, 1107, -37;
-18, 287, -6, 550, -378, -217, -72, 1122, -25;
-18, 287, -7, 565, -367, -210, -73, 1122, -28;
-19, 287, -8, 577, -357, -204, -75, 1120, -32;
-15, 290, -5, 614, -319, -184, -61, 1134, -20;
-22, 284, -12, 584, -347, -196, -87, 1107, -49;
-12, 293, -3, 653, -273, -157, -50, 1143, -15;
-15, 290, -6, 648, -272, -155, -59, 1132, -26;
-14, 290, -7, 658, -253, -144, -57, 1132, -27;
-7, 297, 0, 712, -188, -109, -27, 1160, 0;
-15, 288, -9, 661, -226, -127, -61, 1123, -37;
-11, 291, -5, 692, -181, -102, -43, 1138, -23;
-6, 295, -2, 721, -135, -78, -26, 1152, -8;
-4, 296, -1, 731, -107, -62, -19, 1155, -4;
-1, 298, 0, 747, -71, -42, -7, 1162, 3;
-3, 294, -1, 729, -66, -37, -15, 1149, -7;
-2, 294, -1, 731, -40, -22, -10, 1149, -6;
0, 295, 0, 739, -6, -3, 0, 1154, 0;
2, 296, 1, 745, 25, 14, 8, 1157, 6;
2, 295, 1, 737, 47, 26, 10, 1153, 5;
6, 297, 4, 746, 86, 48, 24, 1160, 15;
4, 293, 1, 719, 91, 52, 16, 1145, 4;
6, 294, 2, 716, 121, 69, 24, 1147, 9;
5, 290, 0, 691, 131, 76, 19, 1134, 0;
13, 297, 7, 723, 198, 112, 51, 1158, 29;
6, 288, 0, 659, 172, 100, 24, 1123, 0;
16, 296, 9, 705, 256, 144, 66, 1157, 38;
10, 288, 2, 640, 230, 133, 40, 1123, 9;
10, 286, 1, 616, 246, 143, 40, 1115, 6;
13, 286, 4, 610, 281, 162, 52, 1119, 16;
16, 287, 6, 604, 316, 181, 65, 1123, 26;
18, 287, 8, 588, 343, 196, 72, 1121, 31;
18, 285, 7, 561, 358, 205, 73, 1113, 30;
16, 281, 5, 519, 360, 207, 66, 1096, 20;
18, 280, 6, 498, 383, 220, 72, 1094, 24;
19, 279, 7, 474, 402, 231, 76, 1089, 27;
26, 283, 12, 481, 453, 258, 101, 1104, 50;
26, 280, 12, 448, 464, 265, 101, 1095, 49;
26, 278, 12, 417, 477, 272, 102, 1087, 49;
23, 273, 9, 362, 466, 267, 89, 1065, 35;
31, 278, 16, 377, 525, 298, 121, 1087, 65;
31, 277, 17, 348, 538, 306, 124, 1081, 68;
31, 274, 16, 307, 541, 308, 121, 1069, 65;
25, 266, 10, 235, 511, 294, 98, 1038, 42;
32, 271, 18, 245, 563, 320, 127, 1058, 70;
26, 263, 12, 172, 531, 305, 104, 1026, 48;
25, 260, 11, 130, 529, 304, 100, 1014, 44;
28, 261, 14, 114, 552, 316, 112, 1018, 57;
26, 256, 12, 62, 539, 310, 102, 1000, 49;
29, 257, 16, 47, 561, 321, 115, 1005, 62;
34, 260, 21, 40, 591, 336, 133, 1015, 81;
28, 252, 15, -32, 552, 317, 109, 984, 59;
31, 254, 19, -42, 576, 329, 124, 992, 76;
29, 250, 18, -88, 562, 322, 116, 978, 71;
26, 246, 15, -141, 540, 310, 104, 959, 61;
34, 252, 23, -127, 584, 332, 133, 982, 92;
34, 250, 24, -157, 581, 330, 134, 978, 96;
29, 244, 20, -219, 545, 312, 115, 953, 80;
33, 247, 25, -225, 564, 320, 130, 963, 98;
27, 239, 19, -293, 519, 297, 106, 934, 77;
31, 242, 24, -297, 535, 304, 120, 945, 96;
28, 238, 23, -341, 511, 291, 110, 931, 89;
22, 231, 17, -406, 463, 266, 86, 902, 69;
31, 239, 28, -373, 511, 289, 121, 935, 109;
21, 229, 19, -457, 440, 253, 84, 895, 75;
28, 235, 27, -437, 471, 267, 110, 919, 106;
19, 226, 19, -514, 403, 232, 75, 882, 76;
25, 232, 27, -492, 432, 245, 100, 906, 106;
24, 230, 27, -519, 411, 233, 95, 900, 106;
22, 228, 26, -547, 385, 219, 87, 892, 103;
16, 223, 22, -597, 336, 193, 65, 870, 87;
13, 220, 20, -629, 303, 175, 53, 858, 80;
17, 223, 25, -620, 310, 177, 67, 872, 99;
14, 220, 23, -650, 274, 157, 54, 861, 92;
12, 220, 23, -666, 251, 144, 49, 858, 93;
11, 219, 24, -680, 227, 130, 45, 855, 94;
15, 223, 29, -660, 236, 133, 60, 873, 115;
8, 218, 24, -705, 178, 102, 35, 850, 95;
9, 219, 26, -704, 164, 93, 36, 855, 103;
8, 218, 26, -712, 138, 78, 31, 854, 103;
10, 222, 30, -697, 134, 75, 39, 866, 118;
7, 221, 29, -708, 102, 57, 31, 862, 115;
0, 214, 23, -751, 37, 22, 1, 837, 91;
-3, 212, 20, -769, -5, 0, -14, 827, 81;
1, 218, 27, -726, 10, 5, 6, 853, 108;
-3, 215, 23, -750, -40, -22, -14, 838, 93;
-3, 217, 25, -736, -55, -31, -12, 846, 100;
-1, 220, 29, -710, -60, -36, -4, 861, 114;
-9, 214, 22, -745, -128, -71, -35, 836, 88;
-5, 220, 28, -702, -119, -69, -19, 860, 110;
-11, 215, 22, -728, -180, -101, -46, 840, 88;
-10, 219, 25, -699, -187, -106, -40, 854, 99;
-15, 216, 21, -710, -235, -132, -60, 842, 85;
-9, 223, 28, -652, -216, -125, -38, 872, 111;
-16, 219, 22, -672, -275, -156, -65, 854, 89;
-14, 223, 25, -636, -279, -160, -57, 869, 101;
-17, 222, 24, -626, -311, -177, -68, 868, 95;
-18, 223, 24, -608, -335, -191, -73, 871, 93;
-24, 220, 19, -612, -381, -215, -93, 860, 77;
-17, 229, 27, -541, -353, -203, -67, 895, 107;
-18, 230, 26, -522, -377, -216, -74, 898, 104;
-23, 228, 23, -516, -415, -236, -89, 891, 91;
-27, 226, 20, -511, -454, -257, -106, 884, 78;
-21, 234, 26, -442, -429, -246, -83, 916, 103;
-29, 229, 19, -457, -487, -276, -113, 895, 76;
-27, 233, 21, -414, -488, -278, -108, 910, 83;
-29, 233, 20, -391, -509, -290, -115, 912, 78;
-27, 238, 22, -345, -507, -289, -108, 928, 87;
-24, 244, 26, -287, -492, -283, -93, 951, 102;
-31, 238, 18, -300, -548, -311, -124, 930, 73;
-24, 247, 26, -220, -510, -293, -96, 966, 101;
-27, 247, 23, -201, -532, -305, -107, 964, 91;
-30, 246, 20, -181, -553, -316, -117, 963, 81;
-31, 248, 19, -152, -564, -322, -121, 967, 77;
-31, 249, 19, -118, -569, -325, -122, 974, 75;
-30, 253, 20, -74, -563, -322, -117, 987, 80;
-32, 252, 17, -54, -580, -331, -127, 985, 69;
-28, 258, 21, 4, -557, -319, -112, 1007, 82;
-30, 258, 19, 30, -566, -323, -117, 1009, 75;
-26, 264, 22, 88, -541, -311, -103, 1030, 88;
-28, 263, 19, 107, -554, -317, -112, 1028, 76;
-29, 264, 18, 135, -556, -318, -115, 1031, 70;
-34, 261, 12, 138, -582, -331, -133, 1019, 49;
-29, 267, 16, 196, -551, -315, -116, 1041, 62;
-24, 273, 20, 259, -514, -296, -96, 1066, 79;
-29, 269, 14, 258, -538, -307, -115, 1052, 56;
-31, 268, 11, 274, -545, -310, -123, 1049, 44;
-27, 274, 14, 327, -512, -292, -107, 1069, 55;
-23, 279, 17, 380, -477, -274, -91, 1089, 67;
-22, 281, 17, 412, -462, -266, -87, 1096, 66;
-29, 275, 9, 395, -493, -280, -113, 1073, 35;
-27, 277, 9, 429, -471, -268, -105, 1083, 37;
-21, 283, 13, 486, -426, -244, -84, 1107, 53;
-24, 281, 9, 489, -431, -245, -94, 1098, 37;
-17, 288, 14, 549, -377, -217, -69, 1125, 56;
-15, 290, 14, 578, -353, -204, -61, 1133, 57;
-19, 287, 9, 573, -360, -206, -74, 1121, 37;
-19, 286, 7, 582, -351, -200, -77, 1117, 27;
-13, 292, 11, 635, -297, -171, -53, 1142, 45;
-15, 290, 7, 633, -295, -169, -61, 1132, 30;
-17, 288, 4, 633, -289, -164, -67, 1125, 17;
-10, 294, 9, 682, -231, -133, -41, 1150, 35;
-10, 294, 6, 687, -217, -125, -42, 1146, 26;
-13, 290, 1, 672, -220, -124, -54, 1132, 7;
-10, 292, 3, 697, -181, -103, -40, 1142, 13;
-5, 297, 6, 729, -133, -77, -21, 1158, 24;
-8, 292, 0, 707, -138, -77, -34, 1141, 3;
-6, 294, 1, 720, -104, -59, -24, 1146, 5;
-2, 297, 3, 743, -60, -35, -8, 1158, 13;
-7, 290, -3, 706, -74, -40, -27, 1134, -14;
4, 300, 5, 768, 13, 5, 15, 1172, 21;
-4, 290, -4, 707, -20, -9, -16, 1134, -19;
-2, 290, -5, 706, 5, 5, -11, 1133, -21;
2, 294, -2, 724, 54, 31, 8, 1146, -10;
1, 291, -5, 705, 66, 39, 4, 1136, -22;
8, 296, 0, 732, 126, 71, 31, 1156, -3;
6, 293, -4, 707, 135, 78, 26, 1143, -17;
7, 291, -5, 691, 155, 89, 27, 1137, -23;
12, 294, -3, 703, 203, 115, 47, 1149, -11;
12, 293, -4, 684, 222, 126, 48, 1142, -18;
16, 295, -2, 689, 265, 150, 65, 1151, -8;
12, 289, -8, 639, 256, 147, 49, 1127, -32;
14, 288, -8, 623, 280, 161, 55, 1124, -34;
22, 294, -2, 647, 346, 195, 86, 1147, -9;
16, 286, -10, 584, 324, 186, 64, 1116, -39;
18, 285, -9, 568, 351, 201, 71, 1114, -38;
18, 284, -11, 542, 368, 211, 74, 1107, -42;
25, 287, -6, 550, 420, 238, 98, 1122, -25;
25, 286, -7, 523, 436, 248, 100, 1116, -28;
25, 283, -9, 489, 447, 254, 99, 1106, -35;
24, 279, -12, 447, 449, 256, 93, 1091, -47;
24, 278, -12, 419, 464, 265, 97, 1084, -50;
31, 282, -7, 426, 515, 292, 122, 1101, -29;
31, 279, -9, 389, 522, 296, 121, 1090, -36;
28, 275, -12, 340, 516, 294, 112, 1072, -49;
23, 267, -19, 272, 492, 283, 92, 1043, -74;
32, 274, -11, 293, 555, 315, 127, 1069, -43;
27, 267, -16, 228, 532, 304, 109, 1042, -65;
27, 264, -18, 191, 536, 307, 108, 1033, -70;
26, 261, -20, 147, 532, 306, 103, 1020, -78;
34, 267, -13, 160, 585, 333, 133, 1042, -51;
31, 262, -16, 106, 570, 326, 122, 1023, -65;
32, 261, -16, 77, 579, 330, 127, 1019, -63;
35, 261, -14, 57, 596, 339, 136, 1021, -55;
33, 258, -16, 15, 589, 335, 131, 1009, -62;
34, 257, -15, -16, 591, 336, 133, 1004, -62;
32, 253, -18, -63, 576, 329, 125, 989, -71;
33, 253, -16, -85, 586, 333, 132, 989, -65;
31, 249, -19, -134, 567, 323, 122, 973, -76;
26, 243, -24, -195, 534, 306, 104, 949, -94;
32, 248, -18, -188, 568, 323, 128, 967, -70;
26, 240, -24, -257, 524, 301, 104, 939, -94;
26, 239, -24, -289, 515, 295, 102, 932, -95;
24, 236, -25, -326, 500, 287, 97, 923, -99;
30, 241, -19, -319, 526, 299, 118, 939, -77;
22, 232, -27, -393, 469, 270, 88, 906, -105;
25, 234, -23, -400, 478, 274, 99, 914, -92;
27, 235, -21, -415, 478, 272, 105, 917, -85;
21, 228, -27, -475, 430, 247, 82, 891, -105;
22, 229, -25, -489, 425, 244, 86, 894, -99;
25, 232, -21, -488, 435, 247, 99, 905, -83;
25, 232, -20, -505, 423, 240, 100, 905, -79;
24, 230, -20, -528, 404, 229, 96, 900, -79;
18, 225, -25, -580, 353, 202, 73, 877, -99;
14, 220, -29, -623, 311, 179, 55, 859, -113;
22, 228, -20, -585, 345, 195, 86, 891, -78;
13, 219, -27, -651, 275, 158, 51, 857, -108;
13, 220, -26, -661, 259, 148, 51, 859, -104;
12, 220, -26, -670, 241, 137, 50, 859, -101;
12, 221, -24, -675, 225, 128, 50, 862, -96;
5, 214, -30, -726, 162, 95, 21, 836, -120;
8, 218, -26, -708, 165, 94, 34, 852, -102;
7, 217, -26, -719, 138, 79, 27, 849, -103;
10, 221, -22, -697, 141, 78, 40, 865, -85;
4, 217, -26, -731, 87, 49, 17, 847, -103;
6, 220, -23, -715, 80, 44, 24, 859, -90;
-1, 213, -29, -757, 14, 9, -5, 833, -115;
-3, 213, -30, -762, -16, -7, -13, 831, -117;
2, 220, -22, -715, 3, 0, 9, 860, -88;
2, 222, -20, -702, -12, -9, 10, 867, -81;
0, 221, -21, -705, -45, -28, 0, 864, -85;
-9, 213, -30, -753, -125, -69, -37, 832, -118;
-7, 217, -26, -722, -127, -72, -27, 849, -102;
-9, 217, -26, -716, -156, -88, -35, 849, -103;
-5, 223, -21, -672, -148, -86, -19, 872, -82;
-9, 221, -23, -678, -190, -109, -35, 864, -92;
-11, 221, -24, -669, -220, -126, -43, 864, -95;
-9, 225, -21, -636, -226, -131, -37, 878, -83;
-18, 219, -28, -665, -295, -167, -70, 854, -110;
-17, 221, -26, -637, -308, -175, -69, 864, -103;
-17, 223, -24, -610, -322, -184, -68, 873, -97;
-22, 221, -28, -615, -369, -209, -89, 862, -112;
-15, 231, -19, -537, -335, -193, -58, 901, -76;
-19, 228, -23, -537, -377, -216, -77, 892, -89;
-25, 225, -27, -540, -424, -241, -98, 880, -105;
-20, 232, -21, -480, -408, -234, -80, 907, -83;
-28, 227, -27, -497, -468, -266, -110, 885, -108;
-26, 231, -24, -449, -465, -265, -101, 904, -95;
-26, 233, -23, -418, -477, -272, -103, 911, -92;
-25, 237, -21, -376, -479, -274, -98, 925, -83;
-22, 242, -17, -326, -473, -272, -89, 944, -69;
-23, 243, -17, -296, -486, -280, -92, 950, -68;
-31, 238, -24, -310, -543, -309, -123, 928, -96;
-24, 246, -17, -233, -509, -292, -97, 963, -66;
-27, 246, -19, -215, -532, -305, -108, 960, -74;
-26, 249, -17, -172, -531, -305, -104, 973, -67;
-32, 246, -21, -169, -568, -324, -124, 961, -85;
-32, 248, -21, -134, -573, -326, -125, 968, -83;
-30, 251, -19, -90, -567, -324, -120, 981, -75;
-35, 249, -23, -83, -598, -339, -138, 971, -91;
-32, 254, -19, -29, -579, -330, -126, 991, -77;
-26, 261, -13, 42, -542, -312, -102, 1021, -52;
-35, 254, -21, 21, -597, -339, -137, 994, -85;
-36, 255, -22, 50, -601, -341, -140, 997, -87;
-33, 259, -19, 97, -584, -332, -132, 1012, -77;
-26, 268, -11, 178, -532, -306, -101, 1049, -46;
-30, 266, -15, 185, -554, -316, -117, 1039, -61;
-32, 265, -17, 201, -563, -321, -126, 1035, -70;
-26, 273, -11, 271, -518, -297, -101, 1065, -45;
-24, 275, -10, 307, -504, -290, -97, 1074, -40;
-25, 276, -11, 332, -500, -287, -99, 1076, -43;
-28, 274, -14, 340, -511, -291, -110, 1068, -55;
-30, 272, -16, 350, -518, -294, -120, 1062, -65;
-30, 273, -16, 376, -508, -288, -120, 1066, -66;
-26, 278, -12, 426, -471, -268, -103, 1085, -50;
-24, 281, -10, 464, -444, -254, -93, 1097, -42;
-23, 282, -10, 489, -428, -244, -90, 1102, -40;
-26, 279, -14, 486, -439, -248, -104, 1089, -56;
-17, 288, -6, 559, -370, -213, -69, 1125, -23;
-24, 282, -12, 537, -395, -224, -93, 1101, -49;
-20, 286, -9, 574, -359, -205, -80, 1115, -38;
-13, 292, -3, 629, -304, -175, -54, 1141, -14;
-14, 292, -4, 640, -290, -167, -54, 1139, -17;
-13, 292, -4, 652, -272, -156, -53, 1140, -18;
-19, 286, -11, 625, -292, -164, -75, 1116, -43;
-18, 287, -10, 640, -268, -151, -70, 1119, -41;
-8, 296, -1, 706, -191, -110, -32, 1154, -6;
-5, 297, 0, 724, -159, -92, -23, 1161, 0;
-11, 290, -6, 689, -179, -101, -46, 1134, -26;
-7, 294, -2, 718, -132, -75, -27, 1149, -11;
-6, 294, -3, 718, -113, -64, -26, 1146, -13;
0, 299, 2, 759, -51, -31, 1, 1169, 11;
-2, 296, 0, 740, -48, -27, -7, 1155, -1;
-2, 294, -2, 727, -36, -20, -11, 1146, -8;
-3, 292, -3, 717, -19, -9, -12, 1140, -12;
2, 296, 1, 743, 33, 18, 9, 1156, 6;
5, 298, 4, 752, 71, 39, 22, 1163, 15;
2, 293, 0, 721, 71, 41, 11, 1145, 1;
1, 290, -2, 694, 76, 46, 3, 1131, -9;
9, 296, 4, 729, 145, 82, 36, 1156, 19;
6, 292, 1, 697, 148, 85, 27, 1139, 7;
10, 293, 4, 699, 187, 107, 40, 1145, 17;
15, 296, 8, 708, 233, 131, 59, 1156, 33;
12, 292, 5, 672, 236, 135, 50, 1139, 21;
16, 293, 8, 670, 273, 155, 63, 1144, 32;
12, 287, 4, 624, 267, 154, 50, 1122, 15;
17, 290, 8, 629, 313, 178, 69, 1132, 32;
12, 283, 2, 571, 297, 172, 50, 1105, 10;
16, 284, 5, 566, 335, 192, 64, 1110, 23;
20, 286, 9, 562, 374, 213, 80, 1117, 36;
22, 286, 10, 545, 400, 228, 88, 1116, 42;
27, 288, 15, 544, 442, 250, 107, 1125, 58;
20, 279, 7, 469, 412, 236, 80, 1089, 30;
19, 275, 6, 429, 415, 239, 75, 1075, 24;
23, 277, 10, 424, 454, 260, 93, 1084, 40;
23, 274, 9, 384, 459, 264, 89, 1071, 35;
27, 276, 13, 376, 495, 282, 106, 1078, 51;
30, 277, 16, 364, 526, 299, 120, 1083, 64;
26, 270, 11, 300, 505, 289, 102, 1056, 46;
28, 270, 14, 279, 527, 301, 111, 1056, 54;
25, 265, 10, 224, 514, 295, 99, 1035, 42;
33, 271, 19, 241, 572, 325, 132, 1060, 75;
34, 270, 20, 208, 580, 330, 134, 1053, 78;
33, 266, 18, 165, 577, 328, 129, 1040, 73;
26, 257, 12, 86, 537, 309, 102, 1006, 48;
36, 265, 22, 111, 601, 341, 140, 1036, 87;
35, 262, 21, 70, 596, 339, 137, 1024, 84;
33, 258, 20, 22, 584, 333, 128, 1009, 78;
28, 252, 15, -42, 554, 318, 110, 983, 61;
34, 256, 22, -38, 591, 336, 134, 1000, 87;
33, 253, 21, -78, 583, 332, 130, 989, 85;
34, 252, 23, -106, 585, 333, 133, 986, 90;
25, 242, 15, -193, 527, 303, 99, 946, 59;
27, 243, 18, -210, 537, 308, 108, 949, 71;
34, 249, 26, -197, 576, 327, 135, 971, 101;
30, 243, 22, -255, 542, 309, 117, 949, 87;
30, 242, 23, -283, 536, 305, 118, 945, 91;
29, 240, 23, -316, 523, 298, 114, 937, 91;
22, 232, 17, -384, 473, 272, 89, 908, 69;
30, 240, 26, -359, 515, 292, 120, 936, 105;
20, 229, 17, -447, 442, 254, 81, 893, 69;
26, 234, 24, -433, 468, 266, 103, 913, 96;
27, 235, 27, -446, 465, 264, 108, 917, 106;
23, 230, 23, -495, 424, 242, 90, 897, 93;
22, 228, 23, -522, 404, 231, 85, 891, 93;
18, 225, 22, -558, 372, 213, 74, 878, 86;
19, 226, 24, -569, 364, 208, 77, 881, 95;
19, 226, 25, -583, 351, 200, 77, 881, 100;
18, 224, 25, -603, 328, 187, 72, 877, 101;
19, 226, 28, -606, 321, 182, 77, 883, 111;
19, 226, 29, -620, 302, 171, 75, 882, 115;
9, 217, 21, -686, 228, 132, 38, 847, 84;
9, 217, 23, -692, 212, 122, 38, 849, 90;
9, 218, 24, -697, 195, 112, 38, 852, 95;
5, 214, 21, -729, 149, 87, 20, 837, 83;
5, 215, 22, -731, 131, 76, 19, 840, 88;
9, 220, 28, -703, 141, 79, 36, 860, 111;
2, 214, 23, -744, 80, 47, 9, 838, 90;
6, 219, 28, -718, 85, 47, 23, 856, 109;
4, 219, 28, -723, 57, 31, 17, 855, 109;
-2, 213, 22, -758, -3, 0, -9, 833, 88;
3, 221, 30, -713, 15, 7, 13, 862, 117;
-5, 213, 22, -758, -58, -31, -21, 833, 87;
-1, 219, 28, -721, -50, -29, -5, 855, 109;
-1, 221, 29, -706, -68, -40, -5, 862, 115;
-9, 215, 23, -739, -133, -74, -35, 839, 91;
-4, 221, 29, -694, -122, -71, -17, 864, 113;
-6, 221, 28, -688, -151, -87, -25, 864, 111;
-15, 214, 21, -722, -223, -125, -59, 838, 82;
-13, 218, 24, -691, -229, -130, -52, 852, 94;
-14, 220, 24, -672, -249, -142, -55, 858, 96;
-18, 217, 21, -677, -294, -166, -73, 848, 82;
-17, 221, 23, -643, -300, -171, -67, 863, 93;
-22, 218, 20, -647, -346, -195, -86, 852, 78;
-16, 226, 27, -582, -323, -185, -63, 885, 105;
-22, 223, 21, -593, -376, -213, -87, 869, 85;
-19, 228, 25, -545, -371, -212, -75, 890, 100;
-26, 223, 19, -559, -429, -243, -103, 871, 75;
-27, 224, 19, -535, -448, -254, -107, 876, 74;
-21, 232, 25, -467, -424, -243, -85, 907, 99;
-25, 231, 22, -457, -458, -261, -99, 903, 88;
-20, 238, 27, -394, -439, -253, -81, 930, 109;
-23, 238, 25, -377, -466, -267, -92, 929, 100;
-22, 242, 27, -332, -465, -268, -85, 944, 108;
-28, 237, 21, -339, -516, -294, -112, 927, 83;
-25, 243, 25, -281, -500, -287, -97, 950, 99;
-33, 238, 17, -296, -558, -317, -129, 928, 68;
-25, 248, 25, -211, -515, -296, -98, 967, 99;
-27, 248, 23, -188, -534, -306, -106, 967, 92;
-33, 244, 17, -188, -574, -327, -129, 953, 69;
-33, 245, 17, -157, -583, -331, -132, 959, 66;
-27, 254, 23, -78, -542, -311, -105, 994, 92;
-30, 253, 20, -64, -566, -324, -118, 988, 78;
-27, 258, 22, -11, -549, -315, -107, 1007, 88;
-31, 256, 18, -2, -576, -329, -123, 998, 70;
-32, 257, 16, 26, -580, -331, -127, 1002, 65;
-28, 263, 20, 89, -551, -316, -109, 1026, 80;
-33, 259, 15, 90, -581, -331, -129, 1013, 58;
-30, 264, 16, 140, -561, -321, -118, 1029, 66;
-32, 264, 14, 162, -567, -323, -124, 1029, 57;
-34, 262, 11, 176, -580, -329, -135, 1024, 43;
-25, 273, 19, 264, -517, -297, -99, 1065, 75;
-25, 274, 18, 297, -507, -292, -97, 1072, 73;
-25, 275, 17, 324, -501, -288, -98, 1076, 68;
-27, 274, 13, 336, -509, -291, -108, 1070, 54;
-29, 273, 10, 349, -514, -293, -116, 1065, 40;
-27, 276, 11, 386, -493, -281, -108, 1076, 43;
-28, 276, 9, 407, -485, -276, -110, 1077, 36;
-22, 282, 13, 466, -438, -251, -87, 1102, 53;
-27, 278, 7, 457, -457, -260, -106, 1085, 29;
-27, 278, 5, 477, -445, -252, -106, 1087, 23;
-24, 281, 6, 510, -418, -237, -96, 1098, 26;
-16, 290, 13, 580, -352, -203, -64, 1131, 52;
-16, 290, 12, 597, -336, -194, -62, 1132, 47;
-23, 283, 3, 566, -367, -207, -90, 1104, 12;
-21, 285, 3, 591, -340, -192, -82, 1112, 13;
-18, 287, 3, 616, -310, -176, -73, 1120, 15;
-15, 290, 5, 647, -273, -155, -60, 1132, 21;
-15, 289, 3, 653, -258, -146, -60, 1129, 13;
-8, 295, 8, 702, -198, -115, -34, 1154, 32;
-9, 294, 5, 703, -185, -106, -35, 1149, 23;
-11, 291, 1, 687, -186, -105, -46, 1135, 4;
-7, 294, 3, 715, -142, -81, -30, 1148, 13;
-11, 289, -2, 691, -146, -81, -43, 1130, -8;
0, 300, 7, 759, -58, -35, 0, 1170, 27;
0, 298, 4, 751, -44, -26, -2, 1163, 16;
-6, 290, -3, 706, -66, -35, -26, 1133, -15;
-2, 293, -1, 727, -19, -10, -8, 1146, -5;
5, 300, 4, 767, 48, 25, 22, 1171, 17;
1, 294, -1, 729, 39, 22, 6, 1148, -7;
0, 292, -4, 711, 51, 30, 2, 1139, -19;
2, 292, -4, 710, 82, 48, 10, 1140, -18;
6, 294, -2, 719, 125, 71, 26, 1149, -11;
7, 292, -4, 703, 143, 82, 27, 1142, -18;
12, 296, -1, 718, 194, 109, 48, 1156, -5;
8, 290, -6, 675, 188, 108, 34, 1134, -27;
11, 291, -6, 672, 223, 127, 45, 1137, -23;
12, 290, -6, 655, 245, 140, 49, 1133, -27;
10, 286, -10, 619, 249, 144, 42, 1117, -41;
17, 291, -5, 637, 308, 175, 69, 1135, -22;
15, 286, -10, 594, 307, 176, 59, 1116, -39;
23, 292, -3, 620, 375, 212, 92, 1141, -13;
22, 289, -6, 585, 382, 217, 88, 1128, -23;
23, 287, -6, 561, 402, 228, 92, 1123, -26;
25, 287, -6, 544, 429, 243, 100, 1122, -24;
20, 280, -13, 480, 408, 234, 80, 1093, -50;
22, 279, -13, 456, 428, 245, 85, 1089, -51;
27, 282, -9, 457, 473, 269, 106, 1100, -36;
23, 276, -14, 400, 460, 263, 92, 1077, -56;
23, 273, -16, 362, 466, 268, 90, 1065, -63;
32, 280, -8, 385, 532, 302, 125, 1092, -33;
30, 276, -11, 339, 530, 302, 119, 1076, -44;
32, 275, -10, 316, 549, 312, 126, 1075, -41;
27, 268, -16, 247, 523, 300, 106, 1045, -66;
28, 266, -16, 217, 535, 306, 109, 1040, -66;
27, 264, -18, 180, 538, 308, 108, 1031, -70;
30, 264, -16, 157, 557, 318, 117, 1031, -65;
29, 261, -18, 116, 554, 317, 113, 1019, -72;
34, 264, -13, 113, 590, 335, 134, 1032, -54;
36, 264, -12, 89, 604, 342, 141, 1031, -49;
28, 254, -21, 4, 554, 318, 110, 992, -82;
32, 256, -17, -5, 579, 330, 126, 1001, -68;
31, 253, -19, -47, 571, 326, 121, 989, -75;
26, 247, -24, -112, 538, 310, 101, 963, -95;
32, 252, -18, -104, 578, 329, 127, 983, -70;
34, 252, -16, -124, 586, 333, 135, 984, -63;
30, 247, -20, -179, 559, 319, 120, 964, -78;
28, 243, -22, -227, 537, 308, 110, 948, -88;
31, 244, -19, -238, 551, 314, 122, 955, -76;
27, 239, -23, -293, 518, 297, 105, 934, -91;
32, 243, -17, -287, 545, 309, 127, 951, -69;
32, 242, -17, -315, 537, 304, 126, 947, -68;
28, 238, -20, -363, 505, 287, 112, 929, -81;
26, 235, -22, -401, 483, 275, 104, 918, -87;
30, 238, -18, -402, 495, 280, 118, 929, -71;
19, 226, -28, -493, 415, 239, 75, 884, -111;
21, 228, -26, -502, 416, 238, 82, 889, -101;
25, 232, -20, -493, 431, 245, 100, 905, -81;
17, 223, -28, -562, 367, 211, 68, 872, -110;
19, 225, -25, -568, 364, 208, 74, 878, -100;
21, 227, -22, -568, 366, 208, 83, 888, -87;
15, 221, -27, -620, 313, 180, 60, 864, -107;
16, 223, -25, -624, 306, 174, 64, 870, -98;
20, 226, -20, -611, 313, 176, 78, 885, -80;
11, 219, -27, -672, 245, 141, 46, 854, -108;
13, 221, -24, -666, 241, 137, 53, 864, -96;
7, 216, -29, -710, 186, 108, 29, 842, -115;
5, 214, -30, -728, 154, 90, 20, 836, -119;
4, 214, -29, -732, 136, 79, 19, 838, -115;
4, 215, -29, -737, 113, 66, 15, 838, -113;
10, 222, -21, -698, 133, 74, 39, 866, -85;
4, 217, -26, -731, 79, 45, 16, 847, -102;
0, 214, -28, -751, 36, 22, 0, 836, -112;
-1, 214, -29, -755, 8, 6, -5, 835, -113;
-4, 213, -30, -762, -25, -12, -15, 831, -117;
-6, 212, -31, -768, -58, -31, -25, 827, -121;
-4, 215, -27, -744, -63, -35, -17, 841, -107;
-8, 213, -30, -755, -105, -58, -32, 833, -117;
-3, 220, -23, -707, -90, -52, -12, 860, -90;
-6, 219, -25, -712, -129, -74, -25, 854, -98;
-13, 213, -30, -739, -190, -106, -53, 834, -120;
-4, 224, -20, -665, -153, -89, -19, 875, -80;
-10, 220, -24, -680, -205, -117, -41, 861, -96;
-9, 224, -21, -648, -212, -123, -35, 875, -85;
-15, 220, -26, -663, -266, -151, -59, 860, -102;
-15, 222, -25, -640, -284, -162, -60, 867, -98;
-16, 223, -24, -619, -303, -173, -63, 873, -95;
-15, 226, -22, -588, -314, -180, -60, 884, -87;
-20, 223, -26, -593, -361, -206, -81, 872, -102;
-21, 225, -25, -569, -381, -217, -85, 878, -101;
-20, 228, -23, -531, -386, -221, -79, 892, -91;
-25, 226, -26, -529, -428, -243, -97, 883, -103;
-27, 226, -27, -510, -453, -257, -106, 884, -107;
-22, 234, -21, -447, -434, -249, -87, 912, -83;
-26, 232, -24, -440, -471, -268, -103, 905, -95;
-26, 234, -23, -409, -484, -276, -105, 913, -92;
-30, 232, -26, -399, -518, -294, -120, 907, -103;
-26, 239, -21, -339, -500, -286, -104, 932, -83;
-28, 239, -21, -312, -517, -295, -109, 935, -85;
-33, 236, -26, -311, -559, -317, -131, 923, -103;
-32, 240, -23, -265, -555, -316, -124, 938, -93;
-28, 246, -19, -205, -536, -307, -109, 962, -74;
-34, 242, -25, -211, -583, -331, -135, 944, -97;
-33, 245, -22, -165, -578, -329, -129, 958, -89;
-29, 251, -18, -105, -556, -318, -114, 982, -71;
-26, 256, -15, -53, -542, -312, -104, 1000, -58;
-35, 249, -23, -74, -600, -341, -139, 972, -91;
-29, 257, -16, 0, -561, -321, -114, 1005, -65;
-29, 259, -15, 36, -559, -320, -113, 1013, -62;
-26, 264, -12, 88, -541, -311, -103, 1030, -50;
-27, 264, -13, 115, -546, -313, -107, 1033, -53;
-29, 265, -14, 138, -553, -317, -113, 1033, -58;
-30, 264, -16, 159, -561, -320, -120, 1032, -64;
-34, 262, -20, 168, -579, -329, -134, 1023, -78;
-26, 271, -12, 245, -527, -302, -105, 1058, -48;
-24, 275, -9, 292, -505, -290, -94, 1073, -38;
-23, 277, -9, 324, -494, -284, -92, 1080, -36;
-28, 273, -14, 322, -516, -295, -110, 1066, -54;
-28, 274, -14, 349, -509, -290, -111, 1069, -55;
-31, 271, -17, 353, -521, -295, -124, 1059, -69;
-22, 281, -8, 435, -453, -260, -88, 1098, -34;
-23, 281, -10, 450, -451, -258, -93, 1096, -40;
-21, 283, -8, 484, -428, -245, -85, 1106, -34;
-28, 277, -15, 465, -454, -257, -109, 1083, -60;
-20, 285, -8, 531, -395, -226, -80, 1114, -32;
-24, 282, -12, 524, -407, -231, -95, 1099, -50;
-20, 286, -9, 564, -369, -210, -80, 1115, -36;
-15, 291, -5, 610, -324, -186, -60, 1135, -19;
-20, 285, -10, 591, -340, -193, -80, 1115, -41;
-17, 288, -7, 623, -305, -173, -67, 1127, -30;
-16, 288, -8, 635, -287, -163, -65, 1127, -32;
-12, 292, -5, 667, -247, -141, -50, 1140, -19;
-13, 291, -6, 669, -234, -133, -52, 1135, -25;
-8, 296, -1, 709, -183, -106, -31, 1154, -6;
-7, 296, -1, 718, -160, -93, -27, 1155, -5;
-5, 297, 0, 729, -132, -77, -20, 1158, -2;
-11, 290, -7, 691, -153, -85, -44, 1131, -29;
-2, 298, 1, 747, -77, -45, -8, 1163, 4;
-2, 296, 0, 742, -61, -36, -9, 1158, 0;
2, 299, 3, 763, -16, -11, 7, 1169, 13;
2, 299, 3, 761, 5, 1, 11, 1167, 13;
1, 296, 0, 741, 13, 7, 4, 1155, 3;
-1, 292, -2, 715, 14, 10, -5, 1139, -9;
4, 296, 2, 740, 70, 39, 17, 1156, 10;
3, 294, 1, 722, 83, 48, 15, 1147, 4;
5, 293, 1, 714, 108, 62, 19, 1144, 5;
7, 293, 2, 710, 138, 79, 28, 1145, 10;
10, 294, 4, 711, 174, 99, 39, 1149, 18;
9, 292, 3, 689, 190, 108, 38, 1141, 14;
15, 295, 8, 701, 239, 135, 59, 1153, 32;
14, 292, 6, 672, 249, 142, 55, 1141, 25;
14, 290, 5, 649, 265, 151, 55, 1133, 22;
13, 287, 3, 616, 273, 157, 50, 1120, 15;
16, 288, 6, 612, 310, 177, 64, 1125, 26;
20, 290, 10, 610, 351, 199, 80, 1132, 40;
17, 285, 6, 564, 347, 199, 69, 1112, 26;
22, 287, 11, 566, 392, 223, 89, 1122, 44;
18, 281, 6, 507, 377, 217, 71, 1096, 24;
22, 282, 9, 499, 412, 236, 85, 1101, 37;
18, 276, 5, 446, 404, 233, 72, 1079, 22;
20, 276, 7, 425, 427, 245, 80, 1077, 28;
21, 274, 7, 396, 441, 254, 82, 1070, 29;
21, 272, 8, 366, 455, 262, 85, 1064, 31;
29, 277, 15, 378, 511, 291, 114, 1083, 59;
25, 272, 11, 321, 498, 285, 100, 1061, 45;
30, 274, 16, 318, 537, 306, 120, 1071, 64;
26, 267, 11, 251, 513, 295, 101, 1044, 45;
27, 266, 12, 224, 528, 303, 106, 1040, 50;
33, 270, 18, 224, 569, 324, 128, 1054, 72;
30, 265, 16, 171, 557, 318, 118, 1035, 62;
28, 261, 13, 121, 546, 313, 109, 1018, 54;
28, 258, 14, 85, 549, 315, 109, 1009, 55;
36, 265, 22, 100, 602, 342, 141, 1033, 88;
28, 255, 14, 14, 552, 317, 109, 994, 57;
29, 254, 17, -9, 564, 323, 116, 994, 66;
28, 252, 16, -50, 557, 319, 112, 983, 63;
32, 254, 21, -58, 582, 331, 128, 992, 82;
26, 246, 15, -133, 538, 309, 102, 960, 58;
26, 244, 15, -168, 533, 307, 101, 952, 60;
28, 245, 18, -181, 548, 314, 112, 958, 74;
30, 246, 21, -202, 554, 316, 119, 959, 83;
31, 245, 23, -227, 554, 315, 122, 957, 90;
29, 241, 21, -272, 532, 304, 113, 943, 83;
30, 242, 24, -288, 537, 306, 120, 946, 94;
32, 243, 27, -303, 542, 307, 128, 949, 106;
30, 240, 25, -344, 519, 295, 119, 937, 101;
26, 235, 22, -396, 483, 276, 102, 917, 88;
28, 237, 26, -403, 489, 278, 112, 924, 103;
20, 228, 19, -477, 428, 246, 81, 890, 76;
19, 226, 19, -507, 408, 235, 75, 883, 75;
21, 227, 22, -515, 408, 233, 82, 889, 87;
21, 227, 23, -532, 396, 226, 83, 888, 92;
21, 228, 25, -545, 387, 220, 85, 890, 100;
16, 223, 22, -592, 342, 196, 66, 870, 85;
18, 224, 24, -597, 336, 192, 71, 876, 96;
18, 224, 25, -610, 320, 182, 70, 875, 101;
15, 222, 24, -637, 289, 165, 60, 866, 96;
13, 220, 24, -660, 260, 149, 52, 859, 93;
16, 223, 28, -649, 262, 148, 63, 872, 110;
8, 216, 21, -706, 194, 113, 31, 843, 84;
12, 220, 27, -685, 202, 115, 46, 861, 105;
9, 219, 26, -703, 170, 97, 37, 855, 101;
7, 218, 25, -714, 142, 81, 30, 851, 100;
7, 219, 27, -715, 122, 69, 28, 854, 105;
3, 216, 24, -737, 81, 46, 13, 843, 96;
6, 220, 29, -712, 83, 46, 26, 860, 114;
-2, 213, 21, -762, 9, 7, -8, 831, 85;
-3, 212, 21, -764, -18, -8, -15, 830, 84;
3, 221, 30, -708, 10, 4, 14, 865, 119;
-6, 213, 22, -759, -68, -37, -24, 832, 87;
-4, 216, 25, -736, -76, -43, -18, 845, 98;
-9, 213, 21, -754, -126, -70, -38, 831, 84;
-12, 212, 20, -752, -157, -87, -47, 830, 80;
-9, 217, 25, -716, -156, -88, -35, 849, 98;
-5, 223, 30, -672, -147, -86, -19, 872, 118;
-8, 222, 28, -674, -187, -108, -33, 866, 109;
-8, 223, 29, -654, -205, -119, -34, 873, 113;
-12, 222, 27, -652, -242, -139, -47, 868, 105;
-19, 217, 20, -673, -303, -171, -75, 848, 81;
-14, 224, 26, -617, -288, -165, -56, 876, 105;
-19, 221, 22, -623, -335, -190, -76, 865, 89;
-15, 228, 27, -571, -325, -187, -61, 889, 108;
-21, 224, 22, -580, -377, -215, -85, 874, 88;
-17, 231, 28, -522, -363, -209, -68, 901, 109;
-22, 228, 24, -522, -406, -232, -87, 891, 93;
-21, 232, 25, -483, -411, -236, -82, 905, 101;
-26, 228, 20, -487, -459, -261, -105, 891, 81;
-20, 237, 28, -411, -427, -246, -78, 927, 110;
-28, 232, 20, -428, -488, -277, -109, 905, 81;
-21, 241, 27, -353, -457, -263, -84, 939, 108;
-27, 237, 22, -354, -502, -287, -106, 926, 88;
-27, 239, 22, -322, -513, -293, -108, 934, 87;
-25, 244, 25, -272, -506, -290, -99, 951, 97;
-31, 240, 19, -275, -551, -314, -123, 936, 74;
-28, 245, 22, -218, -536, -307, -110, 958, 88;
-28, 247, 22, -183, -542, -310, -111, 966, 87;
-26, 251, 24, -136, -535, -307, -104, 981, 94;
-26, 254, 24, -96, -534, -307, -101, 992, 97;
-30, 251, 19, -90, -566, -324, -119, 982, 77;
-30, 253, 19, -54, -568, -325, -119, 990, 76;
-27, 258, 22, -1, -551, -316, -108, 1008, 86;
-34, 253, 14, -10, -595, -338, -136, 988, 57;
-26, 263, 22, 77, -541, -311, -102, 1029, 89;
-29, 261, 18, 88, -562, -322, -116, 1021, 72;
-32, 260, 15, 103, -578, -329, -128, 1016, 58;
-28, 267, 19, 166, -544, -312, -109, 1041, 74;
-26, 269, 19, 205, -533, -306, -104, 1051, 76;
-25, 272, 20, 247, -517, -297, -97, 1064, 79;
-27, 271, 16, 261, -527, -302, -107, 1059, 66;
-33, 267, 10, 255, -556, -316, -129, 1041, 39;
-30, 271, 12, 302, -530, -302, -117, 1058, 47;
-30, 271, 10, 325, -527, -299, -120, 1059, 40;
-30, 272, 9, 352, -516, -293, -119, 1063, 36;
-21, 282, 16, 433, -451, -259, -84, 1101, 65;
-21, 283, 15, 457, -439, -253, -83, 1105, 61;
-29, 276, 6, 430, -478, -271, -114, 1076, 24;
-26, 279, 7, 467, -450, -256, -104, 1088, 29;
-27, 278, 4, 480, -444, -251, -108, 1086, 19;
-17, 288, 13, 559, -370, -213, -70, 1125, 51;
-21, 285, 8, 556, -377, -215, -82, 1113, 32;
-14, 292, 13, 612, -322, -186, -56, 1139, 51;
-16, 289, 9, 611, -321, -184, -65, 1130, 35;
-13, 292, 10, 644, -285, -164, -52, 1142, 41;
-10, 295, 11, 671, -253, -147, -41, 1151, 45;
-19, 286, 0, 625, -292, -164, -75, 1116, 3;
-8, 296, 10, 702, -205, -119, -31, 1158, 40;
-16, 288, 0, 657, -239, -134, -62, 1124, 1;
-9, 294, 4, 701, -182, -104, -37, 1146, 18;
-7, 295, 4, 716, -152, -87, -29, 1151, 19;
-7, 294, 2, 716, -135, -77, -29, 1147, 11;
-7, 292, 0, 712, -119, -67, -30, 1142, 1;
-9, 290, -3, 697, -113, -62, -37, 1131, -13;
1, 300, 6, 765, -23, -15, 7, 1171, 24;
2, 299, 4, 760, -3, -3, 8, 1167, 17;