-2, 306, 10, -21, 797, -14, -9, 1194, 41;
-3, 304, 8, -14, 779, -26, -11, 1187, 34;
1, 307, 12, 43, 812, -4, 6, 1201, 48;
6, 311, 15, 97, 840, 15, 23, 1212, 60;
2, 306, 11, 82, 799, -10, 11, 1196, 44;
3, 306, 11, 103, 793, -12, 14, 1194, 42;
7, 308, 13, 152, 815, 3, 29, 1203, 53;
6, 306, 11, 160, 794, -8, 27, 1195, 45;
4, 302, 8, 151, 758, -30, 17, 1181, 32;
8, 305, 11, 201, 779, -12, 33, 1190, 43;
10, 305, 11, 230, 779, -9, 39, 1191, 45;
8, 302, 8, 227, 747, -27, 33, 1179, 33;
10, 302, 9, 258, 749, -22, 40, 1180, 37;
19, 310, 17, 355, 815, 26, 75, 1209, 67;
13, 303, 10, 316, 747, -14, 53, 1182, 41;
19, 306, 14, 380, 780, 11, 74, 1197, 58;
17, 303, 12, 377, 747, -4, 68, 1184, 48;
19, 304, 13, 410, 749, 2, 77, 1186, 52;
23, 306, 15, 456, 763, 17, 91, 1194, 62;
20, 302, 12, 445, 721, -4, 81, 1178, 48;
26, 306, 16, 509, 754, 24, 103, 1193, 65;
28, 306, 17, 537, 750, 28, 109, 1193, 68;
21, 297, 10, 487, 668, -19, 84, 1161, 39;
23, 297, 10, 513, 662, -15, 90, 1160, 41;
25, 298, 11, 546, 663, -7, 99, 1162, 46;
26, 297, 11, 563, 647, -10, 101, 1158, 44;
27, 296, 11, 583, 636, -9, 105, 1155, 44;
24, 292, 8, 574, 594, -28, 97, 1140, 32;
31, 297, 13, 644, 632, 5, 121, 1158, 54;
26, 290, 8, 610, 567, -29, 103, 1133, 32;
27, 290, 8, 630, 555, -28, 108, 1131, 33;
31, 292, 11, 680, 572, -6, 124, 1140, 46;
33, 292, 12, 703, 563, -3, 130, 1139, 48;
30, 287, 9, 687, 515, -25, 119, 1122, 35;
38, 294, 16, 772, 569, 20, 151, 1146, 63;
41, 294, 17, 802, 567, 29, 159, 1148, 69;
37, 289, 14, 782, 515, 6, 148, 1129, 54;
42, 292, 17, 830, 531, 27, 164, 1139, 68;
39, 287, 13, 811, 481, 5, 153, 1121, 54;
44, 290, 18, 864, 504, 31, 172, 1133, 70;
35, 280, 8, 792, 400, -25, 139, 1093, 35;
40, 283, 13, 849, 427, 3, 159, 1107, 53;
40, 282, 13, 855, 403, 0, 159, 1100, 50;
41, 280, 12, 865, 383, -1, 160, 1095, 50;
46, 283, 17, 917, 405, 25, 179, 1107, 66;
37, 273, 8, 843, 302, -30, 146, 1067, 31;
38, 272, 8, 855, 285, -29, 149, 1063, 32;
40, 273, 10, 884, 285, -16, 159, 1066, 40;
40, 271, 9, 885, 259, -22, 157, 1058, 37;
39, 268, 7, 878, 223, -32, 152, 1047, 30;
46, 274, 15, 955, 273, 13, 182, 1071, 59;
42, 268, 10, 920, 211, -14, 166, 1048, 41;
42, 266, 10, 920, 185, -19, 165, 1041, 39;
50, 273, 17, 998, 237, 28, 196, 1066, 68;
43, 264, 10, 936, 148, -16, 168, 1032, 40;
44, 264, 11, 953, 140, -8, 174, 1032, 45;
41, 259, 7, 922, 85, -32, 161, 1013, 31;
42, 259, 9, 937, 76, -24, 166, 1012, 35;
47, 263, 14, 989, 104, 7, 187, 1027, 55;
48, 262, 14, 994, 86, 9, 188, 1024, 57;
43, 255, 9, 946, 16, -23, 168, 998, 36;
42, 253, 8, 940, -11, -28, 165, 990, 33;
51, 261, 17, 1026, 53, 28, 201, 1020, 68;
46, 255, 12, 978, -15, -3, 181, 995, 48;
46, 254, 12, 981, -32, 0, 182, 991, 50;
46, 252, 12, 975, -57, -4, 180, 984, 48;
47, 252, 13, 986, -65, 4, 185, 984, 53;
44, 248, 10, 957, -112, -13, 174, 968, 42;
46, 248, 12, 970, -116, -2, 180, 970, 49;
45, 247, 12, 962, -140, -5, 177, 963, 47;
45, 246, 12, 964, -155, -1, 179, 960, 50;
51, 250, 18, 1008, -126, 31, 199, 976, 70;
46, 245, 14, 967, -181, 7, 183, 956, 55;
44, 241, 12, 941, -222, -5, 173, 943, 47;
48, 244, 16, 972, -203, 19, 188, 954, 63;
40, 235, 8, 891, -296, -29, 156, 918, 32;
47, 242, 16, 957, -242, 20, 185, 944, 63;
38, 232, 7, 870, -340, -32, 151, 907, 30;
39, 232, 9, 875, -345, -22, 155, 908, 36;
47, 239, 17, 939, -291, 26, 184, 934, 67;
45, 237, 16, 919, -318, 20, 178, 925, 63;
43, 234, 14, 890, -356, 7, 168, 913, 55;
38, 228, 9, 835, -418, -21, 148, 890, 37;
38, 228, 10, 833, -426, -14, 150, 890, 41;
40, 229, 12, 842, -422, 0, 156, 894, 50;
37, 226, 11, 814, -455, -10, 148, 884, 44;
36, 224, 10, 792, -480, -16, 142, 876, 40;
36, 223, 10, 781, -494, -14, 140, 873, 42;
32, 220, 8, 742, -535, -30, 128, 859, 32;
32, 219, 8, 731, -548, -28, 126, 856, 33;
40, 227, 17, 802, -478, 29, 159, 888, 69;
40, 226, 17, 786, -493, 29, 157, 884, 69;
34, 220, 12, 723, -555, -1, 134, 861, 50;
31, 217, 10, 685, -591, -15, 122, 849, 41;
28, 215, 8, 651, -622, -26, 112, 838, 34;
32, 218, 13, 676, -593, 2, 127, 852, 52;
28, 214, 10, 629, -636, -16, 111, 837, 40;
31, 217, 14, 647, -613, 7, 123, 849, 55;
31, 218, 15, 639, -615, 15, 124, 850, 60;
23, 209, 7, 549, -698, -32, 91, 818, 31;
28, 215, 14, 589, -652, 7, 112, 839, 55;
26, 213, 13, 557, -675, 0, 103, 831, 50;
21, 208, 8, 496, -727, -27, 83, 812, 34;
21, 208, 9, 486, -727, -20, 83, 813, 38;
20, 207, 9, 462, -741, -21, 78, 810, 37;
27, 215, 18, 521, -670, 31, 108, 841, 70;
24, 213, 16, 483, -696, 20, 97, 831, 63;
16, 204, 8, 387, -779, -28, 62, 799, 33;
23, 212, 16, 442, -711, 23, 90, 828, 65;
16, 206, 11, 370, -769, -9, 65, 806, 44;
12, 202, 8, 315, -808, -30, 48, 791, 31;
13, 204, 10, 312, -796, -17, 52, 797, 39;
15, 206, 13, 315, -776, 0, 58, 806, 50;
18, 211, 17, 336, -738, 29, 72, 823, 69;
9, 202, 9, 235, -821, -22, 36, 790, 37;
10, 204, 11, 233, -805, -7, 40, 797, 46;
9, 204, 12, 213, -805, -4, 38, 798, 48;
10, 206, 14, 206, -792, 7, 41, 804, 55;
6, 202, 11, 152, -826, -12, 24, 791, 42;
3, 201, 9, 115, -842, -21, 14, 785, 37;
10, 209, 17, 165, -771, 28, 40, 815, 68;
0, 199, 8, 53, -860, -29, 0, 778, 32;
2, 203, 12, 68, -822, -3, 11, 794, 48;
4, 206, 15, 68, -799, 12, 17, 804, 59;
0, 202, 11, 12, -831, -8, 0, 790, 45;
0, 203, 12, -7, -826, -4, -3, 793, 47;
3, 209, 18, 24, -770, 32, 15, 816, 71;
-6, 200, 8, -88, -857, -25, -25, 780, 34;
-1, 206, 15, -51, -795, 14, -4, 805, 60;
0, 209, 17, -52, -769, 30, 0, 816, 69;
-5, 204, 13, -122, -812, 0, -22, 797, 51;
-11, 199, 8, -193, -856, -30, -46, 779, 31;
-11, 201, 9, -207, -842, -23, -46, 784, 36;
-10, 203, 11, -211, -818, -9, -42, 794, 44;
-15, 200, 8, -268, -846, -31, -60, 781, 31;
-11, 205, 13, -244, -793, 0, -45, 802, 51;
-13, 205, 12, -270, -790, -1, -50, 802, 50;
-12, 207, 14, -279, -769, 8, -49, 810, 56;
-17, 204, 10, -338, -799, -15, -68, 797, 41;
-11, 212, 18, -291, -722, 31, -43, 828, 70;
-13, 211, 16, -328, -728, 22, -53, 824, 65;
-17, 209, 13, -377, -746, 5, -68, 815, 54;
-15, 212, 16, -372, -710, 23, -61, 829, 65;
-24, 205, 9, -466, -774, -24, -95, 801, 35;
-19, 212, 15, -431, -706, 13, -75, 827, 59;
-19, 213, 15, -447, -692, 17, -77, 832, 61;
-26, 208, 10, -519, -732, -16, -102, 813, 40;
-28, 208, 9, -552, -733, -23, -111, 811, 36;
-26, 212, 12, -540, -689, -2, -101, 827, 49;
-24, 215, 15, -534, -651, 15, -94, 842, 60;
-24, 217, 16, -549, -634, 18, -96, 846, 62;
-30, 213, 11, -615, -668, -11, -118, 830, 43;
-31, 213, 11, -636, -657, -12, -123, 833, 43;
-31, 215, 11, -647, -636, -7, -123, 839, 46;
-28, 220, 15, -630, -586, 16, -111, 858, 61;
-27, 223, 18, -626, -550, 31, -106, 870, 70;
-31, 220, 14, -675, -567, 10, -122, 861, 57;
-30, 223, 16, -672, -532, 23, -117, 873, 65;
-31, 224, 16, -692, -520, 22, -121, 876, 64;
-31, 225, 16, -707, -503, 22, -124, 880, 65;
-34, 225, 15, -737, -501, 13, -132, 878, 59;
-41, 219, 8, -819, -552, -30, -163, 854, 31;
-39, 223, 11, -807, -509, -12, -154, 870, 43;
-34, 230, 17, -764, -435, 25, -133, 898, 66;
-43, 223, 9, -854, -494, -25, -168, 870, 35;
-42, 225, 10, -854, -463, -15, -164, 880, 41;
-38, 231, 14, -825, -404, 11, -150, 902, 58;
-39, 232, 14, -840, -388, 10, -153, 905, 57;
-45, 228, 9, -903, -421, -23, -176, 889, 36;
-47, 227, 7, -927, -415, -32, -183, 888, 31;
-46, 230, 9, -922, -381, -21, -179, 899, 37;
-46, 231, 9, -934, -364, -22, -182, 903, 36;
-41, 238, 14, -894, -296, 10, -163, 928, 57;
-45, 235, 11, -936, -309, -11, -178, 920, 43;
-49, 234, 8, -971, -316, -29, -191, 913, 32;
-44, 240, 12, -936, -254, 0, -175, 936, 50;
-46, 240, 11, -952, -243, -6, -180, 937, 46;
-49, 239, 9, -984, -248, -23, -191, 932, 36;
-49, 240, 9, -989, -227, -22, -192, 937, 36;
-48, 242, 10, -987, -199, -17, -190, 946, 40;
-43, 249, 15, -943, -130, 15, -170, 971, 60;
-50, 244, 9, -1006, -168, -23, -195, 952, 36;
-42, 253, 17, -934, -73, 26, -165, 988, 67;
-50, 247, 9, -1008, -123, -20, -195, 964, 38;
-45, 252, 14, -970, -62, 6, -178, 985, 54;
-48, 251, 11, -993, -63, -7, -188, 982, 46;
-42, 258, 17, -944, 7, 25, -167, 1008, 66;
-47, 255, 13, -983, -10, 0, -183, 997, 51;
-51, 252, 8, -1028, -34, -30, -202, 983, 32;
-50, 255, 9, -1013, 0, -20, -196, 994, 38;
-49, 257, 10, -1004, 28, -15, -192, 1003, 41;
-44, 263, 15, -953, 98, 17, -171, 1028, 61;
-42, 266, 17, -939, 130, 25, -166, 1038, 66;
-45, 264, 14, -961, 125, 8, -176, 1033, 56;
-47, 264, 12, -976, 127, -4, -183, 1030, 48;
-48, 263, 10, -990, 129, -16, -190, 1028, 40;
-47, 266, 12, -970, 164, -6, -183, 1039, 46;
-49, 264, 8, -994, 155, -25, -194, 1032, 35;
-48, 267, 10, -976, 187, -17, -188, 1042, 39;
-49, 266, 8, -983, 192, -27, -192, 1041, 34;
-49, 267, 8, -979, 209, -29, -192, 1044, 32;
-47, 270, 10, -954, 245, -18, -184, 1056, 39;
-47, 271, 9, -950, 260, -21, -184, 1059, 37;
-45, 274, 11, -926, 294, -10, -176, 1070, 44;
-43, 276, 12, -906, 324, -4, -170, 1079, 48;
-45, 275, 9, -921, 317, -20, -178, 1073, 38;
-41, 280, 13, -873, 373, 3, -161, 1093, 53;
-43, 278, 10, -891, 362, -15, -171, 1086, 41;
-36, 286, 17, -816, 443, 26, -143, 1116, 67;
-38, 285, 14, -825, 439, 11, -149, 1112, 58;
-44, 279, 8, -875, 394, -29, -173, 1090, 32;
-40, 284, 11, -830, 443, -8, -157, 1108, 45;
-38, 286, 13, -803, 473, 0, -149, 1117, 50;
-40, 284, 9, -817, 461, -19, -159, 1109, 38;
-39, 286, 10, -796, 483, -15, -153, 1116, 41;
-35, 290, 13, -751, 528, 3, -138, 1132, 53;
-37, 288, 10, -764, 515, -15, -147, 1124, 41;
-29, 296, 18, -676, 602, 32, -114, 1158, 71;
-34, 292, 12, -710, 566, -1, -133, 1140, 49;
-37, 288, 8, -736, 537, -30, -147, 1126, 32;
-29, 296, 15, -651, 619, 14, -116, 1157, 60;
-29, 296, 14, -641, 624, 8, -116, 1157, 56;
-33, 293, 10, -661, 600, -16, -128, 1145, 40;
-27, 299, 15, -599, 656, 12, -107, 1166, 58;
-25, 300, 16, -569, 678, 18, -99, 1173, 62;
-23, 302, 17, -540, 700, 24, -92, 1180, 66;
-24, 301, 15, -536, 696, 14, -95, 1176, 59;
-28, 297, 10, -564, 659, -18, -111, 1159, 39;
-19, 305, 17, -470, 743, 30, -77, 1192, 70;
-19, 306, 17, -453, 749, 27, -75, 1193, 68;
-18, 306, 17, -434, 757, 26, -71, 1195, 67;
-16, 307, 18, -404, 775, 31, -64, 1200, 70;
-18, 305, 15, -409, 757, 13, -71, 1191, 59;
-17, 306, 15, -387, 765, 13, -67, 1193, 59;
-20, 302, 10, -404, 734, -13, -79, 1179, 42;
-17, 304, 12, -368, 756, -3, -70, 1187, 48;
-14, 307, 14, -321, 786, 11, -56, 1198, 58;
-18, 302, 9, -345, 746, -19, -71, 1180, 38;
-16, 303, 10, -318, 756, -17, -65, 1183, 39;
-8, 311, 17, -226, 831, 28, -32, 1213, 68;
-6, 312, 18, -197, 841, 31, -25, 1217, 70;
-10, 307, 13, -219, 800, 0, -40, 1199, 51;
-9, 307, 13, -196, 802, 0, -36, 1199, 50;
-8, 307, 12, -177, 801, -3, -34, 1198, 48;
-2, 312, 17, -105, 853, 28, -9, 1219, 68;
-4, 309, 14, -108, 827, 9, -17, 1208, 56;
-4, 309, 13, -92, 822, 4, -15, 1205, 53;
0, 311, 15, -47, 843, 17, -2, 1214, 61;
-6, 304, 9, -85, 782, -24, -24, 1188, 35;
1, 311, 15, 0, 844, 16, 5, 1214, 61;
3, 312, 16, 36, 855, 24, 14, 1218, 65;
3, 311, 15, 48, 843, 15, 14, 1213, 60;
0, 307, 11, 34, 804, -9, 3, 1197, 44;
0, 305, 10, 48, 792, -16, 3, 1192, 40;
3, 307, 12, 90, 807, -5, 14, 1199, 47;
7, 310, 14, 140, 830, 11, 29, 1209, 57;
8, 309, 14, 159, 821, 7, 32, 1206, 55;
3, 302, 7, 123, 758, -32, 11, 1180, 30;
9, 307, 13, 199, 806, 2, 37, 1201, 52;
11, 308, 14, 230, 808, 6, 45, 1202, 54;
16, 311, 17, 285, 835, 27, 62, 1214, 68;
10, 304, 10, 243, 763, -16, 39, 1185, 40;
10, 302, 9, 254, 745, -24, 39, 1179, 35;
14, 305, 12, 307, 767, -5, 55, 1189, 47;
16, 306, 13, 345, 775, 4, 65, 1193, 53;
14, 302, 10, 334, 734, -18, 56, 1178, 39;
16, 302, 11, 366, 736, -12, 64, 1180, 43;
16, 300, 9, 376, 714, -20, 62, 1172, 37;
19, 302, 11, 417, 724, -8, 74, 1178, 45;
20, 301, 11, 440, 716, -7, 79, 1176, 46;
21, 300, 11, 460, 704, -8, 82, 1173, 45;
19, 297, 8, 452, 665, -28, 74, 1158, 33;
21, 297, 10, 489, 670, -18, 85, 1162, 39;
27, 301, 14, 552, 701, 10, 106, 1177, 57;
31, 304, 17, 603, 720, 30, 122, 1186, 69;
24, 295, 10, 550, 635, -18, 96, 1153, 39;
33, 302, 17, 642, 694, 29, 129, 1180, 69;
29, 297, 13, 619, 640, 1, 115, 1159, 51;
28, 294, 11, 620, 608, -10, 111, 1148, 44;
28, 293, 10, 632, 588, -15, 112, 1142, 41;
34, 296, 14, 691, 615, 11, 132, 1155, 58;
32, 293, 12, 685, 577, -3, 126, 1142, 48;
31, 290, 10, 683, 543, -16, 121, 1131, 40;
30, 287, 8, 685, 513, -26, 118, 1121, 34;
30, 286, 8, 699, 495, -28, 120, 1116, 33;
36, 290, 13, 761, 525, 2, 142, 1131, 52;
36, 288, 12, 769, 502, -2, 142, 1124, 49;
40, 290, 16, 816, 518, 18, 158, 1133, 62;
34, 282, 9, 767, 438, -23, 135, 1103, 36;
38, 284, 12, 810, 449, -4, 149, 1110, 48;
35, 280, 8, 790, 399, -26, 138, 1092, 34;
41, 284, 14, 852, 430, 5, 160, 1108, 54;
37, 278, 9, 819, 367, -24, 144, 1085, 36;
45, 284, 16, 904, 422, 24, 177, 1111, 66;
41, 279, 12, 877, 365, -1, 163, 1090, 50;
43, 279, 13, 896, 355, 4, 168, 1089, 53;
43, 277, 13, 901, 331, 0, 168, 1082, 51;
44, 277, 14, 920, 321, 6, 173, 1081, 55;
42, 273, 11, 908, 281, -7, 166, 1068, 46;
44, 273, 13, 927, 273, 0, 173, 1067, 51;
40, 268, 8, 895, 213, -26, 158, 1046, 34;
40, 267, 8, 903, 193, -26, 159, 1041, 34;
41, 265, 8, 910, 174, -26, 160, 1036, 34;
44, 267, 12, 946, 184, -6, 174, 1044, 47;
44, 266, 11, 950, 162, -7, 174, 1038, 46;
46, 266, 13, 971, 158, 3, 182, 1040, 53;
50, 268, 16, 1006, 169, 23, 195, 1048, 65;
48, 265, 15, 993, 132, 12, 189, 1036, 59;
46, 261, 12, 971, 86, -3, 179, 1020, 48;
43, 257, 9, 945, 37, -22, 168, 1003, 36;
44, 257, 10, 960, 30, -14, 174, 1003, 42;
49, 261, 15, 1009, 57, 17, 194, 1018, 62;
42, 252, 8, 939, -33, -29, 165, 984, 32;
49, 258, 15, 1007, 13, 15, 193, 1007, 60;
49, 256, 15, 1001, -12, 12, 191, 1000, 58;
44, 250, 10, 959, -74, -15, 173, 977, 41;
47, 252, 14, 989, -62, 6, 186, 985, 54;
50, 254, 16, 1013, -56, 23, 197, 991, 65;
42, 244, 8, 932, -154, -27, 164, 954, 33;
43, 245, 10, 944, -159, -17, 170, 956, 40;
43, 243, 10, 940, -179, -16, 169, 951, 40;
51, 250, 18, 1009, -125, 32, 199, 976, 70;
40, 239, 8, 910, -239, -30, 159, 932, 32;
48, 246, 16, 982, -181, 21, 190, 960, 64;
45, 241, 13, 942, -234, 0, 175, 941, 50;
40, 236, 9, 897, -290, -25, 158, 921, 35;
45, 239, 13, 935, -264, 5, 176, 935, 54;
46, 240, 15, 942, -268, 15, 181, 936, 60;
40, 233, 9, 876, -344, -22, 156, 908, 37;
41, 233, 11, 882, -348, -12, 160, 910, 43;
40, 232, 11, 873, -365, -10, 159, 906, 44;
40, 231, 11, 868, -377, -6, 159, 904, 46;
46, 236, 17, 913, -339, 30, 181, 923, 70;
37, 227, 9, 824, -435, -21, 146, 886, 37;
38, 227, 11, 827, -437, -10, 150, 888, 44;
35, 224, 9, 792, -477, -25, 139, 874, 35;
34, 222, 8, 773, -499, -29, 134, 868, 32;
42, 230, 16, 839, -436, 24, 164, 897, 66;
34, 221, 9, 758, -520, -20, 134, 865, 38;
39, 226, 15, 797, -482, 15, 154, 883, 60;
36, 223, 13, 760, -519, 2, 142, 871, 52;
30, 217, 8, 694, -585, -31, 118, 846, 31;
32, 218, 10, 702, -576, -15, 125, 852, 41;
28, 214, 7, 659, -617, -32, 112, 838, 30;
34, 220, 14, 702, -571, 7, 133, 859, 55;
33, 220, 14, 689, -581, 10, 132, 858, 57;
36, 222, 18, 702, -563, 31, 141, 867, 70;
35, 221, 17, 681, -579, 30, 137, 863, 69;
27, 213, 10, 594, -660, -15, 105, 831, 41;
26, 213, 11, 580, -667, -11, 104, 831, 43;
24, 210, 9, 548, -692, -19, 95, 822, 38;
24, 211, 11, 540, -692, -11, 96, 824, 43;
27, 213, 14, 549, -674, 8, 105, 834, 56;
20, 207, 8, 476, -737, -26, 79, 810, 34;
25, 213, 15, 515, -688, 13, 100, 832, 59;
25, 213, 15, 496, -695, 15, 97, 830, 60;
19, 207, 10, 431, -748, -13, 75, 810, 42;
15, 204, 8, 384, -782, -30, 61, 797, 32;
21, 211, 15, 427, -725, 13, 84, 822, 59;
21, 211, 16, 416, -723, 20, 84, 825, 63;
22, 212, 17, 407, -716, 30, 86, 829, 69;
15, 206, 12, 331, -777, -5, 59, 805, 47;
19, 211, 17, 360, -731, 29, 77, 825, 69;
19, 211, 18, 340, -734, 32, 74, 825, 70;
16, 210, 16, 305, -751, 24, 65, 819, 66;
7, 201, 9, 207, -831, -25, 30, 786, 35;
14, 209, 16, 257, -761, 24, 56, 816, 66;
12, 207, 15, 221, -778, 16, 46, 810, 61;
13, 209, 17, 217, -761, 30, 50, 818, 69;
4, 202, 10, 122, -835, -17, 16, 787, 40;
9, 207, 16, 152, -783, 19, 35, 810, 63;
2, 201, 10, 75, -839, -15, 8, 787, 41;
2, 202, 11, 60, -830, -9, 8, 791, 45;
-1, 200, 8, 10, -857, -25, -6, 780, 34;
1, 204, 13, 31, -812, 4, 7, 799, 53;
1, 205, 14, 16, -803, 10, 6, 802, 57;
0, 204, 13, -18, -813, 4, -2, 798, 53;
-4, 202, 11, -67, -836, -12, -16, 788, 43;
-1, 206, 15, -55, -799, 12, -6, 804, 58;
-6, 203, 11, -110, -827, -8, -23, 792, 45;
-5, 204, 13, -122, -812, 0, -22, 798, 51;
-3, 208, 16, -115, -778, 21, -14, 811, 64;
-5, 208, 16, -142, -777, 19, -19, 811, 63;
-6, 207, 15, -170, -777, 17, -25, 810, 61;
-6, 209, 16, -186, -764, 22, -27, 815, 65;
-12, 204, 11, -256, -805, -7, -50, 797, 46;
-8, 210, 17, -223, -743, 29, -31, 822, 69;
-16, 204, 10, -312, -802, -13, -62, 796, 42;
-18, 203, 9, -347, -808, -21, -72, 793, 37;
-13, 209, 15, -317, -747, 14, -54, 817, 60;
-12, 212, 17, -317, -717, 29, -49, 828, 69;
-13, 212, 17, -342, -711, 28, -54, 829, 68;
-17, 210, 14, -390, -729, 11, -69, 821, 57;
-18, 211, 14, -412, -720, 11, -73, 823, 58;
-20, 210, 13, -445, -721, 4, -81, 821, 53;
-18, 214, 17, -432, -677, 27, -71, 838, 67;
-28, 206, 7, -544, -757, -32, -112, 803, 30;
-23, 213, 14, -504, -684, 8, -91, 831, 56;
-24, 213, 14, -526, -675, 7, -95, 833, 55;
-30, 209, 9, -594, -711, -24, -119, 816, 35;
-26, 215, 14, -566, -651, 7, -102, 839, 55;
-24, 219, 17, -557, -610, 27, -94, 854, 67;
-33, 211, 9, -653, -674, -24, -130, 826, 36;
-29, 217, 13, -631, -620, 3, -116, 846, 52;
-33, 215, 11, -672, -628, -11, -129, 840, 43;
-28, 221, 16, -640, -564, 21, -112, 864, 64;
-38, 214, 7, -739, -632, -32, -149, 834, 30;
-35, 218, 11, -719, -579, -7, -136, 854, 46;
-38, 217, 9, -761, -589, -23, -150, 847, 36;
-38, 219, 10, -765, -562, -16, -148, 856, 40;
-37, 221, 11, -771, -535, -8, -146, 864, 45;
-41, 220, 8, -811, -544, -25, -160, 858, 35;
-38, 223, 11, -799, -501, -7, -151, 873, 46;
-42, 222, 9, -841, -511, -25, -165, 866, 35;
-39, 227, 12, -818, -458, -1, -153, 885, 50;
-40, 227, 12, -835, -444, -3, -157, 888, 48;
-38, 231, 14, -828, -406, 9, -151, 901, 57;
-42, 228, 11, -872, -420, -11, -166, 892, 43;
-45, 227, 9, -904, -422, -24, -176, 888, 35;
-41, 233, 13, -873, -362, 3, -161, 910, 53;
-43, 233, 12, -894, -353, -3, -167, 911, 49;
-40, 238, 15, -873, -303, 18, -156, 929, 62;
-42, 237, 13, -901, -302, 5, -166, 926, 54;
-47, 234, 9, -951, -324, -21, -184, 913, 37;
-45, 237, 11, -942, -287, -10, -179, 925, 44;
-43, 241, 14, -925, -242, 6, -170, 941, 55;
-44, 242, 13, -937, -228, 3, -173, 944, 53;
-45, 242, 12, -954, -219, -3, -179, 944, 48;
-49, 240, 9, -986, -224, -20, -191, 938, 38;
-48, 242, 10, -987, -200, -17, -190, 945, 39;
-42, 250, 17, -928, -115, 25, -164, 977, 66;
-45, 249, 14, -957, -120, 8, -175, 972, 56;
-42, 252, 16, -938, -77, 23, -167, 986, 65;
-46, 251, 13, -970, -85, 4, -179, 979, 53;
-43, 255, 16, -949, -41, 20, -170, 994, 63;
-44, 255, 15, -958, -28, 15, -173, 996, 60;
-41, 259, 18, -934, 17, 32, -163, 1012, 70;
-51, 251, 9, -1021, -48, -25, -199, 981, 35;
-50, 253, 9, -1015, -21, -21, -196, 989, 37;
-44, 260, 15, -959, 54, 15, -173, 1017, 60;
-46, 259, 13, -980, 52, 0, -182, 1013, 51;
-45, 262, 14, -962, 89, 11, -175, 1024, 58;
-51, 257, 8, -1022, 47, -30, -201, 1004, 32;
-48, 261, 10, -993, 93, -13, -189, 1019, 42;
-51, 260, 8, -1014, 89, -29, -199, 1014, 32;
-41, 271, 17, -921, 198, 30, -161, 1056, 69;
-49, 263, 9, -994, 140, -22, -193, 1029, 37;
-45, 268, 13, -955, 193, 0, -178, 1048, 51;
-41, 274, 17, -909, 253, 26, -160, 1069, 67;
-41, 274, 16, -909, 266, 21, -162, 1071, 64;
-47, 269, 10, -963, 224, -18, -186, 1051, 39;
-46, 271, 11, -945, 255, -11, -180, 1060, 43;
-39, 279, 17, -873, 337, 30, -152, 1091, 69;
-45, 274, 10, -930, 290, -13, -178, 1068, 42;
-44, 275, 11, -918, 312, -12, -175, 1074, 43;
-43, 277, 11, -903, 335, -8, -171, 1081, 45;
-44, 277, 10, -901, 345, -14, -173, 1082, 41;
-41, 281, 13, -863, 390, 2, -160, 1097, 52;
-44, 278, 9, -888, 371, -21, -173, 1087, 37;
-41, 282, 11, -855, 409, -8, -162, 1099, 45;
-39, 284, 13, -830, 438, 0, -155, 1109, 50;
-40, 284, 11, -828, 444, -7, -157, 1108, 46;
-39, 285, 11, -814, 461, -7, -154, 1112, 46;
-33, 291, 17, -750, 527, 25, -131, 1137, 66;
-40, 285, 9, -803, 476, -20, -156, 1113, 38;
-37, 288, 11, -768, 511, -7, -145, 1125, 46;
-39, 286, 8, -780, 499, -25, -154, 1117, 34;
-39, 286, 8, -771, 507, -30, -154, 1118, 31;
-37, 289, 9, -740, 536, -21, -145, 1128, 37;
-28, 298, 17, -646, 627, 29, -110, 1163, 69;
-31, 295, 13, -665, 604, 4, -122, 1151, 54;
-26, 300, 17, -610, 655, 29, -103, 1170, 69;
-27, 299, 16, -607, 654, 19, -106, 1167, 63;
-32, 293, 9, -649, 605, -21, -128, 1145, 37;
-30, 295, 10, -619, 629, -14, -120, 1153, 42;
-32, 293, 8, -622, 618, -29, -126, 1146, 32;
-24, 301, 14, -540, 692, 11, -96, 1175, 58;
-28, 297, 10, -563, 660, -17, -111, 1159, 40;
-20, 305, 17, -475, 738, 27, -79, 1190, 67;
-21, 303, 14, -478, 724, 11, -85, 1182, 57;
-26, 298, 9, -509, 682, -23, -103, 1163, 36;
-18, 305, 16, -423, 756, 18, -72, 1192, 62;
-24, 299, 9, -464, 702, -23, -94, 1168, 36;
-17, 305, 14, -390, 762, 11, -69, 1192, 57;
-16, 306, 14, -370, 769, 9, -65, 1193, 57;
-13, 308, 16, -325, 798, 24, -52, 1204, 66;
-11, 310, 17, -292, 815, 30, -44, 1210, 70;
-11, 309, 16, -283, 808, 21, -45, 1206, 64;
-16, 303, 10, -319, 755, -18, -65, 1183, 39;
-11, 307, 14, -258, 798, 6, -45, 1200, 55;
-16, 302, 8, -286, 751, -27, -63, 1180, 33;
-14, 303, 9, -255, 763, -23, -55, 1184, 36;
-11, 305, 10, -220, 779, -16, -46, 1189, 40;
-3, 312, 17, -130, 848, 27, -14, 1218, 68;
-4, 310, 15, -122, 835, 16, -17, 1211, 61;
-5, 308, 13, -120, 815, 1, -21, 1203, 51;
-3, 309, 14, -88, 826, 7, -14, 1207, 55;
0, 312, 17, -33, 857, 27, 2, 1220, 67;
-7, 303, 8, -96, 771, -31, -28, 1184, 31;
1, 311, 15, -1, 842, 15, 5, 1213, 60;
-2, 306, 10, -23, 796, -15, -9, 1194, 41;
2, 309, 13, 33, 827, 5, 8, 1207, 54;
4, 310, 14, 66, 835, 11, 16, 1210, 57;
7, 312, 16, 109, 852, 23, 28, 1217, 65;
4, 308, 13, 100, 816, 0, 18, 1203, 51;
10, 313, 18, 169, 859, 31, 42, 1221, 70;
5, 306, 11, 131, 794, -10, 20, 1194, 44;
6, 306, 11, 158, 793, -8, 26, 1195, 45;
13, 311, 17, 235, 842, 25, 52, 1215, 67;
11, 308, 13, 228, 806, 5, 44, 1201, 54;
11, 306, 12, 239, 788, -3, 43, 1195, 48;
11, 305, 11, 254, 774, -9, 44, 1190, 45;
8, 301, 7, 243, 733, -32, 34, 1174, 30;
17, 308, 15, 337, 798, 14, 68, 1202, 60;
14, 303, 10, 319, 749, -13, 55, 1183, 42;
16, 304, 12, 358, 758, -2, 65, 1187, 49;
15, 301, 10, 361, 730, -15, 61, 1177, 41;
22, 307, 16, 438, 776, 20, 88, 1198, 63;
20, 302, 12, 424, 732, -3, 78, 1181, 48;
18, 299, 9, 420, 696, -21, 71, 1167, 37;
23, 303, 14, 484, 728, 7, 92, 1183, 55;
19, 296, 8, 451, 664, -29, 74, 1157, 32;
21, 298, 10, 490, 670, -17, 85, 1162, 39;
21, 295, 8, 496, 645, -27, 83, 1153, 34;
21, 294, 8, 511, 628, -30, 84, 1148, 31;
32, 303, 18, 626, 711, 32, 127, 1184, 70;
26, 295, 11, 579, 632, -12, 103, 1154, 43;
32, 300, 16, 648, 669, 20, 128, 1171, 64;
34, 299, 16, 671, 659, 23, 133, 1169, 65;
31, 295, 13, 657, 613, 1, 123, 1153, 51;
30, 292, 11, 654, 579, -12, 117, 1140, 43;
30, 290, 10, 664, 556, -18, 117, 1133, 39;
32, 291, 11, 697, 557, -7, 127, 1136, 46;
39, 296, 18, 773, 601, 31, 155, 1157, 70;
32, 287, 10, 713, 510, -18, 126, 1122, 39;
31, 284, 8, 713, 477, -29, 122, 1111, 32;
39, 291, 15, 800, 533, 18, 155, 1137, 62;
42, 292, 17, 833, 534, 29, 165, 1140, 69;
37, 286, 12, 797, 468, -3, 147, 1115, 48;
39, 285, 13, 820, 459, 2, 153, 1114, 52;
39, 283, 12, 824, 433, -3, 152, 1106, 48;
44, 287, 17, 885, 463, 27, 174, 1122, 68;
36, 278, 9, 818, 366, -24, 144, 1085, 35;
40, 280, 12, 861, 379, -4, 159, 1093, 48;
45, 282, 16, 908, 396, 19, 176, 1103, 63;
45, 281, 16, 920, 379, 20, 178, 1099, 63;
44, 279, 14, 916, 346, 10, 174, 1088, 57;
45, 278, 14, 928, 329, 12, 177, 1084, 58;
45, 276, 14, 930, 303, 7, 176, 1077, 55;
44, 273, 12, 924, 269, -2, 171, 1066, 49;
41, 269, 9, 904, 221, -20, 161, 1050, 37;
45, 271, 13, 946, 237, 2, 177, 1059, 52;
44, 269, 12, 945, 209, -2, 175, 1051, 49;
43, 266, 11, 937, 175, -12, 170, 1040, 43;
50, 271, 17, 1002, 215, 27, 196, 1060, 68;
49, 269, 16, 1000, 187, 22, 194, 1052, 65;
46, 265, 13, 972, 135, 1, 181, 1034, 51;
48, 265, 15, 995, 134, 14, 190, 1036, 59;
49, 264, 15, 998, 113, 14, 191, 1031, 59;
51, 265, 18, 1026, 118, 31, 202, 1037, 70;
47, 260, 13, 989, 59, 5, 186, 1016, 54;
43, 255, 10, 954, 2, -19, 171, 995, 39;
44, 254, 10, 956, -16, -17, 172, 991, 39;
42, 251, 9, 945, -48, -25, 167, 981, 35;
43, 251, 9, 950, -63, -21, 169, 978, 37;
47, 253, 13, 988, -44, 4, 185, 989, 53;
46, 251, 12, 974, -76, -3, 180, 980, 48;
45, 248, 11, 962, -106, -9, 176, 970, 44;
41, 244, 8, 927, -159, -30, 162, 952, 31;
49, 251, 16, 1002, -101, 21, 194, 979, 64;
44, 244, 11, 947, -172, -12, 172, 954, 43;
43, 243, 10, 941, -193, -13, 171, 948, 42;
50, 248, 17, 996, -152, 27, 195, 968, 68;
47, 244, 15, 970, -193, 13, 185, 955, 59;
49, 245, 17, 981, -195, 25, 191, 957, 66;
48, 244, 16, 972, -216, 24, 189, 952, 66;
39, 234, 8, 881, -319, -30, 153, 912, 31;
42, 235, 11, 900, -310, -12, 163, 919, 43;
41, 234, 11, 892, -329, -11, 162, 915, 43;
47, 240, 17, 945, -285, 29, 186, 936, 69;
47, 238, 17, 932, -306, 28, 183, 930, 68;
38, 229, 9, 841, -404, -24, 148, 893, 35;
40, 230, 11, 855, -398, -8, 156, 898, 45;
45, 235, 17, 901, -358, 30, 178, 918, 69;
38, 228, 11, 830, -434, -8, 152, 889, 45;
42, 231, 15, 855, -413, 16, 165, 901, 61;
37, 225, 11, 801, -471, -10, 145, 880, 44;
35, 223, 10, 777, -498, -16, 139, 871, 40;
39, 227, 15, 808, -470, 13, 155, 886, 59;
37, 224, 13, 779, -500, 3, 146, 876, 53;
32, 219, 9, 719, -560, -25, 125, 854, 35;
38, 225, 16, 772, -508, 20, 150, 878, 63;
36, 222, 14, 739, -539, 9, 141, 868, 56;
38, 224, 17, 750, -526, 28, 149, 876, 68;
31, 217, 11, 673, -601, -12, 121, 847, 43;
37, 223, 18, 720, -549, 31, 145, 871, 70;
31, 217, 12, 652, -613, -1, 121, 846, 49;
26, 212, 9, 599, -662, -24, 103, 829, 35;
27, 214, 11, 601, -653, -10, 108, 834, 44;
30, 217, 15, 617, -630, 13, 119, 846, 59;
29, 215, 14, 593, -647, 10, 114, 841, 57;
30, 216, 16, 590, -642, 21, 117, 845, 64;
25, 212, 13, 537, -686, 0, 100, 829, 51;
29, 216, 17, 562, -651, 30, 115, 845, 69;
28, 216, 18, 541, -661, 31, 111, 843, 70;
22, 210, 13, 474, -717, 0, 88, 821, 51;
19, 207, 10, 428, -751, -15, 74, 809, 41;
23, 211, 15, 453, -713, 15, 90, 826, 60;
23, 212, 17, 444, -708, 24, 91, 829, 66;
14, 204, 9, 350, -789, -23, 57, 797, 36;
15, 206, 11, 345, -778, -11, 60, 803, 43;
18, 209, 15, 357, -751, 12, 70, 816, 58;
20, 211, 17, 362, -729, 30, 78, 826, 70;
12, 204, 11, 274, -800, -11, 47, 797, 43;
8, 201, 8, 223, -833, -29, 31, 785, 32;
12, 206, 13, 250, -787, 4, 48, 805, 53;
7, 202, 10, 193, -826, -18, 29, 789, 39;
6, 202, 10, 167, -831, -19, 24, 788, 39;
3, 200, 8, 126, -852, -30, 13, 780, 32;
11, 209, 17, 189, -768, 27, 44, 815, 68;
6, 205, 13, 129, -806, 4, 25, 800, 53;
3, 202, 11, 84, -829, -9, 12, 791, 45;
7, 208, 17, 112, -779, 25, 29, 812, 66;
0, 201, 10, 26, -841, -15, 0, 787, 41;
-2, 200, 9, -10, -855, -23, -10, 781, 36;
0, 205, 14, 9, -810, 6, 3, 800, 54;
3, 208, 17, 17, -777, 28, 12, 813, 68;
2, 208, 17, -6, -775, 28, 8, 814, 68;
0, 208, 17, -33, -776, 27, 3, 813, 67;
-2, 206, 15, -74, -791, 16, -8, 807, 61;
-4, 206, 14, -108, -798, 10, -16, 803, 57;
-7, 204, 12, -149, -812, -1, -28, 797, 50;
-5, 208, 16, -141, -776, 20, -19, 811, 63;
-6, 207, 15, -172, -779, 15, -26, 810, 60;
-5, 210, 17, -174, -752, 30, -22, 820, 70;
-11, 205, 12, -246, -795, -1, -46, 801, 50;
-12, 206, 13, -265, -785, 1, -49, 804, 52;
-11, 208, 15, -269, -759, 15, -45, 814, 60;
-13, 208, 15, -297, -757, 12, -51, 814, 58;
-17, 205, 11, -354, -785, -10, -69, 802, 44;
-14, 210, 16, -334, -734, 18, -56, 821, 62;
-15, 210, 15, -361, -730, 15, -62, 822, 60;
-21, 206, 10, -430, -768, -15, -85, 804, 41;
-21, 208, 12, -437, -745, -5, -83, 813, 47;
-18, 212, 15, -424, -700, 18, -72, 830, 62;
-22, 210, 13, -470, -715, 2, -87, 822, 52;
-25, 209, 11, -511, -724, -10, -99, 817, 44;
-23, 212, 13, -508, -689, 5, -92, 829, 54;
-30, 208, 8, -579, -728, -27, -117, 811, 33;
-26, 213, 13, -556, -673, 1, -103, 832, 51;
-29, 212, 11, -597, -682, -12, -115, 827, 43;
-30, 212, 10, -619, -671, -14, -120, 829, 42;
-29, 215, 13, -615, -635, 1, -114, 842, 51;
-32, 214, 11, -653, -642, -11, -125, 837, 43;
-33, 215, 10, -675, -631, -13, -130, 839, 42;
-37, 213, 7, -721, -645, -32, -145, 831, 30;
-28, 224, 17, -644, -536, 30, -109, 874, 70;
-36, 217, 10, -731, -591, -15, -141, 848, 41;
-39, 216, 8, -766, -594, -27, -152, 845, 34;
-32, 225, 16, -711, -508, 19, -125, 878, 63;
-32, 226, 16, -721, -486, 24, -126, 885, 65;
-39, 221, 10, -796, -529, -15, -153, 864, 41;
-42, 220, 8, -832, -533, -29, -165, 860, 32;
-34, 230, 17, -765, -435, 25, -134, 897, 66;
-36, 229, 15, -792, -432, 16, -142, 896, 61;
-40, 227, 12, -838, -446, -5, -158, 887, 47;
-43, 226, 9, -874, -452, -20, -170, 882, 38;
-35, 235, 18, -807, -355, 32, -139, 919, 71;
-43, 229, 11, -885, -403, -11, -169, 896, 43;
-46, 228, 8, -918, -407, -26, -180, 892, 34;
-43, 232, 11, -900, -359, -7, -170, 908, 46;
-46, 231, 9, -932, -362, -21, -181, 904, 37;
-45, 234, 10, -932, -333, -15, -179, 913, 41;
-46, 235, 10, -942, -315, -15, -181, 917, 41;
-46, 237, 11, -946, -291, -12, -180, 924, 43;
-42, 242, 14, -918, -236, 11, -167, 944, 58;
-48, 238, 10, -970, -261, -18, -187, 930, 39;
-47, 241, 11, -965, -229, -10, -183, 940, 44;
-47, 242, 11, -968, -206, -8, -183, 946, 45;
-46, 244, 12, -966, -178, -3, -181, 954, 48;
-42, 250, 17, -927, -114, 25, -164, 977, 67;
-51, 242, 7, -1018, -181, -31, -200, 946, 31;
-46, 249, 13, -969, -107, 3, -179, 974, 53;
-47, 249, 12, -987, -102, -6, -186, 972, 46;
-45, 252, 14, -969, -61, 6, -178, 986, 55;
-44, 255, 15, -959, -29, 14, -173, 996, 60;
-49, 252, 10, -1002, -50, -13, -191, 984, 42;
-48, 254, 11, -995, -22, -8, -188, 992, 45;
-51, 252, 8, -1026, -32, -28, -201, 984, 33;
-46, 258, 13, -978, 35, 2, -181, 1009, 52;
-50, 256, 9, -1013, 19, -21, -196, 999, 37;
-48, 259, 11, -991, 60, -7, -187, 1013, 46;
-42, 266, 17, -936, 133, 27, -165, 1040, 68;
-42, 267, 16, -937, 149, 24, -166, 1043, 66;
-43, 267, 15, -943, 160, 17, -169, 1044, 62;
-47, 264, 11, -978, 141, -8, -185, 1033, 45;
-46, 266, 12, -969, 165, -5, -182, 1039, 47;
-49, 265, 9, -988, 161, -21, -191, 1034, 37;
-48, 266, 9, -979, 183, -19, -189, 1040, 38;
-48, 268, 9, -971, 204, -19, -187, 1046, 38;
-49, 267, 8, -979, 209, -29, -192, 1044, 32;
-42, 275, 14, -911, 289, 10, -166, 1074, 57;
-40, 278, 16, -885, 325, 22, -157, 1086, 64;
-44, 275, 12, -918, 302, -6, -173, 1073, 47;
-46, 273, 9, -936, 293, -24, -183, 1067, 35;
-43, 277, 11, -901, 337, -7, -170, 1082, 46;
-44, 277, 10, -902, 344, -15, -173, 1081, 41;
-46, 276, 8, -913, 340, -30, -180, 1077, 32;
-35, 287, 18, -809, 450, 31, -140, 1119, 70;
-42, 280, 10, -865, 399, -14, -166, 1095, 41;
-40, 283, 11, -840, 429, -6, -159, 1105, 46;
-38, 286, 13, -810, 463, 4, -149, 1116, 53;
-36, 288, 15, -782, 494, 13, -141, 1126, 59;
-38, 287, 12, -794, 484, -3, -149, 1119, 48;
-40, 284, 9, -809, 470, -24, -159, 1110, 35;
-37, 288, 11, -772, 507, -9, -147, 1123, 44;
-39, 286, 9, -777, 502, -23, -153, 1119, 36;
-38, 288, 9, -756, 522, -20, -148, 1124, 38;
-37, 289, 9, -742, 534, -22, -146, 1127, 36;
-31, 295, 14, -674, 599, 10, -122, 1151, 57;
-34, 292, 11, -691, 579, -12, -133, 1141, 43;
-32, 293, 11, -669, 597, -9, -127, 1146, 45;
-31, 295, 12, -645, 615, -6, -122, 1151, 47;
-29, 296, 12, -620, 635, -2, -116, 1157, 49;
-31, 294, 10, -626, 622, -19, -123, 1149, 39;
-31, 295, 9, -612, 628, -23, -122, 1150, 36;
-31, 294, 7, -605, 627, -32, -123, 1147, 31;
-27, 298, 11, -556, 667, -12, -108, 1162, 42;
-22, 303, 15, -491, 722, 16, -85, 1183, 61;
-19, 305, 16, -458, 744, 24, -77, 1191, 66;
-19, 305, 15, -447, 744, 17, -77, 1189, 61;
-24, 300, 10, -478, 701, -17, -95, 1170, 40;
-25, 298, 8, -473, 693, -29, -98, 1165, 32;
-15, 307, 16, -373, 779, 22, -61, 1199, 65;
-22, 300, 9, -422, 716, -24, -87, 1172, 35;
-15, 307, 15, -343, 781, 12, -59, 1197, 58;
-19, 302, 9, -370, 737, -21, -76, 1178, 37;
-13, 307, 14, -302, 789, 8, -53, 1198, 56;
-18, 301, 8, -334, 740, -27, -71, 1177, 33;
-15, 304, 10, -293, 763, -16, -60, 1185, 40;
-11, 307, 13, -241, 797, 2, -44, 1198, 52;
-13, 304, 10, -245, 774, -16, -51, 1188, 40;
-6, 310, 16, -168, 830, 18, -25, 1211, 62;
-9, 306, 11, -185, 793, -8, -37, 1195, 45;
-11, 303, 8, -186, 771, -26, -43, 1185, 34;
-1, 312, 17, -83, 852, 26, -6, 1218, 67;
0, 313, 18, -50, 864, 32, 1, 1222, 71;
-7, 304, 9, -111, 780, -24, -29, 1187, 35;
-4, 306, 11, -65, 802, -10, -15, 1196, 44;
-4, 305, 9, -55, 788, -20, -17, 1190, 38;
-1, 307, 11, -13, 806, -8, -5, 1198, 45;
-2, 304, 8, -14, 780, -26, -11, 1187, 34;
-1, 304, 9, 14, 784, -22, -5, 1189, 36;
-1, 303, 8, 26, 769, -31, -5, 1183, 31;
3, 307, 11, 88, 804, -7, 13, 1198, 46;
7, 309, 14, 134, 824, 7, 27, 1206, 55;
10, 312, 16, 184, 847, 24, 42, 1216, 66;
4, 304, 9, 137, 772, -22, 17, 1186, 36;
10, 308, 13, 202, 809, 4, 39, 1202, 53;
10, 306, 12, 216, 794, -2, 39, 1197, 49;
12, 308, 14, 256, 805, 7, 50, 1202, 55;
17, 311, 18, 316, 836, 31, 69, 1216, 70;
12, 304, 11, 277, 768, -9, 48, 1188, 45;
19, 310, 17, 355, 816, 26, 75, 1209, 67;
12, 301, 9, 300, 731, -25, 47, 1175, 35;
22, 309, 18, 408, 808, 31, 86, 1208, 70;
19, 305, 13, 390, 759, 3, 74, 1189, 53;
15, 300, 9, 374, 712, -22, 62, 1171, 37;
15, 298, 8, 382, 689, -31, 60, 1163, 31;
25, 306, 16, 487, 763, 23, 98, 1195, 65;
18, 297, 8, 432, 676, -27, 71, 1161, 33;
20, 298, 10, 467, 679, -18, 80, 1164, 39;
20, 296, 8, 475, 656, -27, 79, 1156, 34;
27, 302, 15, 558, 707, 14, 109, 1179, 59;
29, 301, 15, 581, 698, 15, 113, 1177, 60;
27, 298, 13, 578, 663, 0, 108, 1165, 51;
25, 294, 10, 570, 623, -18, 100, 1150, 39;
34, 302, 18, 665, 685, 31, 134, 1178, 70;
27, 293, 10, 611, 600, -16, 108, 1145, 40;
36, 300, 17, 699, 656, 29, 140, 1170, 69;
27, 289, 8, 628, 552, -29, 107, 1130, 32;
27, 288, 8, 643, 535, -31, 109, 1125, 31;
33, 292, 12, 706, 566, -1, 131, 1140, 50;
30, 287, 8, 681, 509, -29, 117, 1119, 32;
40, 295, 17, 786, 583, 29, 157, 1152, 69;
40, 293, 17, 797, 561, 26, 157, 1146, 67;
35, 286, 11, 757, 490, -10, 137, 1119, 44;
41, 291, 16, 822, 524, 22, 161, 1136, 65;
42, 290, 16, 838, 509, 23, 164, 1132, 65;
35, 282, 9, 785, 425, -20, 139, 1100, 37;
40, 285, 13, 837, 445, 4, 157, 1111, 53;
45, 288, 17, 888, 467, 30, 176, 1123, 69;
39, 280, 11, 838, 386, -11, 152, 1093, 43;
38, 277, 9, 838, 356, -19, 149, 1083, 38;
40, 278, 11, 866, 354, -8, 158, 1086, 45;
39, 275, 10, 861, 320, -19, 154, 1074, 39;
43, 278, 14, 909, 339, 5, 171, 1085, 54;
45, 278, 15, 932, 334, 15, 179, 1086, 60;
48, 279, 17, 960, 333, 27, 188, 1089, 68;
43, 273, 12, 921, 266, -3, 170, 1065, 48;
41, 268, 9, 901, 219, -22, 160, 1048, 36;
43, 269, 11, 926, 216, -11, 168, 1051, 44;
43, 268, 11, 933, 197, -10, 170, 1046, 44;
42, 265, 9, 925, 163, -20, 165, 1035, 38;
41, 263, 8, 919, 132, -27, 162, 1025, 33;
41, 261, 8, 921, 109, -29, 161, 1019, 32;
43, 261, 9, 938, 101, -21, 167, 1019, 37;
48, 265, 15, 992, 131, 12, 189, 1035, 58;
42, 258, 8, 938, 54, -25, 166, 1007, 35;
50, 264, 16, 1012, 104, 21, 196, 1031, 64;
47, 260, 13, 989, 59, 5, 186, 1016, 54;
44, 255, 10, 956, 4, -17, 172, 996, 39;
48, 258, 14, 998, 25, 10, 189, 1008, 57;
45, 254, 11, 972, -21, -7, 178, 992, 46;
49, 257, 15, 1010, -3, 18, 194, 1003, 62;
44, 250, 10, 957, -75, -15, 173, 977, 41;
47, 252, 13, 983, -68, 2, 184, 983, 52;
41, 245, 7, 928, -141, -32, 162, 956, 30;
50, 253, 17, 1014, -72, 26, 198, 988, 67;
45, 246, 11, 959, -144, -7, 176, 962, 46;
41, 242, 8, 923, -195, -28, 162, 944, 33;
46, 246, 13, 968, -166, 4, 182, 959, 53;
41, 239, 9, 917, -231, -25, 162, 935, 35;
40, 237, 8, 903, -260, -31, 157, 927, 31;
48, 244, 16, 975, -201, 21, 189, 955, 64;
48, 244, 17, 975, -213, 26, 190, 953, 67;
43, 237, 12, 917, -282, -6, 168, 928, 46;
46, 240, 15, 946, -264, 18, 182, 938, 62;
44, 237, 13, 915, -305, 3, 171, 924, 53;
45, 237, 15, 922, -308, 14, 177, 927, 60;
43, 234, 13, 897, -341, 4, 168, 916, 53;
45, 236, 16, 910, -336, 20, 176, 921, 63;
39, 229, 11, 850, -403, -11, 154, 896, 43;
40, 230, 12, 854, -404, 0, 159, 899, 50;
43, 232, 16, 873, -391, 20, 169, 907, 63;
37, 226, 10, 808, -460, -14, 145, 881, 41;
42, 230, 16, 847, -426, 20, 164, 898, 63;
40, 228, 15, 826, -449, 15, 159, 892, 60;
40, 227, 15, 814, -463, 17, 158, 889, 61;
37, 224, 13, 773, -506, 0, 144, 874, 51;
36, 223, 13, 761, -518, 2, 142, 871, 52;
30, 217, 7, 694, -586, -31, 118, 846, 31;
33, 219, 11, 709, -569, -10, 128, 855, 44;
29, 215, 8, 662, -614, -30, 113, 839, 32;
38, 224, 18, 738, -535, 31, 148, 874, 70;
28, 214, 9, 637, -632, -23, 110, 836, 36;
29, 215, 11, 636, -630, -12, 114, 840, 43;
27, 213, 9, 605, -655, -20, 105, 831, 38;
29, 215, 12, 614, -640, -1, 114, 840, 49;
33, 219, 17, 640, -608, 28, 129, 855, 68;
25, 211, 10, 558, -683, -13, 99, 826, 42;
23, 210, 10, 531, -701, -17, 93, 821, 40;
26, 213, 13, 544, -679, 4, 103, 832, 53;
21, 209, 10, 489, -724, -17, 85, 815, 39;
18, 206, 8, 449, -754, -30, 73, 804, 31;
19, 207, 9, 441, -750, -21, 75, 808, 37;
18, 206, 10, 423, -756, -19, 72, 806, 39;
16, 205, 9, 392, -775, -25, 64, 800, 35;
24, 213, 18, 455, -698, 31, 95, 834, 70;
14, 204, 9, 350, -788, -22, 57, 798, 36;
18, 208, 14, 370, -753, 5, 71, 814, 54;
14, 205, 11, 320, -787, -12, 55, 801, 43;
10, 202, 8, 272, -819, -28, 41, 789, 33;
10, 202, 9, 255, -819, -24, 39, 790, 35;
17, 211, 18, 315, -741, 31, 69, 823, 70;
8, 202, 9, 210, -828, -22, 31, 788, 36;
6, 201, 8, 179, -839, -27, 24, 784, 33;
9, 205, 13, 198, -801, 1, 37, 801, 51;
4, 201, 9, 139, -839, -21, 18, 785, 37;
6, 204, 12, 143, -814, -2, 25, 796, 49;
2, 201, 9, 90, -845, -21, 9, 784, 37;
6, 205, 14, 113, -800, 10, 24, 803, 57;
5, 205, 14, 89, -801, 10, 20, 803, 57;
2, 204, 13, 54, -813, 3, 11, 798, 53;
-1, 201, 10, 0, -845, -17, -6, 785, 40;
1, 205, 14, 12, -807, 8, 5, 801, 56;
-5, 199, 8, -66, -860, -27, -21, 779, 33;
-6, 200, 9, -85, -854, -24, -24, 781, 36;
-6, 201, 10, -99, -842, -17, -24, 786, 40;
-2, 206, 15, -78, -794, 13, -9, 805, 59;
-7, 203, 11, -134, -824, -7, -27, 792, 46;
-4, 207, 15, -120, -783, 18, -16, 809, 62;
-8, 204, 12, -175, -810, -2, -33, 797, 49;
-8, 206, 14, -187, -794, 6, -32, 803, 54;
-8, 207, 14, -204, -782, 10, -34, 808, 57;
-12, 204, 12, -252, -801, -5, -48, 799, 47;
-17, 201, 8, -314, -834, -30, -69, 784, 31;
-18, 201, 8, -338, -829, -30, -73, 786, 31;
-10, 211, 17, -269, -730, 30, -39, 825, 69;
-16, 206, 12, -345, -776, -4, -66, 805, 48;
-12, 212, 17, -317, -717, 29, -48, 829, 69;
-19, 207, 12, -393, -762, -5, -75, 809, 47;
-16, 211, 15, -382, -720, 16, -65, 824, 61;
-19, 210, 13, -423, -730, 4, -77, 819, 53;
-17, 214, 17, -409, -685, 28, -66, 836, 68;
-22, 211, 13, -469, -713, 3, -86, 823, 52;
-21, 213, 15, -472, -684, 15, -82, 833, 60;
-25, 211, 12, -520, -701, -2, -97, 824, 49;
-28, 209, 10, -564, -713, -18, -111, 817, 39;
-31, 208, 8, -603, -720, -30, -123, 813, 31;
-29, 211, 10, -599, -684, -14, -116, 826, 42;
-25, 217, 15, -571, -624, 17, -100, 849, 61;
-33, 212, 9, -650, -671, -22, -128, 827, 37;
-30, 216, 13, -633, -622, 1, -117, 845, 52;
-32, 215, 11, -670, -626, -10, -128, 841, 44;
-36, 213, 8, -715, -639, -28, -143, 833, 33;
-34, 217, 11, -702, -594, -7, -133, 850, 46;
-38, 215, 8, -749, -609, -27, -149, 841, 33;
-36, 219, 11, -742, -570, -11, -142, 855, 44;
-37, 220, 11, -760, -557, -12, -146, 858, 43;
-31, 228, 18, -711, -475, 31, -122, 889, 70;
-34, 226, 15, -749, -482, 15, -134, 883, 60;
-36, 225, 13, -780, -482, 4, -143, 881, 54;
-42, 222, 9, -837, -507, -22, -163, 868, 36;
-42, 223, 9, -853, -493, -24, -167, 871, 35;
-35, 232, 17, -790, -398, 26, -138, 907, 67;
-43, 226, 10, -871, -449, -18, -168, 883, 39;
-43, 228, 10, -878, -426, -15, -169, 890, 41;
-43, 229, 10, -889, -407, -14, -170, 895, 41;
-40, 234, 14, -864, -352, 9, -157, 914, 57;
-41, 235, 14, -879, -338, 6, -161, 917, 55;
-48, 230, 7, -948, -378, -32, -187, 897, 30;
-45, 234, 10, -932, -333, -14, -178, 913, 41;
-41, 240, 15, -895, -268, 15, -161, 937, 60;
-42, 241, 15, -906, -252, 13, -164, 940, 59;
-44, 240, 13, -935, -253, 0, -174, 936, 50;
-44, 241, 13, -940, -231, 1, -174, 942, 51;
-42, 246, 16, -917, -182, 21, -164, 959, 64;
-45, 244, 13, -955, -193, 0, -178, 951, 51;
-41, 249, 17, -917, -130, 28, -161, 974, 68;
-48, 244, 10, -988, -175, -14, -189, 952, 41;
-41, 252, 17, -928, -90, 28, -163, 984, 68;
-50, 245, 9, -1008, -147, -22, -196, 957, 36;
-51, 246, 8, -1018, -133, -27, -199, 960, 34;
-47, 251, 12, -982, -74, -1, -183, 980, 49;
-41, 258, 18, -934, -4, 31, -163, 1006, 70;
-46, 254, 13, -981, -28, 1, -182, 993, 51;
-42, 260, 18, -936, 36, 31, -164, 1016, 70;
-47, 256, 12, -991, 2, -5, -186, 999, 47;
-43, 261, 16, -953, 60, 19, -170, 1020, 63;
-51, 255, 8, -1025, 7, -29, -201, 994, 32;
-46, 261, 13, -972, 79, 4, -179, 1020, 53;
-47, 261, 12, -983, 86, -3, -184, 1020, 48;
-48, 261, 11, -992, 94, -12, -189, 1020, 43;
-51, 259, 7, -1018, 85, -32, -200, 1013, 31;
-48, 264, 10, -986, 132, -13, -188, 1029, 42;
-50, 263, 8, -1001, 133, -26, -196, 1026, 34;
-44, 269, 13, -948, 201, 4, -175, 1051, 53;
-49, 266, 9, -983, 179, -22, -191, 1038, 36;
-47, 268, 10, -969, 206, -17, -187, 1046, 39;
-43, 273, 14, -923, 264, 7, -169, 1067, 55;
-43, 274, 13, -923, 276, 2, -171, 1069, 52;
-42, 276, 14, -903, 307, 10, -165, 1078, 57;
-46, 273, 10, -934, 286, -16, -180, 1067, 40;
-43, 277, 12, -904, 326, -2, -169, 1080, 49;
-37, 283, 18, -842, 396, 31, -146, 1106, 70;
-40, 281, 14, -862, 384, 11, -157, 1098, 57;
-43, 279, 11, -885, 367, -12, -169, 1088, 43;
-37, 285, 16, -824, 435, 21, -146, 1113, 64;
-41, 282, 11, -853, 411, -6, -161, 1100, 46;
-39, 285, 13, -823, 445, 4, -152, 1112, 53;
-40, 284, 11, -828, 444, -7, -157, 1108, 46;
-41, 283, 9, -831, 444, -19, -161, 1105, 38;
-38, 286, 12, -797, 480, -6, -150, 1118, 47;
-41, 284, 8, -814, 465, -27, -161, 1108, 33;
-32, 293, 17, -719, 560, 25, -125, 1145, 66;
-32, 293, 16, -713, 566, 19, -126, 1145, 62;
-32, 294, 15, -701, 577, 16, -125, 1147, 61;
-33, 292, 12, -709, 567, 0, -132, 1141, 50;
-30, 296, 15, -666, 607, 16, -118, 1155, 60;
-37, 289, 7, -722, 548, -32, -145, 1128, 30;
-28, 297, 15, -630, 635, 16, -112, 1162, 61;
-35, 291, 8, -683, 578, -31, -138, 1136, 31;
-26, 300, 16, -586, 668, 20, -102, 1171, 63;
-24, 301, 16, -561, 686, 24, -96, 1176, 65;
-29, 297, 11, -591, 649, -9, -113, 1159, 45;
-21, 304, 17, -511, 721, 30, -84, 1187, 70;
-28, 297, 10, -559, 664, -14, -109, 1161, 41;
-22, 302, 14, -498, 715, 11, -88, 1180, 58;
-21, 303, 14, -478, 724, 10, -85, 1182, 57;
-24, 300, 10, -494, 697, -13, -96, 1170, 42;
-19, 304, 15, -433, 746, 12, -76, 1188, 58;
-20, 303, 12, -433, 733, -2, -81, 1181, 49;
-19, 304, 13, -406, 747, 0, -75, 1186, 51;
-19, 303, 12, -393, 745, -5, -75, 1183, 47;
-15, 306, 14, -346, 777, 10, -61, 1195, 57;
-13, 308, 15, -312, 796, 17, -52, 1202, 61;
-12, 308, 15, -290, 801, 16, -48, 1203, 61;
-11, 309, 15, -266, 808, 17, -43, 1205, 61;
-13, 306, 12, -273, 783, -3, -52, 1194, 48;
-16, 301, 7, -292, 745, -32, -65, 1177, 30;
-13, 304, 10, -245, 774, -16, -51, 1188, 40;
-6, 310, 15, -169, 830, 18, -25, 1211, 62;
-12, 303, 8, -212, 767, -26, -48, 1184, 34;
-5, 309, 14, -135, 822, 8, -22, 1206, 56;
-9, 304, 9, -158, 778, -23, -37, 1187, 36;
-2, 310, 15, -76, 837, 14, -9, 1211, 60;
-3, 308, 13, -73, 817, 0, -13, 1203, 51;
-1, 309, 13, -42, 825, 4, -6, 1206, 53;
0, 308, 13, -22, 821, 1, -3, 1204, 51;
3, 311, 16, 28, 848, 18, 11, 1215, 62;
-3, 304, 8, -16, 778, -27, -12, 1186, 33;
6, 312, 16, 83, 852, 22, 23, 1217, 65;
0, 304, 8, 34, 777, -26, -2, 1186, 34;
0, 303, 8, 52, 769, -30, 0, 1183, 31;
1, 304, 8, 83, 773, -26, 6, 1185, 34;
6, 307, 12, 143, 805, -2, 25, 1199, 49;
12, 312, 17, 216, 851, 29, 50, 1219, 69;
10, 308, 14, 208, 815, 8, 41, 1204, 56;
7, 304, 9, 189, 767, -20, 28, 1185, 38;
12, 308, 14, 255, 805, 7, 50, 1202, 55;
12, 306, 13, 269, 789, 0, 50, 1196, 51;
17, 309, 16, 325, 815, 21, 68, 1208, 64;
17, 308, 15, 338, 798, 14, 68, 1202, 60;
11, 300, 8, 295, 726, -28, 45, 1173, 32;
20, 308, 16, 396, 796, 22, 81, 1203, 65;
18, 305, 13, 389, 759, 3, 73, 1189, 53;
16, 300, 9, 375, 714, -21, 62, 1172, 37;
20, 302, 12, 425, 732, -2, 78, 1181, 49;
16, 297, 7, 403, 679, -32, 64, 1161, 31;
27, 307, 17, 519, 764, 30, 107, 1197, 69;
19, 297, 9, 457, 670, -25, 76, 1160, 35;
28, 305, 17, 556, 737, 26, 112, 1190, 67;
21, 295, 8, 493, 642, -29, 82, 1152, 32;
25, 298, 12, 550, 667, -5, 100, 1164, 47;
29, 300, 14, 593, 678, 9, 114, 1171, 57;
26, 296, 11, 582, 635, -10, 105, 1155, 44;
31, 299, 15, 638, 659, 14, 124, 1167, 59;
30, 296, 13, 640, 629, 3, 120, 1157, 52;
27, 291, 9, 618, 574, -24, 106, 1136, 35;
33, 295, 13, 681, 606, 5, 129, 1152, 54;
28, 289, 8, 650, 542, -27, 112, 1128, 34;
30, 289, 10, 680, 540, -18, 120, 1129, 39;
33, 290, 12, 717, 546, -4, 132, 1134, 47;
33, 289, 11, 726, 523, -9, 132, 1127, 44;
40, 293, 17, 796, 560, 25, 157, 1145, 66;
41, 293, 17, 816, 550, 29, 162, 1144, 69;
41, 291, 16, 821, 522, 21, 160, 1135, 64;
38, 286, 13, 803, 474, 0, 150, 1118, 51;
36, 282, 10, 789, 428, -18, 140, 1102, 39;
41, 285, 14, 842, 451, 8, 160, 1114, 56;
41, 284, 14, 855, 433, 7, 162, 1109, 55;
40, 281, 12, 850, 398, -3, 157, 1098, 48;
40, 279, 12, 858, 376, -6, 157, 1091, 46;
38, 276, 9, 849, 337, -19, 151, 1079, 38;
43, 279, 13, 898, 357, 5, 169, 1090, 54;
46, 280, 16, 931, 361, 21, 181, 1095, 64;
39, 272, 8, 870, 272, -26, 153, 1061, 34;
46, 277, 15, 944, 317, 16, 181, 1083, 61;
48, 277, 17, 966, 311, 26, 189, 1084, 67;
43, 271, 11, 921, 239, -9, 168, 1057, 45;
43, 269, 11, 929, 219, -9, 170, 1052, 45;
49, 274, 17, 987, 251, 25, 192, 1068, 66;
49, 272, 17, 993, 231, 25, 194, 1063, 66;
44, 265, 11, 946, 158, -9, 173, 1037, 44;
43, 263, 10, 943, 130, -15, 170, 1028, 41;
45, 264, 12, 963, 126, -4, 178, 1030, 48;
44, 261, 11, 957, 96, -11, 174, 1021, 44;
44, 260, 11, 960, 75, -11, 175, 1015, 43;
45, 259, 11, 964, 56, -10, 176, 1011, 44;
47, 260, 13, 987, 57, 3, 185, 1015, 53;
50, 261, 16, 1014, 62, 20, 196, 1020, 63;
44, 254, 10, 961, -11, -14, 174, 993, 41;
41, 250, 7, 935, -58, -32, 163, 977, 30;
47, 255, 13, 990, -23, 5, 186, 995, 54;
44, 250, 10, 960, -72, -14, 174, 978, 42;
51, 256, 17, 1024, -27, 29, 201, 1000, 69;
46, 250, 12, 976, -93, 0, 181, 976, 50;
49, 251, 15, 998, -88, 15, 191, 981, 60;
49, 250, 15, 995, -108, 16, 191, 977, 61;
44, 245, 11, 954, -165, -8, 175, 956, 45;
46, 246, 13, 968, -166, 5, 182, 959, 54;
44, 242, 11, 939, -209, -10, 171, 945, 44;
40, 238, 8, 905, -257, -29, 158, 928, 32;
47, 244, 15, 967, -209, 16, 185, 951, 61;
47, 243, 16, 964, -224, 19, 186, 948, 62;
45, 239, 14, 936, -263, 6, 176, 935, 54;
46, 240, 15, 943, -267, 16, 181, 937, 61;
43, 236, 12, 907, -313, -1, 168, 921, 49;
38, 230, 8, 856, -374, -29, 149, 899, 32;
43, 235, 14, 899, -339, 6, 169, 916, 54;
36, 227, 7, 831, -415, -32, 144, 888, 31;
45, 236, 17, 908, -344, 27, 178, 921, 67;
37, 227, 10, 827, -431, -18, 148, 887, 39;
35, 224, 8, 799, -465, -29, 139, 876, 32;
44, 233, 18, 877, -392, 31, 174, 910, 70;
36, 224, 10, 795, -478, -14, 143, 877, 41;
39, 226, 13, 808, -467, 3, 152, 884, 53;
38, 225, 13, 792, -485, 3, 148, 879, 52;
36, 223, 12, 765, -514, -5, 141, 870, 47;
38, 225, 15, 776, -504, 12, 148, 877, 58;
40, 226, 17, 785, -494, 29, 156, 884, 69;
34, 220, 12, 723, -555, -1, 134, 861, 50;
37, 223, 16, 741, -535, 22, 145, 872, 64;
37, 223, 17, 735, -538, 29, 147, 873, 69;
33, 219, 14, 683, -586, 7, 129, 855, 55;
30, 216, 11, 642, -623, -8, 117, 842, 45;
30, 216, 13, 638, -622, 1, 119, 845, 51;
33, 220, 17, 658, -597, 27, 132, 858, 67;
28, 215, 13, 599, -649, 0, 112, 838, 51;
32, 219, 18, 627, -614, 32, 128, 855, 71;
24, 211, 11, 541, -691, -10, 97, 825, 44;
26, 213, 14, 548, -675, 7, 104, 833, 55;
21, 208, 10, 488, -725, -18, 84, 815, 39;
18, 206, 8, 450, -753, -30, 73, 805, 32;
18, 206, 9, 438, -753, -23, 73, 806, 36;
17, 206, 9, 415, -764, -24, 69, 803, 35;
25, 214, 17, 475, -691, 30, 99, 835, 69;
24, 213, 18, 456, -697, 32, 96, 834, 71;
22, 212, 17, 424, -714, 26, 88, 828, 67;
22, 212, 18, 409, -714, 31, 87, 829, 70;
20, 212, 17, 383, -725, 29, 81, 826, 69;
9, 201, 7, 267, -824, -32, 38, 786, 30;
13, 205, 12, 286, -788, -4, 52, 802, 48;
13, 206, 13, 275, -781, 4, 53, 806, 53;
6, 200, 8, 199, -839, -30, 26, 783, 32;
9, 204, 12, 213, -805, -4, 38, 798, 48;
4, 200, 7, 148, -851, -32, 16, 780, 31;
13, 209, 17, 217, -761, 30, 51, 818, 69;
7, 204, 13, 147, -810, 0, 27, 798, 50;
3, 202, 10, 102, -834, -14, 14, 788, 42;
1, 201, 9, 69, -844, -19, 6, 785, 38;
8, 209, 17, 120, -771, 30, 32, 815, 70;
-1, 200, 9, 16, -851, -21, -4, 782, 37;
2, 205, 14, 33, -810, 6, 8, 800, 54;
-1, 202, 11, -13, -833, -8, -5, 790, 45;
2, 208, 17, 12, -781, 25, 10, 811, 66;
-1, 204, 13, -45, -814, 2, -7, 798, 52;
1, 209, 17, -28, -771, 30, 5, 815, 70;
-4, 204, 13, -94, -811, 2, -16, 799, 52;
-9, 200, 9, -159, -849, -24, -38, 782, 35;
-4, 207, 15, -122, -784, 17, -16, 809, 61;
-9, 203, 11, -188, -823, -10, -38, 792, 44;
-8, 206, 14, -185, -792, 7, -32, 804, 55;
-7, 208, 16, -189, -767, 20, -28, 814, 63;
-13, 204, 11, -260, -810, -10, -52, 795, 44;
-10, 208, 15, -244, -764, 15, -40, 813, 60;
-10, 210, 16, -259, -749, 22, -40, 819, 64;
-16, 205, 11, -327, -788, -7, -63, 802, 46;
-12, 211, 17, -300, -730, 25, -47, 824, 67;
-16, 208, 14, -351, -751, 6, -63, 814, 55;
-14, 212, 17, -344, -713, 26, -55, 829, 67;
-17, 210, 14, -389, -727, 12, -68, 821, 58;
-22, 207, 11, -448, -755, -12, -87, 808, 43;
-25, 206, 9, -488, -764, -24, -99, 803, 35;
-18, 214, 17, -435, -679, 25, -72, 837, 66;
-24, 210, 12, -504, -716, -5, -96, 820, 47;
-22, 214, 15, -491, -672, 16, -86, 836, 61;
-27, 211, 11, -551, -700, -9, -106, 823, 45;
-28, 211, 11, -573, -690, -10, -110, 825, 44;
-26, 215, 14, -567, -652, 6, -103, 839, 55;
-27, 216, 14, -584, -637, 9, -105, 843, 56;
-31, 213, 10, -640, -661, -15, -124, 831, 41;
-32, 214, 10, -656, -644, -13, -126, 836, 42;
-35, 213, 9, -691, -648, -24, -137, 832, 35;
-30, 219, 14, -658, -582, 9, -119, 857, 57;
-33, 218, 12, -696, -588, -3, -131, 852, 48;
-35, 218, 11, -725, -585, -11, -139, 851, 43;
-35, 220, 12, -734, -563, -6, -139, 858, 47;
-36, 220, 11, -755, -551, -8, -143, 860, 45;
-32, 227, 16, -721, -485, 24, -126, 885, 66;
-38, 222, 11, -784, -517, -7, -148, 869, 46;
-38, 224, 12, -794, -496, -4, -149, 875, 48;
-39, 225, 12, -812, -482, -6, -153, 878, 47;
-39, 227, 13, -817, -456, 0, -152, 886, 50;
-36, 232, 16, -795, -404, 23, -140, 905, 65;
-43, 226, 9, -873, -451, -20, -169, 882, 38;
-38, 233, 15, -829, -377, 17, -148, 910, 61;
-38, 234, 15, -840, -358, 18, -150, 915, 62;
-44, 230, 10, -902, -390, -15, -173, 899, 41;
-40, 236, 15, -869, -328, 13, -157, 921, 59;
-43, 234, 12, -904, -334, -3, -169, 915, 49;
-43, 236, 13, -909, -310, 0, -169, 922, 51;
-41, 239, 15, -899, -272, 13, -163, 935, 59;
-42, 241, 15, -908, -253, 12, -164, 940, 59;
-40, 244, 16, -900, -218, 23, -159, 951, 65;
-40, 245, 17, -900, -191, 27, -158, 959, 68;
-46, 241, 11, -962, -227, -8, -182, 941, 45;
-50, 239, 8, -1002, -240, -31, -197, 932, 31;
-43, 248, 16, -933, -146, 18, -167, 968, 62;
-46, 245, 12, -972, -159, -4, -182, 959, 48;
-50, 244, 9, -1004, -167, -22, -195, 952, 36;
-44, 250, 14, -957, -96, 11, -174, 978, 57;
-50, 246, 9, -1010, -126, -22, -196, 963, 37;
-50, 248, 9, -1013, -105, -22, -196, 968, 37;
-47, 253, 13, -982, -52, 0, -183, 986, 50;
-49, 252, 10, -1004, -51, -14, -192, 983, 42;
-50, 252, 10, -1011, -38, -18, -195, 985, 39;
-46, 257, 13, -978, 15, 3, -181, 1004, 53;
-48, 257, 11, -994, 19, -7, -188, 1002, 46;
-42, 264, 17, -941, 92, 27, -166, 1029, 67;
-50, 257, 9, -1017, 34, -24, -198, 1002, 35;
-47, 261, 12, -982, 87, -3, -184, 1020, 48;
-43, 266, 15, -947, 140, 18, -170, 1039, 62;
-44, 266, 14, -952, 151, 11, -173, 1040, 58;
-43, 268, 15, -940, 178, 16, -169, 1048, 61;
-41, 272, 17, -915, 219, 30, -160, 1062, 70;
-42, 272, 16, -925, 224, 20, -165, 1060, 63;
-49, 266, 9, -985, 177, -24, -192, 1038, 35;
-44, 271, 13, -938, 238, 3, -173, 1060, 52;
-42, 275, 15, -910, 278, 16, -164, 1073, 61;
-40, 277, 16, -891, 308, 23, -158, 1082, 65;
-40, 278, 16, -885, 325, 22, -157, 1086, 64;
-47, 272, 9, -945, 275, -23, -184, 1062, 36;
-47, 273, 8, -941, 289, -27, -184, 1065, 33;
-38, 282, 17, -850, 388, 26, -149, 1103, 67;
-42, 279, 12, -880, 366, 0, -164, 1090, 50;
-40, 282, 14, -857, 395, 6, -157, 1100, 55;
-43, 279, 10, -876, 383, -13, -168, 1091, 42;
-41, 282, 12, -851, 413, -5, -160, 1101, 47;
-39, 284, 13, -826, 442, 2, -153, 1110, 52;
-35, 289, 16, -783, 489, 22, -138, 1127, 64;
-43, 281, 8, -846, 429, -29, -167, 1099, 32;
-35, 289, 15, -769, 509, 12, -139, 1129, 58;
-39, 286, 10, -795, 484, -14, -153, 1116, 41;
-31, 294, 17, -714, 566, 29, -123, 1148, 69;
-31, 294, 16, -707, 572, 22, -124, 1148, 65;
-33, 292, 13, -716, 562, 5, -131, 1141, 54;
-33, 292, 13, -708, 568, 0, -132, 1141, 50;
-34, 292, 11, -704, 569, -8, -134, 1139, 45;
-28, 297, 16, -640, 630, 21, -112, 1162, 64;
-33, 293, 10, -675, 591, -13, -130, 1143, 42;
-31, 295, 12, -645, 616, -5, -122, 1151, 47;
-28, 297, 13, -609, 645, 5, -112, 1161, 54;
-31, 295, 10, -623, 625, -17, -122, 1151, 40;
-32, 294, 8, -620, 620, -28, -125, 1147, 33;
-26, 299, 13, -558, 674, 0, -104, 1167, 50;
-29, 296, 9, -574, 649, -24, -115, 1155, 35;
-20, 305, 17, -477, 736, 26, -80, 1189, 67;
-22, 303, 14, -479, 723, 10, -85, 1182, 57;
-24, 300, 11, -492, 699, -12, -95, 1171, 43;
-24, 299, 10, -480, 699, -18, -95, 1169, 39;
-18, 305, 15, -407, 760, 15, -70, 1192, 60;
-21, 301, 11, -426, 726, -12, -84, 1177, 42;
-14, 308, 17, -345, 793, 26, -55, 1203, 67;
-20, 301, 9, -395, 729, -22, -81, 1175, 37;
-14, 307, 15, -320, 787, 12, -55, 1199, 58;
-13, 307, 15, -297, 794, 12, -51, 1200, 58;
-16, 304, 10, -313, 760, -14, -63, 1185, 41;
-11, 307, 14, -257, 799, 6, -45, 1200, 55;
-13, 305, 11, -260, 778, -10, -52, 1191, 44;
-14, 303, 9, -257, 762, -24, -56, 1183, 35;
-14, 302, 7, -244, 755, -32, -56, 1179, 31;
-3, 312, 17, -126, 852, 30, -13, 1219, 69;
-2, 312, 17, -107, 850, 26, -10, 1218, 67;
-5, 308, 13, -119, 816, 2, -21, 1203, 52;
-2, 311, 15, -73, 840, 16, -7, 1213, 61;
-1, 310, 15, -54, 836, 12, -5, 1211, 58;
1, 312, 17, -9, 858, 26, 7, 1220, 67;
-5, 304, 8, -66, 777, -27, -21, 1186, 33;
-4, 303, 8, -44, 775, -29, -18, 1185, 32;
-3, 303, 8, -22, 772, -31, -15, 1184, 31;
0, 305, 9, 19, 788, -20, -3, 1191, 38;
4, 309, 14, 83, 826, 6, 17, 1207, 54;
1, 305, 10, 70, 787, -18, 6, 1191, 39;
4, 307, 12, 114, 804, -6, 19, 1198, 47;
3, 304, 9, 113, 775, -22, 13, 1187, 36;
5, 305, 10, 151, 785, -14, 23, 1191, 42;
11, 309, 15, 217, 824, 14, 45, 1208, 59;
15, 312, 18, 268, 847, 32, 61, 1218, 70;
12, 307, 13, 247, 797, 2, 46, 1198, 52;
17, 311, 17, 314, 834, 30, 69, 1215, 69;
9, 302, 9, 254, 744, -25, 38, 1178, 35;
16, 306, 14, 325, 786, 6, 62, 1197, 55;
18, 307, 15, 362, 792, 15, 72, 1201, 60;
20, 308, 16, 395, 795, 21, 81, 1203, 64;
22, 309, 17, 428, 797, 28, 89, 1205, 68;
17, 302, 11, 392, 731, -9, 69, 1179, 44;
21, 304, 14, 440, 747, 6, 84, 1187, 55;
19, 300, 10, 432, 708, -13, 76, 1172, 42;
25, 305, 16, 503, 747, 19, 100, 1190, 63;
20, 298, 9, 465, 678, -19, 80, 1163, 38;
23, 299, 11, 502, 683, -9, 90, 1167, 45;
27, 302, 15, 556, 706, 13, 108, 1178, 59;
27, 300, 13, 564, 681, 4, 106, 1170, 53;
25, 296, 11, 561, 646, -10, 101, 1158, 44;
25, 295, 10, 572, 625, -16, 101, 1151, 40;
27, 295, 11, 601, 621, -10, 108, 1151, 44;
31, 297, 14, 646, 634, 6, 122, 1159, 55;
28, 292, 10, 630, 587, -16, 112, 1141, 40;
35, 297, 16, 705, 629, 21, 138, 1161, 64;
30, 291, 10, 671, 563, -13, 120, 1136, 42;
29, 287, 8, 664, 524, -29, 113, 1123, 32;
38, 295, 17, 765, 593, 26, 151, 1154, 67;
36, 291, 13, 749, 545, 4, 141, 1136, 54;
38, 292, 15, 783, 547, 16, 151, 1140, 61;
34, 285, 10, 746, 479, -18, 132, 1114, 39;
37, 286, 12, 781, 483, -4, 144, 1119, 48;
37, 285, 12, 793, 463, -6, 145, 1113, 46;
35, 281, 9, 782, 421, -23, 137, 1099, 36;
38, 282, 11, 814, 423, -10, 148, 1102, 44;
42, 285, 15, 862, 441, 12, 165, 1112, 58;
43, 284, 15, 881, 429, 17, 170, 1111, 61;
36, 276, 8, 824, 342, -28, 143, 1078, 33;
46, 284, 17, 924, 412, 30, 182, 1110, 69;
41, 277, 12, 881, 340, -5, 162, 1083, 47;
42, 277, 12, 896, 326, -2, 166, 1080, 49;
45, 278, 15, 932, 333, 15, 179, 1086, 60;
39, 270, 8, 874, 247, -29, 152, 1054, 32;
43, 273, 12, 923, 268, -2, 171, 1066, 49;
47, 275, 15, 960, 277, 16, 184, 1073, 61;
41, 267, 9, 908, 199, -22, 161, 1043, 36;
49, 274, 17, 988, 252, 25, 193, 1069, 67;
42, 265, 9, 925, 163, -20, 165, 1035, 38;
48, 269, 15, 982, 195, 14, 188, 1052, 59;
48, 268, 15, 984, 172, 12, 187, 1045, 58;
48, 266, 15, 989, 152, 12, 188, 1041, 58;
49, 266, 15, 997, 136, 15, 191, 1037, 60;
45, 261, 12, 969, 85, -4, 179, 1019, 47;
42, 256, 8, 939, 31, -27, 165, 1001, 34;
46, 258, 12, 974, 44, -4, 180, 1009, 48;
43, 255, 9, 952, 0, -20, 170, 995, 38;
49, 259, 15, 1002, 29, 12, 191, 1010, 58;
49, 258, 15, 1007, 13, 15, 193, 1007, 60;
50, 257, 16, 1016, 2, 22, 197, 1006, 64;
47, 253, 13, 987, -45, 3, 185, 989, 53;
50, 255, 16, 1014, -37, 23, 197, 996, 65;
47, 250, 13, 980, -89, 2, 183, 978, 52;
45, 247, 11, 961, -126, -8, 176, 966, 45;
45, 246, 12, 961, -141, -5, 177, 963, 47;
45, 245, 11, 955, -164, -7, 175, 957, 46;
41, 241, 8, 922, -213, -26, 163, 940, 34;
42, 241, 10, 927, -221, -18, 166, 940, 39;
42, 239, 9, 918, -245, -20, 164, 933, 37;
41, 237, 9, 909, -267, -22, 161, 927, 37;
49, 245, 18, 982, -206, 31, 193, 956, 70;
40, 235, 9, 893, -306, -22, 159, 918, 36;
48, 242, 17, 963, -248, 29, 189, 945, 69;
39, 232, 9, 872, -348, -24, 154, 907, 35;
46, 239, 16, 934, -295, 23, 182, 932, 65;
38, 229, 8, 847, -391, -28, 148, 895, 33;
43, 234, 14, 889, -356, 7, 168, 913, 55;
37, 228, 9, 832, -420, -23, 147, 889, 36;
37, 227, 9, 821, -438, -22, 145, 885, 36;
44, 234, 17, 886, -378, 28, 175, 912, 68;
41, 229, 14, 844, -425, 9, 160, 896, 56;
36, 224, 10, 795, -478, -14, 143, 877, 41;
39, 227, 13, 810, -465, 5, 153, 885, 54;
40, 227, 15, 810, -467, 14, 156, 887, 60;
35, 222, 11, 761, -518, -7, 139, 869, 46;
38, 225, 15, 779, -501, 14, 150, 878, 59;
33, 219, 10, 722, -558, -13, 130, 857, 42;
39, 226, 18, 774, -504, 32, 155, 882, 71;
34, 221, 14, 717, -559, 6, 136, 862, 54;
35, 221, 15, 712, -562, 14, 137, 863, 59;
29, 215, 10, 650, -620, -15, 116, 841, 41;
27, 213, 9, 620, -645, -22, 107, 833, 36;
28, 214, 10, 614, -647, -14, 109, 835, 41;
32, 219, 16, 648, -606, 20, 128, 854, 63;
23, 209, 8, 551, -697, -31, 92, 818, 31;
29, 216, 15, 596, -644, 12, 115, 842, 58;
22, 208, 8, 516, -716, -27, 87, 815, 33;
25, 212, 12, 534, -689, -2, 98, 827, 49;
28, 215, 16, 552, -661, 23, 111, 841, 65;
21, 209, 11, 477, -726, -11, 84, 816, 43;
27, 215, 18, 521, -670, 31, 108, 840, 70;
20, 208, 11, 439, -740, -8, 79, 813, 45;
15, 204, 8, 383, -783, -30, 61, 797, 31;
24, 213, 18, 454, -699, 31, 95, 833, 70;
20, 210, 14, 402, -737, 11, 78, 819, 58;
21, 212, 17, 402, -721, 27, 84, 827, 67;
12, 203, 9, 307, -800, -21, 50, 795, 37;
11, 202, 9, 278, -813, -25, 43, 791, 35;
12, 205, 12, 282, -792, -6, 50, 801, 47;
11, 204, 11, 251, -805, -11, 43, 796, 43;
15, 209, 17, 283, -754, 26, 61, 818, 67;
10, 205, 12, 218, -800, -1, 40, 800, 50;
7, 203, 10, 176, -823, -13, 28, 791, 42;
12, 209, 17, 213, -765, 27, 49, 816, 67;
4, 202, 10, 123, -834, -16, 17, 788, 40;
5, 203, 12, 117, -819, -4, 20, 795, 48;
1, 201, 10, 71, -842, -18, 7, 785, 39;
8, 209, 17, 120, -771, 30, 32, 815, 70;
-2, 198, 7, 0, -867, -32, -11, 776, 30;
0, 202, 11, 5, -838, -12, -3, 788, 43;
0, 204, 13, 2, -817, 1, 1, 797, 51;
-1, 203, 12, -27, -821, -1, -5, 795, 49;
1, 208, 17, -11, -781, 25, 6, 811, 66;
1, 209, 18, -26, -769, 32, 6, 816, 70;
-8, 201, 9, -130, -847, -21, -31, 783, 37;
-9, 200, 9, -161, -851, -25, -38, 781, 35;
-11, 200, 9, -185, -848, -25, -43, 782, 35;
-3, 210, 18, -124, -759, 31, -12, 819, 70;
-8, 206, 13, -187, -794, 5, -33, 803, 54;
-12, 203, 10, -240, -818, -13, -49, 793, 42;
-14, 202, 9, -274, -824, -20, -58, 789, 38;
-10, 208, 15, -242, -762, 17, -39, 814, 61;
-14, 206, 12, -293, -784, -1, -55, 804, 50;
-16, 205, 11, -328, -789, -8, -64, 801, 45;
-21, 202, 8, -384, -815, -30, -82, 789, 32;
-12, 213, 18, -313, -713, 32, -47, 830, 71;
-18, 207, 12, -388, -757, -2, -73, 811, 49;
-15, 212, 17, -370, -708, 24, -60, 829, 66;
-20, 208, 12, -433, -741, -2, -81, 814, 49;
-18, 213, 16, -420, -696, 20, -71, 831, 63;
-17, 215, 17, -428, -672, 30, -69, 840, 69;
-22, 212, 14, -484, -696, 7, -87, 828, 55;
-20, 216, 17, -477, -658, 26, -80, 842, 67;
-20, 217, 17, -491, -640, 30, -81, 848, 70;
-21, 218, 17, -513, -630, 29, -85, 850, 69;
-26, 215, 14, -567, -652, 7, -103, 839, 55;
-32, 210, 9, -634, -687, -24, -126, 822, 35;
-34, 210, 7, -665, -686, -32, -135, 821, 30;
-28, 218, 14, -618, -607, 11, -111, 851, 58;
-26, 222, 17, -609, -565, 30, -103, 866, 69;
-34, 216, 10, -692, -617, -13, -133, 843, 42;
-32, 219, 13, -687, -579, 2, -127, 856, 52;
-28, 225, 18, -662, -522, 30, -112, 877, 70;
-37, 218, 10, -747, -575, -14, -144, 853, 41;
-31, 226, 17, -704, -500, 25, -122, 881, 66;
-39, 219, 9, -792, -557, -23, -155, 855, 36;
-32, 228, 17, -728, -461, 29, -125, 892, 69;
-33, 229, 17, -745, -447, 28, -129, 895, 68;
-41, 222, 9, -834, -504, -20, -162, 869, 38;
-42, 224, 10, -845, -484, -18, -164, 874, 39;
-36, 232, 16, -796, -404, 22, -140, 904, 65;
-40, 229, 12, -847, -425, -2, -158, 893, 49;
-44, 227, 9, -885, -433, -19, -171, 887, 38;
-36, 236, 17, -822, -340, 30, -143, 922, 69;
-37, 237, 17, -833, -322, 30, -145, 927, 69;
-43, 232, 11, -901, -360, -7, -170, 908, 46;
-40, 238, 15, -873, -303, 17, -156, 928, 62;
-44, 235, 12, -916, -317, -4, -172, 919, 48;
-47, 233, 9, -955, -328, -24, -186, 912, 35;
-42, 241, 15, -906, -251, 14, -164, 940, 59;
-41, 243, 16, -907, -225, 18, -162, 948, 62;
-43, 242, 14, -929, -220, 8, -170, 947, 56;
-43, 244, 14, -933, -197, 11, -170, 953, 57;
-46, 243, 12, -958, -197, -2, -179, 950, 49;
-50, 240, 8, -1005, -217, -29, -197, 938, 32;
-50, 241, 8, -1010, -198, -29, -198, 943, 32;
-48, 245, 10, -994, -156, -15, -190, 957, 41;
-44, 251, 15, -952, -90, 14, -172, 981, 60;
-44, 253, 15, -952, -67, 16, -171, 987, 61;
-48, 249, 11, -997, -89, -11, -190, 974, 43;
-45, 254, 14, -968, -38, 8, -177, 992, 56;
-45, 255, 14, -968, -16, 9, -177, 998, 56;
-43, 259, 16, -948, 24, 23, -168, 1011, 65;
-46, 257, 13, -975, 18, 5, -180, 1005, 54;
-45, 259, 14, -973, 40, 6, -179, 1011, 54;
-43, 262, 16, -950, 82, 20, -170, 1025, 63;
-47, 259, 12, -989, 62, -6, -186, 1013, 46;
-47, 261, 12, -981, 88, -2, -183, 1021, 49;
-44, 265, 15, -953, 133, 13, -173, 1036, 59;
-46, 264, 12, -974, 129, -2, -182, 1031, 49;
-44, 267, 14, -952, 167, 9, -174, 1044, 56;
-50, 262, 8, -1004, 130, -28, -197, 1025, 33;
-44, 270, 14, -940, 209, 10, -171, 1054, 57;
-47, 267, 10, -973, 189, -16, -187, 1043, 40;
-42, 273, 15, -918, 257, 16, -165, 1068, 60;
-43, 273, 13, -927, 260, 5, -171, 1066, 54;
-44, 274, 13, -924, 275, 2, -171, 1069, 52;
-46, 272, 10, -947, 263, -18, -183, 1060, 39;
-46, 272, 9, -941, 279, -20, -182, 1064, 37;
-39, 281, 17, -862, 367, 24, -152, 1097, 66;
-38, 282, 17, -851, 387, 25, -149, 1102, 67;
-45, 276, 9, -912, 334, -22, -177, 1077, 37;
-42, 280, 12, -873, 379, -3, -164, 1093, 48;
-45, 277, 8, -902, 357, -31, -179, 1081, 31;
-44, 279, 8, -882, 382, -26, -173, 1088, 34;
-41, 282, 11, -846, 423, -10, -161, 1102, 44;
-44, 280, 8, -864, 409, -31, -171, 1093, 31;
-36, 288, 15, -781, 495, 14, -140, 1126, 59;
-41, 283, 8, -828, 449, -26, -163, 1105, 34;
-41, 283, 8, -819, 459, -30, -163, 1106, 31;
-33, 292, 15, -736, 544, 14, -132, 1138, 59;
-31, 295, 17, -700, 579, 27, -121, 1150, 68;
-34, 292, 13, -719, 558, 3, -133, 1139, 53;
-29, 297, 17, -663, 613, 29, -113, 1159, 69;
-28, 297, 17, -651, 622, 26, -112, 1161, 67;
-37, 289, 7, -721, 549, -31, -145, 1128, 31;
-33, 292, 10, -679, 587, -16, -132, 1141, 40;
-34, 292, 8, -674, 586, -25, -134, 1139, 35;
-28, 297, 13, -611, 644, 4, -112, 1161, 53;
-32, 294, 9, -629, 618, -21, -124, 1148, 37;
-22, 303, 18, -530, 710, 31, -88, 1184, 70;
-25, 300, 14, -547, 685, 6, -99, 1172, 55;
-27, 298, 11, -551, 672, -9, -105, 1165, 45;
-23, 301, 14, -507, 706, 6, -92, 1177, 54;
-24, 300, 12, -502, 700, -4, -95, 1173, 47;
-27, 297, 8, -515, 676, -27, -105, 1161, 33;
-25, 298, 9, -488, 691, -24, -99, 1166, 35;
-19, 304, 14, -417, 750, 8, -74, 1188, 56;
-14, 309, 18, -358, 795, 32, -55, 1205, 71;
-16, 306, 14, -370, 768, 9, -65, 1193, 56;
-21, 300, 8, -402, 721, -27, -84, 1172, 34;
-20, 301, 8, -378, 730, -26, -79, 1175, 34;
-17, 303, 10, -339, 752, -16, -68, 1183, 40;
-13, 306, 13, -290, 783, 0, -53, 1195, 51;
-13, 306, 12, -273, 783, -3, -52, 1193, 48;
-14, 304, 10, -268, 769, -16, -55, 1187, 40;
-15, 302, 8, -268, 751, -31, -60, 1179, 31;
-9, 307, 12, -199, 800, -1, -37, 1198, 49;
-12, 304, 9, -207, 771, -23, -46, 1185, 36;
-4, 310, 15, -120, 837, 18, -16, 1212, 62;
-5, 308, 13, -118, 817, 3, -21, 1204, 52;
-9, 304, 8, -140, 773, -27, -35, 1185, 33;
0, 311, 15, -48, 842, 16, -3, 1213, 61;
-1, 309, 13, -42, 825, 4, -6, 1206, 53;
-2, 307, 11, -36, 807, -7, -9, 1198, 46;
-2, 305, 10, -27, 792, -18, -11, 1192, 39;
-2, 304, 9, -12, 782, -24, -10, 1188, 35;
-1, 304, 9, 11, 781, -25, -6, 1188, 35;
-1, 303, 8, 29, 773, -29, -4, 1184, 32;
4, 308, 12, 95, 812, -2, 16, 1201, 49;
2, 304, 9, 91, 780, -21, 9, 1188, 37;
3, 304, 9, 112, 774, -23, 12, 1186, 36;
10, 309, 14, 190, 824, 11, 39, 1208, 58;
10, 309, 14, 210, 817, 9, 42, 1205, 56;
8, 305, 11, 203, 781, -11, 33, 1191, 43;
15, 311, 17, 284, 833, 26, 62, 1214, 67;
14, 308, 14, 282, 802, 9, 55, 1201, 56;
17, 309, 16, 322, 812, 20, 66, 1207, 63;
17, 308, 15, 340, 800, 16, 68, 1203, 61;
20, 309, 17, 376, 807, 25, 78, 1206, 66;
13, 300, 8, 323, 723, -25, 51, 1173, 34;
23, 309, 17, 430, 799, 30, 90, 1206, 69;
15, 300, 9, 370, 708, -24, 60, 1170, 35;
18, 301, 10, 410, 717, -13, 72, 1175, 42;
21, 302, 13, 452, 728, 0, 84, 1181, 51;
25, 304, 15, 498, 743, 16, 98, 1188, 61;
22, 300, 11, 481, 694, -9, 86, 1170, 45;
24, 300, 12, 513, 694, -1, 95, 1172, 49;
22, 296, 9, 503, 652, -22, 86, 1156, 36;
28, 301, 14, 572, 689, 9, 110, 1173, 57;
27, 298, 13, 579, 664, 0, 108, 1165, 51;
23, 293, 8, 554, 607, -28, 93, 1143, 33;
33, 301, 17, 658, 679, 27, 132, 1175, 68;
33, 299, 16, 668, 657, 21, 132, 1168, 64;
31, 295, 13, 654, 611, 0, 122, 1151, 50;
36, 298, 17, 713, 637, 26, 142, 1165, 67;
35, 295, 15, 710, 602, 12, 136, 1153, 58;
35, 294, 14, 722, 582, 9, 137, 1147, 56;
34, 291, 12, 719, 547, -3, 133, 1135, 48;
33, 288, 10, 721, 517, -13, 129, 1125, 42;
34, 288, 11, 744, 509, -8, 135, 1124, 45;
36, 288, 12, 770, 503, -1, 143, 1124, 49;
42, 292, 18, 835, 537, 31, 166, 1141, 70;
33, 282, 8, 760, 431, -28, 132, 1100, 33;
43, 290, 17, 862, 502, 30, 171, 1132, 69;
43, 288, 17, 868, 477, 25, 170, 1125, 66;
37, 280, 10, 814, 392, -19, 145, 1092, 39;
40, 281, 12, 848, 396, -4, 156, 1097, 47;
36, 275, 7, 819, 337, -32, 141, 1075, 30;
38, 276, 9, 843, 331, -24, 149, 1076, 36;
43, 279, 13, 895, 354, 3, 168, 1089, 53;
39, 274, 10, 871, 301, -19, 155, 1070, 39;
45, 278, 15, 930, 331, 13, 178, 1085, 59;
43, 274, 12, 910, 283, -5, 167, 1069, 47;
39, 268, 8, 881, 226, -30, 153, 1048, 31;
43, 271, 11, 924, 242, -7, 170, 1058, 46;
46, 272, 14, 954, 245, 7, 180, 1063, 55;
50, 275, 18, 998, 262, 32, 197, 1073, 71;
43, 267, 11, 939, 177, -11, 171, 1041, 44;
42, 264, 9, 929, 142, -21, 166, 1030, 37;
47, 267, 14, 982, 170, 11, 187, 1045, 57;
50, 269, 17, 1010, 173, 26, 197, 1049, 67;
49, 266, 16, 1002, 141, 19, 193, 1040, 62;
47, 262, 13, 980, 95, 2, 183, 1024, 52;
51, 265, 17, 1020, 113, 27, 199, 1034, 67;
46, 258, 12, 975, 44, -4, 180, 1010, 48;
49, 260, 15, 1004, 52, 14, 192, 1016, 59;
48, 258, 14, 995, 21, 7, 188, 1007, 55;
43, 252, 9, 953, -40, -19, 171, 985, 38;
45, 252, 11, 964, -49, -12, 175, 984, 43;
42, 248, 8, 942, -90, -26, 166, 970, 34;
49, 254, 15, 1004, -47, 16, 192, 992, 61;
45, 249, 12, 969, -99, -4, 179, 973, 47;
43, 245, 9, 941, -145, -21, 168, 958, 37;
45, 247, 12, 964, -139, -4, 178, 964, 48;
49, 250, 16, 999, -119, 22, 194, 975, 64;
47, 246, 14, 976, -158, 10, 185, 963, 57;
50, 248, 17, 1001, -148, 30, 197, 970, 69;
44, 241, 12, 939, -223, -6, 172, 942, 46;
47, 244, 15, 967, -208, 16, 186, 952, 61;
40, 236, 9, 899, -289, -23, 159, 922, 36;
41, 235, 9, 898, -301, -19, 160, 920, 38;
41, 234, 10, 892, -318, -17, 160, 916, 40;
42, 235, 12, 903, -317, -4, 167, 920, 48;
46, 239, 16, 935, -294, 23, 182, 932, 65;
46, 238, 17, 927, -311, 24, 181, 928, 66;
44, 235, 15, 901, -345, 14, 173, 917, 60;
40, 231, 12, 862, -391, -3, 159, 901, 48;
45, 234, 17, 896, -363, 27, 176, 916, 67;
39, 228, 12, 837, -427, -3, 155, 892, 48;
42, 230, 15, 853, -415, 15, 164, 900, 60;
39, 227, 13, 818, -455, 0, 152, 886, 51;
38, 225, 12, 800, -475, -1, 148, 881, 50;
40, 228, 16, 817, -460, 19, 159, 890, 63;
39, 227, 16, 801, -478, 18, 155, 885, 62;
36, 223, 13, 758, -521, 0, 141, 870, 51;
32, 218, 9, 711, -568, -20, 125, 853, 38;
30, 217, 9, 690, -588, -23, 120, 847, 36;
35, 222, 15, 727, -549, 12, 140, 866, 58;
28, 214, 8, 645, -628, -30, 110, 836, 32;
32, 218, 13, 674, -596, 0, 125, 851, 51;
35, 222, 17, 698, -567, 29, 140, 865, 69;
26, 212, 9, 599, -662, -24, 103, 829, 35;
24, 210, 8, 571, -684, -30, 96, 822, 31;
24, 211, 9, 563, -685, -23, 97, 823, 36;
30, 216, 15, 600, -640, 14, 117, 844, 60;
25, 212, 12, 549, -683, -5, 100, 828, 47;
28, 214, 15, 559, -664, 14, 109, 838, 60;
28, 215, 17, 554, -659, 25, 112, 842, 66;
20, 208, 9, 465, -737, -19, 80, 811, 38;
22, 210, 13, 475, -716, 1, 89, 822, 51;
19, 207, 10, 427, -752, -16, 74, 808, 40;
20, 209, 13, 433, -733, 2, 81, 818, 52;
23, 212, 17, 445, -708, 24, 91, 829, 66;
20, 210, 14, 403, -736, 12, 79, 819, 58;
18, 208, 14, 373, -751, 7, 72, 815, 55;
15, 207, 12, 336, -771, -1, 62, 807, 49;
14, 206, 12, 314, -777, 0, 58, 806, 50;
17, 209, 16, 324, -749, 21, 68, 818, 64;
17, 210, 17, 311, -745, 28, 67, 821, 68;
15, 209, 16, 281, -757, 24, 60, 817, 66;
5, 200, 7, 172, -847, -32, 21, 781, 30;
7, 203, 11, 180, -819, -10, 30, 793, 44;
6, 202, 11, 153, -825, -12, 24, 791, 43;
8, 206, 14, 163, -794, 10, 34, 805, 57;
5, 204, 12, 122, -814, 0, 22, 797, 50;
2, 202, 11, 79, -834, -12, 10, 789, 43;
8, 209, 17, 119, -772, 29, 32, 815, 69;
0, 202, 11, 33, -834, -10, 2, 789, 44;
1, 204, 12, 23, -820, 0, 4, 795, 50;
2, 206, 15, 20, -799, 13, 8, 804, 59;
-5, 199, 8, -69, -864, -29, -23, 777, 32;
0, 207, 16, -21, -790, 18, 2, 808, 62;
-5, 202, 10, -94, -838, -13, -22, 788, 42;
-2, 206, 15, -74, -791, 16, -8, 807, 60;
-8, 201, 10, -150, -840, -18, -34, 786, 39;
-8, 203, 11, -159, -821, -7, -32, 793, 46;
-5, 207, 15, -147, -782, 16, -22, 809, 61;
-12, 202, 10, -223, -830, -18, -47, 788, 39;
-8, 207, 15, -200, -778, 13, -32, 809, 59;
-14, 202, 9, -274, -823, -19, -58, 790, 38;
-11, 207, 14, -255, -775, 8, -44, 809, 56;
-11, 209, 15, -265, -755, 17, -43, 816, 62;
-19, 202, 8, -355, -815, -26, -75, 790, 34;
-19, 204, 10, -365, -795, -17, -74, 797, 40;
-13, 211, 16, -325, -725, 24, -52, 825, 66;
-20, 205, 10, -407, -776, -14, -81, 803, 41;
-21, 207, 11, -424, -762, -11, -82, 807, 44;
-21, 208, 12, -437, -745, -5, -83, 813, 47;
-26, 205, 8, -493, -769, -27, -101, 801, 33;
-21, 211, 14, -464, -708, 6, -84, 825, 55;
-28, 206, 8, -541, -754, -30, -111, 804, 31;
-24, 212, 13, -510, -691, 4, -93, 829, 53;
-30, 207, 8, -581, -731, -29, -118, 810, 32;
-28, 211, 10, -577, -694, -13, -112, 823, 42;
-25, 216, 15, -554, -639, 15, -97, 845, 60;
-32, 211, 9, -632, -685, -23, -126, 823, 36;
-33, 212, 9, -651, -672, -22, -129, 827, 36;
-33, 213, 9, -668, -656, -21, -131, 831, 37;
-31, 217, 12, -657, -614, -1, -123, 846, 49;
-37, 213, 8, -719, -643, -30, -144, 832, 31;
-34, 217, 11, -706, -598, -10, -135, 848, 44;
-29, 224, 17, -669, -529, 25, -116, 874, 67;
-36, 219, 10, -745, -573, -13, -143, 854, 42;
-37, 220, 11, -760, -556, -12, -145, 858, 43;
-32, 226, 16, -725, -489, 21, -127, 883, 64;
-35, 225, 14, -763, -496, 6, -139, 878, 55;
-35, 227, 15, -763, -464, 16, -136, 888, 61;
-34, 229, 16, -770, -440, 21, -136, 895, 64;
-43, 222, 8, -859, -498, -28, -169, 868, 33;
-43, 224, 9, -865, -474, -23, -169, 876, 36;
-40, 229, 12, -846, -424, -2, -158, 893, 49;
-36, 234, 17, -818, -366, 25, -144, 915, 66;
-36, 236, 18, -820, -338, 31, -142, 923, 70;
-38, 236, 16, -847, -335, 21, -150, 921, 64;
-42, 233, 12, -893, -352, -2, -167, 911, 49;
-41, 236, 14, -885, -315, 9, -162, 923, 56;
-48, 232, 8, -952, -353, -28, -187, 905, 33;
-39, 242, 17, -872, -245, 30, -152, 946, 70;
-45, 238, 12, -933, -279, -4, -175, 929, 48;
-42, 242, 15, -910, -228, 16, -164, 947, 61;
-42, 243, 15, -921, -212, 13, -167, 950, 59;
-46, 241, 11, -963, -227, -9, -182, 941, 45;
-43, 246, 15, -933, -171, 14, -169, 960, 60;
-43, 247, 15, -941, -154, 13, -171, 964, 59;
-47, 245, 11, -980, -167, -9, -186, 956, 45;
-50, 243, 9, -1008, -171, -25, -196, 951, 35;
-41, 254, 18, -925, -63, 32, -161, 992, 71;
-48, 248, 10, -998, -113, -13, -190, 968, 42;
-42, 255, 17, -940, -32, 26, -166, 998, 67;
-42, 257, 17, -942, -11, 26, -166, 1003, 67;
-51, 249, 8, -1029, -77, -30, -202, 973, 31;
-48, 254, 11, -995, -22, -7, -188, 992, 46;
-45, 258, 14, -967, 25, 10, -176, 1009, 57;
-47, 258, 13, -983, 30, 0, -183, 1007, 50;
-50, 255, 9, -1017, 15, -23, -197, 998, 36;
-41, 266, 18, -930, 121, 32, -162, 1038, 71;
-47, 261, 11, -988, 80, -7, -187, 1018, 46;
-50, 259, 9, -1009, 78, -23, -196, 1013, 36;
-42, 268, 16, -934, 169, 23, -166, 1048, 65;
-41, 271, 18, -917, 201, 32, -160, 1058, 70;
-48, 264, 10, -985, 149, -16, -189, 1033, 40;
-48, 265, 9, -985, 164, -19, -190, 1036, 38;
-43, 272, 15, -928, 234, 14, -168, 1061, 59;
-41, 274, 16, -910, 265, 21, -162, 1071, 64;
-40, 276, 17, -896, 292, 26, -158, 1079, 67;
-43, 274, 14, -916, 283, 7, -168, 1072, 55;
-43, 275, 13, -914, 297, 3, -169, 1074, 53;
-47, 272, 9, -947, 274, -24, -185, 1062, 35;
-42, 277, 13, -896, 334, 2, -166, 1083, 52;
-43, 277, 11, -901, 337, -7, -170, 1081, 46;
-46, 275, 9, -917, 329, -25, -179, 1075, 35;
-38, 284, 16, -838, 415, 19, -149, 1108, 63;
-36, 286, 17, -813, 446, 28, -142, 1117, 68;
-45, 278, 8, -887, 377, -29, -175, 1086, 32;
-41, 282, 10, -851, 418, -14, -163, 1100, 42;
-40, 284, 11, -829, 443, -8, -157, 1108, 45;
-42, 282, 8, -841, 435, -25, -165, 1101, 35;
-39, 286, 11, -801, 477, -8, -152, 1116, 45;
-36, 288, 13, -771, 508, 1, -143, 1126, 51;
-35, 290, 14, -747, 532, 6, -137, 1134, 55;
-36, 289, 12, -748, 531, -4, -141, 1130, 48;
-30, 295, 16, -690, 588, 23, -120, 1152, 65;
-30, 295, 15, -681, 595, 18, -120, 1152, 62;
-31, 295, 14, -675, 598, 10, -122, 1151, 57;
-30, 295, 14, -660, 610, 8, -120, 1154, 56;
-35, 291, 8, -694, 572, -26, -138, 1135, 34;
-27, 299, 16, -607, 653, 19, -106, 1167, 62;
-26, 300, 16, -587, 668, 20, -102, 1171, 63;
-24, 301, 17, -560, 687, 24, -96, 1177, 66;
-25, 301, 15, -555, 685, 15, -98, 1174, 60;
-29, 296, 9, -588, 644, -20, -116, 1155, 38;
-23, 302, 15, -516, 707, 14, -91, 1179, 59;
-28, 297, 9, -552, 661, -24, -111, 1158, 36;
-23, 302, 13, -491, 712, 2, -90, 1177, 52;
-19, 305, 16, -440, 751, 22, -74, 1192, 64;
-26, 297, 8, -499, 680, -31, -103, 1161, 31;
-23, 300, 10, -458, 708, -19, -92, 1171, 39;
-23, 300, 9, -440, 712, -22, -89, 1171, 37;
-16, 306, 14, -366, 772, 12, -64, 1195, 58;
-15, 306, 14, -344, 779, 11, -60, 1196, 58;
-12, 309, 17, -301, 807, 25, -47, 1207, 66;
-17, 303, 10, -337, 754, -14, -67, 1184, 42;
-15, 304, 11, -307, 767, -10, -60, 1188, 44;
-15, 303, 10, -296, 760, -18, -61, 1184, 39;
-8, 310, 16, -211, 827, 22, -31, 1211, 64;
-11, 306, 11, -230, 788, -6, -45, 1194, 46;
-5, 311, 16, -159, 840, 24, -21, 1215, 66;
-11, 305, 10, -199, 779, -18, -43, 1189, 39;
-5, 309, 14, -134, 824, 9, -21, 1207, 56;
-1, 312, 17, -81, 855, 28, -5, 1219, 68;
-4, 308, 13, -93, 820, 3, -16, 1205, 53;
-8, 303, 8, -119, 772, -29, -32, 1184, 32;
2, 313, 17, -5, 862, 29, 9, 1221, 69;
-2, 307, 11, -39, 804, -9, -10, 1197, 44;
-4, 303, 8, -44, 775, -29, -18, 1185, 32;
2, 309, 14, 37, 831, 8, 9, 1208, 56;
-1, 304, 8, 9, 778, -26, -7, 1186, 34;
8, 313, 18, 120, 863, 30, 33, 1222, 70;
8, 312, 17, 137, 853, 25, 34, 1218, 66;
3, 305, 10, 99, 789, -15, 13, 1192, 41;
5, 306, 11, 128, 791, -12, 19, 1193, 43;
11, 311, 16, 204, 839, 21, 45, 1214, 64;
13, 311, 17, 233, 840, 24, 52, 1215, 66;
7, 304, 9, 189, 767, -20, 28, 1185, 38;
7, 302, 8, 200, 749, -29, 27, 1179, 32;
10, 303, 10, 242, 762, -17, 39, 1185, 40;
14, 307, 13, 298, 789, 4, 57, 1197, 53;
16, 306, 14, 324, 785, 5, 62, 1196, 54;
11, 301, 8, 298, 728, -27, 46, 1174, 34;
21, 309, 17, 402, 802, 26, 84, 1206, 67;
20, 307, 15, 408, 777, 15, 81, 1197, 60;
16, 300, 9, 376, 715, -20, 63, 1172, 38;
21, 304, 13, 437, 744, 5, 83, 1186, 54;
18, 299, 9, 423, 698, -19, 72, 1169, 38;
21, 300, 11, 459, 704, -9, 82, 1172, 45;
28, 306, 17, 537, 749, 27, 109, 1193, 68;
25, 301, 14, 526, 707, 6, 100, 1177, 55;
26, 301, 14, 547, 696, 6, 104, 1174, 55;
22, 295, 8, 516, 633, -27, 86, 1150, 33;
28, 299, 13, 586, 671, 5, 111, 1168, 54;
27, 296, 11, 585, 638, -8, 106, 1156, 45;
33, 301, 17, 657, 677, 26, 131, 1175, 67;
28, 294, 11, 621, 609, -10, 112, 1149, 44;
33, 297, 15, 676, 632, 14, 131, 1160, 59;
35, 297, 15, 700, 624, 17, 136, 1159, 62;
37, 297, 17, 728, 621, 25, 144, 1160, 66;
37, 296, 16, 742, 602, 22, 146, 1155, 64;
35, 292, 13, 732, 560, 4, 138, 1140, 54;
34, 289, 11, 731, 527, -7, 134, 1129, 46;
32, 286, 9, 726, 491, -20, 128, 1116, 37;
38, 290, 14, 787, 520, 9, 150, 1131, 56;
39, 289, 15, 807, 508, 12, 154, 1129, 58;
41, 290, 16, 835, 505, 21, 163, 1131, 64;
33, 280, 7, 768, 408, -32, 132, 1093, 31;
37, 282, 10, 808, 417, -14, 145, 1100, 41;
42, 285, 15, 867, 446, 16, 167, 1115, 61;
40, 281, 12, 853, 401, -1, 158, 1099, 49;
45, 285, 17, 906, 424, 26, 178, 1112, 67;
38, 275, 9, 841, 329, -25, 148, 1075, 35;
45, 281, 15, 915, 374, 16, 176, 1097, 61;
44, 279, 14, 916, 346, 10, 174, 1088, 57;
46, 279, 15, 935, 337, 17, 180, 1088, 61;
41, 272, 10, 894, 267, -16, 161, 1062, 40;
44, 273, 13, 928, 273, 0, 173, 1068, 51;
44, 272, 12, 932, 249, -2, 173, 1061, 49;
45, 271, 13, 949, 239, 4, 178, 1060, 53;
46, 271, 14, 961, 225, 7, 182, 1058, 55;
41, 264, 8, 917, 155, -25, 162, 1032, 35;
48, 269, 15, 982, 195, 14, 188, 1052, 59;
48, 268, 15, 990, 178, 16, 190, 1048, 61;
47, 265, 14, 980, 143, 6, 185, 1037, 55;
49, 266, 15, 1000, 139, 17, 192, 1039, 61;
43, 258, 9, 945, 61, -20, 169, 1009, 37;
45, 259, 11, 966, 58, -8, 177, 1012, 45;
49, 262, 15, 1006, 76, 16, 193, 1023, 61;
42, 253, 8, 937, -14, -30, 164, 989, 32;
50, 260, 16, 1019, 46, 24, 198, 1017, 65;
50, 259, 16, 1019, 25, 24, 198, 1012, 65;
45, 252, 11, 967, -46, -10, 176, 985, 44;
46, 252, 12, 980, -52, 0, 182, 986, 50;
45, 250, 11, 967, -84, -8, 177, 976, 45;
51, 255, 17, 1020, -49, 28, 200, 994, 68;
49, 252, 16, 1003, -84, 19, 193, 983, 62;
46, 247, 12, 966, -137, -2, 179, 965, 49;
43, 244, 10, 943, -176, -15, 170, 952, 41;
42, 241, 9, 925, -209, -23, 164, 941, 36;
43, 242, 11, 937, -212, -12, 170, 944, 43;
47, 244, 14, 964, -198, 10, 183, 953, 57;
48, 245, 16, 976, -199, 22, 189, 955, 64;
47, 242, 15, 957, -231, 14, 183, 945, 59;
47, 242, 16, 955, -244, 18, 184, 943, 62;
40, 234, 9, 889, -322, -19, 159, 914, 38;
44, 237, 14, 921, -299, 7, 174, 927, 55;
38, 230, 8, 853, -376, -30, 148, 898, 31;
37, 229, 8, 844, -394, -30, 147, 894, 32;
41, 232, 12, 876, -369, -1, 163, 907, 49;
44, 235, 16, 898, -355, 20, 174, 916, 63;
38, 228, 10, 831, -428, -16, 149, 889, 40;
42, 231, 14, 859, -405, 10, 164, 901, 57;
44, 233, 18, 877, -392, 31, 174, 910, 70;
41, 229, 15, 840, -432, 15, 162, 896, 60;
43, 231, 18, 850, -425, 31, 169, 902, 70;
40, 228, 15, 815, -463, 17, 158, 889, 62;
39, 226, 15, 799, -480, 17, 154, 884, 61;
36, 223, 13, 763, -516, 3, 143, 872, 53;
38, 225, 16, 769, -510, 18, 149, 877, 62;
31, 217, 9, 692, -586, -21, 121, 848, 37;
37, 223, 16, 743, -533, 23, 146, 873, 65;
34, 220, 14, 703, -571, 8, 133, 859, 56;
32, 218, 13, 679, -591, 4, 128, 853, 53;
32, 218, 13, 662, -603, 5, 125, 851, 54;
26, 212, 8, 597, -664, -26, 102, 828, 34;
28, 215, 12, 611, -643, -3, 112, 838, 48;
27, 213, 11, 585, -663, -8, 106, 833, 45;
26, 212, 11, 564, -676, -9, 102, 829, 45;
22, 208, 8, 515, -717, -28, 86, 814, 33;
23, 210, 10, 515, -708, -14, 91, 820, 41;
20, 207, 9, 479, -734, -24, 80, 811, 35;
18, 206, 8, 450, -752, -29, 73, 805, 32;
23, 211, 14, 483, -708, 6, 92, 825, 55;
19, 208, 11, 433, -746, -12, 76, 811, 43;
15, 204, 8, 383, -783, -30, 60, 797, 31;
16, 205, 10, 380, -772, -17, 64, 803, 39;
22, 212, 16, 420, -718, 23, 86, 827, 65;
19, 209, 15, 380, -743, 12, 75, 818, 58;
14, 205, 10, 318, -790, -13, 54, 800, 42;
16, 207, 13, 324, -767, 5, 62, 810, 54;
14, 207, 14, 301, -773, 6, 58, 809, 54;
14, 207, 14, 280, -776, 8, 55, 809, 56;
6, 200, 8, 197, -841, -31, 26, 783, 31;
12, 207, 14, 235, -784, 9, 47, 807, 57;
12, 207, 15, 221, -778, 16, 46, 810, 61;
3, 199, 7, 123, -855, -32, 12, 779, 30;
12, 209, 18, 195, -762, 31, 47, 818, 70;
2, 201, 10, 94, -841, -18, 11, 785, 39;
8, 208, 17, 138, -775, 26, 34, 813, 67;
1, 202, 11, 59, -832, -9, 7, 790, 44;
3, 205, 14, 60, -807, 7, 13, 801, 55;
0, 202, 11, 10, -833, -9, -1, 790, 45;
0, 204, 13, 7, -812, 4, 3, 799, 54;
2, 207, 16, 10, -784, 23, 9, 810, 65;
-7, 199, 8, -94, -864, -30, -28, 777, 32;
-5, 202, 11, -92, -835, -12, -21, 789, 43;
-1, 207, 15, -71, -788, 18, -7, 808, 62;
-9, 200, 9, -158, -848, -23, -37, 783, 36;
-10, 201, 9, -182, -845, -23, -42, 784, 36;
-9, 203, 12, -181, -816, -6, -35, 795, 47;
-4, 210, 17, -150, -757, 30, -17, 819, 70;
-7, 208, 15, -195, -773, 16, -30, 811, 61;
-15, 202, 9, -280, -829, -23, -60, 787, 36;
-16, 202, 8, -307, -827, -25, -66, 787, 34;
-16, 203, 10, -319, -809, -18, -65, 794, 39;
-14, 207, 13, -311, -772, 2, -57, 808, 52;
-17, 206, 12, -348, -779, -6, -67, 804, 47;
-13, 211, 16, -327, -727, 22, -53, 824, 65;
-16, 210, 15, -362, -732, 14, -62, 821, 60;
-19, 208, 12, -410, -748, -1, -77, 813, 49;
-21, 208, 12, -438, -746, -6, -83, 812, 47;
-26, 205, 8, -493, -769, -27, -101, 801, 33;
-22, 211, 13, -467, -712, 4, -85, 823, 53;
-23, 211, 13, -491, -704, 2, -90, 825, 52;
-24, 211, 12, -517, -698, 0, -96, 826, 50;
-28, 209, 10, -565, -714, -18, -111, 817, 39;
-23, 216, 16, -525, -642, 21, -90, 845, 64;
-23, 218, 17, -540, -625, 25, -92, 850, 66;
-24, 219, 17, -556, -609, 27, -94, 855, 67;
-28, 216, 14, -606, -627, 7, -110, 845, 55;
-25, 221, 18, -587, -576, 32, -98, 864, 71;
-28, 220, 15, -629, -586, 16, -111, 858, 61;
-36, 214, 9, -710, -634, -24, -140, 836, 35;
-33, 218, 12, -698, -590, -4, -131, 851, 47;
-37, 216, 9, -740, -600, -21, -145, 845, 37;
-36, 219, 10, -744, -573, -12, -143, 854, 42;
-32, 225, 16, -709, -505, 21, -124, 879, 64;
-34, 224, 14, -740, -505, 11, -134, 877, 58;
-35, 225, 14, -762, -495, 7, -139, 878, 55;
-42, 220, 8, -831, -532, -28, -164, 860, 33;
-34, 230, 17, -762, -433, 26, -133, 898, 67;
-42, 223, 9, -852, -491, -23, -167, 871, 36;
-36, 231, 16, -798, -407, 21, -141, 903, 64;
-41, 228, 12, -852, -430, -5, -160, 891, 47;
-44, 226, 9, -891, -439, -23, -174, 884, 36;
-39, 233, 14, -850, -368, 11, -154, 911, 58;
-46, 228, 8, -922, -410, -28, -181, 890, 33;
-42, 234, 13, -886, -345, 2, -164, 914, 52;
-41, 236, 14, -888, -318, 8, -162, 922, 56;
-42, 237, 13, -902, -304, 4, -166, 925, 53;
-46, 234, 10, -947, -320, -19, -183, 915, 39;
-47, 235, 9, -958, -303, -20, -185, 919, 38;
-41, 243, 16, -907, -225, 18, -162, 948, 62;
-43, 242, 14, -932, -223, 7, -171, 946, 55;
-41, 246, 16, -916, -180, 22, -163, 960, 64;
-48, 241, 10, -978, -216, -15, -187, 942, 41;
-46, 244, 12, -965, -178, -3, -181, 954, 49;
-50, 242, 9, -1003, -190, -24, -195, 946, 35;
-50, 243, 8, -1009, -172, -26, -197, 950, 34;
-44, 251, 15, -950, -89, 15, -171, 981, 60;
-50, 246, 9, -1012, -128, -23, -197, 962, 36;
-42, 255, 16, -943, -35, 24, -167, 997, 66;
-42, 257, 17, -943, -13, 25, -167, 1003, 66;
-43, 258, 16, -947, 4, 23, -168, 1006, 65;
-44, 258, 16, -955, 17, 18, -171, 1008, 62;
-42, 261, 17, -941, 52, 28, -165, 1020, 68;
-49, 256, 10, -1005, 8, -14, -192, 998, 41;
-47, 259, 12, -985, 47, -2, -184, 1011, 49;
-43, 264, 16, -944, 107, 23, -168, 1032, 65;
-51, 258, 8, -1017, 52, -26, -198, 1006, 34;
-45, 264, 14, -964, 122, 6, -177, 1031, 54;
-50, 261, 9, -1007, 96, -24, -196, 1017, 35;
-47, 264, 11, -979, 140, -8, -185, 1032, 45;
-47, 266, 11, -972, 162, -7, -183, 1038, 46;
-41, 273, 17, -912, 237, 29, -160, 1066, 69;
-43, 271, 14, -932, 230, 11, -170, 1060, 57;
-42, 273, 15, -918, 258, 16, -165, 1068, 61;
-48, 268, 8, -974, 213, -26, -190, 1046, 34;
-44, 274, 13, -925, 275, 1, -172, 1068, 51;
-39, 279, 17, -881, 329, 25, -155, 1088, 66;
-43, 275, 12, -913, 307, -2, -171, 1076, 49;
-41, 279, 14, -883, 346, 10, -161, 1088, 57;
-46, 274, 8, -930, 308, -27, -182, 1069, 34;
-42, 279, 12, -880, 366, 0, -164, 1090, 50;
-41, 280, 13, -868, 385, 0, -162, 1095, 50;
-36, 286, 17, -810, 449, 30, -140, 1119, 69;
-41, 282, 12, -851, 413, -5, -160, 1101, 47;
-43, 280, 9, -867, 402, -24, -170, 1094, 35;
-42, 281, 9, -851, 421, -23, -166, 1099, 36;
-35, 289, 15, -777, 499, 17, -139, 1128, 61;
-37, 288, 13, -782, 496, 4, -144, 1124, 53;
-32, 293, 17, -730, 549, 28, -126, 1143, 68;
-40, 285, 8, -800, 479, -28, -159, 1112, 33;
-40, 286, 8, -786, 493, -29, -156, 1115, 32;
-36, 289, 11, -741, 537, -10, -142, 1130, 44;
-35, 290, 11, -725, 551, -11, -139, 1134, 43;
-32, 294, 13, -684, 590, 4, -126, 1147, 53;
-36, 290, 8, -712, 557, -26, -142, 1132, 34;
-33, 293, 11, -670, 595, -10, -128, 1145, 44;
-33, 292, 9, -667, 593, -20, -131, 1142, 37;
-26, 300, 16, -586, 668, 20, -102, 1171, 63;
-32, 293, 8, -636, 612, -25, -127, 1145, 35;
-29, 296, 11, -597, 644, -12, -115, 1157, 43;
-29, 296, 10, -584, 648, -17, -115, 1156, 39;
-27, 298, 11, -553, 670, -10, -106, 1164, 44;
-26, 299, 11, -531, 682, -9, -102, 1167, 44;
-21, 303, 14, -478, 724, 11, -85, 1183, 57;
-26, 298, 9, -511, 680, -25, -104, 1162, 35;
-26, 298, 8, -495, 684, -29, -102, 1162, 32;
-21, 302, 12, -438, 728, -5, -83, 1179, 47;
-16, 307, 16, -377, 776, 20, -63, 1198, 63;
-20, 302, 10, -406, 732, -14, -80, 1178, 42;
-14, 307, 15, -338, 786, 15, -57, 1199, 60;
-20, 300, 8, -383, 725, -29, -81, 1172, 32;
-19, 301, 8, -360, 731, -29, -77, 1174, 32;
-14, 305, 12, -299, 775, -4, -57, 1191, 47;
-13, 306, 12, -272, 784, -2, -51, 1194, 49;
-7, 311, 17, -206, 832, 25, -29, 1213, 66;
-15, 302, 8, -268, 751, -31, -60, 1178, 31;
-11, 305, 11, -214, 785, -11, -43, 1192, 43;
-9, 307, 12, -179, 799, -4, -35, 1197, 47;
-9, 305, 10, -171, 786, -16, -37, 1191, 40;
0, 313, 18, -74, 862, 32, -2, 1222, 71;
-9, 303, 8, -141, 772, -28, -36, 1184, 33;
0, 312, 17, -33, 857, 26, 2, 1219, 67;
-1, 309, 13, -45, 822, 2, -7, 1205, 52;
-3, 306, 10, -46, 797, -14, -13, 1194, 41;