3, 312, 16, 34, 854, 23, 14, 1218, 65;
4, 312, 16, 58, 853, 22, 18, 1217, 65;
2, 309, 13, 53, 822, 2, 10, 1205, 52;
3, 308, 13, 74, 818, 0, 14, 1203, 51;
7, 311, 15, 124, 841, 17, 29, 1213, 61;
5, 308, 13, 123, 813, 0, 23, 1202, 51;
7, 308, 13, 148, 811, 0, 27, 1201, 51;
12, 312, 17, 214, 849, 28, 49, 1218, 68;
12, 311, 16, 229, 836, 22, 50, 1213, 64;
13, 310, 16, 249, 827, 19, 52, 1210, 62;
13, 308, 14, 260, 809, 10, 52, 1203, 57;
13, 307, 14, 278, 798, 6, 54, 1200, 55;
13, 306, 13, 291, 782, 0, 54, 1194, 50;
15, 306, 13, 319, 779, 2, 60, 1194, 52;
11, 301, 8, 297, 727, -27, 45, 1174, 33;
21, 309, 17, 401, 802, 26, 84, 1206, 67;
22, 308, 17, 426, 796, 27, 89, 1204, 68;
19, 304, 13, 409, 747, 1, 76, 1186, 51;
25, 308, 17, 474, 781, 29, 98, 1201, 69;
16, 298, 8, 407, 683, -29, 66, 1162, 32;
18, 297, 8, 431, 675, -28, 70, 1160, 33;
19, 297, 9, 458, 671, -24, 77, 1160, 35;
29, 305, 18, 563, 744, 31, 116, 1193, 70;
25, 300, 13, 539, 688, 1, 101, 1171, 51;
26, 298, 12, 552, 669, -3, 101, 1165, 48;
27, 298, 12, 572, 657, -3, 105, 1162, 48;
32, 301, 17, 635, 688, 25, 127, 1177, 66;
25, 293, 9, 579, 600, -25, 99, 1143, 35;
25, 291, 8, 591, 579, -30, 100, 1136, 32;
26, 290, 8, 610, 567, -29, 103, 1133, 32;
27, 290, 8, 631, 555, -28, 108, 1131, 33;
29, 290, 9, 657, 549, -22, 114, 1131, 36;
30, 289, 9, 679, 539, -19, 119, 1129, 38;
36, 293, 14, 742, 570, 11, 142, 1144, 58;
32, 288, 10, 717, 513, -16, 128, 1123, 40;
32, 285, 9, 721, 485, -24, 126, 1114, 35;
40, 291, 16, 801, 534, 19, 156, 1137, 62;
33, 283, 8, 748, 450, -26, 130, 1105, 34;
42, 290, 17, 843, 513, 26, 166, 1134, 67;
38, 284, 12, 810, 449, -4, 149, 1110, 48;
41, 286, 15, 850, 459, 13, 163, 1117, 59;
43, 286, 16, 877, 455, 22, 171, 1119, 65;
39, 280, 11, 839, 387, -10, 152, 1093, 44;
44, 284, 16, 898, 416, 20, 174, 1108, 63;
43, 281, 14, 890, 379, 7, 168, 1096, 55;
39, 275, 9, 857, 316, -21, 152, 1073, 37;
45, 279, 15, 921, 351, 14, 176, 1091, 59;
46, 279, 16, 938, 340, 19, 181, 1089, 62;
47, 278, 16, 951, 324, 21, 185, 1086, 64;
42, 271, 11, 908, 253, -12, 165, 1059, 43;
39, 267, 8, 887, 205, -31, 154, 1043, 31;
50, 276, 18, 990, 280, 31, 195, 1077, 70;
47, 272, 15, 973, 237, 16, 187, 1063, 60;
40, 263, 8, 909, 147, -30, 159, 1028, 31;
41, 262, 8, 918, 130, -28, 161, 1025, 33;
45, 265, 12, 961, 149, -2, 178, 1036, 49;
51, 269, 17, 1015, 178, 29, 199, 1051, 69;
46, 263, 12, 971, 109, -2, 180, 1026, 49;
45, 260, 11, 961, 76, -10, 175, 1016, 44;
42, 256, 8, 935, 27, -29, 164, 999, 32;
50, 263, 16, 1015, 85, 22, 197, 1026, 64;
46, 258, 12, 980, 28, -1, 182, 1006, 50;
49, 259, 15, 1003, 30, 13, 191, 1011, 59;
51, 260, 18, 1030, 36, 31, 202, 1016, 70;
49, 256, 15, 1003, -10, 13, 191, 1000, 59;
48, 254, 14, 996, -36, 9, 189, 993, 56;
42, 247, 8, 934, -117, -30, 164, 963, 32;
50, 253, 16, 1008, -61, 20, 195, 989, 63;
50, 252, 16, 1007, -79, 21, 195, 985, 64;
44, 246, 11, 955, -148, -10, 174, 960, 44;
48, 248, 14, 984, -135, 12, 187, 969, 58;
46, 245, 13, 965, -169, 2, 181, 958, 52;
46, 244, 13, 963, -185, 5, 181, 955, 54;
47, 244, 14, 966, -197, 11, 184, 953, 57;
47, 244, 15, 967, -208, 16, 186, 952, 61;
47, 242, 15, 957, -230, 14, 183, 946, 60;
49, 243, 17, 973, -227, 30, 191, 951, 69;
39, 233, 8, 880, -330, -25, 155, 911, 35;
48, 241, 18, 957, -263, 31, 189, 942, 70;
44, 236, 14, 915, -314, 10, 174, 924, 57;
46, 237, 16, 923, -315, 22, 179, 926, 64;
39, 230, 10, 859, -387, -13, 155, 900, 42;
42, 232, 14, 877, -376, 6, 165, 907, 54;
36, 226, 8, 816, -442, -25, 143, 883, 34;
38, 227, 11, 824, -440, -12, 149, 887, 43;
34, 223, 8, 784, -484, -30, 135, 871, 31;
43, 231, 17, 860, -412, 29, 170, 904, 69;
35, 222, 9, 772, -503, -20, 137, 869, 38;
33, 220, 8, 746, -532, -28, 129, 860, 33;
35, 222, 11, 758, -521, -9, 138, 867, 44;
32, 218, 8, 718, -562, -26, 124, 853, 34;
39, 226, 17, 784, -495, 28, 155, 883, 68;
30, 217, 9, 688, -590, -24, 119, 846, 35;
29, 215, 8, 665, -611, -28, 114, 840, 33;
31, 217, 11, 678, -595, -8, 123, 849, 45;
31, 217, 12, 665, -605, -5, 122, 848, 47;
30, 217, 12, 651, -614, -2, 120, 846, 49;
25, 211, 8, 589, -671, -31, 99, 825, 31;
31, 217, 14, 633, -622, 10, 121, 847, 57;
29, 215, 13, 604, -643, 4, 114, 840, 53;
23, 210, 9, 543, -697, -22, 93, 820, 36;
28, 215, 14, 576, -656, 12, 111, 839, 58;
26, 213, 13, 546, -677, 5, 103, 832, 54;
24, 212, 13, 518, -695, 1, 97, 827, 51;
19, 206, 8, 453, -750, -27, 75, 806, 33;
23, 211, 13, 480, -711, 4, 91, 824, 53;
26, 214, 17, 493, -686, 27, 101, 836, 68;
19, 208, 12, 421, -746, -5, 76, 812, 47;
16, 206, 10, 382, -771, -16, 65, 803, 40;
18, 207, 12, 381, -758, -2, 70, 810, 49;
16, 207, 12, 355, -768, -4, 65, 807, 48;
18, 209, 15, 360, -747, 14, 72, 817, 59;
18, 210, 16, 348, -743, 22, 72, 820, 64;
11, 203, 10, 265, -809, -17, 43, 794, 39;
9, 203, 10, 240, -816, -18, 38, 792, 39;
9, 203, 10, 223, -815, -14, 36, 793, 42;
9, 204, 12, 213, -805, -4, 38, 798, 48;
6, 201, 9, 165, -834, -20, 23, 787, 38;
8, 205, 13, 177, -801, 3, 34, 801, 53;
5, 202, 11, 131, -826, -11, 20, 791, 44;
6, 204, 13, 126, -809, 2, 24, 799, 52;
4, 204, 12, 97, -816, 0, 18, 796, 50;
6, 206, 15, 97, -793, 15, 23, 806, 60;
6, 208, 17, 90, -777, 27, 26, 813, 68;
-3, 199, 8, -17, -862, -28, -13, 778, 33;
-2, 201, 10, -25, -845, -16, -10, 785, 40;
-3, 201, 10, -45, -839, -13, -13, 787, 42;
2, 209, 18, -2, -772, 31, 10, 815, 70;
-4, 203, 11, -85, -829, -7, -18, 791, 46;
-3, 205, 14, -86, -803, 8, -13, 802, 56;
-2, 208, 16, -90, -780, 21, -9, 811, 64;
-7, 204, 12, -149, -812, -1, -28, 797, 50;
-7, 205, 13, -166, -801, 3, -29, 801, 53;
-7, 207, 15, -175, -782, 13, -28, 808, 59;
-12, 203, 11, -237, -815, -11, -48, 794, 43;
-14, 202, 10, -273, -822, -19, -57, 790, 39;
-14, 204, 11, -284, -804, -10, -56, 797, 44;
-12, 208, 15, -273, -764, 12, -46, 813, 58;
-11, 210, 16, -284, -745, 20, -46, 819, 63;
-20, 202, 8, -380, -811, -27, -80, 791, 33;
-21, 203, 8, -403, -803, -27, -84, 793, 33;
-17, 209, 13, -377, -746, 4, -68, 815, 54;
-17, 210, 15, -388, -727, 12, -68, 822, 58;
-22, 207, 10, -450, -757, -13, -88, 808, 42;
-22, 209, 12, -458, -734, -4, -87, 816, 48;
-19, 213, 15, -448, -692, 17, -77, 831, 61;
-21, 213, 15, -473, -686, 14, -83, 832, 59;
-27, 208, 9, -545, -726, -19, -108, 814, 38;
-24, 213, 14, -528, -677, 6, -96, 833, 54;
-22, 217, 17, -519, -636, 25, -88, 848, 66;
-25, 216, 15, -557, -642, 13, -99, 843, 59;
-32, 210, 8, -636, -689, -25, -127, 822, 34;
-33, 211, 8, -657, -678, -26, -131, 824, 34;
-35, 211, 8, -679, -668, -28, -136, 826, 33;
-29, 219, 14, -637, -594, 11, -115, 855, 58;
-30, 219, 14, -658, -583, 9, -119, 857, 56;
-30, 221, 15, -665, -557, 17, -118, 865, 61;
-39, 214, 7, -757, -617, -32, -152, 838, 30;
-34, 221, 13, -720, -548, 3, -133, 864, 53;
-32, 225, 16, -711, -508, 19, -126, 878, 63;
-35, 223, 13, -751, -516, 4, -138, 872, 53;
-32, 228, 17, -728, -461, 29, -125, 892, 69;
-40, 222, 9, -817, -519, -19, -159, 865, 38;
-41, 223, 9, -832, -502, -19, -161, 870, 38;
-39, 226, 12, -822, -461, -3, -154, 884, 48;
-34, 233, 17, -784, -393, 30, -135, 909, 69;
-36, 233, 16, -807, -385, 23, -142, 910, 65;
-39, 231, 14, -846, -394, 6, -155, 903, 55;
-42, 230, 12, -875, -393, -5, -165, 900, 47;
-45, 229, 9, -913, -401, -22, -178, 894, 36;
-46, 230, 9, -924, -383, -22, -180, 898, 36;
-46, 231, 9, -933, -363, -22, -181, 904, 37;
-44, 235, 11, -922, -324, -8, -175, 917, 45;
-45, 235, 11, -937, -310, -12, -179, 919, 43;
-46, 237, 11, -945, -290, -11, -180, 924, 43;
-49, 235, 8, -982, -299, -31, -193, 917, 31;
-41, 244, 16, -911, -201, 21, -162, 955, 64;
-43, 244, 14, -933, -197, 10, -170, 953, 57;
-45, 244, 13, -955, -193, 0, -178, 951, 51;
-44, 247, 14, -943, -155, 11, -171, 964, 58;
-45, 247, 13, -958, -146, 4, -177, 964, 53;
-45, 249, 14, -958, -120, 8, -175, 971, 56;
-50, 245, 8, -1012, -151, -25, -197, 956, 35;
-47, 249, 12, -983, -99, -4, -185, 974, 48;
-46, 252, 13, -974, -67, 3, -180, 984, 53;
-51, 248, 8, -1027, -97, -30, -202, 968, 31;
-49, 252, 10, -1005, -53, -14, -192, 983, 41;
-44, 258, 15, -957, 15, 17, -172, 1008, 61;
-45, 258, 14, -969, 24, 9, -177, 1008, 56;
-47, 257, 12, -986, 26, -2, -185, 1006, 49;
-48, 257, 11, -1000, 32, -12, -191, 1004, 43;
-42, 265, 17, -934, 116, 29, -164, 1036, 69;
-47, 261, 12, -981, 88, -2, -183, 1021, 49;
-48, 261, 10, -994, 92, -13, -190, 1019, 42;
-44, 266, 15, -951, 152, 12, -173, 1041, 58;
-41, 271, 18, -919, 200, 31, -160, 1057, 70;
-48, 264, 10, -986, 148, -16, -189, 1032, 40;
-45, 268, 13, -954, 194, 0, -177, 1048, 51;
-46, 269, 12, -957, 205, -5, -180, 1049, 47;
-40, 275, 17, -899, 276, 28, -158, 1075, 68;
-41, 275, 16, -906, 282, 19, -162, 1075, 63;
-43, 274, 13, -922, 277, 3, -170, 1069, 53;
-40, 278, 16, -882, 328, 24, -156, 1087, 66;
-48, 271, 8, -955, 265, -30, -188, 1058, 32;
-44, 275, 11, -917, 312, -11, -175, 1074, 43;
-43, 277, 12, -897, 341, -4, -169, 1083, 47;
-42, 279, 12, -881, 365, -1, -164, 1090, 50;
-43, 279, 11, -885, 368, -11, -169, 1088, 43;
-40, 282, 13, -856, 403, 0, -159, 1100, 50;
-42, 280, 10, -866, 398, -15, -166, 1095, 41;
-36, 287, 16, -801, 468, 19, -142, 1121, 63;
-43, 280, 8, -863, 410, -30, -171, 1094, 31;
-33, 291, 18, -753, 522, 32, -129, 1138, 71;
-34, 290, 16, -758, 520, 19, -134, 1134, 63;
-36, 289, 13, -768, 511, 3, -142, 1128, 53;
-40, 285, 8, -797, 482, -26, -157, 1113, 34;
-35, 290, 13, -739, 540, 1, -137, 1134, 51;
-35, 290, 11, -736, 542, -7, -140, 1132, 46;
-39, 287, 7, -756, 520, -32, -152, 1121, 31;
-33, 293, 12, -696, 578, -3, -131, 1142, 48;
-30, 296, 14, -659, 611, 9, -119, 1154, 56;
-34, 292, 10, -682, 584, -17, -133, 1140, 39;
-25, 300, 17, -594, 667, 28, -101, 1172, 68;
-27, 298, 14, -600, 654, 11, -108, 1165, 57;
-26, 300, 15, -577, 671, 13, -102, 1170, 59;
-29, 296, 10, -599, 641, -14, -116, 1155, 41;
-23, 302, 16, -529, 703, 19, -92, 1179, 62;
-28, 297, 10, -563, 659, -17, -111, 1159, 39;
-21, 304, 16, -484, 729, 21, -82, 1186, 64;
-19, 305, 17, -454, 748, 27, -75, 1192, 67;
-24, 300, 11, -491, 701, -11, -95, 1171, 43;
-18, 305, 15, -426, 753, 17, -73, 1191, 61;
-16, 307, 17, -388, 778, 27, -63, 1200, 68;
-14, 309, 18, -358, 794, 32, -55, 1205, 71;
-18, 304, 13, -385, 753, 0, -72, 1187, 50;
-17, 305, 13, -359, 764, 1, -66, 1190, 51;
-14, 307, 14, -322, 785, 10, -56, 1198, 57;
-11, 309, 16, -284, 807, 21, -45, 1206, 64;
-10, 309, 16, -263, 811, 19, -42, 1206, 62;
-15, 304, 10, -292, 764, -16, -60, 1186, 40;
-11, 307, 13, -243, 794, 0, -45, 1197, 51;
-14, 303, 9, -258, 761, -25, -56, 1183, 35;
-4, 312, 17, -153, 846, 28, -18, 1217, 68;
-10, 305, 10, -195, 783, -15, -41, 1191, 41;
-4, 310, 15, -121, 837, 17, -16, 1212, 62;
-5, 308, 13, -117, 818, 3, -20, 1204, 53;
0, 312, 17, -59, 854, 26, -2, 1219, 67;
-5, 306, 10, -96, 794, -15, -23, 1193, 41;
2, 313, 17, -3, 864, 30, 9, 1222, 69;
2, 311, 16, 6, 850, 20, 8, 1216, 63;
0, 308, 12, -2, 817, -1, 0, 1203, 50;
6, 313, 18, 71, 866, 31, 24, 1223, 70;
5, 311, 15, 75, 844, 17, 19, 1214, 61;
5, 310, 14, 89, 832, 10, 20, 1209, 57;
4, 308, 12, 95, 811, -2, 16, 1201, 49;
1, 304, 8, 83, 773, -26, 6, 1185, 34;
11, 312, 17, 191, 854, 29, 45, 1219, 69;
4, 304, 9, 136, 771, -23, 17, 1186, 36;
10, 308, 14, 205, 812, 6, 40, 1203, 54;
13, 309, 15, 243, 822, 15, 50, 1208, 60;
10, 306, 12, 235, 784, -6, 41, 1193, 46;
9, 303, 9, 234, 755, -22, 36, 1182, 37;
8, 301, 7, 244, 734, -32, 34, 1174, 31;
10, 300, 8, 268, 729, -31, 39, 1173, 31;
21, 310, 17, 384, 814, 30, 81, 1210, 69;
18, 306, 14, 375, 775, 9, 73, 1195, 56;
20, 306, 14, 403, 772, 12, 79, 1195, 58;
16, 300, 9, 376, 714, -20, 63, 1172, 38;
24, 306, 16, 462, 769, 21, 93, 1196, 64;
18, 300, 10, 425, 701, -17, 73, 1170, 40;
17, 297, 7, 425, 670, -31, 68, 1158, 31;
19, 297, 8, 452, 665, -28, 74, 1158, 33;
27, 303, 16, 544, 725, 18, 108, 1185, 62;
25, 300, 13, 537, 686, 0, 100, 1170, 50;
24, 297, 11, 540, 657, -11, 96, 1160, 43;
29, 300, 15, 599, 684, 14, 116, 1173, 59;
24, 293, 9, 561, 613, -24, 96, 1146, 35;
29, 297, 13, 618, 639, 0, 115, 1159, 51;
33, 299, 15, 663, 651, 17, 129, 1166, 62;
34, 298, 16, 686, 643, 21, 135, 1165, 64;
31, 293, 12, 664, 588, -5, 122, 1145, 47;
35, 296, 15, 717, 609, 17, 139, 1156, 62;
37, 296, 17, 746, 606, 25, 147, 1157, 66;
30, 287, 8, 685, 513, -26, 118, 1121, 34;
38, 293, 15, 765, 561, 15, 148, 1143, 60;
39, 293, 16, 792, 557, 23, 155, 1144, 65;
38, 290, 14, 787, 520, 9, 149, 1131, 56;
37, 287, 12, 782, 484, -3, 144, 1119, 48;
42, 290, 17, 841, 512, 26, 165, 1133, 67;
37, 284, 11, 804, 444, -8, 147, 1108, 45;
38, 282, 11, 816, 424, -9, 148, 1103, 45;
43, 286, 16, 876, 454, 21, 171, 1118, 64;
42, 284, 15, 874, 422, 12, 167, 1108, 58;
36, 276, 8, 823, 341, -29, 143, 1077, 32;
45, 283, 16, 911, 400, 21, 177, 1104, 64;
46, 282, 17, 928, 387, 25, 181, 1102, 66;
41, 276, 11, 889, 319, -7, 163, 1077, 46;
48, 280, 17, 953, 354, 28, 187, 1095, 68;
38, 269, 7, 871, 244, -31, 151, 1052, 31;
42, 271, 10, 905, 251, -14, 163, 1058, 41;
49, 277, 17, 980, 298, 30, 193, 1081, 69;
47, 273, 15, 966, 256, 15, 185, 1067, 60;
41, 265, 8, 908, 172, -27, 160, 1036, 34;
40, 263, 8, 909, 148, -30, 159, 1029, 31;
49, 270, 16, 991, 203, 20, 191, 1055, 63;
42, 262, 9, 932, 120, -22, 166, 1024, 37;
49, 267, 16, 999, 162, 19, 192, 1045, 62;
46, 263, 12, 969, 108, -2, 179, 1026, 49;
46, 262, 12, 975, 90, -1, 181, 1022, 50;
52, 266, 18, 1028, 120, 32, 202, 1037, 71;
48, 261, 15, 1000, 70, 12, 190, 1020, 58;
46, 258, 12, 980, 28, -1, 182, 1006, 50;
47, 257, 13, 986, 13, 2, 184, 1003, 52;
50, 259, 16, 1018, 25, 23, 198, 1012, 65;
45, 252, 11, 967, -46, -10, 176, 985, 44;
50, 256, 16, 1011, -22, 19, 195, 999, 63;
43, 248, 9, 944, -107, -23, 167, 967, 36;
41, 245, 8, 932, -137, -30, 163, 958, 32;
48, 250, 14, 988, -98, 9, 187, 977, 56;
50, 252, 17, 1013, -90, 28, 198, 984, 68;
42, 242, 9, 930, -189, -23, 165, 946, 36;
44, 243, 11, 947, -187, -9, 173, 951, 45;
44, 242, 12, 945, -203, -6, 174, 947, 46;
42, 240, 10, 925, -238, -16, 167, 936, 40;
45, 241, 12, 941, -234, 0, 175, 941, 50;
45, 241, 14, 946, -241, 7, 179, 941, 55;
47, 242, 16, 955, -244, 18, 184, 943, 62;
40, 233, 9, 882, -328, -24, 156, 912, 35;
39, 232, 9, 873, -348, -24, 154, 907, 35;
42, 235, 12, 898, -331, 0, 167, 917, 50;
43, 235, 14, 900, -338, 6, 170, 917, 55;
38, 229, 9, 843, -403, -23, 149, 893, 36;
45, 235, 17, 906, -347, 25, 177, 920, 66;
44, 234, 16, 888, -371, 21, 173, 913, 64;
38, 227, 11, 825, -439, -11, 149, 887, 43;
37, 226, 10, 810, -459, -13, 146, 882, 42;
34, 222, 8, 772, -500, -29, 134, 868, 32;
38, 225, 12, 800, -475, -1, 148, 881, 50;
42, 230, 18, 835, -443, 31, 166, 897, 70;
33, 220, 9, 736, -543, -24, 128, 858, 35;
32, 219, 9, 721, -559, -24, 126, 854, 35;
39, 225, 16, 776, -503, 23, 152, 880, 65;
39, 225, 17, 766, -512, 27, 152, 879, 67;
36, 222, 15, 731, -545, 15, 141, 868, 60;
36, 222, 16, 726, -547, 23, 143, 869, 65;
33, 219, 14, 683, -587, 6, 129, 855, 55;
32, 218, 14, 669, -597, 9, 128, 853, 56;
30, 216, 13, 636, -624, 0, 118, 844, 51;
34, 220, 17, 660, -594, 28, 133, 859, 68;
24, 210, 8, 557, -690, -26, 94, 821, 34;
24, 210, 9, 546, -695, -21, 94, 821, 37;
26, 213, 12, 555, -677, -1, 103, 831, 50;
24, 211, 11, 523, -700, -9, 94, 823, 45;
21, 209, 10, 490, -723, -17, 85, 815, 40;
19, 206, 8, 453, -750, -27, 75, 806, 33;
22, 210, 13, 474, -717, 0, 88, 821, 51;
22, 210, 13, 459, -720, 4, 87, 821, 53;
25, 214, 17, 474, -692, 29, 98, 835, 69;
21, 211, 15, 430, -722, 15, 85, 824, 60;
15, 205, 10, 359, -780, -17, 61, 801, 40;
16, 206, 11, 351, -772, -6, 63, 806, 46;
16, 207, 13, 343, -764, 3, 65, 810, 52;
16, 208, 14, 326, -765, 7, 63, 811, 55;
10, 203, 9, 262, -812, -19, 42, 793, 38;
11, 204, 11, 256, -800, -7, 45, 798, 46;
7, 201, 8, 200, -837, -29, 27, 784, 32;
6, 201, 9, 185, -833, -23, 26, 786, 36;
9, 205, 12, 195, -804, 0, 36, 799, 50;
4, 201, 9, 138, -840, -22, 18, 785, 37;
5, 203, 11, 132, -826, -10, 21, 791, 44;
5, 204, 12, 121, -815, -1, 22, 796, 50;
6, 206, 15, 119, -794, 13, 27, 805, 59;
1, 202, 11, 58, -832, -10, 7, 790, 44;
4, 206, 15, 69, -798, 13, 17, 804, 59;
-3, 199, 8, -20, -864, -30, -14, 777, 32;
0, 203, 12, -2, -821, -1, 0, 795, 50;
-4, 200, 9, -55, -850, -20, -17, 783, 38;
0, 207, 16, -20, -789, 19, 2, 808, 62;
0, 207, 15, -47, -791, 17, -2, 807, 61;
-7, 201, 10, -123, -840, -16, -28, 786, 40;
-10, 200, 8, -165, -855, -27, -40, 780, 33;
-2, 209, 17, -106, -769, 27, -10, 815, 68;
-13, 200, 8, -217, -852, -30, -51, 780, 32;
-6, 208, 16, -167, -773, 19, -24, 812, 63;
-8, 207, 15, -200, -779, 13, -32, 809, 59;
-12, 205, 12, -248, -797, -2, -47, 800, 49;
-12, 206, 13, -261, -781, 4, -47, 806, 53;
-16, 204, 10, -313, -803, -14, -63, 796, 42;
-15, 206, 12, -320, -781, -3, -61, 804, 48;
-21, 202, 8, -384, -814, -30, -82, 789, 32;
-14, 211, 16, -331, -731, 20, -54, 823, 63;
-22, 204, 8, -424, -793, -26, -88, 795, 34;
-16, 212, 16, -375, -714, 21, -62, 827, 64;
-19, 210, 14, -416, -724, 8, -74, 822, 56;
-17, 214, 17, -409, -685, 28, -66, 836, 68;
-24, 208, 11, -493, -737, -12, -96, 813, 42;
-18, 216, 17, -449, -662, 30, -73, 842, 70;
-26, 210, 11, -529, -710, -8, -101, 821, 45;
-22, 215, 16, -508, -657, 19, -88, 841, 63;
-26, 213, 13, -556, -673, 0, -103, 832, 51;
-24, 217, 16, -549, -634, 18, -96, 846, 62;
-26, 216, 15, -578, -631, 12, -103, 846, 58;
-29, 215, 12, -621, -642, -2, -116, 839, 49;
-29, 217, 14, -627, -615, 6, -114, 848, 54;
-34, 214, 10, -683, -640, -19, -134, 835, 39;
-37, 213, 8, -720, -644, -31, -145, 831, 31;
-33, 218, 12, -696, -588, -3, -131, 852, 48;
-38, 215, 8, -752, -612, -29, -150, 840, 32;
-32, 223, 15, -704, -532, 14, -126, 871, 59;
-32, 225, 16, -710, -506, 21, -125, 879, 64;
-39, 219, 9, -789, -554, -21, -154, 856, 37;
-39, 221, 10, -799, -532, -17, -155, 863, 40;
-39, 223, 11, -805, -506, -11, -153, 871, 44;
-39, 225, 12, -809, -480, -4, -152, 879, 48;
-38, 228, 13, -809, -449, 4, -149, 889, 53;
-43, 224, 9, -866, -474, -23, -169, 876, 36;
-39, 229, 13, -839, -418, 2, -155, 896, 52;
-44, 227, 9, -886, -434, -20, -172, 886, 38;
-36, 236, 17, -824, -342, 28, -143, 921, 68;
-43, 231, 11, -894, -382, -10, -170, 902, 44;
-41, 234, 13, -882, -341, 5, -162, 916, 54;
-44, 234, 11, -912, -342, -8, -172, 912, 45;
-47, 232, 8, -949, -350, -26, -186, 906, 34;
-44, 237, 12, -926, -299, -4, -174, 924, 47;
-44, 239, 13, -927, -272, 0, -172, 932, 51;
-41, 243, 16, -904, -221, 20, -161, 949, 63;
-50, 236, 8, -990, -281, -31, -195, 922, 31;
-41, 247, 17, -908, -172, 27, -160, 963, 68;
-44, 245, 14, -939, -177, 10, -171, 958, 57;
-44, 246, 14, -946, -158, 10, -173, 963, 57;
-50, 242, 9, -1002, -190, -24, -195, 946, 35;
-48, 245, 10, -993, -156, -15, -190, 957, 41;
-49, 246, 10, -997, -136, -15, -191, 962, 41;
-50, 246, 8, -1016, -131, -25, -198, 960, 34;
-45, 252, 13, -971, -63, 5, -179, 985, 54;
-43, 256, 16, -951, -21, 20, -170, 999, 63;
-50, 251, 9, -1014, -62, -21, -196, 979, 37;
-43, 259, 16, -949, 23, 22, -169, 1011, 64;
-49, 254, 10, -1006, -12, -15, -193, 992, 41;
-43, 261, 16, -952, 61, 20, -170, 1020, 63;
-50, 256, 9, -1011, 21, -20, -195, 1000, 38;
-46, 261, 13, -977, 74, 1, -181, 1018, 52;
-50, 258, 9, -1015, 54, -25, -198, 1007, 35;
-51, 259, 8, -1016, 70, -28, -199, 1010, 33;
-43, 268, 16, -941, 162, 19, -168, 1045, 63;
-49, 262, 9, -998, 121, -21, -193, 1024, 37;
-44, 269, 14, -943, 191, 11, -171, 1050, 58;
-45, 268, 12, -958, 191, -1, -179, 1047, 49;
-47, 267, 10, -970, 192, -14, -185, 1044, 42;
-43, 272, 14, -929, 246, 8, -170, 1063, 56;
-40, 277, 17, -892, 296, 28, -156, 1081, 68;
-40, 277, 17, -890, 310, 24, -157, 1083, 66;
-44, 274, 12, -925, 285, -4, -174, 1069, 48;
-47, 271, 8, -950, 270, -26, -186, 1060, 34;
-38, 282, 17, -854, 375, 30, -148, 1101, 69;
-42, 278, 12, -891, 347, 0, -166, 1086, 50;
-39, 282, 15, -852, 393, 17, -153, 1102, 61;
-36, 286, 18, -819, 433, 32, -141, 1115, 70;
-36, 286, 17, -813, 446, 28, -141, 1118, 68;
-44, 278, 8, -887, 377, -29, -175, 1086, 32;
-40, 283, 12, -838, 431, -5, -158, 1106, 47;
-36, 288, 15, -791, 481, 16, -142, 1123, 61;
-34, 290, 17, -765, 510, 24, -134, 1133, 66;
-40, 284, 9, -818, 459, -20, -159, 1109, 38;
-41, 284, 8, -813, 466, -26, -160, 1109, 34;
-33, 292, 15, -734, 545, 15, -131, 1139, 60;
-30, 295, 17, -696, 583, 30, -119, 1152, 69;
-36, 290, 11, -738, 540, -8, -140, 1132, 45;
-30, 296, 16, -675, 601, 21, -118, 1154, 64;
-30, 296, 15, -664, 609, 17, -117, 1155, 61;
-36, 289, 8, -716, 554, -28, -143, 1130, 33;
-31, 295, 13, -654, 612, 0, -121, 1152, 51;
-32, 293, 10, -658, 603, -14, -127, 1146, 41;
-30, 296, 12, -623, 631, -4, -117, 1156, 48;
-32, 293, 8, -637, 611, -26, -127, 1145, 34;
-25, 301, 15, -556, 684, 14, -98, 1173, 59;
-23, 302, 15, -532, 700, 16, -93, 1178, 61;
-29, 296, 9, -575, 648, -25, -115, 1155, 35;
-28, 297, 9, -549, 664, -21, -110, 1159, 37;
-20, 305, 16, -462, 740, 21, -78, 1189, 64;
-27, 297, 8, -515, 676, -27, -105, 1161, 33;
-24, 299, 10, -479, 700, -18, -95, 1169, 39;
-17, 306, 16, -398, 768, 20, -67, 1196, 63;
-23, 299, 8, -445, 707, -25, -91, 1169, 35;
-18, 304, 12, -388, 750, -2, -73, 1186, 49;
-18, 303, 11, -375, 748, -9, -73, 1183, 45;
-19, 302, 9, -371, 737, -21, -76, 1178, 37;
-15, 305, 12, -321, 770, -3, -61, 1190, 48;
-12, 308, 14, -275, 799, 11, -47, 1201, 57;
-8, 310, 17, -230, 826, 25, -34, 1211, 66;
-14, 303, 10, -273, 765, -19, -57, 1185, 39;
-5, 312, 17, -176, 842, 29, -22, 1216, 69;
-11, 305, 10, -217, 781, -14, -45, 1190, 42;
-9, 306, 11, -186, 793, -9, -37, 1194, 45;
-5, 309, 14, -134, 823, 8, -22, 1207, 56;
-10, 304, 8, -161, 774, -25, -39, 1186, 34;
-5, 307, 12, -104, 809, -4, -20, 1200, 48;
0, 311, 15, -48, 842, 16, -3, 1213, 61;
-1, 309, 13, -41, 826, 5, -5, 1206, 54;
-3, 306, 11, -42, 802, -11, -11, 1196, 43;
-1, 307, 11, -10, 809, -7, -4, 1199, 46;
3, 311, 15, 48, 843, 15, 14, 1213, 60;
1, 308, 12, 45, 814, -2, 7, 1201, 49;
3, 308, 12, 73, 816, 0, 13, 1202, 50;
3, 306, 11, 82, 799, -10, 11, 1196, 44;
7, 309, 14, 136, 826, 8, 28, 1207, 56;
6, 307, 12, 144, 807, -1, 26, 1200, 49;
4, 304, 9, 138, 773, -22, 18, 1186, 36;
6, 304, 10, 169, 776, -17, 25, 1188, 40;
14, 310, 16, 254, 832, 22, 55, 1212, 64;
13, 309, 15, 265, 815, 14, 54, 1206, 59;
10, 304, 11, 249, 769, -12, 42, 1188, 43;
14, 306, 13, 296, 786, 2, 56, 1196, 52;
19, 310, 17, 356, 816, 27, 75, 1209, 67;
17, 306, 14, 349, 779, 6, 67, 1195, 55;
19, 306, 15, 380, 780, 12, 75, 1197, 58;
18, 304, 13, 387, 757, 2, 73, 1188, 52;
15, 299, 8, 366, 705, -27, 59, 1168, 34;
15, 298, 7, 382, 689, -31, 60, 1163, 31;
22, 303, 14, 461, 737, 6, 88, 1184, 54;
22, 302, 13, 475, 719, 0, 88, 1179, 51;
19, 297, 8, 454, 667, -27, 75, 1159, 34;
25, 301, 13, 521, 702, 3, 98, 1175, 53;
22, 296, 9, 505, 654, -21, 86, 1157, 37;
21, 294, 7, 508, 625, -32, 83, 1147, 30;
32, 303, 18, 625, 710, 31, 127, 1184, 70;
29, 298, 14, 607, 660, 6, 115, 1165, 54;
32, 299, 15, 642, 663, 16, 125, 1169, 61;
30, 296, 13, 640, 628, 2, 120, 1157, 52;
29, 293, 11, 639, 595, -10, 115, 1145, 44;
34, 297, 15, 698, 622, 16, 135, 1158, 61;
38, 298, 18, 737, 630, 31, 148, 1164, 70;
34, 293, 14, 718, 578, 6, 136, 1145, 55;
34, 291, 13, 725, 553, 0, 135, 1137, 51;
35, 291, 13, 746, 542, 3, 140, 1135, 52;
35, 288, 11, 746, 511, -7, 136, 1125, 46;
37, 289, 13, 777, 510, 2, 145, 1127, 52;
36, 286, 12, 780, 482, -5, 143, 1118, 47;
41, 289, 15, 827, 498, 16, 160, 1128, 61;
42, 288, 16, 847, 487, 20, 165, 1126, 63;
43, 288, 16, 866, 474, 23, 169, 1124, 65;
38, 281, 11, 827, 405, -10, 150, 1098, 44;
42, 284, 14, 874, 421, 12, 167, 1107, 58;
37, 276, 8, 829, 347, -25, 145, 1079, 34;
40, 278, 11, 863, 351, -10, 157, 1084, 44;
38, 275, 9, 856, 315, -22, 152, 1072, 37;
45, 279, 15, 918, 348, 12, 175, 1089, 58;
46, 279, 16, 940, 341, 20, 182, 1090, 63;
48, 279, 17, 957, 330, 25, 187, 1088, 66;
47, 277, 16, 958, 303, 20, 185, 1080, 63;
43, 271, 11, 920, 238, -9, 168, 1056, 44;
41, 267, 9, 907, 197, -23, 161, 1043, 36;
41, 266, 9, 911, 175, -25, 161, 1037, 35;
45, 268, 13, 956, 194, 0, 178, 1048, 51;
46, 268, 13, 969, 182, 5, 182, 1046, 54;
42, 262, 9, 935, 122, -20, 167, 1025, 38;
50, 269, 17, 1012, 175, 27, 198, 1050, 68;
43, 260, 9, 941, 80, -21, 168, 1014, 37;
47, 263, 13, 985, 100, 5, 185, 1026, 54;
42, 256, 9, 941, 34, -25, 167, 1002, 35;
44, 257, 10, 959, 29, -14, 173, 1003, 41;
51, 262, 17, 1025, 73, 28, 201, 1025, 68;
46, 256, 12, 977, 4, -3, 181, 1000, 48;
42, 251, 8, 940, -53, -28, 165, 979, 33;
51, 259, 17, 1026, 12, 28, 201, 1010, 68;
49, 255, 15, 1002, -30, 14, 191, 995, 59;
51, 256, 18, 1028, -23, 32, 202, 1002, 70;
42, 246, 9, 939, -130, -25, 166, 961, 35;
45, 247, 11, 960, -126, -9, 175, 966, 45;
47, 248, 13, 977, -125, 4, 184, 969, 54;
44, 244, 11, 948, -171, -12, 172, 954, 43;
42, 241, 9, 923, -211, -24, 163, 941, 35;
48, 247, 16, 984, -164, 19, 190, 963, 62;
44, 242, 12, 943, -219, -3, 174, 944, 48;
42, 238, 10, 918, -258, -16, 165, 931, 40;
40, 236, 9, 897, -291, -25, 158, 921, 35;
44, 238, 12, 925, -274, -1, 172, 931, 50;
38, 232, 7, 870, -340, -32, 151, 907, 30;
43, 236, 12, 905, -315, -2, 167, 920, 49;
40, 232, 10, 875, -354, -16, 157, 907, 40;
44, 236, 15, 908, -330, 12, 173, 921, 58;
37, 228, 8, 833, -413, -30, 144, 889, 31;
42, 232, 13, 873, -379, 3, 164, 906, 53;
39, 229, 11, 841, -417, -9, 153, 893, 45;
42, 231, 15, 863, -401, 13, 165, 903, 59;
39, 228, 12, 829, -440, 0, 154, 890, 50;
35, 223, 9, 779, -493, -24, 137, 871, 35;
42, 230, 17, 843, -432, 27, 166, 899, 67;
37, 225, 13, 789, -489, 0, 147, 878, 51;
38, 225, 14, 787, -492, 9, 150, 879, 56;
37, 223, 13, 766, -514, 5, 144, 873, 54;
39, 225, 16, 778, -501, 24, 153, 881, 66;
34, 221, 13, 725, -553, 0, 135, 862, 51;
33, 219, 12, 700, -576, -5, 128, 855, 47;
30, 216, 10, 662, -611, -18, 117, 843, 39;
35, 222, 16, 708, -562, 23, 140, 865, 65;
31, 218, 13, 660, -605, 3, 124, 850, 53;
28, 214, 10, 613, -647, -15, 109, 835, 41;
27, 213, 10, 594, -660, -15, 105, 831, 41;
29, 216, 14, 610, -638, 8, 116, 843, 56;
28, 214, 13, 585, -656, 4, 110, 837, 53;
31, 218, 17, 603, -629, 30, 123, 851, 69;
28, 215, 15, 564, -659, 18, 111, 840, 62;
24, 211, 13, 516, -698, 0, 96, 826, 50;
19, 207, 8, 456, -747, -26, 76, 807, 34;
18, 206, 9, 438, -753, -23, 73, 806, 36;
23, 211, 14, 467, -712, 10, 90, 825, 57;
22, 211, 15, 449, -718, 12, 88, 824, 58;
18, 208, 12, 399, -753, -5, 72, 811, 47;
22, 212, 17, 424, -714, 26, 88, 828, 67;
15, 206, 11, 347, -776, -9, 61, 804, 45;
11, 202, 8, 293, -815, -30, 44, 789, 31;
15, 207, 13, 319, -772, 2, 60, 808, 52;
15, 208, 14, 309, -765, 11, 61, 812, 58;
9, 203, 9, 239, -817, -19, 37, 791, 38;
7, 202, 9, 209, -829, -23, 31, 787, 36;
7, 202, 10, 195, -824, -16, 30, 790, 40;
9, 204, 12, 194, -805, -1, 35, 799, 50;
9, 206, 14, 183, -796, 7, 36, 803, 55;
3, 201, 9, 115, -842, -21, 14, 785, 37;
6, 204, 13, 124, -812, 0, 23, 798, 51;
1, 201, 10, 71, -842, -17, 7, 786, 39;
0, 201, 10, 46, -844, -18, 2, 785, 39;
0, 200, 9, 18, -849, -20, -3, 783, 38;
3, 206, 15, 50, -793, 17, 15, 806, 61;
-2, 201, 10, -27, -847, -18, -11, 784, 39;
-1, 203, 12, -29, -824, -3, -6, 794, 48;
-2, 203, 12, -51, -820, -1, -10, 795, 50;
0, 208, 16, -37, -780, 24, 1, 811, 66;
-2, 207, 15, -74, -790, 16, -8, 807, 61;
-1, 209, 17, -77, -767, 30, -4, 816, 69;
-10, 201, 9, -182, -844, -22, -41, 784, 36;
-8, 204, 12, -173, -807, 0, -32, 798, 50;
-12, 201, 9, -227, -834, -20, -49, 787, 37;
-12, 203, 10, -241, -819, -14, -49, 792, 42;
-9, 207, 15, -225, -774, 12, -37, 810, 58;
-13, 205, 12, -278, -798, -6, -54, 799, 46;
-14, 206, 12, -295, -786, -2, -56, 803, 49;
-17, 204, 10, -337, -798, -14, -68, 797, 41;
-16, 206, 12, -344, -775, -3, -65, 806, 48;
-13, 212, 17, -321, -721, 26, -50, 827, 67;
-21, 204, 9, -418, -787, -22, -85, 798, 37;
-21, 207, 11, -424, -762, -10, -82, 807, 44;
-18, 211, 14, -414, -721, 10, -73, 823, 57;
-25, 205, 8, -492, -768, -27, -101, 802, 34;
-21, 211, 13, -465, -710, 5, -85, 824, 54;
-22, 212, 14, -479, -692, 10, -86, 830, 57;
-23, 213, 14, -505, -686, 7, -91, 831, 55;
-28, 210, 10, -560, -709, -15, -109, 819, 41;
-26, 213, 13, -553, -670, 3, -102, 834, 52;
-25, 216, 15, -559, -644, 12, -100, 842, 58;
-30, 212, 11, -616, -669, -12, -119, 830, 43;
-32, 212, 9, -646, -666, -19, -127, 829, 38;
-28, 218, 14, -620, -609, 10, -112, 851, 57;
-29, 219, 14, -638, -594, 11, -115, 854, 57;
-29, 221, 15, -647, -571, 17, -114, 862, 61;
-30, 222, 16, -662, -554, 19, -117, 866, 62;
-33, 220, 13, -706, -566, 1, -131, 859, 51;
-33, 222, 14, -715, -543, 6, -131, 866, 54;
-40, 217, 8, -788, -584, -30, -157, 846, 31;
-31, 228, 18, -711, -475, 31, -121, 889, 70;
-38, 222, 11, -787, -520, -9, -149, 868, 45;
-34, 228, 16, -755, -457, 22, -133, 891, 64;
-38, 226, 12, -804, -475, -1, -150, 881, 50;
-36, 230, 15, -790, -429, 17, -141, 897, 62;
-42, 225, 10, -854, -463, -16, -164, 880, 40;
-37, 232, 15, -817, -395, 17, -146, 905, 61;
-46, 225, 7, -904, -451, -32, -179, 879, 31;
-41, 232, 13, -863, -381, 3, -159, 905, 52;
-39, 235, 15, -851, -340, 18, -152, 919, 62;
-45, 231, 10, -913, -372, -15, -175, 903, 41;
-45, 232, 10, -927, -357, -17, -179, 906, 39;
-38, 241, 17, -864, -265, 30, -150, 941, 69;
-45, 236, 11, -929, -302, -7, -175, 922, 46;
-39, 243, 17, -881, -227, 30, -154, 951, 69;
-40, 244, 16, -900, -217, 23, -159, 951, 65;
-40, 246, 17, -896, -187, 30, -156, 960, 70;
-48, 239, 9, -982, -247, -22, -190, 933, 37;
-41, 248, 17, -911, -149, 29, -159, 970, 69;
-42, 248, 16, -930, -142, 20, -166, 969, 63;
-44, 248, 14, -952, -139, 9, -174, 967, 56;
-46, 247, 12, -973, -136, -1, -182, 965, 49;
-44, 251, 15, -952, -90, 14, -172, 981, 60;
-44, 253, 15, -952, -67, 16, -172, 987, 61;
-47, 251, 12, -984, -76, -2, -184, 980, 49;
-44, 255, 15, -955, -25, 17, -172, 998, 61;
-47, 253, 12, -991, -39, -5, -187, 988, 47;
-51, 251, 8, -1027, -54, -29, -201, 979, 32;
-51, 252, 8, -1025, -31, -28, -201, 985, 33;
-50, 254, 9, -1015, -1, -21, -196, 994, 37;
-50, 255, 9, -1018, 14, -24, -198, 997, 35;
-46, 261, 13, -978, 72, 0, -182, 1018, 51;
-47, 261, 12, -980, 89, -2, -183, 1021, 49;
-42, 267, 17, -937, 150, 24, -166, 1043, 66;
-50, 261, 9, -1006, 97, -23, -195, 1018, 36;
-42, 270, 17, -927, 191, 25, -164, 1054, 66;
-43, 269, 15, -940, 194, 13, -170, 1051, 59;
-44, 270, 14, -941, 208, 9, -172, 1054, 56;
-43, 272, 15, -927, 236, 15, -167, 1062, 60;
-50, 266, 7, -990, 185, -31, -195, 1038, 31;
-42, 275, 15, -912, 276, 15, -164, 1072, 60;
-45, 272, 11, -940, 259, -8, -178, 1062, 45;
-48, 270, 8, -963, 247, -29, -189, 1054, 32;
-44, 275, 12, -916, 305, -4, -172, 1074, 48;
-41, 278, 14, -888, 341, 7, -163, 1086, 55;
-45, 275, 9, -919, 319, -19, -178, 1074, 38;
-41, 280, 13, -871, 375, 5, -160, 1094, 54;
-38, 283, 15, -843, 409, 15, -151, 1105, 60;
-37, 285, 16, -820, 438, 23, -145, 1115, 65;
-43, 279, 9, -876, 388, -22, -171, 1091, 37;
-39, 284, 13, -825, 444, 3, -152, 1111, 53;
-43, 281, 8, -859, 414, -28, -169, 1096, 33;
-37, 287, 14, -792, 484, 7, -145, 1122, 55;
-38, 286, 12, -796, 481, -5, -150, 1118, 47;
-37, 288, 12, -778, 501, -3, -146, 1123, 48;
-39, 286, 9, -790, 489, -21, -154, 1116, 37;
-35, 290, 12, -746, 533, -2, -140, 1132, 49;
-39, 287, 8, -769, 509, -29, -153, 1119, 32;
-35, 290, 11, -725, 551, -11, -139, 1134, 43;
-33, 293, 13, -690, 583, 0, -128, 1145, 51;
-34, 292, 11, -692, 578, -12, -133, 1140, 43;
-31, 295, 13, -652, 614, 1, -121, 1153, 52;
-30, 296, 12, -638, 623, -1, -119, 1154, 50;
-33, 293, 9, -653, 602, -24, -130, 1143, 36;
-27, 298, 13, -590, 658, 5, -108, 1165, 54;
-32, 293, 8, -623, 617, -30, -126, 1146, 32;
-23, 302, 16, -525, 707, 21, -90, 1181, 64;
-30, 295, 8, -578, 645, -27, -117, 1153, 33;
-22, 303, 15, -491, 722, 16, -85, 1183, 61;
-20, 304, 16, -464, 738, 20, -79, 1188, 63;
-26, 298, 8, -512, 679, -25, -104, 1162, 34;
-26, 298, 8, -495, 684, -28, -102, 1163, 33;
-22, 301, 11, -446, 720, -11, -87, 1176, 44;
-21, 301, 11, -426, 727, -12, -83, 1177, 43;
-20, 302, 10, -405, 733, -13, -80, 1179, 42;
-13, 309, 17, -324, 800, 25, -51, 1205, 66;
-12, 309, 16, -304, 804, 23, -48, 1205, 65;
-19, 301, 8, -355, 736, -26, -75, 1176, 34;
-14, 305, 12, -297, 777, -3, -56, 1192, 48;
-8, 311, 17, -226, 830, 28, -32, 1213, 68;
-11, 307, 13, -238, 800, 4, -43, 1200, 53;
-7, 310, 16, -191, 827, 19, -29, 1210, 62;
-8, 308, 13, -188, 811, 5, -33, 1203, 54;
-6, 309, 14, -154, 824, 11, -24, 1207, 58;
-4, 310, 15, -128, 830, 13, -19, 1209, 59;
-3, 310, 15, -99, 837, 15, -13, 1212, 60;
-8, 304, 9, -131, 782, -22, -32, 1189, 37;
-7, 304, 8, -114, 776, -26, -30, 1186, 34;
0, 310, 15, -29, 839, 13, 0, 1212, 59;
1, 311, 15, 2, 846, 17, 6, 1214, 62;
2, 311, 15, 24, 844, 16, 10, 1214, 61;
2, 310, 14, 38, 833, 9, 10, 1209, 56;
3, 309, 13, 55, 824, 4, 11, 1206, 53;
4, 309, 13, 78, 821, 3, 15, 1205, 52;
7, 311, 15, 125, 842, 17, 29, 1213, 62;
8, 310, 15, 146, 836, 15, 32, 1211, 60;
4, 305, 10, 127, 790, -13, 19, 1193, 42;
3, 303, 8, 130, 765, -27, 14, 1183, 33;
5, 303, 9, 159, 766, -24, 21, 1184, 35;
11, 308, 14, 230, 808, 6, 45, 1202, 55;
11, 307, 13, 245, 795, 0, 46, 1197, 51;
11, 304, 11, 251, 771, -11, 43, 1189, 44;
17, 309, 16, 323, 813, 20, 67, 1207, 63;
19, 310, 17, 359, 820, 29, 77, 1211, 69;
11, 300, 8, 295, 725, -29, 45, 1173, 32;
19, 307, 15, 382, 782, 13, 76, 1198, 59;
13, 299, 8, 337, 707, -31, 52, 1168, 31;
14, 299, 8, 362, 701, -29, 57, 1166, 32;
23, 306, 15, 455, 763, 17, 91, 1194, 61;
19, 300, 11, 434, 710, -11, 77, 1173, 43;
18, 298, 9, 437, 681, -24, 73, 1163, 35;
25, 303, 14, 512, 725, 11, 99, 1183, 58;
24, 301, 13, 518, 699, 1, 97, 1174, 51;
25, 300, 13, 537, 686, 0, 100, 1170, 51;
22, 295, 9, 521, 638, -24, 88, 1152, 35;
28, 299, 13, 586, 671, 5, 111, 1168, 54;
33, 302, 18, 645, 698, 31, 131, 1181, 70;
34, 301, 17, 659, 680, 28, 132, 1176, 68;
29, 295, 12, 629, 618, -4, 115, 1152, 48;
33, 297, 15, 675, 631, 13, 130, 1160, 59;
27, 290, 8, 631, 555, -28, 108, 1131, 33;
32, 292, 12, 681, 574, -6, 125, 1141, 47;
35, 294, 15, 727, 587, 12, 139, 1149, 58;
32, 289, 11, 708, 536, -11, 128, 1130, 43;
38, 293, 16, 770, 567, 19, 150, 1145, 62;
34, 287, 10, 737, 502, -13, 133, 1121, 42;
36, 288, 12, 769, 502, -2, 142, 1124, 49;
42, 292, 17, 830, 532, 28, 164, 1139, 68;
36, 284, 11, 786, 456, -11, 142, 1110, 44;
38, 285, 12, 815, 455, 0, 151, 1113, 50;
41, 286, 15, 851, 460, 14, 163, 1117, 59;
40, 283, 13, 842, 421, 0, 157, 1104, 50;
40, 281, 12, 847, 395, -5, 156, 1096, 47;
37, 276, 8, 827, 345, -26, 145, 1079, 34;
39, 277, 10, 859, 348, -13, 155, 1083, 42;
38, 274, 9, 853, 312, -24, 151, 1071, 36;
43, 277, 13, 900, 330, 0, 168, 1082, 51;
46, 279, 16, 940, 342, 20, 182, 1090, 63;
41, 272, 10, 894, 267, -16, 161, 1062, 40;
49, 278, 17, 973, 318, 30, 192, 1086, 70;
41, 269, 9, 906, 224, -19, 162, 1050, 38;
41, 268, 9, 912, 203, -20, 163, 1045, 38;
44, 269, 12, 942, 206, -4, 174, 1050, 47;
50, 273, 18, 1004, 242, 32, 198, 1068, 71;
49, 271, 16, 997, 209, 24, 194, 1058, 65;
42, 262, 9, 929, 116, -24, 165, 1023, 35;
47, 265, 13, 976, 139, 4, 183, 1035, 53;
44, 261, 11, 958, 96, -10, 175, 1021, 44;
51, 267, 18, 1025, 140, 32, 202, 1042, 70;
43, 257, 9, 946, 39, -21, 169, 1004, 37;
47, 259, 13, 984, 54, 1, 184, 1013, 52;
48, 259, 14, 995, 43, 8, 188, 1012, 56;
42, 252, 8, 938, -34, -29, 164, 983, 32;
44, 252, 10, 955, -38, -18, 171, 985, 39;
41, 249, 7, 934, -79, -32, 163, 972, 30;
45, 252, 12, 972, -60, -6, 179, 983, 47;
49, 254, 15, 1000, -51, 13, 191, 990, 59;
45, 249, 11, 967, -102, -6, 178, 972, 46;
44, 247, 10, 953, -133, -13, 173, 963, 42;
45, 246, 12, 961, -142, -5, 177, 963, 47;
44, 244, 11, 949, -170, -11, 173, 954, 43;
41, 240, 8, 918, -216, -28, 161, 939, 33;
42, 241, 10, 927, -221, -18, 166, 940, 39;
46, 243, 14, 959, -203, 6, 181, 951, 55;
45, 242, 13, 948, -228, 3, 178, 944, 53;
42, 237, 10, 910, -278, -16, 164, 926, 40;
45, 239, 13, 935, -264, 5, 176, 935, 54;
44, 238, 13, 926, -285, 4, 174, 930, 53;
43, 236, 13, 912, -308, 1, 170, 923, 52;
39, 231, 9, 865, -364, -23, 153, 903, 36;
47, 238, 17, 932, -306, 28, 183, 930, 68;
37, 228, 8, 833, -413, -30, 144, 889, 31;
44, 235, 16, 899, -354, 21, 175, 917, 64;
38, 227, 10, 829, -429, -17, 148, 888, 40;
41, 231, 14, 858, -406, 10, 163, 901, 57;
41, 229, 14, 844, -425, 9, 160, 896, 56;
38, 226, 12, 807, -466, -6, 148, 882, 46;
39, 226, 13, 808, -467, 3, 152, 884, 53;
34, 222, 10, 760, -518, -18, 135, 866, 39;
33, 220, 9, 742, -537, -20, 131, 861, 38;
38, 225, 15, 778, -501, 13, 149, 878, 59;
32, 218, 9, 712, -567, -19, 126, 853, 38;
31, 217, 9, 690, -588, -22, 121, 848, 36;
30, 216, 9, 677, -599, -20, 119, 845, 38;
30, 216, 10, 665, -608, -17, 118, 844, 40;
29, 215, 9, 643, -627, -19, 113, 839, 38;
34, 220, 16, 686, -580, 20, 135, 860, 63;
25, 212, 8, 594, -667, -28, 101, 827, 33;
30, 217, 14, 630, -625, 8, 120, 846, 56;
33, 219, 17, 640, -608, 28, 128, 855, 68;
24, 211, 10, 552, -688, -16, 97, 824, 40;
25, 212, 11, 547, -685, -6, 99, 827, 46;
29, 216, 17, 575, -648, 25, 116, 845, 66;
29, 216, 17, 561, -652, 29, 114, 844, 69;
27, 215, 16, 531, -672, 23, 107, 838, 65;
26, 214, 17, 512, -679, 25, 104, 837, 66;
21, 209, 12, 449, -730, -1, 83, 817, 49;
24, 213, 17, 469, -697, 26, 96, 833, 67;
24, 213, 17, 452, -700, 30, 94, 833, 69;
17, 207, 12, 375, -763, -6, 68, 808, 47;
17, 207, 12, 359, -764, -1, 66, 809, 50;
19, 210, 16, 371, -736, 21, 76, 822, 64;
12, 204, 10, 294, -797, -14, 50, 798, 42;
14, 206, 13, 293, -781, 0, 55, 805, 51;
13, 206, 13, 274, -782, 3, 52, 806, 53;
11, 205, 12, 238, -800, -4, 42, 799, 48;
5, 200, 8, 175, -843, -29, 22, 782, 32;
5, 201, 9, 161, -838, -23, 22, 785, 36;
8, 205, 13, 177, -802, 3, 34, 801, 53;
10, 208, 16, 184, -773, 24, 42, 813, 66;
3, 202, 10, 101, -835, -14, 13, 788, 41;
4, 204, 13, 99, -814, 0, 18, 797, 51;
3, 204, 13, 77, -814, 1, 15, 797, 52;
4, 206, 15, 70, -797, 14, 18, 805, 59;
1, 204, 13, 28, -816, 2, 5, 797, 52;
1, 205, 14, 14, -804, 9, 6, 802, 57;
0, 205, 14, -14, -809, 6, 0, 800, 55;
2, 208, 17, -7, -776, 27, 8, 813, 68;
-3, 204, 13, -72, -816, 0, -13, 797, 51;
-4, 204, 13, -97, -814, 0, -17, 797, 51;
-7, 202, 11, -139, -829, -11, -29, 790, 44;
-12, 199, 8, -194, -857, -31, -46, 779, 31;
-4, 208, 16, -138, -773, 22, -18, 813, 64;
-13, 200, 8, -236, -842, -26, -53, 783, 34;
-12, 203, 11, -238, -816, -11, -48, 793, 43;
-15, 202, 9, -278, -827, -22, -59, 788, 36;
-13, 205, 11, -278, -798, -6, -54, 799, 46;
-10, 209, 16, -261, -752, 20, -41, 818, 63;
-18, 203, 10, -343, -803, -18, -70, 795, 39;
-20, 202, 8, -383, -814, -29, -81, 790, 32;
-13, 211, 16, -325, -725, 24, -52, 825, 66;
-20, 206, 10, -406, -775, -14, -80, 803, 42;
-17, 210, 15, -387, -725, 13, -67, 822, 59;
-23, 206, 9, -460, -767, -20, -92, 804, 38;
-17, 213, 16, -417, -693, 23, -69, 833, 65;
-20, 213, 15, -448, -693, 16, -78, 831, 61;
-26, 208, 10, -518, -731, -15, -101, 814, 41;
-26, 210, 11, -533, -714, -11, -103, 819, 43;
-26, 211, 11, -549, -698, -7, -105, 824, 46;
-26, 213, 13, -553, -670, 2, -102, 833, 52;
-24, 216, 15, -551, -636, 17, -96, 845, 61;
-30, 212, 11, -616, -669, -12, -119, 830, 43;
-27, 217, 14, -599, -619, 12, -107, 848, 58;
-32, 214, 11, -654, -643, -12, -126, 836, 43;
-26, 222, 17, -609, -565, 30, -103, 867, 70;
-36, 214, 9, -709, -634, -24, -140, 836, 35;
-34, 218, 11, -702, -594, -7, -133, 850, 46;
-37, 216, 9, -744, -604, -23, -147, 843, 36;
-37, 218, 10, -752, -580, -17, -146, 851, 39;
-33, 224, 15, -718, -514, 15, -128, 875, 60;
-35, 223, 13, -752, -516, 3, -138, 872, 53;
-41, 219, 8, -813, -546, -26, -160, 857, 34;
-41, 221, 9, -826, -527, -25, -162, 862, 35;
-41, 222, 9, -835, -505, -21, -163, 868, 37;
-39, 226, 12, -821, -460, -2, -154, 884, 49;
-38, 230, 14, -815, -423, 10, -148, 897, 57;
-35, 234, 18, -795, -373, 32, -137, 915, 70;
-40, 231, 13, -850, -398, 3, -157, 901, 53;
-36, 236, 18, -819, -337, 32, -141, 924, 71;
-45, 229, 9, -912, -400, -22, -177, 894, 37;
-45, 231, 9, -919, -378, -19, -178, 901, 38;
-38, 239, 17, -857, -287, 28, -150, 935, 68;
-39, 240, 17, -869, -270, 26, -152, 939, 67;
-43, 237, 13, -919, -292, 0, -171, 927, 50;
-40, 242, 16, -893, -238, 23, -158, 946, 65;
-43, 241, 14, -925, -243, 6, -170, 940, 54;
-41, 244, 16, -910, -201, 21, -162, 955, 64;
-45, 243, 13, -947, -211, 1, -176, 947, 51;
-43, 246, 15, -930, -168, 17, -167, 962, 61;
-44, 246, 14, -949, -161, 7, -174, 961, 55;
-47, 244, 11, -981, -168, -10, -186, 955, 44;
-47, 246, 11, -982, -145, -8, -186, 961, 45;
-50, 245, 8, -1013, -152, -26, -198, 955, 34;
-50, 246, 9, -1011, -126, -22, -196, 962, 36;
-44, 254, 15, -955, -47, 16, -172, 992, 61;
-47, 252, 12, -983, -52, 0, -183, 986, 50;
-51, 249, 8, -1028, -76, -30, -202, 973, 31;
-48, 254, 11, -995, -21, -7, -188, 992, 46;
-44, 259, 15, -958, 35, 16, -173, 1012, 61;
-44, 260, 15, -960, 53, 15, -173, 1017, 60;
-42, 264, 17, -938, 94, 28, -165, 1030, 68;
-48, 259, 11, -997, 53, -12, -190, 1010, 43;
-45, 264, 14, -961, 108, 10, -175, 1029, 57;
-50, 259, 9, -1011, 75, -24, -197, 1012, 35;
-41, 270, 18, -922, 181, 31, -161, 1053, 70;
-49, 263, 9, -995, 124, -19, -192, 1026, 38;
-42, 271, 16, -927, 207, 22, -165, 1057, 65;
-42, 272, 16, -922, 226, 21, -164, 1061, 64;
-46, 268, 11, -964, 199, -9, -183, 1047, 44;
-46, 269, 11, -957, 219, -9, -181, 1052, 44;
-45, 271, 12, -945, 243, -6, -178, 1058, 46;
-48, 270, 9, -961, 238, -22, -187, 1053, 36;
-38, 280, 18, -870, 340, 32, -151, 1092, 71;
-42, 277, 13, -901, 319, 5, -166, 1081, 54;
-48, 272, 8, -947, 282, -31, -187, 1062, 31;
-41, 280, 14, -875, 363, 9, -160, 1092, 56;
-43, 278, 11, -894, 352, -10, -170, 1085, 44;
-39, 282, 15, -849, 404, 12, -154, 1103, 58;
-39, 283, 14, -843, 415, 7, -154, 1105, 55;
-38, 285, 15, -823, 441, 13, -149, 1113, 59;
-39, 284, 13, -830, 438, 0, -155, 1109, 50;
-40, 284, 11, -830, 442, -9, -158, 1107, 45;
-40, 284, 10, -825, 451, -14, -159, 1108, 41;
-33, 291, 17, -750, 527, 25, -131, 1137, 66;
-38, 287, 11, -787, 492, -9, -150, 1120, 45;
-32, 293, 16, -722, 557, 23, -126, 1144, 65;
-36, 289, 11, -753, 526, -7, -143, 1129, 46;
-34, 292, 13, -719, 559, 3, -132, 1140, 53;
-29, 297, 17, -663, 613, 29, -113, 1159, 69;
-37, 289, 8, -729, 544, -25, -144, 1128, 34;
-34, 292, 11, -692, 578, -12, -133, 1140, 43;
-33, 293, 11, -671, 594, -11, -129, 1145, 44;
-27, 298, 15, -611, 649, 16, -108, 1165, 61;
-28, 297, 13, -609, 645, 5, -112, 1161, 54;
-27, 299, 14, -586, 661, 7, -106, 1166, 55;
-27, 298, 13, -577, 663, 0, -107, 1165, 51;
-28, 297, 11, -574, 658, -11, -110, 1160, 44;
-21, 304, 16, -500, 723, 24, -85, 1185, 66;
-21, 304, 16, -483, 730, 21, -82, 1187, 64;
-19, 306, 17, -452, 751, 28, -74, 1194, 68;
-25, 299, 10, -498, 693, -16, -98, 1168, 40;
-22, 301, 11, -462, 717, -6, -88, 1176, 46;
-15, 308, 18, -382, 784, 31, -60, 1203, 70;
-18, 304, 13, -399, 754, 5, -72, 1189, 54;
-14, 308, 17, -344, 794, 26, -55, 1204, 67;
-20, 302, 10, -387, 736, -16, -78, 1178, 40;
-12, 308, 16, -306, 802, 21, -49, 1204, 64;
-19, 301, 8, -360, 731, -29, -77, 1174, 32;
-17, 302, 9, -327, 747, -23, -69, 1180, 36;
-11, 307, 14, -259, 797, 6, -46, 1199, 54;
-12, 306, 12, -251, 786, -4, -48, 1194, 47;
-15, 302, 8, -262, 756, -28, -58, 1181, 33;
-7, 309, 15, -176, 823, 13, -28, 1208, 59;
-5, 311, 16, -142, 836, 19, -19, 1212, 63;
-10, 304, 9, -180, 777, -21, -41, 1187, 37;
-7, 306, 11, -139, 796, -10, -29, 1195, 44;
-3, 309, 13, -91, 822, 4, -15, 1205, 53;
-2, 309, 14, -61, 829, 8, -8, 1208, 56;
-5, 305, 9, -83, 785, -22, -23, 1189, 37;
0, 310, 14, -10, 834, 9, 1, 1209, 57;
-3, 304, 9, -37, 782, -24, -15, 1188, 35;
-3, 303, 8, -19, 774, -29, -13, 1185, 32;
3, 309, 14, 60, 829, 7, 13, 1208, 55;
4, 309, 14, 84, 827, 7, 18, 1207, 55;
4, 307, 12, 93, 810, -3, 16, 1200, 48;
1, 304, 9, 85, 775, -25, 7, 1186, 35;
6, 307, 12, 140, 802, -4, 24, 1198, 47;
9, 309, 14, 187, 822, 10, 38, 1207, 57;
13, 311, 16, 232, 839, 23, 51, 1214, 65;
12, 309, 15, 243, 821, 15, 50, 1208, 60;
11, 307, 13, 246, 795, 1, 46, 1198, 51;
9, 303, 9, 236, 756, -21, 36, 1182, 37;
13, 305, 12, 284, 775, -4, 51, 1191, 47;
19, 310, 17, 355, 815, 26, 75, 1209, 67;
21, 310, 18, 386, 816, 31, 82, 1211, 70;
20, 307, 15, 388, 788, 17, 78, 1200, 61;
22, 308, 17, 423, 792, 25, 87, 1203, 66;
22, 306, 16, 435, 773, 18, 87, 1197, 62;
16, 299, 9, 391, 699, -25, 64, 1167, 35;
22, 303, 14, 461, 737, 6, 88, 1185, 55;
26, 305, 16, 508, 753, 23, 102, 1193, 65;
21, 299, 11, 477, 690, -11, 85, 1168, 43;
22, 298, 10, 495, 676, -13, 87, 1164, 42;
30, 304, 17, 580, 729, 28, 117, 1188, 68;
30, 302, 16, 590, 707, 21, 117, 1181, 64;
27, 298, 12, 572, 657, -3, 105, 1162, 48;
30, 299, 14, 616, 668, 12, 119, 1169, 58;
30, 298, 14, 626, 647, 6, 118, 1162, 54;
33, 299, 16, 667, 655, 20, 131, 1168, 63;
30, 294, 12, 646, 602, -5, 118, 1148, 47;
29, 291, 10, 648, 572, -16, 115, 1138, 40;
28, 288, 8, 644, 536, -31, 109, 1125, 31;
35, 293, 14, 719, 579, 7, 136, 1145, 55;
37, 294, 16, 753, 581, 18, 146, 1149, 62;
39, 294, 16, 777, 574, 24, 153, 1148, 65;
38, 292, 15, 781, 545, 15, 151, 1139, 60;
41, 293, 17, 817, 550, 29, 162, 1144, 69;
34, 283, 9, 753, 455, -23, 132, 1107, 36;
38, 286, 12, 800, 470, -1, 148, 1116, 49;
40, 287, 14, 833, 473, 11, 159, 1120, 57;
41, 286, 15, 850, 459, 13, 163, 1117, 59;
42, 285, 14, 859, 437, 10, 164, 1111, 57;
39, 281, 12, 846, 394, -5, 155, 1096, 47;
38, 278, 10, 839, 357, -18, 150, 1084, 39;
37, 274, 8, 832, 321, -31, 144, 1072, 31;
47, 283, 17, 933, 392, 28, 184, 1104, 68;
42, 277, 12, 896, 326, -2, 166, 1080, 49;
39, 272, 8, 870, 271, -26, 153, 1061, 34;
47, 279, 17, 956, 330, 25, 187, 1088, 66;
42, 272, 11, 913, 259, -9, 167, 1062, 45;
41, 268, 9, 900, 218, -23, 160, 1048, 36;
46, 272, 14, 953, 243, 6, 180, 1062, 55;
43, 268, 11, 931, 196, -11, 169, 1045, 43;
47, 270, 14, 969, 207, 9, 183, 1053, 56;
50, 272, 17, 1006, 218, 29, 197, 1061, 69;
43, 263, 10, 938, 126, -18, 168, 1026, 39;
49, 267, 15, 996, 159, 17, 191, 1043, 61;
48, 265, 14, 990, 128, 10, 188, 1034, 57;
47, 263, 14, 986, 101, 6, 186, 1026, 54;
44, 258, 10, 959, 51, -13, 174, 1009, 42;
49, 262, 15, 1005, 75, 15, 192, 1022, 60;
51, 263, 17, 1027, 75, 29, 201, 1026, 69;
43, 253, 9, 952, -20, -20, 170, 989, 38;
43, 252, 9, 953, -40, -20, 170, 984, 38;
46, 253, 12, 974, -39, -5, 179, 988, 47;
43, 249, 9, 950, -82, -21, 170, 974, 37;
44, 249, 10, 954, -97, -16, 172, 971, 40;
46, 250, 12, 975, -94, -1, 181, 976, 50;
49, 251, 15, 997, -89, 15, 191, 981, 60;
43, 245, 10, 943, -160, -18, 169, 955, 39;
42, 242, 9, 931, -188, -23, 165, 947, 36;
41, 240, 8, 916, -218, -29, 160, 938, 32;
41, 239, 8, 914, -235, -27, 161, 934, 33;
46, 243, 14, 959, -203, 6, 181, 950, 55;
48, 244, 16, 971, -205, 19, 187, 953, 62;
47, 243, 15, 961, -227, 17, 185, 947, 61;
41, 236, 10, 903, -297, -16, 162, 922, 40;
48, 242, 18, 965, -245, 30, 190, 946, 70;
42, 235, 12, 903, -317, -4, 167, 919, 48;
38, 230, 8, 859, -371, -27, 150, 900, 33;
47, 239, 18, 938, -300, 32, 186, 933, 71;
46, 236, 17, 916, -330, 24, 179, 924, 66;
42, 233, 14, 880, -373, 8, 167, 909, 56;
42, 231, 14, 867, -392, 7, 164, 904, 55;
41, 230, 14, 856, -408, 8, 162, 900, 56;
35, 224, 9, 793, -476, -24, 139, 875, 35;
38, 226, 12, 812, -461, -3, 150, 884, 49;
42, 230, 16, 839, -436, 24, 165, 897, 66;
35, 222, 10, 763, -514, -16, 136, 867, 40;
33, 220, 9, 736, -543, -24, 128, 858, 35;
37, 224, 14, 773, -507, 10, 147, 876, 57;
35, 221, 12, 737, -542, -2, 136, 864, 49;
36, 223, 15, 745, -533, 13, 143, 870, 59;
36, 222, 15, 728, -548, 13, 140, 866, 59;
31, 217, 11, 677, -596, -8, 123, 849, 45;
32, 218, 13, 677, -593, 2, 127, 853, 52;
34, 220, 16, 687, -579, 21, 135, 861, 64;
26, 212, 9, 599, -661, -24, 103, 829, 35;
27, 213, 10, 596, -659, -14, 106, 832, 42;
32, 219, 17, 638, -610, 27, 128, 855, 67;
23, 210, 9, 542, -698, -23, 93, 820, 36;
23, 210, 10, 532, -700, -16, 93, 821, 40;
26, 213, 13, 542, -681, 3, 102, 831, 52;
28, 215, 16, 551, -662, 23, 110, 840, 65;
24, 212, 14, 505, -697, 6, 96, 828, 55;
24, 212, 14, 488, -703, 9, 94, 827, 57;
22, 210, 13, 456, -723, 2, 86, 820, 52;
16, 205, 8, 391, -775, -25, 64, 800, 35;
22, 211, 15, 433, -719, 17, 86, 825, 61;
18, 208, 13, 386, -753, 0, 72, 812, 51;
21, 211, 16, 398, -725, 24, 82, 825, 66;
15, 206, 11, 328, -780, -7, 58, 804, 46;
16, 208, 14, 332, -759, 11, 65, 813, 57;
10, 202, 9, 258, -815, -22, 40, 791, 37;
12, 206, 13, 269, -787, 0, 50, 804, 51;
8, 202, 9, 210, -827, -22, 31, 788, 36;
13, 207, 15, 244, -775, 15, 50, 811, 60;
8, 204, 12, 190, -808, -3, 34, 797, 48;
7, 204, 12, 168, -810, -2, 30, 797, 49;
5, 203, 11, 137, -820, -6, 23, 794, 46;
6, 204, 13, 126, -809, 2, 24, 799, 52;
1, 201, 10, 71, -842, -18, 7, 785, 39;
8, 209, 17, 118, -772, 29, 32, 815, 69;
1, 203, 12, 43, -824, -3, 6, 794, 48;
0, 202, 11, 8, -835, -10, -2, 789, 44;
-2, 201, 10, -23, -842, -15, -9, 786, 41;
0, 205, 13, -16, -811, 5, -1, 799, 54;
2, 208, 17, -6, -776, 28, 8, 813, 68;
-7, 200, 8, -113, -857, -26, -30, 780, 34;
-5, 204, 12, -101, -818, -2, -19, 795, 49;
-4, 205, 14, -114, -804, 5, -19, 801, 54;
-3, 208, 16, -115, -778, 21, -14, 811, 64;
-11, 202, 10, -199, -834, -18, -43, 787, 39;
-11, 203, 11, -214, -820, -11, -43, 792, 43;
-8, 207, 15, -200, -778, 13, -32, 809, 59;
-9, 208, 15, -220, -770, 15, -35, 812, 60;
-16, 202, 9, -303, -823, -23, -64, 789, 36;
-11, 208, 15, -269, -759, 15, -44, 814, 60;
-12, 209, 15, -295, -756, 13, -50, 815, 59;
-12, 211, 16, -302, -732, 24, -47, 823, 66;
-14, 210, 15, -340, -740, 14, -58, 819, 60;
-20, 206, 10, -406, -775, -14, -80, 803, 42;
-22, 205, 9, -438, -777, -20, -89, 801, 37;
-25, 204, 8, -474, -781, -29, -98, 798, 32;
-25, 206, 9, -488, -764, -24, -99, 803, 36;
-26, 206, 9, -510, -754, -24, -103, 806, 35;
-28, 206, 8, -541, -753, -30, -111, 804, 31;
-23, 213, 14, -502, -683, 9, -90, 832, 56;
-30, 207, 8, -583, -732, -30, -119, 810, 31;
-27, 212, 12, -562, -679, -2, -105, 830, 49;
-25, 216, 15, -553, -638, 16, -97, 845, 61;
-23, 219, 17, -553, -606, 29, -92, 856, 69;
-25, 219, 16, -581, -602, 23, -100, 856, 65;
-26, 220, 17, -598, -587, 25, -103, 860, 66;
-34, 214, 10, -682, -638, -18, -133, 836, 39;
-34, 216, 10, -694, -618, -13, -134, 842, 42;
-32, 219, 13, -684, -576, 4, -126, 857, 53;
-32, 221, 14, -696, -556, 7, -127, 863, 55;
-31, 224, 15, -698, -526, 18, -123, 873, 62;
-31, 226, 17, -700, -497, 27, -121, 883, 68;
-39, 219, 9, -787, -551, -19, -153, 857, 38;
-39, 221, 10, -799, -532, -17, -155, 863, 40;
-39, 223, 11, -801, -502, -8, -152, 872, 45;
-36, 228, 14, -786, -456, 11, -142, 889, 57;
-38, 228, 13, -809, -449, 4, -149, 889, 54;
-36, 231, 15, -804, -412, 17, -143, 901, 61;
-35, 234, 18, -795, -373, 32, -137, 915, 71;
-37, 233, 16, -828, -376, 18, -148, 911, 62;
-38, 234, 16, -838, -356, 19, -149, 916, 63;
-39, 235, 16, -850, -339, 18, -152, 920, 62;
-37, 239, 18, -841, -300, 32, -145, 933, 71;
-46, 232, 9, -929, -359, -19, -180, 905, 38;
-40, 240, 16, -876, -278, 21, -156, 936, 64;
-42, 239, 14, -903, -276, 10, -165, 933, 57;
-41, 241, 15, -904, -250, 15, -163, 941, 60;
-42, 242, 15, -911, -229, 16, -164, 946, 60;
-40, 246, 17, -898, -188, 29, -157, 960, 69;
-48, 239, 10, -977, -241, -18, -188, 935, 39;
-50, 239, 8, -996, -234, -27, -195, 934, 34;
-51, 240, 8, -1008, -221, -31, -198, 937, 31;
-42, 250, 16, -930, -118, 23, -165, 976, 65;
-51, 243, 8, -1014, -177, -29, -199, 948, 32;
-44, 251, 15, -954, -92, 13, -173, 980, 59;
-43, 253, 15, -951, -66, 17, -171, 987, 61;
-48, 250, 11, -990, -82, -7, -187, 977, 46;
-48, 251, 11, -993, -63, -7, -187, 982, 46;
-44, 257, 15, -956, -4, 17, -172, 1003, 61;
-43, 259, 16, -950, 22, 22, -169, 1011, 64;
-46, 258, 14, -974, 19, 6, -179, 1006, 54;
-44, 260, 15, -960, 53, 15, -173, 1017, 60;
-49, 256, 10, -1008, 25, -17, -194, 1001, 40;
-50, 257, 9, -1016, 35, -24, -197, 1002, 35;
-43, 265, 16, -944, 125, 22, -168, 1036, 64;
-48, 261, 10, -996, 90, -15, -191, 1018, 41;
-49, 262, 10, -995, 108, -16, -191, 1022, 40;
-43, 268, 15, -941, 177, 16, -170, 1048, 61;
-46, 267, 12, -965, 169, -2, -181, 1041, 49;
-43, 271, 15, -930, 219, 16, -167, 1058, 61;
-49, 265, 8, -989, 174, -26, -193, 1036, 34;
-40, 276, 17, -896, 279, 30, -156, 1077, 70;
-42, 274, 15, -915, 272, 12, -166, 1071, 59;
-40, 277, 17, -889, 311, 25, -157, 1083, 66;
-46, 272, 10, -944, 266, -16, -181, 1062, 40;
-46, 273, 9, -939, 282, -19, -181, 1065, 38;
-42, 278, 13, -893, 336, 4, -165, 1084, 53;
-44, 277, 11, -904, 334, -9, -172, 1080, 44;
-43, 278, 11, -892, 353, -9, -169, 1085, 45;
-43, 279, 11, -886, 367, -12, -169, 1088, 43;
-38, 285, 15, -828, 431, 18, -148, 1111, 62;
-41, 281, 11, -857, 407, -9, -163, 1099, 45;
-36, 287, 15, -804, 464, 17, -144, 1119, 61;
-35, 288, 16, -785, 488, 21, -139, 1126, 64;
-35, 289, 15, -778, 497, 16, -139, 1127, 61;
-34, 291, 16, -755, 522, 21, -133, 1135, 64;
-32, 293, 17, -730, 549, 28, -126, 1143, 68;
-31, 294, 17, -711, 568, 30, -122, 1149, 70;
-34, 291, 13, -734, 545, 4, -135, 1136, 53;
-34, 291, 13, -724, 554, 0, -134, 1138, 51;
-37, 288, 9, -744, 532, -23, -147, 1126, 36;
-30, 296, 16, -662, 611, 18, -117, 1156, 62;
-28, 298, 17, -635, 635, 25, -109, 1164, 66;
-33, 292, 10, -678, 588, -15, -131, 1142, 41;
-32, 294, 11, -651, 610, -9, -124, 1149, 44;
-29, 297, 13, -617, 637, 0, -115, 1158, 50;
-26, 299, 14, -580, 668, 11, -104, 1169, 58;
-30, 295, 10, -606, 635, -18, -119, 1153, 39;
-23, 302, 15, -532, 700, 17, -93, 1178, 61;
-24, 301, 14, -525, 698, 7, -95, 1175, 55;
-23, 302, 14, -504, 709, 8, -91, 1178, 56;
-20, 304, 15, -469, 734, 17, -81, 1186, 61;
-22, 302, 13, -473, 718, 0, -88, 1178, 51;
-18, 306, 16, -417, 762, 22, -70, 1195, 65;
-18, 305, 15, -410, 756, 12, -72, 1191, 58;
-21, 301, 10, -429, 724, -14, -85, 1176, 41;
-13, 309, 18, -335, 803, 32, -51, 1207, 71;
-16, 305, 13, -354, 770, 5, -64, 1192, 54;
-18, 303, 11, -357, 750, -12, -70, 1183, 43;
-18, 302, 9, -348, 743, -21, -72, 1179, 37;
-13, 306, 13, -287, 787, 3, -52, 1196, 53;
-10, 309, 15, -242, 814, 17, -39, 1206, 61;
-7, 311, 17, -206, 832, 25, -29, 1213, 66;
-7, 310, 16, -190, 829, 20, -28, 1211, 63;
-14, 302, 8, -243, 755, -31, -56, 1180, 31;
-4, 311, 17, -133, 845, 25, -16, 1216, 66;
-11, 303, 8, -192, 765, -29, -46, 1183, 32;
-8, 305, 10, -150, 785, -18, -34, 1190, 39;
-8, 304, 9, -132, 781, -22, -32, 1188, 36;
-5, 306, 11, -89, 802, -9, -20, 1197, 44;
0, 310, 14, -32, 835, 11, -2, 1210, 57;
-3, 306, 10, -47, 796, -15, -14, 1194, 41;
4, 313, 17, 43, 862, 28, 17, 1221, 68;
2, 309, 13, 33, 827, 5, 8, 1207, 54;
6, 313, 17, 91, 861, 28, 26, 1221, 68;
5, 310, 15, 96, 839, 14, 22, 1212, 60;
7, 311, 16, 128, 845, 19, 30, 1215, 63;
2, 305, 10, 95, 785, -18, 11, 1190, 39;
2, 303, 8, 100, 763, -31, 8, 1182, 31;
6, 306, 11, 155, 790, -11, 25, 1193, 44;
12, 310, 16, 225, 831, 19, 48, 1211, 62;
5, 302, 8, 175, 753, -29, 22, 1180, 32;
13, 308, 14, 261, 810, 11, 52, 1204, 57;
8, 302, 9, 231, 751, -24, 34, 1180, 35;
10, 302, 9, 259, 750, -21, 41, 1181, 37;
13, 304, 11, 297, 758, -11, 51, 1185, 43;
13, 302, 10, 313, 743, -17, 52, 1180, 40;
14, 301, 9, 331, 731, -20, 54, 1176, 38;
20, 306, 15, 406, 776, 14, 80, 1196, 60;
21, 306, 15, 430, 769, 15, 85, 1195, 60;
20, 303, 13, 432, 740, 1, 81, 1184, 52;
16, 298, 8, 408, 684, -29, 66, 1162, 32;
23, 303, 14, 483, 728, 6, 92, 1182, 54;
28, 306, 18, 543, 756, 32, 112, 1196, 71;
21, 298, 10, 489, 670, -17, 85, 1162, 39;
27, 301, 14, 553, 702, 10, 106, 1177, 57;
29, 302, 16, 586, 703, 19, 115, 1179, 62;
28, 299, 13, 583, 668, 3, 110, 1167, 53;
31, 300, 15, 625, 677, 18, 122, 1173, 62;
31, 298, 14, 631, 652, 9, 121, 1164, 56;
31, 297, 14, 648, 636, 7, 123, 1160, 55;
36, 300, 18, 702, 658, 31, 141, 1171, 70;
35, 297, 16, 705, 629, 21, 138, 1161, 64;
34, 294, 14, 703, 595, 8, 134, 1150, 56;
36, 294, 15, 729, 589, 14, 140, 1150, 59;
38, 295, 16, 756, 584, 20, 148, 1150, 63;
30, 285, 7, 693, 489, -32, 118, 1113, 30;
33, 286, 10, 731, 496, -17, 130, 1119, 40;
42, 293, 18, 821, 554, 32, 164, 1145, 70;
38, 288, 14, 800, 501, 7, 151, 1126, 55;
40, 288, 15, 822, 493, 13, 157, 1125, 59;
40, 287, 14, 831, 471, 9, 158, 1119, 57;
37, 282, 10, 809, 418, -13, 146, 1100, 42;
43, 286, 16, 875, 454, 21, 170, 1118, 64;
37, 278, 9, 821, 369, -22, 145, 1086, 36;
37, 276, 8, 829, 347, -25, 146, 1080, 35;
46, 284, 17, 920, 408, 27, 181, 1108, 68;
38, 274, 8, 850, 309, -26, 149, 1070, 34;
39, 273, 9, 862, 292, -25, 152, 1066, 35;
45, 278, 15, 930, 331, 13, 178, 1085, 59;
41, 272, 10, 899, 272, -13, 163, 1064, 42;
45, 274, 14, 936, 282, 6, 176, 1071, 54;
42, 269, 10, 910, 228, -16, 164, 1052, 40;
47, 274, 15, 968, 259, 17, 186, 1068, 61;
50, 274, 17, 993, 257, 29, 195, 1071, 69;
46, 269, 13, 960, 199, 3, 180, 1050, 53;
48, 269, 15, 980, 193, 12, 187, 1051, 59;
51, 271, 18, 1015, 202, 32, 200, 1058, 71;
49, 267, 15, 995, 158, 16, 191, 1043, 61;
41, 258, 8, 929, 68, -29, 163, 1009, 32;
42, 258, 9, 940, 55, -24, 167, 1007, 35;
43, 257, 9, 949, 41, -20, 170, 1005, 38;
42, 254, 8, 936, 6, -29, 164, 994, 32;
43, 255, 9, 952, 0, -20, 170, 994, 38;
46, 256, 12, 980, 6, -2, 182, 1001, 49;
46, 255, 12, 977, -16, -3, 181, 995, 48;
49, 256, 15, 1001, -12, 12, 191, 1000, 58;
49, 255, 15, 1007, -25, 17, 193, 997, 61;
45, 249, 11, 962, -89, -11, 175, 974, 43;
43, 246, 9, 942, -126, -22, 168, 962, 36;
41, 244, 8, 930, -156, -28, 163, 953, 32;
41, 243, 8, 924, -179, -30, 162, 947, 32;
43, 243, 10, 939, -180, -17, 169, 950, 39;
48, 247, 15, 981, -153, 13, 187, 965, 59;
44, 243, 12, 947, -202, -5, 174, 948, 47;
41, 238, 8, 910, -252, -26, 160, 930, 34;
42, 239, 10, 920, -255, -14, 166, 932, 41;
45, 241, 13, 943, -245, 5, 177, 940, 54;
40, 234, 8, 888, -311, -26, 156, 915, 34;
42, 235, 11, 901, -309, -11, 164, 919, 43;
46, 239, 15, 937, -284, 18, 181, 933, 62;
42, 235, 12, 897, -333, -2, 166, 916, 49;
44, 236, 15, 911, -327, 14, 174, 922, 59;
39, 230, 10, 853, -392, -16, 153, 898, 40;
45, 235, 16, 901, -351, 22, 176, 918, 65;
45, 235, 17, 896, -362, 27, 176, 916, 67;
44, 233, 17, 882, -382, 25, 173, 911, 67;
35, 224, 9, 792, -476, -25, 139, 875, 35;
38, 226, 12, 809, -463, -4, 149, 883, 48;
41, 229, 16, 832, -443, 19, 162, 894, 63;
40, 228, 16, 816, -461, 18, 158, 889, 62;
33, 220, 9, 737, -541, -23, 129, 859, 36;
34, 221, 11, 745, -535, -8, 136, 864, 45;
36, 223, 14, 755, -524, 9, 144, 871, 56;
31, 217, 9, 696, -582, -19, 123, 850, 38;
30, 216, 9, 674, -602, -22, 118, 844, 37;
37, 224, 17, 736, -537, 30, 147, 873, 69;
30, 216, 11, 658, -612, -10, 119, 845, 44;
26, 212, 8, 613, -653, -27, 104, 830, 33;
29, 215, 12, 630, -630, -4, 116, 842, 48;
34, 220, 17, 660, -595, 28, 132, 859, 68;
25, 212, 10, 571, -676, -17, 100, 827, 40;
24, 211, 10, 550, -690, -18, 96, 823, 39;
31, 217, 17, 600, -632, 28, 121, 849, 68;
26, 213, 14, 546, -676, 6, 104, 833, 54;
26, 214, 15, 537, -676, 13, 104, 835, 59;
26, 213, 15, 519, -683, 16, 102, 833, 61;
17, 205, 7, 425, -766, -31, 68, 801, 31;
23, 212, 15, 472, -707, 13, 92, 827, 59;
24, 212, 16, 462, -704, 21, 93, 830, 64;
15, 204, 8, 368, -785, -26, 59, 798, 34;
17, 207, 12, 380, -759, -3, 69, 810, 48;
15, 206, 11, 345, -778, -10, 60, 803, 44;
20, 211, 16, 375, -732, 24, 78, 823, 66;
19, 210, 16, 352, -739, 24, 74, 822, 66;
13, 206, 12, 288, -786, -2, 53, 803, 49;
13, 206, 13, 275, -781, 4, 53, 806, 54;
6, 201, 8, 199, -838, -29, 27, 783, 32;
5, 200, 7, 172, -846, -32, 21, 781, 31;
7, 203, 11, 178, -820, -11, 29, 792, 43;
4, 201, 9, 138, -840, -22, 18, 785, 36;
3, 201, 9, 118, -839, -19, 15, 786, 38;
7, 206, 15, 142, -793, 12, 31, 805, 58;
0, 200, 8, 59, -854, -25, 2, 781, 34;
0, 200, 9, 37, -854, -24, -1, 781, 35;
0, 201, 10, 26, -842, -15, 0, 786, 41;
-3, 199, 7, -23, -867, -31, -15, 776, 31;
0, 204, 13, 4, -815, 2, 1, 797, 52;
-5, 200, 8, -63, -857, -25, -20, 780, 35;
-5, 200, 9, -82, -851, -21, -22, 782, 37;
-4, 203, 11, -85, -828, -7, -18, 791, 46;
-8, 200, 9, -130, -847, -21, -31, 783, 37;
-8, 201, 10, -151, -841, -18, -34, 786, 39;
-11, 200, 9, -185, -847, -25, -43, 782, 35;
-5, 208, 16, -141, -776, 20, -19, 811, 63;
-9, 204, 12, -199, -806, -2, -37, 798, 49;
-9, 206, 14, -209, -787, 7, -36, 806, 55;
-15, 202, 9, -276, -825, -21, -58, 789, 37;
-9, 209, 16, -233, -753, 23, -35, 818, 65;
-18, 201, 8, -336, -827, -29, -72, 786, 32;
-17, 204, 10, -340, -801, -16, -69, 796, 40;
-14, 208, 14, -326, -756, 8, -58, 813, 56;
-21, 203, 8, -405, -805, -29, -85, 792, 32;
-22, 204, 9, -422, -791, -24, -87, 796, 35;
-21, 206, 11, -426, -764, -12, -83, 806, 43;
-22, 207, 11, -443, -750, -9, -85, 810, 45;
-17, 214, 17, -408, -684, 28, -66, 836, 68;
-25, 207, 10, -498, -743, -16, -98, 811, 40;
-24, 210, 12, -504, -716, -5, -96, 820, 47;
-26, 210, 11, -530, -711, -9, -101, 820, 45;
-25, 213, 13, -531, -680, 3, -97, 831, 53;
-24, 215, 14, -541, -658, 11, -97, 839, 57;
-27, 214, 13, -574, -659, 2, -106, 836, 52;
-33, 210, 8, -639, -692, -27, -128, 820, 33;
-30, 215, 12, -624, -644, -4, -117, 838, 48;
-26, 220, 16, -601, -590, 23, -104, 859, 65;
-33, 214, 10, -678, -635, -15, -132, 838, 41;
-28, 222, 16, -637, -561, 24, -110, 866, 65;
-29, 222, 16, -656, -548, 23, -114, 869, 65;
-31, 222, 15, -684, -545, 15, -122, 868, 60;
-37, 218, 10, -753, -581, -18, -146, 850, 39;
-38, 218, 9, -772, -568, -20, -150, 853, 38;
-38, 220, 10, -783, -547, -16, -151, 859, 40;
-41, 219, 8, -814, -547, -27, -161, 857, 33;
-41, 220, 8, -828, -529, -26, -163, 861, 34;
-43, 221, 8, -848, -519, -30, -168, 863, 32;
-35, 231, 17, -779, -418, 25, -136, 902, 66;
-40, 228, 12, -833, -442, -2, -156, 889, 49;
-40, 229, 12, -848, -426, -3, -159, 893, 49;
-38, 233, 15, -831, -379, 16, -149, 909, 60;
-44, 228, 9, -899, -417, -21, -175, 890, 37;
-38, 236, 16, -842, -331, 24, -148, 923, 66;
-45, 231, 10, -914, -373, -16, -176, 902, 40;
-38, 239, 17, -861, -291, 25, -151, 933, 67;
-43, 236, 12, -913, -314, -2, -171, 921, 49;
-43, 238, 13, -913, -286, 3, -169, 929, 53;
-45, 237, 11, -942, -288, -10, -179, 925, 44;
-40, 244, 16, -899, -217, 23, -159, 951, 65;
-50, 236, 7, -991, -281, -32, -195, 921, 30;
-43, 244, 14, -935, -199, 9, -171, 952, 56;
-45, 243, 12, -956, -194, 0, -178, 951, 50;
-42, 248, 16, -930, -142, 20, -166, 969, 63;
-45, 247, 13, -958, -145, 5, -176, 965, 54;
-48, 245, 10, -993, -156, -15, -190, 957, 41;
-46, 249, 12, -975, -114, -1, -182, 971, 50;
-44, 252, 15, -954, -70, 14, -172, 986, 60;
-48, 249, 11, -998, -91, -12, -190, 974, 43;
-50, 249, 9, -1016, -86, -23, -197, 972, 36;
-44, 257, 16, -955, -3, 18, -171, 1003, 62;
-43, 259, 17, -946, 26, 24, -168, 1012, 66;
-48, 255, 11, -1001, -7, -11, -190, 995, 43;
-44, 261, 15, -957, 56, 16, -172, 1018, 61;
-51, 254, 8, -1027, 5, -30, -202, 993, 32;
-43, 264, 16, -945, 106, 23, -168, 1032, 65;
-50, 258, 9, -1010, 59, -22, -196, 1009, 37;
-47, 262, 11, -986, 100, -8, -186, 1023, 45;
-41, 269, 17, -924, 179, 30, -161, 1052, 70;
-45, 266, 13, -962, 156, 2, -178, 1039, 52;
-49, 264, 9, -991, 143, -20, -191, 1030, 38;
-48, 265, 10, -984, 165, -19, -190, 1036, 39;
-50, 265, 8, -994, 168, -30, -195, 1034, 32;
-42, 274, 15, -917, 259, 16, -165, 1068, 61;
-41, 275, 15, -908, 280, 18, -163, 1074, 62;
-42, 276, 15, -906, 293, 13, -164, 1076, 59;
-44, 274, 12, -926, 284, -4, -174, 1069, 47;
-39, 280, 16, -873, 347, 23, -154, 1092, 65;
-43, 277, 12, -903, 327, -1, -169, 1080, 49;
-37, 283, 17, -845, 393, 29, -147, 1105, 69;
-38, 283, 16, -844, 402, 22, -149, 1105, 65;
-41, 281, 13, -863, 390, 3, -159, 1097, 52;
-41, 281, 12, -858, 400, -2, -160, 1099, 49;
-38, 285, 14, -825, 439, 11, -150, 1112, 58;
-39, 284, 13, -829, 439, 0, -154, 1109, 51;
-39, 284, 12, -824, 449, -4, -155, 1110, 47;
-40, 284, 11, -821, 454, -12, -157, 1110, 43;
-33, 291, 16, -753, 525, 23, -132, 1136, 65;
-41, 284, 8, -816, 463, -28, -162, 1108, 33;
-32, 293, 16, -725, 555, 21, -127, 1143, 64;
-37, 288, 11, -758, 521, -11, -145, 1126, 44;
-32, 294, 15, -700, 578, 16, -125, 1147, 61;
-34, 292, 12, -712, 565, -2, -133, 1139, 49;
-37, 289, 8, -732, 541, -27, -146, 1127, 33;
-29, 297, 15, -647, 623, 17, -114, 1159, 61;
-33, 292, 10, -678, 587, -15, -131, 1142, 41;
-26, 300, 17, -595, 665, 27, -101, 1172, 67;
-28, 298, 14, -607, 648, 6, -110, 1162, 55;
-25, 300, 15, -570, 678, 18, -100, 1173, 62;
-32, 294, 8, -621, 619, -29, -125, 1146, 32;
-28, 297, 11, -571, 661, -9, -109, 1162, 45;
-27, 298, 11, -553, 669, -11, -107, 1163, 44;
-26, 299, 11, -531, 682, -9, -102, 1167, 44;
-22, 303, 14, -481, 721, 9, -86, 1181, 56;
-22, 302, 13, -472, 719, 0, -87, 1179, 51;
-19, 305, 15, -430, 749, 14, -75, 1189, 59;
-17, 306, 15, -404, 763, 17, -69, 1194, 61;
-23, 299, 8, -449, 704, -27, -93, 1168, 33;
-14, 308, 16, -349, 789, 23, -57, 1202, 65;
-15, 306, 14, -348, 776, 9, -61, 1195, 56;
-15, 306, 14, -328, 780, 7, -58, 1195, 55;
-17, 303, 10, -337, 754, -14, -67, 1184, 41;
-12, 308, 14, -275, 799, 11, -47, 1201, 57;
-17, 302, 8, -311, 745, -28, -67, 1178, 33;
-14, 304, 10, -270, 768, -16, -56, 1186, 40;
-15, 302, 8, -267, 751, -31, -60, 1179, 31;
-5, 311, 16, -164, 835, 21, -23, 1213, 64;
-10, 305, 10, -194, 784, -14, -41, 1191, 41;
-2, 312, 17, -103, 854, 29, -9, 1219, 69;
-4, 310, 14, -106, 830, 11, -15, 1209, 58;
0, 313, 17, -54, 859, 29, 0, 1221, 69;
0, 311, 15, -46, 844, 18, -2, 1214, 62;
-4, 306, 10, -72, 795, -15, -18, 1193, 41;
-2, 307, 11, -39, 805, -9, -10, 1197, 45;
3, 311, 16, 30, 849, 20, 12, 1216, 63;
-2, 304, 9, -12, 782, -24, -10, 1188, 35;
1, 307, 12, 41, 810, -5, 5, 1200, 47;
6, 311, 16, 103, 846, 19, 26, 1215, 63;
6, 310, 14, 114, 830, 10, 24, 1209, 57;
0, 303, 8, 75, 765, -31, 3, 1182, 31;
4, 305, 10, 127, 790, -13, 19, 1193, 42;
3, 302, 7, 123, 758, -32, 12, 1180, 30;
14, 312, 17, 242, 849, 30, 55, 1218, 70;
6, 303, 9, 183, 762, -24, 25, 1183, 35;
8, 303, 9, 210, 760, -22, 31, 1183, 36;
12, 306, 13, 267, 787, 0, 49, 1195, 50;
18, 311, 18, 339, 829, 31, 74, 1214, 70;
11, 301, 9, 277, 738, -25, 43, 1177, 35;
13, 302, 10, 311, 741, -18, 51, 1179, 39;
19, 307, 15, 383, 783, 14, 76, 1198, 59;
14, 300, 8, 345, 714, -26, 55, 1171, 34;
15, 300, 9, 370, 709, -24, 60, 1170, 35;
19, 302, 12, 423, 730, -4, 77, 1180, 48;
19, 300, 10, 428, 704, -15, 74, 1171, 41;
20, 300, 10, 453, 698, -13, 80, 1170, 42;
25, 303, 14, 510, 722, 9, 98, 1182, 57;
25, 301, 13, 523, 704, 4, 99, 1176, 53;
26, 300, 13, 541, 690, 2, 101, 1172, 52;
29, 302, 15, 583, 700, 16, 114, 1178, 61;
26, 297, 12, 568, 653, -6, 103, 1160, 46;
24, 294, 9, 563, 616, -22, 97, 1147, 36;
25, 293, 9, 579, 600, -25, 99, 1143, 35;
26, 292, 9, 602, 591, -22, 104, 1141, 36;
35, 300, 17, 698, 655, 29, 140, 1170, 69;
34, 296, 15, 693, 617, 13, 133, 1156, 59;
30, 291, 10, 667, 559, -15, 119, 1135, 41;
33, 292, 12, 703, 563, -3, 130, 1139, 48;
30, 287, 8, 683, 511, -28, 117, 1120, 33;
40, 295, 18, 789, 585, 31, 158, 1153, 70;
35, 289, 12, 755, 519, -1, 140, 1128, 49;
34, 286, 10, 752, 485, -13, 135, 1117, 42;
36, 286, 12, 778, 480, -6, 143, 1117, 47;
38, 286, 13, 803, 473, 0, 149, 1117, 51;
43, 290, 17, 861, 500, 29, 170, 1131, 69;
39, 284, 13, 830, 439, 0, 155, 1109, 51;
39, 282, 12, 836, 414, -4, 154, 1101, 48;
35, 276, 7, 807, 355, -32, 139, 1080, 30;
42, 282, 14, 878, 396, 7, 166, 1100, 55;
44, 282, 15, 904, 393, 17, 174, 1102, 61;
45, 281, 16, 919, 378, 19, 178, 1099, 63;
45, 279, 15, 919, 349, 13, 176, 1090, 59;
48, 280, 17, 952, 354, 28, 187, 1095, 68;
42, 273, 11, 904, 277, -9, 165, 1066, 44;
42, 272, 11, 912, 257, -10, 166, 1061, 44;
42, 270, 10, 915, 232, -13, 166, 1054, 42;
40, 266, 8, 901, 191, -27, 158, 1040, 33;
48, 273, 16, 979, 244, 20, 189, 1065, 63;
40, 263, 8, 908, 146, -31, 158, 1028, 31;
49, 270, 16, 990, 203, 19, 191, 1055, 63;
44, 264, 11, 948, 136, -11, 173, 1030, 43;
41, 259, 8, 923, 86, -31, 161, 1013, 31;
48, 265, 14, 988, 127, 9, 187, 1034, 57;
46, 261, 12, 973, 88, -2, 180, 1021, 49;
44, 258, 10, 957, 49, -14, 173, 1008, 41;
45, 257, 11, 963, 33, -12, 175, 1005, 43;
44, 256, 10, 962, 10, -13, 174, 999, 42;
46, 256, 12, 979, 6, -2, 181, 1000, 49;
44, 253, 10, 963, -30, -13, 175, 989, 42;
49, 257, 15, 1009, -4, 17, 194, 1003, 61;
44, 251, 11, 962, -70, -12, 175, 979, 43;
47, 252, 13, 987, -64, 5, 185, 985, 54;
48, 252, 14, 993, -76, 10, 189, 983, 57;
42, 244, 8, 932, -154, -28, 164, 954, 33;
41, 243, 8, 925, -178, -29, 162, 948, 32;
50, 251, 17, 1010, -109, 29, 198, 980, 69;
43, 242, 10, 934, -200, -17, 168, 945, 39;
45, 244, 13, 955, -193, 0, 178, 951, 50;
43, 240, 11, 932, -231, -11, 169, 939, 43;
41, 238, 9, 913, -262, -19, 163, 929, 38;
47, 242, 15, 961, -227, 17, 185, 947, 61;
42, 236, 11, 908, -292, -12, 164, 924, 42;
41, 234, 10, 892, -318, -17, 160, 916, 40;
40, 233, 9, 880, -340, -19, 157, 910, 38;
47, 239, 17, 941, -289, 27, 184, 934, 67;
42, 234, 13, 890, -348, 0, 166, 913, 51;
42, 233, 14, 888, -358, 5, 167, 912, 54;
40, 231, 12, 860, -392, -4, 159, 901, 48;
43, 232, 15, 877, -382, 14, 168, 908, 60;
41, 230, 14, 852, -412, 6, 161, 899, 54;
41, 229, 14, 842, -426, 8, 160, 895, 56;
36, 224, 10, 789, -483, -18, 141, 875, 39;
42, 229, 16, 838, -438, 23, 164, 896, 65;
37, 225, 13, 789, -488, 0, 147, 878, 51;
37, 224, 13, 778, -501, 3, 146, 876, 53;
39, 226, 16, 786, -493, 19, 153, 881, 62;
30, 216, 7, 693, -586, -32, 118, 846, 30;
37, 223, 15, 752, -526, 17, 146, 873, 62;
36, 222, 15, 729, -547, 13, 140, 867, 59;
33, 219, 13, 694, -579, 2, 130, 856, 52;
34, 220, 15, 693, -577, 13, 134, 859, 59;
34, 220, 16, 688, -578, 22, 135, 861, 64;
34, 220, 17, 678, -583, 27, 136, 861, 68;
31, 217, 14, 631, -624, 9, 120, 847, 56;
33, 219, 18, 644, -604, 31, 130, 857, 70;
24, 211, 10, 551, -690, -18, 96, 823, 39;
26, 213, 12, 554, -678, -2, 102, 830, 49;
29, 216, 17, 577, -646, 26, 116, 845, 67;
24, 211, 12, 512, -701, -2, 94, 824, 49;
27, 215, 16, 531, -671, 24, 107, 839, 66;
22, 210, 12, 469, -722, -2, 86, 819, 49;
17, 205, 8, 410, -769, -27, 66, 801, 33;
20, 209, 13, 432, -734, 1, 81, 817, 52;
22, 212, 16, 438, -714, 20, 88, 827, 63;
16, 206, 11, 367, -772, -11, 64, 805, 43;
17, 208, 13, 366, -757, 3, 69, 812, 52;
13, 204, 10, 313, -794, -16, 52, 798, 40;
13, 205, 11, 304, -787, -7, 54, 802, 46;
16, 208, 15, 311, -763, 13, 62, 813, 59;
9, 202, 9, 235, -821, -22, 36, 790, 37;
9, 203, 11, 225, -812, -12, 37, 794, 43;
15, 210, 17, 266, -752, 30, 60, 820, 70;
13, 209, 17, 235, -764, 25, 52, 816, 66;
4, 201, 9, 136, -842, -23, 17, 784, 36;
5, 203, 11, 137, -820, -6, 23, 794, 46;
8, 207, 15, 148, -788, 16, 33, 808, 61;
0, 199, 8, 51, -863, -31, -1, 777, 31;
-1, 199, 8, 30, -861, -29, -4, 778, 32;
-1, 199, 8, 9, -858, -26, -7, 779, 34;
-2, 200, 9, -13, -857, -25, -11, 780, 35;
4, 208, 17, 42, -777, 28, 17, 813, 68;
1, 206, 15, 0, -793, 17, 5, 806, 61;
-2, 203, 12, -53, -822, -2, -10, 794, 49;
-6, 201, 9, -103, -846, -19, -25, 784, 38;
-7, 201, 10, -125, -842, -17, -29, 786, 39;
-8, 201, 10, -150, -840, -18, -34, 786, 39;
-11, 200, 8, -187, -850, -26, -44, 781, 34;
-4, 208, 16, -136, -771, 23, -17, 813, 65;
-5, 209, 17, -158, -764, 25, -20, 816, 66;
-15, 200, 7, -269, -847, -32, -61, 781, 30;
-11, 205, 12, -247, -796, -1, -46, 801, 49;
-17, 201, 8, -315, -835, -31, -69, 784, 31;
-9, 211, 17, -249, -740, 28, -36, 822, 68;
-18, 203, 9, -350, -811, -23, -73, 792, 36;
-11, 211, 17, -297, -728, 27, -46, 825, 68;
-13, 211, 16, -326, -726, 23, -52, 825, 65;
-15, 211, 16, -356, -725, 19, -59, 824, 62;
-23, 204, 9, -444, -782, -24, -91, 799, 35;
-25, 204, 8, -471, -779, -27, -97, 799, 33;
-18, 213, 16, -421, -697, 20, -71, 831, 63;
-24, 209, 11, -487, -732, -9, -94, 815, 45;
-22, 212, 14, -481, -694, 8, -86, 829, 56;
-23, 213, 14, -505, -686, 7, -91, 831, 55;
-21, 217, 17, -495, -644, 28, -82, 846, 68;
-30, 209, 9, -591, -708, -22, -117, 818, 37;
-30, 211, 10, -602, -687, -16, -117, 824, 40;
-32, 210, 8, -638, -691, -27, -128, 821, 33;
-27, 217, 14, -600, -620, 11, -107, 848, 58;
-28, 218, 15, -617, -606, 12, -110, 852, 58;
-35, 213, 8, -693, -649, -25, -138, 831, 35;
-35, 214, 9, -707, -631, -22, -139, 837, 36;
-33, 218, 12, -694, -586, -2, -130, 853, 49;
-31, 222, 14, -690, -550, 11, -124, 865, 58;
-32, 222, 14, -708, -536, 11, -128, 869, 57;
-34, 222, 13, -735, -531, 4, -135, 868, 53;
-33, 225, 15, -736, -500, 14, -132, 879, 59;
-33, 227, 16, -740, -473, 21, -130, 887, 64;
-42, 220, 8, -832, -533, -29, -165, 859, 32;
-41, 223, 10, -827, -498, -16, -160, 871, 40;
-34, 231, 17, -774, -414, 28, -134, 903, 68;
-35, 232, 17, -790, -398, 26, -138, 907, 67;
-39, 230, 13, -835, -414, 5, -154, 898, 54;
-44, 226, 9, -891, -439, -23, -174, 884, 36;
-45, 227, 8, -909, -427, -27, -179, 886, 33;
-38, 236, 16, -848, -337, 20, -151, 921, 63;
-42, 234, 13, -888, -347, 0, -165, 913, 51;
-48, 230, 8, -947, -377, -31, -187, 898, 31;
-44, 235, 12, -919, -320, -6, -173, 918, 47;
-46, 235, 10, -938, -312, -13, -179, 919, 42;
-39, 243, 17, -885, -230, 28, -155, 949, 68;
-44, 240, 13, -934, -252, 0, -174, 937, 51;
-43, 243, 15, -923, -214, 12, -168, 949, 58;
-42, 246, 16, -917, -181, 21, -163, 960, 64;
-46, 243, 12, -959, -197, -2, -179, 950, 49;
-40, 250, 18, -914, -126, 31, -159, 976, 70;
-50, 242, 9, -1002, -190, -24, -195, 946, 35;
-42, 251, 16, -936, -99, 22, -166, 981, 65;
-46, 249, 13, -974, -113, 0, -181, 971, 50;
-51, 246, 8, -1017, -132, -26, -199, 960, 34;
-49, 249, 10, -1000, -92, -13, -191, 973, 42;
-49, 250, 10, -1002, -72, -13, -191, 978, 42;
-44, 256, 15, -960, -8, 14, -174, 1001, 60;
-43, 259, 16, -951, 21, 21, -170, 1010, 64;
-42, 261, 17, -943, 50, 26, -166, 1019, 67;
-45, 259, 14, -970, 43, 8, -178, 1012, 56;
-44, 262, 15, -956, 76, 16, -172, 1023, 61;
-46, 261, 13, -975, 76, 3, -180, 1019, 52;
-46, 262, 13, -971, 98, 3, -179, 1025, 53;
-42, 267, 17, -934, 152, 26, -165, 1044, 67;
-41, 270, 18, -922, 181, 32, -160, 1053, 71;
-46, 266, 12, -967, 152, 0, -180, 1037, 50;
-47, 265, 11, -978, 156, -11, -186, 1036, 43;
-48, 266, 10, -980, 169, -16, -188, 1037, 40;
-44, 270, 13, -944, 219, 3, -174, 1055, 53;
-47, 268, 10, -967, 208, -16, -186, 1047, 40;
-43, 273, 13, -928, 260, 4, -171, 1066, 54;
-47, 271, 10, -952, 247, -16, -183, 1057, 40;
-41, 277, 15, -894, 316, 16, -161, 1082, 61;
-43, 276, 13, -906, 314, 2, -168, 1078, 52;
-38, 281, 17, -859, 370, 26, -151, 1098, 67;
-42, 278, 12, -892, 346, -1, -166, 1085, 50;
-38, 283, 16, -847, 399, 21, -150, 1104, 64;
-40, 282, 14, -856, 396, 7, -157, 1100, 55;
-38, 284, 15, -834, 424, 14, -150, 1109, 59;
-41, 281, 11, -856, 408, -8, -162, 1099, 45;
-40, 283, 12, -839, 430, -5, -158, 1105, 47;
-34, 290, 17, -772, 500, 29, -134, 1131, 69;
-39, 285, 12, -808, 467, -3, -152, 1115, 48;
-40, 284, 9, -818, 459, -20, -159, 1109, 38;
-36, 288, 13, -773, 506, 0, -144, 1125, 50;
-33, 292, 15, -733, 546, 16, -131, 1140, 61;
-30, 295, 17, -699, 580, 28, -120, 1151, 68;
-36, 290, 11, -739, 539, -9, -141, 1131, 45;
-30, 296, 16, -674, 603, 22, -117, 1155, 65;
-29, 297, 16, -654, 619, 24, -113, 1160, 66;
-31, 295, 13, -664, 605, 5, -122, 1152, 54;
-34, 292, 9, -685, 581, -20, -134, 1139, 38;
-35, 291, 8, -681, 579, -30, -137, 1136, 32;
-30, 296, 12, -622, 632, -3, -117, 1156, 48;
-30, 295, 10, -618, 630, -13, -119, 1153, 42;
-32, 294, 8, -620, 620, -28, -125, 1147, 33;
-26, 299, 13, -555, 677, 1, -102, 1169, 52;
-29, 296, 9, -575, 648, -25, -115, 1155, 35;
-23, 301, 14, -506, 707, 6, -92, 1177, 55;
-20, 304, 16, -466, 736, 18, -80, 1187, 62;
-23, 300, 11, -485, 706, -7, -93, 1173, 46;
-24, 300, 10, -478, 701, -17, -95, 1170, 40;
-18, 305, 15, -406, 760, 15, -70, 1193, 60;
-18, 304, 14, -398, 755, 6, -72, 1189, 54;
-18, 304, 12, -388, 750, -2, -73, 1186, 49;
-20, 301, 9, -391, 732, -19, -79, 1177, 38;
-15, 306, 13, -332, 775, 4, -60, 1194, 53;
-17, 303, 10, -339, 752, -16, -68, 1183, 40;
-15, 304, 11, -304, 769, -8, -59, 1189, 45;
-16, 302, 9, -306, 750, -25, -65, 1180, 35;
-6, 312, 18, -196, 841, 31, -25, 1217, 70;
-14, 303, 8, -259, 760, -25, -57, 1182, 35;
-6, 310, 15, -170, 829, 17, -25, 1210, 61;
-3, 312, 18, -124, 854, 31, -12, 1220, 70;
-4, 310, 15, -125, 832, 14, -18, 1210, 60;
-4, 309, 14, -110, 825, 8, -17, 1207, 56;
-7, 306, 10, -120, 794, -14, -27, 1193, 42;
-8, 303, 7, -121, 769, -31, -33, 1183, 31;
1, 311, 16, -17, 850, 21, 3, 1216, 64;
-5, 303, 8, -69, 774, -29, -23, 1185, 32;
0, 309, 13, 5, 825, 3, 2, 1206, 53;
-3, 304, 8, -17, 777, -27, -12, 1186, 33;
0, 306, 10, 29, 798, -13, 0, 1195, 42;
0, 305, 10, 49, 792, -16, 3, 1193, 40;
2, 306, 10, 78, 795, -13, 10, 1194, 42;
8, 310, 15, 145, 835, 14, 32, 1211, 60;
10, 311, 16, 176, 839, 19, 39, 1213, 62;
12, 311, 16, 209, 843, 24, 47, 1216, 66;
8, 306, 11, 184, 791, -7, 31, 1194, 46;
6, 303, 8, 180, 758, -27, 24, 1181, 34;
11, 306, 12, 240, 789, -2, 43, 1195, 49;
13, 307, 14, 277, 797, 5, 53, 1199, 54;
15, 308, 14, 308, 799, 11, 61, 1201, 57;
15, 306, 13, 318, 779, 2, 60, 1194, 52;
16, 305, 13, 343, 773, 2, 65, 1193, 52;
19, 307, 15, 386, 786, 16, 77, 1199, 61;
14, 300, 8, 345, 715, -26, 55, 1171, 34;
17, 302, 11, 390, 728, -11, 68, 1178, 43;
21, 304, 13, 437, 744, 5, 83, 1186, 54;
23, 304, 15, 471, 747, 12, 92, 1189, 59;
20, 299, 10, 449, 694, -15, 78, 1168, 41;
23, 301, 13, 496, 709, 0, 92, 1176, 51;
20, 296, 8, 477, 658, -25, 80, 1157, 34;
25, 300, 13, 539, 688, 1, 101, 1171, 51;
21, 294, 8, 512, 629, -30, 85, 1149, 32;
31, 302, 17, 618, 703, 26, 124, 1181, 67;
26, 296, 11, 580, 633, -11, 104, 1154, 43;
29, 296, 12, 613, 634, -2, 113, 1157, 49;
27, 292, 9, 605, 593, -20, 105, 1142, 38;
30, 294, 12, 650, 606, -3, 120, 1150, 48;
31, 294, 12, 669, 593, -2, 124, 1147, 49;
33, 294, 13, 698, 590, 5, 132, 1148, 54;
30, 289, 9, 675, 535, -22, 118, 1127, 37;
34, 291, 12, 722, 550, -2, 133, 1136, 49;
33, 288, 10, 719, 515, -14, 129, 1124, 41;
33, 286, 10, 731, 496, -17, 130, 1119, 40;
36, 288, 12, 770, 504, -1, 143, 1124, 49;
40, 290, 15, 813, 515, 16, 157, 1132, 61;
42, 291, 17, 844, 515, 27, 167, 1135, 68;
34, 280, 8, 770, 409, -31, 133, 1094, 31;
42, 287, 15, 857, 465, 17, 166, 1120, 62;
38, 281, 11, 826, 404, -11, 150, 1097, 43;
41, 282, 13, 858, 406, 1, 160, 1101, 52;
42, 281, 13, 876, 394, 5, 165, 1099, 54;
39, 277, 11, 859, 348, -12, 155, 1083, 42;
43, 279, 13, 895, 354, 3, 168, 1088, 53;
43, 278, 13, 908, 338, 5, 171, 1085, 54;
40, 273, 10, 883, 285, -17, 158, 1066, 40;
48, 280, 18, 966, 339, 31, 190, 1092, 70;
48, 277, 17, 965, 310, 25, 188, 1083, 66;
44, 272, 12, 932, 250, -2, 173, 1061, 49;
48, 274, 16, 971, 262, 19, 187, 1070, 62;
48, 273, 16, 979, 243, 20, 189, 1065, 63;
43, 266, 10, 931, 170, -15, 168, 1038, 41;
50, 271, 17, 1000, 212, 25, 195, 1059, 67;
44, 264, 11, 949, 136, -11, 173, 1031, 43;
46, 264, 13, 970, 133, 0, 180, 1033, 50;
45, 262, 11, 959, 98, -9, 175, 1022, 44;
42, 257, 8, 936, 51, -27, 165, 1006, 33;
50, 264, 16, 1009, 101, 19, 195, 1030, 63;
44, 257, 10, 956, 26, -16, 172, 1002, 40;
42, 253, 8, 940, -11, -28, 165, 989, 33;
46, 256, 12, 975, 2, -5, 180, 999, 47;
42, 251, 8, 941, -52, -28, 166, 980, 33;
43, 250, 9, 948, -64, -22, 169, 978, 36;
41, 248, 8, 934, -98, -31, 163, 967, 31;
49, 254, 16, 1007, -44, 18, 194, 993, 62;
47, 250, 13, 980, -89, 2, 183, 978, 52;
44, 246, 10, 953, -133, -13, 173, 963, 42;
45, 246, 12, 961, -142, -6, 177, 962, 47;
45, 245, 12, 957, -162, -6, 176, 958, 47;
50, 250, 17, 1006, -128, 30, 198, 975, 69;
46, 244, 13, 960, -188, 3, 180, 953, 53;
50, 247, 17, 993, -169, 29, 195, 965, 69;
41, 237, 9, 906, -270, -24, 160, 926, 35;
47, 243, 16, 965, -223, 20, 186, 949, 63;
45, 240, 14, 939, -260, 8, 178, 937, 56;
48, 241, 17, 957, -254, 25, 187, 943, 66;
40, 233, 10, 881, -339, -18, 158, 910, 39;
45, 237, 15, 923, -307, 15, 177, 927, 60;
44, 236, 15, 908, -330, 12, 173, 920, 58;
37, 228, 8, 839, -407, -26, 147, 892, 34;
38, 229, 10, 842, -411, -16, 151, 893, 40;
45, 234, 17, 895, -364, 26, 176, 915, 67;
43, 232, 15, 870, -394, 17, 168, 906, 62;
44, 232, 17, 872, -397, 27, 172, 908, 68;
42, 230, 16, 850, -423, 22, 166, 900, 64;
43, 231, 18, 850, -425, 31, 169, 901, 70;
42, 230, 18, 834, -443, 30, 166, 897, 70;
40, 227, 16, 805, -474, 21, 157, 887, 64;
39, 226, 16, 785, -494, 18, 152, 881, 62;
34, 221, 12, 736, -543, -3, 136, 863, 48;
32, 218, 10, 705, -573, -13, 127, 854, 42;
36, 223, 15, 735, -541, 18, 143, 869, 62;
36, 223, 16, 727, -546, 24, 143, 869, 65;
36, 222, 17, 717, -553, 29, 143, 869, 69;
36, 222, 18, 701, -564, 31, 141, 867, 70;
31, 217, 13, 643, -617, 4, 121, 847, 53;
30, 216, 13, 626, -629, 5, 118, 844, 54;
27, 213, 11, 586, -661, -7, 106, 833, 46;
30, 217, 16, 606, -635, 18, 119, 846, 62;
23, 210, 10, 530, -702, -18, 92, 820, 39;
26, 213, 13, 541, -682, 2, 102, 831, 52;
24, 211, 13, 516, -697, 0, 96, 826, 50;
25, 213, 15, 516, -686, 14, 101, 832, 59;
23, 211, 14, 483, -708, 6, 92, 825, 54;
22, 211, 14, 461, -718, 6, 88, 822, 54;
24, 212, 16, 463, -703, 22, 94, 830, 65;
17, 207, 11, 392, -760, -9, 69, 808, 44;
14, 204, 8, 346, -793, -25, 55, 796, 34;
17, 208, 13, 367, -756, 3, 69, 812, 53;
17, 208, 14, 349, -758, 7, 67, 813, 55;
12, 204, 10, 289, -802, -17, 47, 795, 40;
14, 206, 13, 293, -781, 0, 54, 805, 51;
16, 209, 16, 304, -752, 23, 64, 818, 65;
9, 203, 10, 225, -813, -13, 37, 794, 42;
15, 210, 18, 267, -752, 30, 60, 820, 70;
5, 201, 9, 161, -838, -23, 22, 785, 36;
6, 203, 11, 159, -819, -8, 26, 793, 45;
11, 209, 17, 190, -767, 28, 45, 816, 68;
9, 208, 16, 157, -778, 22, 37, 812, 65;
1, 200, 9, 66, -847, -21, 4, 783, 37;
7, 208, 16, 110, -780, 24, 28, 811, 66;
0, 202, 11, 30, -837, -12, 1, 788, 43;
1, 204, 12, 23, -820, 0, 4, 795, 50;
-3, 200, 9, -30, -850, -20, -12, 783, 38;
1, 206, 15, -3, -798, 13, 3, 804, 59;
-7, 199, 7, -98, -867, -32, -29, 776, 30;
-7, 200, 9, -112, -855, -25, -29, 780, 35;
-2, 206, 14, -80, -797, 12, -10, 804, 58;
-10, 200, 8, -164, -854, -27, -39, 780, 33;
-11, 200, 8, -187, -849, -26, -43, 782, 34;
-10, 202, 10, -194, -829, -14, -41, 790, 41;
-14, 200, 8, -239, -846, -28, -54, 782, 32;
-7, 208, 16, -187, -765, 22, -27, 815, 64;
-10, 207, 14, -232, -781, 8, -40, 807, 56;
-9, 209, 16, -237, -757, 20, -37, 816, 63;
-13, 207, 13, -285, -776, 4, -51, 808, 53;
-18, 203, 10, -343, -803, -18, -70, 795, 39;
-13, 210, 16, -310, -741, 18, -51, 820, 62;
-21, 203, 8, -404, -804, -28, -85, 792, 33;
-15, 211, 16, -357, -726, 18, -60, 823, 62;
-15, 212, 17, -368, -707, 25, -59, 830, 67;
-23, 206, 10, -455, -762, -16, -90, 806, 40;
-16, 214, 18, -405, -681, 31, -64, 838, 70;
-22, 210, 13, -474, -718, 0, -88, 821, 50;
-26, 208, 10, -521, -734, -17, -103, 812, 40;
-22, 213, 14, -498, -679, 12, -88, 834, 58;
-28, 210, 10, -559, -708, -14, -109, 820, 41;
-25, 214, 14, -546, -663, 7, -99, 836, 55;
-22, 218, 17, -533, -618, 29, -89, 853, 69;
-29, 213, 11, -610, -663, -8, -116, 832, 45;
-28, 217, 14, -604, -624, 8, -109, 846, 56;
-26, 220, 16, -600, -589, 23, -103, 859, 65;
-26, 222, 18, -607, -564, 31, -102, 867, 70;
-28, 222, 16, -637, -561, 23, -110, 866, 65;
-34, 217, 11, -703, -595, -8, -134, 849, 45;
-34, 219, 12, -714, -575, -4, -134, 855, 48;
-38, 217, 9, -758, -586, -21, -148, 848, 37;
-32, 224, 15, -714, -510, 18, -127, 877, 62;
-40, 219, 9, -793, -558, -23, -156, 855, 36;
-37, 223, 12, -779, -512, -3, -146, 871, 48;
-42, 220, 8, -832, -533, -29, -165, 859, 32;
-41, 222, 9, -835, -505, -21, -163, 868, 37;
-39, 226, 12, -825, -464, -5, -155, 882, 47;
-41, 226, 11, -844, -453, -9, -160, 884, 45;
-35, 234, 18, -794, -373, 32, -137, 915, 71;
-45, 225, 8, -902, -449, -30, -178, 880, 31;
-37, 236, 17, -826, -344, 27, -144, 921, 68;
-42, 232, 12, -883, -371, -2, -165, 906, 49;
-44, 232, 11, -903, -362, -9, -171, 907, 45;
-47, 231, 8, -938, -368, -25, -183, 901, 35;
-47, 232, 8, -949, -350, -26, -185, 906, 34;
-39, 242, 17, -876, -250, 28, -154, 944, 68;
-49, 234, 8, -972, -317, -30, -191, 913, 32;
-48, 236, 9, -971, -289, -23, -189, 922, 36;
-46, 240, 11, -956, -246, -8, -181, 936, 45;
-44, 244, 14, -937, -201, 8, -172, 951, 56;
-42, 247, 16, -927, -165, 18, -166, 963, 62;
-42, 248, 16, -932, -145, 19, -167, 968, 62;
-44, 248, 14, -948, -136, 11, -173, 968, 58;
-42, 251, 17, -932, -94, 25, -165, 982, 66;
-49, 246, 10, -1000, -139, -17, -192, 960, 39;
-44, 253, 15, -953, -68, 16, -172, 987, 61;
-45, 253, 14, -965, -57, 9, -176, 988, 56;
-50, 249, 9, -1017, -87, -23, -197, 972, 36;
-52, 249, 7, -1032, -80, -32, -203, 971, 30;
-45, 257, 14, -965, 7, 11, -176, 1004, 58;
-43, 261, 17, -946, 47, 24, -167, 1018, 66;
-41, 263, 18, -935, 78, 31, -163, 1027, 70;
-51, 255, 8, -1022, 10, -27, -200, 995, 33;
-42, 265, 17, -935, 115, 29, -164, 1036, 69;
-42, 266, 17, -935, 134, 27, -164, 1040, 68;
-47, 262, 11, -985, 102, -7, -186, 1023, 46;
-51, 260, 8, -1016, 87, -30, -200, 1014, 31;
-46, 265, 12, -969, 150, -2, -181, 1036, 49;
-43, 269, 15, -941, 193, 13, -170, 1051, 59;
-43, 271, 15, -931, 218, 16, -168, 1058, 61;
-44, 271, 14, -939, 224, 6, -172, 1057, 55;
-48, 267, 9, -977, 199, -23, -190, 1043, 36;
-46, 270, 11, -952, 236, -11, -181, 1056, 44;
-45, 272, 11, -939, 261, -7, -177, 1062, 46;
-44, 274, 12, -920, 290, -1, -172, 1071, 50;
-46, 273, 10, -933, 287, -15, -179, 1067, 41;
-46, 274, 10, -928, 302, -18, -179, 1070, 39;
-40, 280, 14, -873, 365, 10, -159, 1093, 57;
-44, 277, 10, -899, 346, -13, -172, 1082, 42;
-41, 281, 13, -864, 388, 1, -160, 1097, 52;
-37, 285, 16, -822, 437, 22, -145, 1114, 64;
-36, 286, 16, -809, 455, 22, -143, 1118, 64;
-38, 285, 14, -819, 450, 7, -150, 1113, 55;
-43, 280, 8, -862, 411, -30, -171, 1094, 32;
-40, 284, 10, -826, 449, -15, -159, 1107, 41;
-37, 288, 13, -783, 495, 3, -144, 1124, 53;
-39, 285, 10, -800, 479, -18, -155, 1114, 39;
-38, 286, 10, -783, 496, -17, -152, 1119, 40;
-31, 294, 16, -708, 572, 22, -124, 1147, 65;
-37, 288, 10, -752, 526, -18, -146, 1126, 39;
-32, 293, 14, -696, 580, 7, -127, 1146, 55;
-30, 296, 15, -665, 608, 16, -118, 1155, 61;
-36, 289, 8, -717, 553, -29, -143, 1130, 32;
-34, 292, 10, -682, 584, -18, -133, 1140, 39;
-33, 293, 10, -665, 596, -19, -130, 1143, 39;
-24, 301, 17, -571, 683, 30, -96, 1177, 69;
-29, 297, 12, -603, 644, -3, -114, 1159, 48;
-31, 294, 8, -618, 622, -27, -124, 1148, 34;
-31, 294, 8, -602, 630, -29, -122, 1149, 32;
-27, 298, 11, -554, 669, -11, -107, 1163, 43;
-22, 302, 15, -497, 716, 12, -88, 1181, 58;
-25, 299, 11, -511, 691, -10, -99, 1169, 44;
-18, 306, 17, -430, 761, 28, -70, 1196, 68;
-25, 299, 9, -485, 694, -22, -98, 1167, 37;
-15, 308, 17, -386, 780, 28, -62, 1201, 68;
-17, 305, 14, -390, 763, 11, -68, 1192, 58;
-23, 299, 7, -432, 706, -31, -91, 1167, 31;
-19, 302, 10, -386, 737, -16, -77, 1179, 40;
-14, 307, 14, -320, 787, 12, -55, 1198, 58;
-15, 305, 12, -316, 775, 0, -59, 1192, 50;
-18, 302, 8, -331, 743, -26, -70, 1178, 34;
-17, 302, 8, -310, 746, -28, -67, 1178, 33;
-7, 311, 17, -203, 834, 27, -28, 1214, 67;
-15, 302, 8, -262, 756, -28, -58, 1181, 33;
-7, 309, 14, -179, 820, 11, -29, 1206, 58;
-12, 303, 9, -210, 768, -25, -47, 1184, 35;
-3, 311, 16, -118, 839, 19, -15, 1213, 62;
-8, 305, 10, -151, 784, -18, -34, 1190, 39;
0, 312, 17, -60, 854, 25, -2, 1218, 67;
-1, 310, 15, -54, 836, 13, -5, 1211, 59;
2, 313, 18, -1, 866, 31, 10, 1223, 70;
-4, 304, 9, -59, 784, -23, -19, 1189, 36;