3, 298, 3, 758, 21, 10, 13, 1166, 13;
3, 298, 2, 753, 24, 13, 11, 1162, 10;
3, 297, 2, 750, 31, 16, 12, 1161, 9;
0, 293, -1, 725, 15, 9, -1, 1145, -4;
-2, 290, -3, 707, 7, 6, -10, 1134, -14;
0, 292, -2, 715, 24, 15, -2, 1139, -8;
2, 294, 0, 731, 51, 29, 9, 1150, 3;
0, 292, -1, 712, 42, 25, 0, 1138, -7;
5, 296, 2, 740, 80, 45, 20, 1156, 11;
7, 298, 5, 751, 102, 56, 30, 1164, 20;
3, 293, 0, 718, 79, 46, 12, 1144, 1;
1, 290, -2, 699, 71, 42, 4, 1133, -8;
10, 299, 6, 752, 135, 75, 40, 1167, 27;
1, 290, -1, 693, 87, 51, 6, 1131, -7;
3, 291, 0, 701, 106, 62, 14, 1137, 0;
7, 294, 3, 718, 135, 77, 29, 1149, 12;
7, 294, 3, 715, 143, 82, 31, 1148, 13;
11, 297, 6, 732, 172, 97, 45, 1160, 26;
9, 294, 4, 714, 165, 94, 37, 1150, 17;
8, 293, 3, 700, 164, 94, 33, 1143, 12;
11, 295, 6, 715, 191, 108, 46, 1154, 24;
6, 289, 0, 675, 163, 94, 25, 1130, 2;
11, 294, 5, 699, 199, 113, 44, 1147, 20;
13, 295, 7, 707, 219, 124, 53, 1153, 28;
16, 297, 9, 715, 240, 135, 63, 1160, 37;
15, 295, 8, 701, 239, 135, 59, 1153, 32;
12, 292, 5, 676, 227, 129, 48, 1139, 20;
16, 295, 8, 692, 256, 145, 62, 1152, 34;
9, 287, 1, 640, 217, 126, 35, 1121, 5;
12, 289, 4, 651, 241, 138, 46, 1130, 16;
18, 295, 10, 684, 287, 162, 72, 1153, 40;
10, 286, 2, 625, 242, 140, 41, 1118, 8;
14, 290, 5, 642, 272, 156, 56, 1131, 23;
19, 294, 10, 665, 308, 174, 75, 1148, 41;
14, 288, 5, 623, 280, 161, 55, 1124, 19;
16, 290, 7, 631, 301, 172, 65, 1131, 29;
12, 285, 3, 596, 281, 162, 49, 1113, 12;
21, 293, 11, 640, 338, 191, 82, 1142, 44;
20, 292, 10, 630, 342, 194, 81, 1139, 42;
18, 288, 8, 604, 330, 189, 71, 1125, 31;
19, 288, 8, 600, 341, 194, 74, 1126, 34;
14, 282, 3, 559, 314, 181, 54, 1103, 13;
16, 284, 5, 566, 335, 192, 64, 1110, 22;
19, 287, 8, 577, 360, 205, 77, 1120, 34;
18, 285, 7, 561, 358, 205, 73, 1113, 30;
25, 291, 14, 592, 404, 228, 99, 1136, 55;
19, 284, 8, 547, 373, 213, 77, 1110, 32;
21, 286, 10, 550, 391, 223, 85, 1116, 39;
23, 287, 11, 550, 405, 230, 91, 1119, 45;
23, 286, 11, 541, 411, 234, 92, 1117, 45;
23, 284, 10, 526, 410, 234, 89, 1111, 42;
22, 283, 10, 512, 410, 234, 87, 1105, 39;
26, 287, 14, 529, 442, 251, 104, 1119, 55;
19, 279, 7, 475, 403, 232, 77, 1090, 28;
21, 280, 8, 476, 418, 240, 84, 1093, 34;
22, 280, 9, 472, 429, 245, 88, 1094, 38;
21, 279, 8, 455, 427, 245, 85, 1088, 34;
26, 283, 13, 476, 463, 263, 104, 1105, 53;
29, 284, 15, 478, 479, 272, 113, 1110, 61;
23, 278, 10, 434, 450, 257, 92, 1086, 40;
25, 279, 12, 436, 467, 266, 100, 1091, 48;
25, 278, 11, 421, 467, 267, 98, 1086, 45;
22, 275, 9, 396, 456, 261, 89, 1074, 36;
28, 280, 14, 419, 494, 281, 111, 1093, 57;
31, 282, 17, 426, 515, 292, 122, 1101, 68;
27, 277, 13, 391, 495, 282, 108, 1083, 53;
23, 272, 9, 352, 471, 270, 91, 1063, 36;
28, 277, 14, 374, 507, 289, 111, 1081, 56;
23, 270, 8, 328, 475, 273, 90, 1056, 35;
22, 269, 8, 314, 476, 274, 89, 1052, 33;
27, 273, 13, 332, 508, 290, 107, 1067, 51;
29, 275, 15, 335, 525, 299, 116, 1073, 60;
31, 275, 16, 330, 535, 304, 120, 1075, 64;
25, 268, 10, 281, 500, 287, 97, 1049, 41;
29, 272, 15, 297, 531, 303, 115, 1063, 58;
33, 275, 19, 310, 558, 317, 130, 1076, 74;
28, 270, 14, 269, 531, 303, 112, 1055, 56;
25, 266, 10, 233, 509, 293, 97, 1037, 41;
32, 273, 18, 270, 560, 318, 128, 1064, 71;
34, 274, 20, 271, 575, 326, 135, 1069, 79;
30, 269, 15, 231, 549, 313, 118, 1049, 62;
26, 264, 12, 196, 527, 303, 104, 1032, 47;
27, 264, 12, 187, 532, 305, 105, 1031, 49;
29, 265, 14, 188, 547, 313, 114, 1036, 58;
30, 265, 15, 182, 554, 317, 117, 1037, 61;
32, 267, 17, 182, 568, 324, 125, 1042, 69;
34, 268, 20, 185, 584, 332, 134, 1048, 79;
31, 264, 16, 152, 564, 322, 121, 1032, 66;
34, 267, 20, 161, 586, 333, 134, 1042, 79;
31, 263, 17, 130, 568, 324, 122, 1028, 67;
35, 266, 21, 142, 593, 337, 137, 1040, 83;
35, 266, 22, 134, 598, 340, 140, 1040, 86;
31, 262, 18, 97, 574, 327, 124, 1022, 70;
33, 263, 20, 98, 587, 334, 132, 1027, 78;
34, 262, 20, 87, 588, 335, 132, 1025, 79;
30, 258, 16, 51, 565, 323, 117, 1007, 65;
29, 256, 16, 34, 560, 321, 114, 1002, 62;
29, 256, 15, 21, 559, 320, 113, 998, 61;
28, 254, 15, 4, 554, 318, 110, 993, 59;
27, 252, 14, -15, 546, 314, 105, 985, 54;
34, 259, 21, 20, 594, 338, 135, 1012, 84;
28, 252, 15, -29, 556, 319, 111, 986, 61;
36, 260, 23, 8, 605, 343, 142, 1015, 93;
31, 254, 19, -33, 574, 328, 122, 993, 74;
34, 257, 22, -26, 592, 337, 134, 1002, 86;
33, 255, 21, -42, 587, 334, 131, 997, 84;
32, 254, 20, -59, 580, 331, 127, 991, 81;
33, 253, 21, -69, 581, 331, 128, 990, 83;
27, 248, 16, -114, 547, 314, 107, 967, 63;
26, 245, 14, -135, 536, 308, 101, 958, 57;
31, 250, 20, -114, 568, 324, 121, 976, 78;
26, 244, 15, -156, 535, 308, 102, 955, 59;
27, 245, 16, -161, 540, 310, 105, 957, 64;
29, 247, 19, -155, 555, 317, 115, 965, 75;
34, 251, 24, -136, 583, 331, 134, 981, 94;
31, 248, 21, -165, 565, 322, 123, 968, 84;
28, 244, 18, -195, 543, 311, 111, 954, 73;
29, 245, 20, -197, 550, 315, 116, 958, 79;
32, 247, 22, -192, 564, 321, 125, 965, 89;
32, 247, 23, -203, 562, 320, 125, 963, 90;
29, 244, 21, -227, 546, 312, 116, 953, 82;
27, 241, 19, -250, 531, 304, 108, 943, 75;
24, 238, 16, -281, 508, 292, 95, 928, 63;
33, 246, 25, -236, 561, 318, 129, 961, 99;
31, 244, 23, -257, 547, 311, 122, 952, 93;
25, 238, 18, -301, 511, 293, 101, 929, 73;
24, 236, 17, -318, 501, 288, 96, 923, 69;
33, 245, 26, -273, 553, 313, 130, 955, 104;
32, 244, 26, -286, 546, 310, 127, 952, 103;
32, 242, 26, -300, 539, 306, 124, 947, 101;
24, 234, 18, -359, 486, 279, 93, 915, 71;
32, 243, 27, -313, 538, 305, 127, 948, 107;
25, 235, 20, -370, 487, 279, 97, 916, 78;
29, 239, 24, -352, 511, 291, 114, 932, 96;
27, 236, 23, -373, 496, 283, 106, 923, 89;
26, 235, 22, -387, 486, 278, 102, 918, 87;
28, 237, 24, -382, 496, 283, 111, 925, 97;
26, 235, 23, -401, 482, 275, 104, 918, 91;
28, 236, 25, -400, 489, 278, 110, 923, 99;
30, 238, 27, -394, 498, 282, 118, 930, 108;
29, 237, 27, -405, 492, 279, 116, 927, 108;
29, 236, 27, -417, 484, 274, 113, 923, 106;
29, 236, 28, -423, 482, 273, 114, 924, 109;
19, 226, 18, -492, 416, 240, 75, 884, 72;
23, 230, 23, -473, 439, 251, 92, 900, 90;
22, 229, 21, -490, 425, 243, 86, 893, 85;
20, 227, 20, -506, 412, 236, 80, 887, 81;
28, 235, 29, -464, 456, 258, 110, 917, 113;
18, 224, 19, -533, 389, 224, 71, 877, 75;
22, 229, 24, -512, 413, 236, 88, 894, 94;
23, 229, 25, -513, 413, 235, 91, 896, 99;
21, 227, 23, -533, 395, 226, 82, 887, 92;
24, 230, 27, -519, 411, 233, 95, 900, 106;
16, 222, 19, -577, 354, 204, 62, 867, 75;
15, 221, 19, -585, 347, 200, 60, 865, 75;
25, 231, 29, -530, 403, 228, 98, 902, 114;
23, 229, 28, -545, 388, 220, 92, 896, 110;
24, 230, 29, -545, 388, 220, 95, 899, 114;
18, 225, 24, -585, 348, 199, 73, 877, 94;
15, 222, 21, -607, 326, 187, 62, 866, 85;
21, 228, 28, -575, 358, 203, 85, 889, 110;
20, 226, 27, -588, 345, 196, 79, 884, 106;
15, 221, 22, -623, 309, 177, 60, 865, 89;
22, 228, 30, -584, 347, 196, 87, 892, 117;
14, 221, 22, -636, 293, 168, 56, 862, 89;
11, 217, 20, -661, 267, 155, 43, 849, 78;
20, 227, 29, -605, 321, 181, 80, 886, 116;
14, 221, 24, -648, 276, 158, 55, 862, 93;
17, 224, 27, -632, 290, 164, 67, 874, 107;
10, 217, 21, -676, 243, 141, 42, 849, 83;
15, 222, 26, -647, 269, 153, 61, 869, 104;
17, 224, 28, -640, 273, 155, 67, 876, 112;
8, 216, 20, -698, 213, 124, 32, 842, 80;
14, 222, 27, -661, 247, 140, 57, 867, 106;
13, 221, 26, -670, 234, 133, 52, 863, 103;
14, 222, 28, -664, 236, 133, 57, 869, 110;
10, 218, 24, -692, 204, 117, 40, 853, 96;
15, 224, 30, -661, 231, 130, 61, 875, 118;
13, 221, 28, -678, 209, 118, 50, 865, 109;
10, 219, 25, -698, 185, 105, 39, 854, 100;
4, 213, 20, -734, 144, 85, 17, 834, 80;
6, 216, 23, -720, 153, 88, 26, 844, 91;
8, 218, 26, -707, 160, 91, 34, 853, 101;
3, 213, 21, -740, 122, 72, 14, 834, 83;
8, 219, 27, -707, 150, 85, 35, 856, 105;
2, 213, 21, -745, 106, 62, 11, 833, 83;
5, 216, 24, -729, 115, 66, 20, 845, 95;
4, 216, 24, -732, 105, 61, 18, 843, 94;
3, 215, 24, -737, 95, 55, 15, 842, 93;
1, 213, 21, -753, 71, 42, 4, 832, 84;
0, 213, 22, -753, 65, 38, 3, 833, 86;
6, 219, 28, -715, 95, 53, 26, 857, 110;
6, 220, 28, -713, 89, 50, 26, 859, 112;
1, 215, 24, -743, 53, 31, 7, 841, 95;
0, 214, 23, -749, 38, 23, 1, 838, 92;
5, 220, 29, -714, 66, 36, 22, 860, 115;
-1, 213, 22, -759, 13, 9, -6, 833, 87;
5, 221, 30, -711, 52, 28, 21, 863, 117;
0, 215, 24, -745, 9, 6, -1, 842, 96;
0, 216, 25, -741, 5, 3, 0, 844, 99;
2, 219, 28, -720, 17, 8, 10, 857, 112;
1, 219, 28, -723, 4, 1, 6, 855, 110;
-2, 215, 24, -748, -29, -15, -10, 840, 94;
-2, 216, 25, -743, -33, -18, -10, 842, 97;
0, 220, 29, -718, -17, -11, 3, 858, 113;
-6, 213, 22, -758, -68, -37, -24, 833, 87;
-5, 215, 23, -749, -68, -38, -20, 838, 92;
-4, 216, 24, -740, -70, -39, -17, 843, 97;
-7, 213, 22, -754, -94, -52, -29, 834, 87;
-5, 216, 24, -738, -88, -50, -22, 843, 96;
-5, 216, 25, -734, -95, -54, -22, 845, 98;
-4, 219, 27, -718, -90, -52, -15, 854, 106;
-3, 220, 28, -708, -91, -53, -12, 859, 111;
-10, 214, 22, -746, -140, -78, -39, 835, 86;
-10, 214, 22, -740, -145, -81, -39, 837, 88;
-7, 218, 25, -718, -134, -76, -29, 850, 100;
-10, 216, 23, -728, -156, -88, -39, 843, 92;
-9, 217, 24, -719, -159, -90, -37, 847, 95;
-12, 215, 22, -731, -183, -103, -48, 838, 86;
-9, 219, 26, -703, -167, -95, -35, 854, 101;
-10, 218, 24, -707, -182, -104, -41, 851, 97;
-7, 222, 28, -679, -167, -96, -28, 866, 112;
-7, 222, 28, -674, -175, -101, -29, 868, 112;
-9, 221, 27, -679, -192, -110, -36, 863, 106;
-13, 217, 23, -698, -224, -127, -53, 849, 92;
-7, 224, 30, -652, -190, -110, -28, 876, 118;
-10, 221, 27, -667, -218, -125, -42, 865, 105;
-10, 222, 27, -657, -221, -127, -41, 869, 108;
-10, 223, 27, -652, -229, -132, -42, 871, 108;
-12, 222, 26, -653, -243, -139, -48, 868, 104;
-11, 223, 27, -642, -245, -141, -46, 872, 108;
-16, 219, 23, -663, -279, -159, -64, 857, 91;
-17, 219, 23, -659, -289, -164, -67, 857, 90;
-12, 225, 28, -620, -264, -152, -48, 879, 111;
-11, 226, 29, -609, -266, -153, -46, 884, 114;
-12, 227, 29, -601, -272, -157, -46, 886, 115;
-13, 226, 28, -600, -284, -164, -51, 884, 111;
-17, 223, 24, -619, -317, -181, -68, 870, 96;
-17, 224, 25, -609, -321, -183, -68, 873, 97;
-13, 228, 29, -577, -303, -175, -53, 891, 113;
-13, 229, 29, -568, -308, -178, -54, 893, 114;
-21, 222, 22, -603, -358, -203, -82, 869, 87;
-22, 221, 20, -606, -375, -212, -89, 864, 81;
-22, 223, 22, -591, -374, -212, -86, 870, 86;
-20, 225, 24, -571, -368, -210, -79, 880, 94;
-22, 224, 22, -576, -388, -220, -89, 873, 85;
-18, 229, 26, -537, -363, -208, -71, 895, 105;
-19, 228, 25, -536, -377, -216, -76, 892, 100;
-17, 231, 28, -512, -367, -211, -68, 904, 110;
-23, 226, 22, -538, -408, -232, -90, 884, 88;
-23, 227, 23, -526, -410, -234, -89, 888, 90;
-27, 224, 19, -542, -441, -250, -106, 875, 75;
-23, 229, 23, -506, -420, -239, -90, 894, 92;
-23, 229, 23, -499, -427, -244, -92, 895, 91;
-23, 230, 23, -489, -432, -246, -92, 897, 91;
-25, 229, 22, -487, -444, -253, -98, 895, 87;
-19, 236, 28, -439, -410, -237, -74, 921, 111;
-24, 231, 23, -461, -448, -256, -95, 904, 91;
-21, 235, 26, -431, -432, -248, -83, 919, 104;
-27, 230, 20, -459, -475, -270, -108, 897, 80;
-26, 232, 22, -439, -469, -268, -102, 906, 87;
-23, 236, 25, -410, -455, -261, -91, 920, 99;
-26, 233, 22, -417, -477, -272, -103, 912, 88;
-22, 238, 26, -381, -455, -262, -87, 930, 104;
-25, 236, 24, -388, -477, -273, -98, 922, 93;
-27, 234, 21, -391, -495, -282, -108, 916, 85;
-29, 233, 19, -392, -510, -290, -115, 911, 77;
-25, 238, 24, -354, -487, -279, -99, 931, 94;
-22, 242, 27, -323, -470, -271, -87, 946, 107;
-24, 241, 25, -326, -488, -280, -96, 940, 99;
-31, 234, 18, -357, -533, -303, -123, 916, 72;
-31, 236, 19, -343, -533, -303, -121, 921, 74;
-23, 244, 27, -281, -486, -280, -90, 954, 106;
-33, 235, 17, -334, -553, -314, -130, 917, 66;
-29, 239, 20, -299, -533, -304, -116, 935, 81;
-32, 238, 18, -303, -550, -313, -125, 928, 71;
-34, 236, 16, -303, -565, -320, -133, 923, 64;
-33, 238, 17, -285, -561, -319, -129, 930, 68;
-32, 240, 18, -266, -556, -316, -125, 937, 73;
-34, 239, 16, -266, -570, -324, -133, 933, 65;
-25, 248, 25, -199, -517, -297, -98, 970, 100;
-27, 247, 23, -202, -533, -305, -107, 964, 91;
-27, 248, 23, -187, -532, -305, -105, 968, 93;
-26, 249, 24, -173, -532, -305, -104, 972, 94;
-28, 248, 22, -170, -543, -311, -110, 969, 88;
-26, 251, 24, -144, -530, -305, -101, 981, 97;
-25, 252, 25, -130, -529, -304, -100, 985, 98;
-31, 248, 19, -151, -564, -322, -121, 967, 77;
-34, 245, 16, -161, -587, -333, -134, 956, 63;
-35, 245, 15, -152, -591, -336, -136, 957, 61;
-26, 254, 24, -89, -540, -310, -104, 992, 93;
-35, 246, 15, -132, -596, -338, -138, 960, 59;
-33, 249, 17, -107, -584, -332, -130, 971, 66;
-26, 256, 23, -54, -543, -312, -105, 999, 92;
-32, 251, 17, -79, -580, -331, -127, 979, 69;
-26, 257, 23, -30, -544, -312, -104, 1005, 92;
-29, 255, 20, -34, -560, -321, -114, 997, 81;
-26, 259, 23, -3, -542, -312, -103, 1011, 92;
-31, 254, 18, -25, -575, -328, -123, 994, 72;
-34, 252, 15, -30, -592, -337, -134, 985, 60;
-30, 257, 19, 8, -565, -323, -117, 1005, 77;
-34, 254, 15, -5, -590, -336, -132, 992, 61;
-36, 252, 13, -8, -604, -343, -141, 985, 51;
-30, 259, 18, 39, -568, -325, -119, 1010, 73;
-34, 256, 15, 29, -589, -335, -132, 998, 59;
-33, 256, 15, 41, -588, -334, -132, 1001, 59;
-31, 260, 17, 69, -571, -326, -121, 1014, 68;
-29, 262, 19, 91, -559, -320, -115, 1023, 74;
-28, 263, 19, 106, -555, -318, -112, 1027, 75;
-31, 261, 17, 103, -568, -324, -121, 1021, 66;
-30, 262, 17, 116, -565, -323, -120, 1024, 66;
-28, 265, 18, 139, -552, -316, -112, 1034, 73;
-26, 268, 21, 167, -534, -307, -101, 1046, 83;
-29, 265, 17, 157, -553, -316, -114, 1036, 69;
-30, 265, 16, 164, -556, -318, -117, 1035, 65;
-25, 270, 20, 202, -527, -303, -100, 1054, 81;
-30, 265, 15, 180, -558, -319, -120, 1036, 60;
-33, 263, 12, 175, -573, -326, -130, 1028, 49;
-27, 270, 18, 223, -533, -306, -106, 1053, 72;
-34, 263, 11, 189, -576, -327, -134, 1027, 43;
-32, 266, 13, 213, -560, -319, -125, 1038, 50;
-24, 274, 20, 270, -511, -294, -96, 1068, 78;
-29, 269, 14, 249, -540, -308, -115, 1051, 58;
-24, 275, 19, 291, -506, -291, -95, 1073, 77;
-24, 275, 19, 303, -501, -289, -94, 1075, 76;
-27, 272, 15, 291, -521, -298, -107, 1063, 62;
-29, 271, 13, 289, -530, -302, -114, 1058, 53;
-30, 270, 11, 289, -536, -305, -120, 1054, 46;
-33, 268, 9, 284, -548, -311, -129, 1046, 36;
-31, 270, 10, 306, -533, -303, -121, 1055, 42;
-23, 278, 18, 364, -482, -277, -90, 1087, 71;
-24, 277, 16, 365, -487, -279, -95, 1083, 65;
-25, 277, 15, 366, -491, -281, -100, 1080, 58;
-25, 277, 15, 378, -485, -278, -98, 1083, 59;
-28, 275, 11, 368, -500, -285, -109, 1073, 46;
-28, 275, 11, 375, -499, -284, -110, 1073, 43;
-28, 274, 10, 379, -499, -284, -112, 1072, 39;
-26, 277, 11, 402, -482, -275, -104, 1082, 46;
-28, 275, 9, 397, -491, -279, -111, 1075, 37;
-30, 273, 6, 392, -501, -284, -119, 1068, 27;
-23, 281, 14, 447, -450, -258, -90, 1098, 54;
-23, 281, 13, 454, -446, -256, -90, 1099, 52;
-25, 280, 11, 450, -455, -259, -97, 1092, 43;
-25, 280, 10, 457, -451, -257, -97, 1093, 42;
-21, 284, 13, 487, -425, -244, -83, 1108, 54;
-20, 285, 14, 502, -412, -237, -78, 1114, 57;
-26, 279, 7, 468, -450, -255, -104, 1088, 29;
-20, 285, 12, 511, -409, -235, -81, 1112, 50;
-27, 278, 5, 476, -446, -253, -106, 1087, 23;
-21, 284, 10, 516, -408, -233, -85, 1108, 41;
-18, 287, 13, 545, -381, -219, -71, 1123, 54;
-20, 286, 11, 540, -389, -223, -78, 1116, 44;
-22, 284, 9, 534, -396, -226, -86, 1109, 35;
-17, 288, 12, 566, -365, -210, -69, 1125, 49;
-25, 280, 4, 521, -411, -232, -101, 1094, 15;
-23, 282, 5, 539, -394, -223, -92, 1102, 21;
-18, 288, 10, 578, -356, -204, -71, 1123, 40;
-15, 290, 12, 598, -335, -193, -62, 1133, 48;
-15, 290, 11, 603, -330, -190, -61, 1133, 46;
-21, 285, 6, 576, -358, -203, -81, 1113, 23;
-14, 292, 11, 621, -312, -180, -56, 1138, 46;
-13, 292, 12, 630, -303, -175, -53, 1141, 47;
-13, 293, 12, 638, -294, -170, -51, 1144, 47;
-19, 286, 4, 600, -330, -187, -77, 1117, 19;
-16, 289, 7, 625, -304, -174, -63, 1130, 30;
-14, 291, 8, 637, -290, -166, -58, 1135, 33;
-12, 294, 10, 659, -267, -154, -47, 1146, 41;
-12, 293, 9, 657, -267, -154, -50, 1142, 36;
-16, 289, 5, 640, -282, -161, -62, 1130, 21;
-15, 289, 5, 645, -275, -156, -61, 1130, 20;
-19, 286, 1, 626, -290, -164, -74, 1117, 4;
-9, 296, 10, 690, -224, -130, -36, 1154, 40;
-14, 290, 4, 659, -252, -143, -57, 1133, 17;
-17, 287, 1, 644, -264, -148, -67, 1121, 4;
-9, 295, 8, 695, -209, -120, -36, 1152, 32;
-13, 291, 3, 674, -226, -129, -51, 1136, 15;
-7, 296, 8, 709, -187, -108, -30, 1157, 33;
-7, 296, 8, 712, -180, -104, -29, 1157, 32;
-9, 294, 6, 703, -184, -106, -35, 1149, 23;
-15, 288, 0, 666, -217, -121, -59, 1125, -2;
-11, 291, 1, 687, -191, -108, -46, 1136, 7;
-9, 293, 3, 703, -169, -97, -36, 1145, 14;
-4, 298, 7, 733, -134, -78, -18, 1162, 30;
-9, 293, 2, 706, -156, -89, -35, 1144, 10;
-8, 293, 2, 709, -147, -84, -33, 1144, 9;
-12, 289, -1, 687, -163, -91, -46, 1130, -6;
-6, 295, 3, 724, -120, -69, -23, 1152, 14;
-6, 294, 2, 721, -117, -66, -25, 1149, 9;
-10, 289, -2, 692, -139, -77, -42, 1130, -10;
-3, 296, 3, 737, -87, -50, -14, 1157, 15;
-8, 291, -1, 707, -110, -61, -32, 1138, -4;
-7, 292, -1, 710, -100, -55, -29, 1139, -4;
-6, 292, -1, 715, -88, -49, -25, 1141, -4;
-4, 294, 0, 727, -68, -38, -16, 1148, 2;
-7, 290, -3, 704, -84, -46, -30, 1133, -14;
2, 300, 6, 767, -12, -9, 10, 1172, 24;
0, 296, 2, 744, -28, -16, -2, 1157, 8;
-1, 295, 0, 736, -27, -15, -6, 1152, 1;
0, 296, 0, 740, -14, -8, -1, 1154, 3;
-4, 291, -3, 713, -32, -17, -16, 1137, -14;
0, 296, 0, 743, 5, 2, 3, 1156, 3;
4, 299, 3, 763, 34, 18, 17, 1168, 15;
4, 298, 2, 756, 37, 19, 15, 1164, 10;
-1, 292, -3, 718, 8, 6, -5, 1141, -13;
4, 298, 1, 753, 53, 29, 18, 1163, 7;
-1, 291, -4, 712, 21, 14, -4, 1137, -18;
0, 292, -4, 716, 35, 21, 0, 1140, -16;
6, 298, 1, 754, 84, 46, 26, 1165, 7;
0, 291, -5, 709, 49, 29, 1, 1137, -20;
5, 296, 0, 738, 89, 50, 22, 1156, -1;
0, 290, -7, 697, 58, 35, 0, 1131, -27;
4, 294, -2, 723, 95, 54, 19, 1148, -10;
10, 299, 1, 751, 134, 75, 39, 1167, 7;
2, 291, -6, 700, 94, 55, 10, 1135, -24;
3, 290, -6, 695, 101, 59, 11, 1134, -26;
11, 299, 1, 745, 162, 90, 46, 1166, 5;
9, 295, -1, 723, 151, 86, 36, 1153, -7;
8, 294, -3, 711, 151, 86, 32, 1147, -13;
7, 293, -4, 701, 153, 88, 30, 1142, -18;
5, 290, -7, 684, 148, 86, 23, 1133, -27;
11, 295, -2, 714, 190, 107, 45, 1153, -7;
9, 292, -5, 691, 178, 102, 35, 1140, -21;
12, 294, -3, 703, 203, 115, 47, 1149, -11;
13, 295, -2, 706, 219, 124, 53, 1153, -7;
16, 297, 0, 715, 240, 135, 63, 1160, 0;
7, 287, -10, 650, 188, 109, 27, 1121, -39;
9, 289, -8, 656, 207, 119, 35, 1127, -33;
9, 288, -8, 652, 216, 125, 38, 1127, -33;
12, 290, -6, 660, 237, 136, 47, 1133, -26;
12, 290, -6, 655, 245, 140, 49, 1133, -27;
16, 294, -3, 674, 277, 157, 65, 1146, -13;
15, 292, -5, 659, 275, 156, 61, 1139, -20;
15, 291, -5, 649, 279, 159, 60, 1136, -23;
17, 292, -4, 654, 298, 169, 69, 1141, -17;
15, 289, -7, 633, 290, 166, 61, 1130, -27;
12, 285, -11, 602, 273, 158, 47, 1114, -43;
15, 287, -8, 612, 296, 170, 58, 1122, -35;
13, 285, -10, 595, 293, 169, 54, 1114, -42;
15, 286, -9, 596, 309, 177, 60, 1118, -38;
18, 289, -7, 607, 334, 190, 72, 1127, -28;
15, 285, -10, 580, 321, 184, 61, 1113, -41;
15, 284, -11, 570, 325, 187, 61, 1110, -44;
24, 292, -3, 613, 381, 216, 93, 1139, -14;
20, 287, -7, 581, 364, 207, 80, 1122, -30;
16, 282, -12, 543, 340, 196, 62, 1102, -49;
25, 291, -4, 591, 403, 228, 98, 1135, -16;
21, 286, -8, 559, 386, 220, 85, 1118, -31;
23, 288, -6, 563, 403, 229, 93, 1123, -25;
22, 286, -8, 544, 399, 227, 87, 1115, -33;
24, 287, -6, 549, 419, 238, 97, 1122, -25;
24, 285, -8, 533, 417, 237, 93, 1115, -31;
22, 283, -10, 510, 408, 233, 85, 1104, -41;
17, 278, -15, 473, 386, 223, 69, 1085, -60;
20, 280, -13, 480, 408, 234, 80, 1092, -51;
19, 278, -15, 461, 403, 232, 75, 1084, -58;
19, 277, -15, 449, 406, 234, 74, 1080, -61;
21, 278, -14, 451, 423, 243, 82, 1086, -54;
21, 277, -14, 441, 427, 245, 83, 1083, -56;
29, 284, -6, 480, 481, 273, 114, 1111, -27;
28, 283, -8, 463, 479, 272, 110, 1104, -32;
22, 276, -14, 415, 446, 256, 87, 1078, -57;
30, 283, -7, 451, 496, 282, 117, 1105, -29;
27, 279, -11, 421, 481, 274, 105, 1090, -43;
29, 281, -9, 424, 499, 283, 114, 1096, -36;
29, 280, -9, 414, 503, 286, 114, 1093, -37;
28, 279, -10, 398, 502, 286, 112, 1088, -41;
26, 275, -13, 372, 491, 280, 103, 1076, -52;
26, 275, -13, 362, 495, 283, 104, 1074, -52;
32, 279, -8, 384, 531, 301, 125, 1091, -33;
27, 274, -13, 346, 508, 290, 108, 1072, -51;
29, 276, -11, 346, 523, 298, 116, 1076, -45;
28, 273, -13, 325, 515, 294, 110, 1067, -53;
23, 268, -18, 285, 490, 282, 92, 1047, -72;
32, 276, -10, 325, 545, 310, 125, 1076, -41;
30, 273, -13, 300, 534, 304, 117, 1065, -51;
26, 268, -17, 266, 514, 295, 103, 1048, -66;
30, 271, -13, 278, 540, 308, 118, 1060, -52;
24, 265, -20, 228, 504, 290, 94, 1034, -78;
29, 269, -15, 248, 538, 307, 114, 1051, -59;
33, 272, -11, 261, 565, 321, 129, 1063, -45;
32, 270, -13, 241, 559, 318, 124, 1055, -51;
27, 265, -18, 200, 531, 304, 106, 1034, -71;
34, 272, -10, 235, 580, 329, 136, 1061, -42;
27, 264, -18, 178, 536, 308, 107, 1030, -72;
26, 262, -19, 158, 531, 305, 103, 1022, -77;
30, 265, -16, 172, 558, 319, 119, 1036, -62;
27, 262, -19, 142, 541, 310, 107, 1021, -75;
34, 267, -12, 171, 583, 332, 133, 1044, -50;
28, 260, -19, 120, 546, 313, 109, 1017, -75;
29, 262, -17, 119, 558, 319, 116, 1021, -69;
30, 262, -17, 113, 564, 322, 119, 1022, -67;
35, 266, -12, 130, 594, 337, 137, 1038, -50;
26, 257, -21, 66, 543, 312, 105, 1002, -83;
33, 263, -15, 96, 585, 333, 131, 1026, -58;
35, 264, -13, 97, 599, 340, 139, 1031, -51;
28, 256, -20, 42, 556, 319, 112, 1002, -78;
34, 262, -14, 66, 592, 337, 134, 1021, -57;
35, 262, -13, 63, 601, 341, 139, 1024, -52;
26, 252, -23, -8, 542, 312, 102, 985, -90;
32, 258, -17, 18, 580, 331, 126, 1006, -67;
34, 259, -15, 17, 591, 336, 133, 1011, -61;
35, 260, -14, 16, 601, 341, 139, 1014, -55;
33, 257, -16, -7, 589, 335, 132, 1005, -63;
27, 250, -23, -60, 547, 314, 106, 976, -89;
33, 255, -17, -33, 585, 333, 129, 998, -66;
28, 250, -21, -72, 557, 319, 112, 978, -83;
26, 247, -24, -100, 540, 311, 102, 966, -94;
27, 248, -22, -100, 550, 315, 109, 970, -88;
28, 248, -22, -109, 552, 316, 110, 970, -87;
26, 245, -24, -134, 537, 309, 101, 959, -96;
27, 246, -23, -138, 544, 312, 106, 962, -91;
29, 247, -21, -137, 554, 317, 113, 966, -84;
34, 252, -16, -114, 587, 333, 134, 985, -63;
30, 247, -20, -153, 557, 319, 117, 966, -81;
26, 243, -24, -189, 531, 305, 101, 948, -97;
33, 250, -17, -150, 579, 329, 132, 977, -66;
28, 244, -22, -196, 542, 310, 110, 953, -88;
33, 249, -17, -171, 576, 327, 132, 974, -66;
28, 243, -22, -216, 540, 309, 110, 950, -88;
27, 242, -23, -234, 530, 304, 106, 944, -92;
33, 247, -17, -206, 567, 322, 129, 966, -69;
28, 242, -22, -247, 534, 305, 110, 945, -88;
34, 248, -16, -218, 571, 324, 134, 967, -64;
26, 240, -23, -276, 521, 298, 104, 936, -93;
28, 241, -22, -277, 527, 301, 110, 940, -87;
27, 240, -22, -290, 522, 298, 108, 936, -89;
32, 244, -17, -267, 552, 313, 128, 955, -69;
32, 244, -18, -279, 547, 311, 126, 952, -70;
32, 244, -17, -286, 546, 310, 127, 951, -69;
25, 236, -25, -343, 496, 284, 98, 920, -98;
30, 241, -19, -318, 527, 300, 119, 940, -76;
23, 234, -26, -370, 482, 277, 92, 912, -102;
27, 237, -22, -353, 504, 288, 108, 927, -86;
23, 233, -26, -390, 473, 272, 90, 908, -103;
31, 240, -18, -348, 520, 295, 122, 938, -71;
22, 231, -26, -411, 463, 266, 88, 903, -105;
27, 236, -22, -391, 488, 278, 105, 920, -86;
30, 239, -18, -378, 506, 287, 118, 932, -73;
25, 233, -23, -417, 471, 269, 99, 911, -92;
29, 237, -19, -402, 491, 279, 113, 925, -76;
22, 230, -25, -448, 448, 257, 89, 900, -100;
24, 232, -23, -445, 456, 260, 96, 906, -92;
19, 227, -28, -483, 422, 243, 77, 886, -110;
28, 235, -19, -438, 470, 267, 109, 918, -77;
27, 235, -20, -447, 464, 263, 108, 916, -78;
20, 227, -27, -500, 414, 238, 79, 887, -106;
20, 227, -26, -506, 411, 236, 80, 887, -104;
22, 229, -24, -502, 418, 239, 86, 893, -96;
19, 226, -27, -525, 397, 228, 76, 882, -106;
20, 227, -26, -526, 398, 228, 79, 885, -101;
23, 229, -23, -516, 411, 234, 89, 895, -90;
16, 223, -29, -561, 367, 212, 65, 870, -114;
24, 230, -21, -519, 411, 233, 95, 900, -83;
21, 227, -24, -543, 388, 221, 83, 888, -93;
19, 226, -25, -559, 373, 213, 77, 881, -99;
15, 222, -29, -589, 343, 198, 61, 865, -113;
19, 225, -25, -573, 360, 206, 74, 879, -98;
22, 229, -21, -555, 379, 215, 89, 893, -83;
18, 224, -25, -590, 344, 197, 70, 874, -100;
22, 229, -20, -564, 370, 209, 89, 893, -80;
17, 223, -26, -604, 329, 188, 66, 871, -101;
14, 221, -28, -623, 310, 178, 58, 862, -109;
19, 226, -22, -597, 335, 190, 76, 881, -89;
21, 228, -20, -587, 344, 194, 85, 890, -79;
17, 223, -24, -621, 308, 176, 66, 871, -97;
18, 225, -23, -615, 312, 177, 72, 877, -89;
12, 219, -28, -654, 272, 157, 50, 856, -110;
14, 221, -26, -645, 279, 159, 57, 864, -101;
19, 226, -20, -617, 305, 172, 77, 884, -80;
10, 217, -29, -678, 241, 140, 40, 848, -115;
12, 219, -27, -669, 248, 142, 48, 856, -106;
17, 224, -21, -638, 276, 156, 68, 877, -84;
9, 216, -29, -693, 218, 126, 35, 845, -115;
12, 220, -26, -676, 232, 132, 47, 858, -102;
12, 220, -25, -677, 227, 129, 48, 859, -100;
9, 217, -27, -695, 205, 118, 38, 850, -108;
14, 222, -22, -667, 229, 129, 56, 869, -88;
15, 224, -21, -661, 231, 130, 60, 874, -82;
10, 219, -25, -695, 193, 110, 40, 855, -101;
12, 221, -23, -685, 198, 112, 47, 863, -92;
4, 213, -30, -734, 144, 85, 17, 834, -120;
8, 217, -27, -712, 161, 92, 31, 849, -105;
8, 218, -26, -712, 156, 89, 31, 850, -103;
10, 221, -23, -695, 167, 94, 42, 862, -90;
5, 215, -28, -731, 125, 73, 20, 841, -111;
2, 213, -31, -749, 102, 60, 8, 831, -120;
5, 216, -27, -728, 116, 67, 21, 845, -106;
11, 222, -21, -691, 147, 82, 44, 869, -82;
2, 214, -28, -743, 89, 52, 11, 838, -112;
7, 220, -23, -712, 112, 63, 29, 858, -92;
7, 220, -23, -711, 107, 59, 29, 859, -90;
6, 219, -24, -718, 92, 51, 24, 855, -94;
5, 218, -24, -724, 79, 44, 19, 852, -97;
0, 213, -30, -760, 35, 22, -3, 831, -118;
7, 221, -21, -707, 81, 44, 28, 864, -84;
3, 218, -24, -726, 54, 30, 15, 853, -96;
-1, 214, -29, -756, 15, 10, -5, 834, -114;
6, 222, -21, -704, 58, 31, 25, 867, -82;
-1, 214, -28, -754, 0, 1, -6, 836, -112;
1, 218, -25, -730, 15, 8, 6, 851, -97;
-3, 214, -29, -757, -19, -9, -12, 835, -113;
0, 216, -26, -740, -12, -6, -3, 845, -103;
-3, 214, -28, -752, -32, -17, -13, 837, -111;
-3, 215, -28, -749, -39, -21, -13, 839, -109;
-5, 213, -29, -760, -60, -32, -22, 832, -116;
-2, 217, -26, -735, -45, -25, -9, 847, -101;
-7, 212, -30, -764, -84, -46, -30, 828, -120;
-1, 219, -24, -722, -52, -30, -6, 854, -95;
0, 221, -22, -706, -46, -28, 0, 863, -86;
-7, 214, -29, -751, -101, -56, -30, 835, -114;
-5, 217, -26, -732, -93, -53, -21, 846, -103;
-2, 220, -23, -711, -83, -48, -11, 859, -91;
-6, 217, -26, -728, -111, -63, -25, 847, -104;
-8, 215, -28, -737, -131, -74, -34, 840, -110;
-6, 218, -25, -717, -122, -70, -25, 852, -99;
-5, 220, -23, -703, -119, -69, -19, 860, -92;
-11, 214, -29, -738, -166, -93, -45, 836, -116;
-4, 222, -21, -687, -126, -74, -17, 867, -85;
-8, 219, -25, -705, -157, -90, -32, 854, -99;
-6, 221, -23, -688, -152, -88, -25, 864, -90;
-10, 217, -27, -709, -185, -105, -42, 849, -105;
-5, 224, -21, -668, -156, -91, -21, 873, -82;
-12, 217, -28, -708, -209, -118, -50, 846, -109;
-10, 220, -24, -684, -197, -113, -39, 860, -96;
-11, 220, -25, -685, -210, -120, -44, 858, -99;
-9, 222, -23, -665, -203, -117, -36, 868, -90;
-10, 222, -23, -666, -217, -125, -42, 866, -93;
-10, 222, -23, -659, -223, -128, -42, 868, -91;
-12, 221, -24, -663, -240, -137, -49, 864, -96;
-13, 221, -25, -661, -251, -143, -53, 863, -98;
-11, 224, -22, -638, -241, -139, -43, 875, -87;
-17, 219, -27, -668, -284, -161, -67, 854, -109;
-14, 222, -24, -642, -272, -156, -56, 868, -96;
-20, 217, -29, -669, -312, -176, -78, 849, -116;
-18, 220, -27, -648, -306, -173, -70, 859, -107;
-20, 219, -29, -653, -324, -183, -79, 854, -113;
-21, 218, -30, -654, -338, -191, -84, 851, -117;
-15, 225, -23, -605, -304, -174, -60, 879, -90;
-22, 219, -29, -639, -352, -199, -87, 855, -115;
-17, 224, -24, -602, -329, -188, -69, 875, -96;
-19, 223, -25, -602, -342, -195, -75, 872, -100;
-21, 222, -27, -603, -358, -203, -82, 868, -105;
-21, 223, -26, -596, -365, -207, -83, 870, -105;
-20, 224, -25, -582, -365, -208, -80, 876, -100;
-23, 223, -27, -587, -385, -218, -90, 870, -108;
-16, 230, -20, -537, -349, -201, -65, 898, -81;
-18, 229, -22, -538, -364, -209, -71, 894, -86;
-22, 226, -25, -552, -392, -224, -86, 882, -99;
-18, 231, -20, -516, -371, -213, -70, 901, -81;
-23, 226, -26, -541, -410, -233, -92, 883, -101;
-21, 229, -23, -516, -400, -229, -83, 894, -91;
-19, 231, -21, -496, -395, -227, -77, 904, -83;
-21, 230, -23, -499, -412, -236, -85, 898, -90;
-21, 231, -22, -487, -415, -238, -85, 902, -87;
-25, 228, -25, -498, -440, -251, -98, 892, -99;
-20, 234, -19, -454, -412, -237, -78, 915, -77;
-24, 230, -24, -474, -446, -254, -97, 899, -95;
-29, 226, -28, -492, -478, -271, -114, 885, -111;
-29, 227, -28, -483, -484, -274, -116, 886, -110;
-22, 235, -20, -426, -442, -253, -87, 918, -80;
-29, 229, -27, -457, -488, -277, -113, 895, -105;
-30, 229, -27, -454, -499, -283, -118, 893, -109;
-23, 236, -20, -398, -458, -263, -91, 924, -80;
-25, 235, -22, -399, -473, -271, -98, 919, -86;
-27, 234, -23, -400, -489, -279, -106, 914, -92;
-28, 234, -24, -395, -499, -284, -110, 914, -95;
-22, 241, -17, -345, -464, -267, -86, 940, -70;
-22, 241, -17, -336, -469, -270, -88, 942, -69;
-30, 234, -25, -374, -521, -296, -119, 914, -99;
-30, 235, -25, -364, -526, -299, -119, 916, -99;
-23, 242, -18, -309, -486, -279, -93, 946, -71;
-23, 243, -17, -298, -488, -281, -93, 949, -70;
-26, 241, -20, -303, -508, -291, -104, 941, -79;
-32, 236, -25, -326, -545, -310, -125, 922, -99;
-26, 243, -19, -277, -511, -293, -102, 948, -75;
-24, 245, -17, -256, -504, -290, -97, 957, -68;
-30, 240, -23, -282, -544, -310, -120, 937, -90;
-25, 246, -17, -238, -514, -295, -100, 959, -70;
-28, 244, -20, -242, -532, -304, -110, 952, -78;
-32, 240, -24, -257, -561, -319, -127, 939, -94;
-25, 248, -17, -203, -521, -299, -101, 967, -67;
-25, 249, -16, -189, -521, -299, -100, 971, -65;
-31, 244, -22, -214, -560, -319, -123, 951, -87;
-28, 247, -19, -186, -545, -312, -112, 964, -75;
-26, 250, -17, -160, -532, -306, -104, 976, -66;
-29, 248, -19, -165, -551, -315, -115, 968, -76;
-31, 246, -21, -168, -567, -323, -124, 961, -84;
-28, 250, -18, -135, -548, -314, -111, 977, -70;
-25, 254, -15, -106, -531, -306, -100, 991, -58;
-26, 254, -15, -98, -537, -308, -102, 991, -60;
-34, 247, -22, -134, -585, -333, -132, 964, -89;
-26, 255, -15, -76, -540, -310, -104, 995, -60;
-30, 252, -18, -86, -562, -322, -117, 984, -72;
-29, 253, -18, -71, -561, -321, -115, 988, -70;
-31, 252, -19, -69, -570, -326, -121, 985, -75;
-29, 255, -17, -45, -559, -320, -114, 995, -67;
-26, 258, -14, -18, -545, -313, -105, 1007, -57;
-32, 253, -20, -43, -581, -331, -127, 987, -79;
-28, 258, -15, -2, -552, -317, -109, 1008, -60;
-32, 254, -20, -21, -583, -332, -128, 991, -78;
-29, 258, -16, 14, -559, -320, -113, 1008, -63;
-29, 258, -16, 21, -563, -322, -116, 1008, -65;
-27, 261, -14, 46, -550, -316, -107, 1019, -56;
-27, 262, -13, 61, -546, -314, -105, 1023, -53;
-32, 257, -19, 39, -579, -330, -126, 1005, -74;
-27, 263, -14, 81, -548, -315, -107, 1026, -54;
-31, 259, -17, 67, -573, -327, -122, 1013, -69;
-27, 263, -14, 101, -549, -315, -108, 1029, -55;
-30, 261, -16, 96, -565, -323, -118, 1021, -64;
-27, 265, -13, 124, -547, -314, -108, 1034, -54;
-29, 264, -15, 125, -556, -318, -114, 1030, -59;
-34, 259, -20, 104, -587, -334, -134, 1012, -79;
-32, 262, -18, 128, -572, -326, -125, 1022, -70;
-25, 269, -11, 179, -532, -306, -101, 1049, -45;
-33, 262, -19, 142, -578, -329, -130, 1021, -75;
-32, 263, -18, 160, -569, -324, -126, 1028, -70;
-32, 264, -18, 170, -568, -323, -126, 1030, -70;
-31, 265, -17, 184, -563, -321, -124, 1033, -68;
-32, 264, -18, 188, -568, -323, -128, 1031, -72;
-31, 266, -16, 208, -556, -317, -122, 1039, -65;
-25, 273, -10, 257, -516, -296, -97, 1065, -41;
-32, 266, -18, 221, -560, -319, -126, 1038, -70;
-25, 273, -11, 273, -516, -296, -100, 1066, -43;
-29, 269, -15, 259, -538, -307, -115, 1052, -59;
-27, 272, -13, 280, -524, -300, -108, 1061, -52;
-32, 268, -17, 261, -551, -313, -126, 1045, -69;
-28, 272, -13, 297, -521, -298, -109, 1063, -53;
-25, 275, -10, 323, -502, -288, -99, 1075, -42;
-32, 268, -18, 288, -545, -309, -126, 1048, -70;
-23, 278, -9, 352, -487, -280, -92, 1084, -36;
-25, 277, -10, 352, -493, -283, -98, 1080, -42;
-24, 277, -10, 364, -487, -280, -96, 1083, -40;
-29, 272, -15, 340, -518, -294, -116, 1064, -61;
-30, 272, -16, 345, -518, -294, -118, 1063, -63;
-24, 278, -10, 389, -479, -275, -96, 1086, -41;
-23, 279, -9, 403, -470, -270, -92, 1091, -38;
-28, 275, -14, 380, -498, -283, -112, 1073, -57;
-28, 276, -14, 393, -491, -279, -109, 1076, -55;
-22, 282, -8, 439, -450, -258, -85, 1101, -32;
-29, 275, -15, 402, -491, -279, -113, 1074, -60;
-22, 282, -8, 453, -443, -255, -86, 1102, -33;
-25, 279, -12, 437, -463, -264, -100, 1088, -48;
-21, 283, -8, 471, -434, -249, -84, 1105, -32;
-29, 276, -16, 430, -478, -271, -114, 1076, -63;
-24, 280, -11, 467, -444, -253, -95, 1095, -45;
-25, 280, -12, 471, -443, -252, -97, 1094, -47;
-20, 285, -8, 504, -413, -237, -81, 1111, -31;
-23, 282, -11, 492, -428, -244, -93, 1100, -43;
-21, 284, -9, 511, -412, -236, -85, 1108, -36;
-22, 283, -10, 512, -412, -235, -88, 1106, -40;
-17, 289, -5, 552, -374, -216, -67, 1127, -19;
-21, 284, -9, 531, -397, -227, -83, 1110, -37;
-23, 283, -11, 527, -403, -229, -90, 1104, -44;
-22, 284, -10, 538, -393, -224, -86, 1108, -41;
-18, 287, -7, 566, -366, -210, -73, 1122, -28;
-18, 287, -7, 571, -361, -207, -72, 1123, -28;
-25, 281, -13, 536, -397, -224, -97, 1097, -54;
-19, 287, -8, 578, -356, -203, -74, 1120, -32;
-21, 285, -10, 571, -363, -206, -82, 1113, -40;
-15, 291, -5, 610, -324, -186, -60, 1134, -19;
-22, 283, -12, 568, -365, -206, -89, 1106, -48;
-17, 288, -7, 604, -328, -187, -69, 1125, -30;
-16, 289, -6, 615, -317, -181, -65, 1129, -26;
-19, 287, -9, 604, -326, -185, -74, 1120, -36;
-18, 287, -9, 611, -318, -181, -72, 1122, -35;
-14, 291, -5, 642, -286, -164, -55, 1138, -19;
-15, 290, -6, 638, -288, -165, -60, 1133, -24;
-18, 287, -9, 622, -302, -171, -72, 1121, -37;
-18, 287, -9, 628, -294, -167, -70, 1122, -36;
-15, 290, -7, 647, -273, -155, -60, 1132, -27;
-10, 294, -2, 678, -239, -138, -42, 1149, -10;
-11, 294, -3, 678, -236, -136, -43, 1147, -12;
-16, 288, -8, 647, -264, -149, -64, 1125, -34;
-13, 292, -5, 671, -236, -135, -50, 1138, -21;
-8, 296, -1, 701, -203, -117, -33, 1155, -5;
-15, 289, -8, 658, -242, -136, -60, 1127, -33;
-12, 291, -5, 680, -216, -123, -48, 1138, -22;
-12, 291, -5, 682, -210, -119, -48, 1138, -23;
-7, 296, -1, 714, -173, -100, -28, 1156, -4;
-14, 288, -9, 667, -216, -121, -58, 1125, -35;
-6, 296, -1, 720, -158, -92, -26, 1156, -4;
-5, 297, 0, 730, -143, -83, -20, 1161, 0;
-9, 293, -4, 703, -164, -93, -36, 1144, -17;
-5, 296, 0, 727, -135, -78, -22, 1157, -3;
-10, 291, -6, 695, -162, -91, -42, 1136, -24;
-10, 291, -5, 699, -152, -85, -39, 1137, -23;
-9, 291, -5, 700, -144, -81, -38, 1137, -23;
-9, 291, -5, 702, -136, -76, -37, 1137, -22;
-10, 289, -7, 693, -138, -76, -42, 1130, -28;
-9, 291, -5, 703, -121, -67, -35, 1136, -23;
-7, 292, -4, 713, -105, -59, -28, 1141, -17;
-6, 292, -4, 715, -95, -53, -26, 1142, -16;
-5, 293, -3, 722, -81, -45, -21, 1145, -12;
-1, 297, 0, 748, -47, -28, -4, 1161, 3;
0, 298, 1, 753, -35, -21, 0, 1163, 6;
-2, 295, 0, 738, -42, -24, -7, 1154, -2;
1, 298, 2, 757, -14, -10, 5, 1165, 9;
1, 298, 2, 754, -9, -6, 5, 1163, 8;
0, 296, 0, 745, -10, -6, 1, 1157, 3;
-1, 294, -1, 729, -17, -9, -7, 1147, -6;
2, 297, 2, 751, 14, 7, 8, 1161, 8;
-3, 291, -3, 712, -15, -7, -13, 1137, -14;
2, 296, 1, 744, 25, 13, 8, 1157, 6;
2, 296, 1, 742, 32, 18, 9, 1156, 5;
6, 300, 5, 767, 66, 36, 26, 1171, 22;
7, 300, 5, 764, 74, 40, 27, 1170, 22;
7, 299, 5, 759, 79, 43, 27, 1168, 20;
5, 297, 3, 744, 74, 41, 20, 1159, 12;
3, 294, 1, 729, 69, 39, 13, 1149, 4;
1, 292, -1, 712, 62, 37, 5, 1139, -4;
3, 293, 0, 720, 82, 47, 14, 1146, 3;
7, 296, 3, 736, 108, 61, 27, 1156, 15;
6, 295, 2, 727, 110, 62, 24, 1151, 11;
10, 298, 6, 746, 140, 78, 40, 1165, 25;
6, 294, 2, 718, 124, 70, 26, 1148, 10;
12, 299, 8, 748, 165, 92, 48, 1168, 31;
3, 290, 0, 689, 117, 68, 14, 1132, -2;
4, 290, 0, 686, 126, 74, 16, 1132, -1;
11, 297, 6, 728, 180, 101, 46, 1159, 26;
11, 296, 6, 720, 184, 104, 45, 1155, 24;
13, 297, 8, 728, 204, 114, 54, 1162, 32;
10, 293, 4, 700, 188, 107, 41, 1146, 18;
6, 289, 0, 669, 170, 98, 26, 1128, 2;
12, 294, 5, 697, 209, 119, 47, 1147, 22;
15, 296, 8, 708, 233, 131, 59, 1156, 33;
13, 294, 6, 691, 229, 130, 53, 1147, 26;
11, 291, 4, 672, 223, 128, 45, 1137, 17;
16, 295, 9, 695, 258, 146, 64, 1153, 35;
12, 291, 5, 663, 240, 137, 49, 1135, 19;
14, 292, 6, 668, 258, 147, 57, 1141, 27;
17, 294, 9, 676, 280, 158, 67, 1148, 36;
12, 289, 4, 639, 255, 147, 49, 1127, 16;
11, 287, 3, 625, 255, 147, 45, 1120, 12;
13, 288, 4, 629, 273, 156, 53, 1125, 19;
17, 291, 8, 646, 303, 172, 69, 1138, 34;
19, 292, 10, 647, 318, 180, 75, 1142, 39;
11, 284, 2, 591, 275, 159, 45, 1109, 8;
21, 293, 11, 640, 339, 192, 82, 1142, 44;
14, 285, 4, 588, 300, 173, 55, 1112, 16;
19, 290, 9, 615, 341, 194, 77, 1132, 38;
16, 286, 5, 583, 323, 186, 63, 1115, 23;
18, 287, 8, 590, 345, 197, 73, 1122, 32;
18, 287, 8, 580, 349, 199, 73, 1119, 31;
20, 288, 9, 582, 365, 208, 80, 1123, 38;
22, 289, 11, 585, 382, 217, 88, 1128, 45;
24, 290, 13, 589, 401, 227, 97, 1134, 53;
21, 286, 10, 560, 386, 220, 85, 1118, 40;
26, 290, 14, 577, 417, 236, 101, 1132, 56;
20, 283, 8, 531, 386, 221, 79, 1107, 33;
24, 287, 12, 547, 417, 237, 96, 1121, 49;
20, 282, 8, 512, 396, 227, 80, 1102, 33;
26, 287, 14, 538, 437, 248, 103, 1122, 55;
27, 288, 15, 536, 449, 254, 108, 1124, 60;
21, 281, 9, 487, 415, 237, 84, 1097, 35;
20, 279, 8, 471, 413, 237, 81, 1090, 31;
22, 280, 9, 470, 428, 245, 87, 1094, 37;
21, 278, 8, 453, 425, 244, 83, 1087, 33;
21, 277, 7, 439, 426, 245, 82, 1082, 30;
29, 285, 16, 482, 483, 274, 115, 1112, 63;
28, 283, 14, 463, 479, 272, 110, 1104, 58;
29, 283, 15, 458, 489, 277, 114, 1105, 61;
26, 279, 12, 429, 474, 270, 103, 1090, 50;
28, 280, 14, 428, 488, 278, 109, 1094, 56;
29, 281, 15, 425, 499, 284, 114, 1096, 60;
21, 272, 7, 362, 451, 260, 82, 1061, 28;
23, 273, 9, 367, 470, 270, 92, 1068, 38;
26, 275, 12, 369, 488, 279, 101, 1074, 46;
31, 279, 17, 390, 523, 297, 121, 1091, 66;
22, 270, 8, 324, 472, 272, 88, 1054, 32;
25, 272, 11, 331, 493, 283, 99, 1063, 44;
25, 271, 11, 318, 494, 283, 98, 1059, 43;
26, 271, 11, 311, 502, 287, 101, 1059, 45;
28, 272, 13, 313, 518, 296, 110, 1064, 54;
26, 270, 11, 289, 508, 291, 102, 1054, 46;
24, 268, 10, 268, 501, 288, 96, 1045, 40;
29, 272, 15, 286, 534, 305, 115, 1061, 59;
29, 271, 14, 273, 535, 305, 114, 1057, 58;
33, 274, 19, 288, 564, 320, 131, 1071, 75;
27, 267, 12, 235, 525, 301, 106, 1042, 49;
33, 272, 18, 259, 563, 320, 128, 1062, 72;
27, 265, 12, 211, 528, 303, 105, 1036, 49;
25, 263, 10, 186, 517, 298, 97, 1025, 41;
29, 266, 14, 201, 546, 312, 114, 1039, 58;
34, 270, 19, 218, 577, 328, 133, 1055, 76;
26, 262, 12, 161, 534, 306, 105, 1024, 49;
32, 267, 18, 187, 573, 326, 128, 1045, 72;
29, 263, 15, 154, 553, 316, 115, 1029, 59;
26, 260, 12, 125, 537, 309, 104, 1016, 49;
32, 265, 18, 148, 574, 327, 126, 1035, 71;
34, 266, 20, 148, 586, 333, 133, 1039, 78;
30, 262, 16, 115, 566, 323, 120, 1023, 66;
33, 264, 19, 118, 582, 332, 130, 1030, 76;
32, 263, 19, 104, 580, 331, 128, 1026, 74;
30, 259, 16, 76, 565, 323, 118, 1013, 65;
33, 262, 19, 84, 585, 333, 130, 1023, 77;
26, 254, 12, 28, 542, 311, 103, 993, 50;
28, 256, 15, 30, 557, 319, 112, 999, 60;
31, 258, 17, 34, 572, 327, 121, 1006, 69;
33, 260, 20, 38, 589, 335, 131, 1014, 80;
34, 260, 21, 32, 594, 338, 135, 1015, 84;
32, 257, 19, 8, 582, 332, 127, 1005, 77;
34, 258, 21, 5, 591, 336, 133, 1008, 83;
33, 256, 20, -12, 584, 332, 128, 1001, 79;
26, 249, 13, -66, 541, 311, 102, 973, 53;
32, 254, 19, -41, 577, 329, 124, 993, 77;
35, 258, 23, -28, 601, 341, 140, 1006, 93;
29, 251, 17, -78, 562, 322, 116, 980, 70;
31, 252, 19, -80, 570, 325, 121, 983, 76;
35, 255, 23, -66, 595, 338, 137, 997, 92;
30, 250, 18, -108, 563, 322, 118, 975, 73;
26, 245, 15, -143, 539, 310, 103, 958, 60;
36, 254, 25, -94, 597, 338, 140, 993, 97;
35, 254, 25, -105, 595, 338, 140, 991, 98;
30, 248, 20, -148, 563, 321, 120, 969, 79;
26, 243, 16, -186, 534, 307, 103, 950, 63;
34, 251, 24, -147, 582, 331, 134, 979, 95;
29, 246, 20, -186, 553, 316, 116, 960, 78;
26, 242, 17, -215, 532, 305, 104, 946, 67;
31, 246, 22, -196, 560, 319, 123, 963, 87;
26, 241, 17, -239, 526, 302, 103, 941, 68;
29, 244, 20, -229, 544, 311, 115, 951, 81;
34, 248, 25, -210, 571, 324, 133, 968, 100;
26, 239, 18, -269, 520, 298, 102, 935, 71;
32, 245, 24, -243, 553, 315, 125, 956, 94;
27, 240, 19, -281, 523, 299, 107, 937, 77;
32, 244, 25, -261, 550, 313, 125, 954, 97;
28, 240, 21, -295, 524, 299, 110, 937, 83;
33, 245, 26, -273, 552, 313, 130, 955, 104;
23, 235, 17, -343, 489, 282, 92, 916, 67;
30, 241, 24, -307, 531, 302, 120, 943, 96;
26, 237, 21, -342, 504, 288, 104, 926, 82;
31, 242, 26, -319, 532, 302, 124, 944, 103;
24, 234, 19, -376, 481, 276, 94, 913, 74;
30, 240, 25, -344, 519, 295, 119, 937, 100;
30, 240, 26, -352, 516, 293, 119, 936, 102;
26, 235, 22, -387, 487, 278, 102, 918, 87;
27, 236, 24, -388, 491, 280, 107, 922, 93;
23, 231, 19, -425, 459, 263, 89, 903, 77;
23, 232, 20, -428, 461, 264, 92, 905, 81;
29, 237, 27, -399, 494, 280, 115, 927, 106;
25, 233, 23, -431, 465, 266, 99, 911, 91;
25, 233, 24, -437, 464, 264, 101, 911, 94;
29, 237, 28, -419, 485, 275, 116, 926, 111;
25, 233, 24, -452, 456, 260, 100, 909, 97;
23, 230, 22, -475, 436, 249, 90, 899, 88;
22, 230, 22, -484, 430, 246, 89, 897, 89;
25, 232, 25, -474, 443, 252, 99, 906, 100;
19, 226, 20, -518, 402, 231, 76, 883, 79;
26, 233, 27, -482, 440, 250, 103, 909, 107;
19, 226, 21, -532, 393, 226, 76, 881, 82;
18, 224, 20, -546, 380, 219, 70, 876, 78;
23, 229, 25, -520, 408, 232, 90, 895, 100;
17, 224, 20, -560, 370, 213, 69, 874, 80;
19, 225, 22, -556, 375, 215, 75, 880, 88;
21, 227, 24, -551, 381, 217, 82, 886, 96;
15, 221, 19, -590, 343, 198, 61, 865, 77;
23, 230, 28, -543, 390, 221, 93, 897, 111;
24, 230, 29, -545, 389, 220, 95, 899, 115;
23, 230, 29, -553, 380, 215, 93, 897, 114;
23, 229, 29, -560, 373, 211, 91, 895, 114;
19, 226, 26, -588, 345, 196, 77, 881, 102;
18, 224, 25, -601, 331, 189, 71, 875, 98;
13, 219, 20, -637, 295, 170, 51, 856, 80;
13, 220, 21, -637, 294, 169, 54, 859, 84;
14, 220, 22, -640, 290, 166, 54, 860, 87;
18, 225, 27, -614, 314, 178, 73, 878, 107;
11, 218, 20, -663, 263, 152, 44, 850, 80;
14, 221, 24, -644, 280, 160, 58, 864, 96;
10, 217, 20, -674, 248, 144, 41, 848, 81;
14, 221, 25, -653, 266, 152, 56, 863, 97;
9, 216, 20, -686, 231, 134, 37, 845, 80;
8, 216, 20, -694, 220, 128, 33, 842, 79;
15, 222, 27, -656, 254, 144, 58, 868, 106;
12, 220, 25, -675, 232, 133, 48, 858, 97;
12, 220, 25, -675, 229, 131, 49, 860, 100;
8, 216, 22, -703, 197, 114, 33, 844, 86;
12, 221, 26, -679, 217, 124, 49, 862, 104;
15, 224, 30, -660, 232, 130, 61, 875, 118;
7, 216, 22, -712, 175, 101, 29, 844, 88;
6, 215, 21, -723, 160, 93, 23, 839, 84;
13, 223, 29, -676, 202, 113, 53, 870, 116;
9, 219, 26, -701, 172, 98, 38, 856, 103;
13, 223, 30, -676, 192, 107, 54, 873, 120;
6, 217, 24, -720, 142, 82, 26, 847, 95;
7, 218, 25, -715, 141, 80, 29, 851, 100;
3, 214, 21, -742, 108, 63, 12, 835, 85;
4, 216, 24, -731, 113, 65, 19, 843, 94;
2, 214, 22, -744, 94, 55, 11, 836, 87;
3, 216, 24, -736, 95, 55, 15, 842, 94;
0, 213, 21, -756, 68, 41, 2, 830, 83;
1, 213, 22, -752, 65, 39, 4, 833, 86;
5, 218, 27, -723, 87, 49, 21, 852, 106;
7, 220, 29, -710, 93, 51, 28, 861, 114;
7, 221, 30, -707, 88, 48, 29, 863, 117;
3, 218, 26, -729, 58, 33, 14, 850, 104;
3, 218, 27, -728, 51, 29, 13, 851, 106;
0, 214, 23, -754, 17, 11, -3, 836, 90;
1, 216, 25, -738, 25, 14, 4, 846, 100;
4, 220, 29, -717, 37, 20, 15, 859, 114;
0, 216, 25, -743, 3, 2, -1, 843, 98;
1, 218, 27, -731, 6, 3, 4, 851, 106;
1, 219, 28, -722, 6, 2, 7, 856, 111;
1, 219, 28, -720, -1, -2, 6, 857, 112;
-6, 212, 21, -767, -57, -30, -24, 828, 82;
-6, 212, 21, -764, -63, -34, -25, 830, 84;
-6, 212, 21, -762, -72, -39, -26, 830, 84;
-7, 213, 21, -761, -80, -44, -28, 831, 85;
-6, 213, 22, -755, -84, -46, -27, 834, 88;
-8, 212, 21, -760, -100, -55, -33, 830, 83;
-6, 215, 23, -746, -96, -54, -27, 838, 91;
-2, 219, 28, -714, -75, -44, -10, 857, 110;
-2, 221, 29, -705, -77, -45, -7, 862, 114;
-10, 213, 21, -754, -137, -76, -41, 830, 82;
-5, 218, 26, -716, -110, -63, -21, 853, 104;
-11, 213, 21, -748, -153, -85, -44, 832, 83;
-5, 219, 27, -707, -124, -71, -22, 857, 107;
-4, 222, 29, -691, -119, -69, -15, 866, 115;
-6, 220, 27, -699, -139, -80, -24, 859, 108;
-10, 217, 24, -718, -170, -96, -40, 846, 94;
-4, 223, 30, -674, -138, -81, -16, 872, 119;
-8, 220, 27, -693, -169, -97, -33, 859, 105;
-6, 222, 29, -675, -163, -95, -25, 869, 114;
-9, 220, 26, -686, -187, -107, -36, 860, 104;
-12, 218, 24, -698, -211, -120, -48, 851, 94;
-9, 221, 27, -675, -200, -115, -38, 864, 106;
-16, 215, 20, -710, -248, -140, -65, 840, 81;
-13, 219, 24, -685, -236, -134, -53, 854, 94;
-7, 225, 30, -639, -203, -118, -30, 880, 119;
-17, 216, 21, -694, -270, -152, -68, 845, 82;
-14, 220, 24, -666, -256, -146, -56, 860, 96;
-14, 221, 25, -658, -261, -149, -56, 863, 98;
-12, 224, 27, -635, -252, -145, -47, 874, 109;
-12, 224, 27, -632, -262, -150, -50, 874, 107;
-18, 219, 22, -658, -302, -171, -71, 855, 87;
-12, 226, 29, -610, -267, -154, -47, 883, 113;
-21, 218, 20, -658, -329, -186, -82, 851, 79;
-14, 226, 27, -605, -290, -167, -54, 881, 108;
-19, 221, 22, -632, -331, -188, -77, 862, 87;
-18, 222, 23, -616, -328, -187, -72, 869, 93;
-15, 227, 27, -585, -312, -179, -59, 885, 108;
-21, 221, 22, -614, -355, -201, -83, 865, 85;
-19, 224, 23, -595, -350, -199, -77, 874, 93;
-18, 226, 25, -579, -347, -199, -72, 881, 98;
-19, 226, 25, -573, -356, -203, -75, 882, 97;
-22, 223, 22, -583, -380, -216, -87, 872, 86;
-23, 223, 21, -581, -393, -223, -92, 870, 82;
-23, 224, 21, -571, -397, -226, -92, 873, 83;
-21, 226, 23, -549, -390, -222, -84, 884, 92;
-24, 225, 21, -555, -410, -233, -94, 877, 83;
-17, 232, 28, -501, -371, -214, -67, 907, 111;
-20, 230, 25, -512, -396, -227, -80, 897, 99;
-22, 228, 23, -515, -414, -236, -89, 892, 92;
-18, 234, 28, -474, -387, -223, -70, 914, 112;
-20, 233, 26, -477, -405, -232, -78, 908, 105;
-21, 232, 26, -473, -416, -238, -83, 907, 101;
-23, 231, 24, -474, -431, -246, -89, 903, 95;
-24, 231, 23, -471, -443, -253, -95, 901, 91;
-20, 235, 27, -436, -423, -243, -80, 919, 107;
-22, 234, 25, -436, -437, -251, -87, 915, 101;
-21, 236, 26, -420, -436, -251, -83, 922, 105;
-22, 235, 25, -418, -448, -257, -89, 919, 100;
-29, 229, 19, -448, -494, -280, -115, 896, 75;
-22, 237, 26, -395, -455, -261, -89, 925, 101;
-30, 230, 19, -429, -504, -286, -117, 900, 74;
-26, 235, 23, -392, -481, -275, -101, 919, 90;
-22, 239, 26, -361, -465, -267, -89, 935, 103;
-26, 237, 23, -369, -488, -279, -101, 925, 92;
-31, 232, 18, -391, -524, -298, -122, 907, 71;
-22, 242, 27, -324, -471, -271, -87, 945, 107;
-23, 242, 27, -315, -477, -275, -89, 946, 105;
-23, 243, 26, -306, -482, -277, -91, 948, 104;
-24, 242, 25, -301, -492, -282, -95, 947, 100;
-26, 241, 23, -303, -509, -291, -104, 941, 92;
-25, 242, 24, -287, -506, -290, -101, 947, 95;
-25, 243, 24, -273, -507, -291, -100, 951, 97;
-26, 243, 24, -268, -515, -295, -104, 950, 93;
-24, 246, 26, -240, -502, -289, -94, 962, 103;
-29, 242, 21, -262, -538, -307, -115, 944, 82;
-32, 240, 18, -267, -557, -317, -126, 937, 72;
-29, 243, 21, -240, -544, -310, -116, 949, 82;
-26, 247, 24, -206, -524, -301, -103, 966, 95;
-29, 245, 21, -214, -545, -312, -115, 956, 83;
-30, 244, 20, -208, -554, -316, -119, 955, 79;
-25, 250, 25, -165, -524, -301, -100, 977, 98;
-33, 243, 17, -205, -577, -328, -132, 948, 66;
-35, 242, 15, -201, -587, -333, -137, 945, 61;
-32, 246, 18, -172, -571, -325, -126, 959, 72;
-27, 251, 23, -129, -541, -310, -107, 981, 91;
-29, 249, 21, -132, -558, -319, -116, 974, 81;
-28, 252, 22, -111, -550, -315, -111, 982, 87;
-31, 249, 18, -121, -572, -326, -124, 972, 73;
-28, 253, 22, -88, -552, -316, -111, 987, 86;
-34, 248, 16, -114, -591, -336, -134, 967, 62;
-34, 248, 16, -101, -591, -336, -134, 970, 62;
-34, 249, 16, -89, -591, -336, -134, 973, 62;
-33, 251, 16, -72, -586, -334, -130, 979, 65;
-35, 249, 14, -71, -598, -340, -138, 974, 58;
-34, 250, 15, -57, -596, -338, -136, 978, 59;
-30, 255, 19, -19, -569, -325, -119, 997, 75;
-29, 257, 20, 1, -560, -321, -114, 1005, 80;
-33, 253, 16, -15, -588, -335, -131, 990, 62;
-32, 255, 17, 5, -580, -331, -126, 998, 67;
-33, 255, 15, 7, -589, -335, -132, 994, 60;
-28, 261, 21, 54, -552, -317, -109, 1019, 82;
-27, 262, 21, 70, -548, -315, -106, 1024, 84;
-34, 256, 14, 39, -589, -335, -133, 1000, 58;
-29, 262, 19, 81, -558, -320, -114, 1021, 76;
-30, 261, 18, 84, -566, -324, -119, 1019, 70;
-33, 258, 14, 74, -587, -334, -132, 1007, 56;
-26, 266, 22, 134, -537, -309, -101, 1040, 85;
-28, 265, 19, 133, -548, -314, -109, 1035, 77;
-28, 265, 19, 143, -548, -314, -110, 1036, 75;
-28, 266, 19, 155, -546, -313, -109, 1039, 75;
-34, 260, 12, 123, -587, -333, -135, 1014, 48;
-29, 265, 17, 167, -553, -316, -115, 1037, 67;
-29, 266, 17, 180, -549, -314, -113, 1040, 68;
-31, 264, 14, 174, -565, -322, -124, 1032, 56;
-32, 264, 13, 178, -569, -324, -127, 1030, 52;
-33, 264, 12, 185, -571, -325, -130, 1029, 48;
-25, 272, 19, 243, -521, -299, -100, 1061, 77;
-28, 269, 16, 236, -536, -307, -110, 1052, 65;
-28, 269, 15, 243, -538, -307, -112, 1052, 62;
-33, 265, 11, 225, -563, -320, -130, 1036, 43;
-33, 266, 10, 235, -561, -319, -129, 1038, 42;
-28, 271, 15, 278, -526, -301, -109, 1060, 61;
-24, 275, 18, 309, -502, -289, -96, 1075, 73;
-23, 277, 19, 324, -494, -284, -92, 1080, 75;
-30, 270, 12, 292, -534, -304, -118, 1055, 48;
-29, 271, 12, 305, -527, -300, -115, 1059, 49;
-30, 271, 11, 308, -531, -302, -119, 1057, 44;
-32, 269, 9, 306, -539, -306, -126, 1051, 35;
-25, 277, 15, 360, -491, -282, -98, 1081, 62;
-25, 276, 14, 365, -493, -282, -101, 1079, 57;
-31, 271, 9, 340, -523, -297, -121, 1060, 35;
-26, 277, 13, 380, -488, -279, -102, 1080, 53;
-24, 278, 14, 396, -478, -274, -97, 1086, 56;
-30, 273, 8, 369, -510, -289, -119, 1065, 32;
-30, 273, 7, 376, -508, -288, -120, 1065, 30;
-22, 281, 15, 433, -455, -261, -89, 1097, 59;
-25, 279, 12, 427, -466, -266, -98, 1089, 49;
-24, 280, 12, 440, -457, -262, -94, 1093, 50;
-23, 281, 13, 452, -448, -257, -91, 1097, 51;
-23, 281, 13, 461, -443, -254, -90, 1099, 50;
-22, 282, 13, 472, -436, -250, -88, 1102, 50;
-26, 279, 9, 458, -454, -258, -101, 1089, 35;
-24, 281, 10, 474, -440, -251, -95, 1096, 40;
-26, 279, 8, 471, -447, -254, -102, 1090, 31;
-24, 281, 8, 485, -435, -248, -97, 1095, 34;
-25, 280, 7, 486, -437, -248, -100, 1093, 28;
-22, 284, 10, 516, -409, -234, -86, 1108, 41;
-23, 283, 9, 515, -411, -234, -90, 1104, 35;
-21, 285, 10, 532, -396, -226, -83, 1111, 40;
-25, 281, 6, 515, -415, -235, -97, 1097, 23;
-23, 283, 7, 531, -400, -227, -90, 1104, 28;
-23, 282, 6, 535, -397, -225, -92, 1103, 24;
-17, 288, 11, 576, -356, -205, -69, 1126, 45;
-24, 281, 3, 537, -396, -224, -97, 1098, 15;
-16, 289, 11, 592, -341, -196, -65, 1129, 44;
-23, 283, 4, 558, -375, -212, -89, 1105, 18;
-24, 282, 3, 557, -377, -213, -93, 1102, 12;
-20, 286, 5, 583, -350, -199, -80, 1115, 23;
-22, 284, 3, 577, -356, -201, -86, 1108, 14;
-21, 285, 3, 586, -345, -195, -83, 1111, 15;
-17, 289, 7, 617, -313, -179, -66, 1128, 29;
-19, 287, 5, 609, -321, -182, -74, 1120, 19;
-12, 293, 11, 654, -274, -158, -48, 1145, 43;
-14, 291, 8, 644, -282, -162, -56, 1137, 32;
-12, 293, 9, 660, -264, -152, -48, 1144, 38;
-18, 286, 2, 622, -300, -170, -73, 1118, 10;
-9, 295, 11, 682, -237, -138, -38, 1154, 43;
-15, 289, 4, 647, -270, -153, -61, 1130, 17;
-18, 286, 0, 630, -284, -160, -73, 1117, 2;
-8, 297, 10, 699, -211, -123, -31, 1158, 42;
-7, 297, 10, 704, -204, -118, -30, 1159, 41;
-14, 289, 2, 661, -243, -138, -58, 1130, 10;
-16, 287, 0, 650, -250, -141, -66, 1121, 0;
-10, 294, 6, 694, -202, -116, -39, 1147, 24;
-8, 295, 7, 705, -187, -108, -33, 1152, 27;
-12, 291, 2, 681, -207, -117, -49, 1135, 9;
-9, 293, 4, 700, -182, -104, -37, 1146, 18;
-13, 289, 0, 678, -200, -113, -52, 1130, 1;
-10, 292, 2, 695, -178, -101, -41, 1140, 9;
-12, 290, 0, 686, -181, -102, -47, 1133, 0;
-6, 295, 5, 721, -141, -81, -26, 1153, 19;
-11, 290, 0, 691, -166, -93, -45, 1133, -1;
-6, 295, 4, 724, -126, -73, -24, 1153, 16;
-7, 294, 2, 715, -129, -73, -29, 1146, 8;
-9, 291, 0, 699, -139, -77, -38, 1135, -3;
-9, 290, -1, 699, -132, -74, -38, 1134, -6;
-1, 298, 5, 748, -77, -45, -7, 1163, 22;
-7, 292, 0, 715, -103, -58, -27, 1142, 0;
-9, 290, -3, 699, -111, -61, -36, 1132, -12;
-8, 290, -3, 700, -103, -56, -34, 1132, -13;
-2, 296, 2, 738, -58, -33, -10, 1155, 8;
1, 299, 5, 759, -29, -18, 4, 1167, 20;
2, 300, 5, 765, -14, -10, 9, 1171, 22;
0, 298, 3, 753, -18, -11, 3, 1163, 14;
-6, 290, -4, 706, -57, -30, -24, 1133, -16;
-5, 291, -3, 710, -44, -23, -20, 1136, -15;
2, 299, 3, 759, 12, 5, 11, 1166, 14;
-3, 291, -3, 714, -23, -11, -14, 1138, -14;
0, 295, 0, 737, 8, 5, 1, 1152, 0;
4, 298, 2, 758, 39, 20, 17, 1166, 11;
1, 295, 0, 735, 26, 14, 5, 1152, -2;
0, 294, -1, 729, 29, 17, 3, 1148, -7;
3, 296, 0, 743, 53, 29, 14, 1157, 1;
7, 300, 3, 763, 82, 45, 29, 1170, 13;
5, 297, 0, 746, 76, 42, 21, 1160, 2;
3, 295, -1, 730, 70, 40, 14, 1150, -7;
1, 292, -4, 712, 62, 37, 5, 1139, -18;
9, 299, 2, 755, 116, 64, 35, 1167, 8;
10, 299, 2, 756, 127, 71, 39, 1168, 9;
4, 293, -3, 718, 101, 58, 18, 1146, -13;
5, 294, -3, 717, 111, 64, 21, 1146, -13;
5, 293, -4, 710, 116, 66, 21, 1143, -16;
7, 294, -3, 716, 133, 76, 28, 1148, -12;
6, 293, -4, 706, 134, 77, 25, 1143, -17;
12, 298, 1, 739, 179, 100, 49, 1165, 4;
8, 293, -4, 703, 155, 89, 31, 1144, -17;
14, 298, 1, 736, 200, 112, 55, 1165, 4;
11, 296, -1, 716, 191, 108, 46, 1154, -6;
6, 289, -8, 673, 161, 94, 24, 1129, -31;
11, 294, -3, 701, 201, 114, 46, 1148, -12;
8, 290, -7, 675, 188, 108, 34, 1133, -27;
15, 296, -1, 707, 233, 131, 58, 1155, -5;
11, 291, -6, 675, 213, 122, 42, 1137, -23;
15, 295, -2, 695, 246, 139, 59, 1151, -9;
16, 295, -2, 692, 256, 145, 63, 1152, -8;
14, 293, -4, 676, 253, 144, 57, 1143, -16;
17, 295, -2, 685, 275, 155, 68, 1151, -8;
11, 288, -8, 640, 243, 140, 44, 1125, -34;
9, 286, -11, 621, 237, 137, 37, 1115, -43;
19, 294, -2, 672, 302, 170, 75, 1150, -9;
13, 288, -9, 626, 269, 155, 51, 1123, -35;
11, 285, -11, 604, 261, 151, 43, 1112, -45;
21, 294, -2, 658, 328, 185, 82, 1148, -9;
20, 293, -3, 644, 329, 186, 79, 1142, -14;
15, 287, -9, 603, 302, 173, 59, 1119, -37;
15, 287, -9, 599, 311, 178, 62, 1119, -36;
13, 284, -12, 575, 301, 174, 52, 1107, -48;
20, 290, -5, 610, 350, 199, 80, 1131, -23;
22, 291, -4, 614, 368, 209, 88, 1137, -17;
22, 290, -4, 605, 374, 212, 88, 1134, -18;
18, 285, -9, 568, 351, 201, 72, 1115, -38;
19, 286, -9, 566, 364, 208, 77, 1116, -35;
16, 282, -12, 538, 350, 201, 65, 1102, -48;
24, 289, -5, 577, 403, 229, 96, 1129, -20;
22, 286, -8, 551, 392, 223, 86, 1116, -33;
25, 288, -5, 562, 417, 236, 99, 1126, -22;
18, 281, -12, 510, 379, 218, 72, 1097, -50;
22, 284, -9, 523, 407, 232, 87, 1109, -38;
17, 278, -15, 482, 381, 219, 68, 1087, -59;
18, 278, -14, 478, 391, 225, 72, 1087, -57;
26, 286, -6, 519, 447, 254, 104, 1117, -26;
24, 283, -9, 496, 439, 250, 97, 1106, -36;
27, 285, -7, 502, 459, 260, 107, 1113, -28;
29, 286, -6, 501, 473, 268, 113, 1116, -23;
22, 279, -12, 451, 438, 251, 89, 1089, -50;
26, 282, -9, 464, 465, 265, 104, 1101, -37;
23, 278, -13, 433, 449, 257, 91, 1085, -51;
29, 283, -7, 458, 489, 277, 114, 1105, -30;
23, 276, -14, 410, 455, 261, 91, 1079, -55;
21, 273, -16, 385, 445, 256, 82, 1067, -66;
23, 275, -14, 390, 464, 266, 92, 1074, -57;
26, 277, -12, 397, 486, 277, 104, 1083, -47;
22, 272, -16, 360, 464, 267, 89, 1064, -65;
28, 277, -11, 383, 501, 286, 110, 1082, -45;
27, 276, -12, 368, 501, 286, 108, 1077, -49;
28, 276, -12, 362, 509, 290, 111, 1077, -47;
30, 277, -10, 363, 525, 298, 119, 1082, -41;
29, 275, -12, 343, 520, 296, 114, 1074, -47;
33, 278, -8, 357, 547, 310, 130, 1087, -33;
28, 272, -14, 312, 517, 295, 109, 1063, -55;
24, 268, -18, 277, 497, 285, 95, 1046, -71;
31, 275, -11, 312, 545, 310, 124, 1072, -43;
30, 273, -12, 294, 542, 309, 120, 1066, -48;
25, 267, -18, 250, 512, 294, 100, 1043, -70;
28, 269, -16, 253, 529, 302, 109, 1049, -62;
25, 265, -19, 224, 514, 295, 99, 1035, -74;
33, 273, -11, 264, 568, 322, 131, 1065, -43;
25, 263, -20, 198, 516, 297, 98, 1029, -78;
26, 264, -19, 194, 526, 302, 102, 1031, -74;
26, 263, -19, 180, 525, 302, 101, 1026, -77;
33, 270, -12, 215, 573, 326, 130, 1053, -49;
28, 264, -17, 171, 544, 311, 111, 1030, -69;
35, 270, -11, 202, 588, 334, 137, 1054, -44;
26, 260, -20, 136, 535, 307, 103, 1017, -79;
31, 265, -15, 156, 568, 324, 123, 1035, -60;
28, 261, -18, 125, 550, 315, 112, 1020, -72;
33, 266, -13, 146, 584, 332, 132, 1038, -53;
31, 263, -16, 118, 570, 325, 122, 1026, -64;
30, 261, -17, 101, 565, 323, 119, 1019, -68;
26, 256, -21, 64, 541, 311, 103, 1001, -84;
36, 265, -12, 111, 601, 341, 140, 1035, -48;
32, 261, -16, 77, 579, 330, 126, 1019, -63;
35, 263, -13, 84, 598, 339, 138, 1028, -52;
31, 259, -17, 49, 575, 328, 124, 1011, -67;
31, 258, -17, 36, 574, 328, 123, 1008, -69;
27, 253, -22, -1, 549, 315, 107, 989, -85;
36, 262, -13, 43, 605, 343, 141, 1022, -51;
27, 252, -22, -26, 547, 314, 106, 983, -88;
32, 257, -17, -2, 582, 332, 127, 1003, -67;
31, 255, -18, -20, 576, 329, 124, 997, -71;
28, 252, -21, -50, 557, 319, 112, 983, -83;
29, 252, -20, -55, 563, 322, 116, 984, -79;
28, 250, -22, -76, 553, 317, 110, 976, -86;
33, 255, -16, -52, 587, 334, 131, 995, -65;
35, 256, -15, -53, 597, 339, 138, 1000, -59;
31, 251, -19, -90, 571, 326, 122, 982, -75;
35, 255, -15, -75, 596, 338, 138, 995, -59;
28, 247, -22, -132, 549, 315, 110, 965, -88;
30, 249, -20, -130, 561, 321, 118, 971, -80;
30, 248, -20, -140, 561, 321, 119, 970, -79;
26, 244, -24, -173, 537, 308, 104, 953, -94;
32, 249, -18, -150, 570, 325, 125, 973, -73;
35, 252, -15, -141, 588, 334, 138, 983, -60;
32, 248, -18, -171, 568, 323, 126, 969, -72;
31, 247, -19, -186, 561, 320, 123, 964, -75;
31, 247, -19, -195, 561, 320, 124, 963, -74;
33, 248, -17, -195, 569, 323, 130, 968, -68;
28, 242, -22, -239, 534, 306, 109, 945, -89;
27, 241, -23, -255, 526, 301, 105, 940, -93;
30, 244, -20, -242, 546, 312, 119, 952, -78;
27, 240, -23, -272, 524, 300, 106, 938, -91;
31, 244, -19, -256, 549, 312, 123, 953, -74;
33, 246, -16, -250, 561, 318, 132, 961, -65;
32, 244, -18, -272, 546, 311, 124, 951, -72;
28, 240, -22, -304, 521, 298, 110, 936, -86;
31, 242, -19, -295, 537, 305, 122, 946, -74;
30, 241, -19, -307, 532, 303, 120, 943, -75;
30, 241, -19, -319, 526, 299, 118, 940, -77;
27, 237, -22, -345, 506, 289, 107, 928, -87;
24, 234, -25, -376, 482, 276, 94, 913, -100;
30, 240, -18, -342, 521, 296, 120, 938, -74;
25, 234, -24, -386, 482, 276, 98, 915, -95;
25, 234, -23, -391, 483, 276, 100, 916, -92;
23, 232, -25, -411, 467, 268, 92, 907, -99;
29, 238, -19, -382, 502, 285, 116, 930, -75;
23, 231, -25, -429, 459, 263, 91, 904, -99;
20, 228, -28, -455, 438, 252, 80, 892, -109;
23, 231, -25, -446, 451, 259, 91, 902, -98;
29, 237, -18, -414, 487, 276, 115, 925, -73;
21, 229, -26, -471, 433, 249, 84, 894, -103;
23, 230, -24, -469, 439, 251, 90, 899, -96;
20, 227, -27, -494, 418, 240, 79, 887, -107;
28, 235, -19, -452, 462, 262, 109, 917, -75;
23, 230, -23, -487, 430, 246, 92, 899, -92;
20, 227, -26, -515, 405, 233, 78, 885, -104;
23, 230, -22, -498, 424, 242, 93, 899, -89;
23, 230, -22, -505, 419, 239, 92, 898, -89;
16, 223, -29, -554, 373, 215, 66, 871, -114;
20, 226, -26, -541, 387, 222, 78, 883, -101;
22, 228, -23, -534, 396, 226, 85, 890, -92;
16, 222, -28, -574, 357, 206, 64, 869, -112;
21, 227, -23, -548, 384, 219, 84, 888, -92;
17, 223, -27, -580, 353, 203, 67, 871, -107;
22, 229, -21, -550, 384, 218, 89, 893, -84;
20, 226, -23, -571, 362, 207, 79, 883, -93;
23, 229, -20, -556, 377, 213, 91, 895, -80;
19, 225, -24, -588, 345, 197, 74, 878, -95;
15, 221, -27, -614, 319, 183, 60, 865, -107;
17, 223, -25, -605, 327, 187, 68, 873, -98;
18, 225, -23, -603, 329, 187, 73, 877, -93;
21, 228, -20, -588, 342, 193, 84, 889, -80;
20, 226, -21, -599, 330, 187, 79, 885, -83;
17, 223, -24, -623, 305, 174, 67, 873, -94;
12, 219, -28, -654, 272, 157, 50, 856, -110;
18, 225, -22, -621, 303, 172, 72, 879, -86;
12, 219, -28, -663, 259, 149, 48, 855, -109;
10, 218, -29, -675, 244, 141, 42, 850, -113;
9, 216, -30, -688, 229, 133, 36, 844, -118;
14, 221, -24, -659, 255, 145, 55, 864, -97;
8, 216, -30, -698, 213, 124, 32, 842, -118;
9, 217, -29, -694, 213, 123, 36, 846, -113;
7, 215, -30, -705, 199, 115, 30, 841, -117;
7, 216, -29, -707, 193, 112, 30, 842, -116;
15, 224, -21, -660, 237, 133, 61, 873, -84;
14, 223, -22, -668, 224, 126, 56, 870, -86;
5, 214, -30, -723, 164, 96, 22, 837, -118;
12, 221, -23, -685, 198, 112, 47, 863, -92;
4, 214, -30, -731, 147, 86, 19, 836, -119;
12, 222, -22, -684, 189, 106, 48, 866, -87;
10, 220, -24, -698, 170, 96, 40, 859, -94;
7, 218, -26, -713, 149, 85, 30, 851, -102;
3, 214, -29, -738, 118, 69, 15, 836, -116;
3, 214, -29, -739, 111, 65, 14, 837, -115;
5, 216, -27, -728, 116, 67, 21, 845, -106;
3, 214, -29, -741, 97, 56, 12, 838, -113;
1, 213, -29, -749, 82, 48, 7, 834, -116;
1, 213, -30, -753, 71, 42, 4, 832, -118;
0, 213, -30, -756, 61, 37, 1, 831, -118;
3, 216, -27, -737, 73, 42, 12, 844, -106;
6, 219, -23, -716, 86, 48, 24, 857, -92;
-1, 212, -30, -761, 34, 21, -3, 830, -119;
4, 219, -24, -723, 65, 36, 18, 854, -94;
-2, 212, -30, -763, 16, 11, -7, 830, -119;
1, 217, -26, -736, 35, 20, 7, 846, -102;
-1, 213, -29, -758, 5, 4, -7, 833, -115;
0, 216, -26, -742, 13, 7, 0, 844, -104;
-3, 213, -30, -761, -15, -6, -13, 832, -117;
4, 221, -22, -712, 25, 12, 15, 862, -86;
-1, 216, -27, -743, -15, -8, -5, 843, -105;
-2, 215, -27, -746, -27, -14, -9, 841, -107;
3, 222, -21, -705, 4, 0, 14, 867, -82;
3, 222, -21, -704, -4, -4, 11, 866, -82;
-6, 213, -30, -760, -69, -38, -25, 832, -117;
-4, 215, -27, -744, -63, -35, -17, 841, -107;
-3, 217, -26, -735, -64, -36, -14, 846, -103;
-3, 218, -25, -726, -66, -38, -12, 851, -98;
-5, 216, -27, -739, -89, -50, -22, 843, -107;
-5, 217, -26, -730, -91, -52, -20, 847, -102;
-2, 220, -23, -707, -79, -46, -9, 861, -89;
-1, 222, -21, -695, -78, -46, -4, 868, -83;
-3, 221, -22, -702, -96, -56, -12, 862, -89;
-2, 222, -22, -695, -100, -59, -11, 865, -86;
-2, 222, -21, -689, -106, -62, -11, 868, -84;
-7, 218, -25, -713, -141, -81, -29, 852, -100;
-5, 221, -23, -694, -134, -78, -21, 863, -90;
-9, 218, -26, -712, -164, -93, -36, 850, -103;
-8, 219, -25, -701, -165, -94, -33, 856, -98;
-8, 220, -24, -694, -170, -97, -33, 858, -96;
-15, 214, -30, -730, -218, -122, -59, 835, -120;
-6, 223, -21, -669, -169, -98, -26, 871, -85;
-8, 222, -23, -674, -186, -107, -33, 866, -90;
-8, 223, -22, -665, -190, -110, -32, 870, -87;
-12, 220, -25, -682, -220, -125, -47, 858, -100;
-8, 224, -21, -650, -201, -116, -31, 876, -83;
-16, 217, -29, -694, -258, -146, -64, 846, -113;
-14, 220, -26, -673, -249, -142, -55, 858, -102;
-13, 221, -24, -659, -249, -142, -51, 864, -97;
-14, 221, -25, -656, -259, -148, -55, 864, -98;
-10, 225, -21, -628, -245, -141, -42, 879, -84;
-19, 217, -29, -673, -303, -171, -75, 849, -115;
-19, 218, -29, -664, -307, -174, -75, 852, -113;
-16, 221, -26, -641, -298, -170, -66, 864, -102;
-17, 221, -26, -637, -307, -175, -68, 864, -103;
-17, 222, -25, -625, -310, -177, -67, 869, -99;
-20, 220, -28, -636, -334, -189, -79, 859, -109;
-21, 220, -28, -631, -344, -195, -82, 860, -110;
-22, 219, -29, -631, -357, -202, -87, 857, -114;
-15, 228, -21, -575, -316, -182, -58, 889, -83;
-18, 225, -24, -587, -341, -195, -71, 879, -95;
-22, 221, -28, -606, -375, -212, -89, 864, -111;
-21, 223, -26, -588, -371, -211, -84, 872, -104;
-17, 228, -22, -552, -349, -200, -68, 892, -85;
-17, 229, -21, -540, -352, -202, -66, 896, -83;
-25, 222, -29, -584, -410, -232, -100, 865, -114;
-23, 225, -26, -560, -400, -228, -91, 877, -104;
-19, 229, -22, -526, -381, -218, -76, 895, -87;
-17, 233, -19, -499, -369, -213, -66, 908, -75;
-21, 229, -23, -517, -401, -229, -83, 894, -91;
-20, 231, -21, -499, -397, -228, -79, 902, -85;
-19, 232, -21, -486, -400, -229, -77, 906, -82;
-18, 234, -19, -467, -395, -227, -72, 915, -75;
-24, 229, -25, -495, -438, -249, -96, 893, -97;
-28, 226, -28, -509, -467, -264, -112, 881, -111;
-28, 226, -28, -498, -470, -266, -112, 884, -110;
-19, 236, -18, -430, -417, -240, -76, 923, -72;
-23, 233, -21, -442, -443, -254, -90, 912, -85;
-28, 229, -26, -462, -478, -271, -109, 896, -103;
-22, 236, -20, -416, -447, -256, -88, 920, -80;
-21, 238, -18, -396, -441, -254, -83, 929, -73;
-23, 236, -20, -398, -458, -263, -91, 924, -80;
-28, 232, -25, -419, -494, -281, -111, 906, -98;
-25, 236, -22, -390, -479, -274, -100, 921, -86;
-22, 240, -18, -355, -459, -264, -85, 938, -70;
-24, 238, -20, -362, -481, -275, -97, 930, -80;
-22, 242, -17, -332, -465, -268, -85, 944, -67;
-25, 239, -20, -344, -492, -281, -100, 933, -81;
-32, 233, -27, -375, -536, -304, -126, 909, -105;
-26, 240, -20, -325, -502, -287, -103, 936, -81;
-25, 242, -19, -305, -495, -284, -97, 944, -74;
-23, 244, -17, -285, -490, -282, -92, 952, -68;
-26, 242, -20, -291, -510, -292, -103, 944, -78;
-24, 244, -17, -267, -501, -288, -96, 954, -69;
-28, 241, -21, -279, -526, -301, -111, 943, -82;
-28, 242, -21, -269, -531, -303, -112, 944, -83;
-25, 246, -17, -238, -514, -295, -100, 959, -69;
-29, 242, -21, -252, -541, -309, -116, 946, -84;
-34, 239, -25, -268, -572, -324, -133, 932, -101;
-32, 241, -23, -244, -562, -320, -126, 942, -92;
-34, 240, -25, -245, -577, -327, -134, 936, -100;
-32, 243, -22, -217, -563, -320, -124, 949, -89;
-30, 245, -21, -197, -556, -317, -119, 957, -82;
-32, 244, -22, -196, -569, -324, -126, 953, -88;
-29, 248, -19, -167, -552, -316, -115, 967, -76;
-31, 247, -21, -165, -564, -322, -122, 964, -82;
-28, 250, -18, -136, -549, -314, -111, 976, -71;
-27, 252, -17, -118, -544, -312, -108, 983, -66;
-27, 253, -16, -105, -543, -312, -107, 987, -64;
-32, 248, -21, -124, -575, -328, -126, 970, -83;
-32, 249, -20, -110, -574, -327, -125, 974, -81;
-30, 252, -18, -86, -563, -322, -117, 984, -72;
-34, 248, -23, -104, -593, -337, -136, 968, -90;
-32, 251, -20, -78, -580, -330, -127, 979, -81;
-34, 250, -22, -77, -591, -336, -133, 976, -86;
-35, 249, -23, -75, -602, -341, -140, 972, -92;
-32, 253, -20, -44, -582, -332, -128, 986, -79;
-27, 259, -14, 1, -549, -315, -107, 1010, -58;
-26, 260, -13, 19, -542, -312, -103, 1016, -53;
-31, 256, -18, 0, -573, -327, -122, 1000, -71;
-35, 253, -22, -12, -597, -339, -137, 987, -86;
-28, 260, -15, 38, -558, -320, -112, 1014, -61;
-30, 258, -17, 38, -569, -325, -119, 1009, -67;
-34, 255, -21, 25, -593, -337, -135, 996, -82;
-32, 258, -18, 52, -577, -329, -125, 1008, -72;
-35, 256, -21, 43, -596, -339, -137, 998, -84;
-28, 263, -15, 95, -555, -318, -112, 1026, -58;
-28, 264, -14, 111, -549, -315, -109, 1031, -55;
-35, 257, -21, 77, -594, -337, -137, 1005, -83;
-28, 265, -14, 133, -548, -314, -109, 1035, -54;
-33, 261, -18, 113, -578, -329, -128, 1018, -73;
-31, 262, -17, 133, -568, -324, -123, 1025, -67;
-32, 262, -18, 138, -572, -326, -126, 1024, -71;
-33, 261, -19, 141, -578, -329, -131, 1021, -75;
-32, 263, -17, 161, -568, -324, -125, 1028, -69;
-34, 261, -20, 155, -583, -331, -135, 1020, -79;
-31, 265, -17, 183, -564, -321, -124, 1033, -68;
-31, 266, -17, 197, -559, -318, -122, 1037, -66;
-30, 267, -15, 215, -550, -314, -118, 1043, -61;
-32, 265, -17, 211, -562, -319, -126, 1037, -70;
-31, 267, -17, 225, -556, -316, -123, 1041, -67;
-25, 274, -10, 276, -512, -294, -98, 1068, -41;
-33, 266, -18, 236, -560, -318, -129, 1039, -72;
-27, 272, -13, 279, -525, -300, -108, 1061, -52;
-33, 267, -18, 255, -557, -316, -129, 1041, -73;
-32, 268, -17, 272, -547, -311, -125, 1047, -68;
-28, 272, -13, 305, -521, -297, -110, 1064, -54;
-30, 271, -15, 303, -529, -301, -117, 1058, -61;
-23, 278, -9, 352, -487, -280, -92, 1084, -36;
-23, 278, -9, 363, -482, -277, -91, 1087, -35;
-23, 278, -9, 370, -482, -277, -92, 1086, -37;
-24, 278, -10, 374, -483, -277, -95, 1085, -40;
-28, 274, -14, 359, -504, -287, -110, 1071, -55;
-27, 275, -13, 370, -499, -284, -108, 1074, -53;
-24, 278, -10, 398, -476, -273, -96, 1087, -41;
-23, 280, -9, 413, -465, -267, -91, 1093, -37;
-30, 273, -16, 379, -505, -286, -118, 1067, -64;
-30, 273, -16, 386, -502, -285, -118, 1068, -65;
-21, 282, -8, 448, -444, -255, -84, 1103, -31;
-26, 278, -13, 425, -471, -269, -103, 1085, -51;
-23, 281, -10, 452, -449, -257, -91, 1097, -39;
-27, 277, -14, 433, -471, -268, -108, 1082, -56;
-21, 284, -8, 481, -427, -245, -82, 1108, -31;
-18, 286, -5, 502, -409, -236, -73, 1117, -23;
-28, 277, -15, 450, -464, -263, -110, 1081, -60;
-19, 286, -6, 512, -405, -233, -76, 1116, -26;
-19, 286, -6, 521, -399, -230, -75, 1118, -25;
-25, 281, -12, 491, -432, -245, -97, 1095, -49;
-26, 279, -14, 486, -439, -248, -104, 1089, -56;
-27, 278, -15, 489, -437, -247, -106, 1088, -59;
-24, 281, -12, 513, -415, -236, -95, 1099, -48;
-17, 289, -5, 565, -365, -210, -66, 1128, -20;
-23, 283, -11, 530, -401, -228, -91, 1103, -46;
-21, 285, -9, 550, -382, -218, -82, 1112, -37;
-21, 285, -10, 554, -378, -216, -83, 1112, -39;
-23, 282, -12, 543, -390, -221, -93, 1102, -49;
-16, 290, -5, 596, -337, -194, -63, 1132, -20;
-19, 286, -9, 579, -355, -202, -77, 1118, -35;
-18, 288, -7, 594, -339, -194, -70, 1125, -29;
-17, 288, -7, 599, -334, -191, -69, 1125, -29;
-22, 284, -12, 576, -356, -201, -86, 1108, -47;
-19, 287, -9, 600, -332, -189, -75, 1120, -36;
-20, 286, -10, 597, -334, -189, -79, 1115, -41;
-19, 286, -9, 606, -323, -183, -75, 1118, -38;
-13, 292, -4, 644, -283, -163, -53, 1140, -17;
-20, 285, -11, 605, -321, -181, -80, 1113, -45;
-19, 286, -10, 618, -306, -173, -74, 1118, -40;
-12, 292, -4, 659, -263, -151, -50, 1142, -17;
-15, 289, -7, 644, -276, -157, -62, 1130, -29;
-18, 287, -10, 631, -286, -161, -71, 1119, -40;
-13, 291, -5, 661, -252, -144, -54, 1136, -23;
-9, 295, -1, 690, -220, -127, -37, 1152, -7;
-14, 290, -6, 663, -244, -139, -55, 1134, -26;
-12, 292, -5, 678, -226, -129, -47, 1141, -19;
-14, 290, -7, 668, -232, -132, -55, 1133, -28;
-7, 296, 0, 711, -185, -107, -29, 1158, -3;
-14, 289, -8, 666, -226, -127, -57, 1128, -32;
-12, 291, -6, 680, -208, -118, -50, 1135, -26;
-5, 297, 0, 724, -159, -92, -23, 1161, 0;
-7, 295, -2, 712, -166, -95, -31, 1152, -9;
-10, 293, -4, 700, -173, -98, -39, 1142, -18;
-11, 291, -6, 692, -176, -99, -44, 1136, -24;
-7, 294, -3, 714, -148, -85, -30, 1149, -11;
-10, 291, -6, 696, -161, -90, -41, 1136, -24;
-2, 299, 1, 746, -105, -62, -10, 1166, 5;
-5, 295, -1, 725, -119, -68, -23, 1152, -7;
-8, 292, -4, 708, -130, -73, -33, 1140, -19;
-3, 297, 0, 742, -89, -52, -11, 1161, 1;
-2, 297, 0, 744, -80, -47, -10, 1161, 2;
-4, 295, -1, 733, -85, -49, -16, 1153, -5;
-5, 294, -3, 723, -88, -49, -21, 1146, -11;
-1, 298, 1, 749, -54, -32, -4, 1162, 4;
1, 300, 3, 763, -32, -20, 5, 1170, 13;
-4, 293, -3, 722, -66, -37, -19, 1144, -12;
-5, 292, -4, 714, -66, -36, -22, 1139, -17;
-6, 290, -5, 705, -66, -35, -26, 1133, -22;
-3, 293, -2, 725, -38, -21, -13, 1145, -9;
-2, 294, -1, 727, -27, -15, -9, 1146, -7;
2, 298, 2, 757, 10, 4, 10, 1165, 11;
4, 299, 4, 765, 27, 13, 17, 1169, 17;
-4, 290, -4, 705, -23, -11, -18, 1132, -19;
4, 298, 3, 757, 38, 20, 16, 1165, 14;
-2, 291, -3, 709, 0, 1, -11, 1135, -14;
6, 300, 5, 766, 66, 35, 26, 1171, 22;
5, 298, 3, 752, 61, 34, 20, 1162, 14;
0, 291, -2, 711, 30, 19, -2, 1137, -9;
0, 292, -1, 716, 46, 27, 3, 1141, -4;
5, 297, 3, 742, 82, 46, 22, 1158, 13;
7, 298, 4, 748, 99, 55, 28, 1162, 18;
5, 295, 2, 733, 94, 53, 22, 1154, 11;
2, 291, -1, 705, 77, 45, 7, 1137, -4;
8, 297, 5, 742, 124, 70, 33, 1161, 20;
2, 290, -1, 697, 91, 54, 9, 1134, -4;
11, 299, 7, 750, 155, 86, 45, 1168, 30;
12, 299, 8, 749, 165, 92, 48, 1168, 31;
2, 289, -1, 683, 111, 65, 11, 1128, -6;
6, 292, 1, 697, 137, 79, 23, 1139, 5;
5, 290, 0, 684, 136, 79, 19, 1132, 0;
13, 298, 8, 731, 194, 109, 52, 1162, 31;
9, 293, 4, 702, 178, 101, 38, 1146, 16;
12, 295, 6, 712, 200, 113, 48, 1153, 25;
6, 289, 0, 669, 169, 98, 26, 1128, 2;
8, 290, 2, 676, 189, 109, 34, 1134, 9;
13, 295, 7, 699, 225, 127, 53, 1150, 27;
10, 290, 3, 669, 207, 119, 39, 1133, 12;
11, 291, 4, 673, 224, 128, 46, 1138, 18;
8, 287, 1, 646, 209, 121, 33, 1122, 5;
17, 296, 10, 694, 271, 153, 69, 1155, 39;
15, 293, 7, 672, 262, 149, 60, 1143, 29;
19, 296, 11, 689, 293, 165, 75, 1156, 44;
13, 289, 4, 643, 259, 149, 51, 1129, 19;
20, 295, 11, 677, 307, 173, 78, 1153, 44;
16, 291, 8, 649, 293, 166, 66, 1138, 31;
11, 285, 2, 607, 265, 153, 45, 1114, 10;
16, 290, 7, 631, 302, 172, 65, 1131, 29;
21, 293, 11, 650, 334, 189, 82, 1146, 45;
22, 294, 12, 648, 346, 195, 86, 1147, 48;
21, 293, 12, 637, 349, 197, 85, 1143, 46;
15, 286, 5, 589, 315, 181, 61, 1116, 21;
14, 284, 4, 574, 315, 181, 58, 1110, 17;
14, 283, 4, 565, 319, 184, 58, 1107, 17;
22, 290, 11, 602, 371, 210, 87, 1133, 45;
22, 289, 11, 592, 375, 213, 87, 1129, 44;
22, 289, 11, 587, 384, 218, 89, 1129, 46;
16, 282, 5, 536, 347, 200, 64, 1100, 19;
19, 284, 7, 545, 371, 212, 75, 1109, 30;
24, 288, 12, 566, 407, 231, 95, 1126, 49;
26, 289, 14, 567, 422, 239, 102, 1130, 56;
16, 279, 4, 497, 366, 211, 65, 1089, 18;
17, 279, 5, 491, 375, 216, 68, 1089, 20;
25, 286, 13, 531, 429, 244, 98, 1117, 50;
17, 278, 5, 473, 386, 223, 69, 1085, 20;
28, 288, 15, 529, 457, 258, 110, 1123, 61;
21, 279, 8, 472, 414, 238, 82, 1091, 32;
23, 281, 10, 475, 432, 247, 90, 1097, 40;
28, 286, 15, 500, 472, 267, 112, 1116, 62;
19, 276, 6, 430, 417, 240, 76, 1076, 24;
21, 277, 8, 433, 434, 249, 84, 1081, 33;
23, 278, 10, 433, 449, 257, 92, 1086, 39;
24, 278, 10, 425, 455, 261, 93, 1084, 41;
29, 282, 15, 445, 490, 278, 113, 1101, 60;
25, 278, 12, 413, 473, 270, 100, 1085, 47;
21, 272, 7, 373, 448, 258, 82, 1064, 29;
30, 281, 16, 420, 509, 289, 119, 1097, 64;
23, 273, 9, 366, 470, 270, 92, 1068, 37;
25, 274, 11, 363, 482, 276, 98, 1070, 43;
22, 270, 8, 334, 467, 269, 87, 1056, 31;
23, 271, 9, 331, 479, 275, 92, 1058, 37;
27, 274, 12, 341, 503, 288, 106, 1069, 50;
26, 272, 12, 325, 501, 287, 103, 1063, 47;
29, 274, 14, 330, 521, 297, 113, 1071, 57;
25, 270, 11, 298, 503, 289, 101, 1055, 45;
28, 272, 14, 304, 524, 299, 112, 1063, 55;
29, 272, 14, 296, 529, 302, 114, 1062, 57;
28, 271, 14, 280, 527, 301, 111, 1057, 55;
27, 269, 13, 263, 525, 300, 108, 1051, 52;
32, 272, 17, 277, 553, 315, 125, 1064, 68;
29, 269, 14, 249, 539, 308, 114, 1051, 58;
30, 270, 16, 244, 548, 313, 119, 1053, 62;
33, 271, 18, 248, 566, 322, 129, 1060, 72;
28, 266, 14, 209, 540, 309, 112, 1040, 55;
26, 263, 12, 183, 528, 303, 103, 1028, 47;
34, 271, 20, 223, 582, 330, 135, 1058, 79;
28, 264, 14, 174, 546, 313, 113, 1032, 57;
27, 262, 13, 156, 541, 310, 108, 1025, 53;
35, 270, 21, 193, 592, 336, 139, 1053, 83;
35, 269, 21, 181, 593, 336, 139, 1050, 83;
30, 263, 16, 138, 564, 322, 120, 1029, 65;
31, 264, 17, 133, 571, 326, 124, 1030, 69;
34, 265, 20, 136, 587, 334, 133, 1036, 79;
34, 264, 20, 122, 586, 333, 132, 1033, 78;
26, 256, 12, 63, 540, 310, 103, 1001, 49;
31, 260, 17, 82, 571, 326, 122, 1017, 69;
33, 262, 20, 86, 588, 334, 132, 1024, 79;
27, 255, 13, 33, 548, 314, 107, 997, 54;
27, 254, 13, 20, 546, 314, 105, 993, 53;
28, 255, 14, 14, 552, 317, 109, 994, 57;
31, 257, 18, 25, 575, 328, 123, 1006, 72;
26, 252, 13, -17, 544, 313, 104, 984, 53;
30, 255, 17, -7, 566, 324, 117, 995, 67;
27, 251, 14, -38, 546, 314, 105, 980, 55;
30, 254, 17, -29, 566, 324, 118, 991, 69;
33, 257, 21, -18, 589, 335, 132, 1002, 83;
27, 250, 15, -70, 548, 315, 107, 975, 59;
33, 255, 21, -44, 584, 333, 130, 996, 82;
28, 249, 16, -88, 551, 316, 109, 973, 63;
31, 252, 20, -76, 574, 328, 124, 986, 78;
35, 256, 24, -62, 599, 340, 140, 999, 95;
36, 255, 24, -72, 599, 340, 140, 998, 96;
31, 251, 20, -109, 572, 326, 124, 979, 81;
27, 246, 16, -146, 545, 313, 108, 961, 65;
30, 248, 19, -141, 560, 320, 118, 969, 76;
34, 252, 24, -125, 585, 333, 134, 983, 94;
30, 247, 20, -161, 559, 319, 118, 966, 79;
31, 248, 21, -166, 563, 321, 122, 967, 83;
27, 244, 18, -198, 540, 309, 109, 952, 71;
31, 246, 21, -189, 558, 318, 120, 962, 84;
30, 245, 21, -204, 552, 315, 118, 958, 82;
30, 244, 21, -216, 548, 313, 117, 955, 82;
26, 240, 17, -248, 524, 301, 103, 939, 69;
25, 239, 16, -266, 515, 296, 98, 933, 66;
32, 245, 24, -232, 557, 317, 126, 959, 94;
27, 241, 20, -269, 528, 302, 109, 940, 78;
24, 236, 16, -303, 501, 289, 94, 924, 64;
30, 243, 23, -270, 541, 308, 120, 948, 91;
31, 243, 24, -275, 544, 309, 123, 950, 96;
24, 236, 17, -328, 497, 286, 95, 921, 69;
23, 234, 17, -345, 487, 280, 91, 915, 66;
30, 241, 24, -310, 529, 301, 118, 941, 95;
29, 240, 24, -323, 522, 297, 116, 937, 94;
22, 232, 17, -377, 474, 273, 87, 908, 66;
30, 240, 25, -337, 520, 296, 118, 937, 99;
31, 241, 26, -339, 524, 297, 122, 940, 104;
26, 236, 22, -377, 491, 281, 103, 920, 87;
31, 241, 27, -352, 521, 295, 124, 940, 109;
25, 234, 21, -403, 475, 272, 97, 912, 84;
22, 231, 19, -425, 459, 263, 89, 903, 77;
25, 233, 22, -418, 470, 269, 98, 911, 87;
29, 237, 27, -398, 495, 281, 116, 928, 106;
22, 230, 20, -453, 444, 255, 86, 897, 78;
22, 229, 20, -461, 440, 252, 86, 896, 79;
27, 234, 25, -437, 468, 266, 105, 915, 100;
29, 236, 28, -432, 476, 270, 113, 922, 109;
24, 231, 23, -468, 444, 253, 95, 903, 93;
19, 226, 19, -506, 408, 235, 75, 883, 75;
20, 227, 21, -504, 413, 237, 81, 888, 82;
20, 227, 21, -512, 408, 234, 80, 886, 83;
22, 229, 23, -505, 418, 238, 89, 895, 93;
25, 232, 27, -493, 431, 245, 100, 905, 106;
24, 231, 26, -505, 421, 239, 96, 901, 104;
21, 228, 24, -530, 398, 227, 84, 889, 94;
23, 230, 26, -522, 407, 231, 93, 897, 104;
18, 225, 22, -559, 372, 213, 73, 878, 86;
19, 225, 22, -564, 368, 211, 74, 878, 88;
16, 222, 20, -585, 348, 200, 64, 868, 80;
19, 225, 23, -574, 359, 205, 74, 878, 92;
22, 228, 27, -559, 375, 213, 86, 890, 106;
22, 229, 28, -560, 374, 212, 89, 893, 110;
23, 229, 29, -561, 372, 211, 91, 895, 114;
18, 225, 25, -594, 339, 193, 73, 877, 98;
13, 220, 20, -629, 303, 175, 54, 858, 81;
19, 225, 26, -598, 333, 189, 75, 880, 104;
19, 226, 27, -600, 331, 188, 77, 882, 107;
16, 222, 24, -624, 305, 174, 64, 869, 96;
15, 221, 24, -635, 293, 168, 60, 865, 94;
20, 227, 30, -604, 322, 182, 81, 887, 117;
18, 225, 28, -623, 301, 171, 71, 877, 109;
12, 219, 22, -663, 259, 149, 48, 855, 88;
11, 218, 21, -674, 245, 142, 43, 850, 84;
12, 219, 23, -666, 251, 144, 49, 857, 93;
8, 216, 20, -693, 221, 128, 34, 843, 80;
15, 223, 27, -654, 257, 146, 60, 869, 107;
11, 219, 24, -680, 228, 130, 45, 855, 94;
8, 216, 21, -702, 202, 117, 32, 843, 83;
16, 224, 29, -654, 246, 138, 63, 875, 116;
13, 221, 27, -673, 223, 126, 52, 865, 107;
10, 218, 24, -694, 198, 113, 40, 854, 97;
6, 215, 21, -720, 167, 97, 24, 839, 83;
13, 222, 28, -679, 204, 115, 50, 866, 111;
9, 218, 25, -703, 175, 100, 36, 853, 99;
7, 217, 24, -713, 160, 92, 30, 848, 95;
8, 218, 26, -707, 161, 91, 34, 853, 101;
3, 213, 21, -742, 120, 71, 13, 833, 82;
3, 214, 21, -742, 114, 67, 13, 834, 83;
4, 215, 22, -736, 114, 66, 16, 839, 89;
6, 217, 25, -722, 122, 70, 24, 848, 99;
9, 221, 29, -700, 138, 77, 38, 863, 115;
7, 219, 27, -715, 116, 66, 28, 855, 107;
7, 219, 28, -714, 111, 62, 28, 857, 109;
4, 217, 25, -731, 86, 49, 17, 846, 99;
4, 217, 25, -731, 79, 45, 16, 847, 100;
5, 219, 27, -720, 83, 46, 22, 855, 108;
6, 220, 28, -716, 79, 44, 23, 858, 112;
0, 213, 22, -757, 30, 19, -3, 833, 87;
0, 214, 23, -751, 28, 17, 0, 837, 91;
1, 216, 25, -738, 33, 19, 6, 845, 100;
0, 215, 23, -750, 13, 8, -2, 838, 93;
1, 218, 27, -731, 24, 13, 7, 850, 105;
3, 220, 29, -719, 27, 14, 13, 858, 113;
-1, 215, 24, -748, -10, -5, -6, 840, 95;
4, 221, 30, -707, 20, 9, 16, 865, 120;
3, 221, 30, -711, 8, 2, 12, 863, 118;
3, 221, 30, -708, 1, -1, 11, 864, 119;
-3, 216, 24, -744, -43, -24, -12, 842, 96;
-3, 216, 25, -741, -51, -28, -13, 843, 97;
-7, 212, 21, -763, -82, -45, -29, 829, 83;
0, 221, 30, -705, -35, -22, 3, 865, 119;
-3, 217, 26, -729, -69, -39, -13, 849, 103;
0, 221, 30, -705, -56, -33, -1, 863, 117;
0, 221, 30, -702, -63, -38, -2, 865, 117;
0, 222, 30, -697, -69, -41, -2, 867, 119;
-1, 222, 30, -696, -78, -47, -5, 867, 119;
-5, 218, 26, -718, -112, -64, -22, 852, 103;
-3, 221, 29, -699, -104, -61, -13, 863, 114;
-10, 215, 22, -737, -153, -86, -40, 839, 88;
-10, 215, 22, -734, -162, -91, -42, 839, 88;
-13, 213, 21, -742, -181, -101, -51, 833, 82;
-13, 213, 21, -738, -190, -106, -53, 834, 81;
-5, 222, 29, -680, -144, -84, -20, 869, 115;
-8, 220, 27, -693, -169, -97, -33, 859, 105;
-6, 223, 29, -673, -161, -94, -24, 870, 115;
-15, 214, 20, -725, -225, -126, -60, 836, 81;
-12, 218, 24, -700, -213, -121, -49, 850, 93;
-8, 223, 29, -664, -189, -109, -31, 871, 113;
-17, 214, 20, -714, -252, -141, -67, 838, 79;
-17, 215, 20, -708, -259, -145, -68, 840, 80;
-16, 216, 21, -697, -260, -147, -65, 845, 84;
-15, 219, 23, -678, -254, -144, -58, 855, 92;
-8, 226, 30, -630, -220, -128, -34, 882, 119;
-17, 218, 22, -675, -278, -157, -66, 852, 88;
-15, 220, 24, -658, -275, -156, -61, 860, 94;
-14, 222, 25, -644, -274, -156, -57, 867, 99;
-16, 221, 24, -645, -289, -164, -63, 864, 95;
-13, 225, 27, -617, -274, -158, -51, 879, 109;
-20, 218, 20, -655, -326, -184, -80, 853, 81;
-18, 221, 22, -636, -320, -182, -73, 862, 89;
-14, 226, 27, -599, -297, -171, -56, 883, 108;
-15, 225, 26, -597, -310, -178, -61, 881, 105;
-16, 226, 26, -591, -317, -182, -62, 882, 104;
-13, 229, 29, -565, -305, -176, -52, 896, 116;
-19, 223, 23, -597, -351, -200, -77, 873, 92;
-21, 222, 22, -598, -367, -208, -84, 869, 86;
-18, 226, 25, -571, -354, -202, -73, 883, 98;
-24, 221, 19, -598, -395, -223, -96, 863, 77;
-24, 222, 20, -586, -398, -225, -95, 867, 79;
-16, 231, 28, -527, -353, -203, -64, 901, 111;
-24, 224, 21, -564, -405, -230, -94, 875, 83;
-18, 230, 27, -518, -373, -214, -71, 900, 106;
-23, 226, 22, -541, -411, -234, -92, 882, 87;
-18, 232, 28, -495, -379, -218, -70, 908, 110;
-17, 234, 29, -480, -379, -219, -67, 913, 114;
-20, 232, 26, -488, -401, -230, -78, 905, 103;
-27, 225, 19, -525, -452, -256, -108, 879, 75;
-24, 229, 22, -493, -436, -248, -95, 895, 89;
-27, 227, 19, -502, -460, -261, -107, 885, 77;
-26, 228, 21, -485, -457, -260, -103, 892, 82;
-24, 231, 23, -461, -448, -256, -95, 904, 91;
-25, 231, 22, -455, -457, -260, -99, 903, 89;
-23, 234, 25, -431, -447, -256, -90, 915, 98;
-20, 237, 27, -406, -436, -251, -81, 927, 107;
-30, 228, 17, -456, -502, -284, -120, 891, 70;
-25, 235, 23, -410, -470, -269, -98, 916, 92;
-28, 232, 20, -418, -492, -280, -110, 907, 81;
-27, 234, 21, -401, -490, -279, -106, 914, 85;
-22, 240, 26, -359, -463, -266, -88, 936, 105;
-27, 235, 21, -381, -499, -285, -108, 918, 84;
-30, 233, 18, -388, -521, -296, -120, 909, 73;
-26, 238, 23, -351, -498, -285, -104, 928, 90;
-27, 238, 22, -342, -504, -288, -106, 930, 88;
-23, 242, 26, -307, -483, -278, -91, 947, 103;
-25, 241, 24, -308, -499, -286, -100, 942, 96;
-30, 238, 20, -324, -529, -301, -117, 928, 79;
-33, 235, 16, -335, -554, -314, -131, 917, 65;
-27, 242, 23, -285, -519, -297, -107, 943, 89;
-32, 237, 17, -305, -553, -314, -127, 926, 70;
-27, 243, 23, -262, -524, -300, -108, 949, 89;
-27, 244, 23, -250, -526, -301, -108, 952, 90;
-29, 243, 21, -248, -538, -307, -114, 949, 84;
-29, 243, 21, -239, -543, -310, -116, 950, 82;
-25, 248, 25, -200, -518, -298, -99, 969, 99;
-31, 243, 19, -227, -559, -318, -123, 948, 75;
-29, 246, 21, -201, -546, -312, -114, 959, 84;
-32, 243, 18, -207, -566, -322, -126, 951, 72;
-34, 242, 16, -209, -582, -330, -134, 945, 64;
-32, 244, 18, -186, -572, -325, -127, 955, 71;
-35, 242, 15, -192, -591, -335, -139, 946, 59;
-28, 250, 22, -134, -546, -313, -110, 978, 88;
-28, 250, 21, -126, -552, -316, -113, 978, 85;
-30, 250, 20, -122, -560, -320, -117, 976, 80;
-31, 249, 19, -118, -569, -325, -122, 974, 75;
-25, 256, 24, -71, -535, -308, -100, 998, 97;
-30, 252, 20, -87, -564, -322, -118, 983, 79;
-26, 256, 23, -53, -542, -312, -104, 1000, 93;
-33, 250, 17, -82, -584, -332, -129, 977, 67;
-34, 250, 16, -75, -589, -335, -133, 976, 63;
-33, 251, 16, -60, -586, -334, -130, 981, 65;
-26, 259, 23, -2, -541, -311, -102, 1012, 93;
-32, 254, 18, -27, -578, -330, -125, 992, 70;
-29, 258, 20, 2, -559, -320, -113, 1006, 81;
-30, 256, 19, 3, -570, -326, -120, 1002, 74;
-32, 256, 17, 7, -578, -330, -125, 999, 68;
-31, 257, 18, 22, -574, -328, -122, 1004, 70;
-33, 256, 16, 22, -585, -333, -129, 999, 62;
-27, 262, 21, 71, -547, -314, -106, 1024, 85;
-29, 261, 19, 70, -559, -320, -114, 1019, 76;
-31, 259, 16, 65, -575, -328, -124, 1011, 66;
-34, 257, 13, 57, -593, -337, -135, 1002, 53;
-26, 265, 21, 118, -543, -312, -105, 1035, 83;
-26, 266, 21, 130, -541, -311, -104, 1038, 83;
-26, 267, 21, 145, -536, -308, -101, 1042, 85;
-32, 261, 15, 116, -575, -327, -126, 1020, 59;
-29, 265, 18, 146, -555, -317, -114, 1033, 70;
-25, 269, 21, 181, -530, -305, -100, 1050, 83;
-26, 268, 20, 184, -536, -308, -104, 1047, 78;
-25, 270, 21, 203, -526, -303, -99, 1054, 82;
-26, 270, 20, 209, -529, -304, -102, 1054, 78;
-25, 271, 20, 225, -522, -300, -98, 1059, 80;
-31, 265, 14, 196, -560, -319, -123, 1037, 55;
-27, 270, 17, 231, -533, -306, -107, 1053, 69;
-31, 266, 13, 218, -555, -316, -122, 1041, 53;
-26, 272, 18, 258, -523, -300, -103, 1061, 71;
-25, 273, 19, 276, -513, -295, -98, 1068, 74;
-28, 271, 15, 267, -530, -303, -110, 1058, 62;
-31, 268, 12, 254, -550, -313, -124, 1045, 46;
-25, 275, 18, 305, -507, -291, -98, 1072, 70;
-27, 273, 15, 300, -518, -296, -107, 1065, 60;
-29, 271, 13, 298, -527, -301, -114, 1060, 52;
-23, 277, 18, 344, -488, -281, -91, 1084, 73;
-27, 274, 14, 328, -511, -292, -107, 1069, 56;
-25, 276, 16, 349, -496, -284, -99, 1078, 62;
-31, 271, 9, 322, -529, -301, -122, 1057, 38;
-25, 277, 15, 370, -487, -279, -97, 1083, 61;
-24, 278, 16, 383, -480, -275, -94, 1087, 62;
-23, 279, 16, 396, -472, -271, -92, 1090, 63;
-25, 278, 14, 395, -478, -274, -97, 1086, 56;
-26, 277, 12, 397, -482, -275, -102, 1083, 50;
-21, 282, 16, 433, -450, -259, -84, 1101, 66;
-30, 273, 7, 384, -505, -286, -120, 1066, 28;
-21, 283, 16, 451, -441, -254, -82, 1105, 64;
-26, 278, 10, 427, -470, -268, -102, 1085, 42;
-24, 280, 11, 444, -457, -261, -97, 1092, 46;
-28, 277, 8, 431, -473, -269, -109, 1081, 32;
-27, 278, 8, 443, -465, -264, -106, 1084, 32;
-27, 277, 7, 446, -465, -264, -108, 1082, 28;
-22, 283, 12, 489, -425, -244, -86, 1105, 49;
-19, 286, 14, 511, -407, -234, -77, 1115, 56;
-26, 279, 7, 477, -443, -251, -102, 1091, 29;
-27, 279, 6, 479, -444, -251, -105, 1088, 24;
-18, 288, 14, 541, -383, -221, -70, 1123, 57;
-18, 288, 14, 547, -379, -218, -70, 1124, 55;
-21, 284, 10, 531, -397, -227, -83, 1110, 39;
-24, 282, 7, 521, -408, -232, -93, 1101, 27;
-20, 285, 9, 547, -384, -219, -81, 1114, 37;
-18, 287, 11, 565, -367, -210, -73, 1122, 43;
-18, 287, 10, 570, -363, -208, -73, 1122, 41;
-15, 290, 12, 593, -340, -196, -62, 1133, 50;
-15, 291, 12, 602, -332, -191, -59, 1135, 50;
-18, 287, 9, 586, -348, -199, -72, 1122, 35;
-21, 285, 5, 573, -360, -204, -83, 1112, 22;
-17, 289, 9, 605, -328, -188, -66, 1128, 36;
-19, 286, 6, 594, -339, -193, -76, 1119, 24;
-12, 293, 12, 640, -292, -169, -50, 1145, 48;
-13, 293, 11, 641, -289, -167, -51, 1143, 45;
-20, 285, 3, 599, -331, -187, -80, 1114, 13;
-16, 290, 7, 630, -298, -170, -63, 1131, 28;
-14, 291, 8, 643, -283, -162, -56, 1136, 32;
-11, 294, 11, 668, -256, -148, -43, 1149, 43;
-20, 285, 1, 615, -307, -173, -78, 1114, 6;
-10, 295, 10, 677, -242, -140, -41, 1151, 40;
-18, 287, 2, 631, -285, -161, -71, 1120, 8;
-12, 292, 6, 668, -246, -141, -50, 1140, 26;
-15, 289, 3, 654, -256, -145, -59, 1130, 14;
-15, 289, 2, 655, -253, -143, -60, 1128, 10;
-8, 296, 9, 701, -203, -117, -33, 1155, 36;
-15, 288, 1, 657, -243, -137, -61, 1126, 4;
-12, 291, 3, 679, -217, -123, -48, 1138, 15;
-11, 292, 4, 688, -204, -116, -44, 1142, 17;
-13, 289, 1, 673, -215, -121, -54, 1130, 4;
-14, 288, 0, 667, -215, -121, -58, 1126, -1;
-6, 296, 7, 721, -157, -91, -25, 1157, 28;
-13, 289, 0, 679, -193, -108, -51, 1130, 0;
-12, 290, 0, 686, -181, -102, -47, 1133, 0;
-9, 293, 2, 704, -158, -89, -36, 1143, 9;
-11, 290, 0, 689, -167, -94, -46, 1132, -2;
-8, 293, 1, 710, -140, -80, -32, 1144, 7;
-7, 293, 1, 712, -132, -75, -31, 1144, 6;
-6, 295, 3, 724, -114, -65, -23, 1151, 11;
-6, 294, 1, 721, -110, -63, -24, 1148, 7;
-8, 292, 0, 710, -115, -64, -31, 1140, -1;
-8, 291, -1, 708, -109, -61, -31, 1138, -4;
-9, 290, -3, 697, -113, -62, -37, 1131, -12;
-3, 295, 1, 734, -69, -39, -13, 1153, 7;
-3, 295, 1, 733, -62, -35, -13, 1152, 5;
-1, 297, 3, 746, -41, -24, -3, 1159, 12;
-6, 291, -3, 708, -72, -39, -26, 1135, -13;
-4, 293, -1, 720, -51, -28, -17, 1143, -6;
0, 296, 1, 741, -21, -12, -2, 1155, 5;
-3, 292, -2, 718, -36, -19, -15, 1141, -10;
-5, 290, -4, 707, -38, -19, -20, 1134, -17;