4, 300, 4, 768, 30, 15, 19, 1172, 19;
-1, 292, -2, 717, 7, 5, -6, 1140, -9;
3, 295, 1, 736, 56, 32, 13, 1153, 6;
7, 298, 5, 752, 102, 57, 30, 1165, 20;
8, 297, 5, 741, 124, 69, 33, 1160, 20;
7, 294, 3, 717, 134, 76, 28, 1148, 12;
5, 290, 0, 685, 137, 80, 20, 1132, 0;
9, 292, 3, 693, 181, 104, 36, 1141, 14;
11, 293, 5, 688, 213, 122, 46, 1143, 20;
14, 293, 7, 683, 247, 140, 57, 1146, 28;
17, 294, 9, 677, 281, 159, 68, 1148, 36;
11, 286, 2, 617, 261, 150, 46, 1118, 11;
13, 285, 3, 599, 284, 164, 51, 1114, 14;
16, 286, 6, 593, 319, 183, 63, 1118, 24;
15, 283, 4, 559, 327, 189, 60, 1106, 18;
16, 282, 4, 534, 346, 199, 63, 1099, 19;
16, 280, 5, 509, 364, 210, 66, 1093, 20;
18, 280, 6, 490, 389, 223, 73, 1092, 25;
26, 285, 13, 508, 450, 256, 104, 1113, 54;
24, 280, 11, 459, 446, 255, 94, 1094, 43;
26, 280, 12, 437, 468, 267, 101, 1092, 48;
25, 276, 11, 398, 472, 270, 97, 1079, 44;
27, 277, 13, 381, 499, 285, 108, 1081, 54;
30, 277, 16, 361, 522, 297, 117, 1081, 62;
23, 268, 9, 285, 490, 282, 92, 1047, 36;
26, 268, 12, 266, 514, 295, 103, 1048, 46;
29, 269, 15, 250, 540, 308, 115, 1052, 59;
30, 268, 16, 220, 551, 315, 119, 1047, 62;
30, 266, 16, 183, 556, 317, 118, 1038, 62;
27, 261, 13, 129, 541, 311, 107, 1018, 51;
32, 263, 18, 124, 575, 328, 126, 1029, 71;
31, 261, 17, 83, 572, 326, 122, 1018, 69;
29, 256, 15, 32, 559, 320, 113, 1001, 61;
36, 262, 23, 43, 606, 344, 142, 1022, 91;
32, 255, 19, -19, 577, 329, 124, 997, 75;
35, 257, 23, -31, 598, 340, 138, 1004, 91;
29, 250, 18, -101, 559, 320, 115, 975, 70;
34, 253, 23, -105, 586, 333, 133, 986, 91;
35, 252, 25, -129, 591, 335, 139, 986, 99;
34, 250, 24, -169, 578, 328, 133, 975, 96;
32, 246, 23, -211, 561, 319, 126, 962, 92;
29, 242, 21, -257, 539, 308, 116, 947, 85;
31, 243, 24, -278, 540, 307, 121, 948, 93;
27, 238, 21, -326, 513, 293, 108, 931, 85;
24, 234, 19, -374, 483, 277, 95, 914, 75;
28, 237, 24, -377, 497, 283, 109, 925, 94;
26, 234, 23, -413, 475, 271, 101, 914, 90;
22, 230, 20, -459, 442, 253, 87, 897, 80;
23, 230, 22, -476, 435, 249, 90, 898, 88;
19, 226, 19, -521, 399, 230, 75, 881, 77;
23, 229, 25, -515, 411, 234, 90, 895, 98;
17, 223, 20, -568, 363, 209, 68, 872, 80;
22, 228, 26, -555, 378, 215, 85, 890, 103;
23, 229, 29, -563, 370, 210, 89, 894, 113;
16, 223, 24, -614, 318, 182, 66, 870, 94;
13, 220, 22, -646, 281, 162, 52, 858, 86;
10, 217, 21, -672, 250, 144, 42, 849, 82;
16, 223, 27, -647, 267, 151, 63, 871, 108;
15, 223, 28, -657, 247, 140, 60, 872, 112;
12, 220, 26, -684, 208, 118, 46, 860, 103;
4, 214, 20, -733, 145, 85, 18, 834, 80;
5, 215, 22, -730, 132, 76, 20, 840, 89;
9, 221, 29, -700, 144, 81, 38, 862, 113;
1, 213, 21, -753, 71, 42, 4, 832, 84;
3, 216, 25, -737, 66, 38, 11, 844, 98;
0, 215, 24, -746, 33, 19, 2, 840, 94;
-2, 213, 22, -762, -6, -2, -11, 831, 86;
0, 217, 26, -734, -5, -3, 0, 849, 104;
-1, 218, 26, -731, -31, -18, -4, 850, 104;
-2, 218, 27, -724, -54, -31, -8, 853, 107;
-2, 219, 28, -716, -77, -44, -11, 856, 109;
-10, 214, 22, -745, -139, -78, -39, 835, 86;
-6, 220, 27, -703, -131, -75, -23, 858, 108;
-13, 214, 21, -732, -195, -109, -52, 837, 84;
-14, 215, 21, -718, -218, -123, -56, 841, 85;
-12, 219, 24, -687, -225, -128, -50, 855, 96;
-9, 225, 29, -640, -217, -126, -35, 878, 116;
-13, 222, 26, -647, -263, -151, -54, 867, 101;
-15, 222, 25, -633, -290, -165, -61, 869, 99;
-17, 223, 24, -617, -315, -180, -67, 871, 97;
-15, 228, 28, -575, -316, -182, -58, 889, 110;
-19, 225, 24, -575, -358, -204, -76, 880, 96;
-17, 230, 27, -532, -358, -206, -67, 898, 108;
-26, 223, 19, -557, -427, -242, -102, 872, 77;
-17, 234, 29, -472, -385, -222, -68, 915, 113;
-20, 234, 27, -455, -412, -237, -78, 915, 107;
-24, 232, 23, -452, -453, -259, -96, 906, 91;
-20, 238, 28, -392, -438, -252, -80, 931, 109;
-30, 231, 19, -418, -508, -288, -117, 903, 74;
-31, 232, 18, -390, -523, -297, -122, 908, 72;
-31, 234, 18, -358, -534, -303, -123, 915, 72;
-30, 237, 19, -318, -537, -306, -120, 928, 76;
-30, 240, 20, -281, -543, -309, -119, 937, 78;
-31, 241, 19, -251, -555, -316, -123, 942, 75;
-29, 246, 21, -202, -547, -313, -115, 959, 83;
-32, 245, 18, -185, -570, -325, -126, 956, 72;
-28, 251, 22, -123, -548, -314, -110, 980, 87;
-34, 247, 16, -125, -589, -335, -134, 965, 63;
-27, 256, 23, -44, -546, -313, -106, 1001, 90;
-29, 256, 20, -25, -563, -322, -116, 998, 79;
-32, 255, 17, -5, -579, -330, -125, 996, 68;
-35, 254, 13, 8, -598, -340, -138, 991, 54;
-33, 257, 14, 52, -587, -334, -132, 1004, 58;
-36, 256, 12, 72, -599, -340, -140, 1001, 47;
-25, 268, 21, 169, -531, -306, -100, 1048, 84;
-33, 263, 13, 156, -573, -326, -128, 1025, 53;
-28, 268, 17, 214, -542, -310, -112, 1048, 66;
-30, 267, 13, 231, -550, -313, -120, 1044, 54;
-33, 266, 10, 245, -559, -318, -130, 1039, 40;
-32, 268, 10, 279, -546, -310, -126, 1048, 40;
-28, 273, 13, 330, -515, -294, -111, 1066, 50;
-31, 271, 8, 338, -525, -298, -122, 1059, 34;
-22, 280, 16, 417, -462, -265, -89, 1095, 62;
-21, 283, 16, 451, -442, -254, -83, 1104, 63;
-21, 284, 15, 475, -430, -247, -82, 1108, 59;
-20, 284, 13, 497, -417, -239, -81, 1110, 54;
-25, 280, 7, 486, -436, -248, -100, 1093, 28;
-26, 280, 5, 502, -426, -242, -102, 1092, 21;
-21, 285, 8, 550, -382, -218, -82, 1112, 34;
-22, 284, 5, 557, -377, -214, -87, 1107, 22;
-14, 292, 12, 622, -311, -179, -56, 1139, 47;
-21, 284, 3, 590, -341, -193, -83, 1111, 12;
-13, 292, 8, 647, -279, -160, -54, 1139, 34;
-17, 288, 3, 635, -285, -161, -67, 1124, 14;
-13, 291, 5, 666, -245, -140, -52, 1137, 21;
-13, 291, 3, 672, -228, -130, -52, 1135, 14;
-15, 288, 0, 666, -222, -124, -58, 1126, 0;
-4, 298, 8, 735, -137, -80, -16, 1165, 34;
-6, 296, 5, 725, -131, -75, -23, 1155, 19;
-10, 290, -1, 695, -143, -79, -41, 1132, -6;
0, 299, 6, 753, -64, -38, -3, 1166, 23;
-5, 292, -1, 717, -78, -43, -23, 1142, -4;
0, 298, 3, 752, -19, -12, 2, 1163, 13;
2, 298, 3, 757, 10, 4, 10, 1165, 13;
3, 297, 1, 751, 32, 17, 12, 1161, 7;
6, 299, 3, 761, 71, 39, 26, 1168, 12;
5, 296, 0, 741, 81, 46, 21, 1157, 0;
2, 292, -4, 710, 82, 48, 11, 1140, -18;
9, 297, 0, 739, 144, 81, 38, 1161, 0;
10, 296, -1, 723, 163, 92, 39, 1154, -6;
7, 291, -6, 688, 163, 94, 29, 1137, -24;
9, 291, -6, 678, 190, 109, 35, 1135, -25;
12, 292, -5, 675, 226, 129, 47, 1139, -21;
18, 296, -1, 692, 282, 159, 72, 1155, -4;
16, 292, -4, 657, 287, 163, 65, 1140, -18;
19, 293, -3, 649, 320, 181, 76, 1143, -14;
13, 284, -11, 584, 297, 171, 53, 1110, -45;
18, 287, -8, 586, 340, 195, 71, 1119, -34;
22, 289, -5, 586, 383, 218, 89, 1129, -23;
19, 284, -10, 537, 378, 216, 77, 1108, -41;
21, 283, -10, 516, 400, 229, 83, 1104, -42;
18, 278, -14, 469, 397, 229, 73, 1086, -57;
20, 277, -15, 444, 416, 239, 78, 1081, -59;
25, 280, -11, 446, 462, 263, 100, 1094, -43;
20, 273, -17, 383, 442, 255, 81, 1066, -67;
31, 281, -7, 415, 519, 294, 123, 1098, -30;
23, 270, -17, 328, 475, 273, 90, 1056, -68;
30, 276, -11, 340, 531, 302, 119, 1077, -43;
26, 269, -16, 279, 513, 294, 104, 1052, -64;
25, 266, -18, 238, 514, 295, 100, 1040, -71;
26, 264, -19, 204, 521, 299, 101, 1032, -74;
27, 264, -18, 179, 538, 308, 108, 1031, -71;
30, 264, -16, 157, 556, 318, 117, 1031, -66;
29, 261, -18, 119, 557, 319, 115, 1021, -70;
26, 256, -22, 62, 539, 310, 102, 1000, -85;
31, 259, -17, 59, 573, 327, 123, 1013, -68;
35, 262, -13, 52, 602, 342, 140, 1022, -52;
26, 250, -23, -44, 541, 311, 102, 977, -92;
29, 251, -21, -59, 559, 320, 113, 982, -82;
33, 254, -17, -67, 583, 332, 129, 991, -67;
32, 251, -18, -108, 573, 327, 125, 980, -73;
30, 248, -20, -148, 563, 321, 120, 969, -78;
34, 250, -16, -156, 582, 331, 135, 978, -63;
33, 248, -17, -192, 572, 325, 132, 970, -66;
28, 242, -21, -253, 536, 306, 112, 945, -85;
26, 238, -24, -299, 512, 294, 102, 930, -95;
32, 244, -17, -286, 546, 310, 127, 952, -68;
24, 234, -25, -365, 486, 279, 95, 915, -100;
21, 231, -27, -407, 461, 266, 85, 902, -108;
27, 236, -21, -394, 489, 279, 108, 922, -83;
29, 237, -19, -407, 490, 278, 115, 926, -74;
28, 235, -19, -437, 471, 267, 110, 919, -76;
25, 231, -22, -478, 439, 250, 97, 904, -87;
18, 225, -28, -538, 386, 222, 72, 877, -109;
18, 225, -26, -553, 376, 216, 73, 878, -104;
25, 231, -19, -531, 401, 227, 97, 901, -77;
14, 220, -29, -611, 322, 186, 57, 861, -114;
18, 224, -24, -602, 330, 189, 70, 875, -96;
21, 228, -19, -590, 339, 191, 85, 891, -77;
12, 219, -27, -656, 268, 154, 50, 857, -108;
12, 219, -27, -668, 248, 143, 48, 856, -106;
14, 222, -23, -659, 249, 141, 58, 868, -91;
11, 220, -25, -683, 213, 121, 46, 859, -98;
6, 216, -29, -718, 165, 95, 26, 842, -113;
11, 221, -23, -691, 176, 99, 44, 863, -90;
12, 223, -21, -687, 163, 91, 47, 869, -82;
8, 220, -23, -705, 126, 70, 34, 861, -89;
0, 213, -30, -758, 52, 31, 0, 830, -119;
6, 220, -22, -712, 75, 41, 25, 861, -88;
0, 215, -28, -749, 14, 9, -1, 839, -109;
-2, 214, -28, -754, -17, -8, -10, 836, -112;
-2, 216, -27, -744, -34, -19, -10, 842, -106;
-4, 215, -27, -744, -64, -35, -17, 841, -108;
-3, 218, -25, -723, -74, -42, -13, 852, -97;
-4, 218, -24, -717, -100, -58, -18, 853, -97;
-4, 220, -23, -701, -118, -68, -18, 861, -91;
-7, 219, -24, -702, -153, -88, -30, 857, -97;
-7, 222, -22, -679, -167, -97, -28, 866, -89;
-13, 217, -27, -700, -225, -127, -53, 848, -109;
-10, 222, -23, -658, -222, -128, -41, 868, -91;
-14, 221, -25, -657, -260, -148, -55, 863, -99;
-15, 221, -25, -643, -286, -163, -62, 865, -99;
-21, 218, -29, -651, -335, -189, -83, 853, -115;
-16, 225, -23, -595, -321, -184, -65, 880, -91;
-21, 223, -26, -595, -364, -207, -82, 871, -104;
-16, 230, -20, -533, -345, -199, -62, 900, -78;
-23, 225, -26, -551, -406, -231, -92, 880, -103;
-20, 231, -22, -501, -400, -229, -80, 900, -86;
-27, 226, -27, -511, -453, -257, -106, 884, -107;
-20, 236, -19, -434, -421, -242, -78, 921, -75;
-25, 232, -23, -436, -467, -266, -100, 908, -92;
-25, 235, -22, -400, -475, -271, -99, 918, -87;
-31, 232, -27, -402, -520, -295, -122, 905, -105;
-30, 235, -25, -362, -524, -298, -118, 917, -98;
-23, 244, -17, -285, -490, -282, -92, 952, -68;
-30, 239, -23, -294, -542, -308, -120, 933, -92;
-34, 238, -26, -280, -570, -323, -134, 929, -102;
-29, 245, -20, -210, -542, -310, -113, 958, -78;
-35, 241, -25, -213, -586, -332, -137, 943, -99;
-35, 243, -24, -177, -590, -335, -137, 951, -96;
-30, 250, -19, -114, -565, -323, -120, 976, -76;
-26, 257, -14, -49, -538, -309, -101, 1003, -56;
-30, 254, -18, -44, -570, -326, -120, 991, -73;
-30, 256, -17, -6, -568, -325, -118, 1000, -69;
-29, 259, -15, 37, -559, -320, -113, 1013, -62;
-36, 254, -22, 26, -603, -342, -141, 992, -88;
-26, 265, -13, 118, -543, -312, -105, 1035, -51;
-35, 258, -20, 100, -591, -336, -136, 1010, -81;
-29, 265, -15, 165, -554, -317, -116, 1036, -60;
-32, 264, -17, 181, -566, -322, -126, 1032, -70;
-33, 264, -19, 203, -569, -323, -131, 1032, -74;
-25, 273, -11, 283, -514, -295, -100, 1068, -43;
-31, 269, -16, 276, -542, -308, -122, 1050, -65;
-30, 271, -16, 308, -531, -302, -120, 1057, -64;
-25, 277, -11, 366, -491, -281, -100, 1080, -45;
-29, 273, -15, 366, -508, -289, -116, 1067, -61;
-30, 273, -17, 384, -504, -286, -119, 1067, -66;
-25, 279, -11, 442, -459, -262, -98, 1091, -46;
-26, 278, -13, 454, -458, -260, -104, 1087, -53;
-28, 277, -15, 465, -455, -258, -109, 1083, -60;
-18, 288, -5, 547, -380, -219, -70, 1123, -23;
-21, 285, -9, 543, -387, -221, -83, 1111, -37;
-20, 285, -9, 563, -371, -211, -81, 1114, -37;
-21, 284, -11, 570, -364, -206, -85, 1110, -44;
-21, 284, -11, 583, -349, -197, -85, 1109, -46;
-18, 287, -9, 616, -312, -177, -71, 1122, -35;
-18, 287, -9, 627, -295, -167, -70, 1122, -36;
-14, 291, -6, 659, -255, -145, -55, 1135, -24;
-7, 297, 0, 706, -197, -115, -29, 1158, -2;
-11, 292, -5, 684, -208, -118, -46, 1139, -21;
-5, 297, 0, 725, -153, -89, -22, 1160, -1;
-8, 293, -4, 707, -155, -88, -34, 1144, -16;
-10, 290, -6, 696, -148, -83, -41, 1134, -25;
-10, 289, -7, 694, -131, -72, -41, 1130, -28;
0, 298, 1, 754, -49, -29, -1, 1165, 7;
-5, 292, -3, 718, -61, -34, -19, 1142, -14;
0, 296, 0, 740, -14, -8, -1, 1155, 0;
-3, 291, -3, 712, -16, -7, -13, 1137, -14;
5, 299, 4, 760, 59, 32, 22, 1167, 18;
1, 293, 0, 718, 48, 28, 4, 1142, -3;
8, 298, 5, 751, 112, 62, 33, 1165, 22;
9, 298, 5, 742, 136, 76, 37, 1162, 22;
2, 289, -1, 684, 112, 66, 11, 1129, -5;
10, 295, 5, 712, 176, 100, 40, 1150, 19;
11, 294, 5, 700, 201, 114, 45, 1148, 21;
16, 296, 9, 708, 246, 138, 63, 1157, 36;
12, 291, 5, 664, 241, 138, 50, 1136, 20;
15, 292, 7, 659, 275, 157, 61, 1139, 29;
14, 288, 5, 624, 282, 161, 56, 1125, 20;
21, 293, 11, 643, 341, 193, 83, 1144, 45;
14, 284, 4, 572, 313, 180, 57, 1108, 16;
17, 284, 6, 559, 342, 196, 66, 1109, 23;
20, 285, 8, 551, 377, 215, 79, 1113, 34;
20, 283, 8, 523, 393, 225, 81, 1106, 34;
21, 282, 9, 498, 411, 235, 85, 1100, 36;
19, 277, 6, 449, 406, 234, 74, 1080, 24;
26, 282, 13, 463, 465, 264, 103, 1101, 52;
24, 277, 10, 415, 460, 263, 94, 1082, 41;
26, 277, 12, 394, 483, 276, 102, 1081, 48;
28, 276, 14, 371, 503, 287, 109, 1079, 54;
31, 277, 17, 358, 534, 303, 123, 1083, 67;
29, 273, 15, 311, 531, 302, 116, 1067, 60;
27, 268, 12, 258, 520, 298, 105, 1048, 49;
32, 271, 17, 255, 558, 318, 125, 1059, 69;
29, 267, 15, 204, 549, 313, 116, 1041, 60;
29, 264, 15, 168, 553, 316, 116, 1033, 60;
34, 267, 20, 163, 588, 334, 135, 1044, 80;
31, 261, 17, 103, 567, 324, 121, 1021, 66;
29, 258, 15, 59, 560, 321, 115, 1007, 62;
33, 260, 20, 49, 587, 334, 131, 1016, 79;
30, 255, 17, -3, 570, 326, 120, 997, 70;
27, 250, 14, -61, 546, 313, 105, 975, 56;
35, 257, 23, -41, 599, 340, 139, 1002, 92;
30, 250, 19, -107, 564, 322, 119, 976, 74;
35, 253, 24, -107, 593, 337, 138, 990, 97;
35, 252, 25, -139, 590, 335, 139, 984, 100;
33, 248, 23, -187, 569, 323, 128, 968, 92;
30, 244, 21, -235, 546, 312, 118, 952, 85;
26, 239, 19, -287, 517, 296, 103, 933, 74;
31, 242, 24, -287, 538, 306, 121, 946, 95;
32, 243, 26, -305, 540, 306, 127, 948, 105;
27, 237, 22, -365, 498, 284, 106, 924, 88;
28, 237, 25, -379, 499, 284, 112, 927, 98;
24, 233, 22, -428, 465, 266, 97, 909, 87;
26, 233, 24, -443, 462, 263, 102, 911, 97;
23, 230, 23, -483, 431, 247, 90, 897, 89;
19, 226, 20, -524, 398, 229, 76, 883, 81;
22, 229, 25, -522, 406, 231, 89, 894, 98;
19, 225, 22, -563, 369, 211, 74, 878, 88;
20, 226, 25, -570, 364, 207, 79, 884, 99;
17, 223, 24, -601, 332, 190, 68, 873, 93;
19, 226, 27, -600, 331, 188, 77, 882, 107;
12, 219, 21, -656, 270, 156, 49, 855, 85;
13, 220, 24, -657, 263, 150, 53, 861, 95;
11, 219, 24, -676, 235, 135, 46, 856, 94;
14, 222, 28, -665, 236, 133, 57, 868, 110;
11, 220, 26, -688, 200, 113, 44, 859, 103;
11, 221, 28, -691, 182, 103, 44, 862, 109;
5, 215, 23, -730, 126, 73, 20, 841, 91;
2, 214, 22, -746, 92, 54, 9, 835, 86;
3, 216, 24, -737, 81, 47, 13, 843, 96;
8, 222, 31, -702, 94, 51, 32, 867, 121;
3, 218, 27, -726, 45, 25, 13, 853, 107;
-4, 212, 21, -767, -21, -10, -16, 828, 83;
-3, 215, 24, -750, -30, -16, -11, 839, 94;
-5, 214, 23, -753, -63, -34, -21, 836, 90;
-2, 218, 27, -723, -63, -36, -10, 853, 106;
-4, 218, 26, -722, -94, -54, -18, 851, 103;
-8, 216, 24, -727, -132, -75, -31, 846, 96;
-7, 219, 26, -708, -148, -85, -30, 854, 102;
-11, 217, 24, -711, -186, -106, -43, 848, 94;
-8, 221, 27, -676, -188, -108, -34, 865, 108;
-15, 216, 22, -698, -249, -141, -62, 846, 86;
-17, 217, 21, -687, -277, -156, -69, 847, 83;
-16, 220, 23, -654, -284, -162, -64, 860, 93;
-16, 222, 24, -632, -303, -173, -66, 867, 95;
-22, 219, 20, -639, -352, -199, -87, 855, 78;
-14, 229, 29, -563, -317, -183, -56, 894, 113;
-20, 226, 24, -568, -366, -209, -78, 881, 95;
-18, 230, 27, -527, -368, -211, -71, 898, 106;
-26, 224, 19, -548, -432, -245, -103, 875, 77;
-28, 224, 18, -528, -456, -258, -110, 877, 73;
-26, 229, 21, -485, -457, -260, -103, 893, 82;
-30, 227, 18, -474, -490, -277, -117, 888, 71;
-26, 233, 22, -421, -481, -274, -105, 909, 85;
-22, 240, 27, -358, -462, -266, -87, 936, 105;
-23, 241, 26, -329, -477, -274, -91, 942, 103;
-28, 238, 21, -329, -520, -296, -113, 929, 83;
-30, 238, 19, -305, -539, -307, -120, 931, 77;
-33, 238, 17, -286, -562, -319, -130, 930, 67;
-26, 248, 24, -204, -521, -299, -101, 967, 97;
-34, 242, 16, -219, -578, -328, -133, 944, 65;
-30, 247, 20, -161, -560, -320, -119, 966, 79;
-33, 246, 17, -144, -582, -331, -131, 962, 67;
-34, 248, 16, -113, -589, -335, -134, 968, 63;
-28, 256, 22, -39, -553, -317, -110, 999, 86;
-33, 252, 16, -38, -588, -335, -131, 985, 63;
-26, 262, 23, 44, -540, -311, -101, 1022, 91;
-29, 261, 20, 59, -559, -320, -113, 1018, 78;
-26, 265, 21, 108, -542, -311, -104, 1034, 85;
-34, 258, 13, 91, -591, -336, -135, 1008, 51;
-26, 268, 20, 175, -536, -308, -103, 1046, 80;
-27, 269, 19, 204, -534, -307, -105, 1051, 75;
-30, 266, 14, 211, -554, -316, -120, 1041, 56;
-31, 267, 13, 237, -552, -314, -122, 1043, 50;
-24, 276, 19, 312, -499, -287, -94, 1077, 75;
-24, 277, 18, 339, -493, -283, -94, 1080, 70;
-25, 277, 16, 361, -490, -281, -97, 1081, 62;
-22, 280, 17, 401, -468, -269, -89, 1093, 66;
-23, 280, 14, 419, -465, -266, -93, 1092, 57;
-28, 276, 8, 412, -485, -275, -111, 1076, 33;
-22, 282, 13, 473, -435, -249, -88, 1102, 51;
-20, 285, 13, 506, -411, -236, -80, 1112, 53;
-23, 283, 9, 510, -415, -237, -89, 1104, 37;
-19, 287, 11, 550, -380, -218, -75, 1119, 45;
-21, 284, 7, 552, -380, -217, -84, 1111, 30;
-20, 286, 7, 574, -360, -205, -80, 1115, 27;
-16, 289, 9, 611, -321, -184, -65, 1130, 35;
-19, 287, 4, 608, -322, -182, -74, 1120, 19;
-18, 287, 3, 623, -301, -170, -71, 1122, 15;
-12, 292, 7, 666, -250, -144, -49, 1142, 29;
-8, 297, 10, 702, -205, -119, -31, 1158, 40;
-6, 297, 9, 715, -181, -105, -26, 1160, 37;
-12, 291, 1, 682, -201, -113, -49, 1134, 7;
-13, 289, -1, 676, -191, -107, -53, 1127, -5;
-12, 289, -1, 686, -165, -92, -47, 1129, -7;
-2, 298, 5, 744, -87, -51, -10, 1162, 21;
-8, 291, -1, 706, -104, -57, -31, 1136, -7;
-1, 297, 3, 746, -42, -24, -4, 1159, 12;
-1, 295, 0, 737, -26, -15, -5, 1153, 2;
0, 296, 0, 743, 5, 2, 3, 1156, 3;
2, 296, 0, 745, 35, 19, 10, 1157, 2;
1, 293, -2, 723, 42, 25, 4, 1145, -11;
7, 298, 1, 749, 99, 55, 28, 1163, 4;
4, 293, -3, 717, 100, 57, 18, 1145, -14;
7, 294, -3, 716, 133, 76, 28, 1148, -12;
13, 299, 1, 739, 191, 106, 53, 1166, 4;
9, 292, -5, 691, 179, 103, 35, 1140, -20;
7, 289, -8, 661, 187, 108, 30, 1127, -34;
11, 291, -6, 666, 230, 131, 46, 1135, -25;
17, 294, -2, 677, 280, 159, 68, 1148, -11;
20, 295, -1, 673, 316, 178, 80, 1152, -6;
17, 290, -6, 629, 313, 178, 69, 1133, -24;
13, 284, -12, 575, 302, 174, 53, 1107, -48;
22, 290, -5, 604, 373, 211, 88, 1134, -19;
20, 286, -8, 561, 373, 213, 79, 1116, -34;
20, 283, -10, 529, 384, 220, 78, 1106, -42;
27, 288, -5, 545, 443, 251, 107, 1126, -19;
21, 280, -12, 475, 418, 239, 84, 1093, -49;
20, 276, -15, 435, 421, 242, 79, 1079, -60;
21, 276, -15, 412, 442, 254, 85, 1076, -59;
22, 274, -16, 381, 455, 262, 87, 1069, -63;
25, 274, -14, 363, 482, 276, 98, 1070, -57;
31, 278, -9, 370, 532, 302, 123, 1087, -37;
23, 268, -18, 282, 487, 281, 91, 1045, -74;
33, 275, -10, 309, 557, 316, 129, 1075, -39;
29, 269, -15, 247, 537, 307, 113, 1050, -60;
25, 263, -19, 191, 523, 300, 101, 1029, -76;
29, 265, -16, 177, 549, 314, 114, 1034, -66;
31, 265, -15, 154, 566, 323, 122, 1033, -61;
35, 267, -12, 145, 597, 339, 139, 1042, -47;
33, 263, -14, 96, 586, 333, 131, 1026, -58;
36, 263, -12, 77, 603, 342, 141, 1028, -50;
26, 252, -22, -15, 546, 314, 105, 985, -88;
27, 251, -22, -47, 549, 315, 107, 980, -88;
34, 256, -15, -35, 594, 338, 135, 1002, -60;
28, 249, -21, -105, 555, 318, 113, 972, -84;
32, 250, -18, -118, 573, 327, 125, 978, -72;
32, 249, -18, -151, 569, 324, 125, 972, -73;
26, 242, -24, -218, 529, 304, 102, 944, -96;
34, 248, -16, -199, 574, 325, 133, 970, -64;
28, 241, -22, -265, 531, 304, 111, 942, -86;
27, 239, -23, -300, 519, 297, 107, 934, -89;
26, 237, -24, -336, 503, 288, 102, 925, -93;
26, 236, -23, -361, 497, 284, 103, 922, -91;
27, 237, -21, -378, 496, 283, 108, 924, -84;
20, 229, -28, -445, 443, 255, 81, 894, -109;
26, 234, -21, -431, 470, 267, 104, 915, -84;
27, 234, -20, -449, 463, 263, 107, 915, -79;
27, 234, -19, -467, 453, 256, 108, 915, -75;
17, 224, -28, -547, 379, 218, 70, 875, -110;
21, 227, -24, -545, 386, 220, 82, 887, -94;
15, 221, -29, -598, 335, 193, 59, 863, -114;
20, 226, -22, -577, 356, 202, 80, 885, -89;
20, 226, -22, -594, 337, 191, 78, 882, -87;
12, 218, -29, -655, 273, 158, 47, 853, -114;
10, 217, -30, -676, 246, 143, 40, 847, -117;
15, 222, -24, -653, 261, 148, 59, 868, -93;
17, 225, -20, -646, 258, 145, 67, 878, -80;
11, 220, -25, -687, 205, 117, 44, 858, -98;
9, 218, -26, -705, 173, 99, 35, 852, -103;
8, 218, -25, -709, 153, 87, 33, 853, -99;
7, 218, -25, -716, 128, 73, 28, 852, -99;
5, 218, -25, -724, 101, 57, 22, 850, -99;
7, 220, -22, -710, 93, 51, 28, 861, -88;
7, 222, -21, -703, 76, 41, 29, 867, -81;
-1, 215, -28, -749, 5, 4, -3, 839, -109;
1, 218, -24, -726, 1, 0, 4, 853, -95;
-4, 214, -28, -754, -53, -29, -18, 836, -112;
-8, 212, -31, -765, -95, -52, -33, 828, -121;
-6, 216, -27, -738, -99, -56, -25, 842, -107;
-3, 221, -22, -702, -96, -56, -12, 862, -89;
-12, 213, -30, -743, -172, -96, -48, 833, -119;
-9, 218, -26, -706, -170, -97, -36, 852, -101;
-14, 215, -29, -718, -218, -123, -56, 840, -115;
-9, 222, -23, -665, -203, -117, -36, 868, -89;
-16, 217, -28, -686, -263, -149, -64, 849, -111;
-9, 226, -20, -620, -236, -137, -37, 884, -79;
-20, 218, -29, -663, -320, -181, -80, 850, -116;
-14, 226, -22, -598, -297, -171, -56, 883, -86;
-14, 228, -20, -569, -310, -179, -55, 892, -80;
-24, 221, -29, -604, -387, -219, -94, 862, -113;
-22, 224, -26, -567, -393, -223, -89, 876, -103;
-17, 232, -19, -500, -370, -213, -67, 908, -76;
-17, 234, -19, -473, -387, -223, -69, 914, -74;
-20, 233, -20, -460, -417, -240, -81, 912, -81;
-20, 236, -18, -423, -424, -244, -78, 924, -73;
-26, 233, -23, -427, -472, -269, -102, 910, -92;
-21, 240, -17, -363, -452, -260, -83, 937, -69;
-31, 232, -26, -391, -524, -297, -122, 907, -104;
-30, 235, -24, -351, -527, -300, -119, 920, -97;
-30, 238, -23, -313, -532, -303, -117, 931, -91;
-31, 239, -24, -289, -551, -313, -124, 932, -95;
-30, 242, -22, -244, -547, -312, -118, 947, -86;
-26, 249, -17, -181, -526, -302, -102, 972, -66;
-33, 243, -23, -193, -579, -329, -132, 950, -93;
-27, 252, -16, -115, -540, -310, -106, 985, -64;
-35, 245, -24, -134, -598, -339, -140, 959, -96;
-27, 256, -15, -44, -546, -313, -106, 1001, -59;
-30, 255, -18, -30, -569, -325, -119, 995, -71;
-27, 260, -14, 27, -546, -314, -105, 1016, -55;
-31, 258, -17, 35, -572, -327, -121, 1007, -69;
-36, 255, -22, 37, -602, -342, -141, 994, -88;
-33, 259, -19, 87, -584, -332, -131, 1011, -77;
-34, 260, -20, 116, -585, -332, -133, 1015, -78;
-30, 265, -16, 169, -560, -320, -120, 1033, -64;
-30, 267, -16, 203, -553, -315, -118, 1041, -62;
-30, 268, -15, 235, -546, -312, -118, 1047, -61;
-29, 270, -15, 267, -537, -306, -116, 1053, -59;
-32, 268, -17, 280, -546, -310, -126, 1048, -69;
-29, 273, -14, 327, -518, -295, -113, 1064, -57;
-24, 278, -10, 384, -479, -275, -94, 1087, -39;
-29, 274, -15, 374, -505, -287, -116, 1069, -62;
-24, 280, -10, 433, -459, -263, -93, 1094, -40;
-24, 280, -11, 451, -453, -259, -96, 1093, -45;
-22, 283, -9, 487, -428, -245, -87, 1104, -37;
-27, 278, -15, 473, -449, -254, -108, 1085, -59;
-25, 280, -13, 505, -423, -240, -100, 1094, -53;
-18, 288, -6, 570, -362, -208, -70, 1125, -25;
-17, 289, -6, 591, -342, -197, -66, 1129, -23;
-15, 291, -5, 615, -318, -183, -60, 1135, -19;
-17, 289, -7, 615, -315, -180, -67, 1127, -29;
-12, 294, -2, 659, -267, -154, -46, 1146, -11;
-14, 291, -5, 655, -265, -151, -55, 1137, -22;
-9, 295, -1, 692, -219, -127, -36, 1153, -6;
-16, 287, -9, 651, -250, -140, -65, 1122, -38;
-5, 298, 0, 726, -162, -94, -21, 1163, 2;
-12, 290, -7, 683, -189, -106, -49, 1133, -28;
-12, 289, -7, 686, -171, -95, -48, 1130, -30;
-6, 294, -3, 719, -119, -68, -26, 1147, -12;
0, 299, 1, 753, -65, -38, -3, 1166, 7;
-5, 293, -3, 720, -75, -42, -21, 1144, -13;
-6, 290, -5, 706, -65, -35, -26, 1134, -21;
-2, 293, -1, 727, -19, -10, -8, 1146, -7;
2, 297, 2, 747, 28, 15, 10, 1159, 7;
6, 299, 4, 759, 68, 37, 24, 1167, 18;
7, 298, 4, 751, 91, 50, 27, 1163, 18;
8, 298, 5, 748, 120, 67, 34, 1163, 22;
11, 299, 7, 749, 155, 86, 45, 1167, 29;
10, 296, 6, 727, 167, 94, 42, 1157, 23;
10, 294, 5, 707, 183, 104, 41, 1149, 19;
11, 293, 5, 693, 205, 117, 45, 1144, 20;
14, 293, 6, 686, 237, 135, 54, 1146, 26;
10, 288, 2, 640, 230, 133, 39, 1123, 9;
18, 294, 10, 668, 298, 169, 72, 1147, 39;
17, 290, 8, 634, 305, 174, 67, 1133, 31;
15, 286, 5, 597, 309, 177, 60, 1118, 21;
18, 287, 7, 585, 340, 194, 70, 1119, 29;
21, 288, 10, 578, 375, 213, 84, 1123, 40;
23, 288, 12, 562, 403, 229, 92, 1123, 47;
21, 283, 9, 517, 401, 229, 83, 1105, 36;
21, 281, 8, 485, 413, 237, 83, 1096, 34;
21, 278, 8, 453, 425, 244, 84, 1087, 33;
28, 283, 15, 463, 479, 272, 110, 1104, 58;
21, 273, 7, 383, 443, 255, 81, 1066, 28;
22, 272, 8, 359, 462, 266, 87, 1063, 33;
22, 270, 8, 323, 470, 271, 87, 1053, 31;
30, 275, 16, 338, 529, 301, 118, 1076, 62;
26, 269, 12, 278, 512, 293, 103, 1051, 46;
32, 273, 17, 278, 554, 315, 125, 1064, 68;
31, 270, 16, 237, 555, 316, 122, 1053, 65;
25, 262, 11, 165, 524, 301, 99, 1022, 43;
30, 264, 15, 158, 557, 318, 117, 1031, 62;
31, 263, 17, 128, 567, 323, 121, 1027, 66;
27, 257, 13, 68, 545, 313, 106, 1004, 52;
34, 262, 21, 78, 592, 337, 135, 1025, 82;
35, 261, 21, 46, 597, 339, 136, 1019, 85;
34, 259, 21, 9, 594, 338, 135, 1010, 85;
35, 258, 23, -19, 599, 340, 138, 1006, 90;
29, 250, 18, -89, 562, 321, 116, 978, 70;
31, 250, 19, -114, 567, 324, 121, 976, 77;
28, 246, 18, -163, 548, 314, 111, 960, 70;
33, 249, 23, -165, 573, 326, 129, 973, 91;
25, 240, 16, -244, 520, 299, 99, 937, 64;
30, 244, 22, -241, 548, 312, 120, 953, 88;
30, 243, 23, -271, 540, 308, 119, 947, 91;
30, 242, 24, -298, 534, 304, 120, 944, 95;
29, 239, 23, -336, 515, 293, 113, 933, 92;
22, 232, 18, -401, 467, 269, 89, 905, 72;
27, 236, 24, -394, 489, 279, 108, 922, 96;
30, 238, 27, -404, 493, 279, 117, 928, 109;
24, 232, 23, -459, 449, 256, 96, 905, 93;
20, 227, 20, -506, 412, 236, 80, 887, 81;
21, 228, 23, -518, 406, 232, 84, 890, 90;
22, 228, 25, -530, 399, 227, 88, 892, 99;
18, 224, 22, -571, 361, 207, 72, 877, 89;
22, 229, 28, -559, 374, 212, 89, 893, 110;
17, 224, 24, -605, 328, 187, 69, 873, 96;
18, 225, 27, -610, 319, 181, 73, 878, 105;
15, 222, 24, -642, 282, 161, 59, 866, 97;
17, 224, 28, -637, 280, 158, 67, 875, 111;
15, 222, 27, -658, 250, 142, 59, 869, 108;
6, 215, 20, -716, 181, 105, 26, 839, 81;
7, 216, 22, -715, 168, 97, 28, 844, 89;
8, 218, 25, -710, 157, 90, 32, 851, 99;
11, 222, 30, -690, 160, 89, 45, 868, 117;
3, 215, 23, -742, 89, 52, 11, 838, 90;
6, 219, 28, -717, 94, 52, 25, 856, 109;
1, 216, 24, -741, 46, 27, 6, 843, 97;
3, 219, 28, -724, 39, 21, 13, 854, 109;
2, 219, 28, -722, 15, 7, 9, 856, 111;
-1, 217, 26, -734, -24, -14, -4, 848, 103;
0, 221, 29, -711, -31, -19, 2, 862, 116;
-4, 217, 25, -731, -82, -46, -18, 847, 100;
-10, 212, 21, -755, -138, -76, -42, 830, 82;
-7, 218, 25, -718, -135, -77, -29, 850, 100;
-11, 215, 22, -726, -178, -100, -45, 841, 89;
-5, 224, 30, -667, -155, -90, -20, 874, 119;
-7, 224, 29, -660, -185, -108, -29, 873, 115;
-14, 219, 23, -682, -246, -140, -56, 854, 93;
-19, 216, 20, -689, -293, -165, -75, 843, 78;
-14, 223, 25, -636, -279, -160, -57, 869, 101;
-11, 228, 30, -591, -276, -159, -46, 890, 117;
-21, 221, 21, -624, -350, -198, -83, 862, 84;
-16, 228, 27, -562, -331, -190, -62, 891, 108;
-17, 229, 27, -541, -353, -203, -67, 895, 107;
-21, 227, 24, -538, -393, -224, -84, 888, 94;
-21, 229, 24, -508, -407, -233, -84, 896, 96;
-26, 227, 20, -506, -448, -255, -103, 887, 81;
-26, 230, 21, -471, -457, -260, -101, 898, 85;
-27, 230, 20, -449, -480, -273, -109, 900, 80;
-25, 236, 24, -398, -472, -270, -97, 920, 94;
-28, 234, 20, -386, -505, -287, -112, 915, 81;
-25, 240, 24, -329, -490, -281, -98, 938, 97;
-26, 241, 23, -305, -510, -292, -105, 940, 91;
-33, 236, 17, -310, -558, -316, -130, 924, 67;
-29, 243, 21, -247, -537, -307, -113, 949, 84;
-27, 247, 23, -202, -534, -306, -108, 963, 90;
-32, 244, 18, -197, -569, -324, -126, 953, 72;
-26, 253, 24, -120, -533, -306, -101, 986, 96;
-26, 254, 24, -86, -537, -309, -102, 994, 95;
-34, 249, 16, -100, -589, -335, -133, 971, 64;
-32, 252, 17, -54, -580, -331, -127, 985, 69;
-26, 260, 23, 16, -546, -314, -105, 1014, 89;
-29, 259, 19, 34, -562, -322, -115, 1011, 77;
-29, 261, 19, 71, -558, -319, -113, 1020, 77;
-35, 256, 12, 62, -599, -340, -139, 1000, 48;
-29, 264, 18, 136, -555, -318, -114, 1032, 71;
-27, 268, 19, 181, -539, -309, -106, 1046, 76;
-27, 269, 18, 209, -538, -308, -108, 1049, 70;
-34, 263, 10, 195, -578, -328, -136, 1027, 39;
-25, 273, 18, 282, -514, -295, -100, 1067, 71;
-33, 267, 9, 261, -557, -316, -131, 1041, 36;
-30, 271, 11, 310, -529, -301, -118, 1058, 44;
-23, 279, 17, 382, -475, -273, -90, 1090, 68;
-22, 281, 17, 413, -460, -265, -86, 1097, 67;
-28, 276, 10, 400, -488, -278, -109, 1077, 39;
-25, 279, 11, 441, -460, -262, -98, 1090, 44;
-26, 278, 8, 453, -458, -261, -104, 1087, 32;
-25, 280, 7, 479, -441, -251, -101, 1092, 30;
-24, 282, 8, 509, -417, -237, -93, 1100, 31;
-18, 287, 11, 560, -371, -213, -73, 1122, 45;
-19, 286, 9, 569, -364, -208, -77, 1118, 35;
-19, 287, 7, 587, -347, -198, -75, 1120, 30;
-19, 287, 6, 600, -332, -189, -74, 1120, 23;
-19, 286, 3, 608, -320, -181, -76, 1117, 14;
-12, 293, 9, 664, -258, -149, -47, 1144, 36;
-14, 290, 5, 656, -257, -147, -57, 1133, 19;
-13, 291, 4, 670, -234, -133, -52, 1136, 16;
-16, 287, 0, 657, -235, -132, -63, 1122, -1;
-9, 293, 3, 699, -178, -102, -38, 1144, 14;
-8, 293, 2, 707, -155, -88, -34, 1144, 11;
-11, 289, -2, 688, -156, -87, -46, 1129, -8;
0, 299, 6, 756, -69, -41, -2, 1168, 27;
-8, 291, -2, 705, -98, -54, -31, 1135, -9;
2, 300, 5, 765, -15, -10, 8, 1170, 22;
3, 300, 5, 768, 13, 5, 15, 1172, 20;
-2, 293, -2, 721, -6, -2, -7, 1143, -10;
0, 293, -2, 724, 23, 14, 0, 1144, -10;
7, 299, 2, 759, 89, 49, 29, 1168, 10;
4, 294, -2, 723, 85, 48, 16, 1148, -10;
9, 297, 0, 741, 135, 75, 36, 1161, 1;
9, 296, -1, 727, 155, 88, 38, 1156, -4;
7, 292, -5, 696, 160, 92, 30, 1140, -20;
11, 294, -3, 699, 200, 114, 45, 1147, -13;
14, 294, -2, 696, 234, 132, 55, 1150, -10;
12, 290, -6, 661, 238, 136, 48, 1134, -25;
11, 287, -9, 629, 245, 141, 43, 1120, -38;
15, 289, -7, 631, 289, 165, 60, 1129, -28;
19, 291, -5, 629, 328, 186, 75, 1135, -21;
17, 287, -8, 592, 333, 190, 69, 1121, -34;
15, 282, -12, 549, 332, 191, 59, 1102, -50;
22, 287, -7, 565, 391, 222, 88, 1122, -28;
18, 281, -12, 510, 380, 218, 73, 1098, -49;
21, 282, -11, 499, 412, 236, 85, 1101, -44;
22, 280, -12, 470, 427, 244, 87, 1093, -48;
24, 279, -12, 448, 449, 257, 94, 1091, -47;
25, 279, -11, 425, 470, 268, 100, 1088, -46;
23, 274, -15, 376, 465, 267, 91, 1070, -60;
27, 276, -12, 367, 500, 285, 107, 1077, -49;
25, 271, -16, 316, 493, 283, 97, 1058, -64;
24, 268, -17, 280, 500, 287, 97, 1048, -69;
24, 265, -19, 240, 502, 289, 94, 1036, -76;
34, 274, -10, 269, 573, 325, 134, 1068, -40;
30, 268, -15, 210, 555, 316, 120, 1045, -58;
32, 267, -14, 185, 570, 325, 126, 1043, -55;
35, 268, -11, 168, 593, 337, 138, 1047, -46;
33, 264, -15, 117, 581, 331, 129, 1029, -58;
28, 257, -20, 50, 552, 316, 109, 1002, -80;
26, 253, -22, 5, 543, 312, 103, 988, -88;
26, 251, -23, -29, 543, 312, 103, 981, -90;
31, 254, -18, -34, 573, 327, 122, 993, -73;
33, 255, -16, -53, 586, 334, 131, 995, -65;
31, 251, -18, -98, 573, 327, 124, 981, -73;
31, 249, -19, -134, 567, 324, 122, 973, -75;
25, 242, -25, -203, 526, 303, 99, 944, -99;
32, 247, -18, -190, 566, 322, 127, 966, -71;
28, 242, -22, -246, 535, 306, 111, 945, -87;
24, 237, -26, -299, 505, 291, 96, 926, -101;
23, 235, -27, -335, 491, 282, 91, 917, -105;
23, 233, -27, -365, 480, 276, 89, 911, -105;
25, 234, -24, -378, 485, 278, 98, 916, -96;
26, 235, -22, -393, 486, 277, 104, 919, -87;
28, 236, -20, -406, 486, 276, 110, 922, -79;
24, 232, -23, -452, 453, 259, 96, 906, -91;
25, 232, -21, -468, 447, 254, 99, 907, -85;
26, 233, -20, -482, 440, 250, 103, 909, -79;
24, 230, -22, -515, 413, 235, 93, 898, -85;
20, 226, -25, -557, 375, 214, 78, 882, -97;
21, 227, -22, -563, 371, 211, 84, 888, -88;
20, 226, -23, -586, 347, 197, 78, 882, -90;
15, 222, -26, -625, 306, 175, 61, 866, -103;
15, 222, -25, -637, 289, 165, 60, 866, -99;
17, 224, -22, -632, 287, 163, 69, 876, -86;
17, 225, -21, -641, 270, 152, 68, 877, -83;
10, 219, -26, -688, 212, 122, 42, 854, -104;
8, 217, -27, -706, 182, 104, 33, 848, -107;
11, 221, -23, -688, 184, 104, 46, 863, -90;
8, 219, -24, -708, 149, 84, 34, 855, -97;
7, 219, -24, -712, 126, 71, 30, 856, -95;
6, 219, -24, -716, 101, 57, 26, 856, -94;
1, 215, -28, -748, 48, 28, 4, 838, -111;
4, 220, -23, -718, 53, 29, 18, 858, -91;
-2, 214, -29, -756, -10, -4, -10, 835, -113;
4, 222, -21, -705, 14, 5, 16, 867, -81;
-6, 213, -30, -761, -71, -38, -26, 831, -118;
-1, 219, -23, -718, -58, -34, -7, 856, -93;
-8, 214, -29, -746, -118, -66, -33, 836, -114;
-7, 217, -26, -724, -129, -73, -29, 847, -104;
-10, 216, -27, -724, -164, -93, -40, 844, -109;
-9, 219, -25, -698, -174, -99, -35, 856, -98;
-14, 215, -29, -713, -226, -127, -58, 842, -115;
-16, 216, -29, -700, -250, -141, -62, 845, -114;
-13, 221, -25, -661, -251, -143, -53, 863, -98;
-14, 222, -25, -644, -274, -157, -57, 867, -97;
-11, 227, -20, -597, -268, -155, -44, 888, -78;
-16, 224, -24, -604, -317, -181, -65, 876, -94;
-18, 225, -24, -586, -341, -195, -71, 879, -94;
-17, 229, -21, -550, -347, -199, -66, 893, -84;
-21, 227, -24, -546, -387, -221, -83, 886, -95;
-27, 223, -28, -551, -435, -246, -105, 873, -113;
-26, 226, -27, -518, -446, -253, -104, 883, -107;
-21, 233, -21, -455, -427, -245, -84, 911, -82;
-26, 231, -24, -451, -467, -266, -102, 903, -96;
-21, 239, -18, -384, -444, -256, -82, 932, -71;
-22, 240, -18, -356, -459, -264, -86, 938, -70;
-28, 236, -23, -364, -512, -292, -113, 920, -93;
-32, 235, -26, -348, -539, -306, -124, 917, -101;
-32, 237, -25, -314, -547, -311, -125, 926, -98;
-31, 240, -23, -275, -551, -313, -123, 937, -92;
-34, 239, -25, -257, -575, -326, -134, 934, -100;
-31, 244, -22, -203, -562, -320, -123, 954, -86;
-28, 250, -17, -145, -544, -312, -109, 976, -69;
-30, 250, -19, -121, -560, -320, -117, 976, -74;
-33, 248, -22, -108, -585, -333, -131, 970, -86;
-31, 253, -19, -58, -573, -327, -122, 987, -75;
-30, 255, -18, -18, -568, -325, -119, 998, -70;
-32, 256, -19, 5, -579, -330, -126, 998, -75;
-26, 263, -12, 77, -541, -311, -102, 1028, -50;
-30, 261, -16, 88, -563, -322, -117, 1021, -63;
-35, 257, -21, 84, -597, -339, -139, 1004, -85;
-29, 265, -15, 156, -554, -317, -115, 1035, -59;
-29, 266, -15, 188, -550, -314, -115, 1041, -59;
-26, 271, -12, 236, -528, -303, -104, 1057, -48;
-34, 264, -19, 220, -569, -323, -133, 1033, -77;
-25, 274, -11, 302, -510, -292, -100, 1070, -44;
-30, 270, -16, 300, -532, -303, -119, 1056, -62;
-30, 271, -16, 325, -526, -299, -120, 1059, -64;
-27, 276, -13, 373, -495, -282, -106, 1076, -51;
-26, 277, -12, 402, -481, -275, -103, 1082, -49;
-23, 280, -10, 443, -454, -260, -93, 1095, -40;
-20, 284, -7, 483, -425, -244, -81, 1109, -30;
-22, 283, -9, 497, -421, -241, -85, 1106, -36;
-17, 288, -5, 543, -382, -220, -69, 1125, -21;
-17, 289, -5, 565, -364, -210, -66, 1128, -20;
-20, 286, -8, 562, -371, -212, -78, 1117, -34;
-18, 287, -8, 585, -348, -199, -73, 1122, -31;
-16, 289, -6, 611, -321, -184, -65, 1130, -25;
-15, 291, -5, 633, -296, -170, -58, 1135, -21;
-11, 294, -2, 667, -257, -149, -43, 1149, -9;
-18, 287, -10, 630, -287, -162, -72, 1119, -40;
-10, 294, -2, 689, -218, -126, -39, 1150, -10;
-11, 292, -5, 683, -213, -122, -46, 1140, -20;
-12, 290, -7, 680, -203, -115, -50, 1133, -27;
-5, 297, 0, 727, -140, -81, -22, 1158, -2;
-7, 294, -2, 719, -132, -75, -27, 1149, -10;
-1, 298, 1, 749, -82, -49, -7, 1165, 5;
-9, 290, -6, 699, -111, -61, -36, 1132, -26;
0, 298, 1, 750, -37, -22, -1, 1162, 5;
-3, 293, -2, 725, -38, -21, -12, 1145, -9;
0, 295, 0, 739, 1, 0, 1, 1154, 1;
-1, 292, -2, 716, 6, 5, -6, 1140, -10;
4, 296, 2, 743, 62, 35, 16, 1157, 10;
3, 294, 1, 727, 77, 44, 15, 1149, 5;
6, 295, 2, 725, 108, 61, 23, 1150, 10;
2, 289, -1, 687, 104, 61, 10, 1130, -6;
12, 297, 7, 730, 181, 102, 47, 1160, 27;
14, 297, 8, 723, 211, 119, 55, 1160, 32;
16, 297, 9, 715, 240, 135, 63, 1160, 37;
8, 287, 1, 644, 208, 121, 33, 1122, 4;
13, 290, 5, 654, 257, 147, 53, 1134, 21;
13, 288, 5, 630, 273, 157, 54, 1126, 19;
11, 284, 2, 592, 277, 160, 46, 1110, 9;
22, 292, 11, 628, 355, 201, 85, 1140, 46;
20, 288, 9, 591, 360, 205, 80, 1126, 38;
16, 282, 5, 536, 347, 200, 64, 1100, 19;
24, 287, 12, 555, 410, 233, 94, 1122, 48;
22, 283, 9, 511, 409, 234, 86, 1104, 38;
28, 286, 15, 515, 458, 260, 109, 1118, 59;
25, 281, 12, 467, 453, 258, 99, 1099, 47;
29, 283, 16, 461, 492, 279, 116, 1107, 63;
28, 280, 15, 421, 496, 282, 112, 1094, 58;
23, 273, 9, 355, 473, 272, 92, 1065, 37;
25, 272, 11, 330, 492, 282, 99, 1062, 43;
27, 271, 12, 306, 511, 293, 106, 1060, 50;
29, 271, 14, 282, 530, 302, 113, 1058, 56;
28, 268, 14, 245, 535, 306, 112, 1049, 55;
33, 271, 19, 241, 572, 325, 131, 1060, 75;
35, 271, 21, 214, 587, 333, 138, 1057, 81;
32, 265, 17, 158, 570, 325, 125, 1036, 70;
27, 258, 13, 92, 543, 312, 106, 1009, 52;
30, 259, 16, 73, 563, 322, 117, 1012, 63;
30, 258, 17, 40, 567, 324, 118, 1006, 66;
35, 261, 22, 38, 600, 341, 139, 1019, 88;
35, 258, 22, 0, 596, 339, 136, 1009, 87;
35, 257, 23, -29, 599, 340, 139, 1005, 92;
29, 249, 17, -105, 556, 318, 113, 972, 68;
31, 250, 21, -120, 571, 326, 124, 977, 81;
26, 243, 16, -187, 533, 306, 103, 950, 63;
34, 249, 24, -170, 577, 328, 132, 974, 95;
28, 243, 20, -234, 539, 308, 112, 948, 78;
31, 244, 23, -246, 551, 313, 123, 954, 92;
28, 240, 21, -296, 522, 298, 109, 936, 82;
28, 239, 22, -321, 518, 296, 111, 934, 88;
31, 241, 26, -331, 527, 299, 122, 941, 102;
27, 236, 23, -379, 495, 282, 107, 923, 92;
27, 235, 24, -406, 482, 275, 106, 918, 94;
23, 231, 22, -451, 450, 258, 92, 903, 86;
21, 229, 21, -484, 428, 245, 85, 893, 83;
25, 232, 26, -480, 439, 250, 100, 906, 102;
24, 230, 26, -508, 418, 238, 94, 900, 102;
23, 230, 27, -527, 403, 229, 93, 897, 106;
15, 221, 19, -597, 336, 194, 59, 864, 77;
18, 224, 24, -590, 343, 196, 72, 877, 96;
13, 220, 21, -632, 299, 172, 54, 859, 83;
18, 225, 27, -614, 314, 178, 73, 878, 107;
16, 223, 27, -634, 288, 163, 66, 873, 106;
12, 219, 24, -670, 243, 140, 48, 857, 94;
13, 221, 26, -668, 236, 134, 53, 865, 105;
11, 219, 25, -689, 203, 116, 43, 857, 100;
9, 219, 25, -701, 177, 101, 37, 854, 100;
13, 223, 30, -680, 182, 102, 51, 871, 120;
1, 213, 21, -750, 94, 56, 7, 831, 82;
4, 216, 24, -733, 91, 52, 16, 845, 97;
-1, 212, 21, -763, 40, 25, -4, 828, 82;
3, 218, 27, -728, 51, 29, 13, 851, 106;
-2, 213, 22, -761, -5, -1, -11, 832, 86;
-5, 212, 21, -767, -39, -20, -20, 828, 83;
0, 218, 27, -726, -26, -15, -1, 853, 107;
-7, 213, 21, -760, -89, -49, -30, 831, 85;
-4, 217, 26, -728, -89, -51, -19, 849, 101;
-6, 218, 26, -720, -114, -65, -23, 851, 102;
-9, 217, 24, -722, -150, -85, -35, 846, 96;
-6, 221, 28, -687, -150, -87, -24, 864, 111;
-8, 221, 27, -680, -180, -104, -33, 864, 108;
-15, 216, 21, -705, -243, -137, -61, 843, 84;
-8, 225, 30, -636, -213, -124, -32, 881, 118;
-18, 218, 21, -674, -290, -164, -71, 850, 85;
-16, 222, 24, -636, -293, -167, -63, 867, 97;
-14, 226, 27, -598, -296, -170, -55, 883, 109;
-20, 222, 22, -609, -349, -199, -79, 868, 89;
-21, 223, 22, -588, -371, -211, -84, 872, 88;
-24, 223, 20, -575, -401, -228, -94, 871, 81;
-23, 226, 22, -539, -409, -233, -91, 884, 88;
-25, 226, 20, -524, -437, -248, -101, 883, 81;
-25, 229, 22, -488, -445, -254, -98, 894, 86;
-25, 231, 22, -458, -459, -262, -100, 902, 87;
-27, 231, 20, -438, -483, -275, -109, 903, 81;
-29, 232, 20, -412, -501, -285, -114, 907, 78;
-30, 234, 19, -383, -516, -293, -117, 913, 77;
-29, 237, 20, -343, -519, -296, -114, 925, 81;
-23, 245, 27, -271, -490, -282, -91, 957, 105;
-30, 240, 19, -282, -544, -310, -120, 936, 77;
-26, 247, 24, -217, -521, -299, -102, 963, 96;
-35, 240, 15, -238, -583, -331, -137, 937, 61;
-29, 248, 21, -166, -552, -315, -115, 967, 83;
-26, 253, 24, -110, -535, -308, -102, 988, 95;
-27, 254, 23, -81, -545, -313, -106, 992, 91;
-34, 249, 16, -90, -591, -336, -134, 972, 62;
-28, 257, 21, -15, -554, -318, -110, 1004, 85;
-30, 257, 19, 7, -566, -324, -117, 1004, 76;
-32, 257, 17, 29, -578, -330, -125, 1003, 67;
-30, 260, 17, 71, -568, -325, -120, 1015, 70;
-29, 263, 18, 113, -558, -320, -115, 1027, 72;
-34, 260, 13, 115, -586, -333, -134, 1014, 50;
-30, 265, 15, 169, -560, -320, -120, 1033, 61;
-35, 262, 10, 175, -581, -330, -136, 1023, 42;
-33, 265, 11, 215, -566, -322, -130, 1034, 44;
-26, 273, 17, 289, -515, -295, -102, 1067, 68;
-28, 272, 14, 306, -520, -297, -109, 1064, 57;
-24, 277, 17, 357, -489, -281, -95, 1083, 67;
-28, 274, 12, 358, -505, -288, -110, 1071, 47;
-21, 282, 17, 425, -454, -261, -84, 1100, 67;
-24, 280, 13, 434, -459, -263, -93, 1094, 53;
-20, 284, 15, 476, -429, -246, -81, 1108, 59;
-19, 286, 15, 509, -406, -234, -74, 1118, 61;
-17, 288, 15, 535, -387, -223, -70, 1123, 59;
-17, 288, 13, 554, -374, -215, -69, 1125, 53;
-22, 284, 7, 542, -390, -222, -87, 1107, 29;
-20, 286, 7, 569, -364, -208, -80, 1115, 29;
-16, 290, 10, 610, -323, -185, -63, 1132, 40;
-15, 290, 9, 626, -305, -175, -60, 1133, 35;
-20, 285, 2, 605, -321, -181, -80, 1113, 8;
-10, 295, 10, 679, -240, -139, -39, 1152, 41;
-12, 292, 6, 673, -238, -136, -48, 1142, 26;
-11, 293, 5, 685, -215, -123, -44, 1143, 22;
-12, 291, 2, 680, -208, -118, -50, 1135, 8;
-14, 288, -1, 673, -199, -111, -55, 1126, -4;
-10, 291, 0, 695, -161, -90, -41, 1136, 1;
-8, 292, 0, 709, -129, -73, -32, 1141, 2;
0, 299, 6, 755, -62, -37, -2, 1167, 24;
-4, 293, 0, 724, -71, -40, -18, 1146, 0;
-1, 295, 0, 737, -35, -20, -7, 1153, 3;
-4, 292, -3, 715, -31, -16, -15, 1139, -12;
-1, 292, -3, 721, 1, 2, -6, 1142, -11;
6, 299, 3, 761, 70, 38, 25, 1168, 12;
4, 296, 0, 736, 76, 43, 18, 1154, -3;
5, 295, -2, 727, 99, 56, 21, 1151, -8;
1, 289, -7, 689, 94, 56, 7, 1130, -30;
3, 289, -8, 681, 121, 71, 13, 1129, -31;
9, 293, -4, 698, 173, 99, 35, 1143, -18;
9, 291, -6, 677, 190, 109, 35, 1135, -26;
8, 288, -8, 653, 204, 118, 34, 1125, -35;
12, 290, -7, 655, 245, 140, 49, 1132, -27;
17, 292, -4, 659, 289, 164, 66, 1141, -17;
11, 284, -11, 598, 269, 156, 44, 1111, -46;
19, 290, -6, 618, 331, 188, 74, 1131, -24;
18, 287, -8, 585, 340, 194, 70, 1119, -34;
22, 289, -5, 586, 383, 217, 89, 1128, -23;
17, 282, -12, 525, 366, 210, 69, 1100, -49;
17, 279, -14, 492, 376, 217, 68, 1090, -56;
25, 284, -8, 510, 438, 249, 98, 1111, -32;
22, 279, -12, 459, 431, 247, 87, 1091, -49;
23, 278, -12, 436, 452, 258, 93, 1087, -49;
29, 281, -8, 435, 495, 281, 114, 1098, -34;
24, 274, -14, 373, 477, 273, 96, 1072, -57;
26, 274, -14, 350, 497, 284, 104, 1070, -55;
25, 270, -16, 306, 497, 285, 98, 1055, -65;
24, 267, -18, 267, 500, 288, 96, 1044, -71;
26, 267, -17, 245, 521, 299, 105, 1044, -67;
31, 269, -13, 236, 554, 316, 121, 1052, -54;
29, 266, -16, 193, 551, 315, 116, 1039, -62;
25, 260, -21, 130, 529, 304, 100, 1014, -82;
31, 264, -15, 133, 571, 326, 124, 1030, -61;
26, 257, -21, 66, 543, 312, 105, 1002, -83;
32, 261, -16, 68, 582, 332, 128, 1018, -62;
32, 259, -16, 31, 582, 332, 127, 1010, -65;
33, 258, -16, 4, 590, 335, 132, 1007, -62;
35, 258, -14, -19, 599, 340, 138, 1006, -57;
30, 251, -19, -83, 567, 324, 119, 981, -77;
27, 246, -23, -136, 545, 313, 107, 962, -90;
33, 251, -17, -133, 578, 329, 129, 979, -68;
27, 244, -23, -199, 539, 309, 108, 951, -90;
30, 245, -20, -212, 552, 315, 119, 957, -79;
32, 246, -18, -229, 560, 318, 128, 961, -70;
24, 237, -26, -309, 502, 289, 96, 924, -101;
24, 236, -25, -336, 496, 285, 96, 920, -100;
32, 243, -17, -314, 538, 305, 127, 947, -68;
31, 241, -17, -344, 524, 297, 124, 941, -69;
29, 238, -19, -382, 502, 285, 116, 930, -75;
22, 230, -26, -451, 446, 256, 87, 898, -102;
22, 229, -25, -474, 434, 249, 87, 896, -100;
24, 231, -22, -481, 437, 249, 96, 903, -88;
18, 225, -27, -537, 387, 223, 72, 878, -109;
22, 228, -23, -534, 396, 226, 85, 890, -92;
17, 223, -27, -581, 352, 202, 66, 871, -108;
22, 228, -21, -563, 370, 210, 86, 891, -84;
15, 221, -27, -620, 313, 180, 60, 864, -107;
18, 224, -23, -613, 316, 180, 71, 876, -92;
12, 218, -28, -662, 262, 151, 47, 853, -111;
11, 219, -27, -672, 245, 141, 46, 854, -108;
16, 223, -22, -652, 256, 145, 62, 873, -87;
8, 217, -28, -704, 192, 111, 33, 846, -111;
12, 221, -23, -685, 197, 112, 47, 862, -93;
12, 222, -21, -682, 185, 104, 50, 869, -84;
6, 217, -26, -719, 131, 75, 27, 849, -102;
9, 221, -22, -700, 131, 73, 37, 864, -86;
4, 218, -25, -726, 84, 47, 19, 850, -99;
7, 222, -21, -704, 83, 45, 29, 866, -83;
1, 217, -25, -735, 28, 16, 6, 848, -101;
0, 217, -25, -732, 4, 2, 3, 850, -98;
-2, 215, -27, -745, -35, -19, -10, 842, -107;
0, 219, -23, -718, -38, -23, -1, 857, -92;
0, 221, -22, -707, -57, -34, -3, 862, -87;
0, 223, -20, -692, -75, -45, -2, 869, -81;
-10, 214, -29, -739, -155, -87, -42, 837, -114;
-10, 216, -27, -719, -171, -97, -41, 846, -107;
-14, 215, -29, -722, -210, -118, -55, 839, -116;
-6, 224, -20, -655, -180, -105, -26, 876, -81;
-13, 220, -26, -675, -239, -136, -52, 858, -101;
-19, 216, -30, -689, -292, -164, -75, 844, -118;
-10, 227, -20, -611, -254, -147, -42, 885, -80;
-17, 222, -25, -627, -311, -177, -68, 868, -100;
-12, 229, -19, -571, -298, -172, -50, 894, -77;
-17, 227, -22, -569, -337, -194, -66, 887, -87;
-23, 223, -27, -577, -389, -221, -89, 873, -106;
-26, 223, -29, -567, -422, -239, -102, 870, -113;
-23, 227, -25, -521, -420, -239, -93, 888, -99;
-25, 228, -25, -501, -443, -252, -100, 890, -101;
-29, 226, -28, -492, -479, -271, -115, 884, -111;
-28, 230, -25, -450, -480, -273, -109, 899, -101;
-28, 232, -25, -418, -493, -280, -110, 907, -98;
-24, 239, -20, -359, -477, -274, -95, 932, -78;
-25, 240, -20, -330, -492, -282, -99, 937, -78;
-25, 242, -18, -294, -499, -286, -98, 947, -73;
-27, 243, -20, -272, -520, -297, -106, 947, -78;
-28, 244, -20, -241, -531, -304, -109, 953, -78;
-25, 249, -16, -189, -520, -299, -99, 972, -64;
-32, 244, -22, -194, -566, -322, -125, 955, -87;
-25, 253, -15, -118, -530, -305, -100, 988, -59;
-33, 247, -22, -131, -583, -331, -130, 965, -87;
-31, 251, -20, -84, -573, -327, -123, 980, -78;
-28, 256, -16, -27, -553, -317, -110, 1002, -62;
-26, 260, -13, 19, -542, -312, -102, 1017, -53;
-29, 259, -16, 33, -563, -322, -116, 1011, -64;
-29, 260, -16, 66, -563, -322, -116, 1017, -63;
-36, 256, -22, 60, -601, -341, -141, 999, -87;
-29, 265, -14, 138, -553, -317, -113, 1033, -58;
-32, 263, -17, 150, -570, -325, -125, 1027, -70;
-34, 262, -20, 165, -582, -330, -135, 1022, -79;
-29, 268, -15, 228, -545, -311, -116, 1047, -59;
-34, 265, -19, 229, -567, -322, -133, 1034, -77;
-29, 271, -14, 290, -528, -302, -113, 1059, -57;
-30, 271, -16, 308, -531, -302, -119, 1057, -63;
-26, 276, -12, 363, -495, -283, -102, 1078, -47;
-28, 274, -15, 371, -503, -286, -113, 1071, -58;
-22, 282, -8, 437, -451, -259, -87, 1099, -33;
-27, 277, -14, 425, -475, -270, -108, 1081, -56;
-26, 279, -13, 455, -456, -259, -103, 1088, -52;
-25, 280, -12, 485, -435, -248, -97, 1095, -48;
-22, 283, -10, 520, -406, -232, -87, 1107, -39;
-18, 288, -6, 564, -367, -211, -70, 1124, -24;
-20, 286, -9, 565, -368, -210, -79, 1116, -36;
-14, 292, -3, 618, -316, -182, -55, 1139, -14;
-17, 289, -7, 611, -321, -183, -67, 1127, -29;
-13, 292, -4, 644, -284, -163, -54, 1139, -18;
-16, 289, -7, 637, -285, -162, -64, 1128, -31;
-18, 286, -10, 633, -281, -158, -72, 1119, -41;
-12, 292, -5, 675, -229, -130, -49, 1139, -21;
-8, 296, -1, 709, -183, -106, -31, 1154, -6;
-5, 297, 0, 725, -153, -89, -23, 1160, -1;
-9, 293, -4, 705, -157, -89, -36, 1143, -17;
-3, 297, 0, 737, -107, -62, -15, 1160, 0;
-6, 293, -3, 716, -108, -61, -27, 1144, -14;
-4, 295, -1, 730, -72, -41, -15, 1151, -6;
-4, 293, -3, 722, -58, -32, -17, 1144, -12;
-3, 293, -2, 723, -32, -17, -12, 1144, -10;
3, 298, 3, 755, 26, 13, 12, 1163, 11;
2, 296, 1, 740, 40, 22, 10, 1155, 5;
0, 292, -1, 713, 43, 26, 1, 1139, -6;
5, 295, 2, 733, 95, 53, 22, 1154, 11;
11, 299, 7, 752, 146, 81, 43, 1168, 28;
8, 295, 3, 719, 147, 83, 33, 1150, 15;
13, 297, 7, 728, 192, 108, 50, 1160, 29;
5, 288, 0, 664, 164, 96, 22, 1125, 0;
17, 297, 10, 713, 251, 141, 66, 1161, 39;
17, 295, 9, 690, 267, 151, 66, 1152, 36;
13, 290, 5, 645, 262, 150, 53, 1131, 20;
12, 286, 3, 614, 271, 156, 49, 1118, 14;
19, 291, 9, 629, 328, 186, 75, 1135, 37;
19, 289, 9, 606, 346, 197, 77, 1129, 37;
18, 286, 7, 571, 354, 202, 73, 1116, 31;
21, 286, 10, 559, 385, 220, 84, 1118, 40;
19, 282, 7, 518, 387, 222, 77, 1102, 31;
18, 279, 6, 480, 393, 226, 74, 1089, 25;
26, 284, 13, 497, 454, 258, 104, 1110, 54;
24, 280, 11, 452, 453, 259, 96, 1093, 44;
27, 280, 13, 434, 479, 273, 106, 1094, 53;
24, 275, 10, 381, 470, 270, 94, 1073, 40;
28, 277, 14, 374, 507, 289, 112, 1081, 56;
26, 272, 12, 325, 501, 287, 103, 1063, 47;
32, 276, 18, 328, 547, 311, 126, 1078, 70;
25, 267, 11, 250, 512, 294, 100, 1043, 44;
28, 268, 14, 233, 537, 307, 112, 1046, 55;
33, 270, 18, 226, 571, 325, 130, 1055, 73;
31, 266, 17, 179, 564, 322, 123, 1039, 67;
35, 268, 21, 167, 592, 336, 138, 1046, 83;
27, 258, 13, 81, 545, 313, 106, 1007, 52;
26, 255, 12, 39, 540, 311, 102, 995, 49;
32, 259, 19, 41, 580, 331, 126, 1011, 74;
31, 256, 18, 0, 573, 327, 121, 999, 71;
32, 255, 19, -28, 579, 330, 126, 996, 77;
33, 254, 21, -57, 583, 332, 129, 993, 82;
34, 253, 22, -85, 586, 333, 132, 990, 88;
28, 246, 17, -154, 547, 313, 109, 961, 68;
28, 245, 18, -182, 547, 313, 112, 957, 73;
30, 245, 20, -206, 550, 314, 117, 957, 81;
34, 248, 26, -207, 574, 325, 135, 970, 102;
30, 243, 22, -263, 541, 309, 118, 948, 89;
27, 239, 21, -307, 518, 296, 108, 934, 83;
28, 238, 22, -333, 512, 292, 109, 931, 87;
26, 235, 21, -372, 491, 281, 101, 919, 83;
22, 231, 18, -422, 457, 263, 86, 901, 72;
24, 232, 21, -431, 461, 264, 95, 907, 85;
26, 233, 25, -442, 463, 263, 102, 912, 97;
20, 228, 20, -497, 417, 240, 81, 889, 81;
21, 227, 22, -516, 406, 233, 82, 888, 86;
26, 232, 28, -503, 425, 241, 101, 906, 110;
17, 223, 20, -576, 355, 205, 66, 870, 80;
23, 230, 28, -548, 385, 218, 93, 897, 112;
20, 227, 27, -580, 353, 200, 81, 886, 106;
16, 222, 24, -621, 309, 177, 63, 868, 94;
13, 220, 22, -650, 276, 159, 52, 858, 88;
9, 216, 20, -683, 237, 137, 37, 845, 79;
13, 221, 26, -664, 247, 141, 54, 863, 101;
13, 221, 27, -671, 229, 130, 52, 864, 106;
9, 218, 24, -701, 186, 107, 36, 851, 95;
10, 220, 27, -697, 176, 100, 40, 858, 105;
9, 220, 27, -703, 153, 87, 37, 858, 107;
9, 221, 29, -702, 135, 76, 36, 862, 113;
3, 216, 24, -736, 82, 47, 14, 844, 96;
0, 214, 23, -750, 45, 27, 2, 837, 90;
2, 217, 26, -734, 37, 21, 8, 848, 102;
0, 216, 25, -743, 3, 2, -1, 843, 98;
-5, 212, 21, -767, -47, -25, -22, 828, 83;
-6, 213, 22, -760, -70, -38, -25, 831, 86;
-7, 213, 22, -755, -95, -52, -29, 833, 87;
-3, 219, 27, -715, -86, -50, -13, 856, 108;
-9, 215, 23, -737, -142, -80, -37, 839, 90;
-12, 214, 22, -735, -175, -98, -47, 837, 86;
-6, 222, 28, -681, -157, -91, -25, 866, 113;
-14, 215, 21, -714, -226, -127, -58, 841, 85;
-15, 217, 22, -696, -247, -140, -60, 847, 87;
-15, 219, 23, -675, -265, -150, -62, 854, 90;
-15, 221, 24, -650, -280, -159, -61, 863, 96;
-12, 227, 29, -603, -274, -158, -47, 885, 114;
-12, 228, 29, -580, -292, -169, -50, 892, 116;
-21, 221, 21, -609, -363, -206, -85, 865, 84;
-17, 228, 27, -550, -348, -200, -67, 893, 106;
-17, 231, 28, -520, -361, -208, -66, 902, 110;
-18, 232, 28, -497, -381, -219, -71, 906, 109;
-24, 228, 22, -506, -434, -247, -96, 891, 87;
-23, 232, 24, -463, -435, -249, -90, 906, 96;
-22, 235, 25, -429, -445, -255, -89, 916, 99;
-26, 233, 22, -417, -477, -272, -102, 912, 88;
-31, 230, 17, -417, -521, -295, -124, 900, 69;
-24, 240, 25, -338, -486, -279, -96, 936, 98;
-32, 234, 17, -354, -544, -309, -128, 914, 68;
-24, 244, 25, -268, -501, -288, -96, 954, 100;
-26, 245, 23, -245, -521, -298, -104, 955, 93;
-27, 246, 23, -215, -533, -305, -108, 960, 90;
-30, 245, 20, -196, -555, -317, -119, 958, 79;
-31, 246, 19, -169, -568, -324, -124, 961, 74;
-30, 250, 20, -124, -562, -321, -118, 975, 79;
-28, 254, 22, -76, -552, -317, -111, 990, 86;
-26, 258, 23, -28, -542, -312, -103, 1006, 93;
-30, 256, 19, -16, -566, -324, -118, 999, 77;
-27, 261, 22, 37, -548, -315, -106, 1018, 87;
-36, 253, 12, 14, -604, -343, -142, 989, 49;
-29, 262, 19, 93, -557, -319, -113, 1024, 75;
-35, 257, 12, 85, -596, -338, -139, 1005, 47;
-35, 259, 11, 120, -591, -335, -137, 1012, 46;
-34, 261, 11, 155, -583, -331, -136, 1020, 44;
-29, 268, 15, 218, -546, -312, -115, 1046, 61;
-31, 268, 13, 240, -549, -313, -120, 1045, 52;
-33, 266, 9, 252, -559, -317, -131, 1039, 38;
-32, 269, 10, 291, -542, -308, -124, 1050, 40;
-23, 279, 18, 373, -478, -275, -90, 1089, 70;
-21, 281, 18, 407, -461, -266, -85, 1097, 70;
-25, 279, 13, 412, -471, -270, -97, 1088, 53;
-26, 278, 10, 427, -470, -268, -102, 1086, 42;
-27, 278, 8, 444, -464, -264, -106, 1084, 33;
-18, 287, 15, 518, -399, -230, -72, 1120, 60;
-21, 284, 11, 520, -404, -231, -83, 1111, 44;
-22, 283, 8, 530, -400, -228, -88, 1106, 32;
-18, 288, 10, 572, -360, -207, -72, 1123, 42;
-19, 287, 8, 581, -352, -201, -75, 1120, 32;
-19, 286, 6, 592, -341, -194, -77, 1118, 23;
-11, 294, 12, 653, -277, -160, -46, 1147, 47;
-18, 287, 3, 623, -301, -171, -71, 1121, 15;
-10, 295, 10, 683, -233, -135, -39, 1152, 40;
-15, 289, 2, 653, -254, -144, -62, 1127, 9;
-15, 289, 1, 663, -233, -131, -58, 1128, 5;
-7, 296, 6, 714, -169, -98, -29, 1154, 26;
-9, 293, 3, 706, -161, -92, -35, 1145, 13;
-10, 290, 0, 694, -156, -87, -42, 1134, -2;
-3, 297, 4, 739, -93, -54, -13, 1159, 18;
-3, 295, 2, 733, -77, -44, -15, 1153, 9;
-5, 292, -1, 715, -72, -40, -23, 1140, -6;
3, 300, 5, 768, 4, 0, 13, 1172, 22;
0, 295, 0, 736, -1, 0, 0, 1152, 0;
0, 293, -3, 721, 11, 7, -3, 1143, -11;
0, 292, -3, 718, 37, 22, 1, 1142, -14;
1, 291, -5, 709, 60, 35, 4, 1138, -20;
9, 298, 0, 744, 127, 71, 35, 1162, 3;
2, 289, -7, 688, 104, 61, 10, 1130, -30;
4, 289, -7, 681, 133, 78, 17, 1130, -31;
12, 296, -1, 714, 202, 114, 50, 1155, -6;
14, 295, -2, 702, 228, 129, 55, 1152, -8;
16, 295, -1, 695, 259, 146, 64, 1153, -7;
14, 291, -5, 659, 262, 149, 56, 1137, -22;
19, 294, -2, 664, 308, 174, 75, 1147, -11;
17, 290, -6, 628, 312, 178, 68, 1132, -24;
16, 287, -9, 594, 320, 183, 64, 1119, -36;
19, 287, -8, 583, 351, 201, 75, 1120, -32;
20, 286, -8, 563, 375, 214, 81, 1117, -33;
19, 282, -11, 523, 378, 217, 75, 1102, -46;
26, 287, -6, 537, 436, 247, 103, 1121, -24;
28, 287, -5, 518, 460, 261, 110, 1119, -23;
28, 285, -6, 489, 475, 269, 112, 1112, -26;
27, 281, -10, 444, 475, 270, 105, 1096, -39;
29, 281, -9, 425, 499, 284, 114, 1096, -35;
26, 276, -13, 373, 492, 281, 104, 1076, -51;
29, 276, -11, 357, 519, 295, 115, 1079, -44;
24, 269, -17, 289, 494, 284, 95, 1049, -69;
26, 269, -16, 267, 515, 295, 103, 1049, -65;
28, 268, -15, 244, 534, 305, 111, 1048, -61;
25, 263, -19, 189, 521, 299, 99, 1027, -77;
27, 263, -19, 163, 536, 307, 106, 1025, -74;
33, 266, -13, 166, 578, 329, 130, 1041, -54;
28, 260, -19, 100, 551, 316, 111, 1014, -75;
28, 257, -20, 63, 552, 317, 110, 1005, -78;
27, 255, -21, 25, 551, 316, 108, 996, -82;
30, 256, -19, 6, 568, 325, 119, 999, -74;
33, 257, -16, -8, 588, 335, 131, 1004, -63;
35, 257, -15, -33, 596, 339, 137, 1003, -59;
33, 253, -17, -77, 584, 332, 130, 990, -67;
29, 248, -21, -133, 558, 319, 116, 969, -82;
29, 246, -21, -169, 551, 315, 113, 961, -84;
34, 250, -16, -168, 579, 329, 134, 975, -64;
28, 242, -22, -237, 536, 307, 110, 947, -88;
27, 241, -23, -270, 527, 301, 108, 939, -89;
31, 243, -19, -277, 541, 308, 121, 948, -75;
26, 237, -23, -333, 506, 290, 104, 927, -91;
25, 235, -24, -370, 487, 279, 97, 916, -97;
25, 234, -24, -393, 480, 275, 99, 914, -94;
26, 235, -22, -409, 480, 273, 104, 917, -86;
21, 229, -26, -462, 438, 252, 85, 895, -103;
29, 236, -18, -438, 473, 268, 113, 922, -72;
23, 230, -23, -492, 428, 244, 93, 899, -90;
25, 231, -20, -501, 425, 241, 99, 904, -81;
23, 229, -22, -531, 399, 227, 90, 895, -86;
22, 228, -22, -553, 380, 216, 87, 891, -86;
18, 224, -24, -590, 343, 196, 72, 877, -97;
17, 223, -25, -613, 319, 182, 66, 871, -99;
20, 227, -20, -600, 328, 185, 81, 887, -80;
15, 222, -24, -643, 279, 159, 60, 867, -96;
15, 222, -23, -652, 262, 149, 60, 869, -92;
13, 221, -24, -671, 233, 133, 52, 863, -96;
7, 216, -28, -710, 182, 105, 30, 844, -112;
6, 216, -28, -718, 160, 92, 27, 843, -111;
9, 219, -24, -705, 157, 89, 36, 856, -97;
7, 218, -25, -715, 129, 73, 29, 853, -98;
5, 217, -26, -728, 97, 55, 20, 848, -102;
9, 222, -20, -699, 103, 57, 35, 868, -81;
2, 217, -26, -737, 43, 24, 8, 846, -103;
-2, 213, -29, -759, -4, 0, -9, 833, -115;
0, 217, -25, -733, -5, -3, 0, 849, -99;
-1, 218, -25, -731, -30, -18, -4, 850, -98;
-5, 215, -27, -743, -73, -41, -20, 841, -108;
-3, 219, -24, -720, -81, -47, -13, 854, -96;
-10, 213, -30, -747, -141, -79, -40, 834, -117;
-7, 218, -25, -711, -139, -79, -28, 854, -99;
-12, 215, -29, -726, -190, -107, -49, 840, -114;
-14, 215, -29, -719, -219, -123, -56, 840, -115;
-11, 220, -25, -679, -217, -124, -45, 859, -98;
-12, 222, -24, -659, -236, -135, -47, 866, -94;
-18, 217, -29, -678, -294, -166, -73, 848, -115;
-11, 227, -20, -606, -263, -152, -44, 885, -80;
-14, 226, -21, -596, -295, -170, -54, 884, -85;
-14, 228, -20, -570, -310, -179, -55, 892, -80;
-14, 230, -19, -544, -327, -189, -56, 900, -76;
-15, 231, -19, -522, -348, -201, -61, 904, -76;
-22, 227, -24, -532, -401, -229, -86, 888, -96;
-25, 226, -26, -523, -436, -248, -100, 884, -104;
-28, 226, -28, -505, -463, -262, -109, 883, -109;
-21, 235, -20, -431, -432, -248, -83, 919, -78;
-24, 234, -22, -419, -465, -266, -97, 914, -87;
-22, 239, -18, -367, -456, -262, -85, 935, -71;
-27, 237, -22, -365, -498, -284, -106, 924, -88;
-28, 238, -22, -337, -513, -293, -110, 929, -88;
-29, 239, -23, -311, -530, -302, -116, 932, -90;
-30, 240, -23, -280, -542, -309, -119, 938, -89;
-30, 242, -22, -246, -550, -313, -120, 945, -87;
-29, 246, -20, -200, -545, -312, -113, 960, -78;
-33, 244, -23, -191, -576, -328, -130, 952, -91;
-30, 249, -19, -135, -561, -320, -118, 972, -76;
-28, 253, -17, -89, -553, -317, -112, 987, -67;
-26, 257, -14, -38, -540, -311, -102, 1004, -56;
-35, 250, -22, -58, -596, -339, -136, 978, -88;
-33, 253, -21, -16, -589, -335, -132, 990, -82;
-31, 258, -17, 36, -571, -326, -121, 1008, -69;
-30, 261, -16, 76, -564, -323, -117, 1018, -64;
-26, 266, -12, 134, -536, -309, -101, 1040, -47;
-30, 263, -16, 137, -563, -322, -120, 1028, -65;
-31, 264, -17, 165, -564, -322, -123, 1031, -67;
-31, 266, -16, 200, -556, -317, -121, 1039, -64;
-34, 263, -20, 206, -575, -326, -135, 1029, -79;
-26, 273, -11, 290, -514, -295, -102, 1067, -45;
-30, 270, -16, 288, -538, -306, -120, 1053, -64;
-32, 269, -18, 305, -540, -306, -127, 1051, -71;
-29, 273, -15, 352, -511, -291, -114, 1067, -59;
-22, 281, -8, 417, -461, -265, -89, 1095, -35;
-21, 283, -7, 450, -442, -255, -83, 1104, -30;
-24, 280, -11, 452, -453, -259, -96, 1093, -44;
-22, 283, -9, 489, -425, -243, -86, 1105, -35;
-20, 285, -8, 518, -404, -232, -80, 1112, -32;
-25, 281, -13, 507, -421, -239, -98, 1096, -51;
-16, 290, -4, 581, -351, -202, -63, 1132, -18;
-16, 289, -5, 593, -341, -196, -65, 1130, -22;
-14, 292, -3, 624, -309, -179, -54, 1140, -14;
-19, 287, -9, 603, -327, -186, -75, 1119, -37;
-12, 293, -3, 656, -270, -155, -48, 1145, -13;
-10, 295, -2, 677, -242, -140, -41, 1150, -8;
-13, 292, -5, 669, -242, -138, -51, 1139, -21;
-14, 289, -7, 663, -237, -134, -57, 1130, -31;
-9, 294, -2, 703, -184, -106, -35, 1149, -11;
-4, 298, 1, 737, -136, -80, -16, 1166, 4;
-4, 297, 0, 734, -122, -71, -18, 1160, 0;
-7, 293, -3, 715, -123, -70, -29, 1145, -14;
-1, 298, 0, 747, -70, -41, -7, 1162, 3;
-7, 291, -5, 708, -87, -48, -28, 1136, -20;
-3, 293, -2, 725, -47, -26, -14, 1145, -10;
0, 296, 0, 740, -6, -3, 0, 1154, 0;
-3, 291, -3, 709, -9, -3, -13, 1135, -15;
0, 292, -1, 719, 28, 17, 0, 1142, -6;
0, 291, -2, 704, 45, 27, -1, 1134, -10;
3, 292, 0, 712, 84, 49, 12, 1141, 0;
8, 296, 4, 732, 137, 77, 34, 1156, 18;
7, 293, 2, 707, 147, 84, 29, 1145, 11;
11, 295, 5, 711, 187, 106, 44, 1151, 22;
10, 292, 3, 683, 196, 112, 39, 1138, 14;
10, 290, 3, 663, 214, 123, 40, 1132, 12;
11, 288, 3, 645, 235, 135, 43, 1126, 12;
15, 290, 6, 647, 277, 158, 59, 1134, 26;
17, 291, 8, 638, 309, 175, 69, 1136, 33;
22, 293, 12, 641, 353, 199, 88, 1145, 49;
14, 283, 4, 563, 318, 183, 57, 1105, 15;
22, 288, 11, 582, 379, 215, 86, 1126, 42;
22, 286, 10, 553, 394, 224, 87, 1118, 41;
21, 283, 9, 516, 400, 229, 83, 1105, 36;
21, 281, 8, 486, 414, 237, 84, 1096, 34;
26, 284, 13, 486, 458, 260, 104, 1107, 53;
29, 284, 16, 473, 489, 277, 116, 1110, 64;
23, 275, 9, 397, 457, 262, 90, 1075, 37;
22, 272, 8, 357, 460, 265, 86, 1062, 32;
30, 278, 16, 373, 520, 296, 118, 1084, 62;
31, 276, 17, 344, 535, 304, 122, 1079, 66;
25, 268, 11, 273, 507, 291, 100, 1048, 44;
33, 274, 19, 289, 565, 321, 132, 1071, 75;
33, 271, 18, 248, 565, 321, 128, 1059, 72;
31, 267, 16, 199, 558, 318, 121, 1043, 65;
27, 261, 13, 141, 540, 310, 107, 1021, 51;
26, 258, 12, 98, 536, 308, 102, 1008, 47;
30, 260, 16, 89, 566, 324, 119, 1017, 65;
28, 257, 15, 42, 556, 319, 112, 1002, 59;
29, 256, 16, 13, 564, 322, 116, 998, 65;
36, 260, 23, 17, 603, 342, 140, 1015, 90;
26, 249, 14, -74, 544, 313, 104, 973, 57;
31, 252, 19, -80, 570, 326, 121, 983, 76;
35, 254, 24, -87, 594, 337, 138, 993, 94;
31, 249, 21, -143, 567, 323, 123, 972, 82;
29, 245, 19, -192, 547, 313, 113, 956, 75;
26, 241, 17, -238, 526, 302, 103, 941, 68;
24, 238, 16, -279, 510, 293, 96, 929, 64;
27, 239, 20, -292, 520, 298, 106, 935, 78;
27, 238, 20, -321, 511, 292, 105, 929, 81;
29, 239, 24, -333, 518, 295, 115, 935, 94;
29, 239, 25, -357, 511, 291, 116, 933, 99;
24, 232, 20, -418, 465, 267, 93, 907, 81;
27, 235, 25, -419, 477, 272, 107, 918, 99;
23, 230, 22, -468, 441, 252, 91, 900, 87;
25, 232, 26, -472, 445, 253, 101, 908, 102;
23, 229, 24, -510, 415, 237, 89, 895, 95;
25, 231, 28, -514, 416, 236, 98, 903, 109;
17, 223, 21, -580, 352, 202, 67, 871, 83;
23, 229, 28, -558, 376, 213, 90, 894, 111;
14, 221, 21, -623, 310, 178, 58, 862, 84;
13, 219, 21, -645, 284, 164, 51, 856, 83;
20, 227, 30, -610, 314, 177, 79, 885, 117;
10, 217, 21, -682, 234, 136, 39, 847, 83;
14, 222, 27, -662, 246, 139, 56, 866, 105;
7, 215, 21, -714, 182, 106, 27, 840, 82;
5, 214, 21, -725, 158, 92, 22, 838, 83;
12, 222, 29, -683, 184, 103, 49, 868, 116;
2, 213, 20, -748, 102, 60, 9, 831, 81;
8, 220, 28, -710, 122, 68, 31, 858, 110;
3, 216, 25, -736, 74, 43, 13, 844, 98;
4, 219, 27, -723, 64, 36, 18, 854, 108;
-1, 214, 23, -753, 10, 7, -4, 836, 91;
2, 219, 28, -723, 14, 7, 9, 856, 111;
-4, 214, 23, -755, -46, -24, -17, 835, 90;
-7, 212, 21, -763, -83, -45, -29, 829, 83;
-9, 212, 21, -760, -111, -61, -36, 829, 82;
-10, 212, 21, -756, -138, -77, -42, 830, 81;
-11, 213, 21, -745, -162, -90, -46, 833, 83;
-6, 220, 28, -694, -146, -84, -25, 861, 109;
-10, 219, 25, -697, -185, -106, -39, 855, 100;
-8, 222, 28, -667, -192, -111, -33, 869, 111;
-12, 220, 25, -672, -235, -134, -50, 860, 99;
-12, 223, 27, -645, -249, -143, -48, 870, 106;
-17, 220, 23, -652, -295, -168, -67, 860, 91;
-11, 228, 29, -592, -277, -160, -46, 889, 116;
-18, 224, 24, -605, -331, -189, -71, 873, 96;
-20, 224, 23, -589, -357, -204, -78, 875, 92;
-17, 229, 27, -540, -351, -202, -66, 896, 108;
-18, 230, 27, -519, -374, -215, -72, 900, 106;
-17, 233, 28, -484, -382, -220, -69, 911, 112;
-25, 228, 21, -501, -443, -252, -100, 890, 84;
-24, 231, 23, -462, -448, -256, -96, 903, 91;
-28, 230, 20, -452, -482, -274, -110, 898, 79;
-29, 231, 19, -428, -502, -285, -116, 901, 75;
-24, 238, 24, -361, -479, -275, -96, 930, 97;
-25, 240, 24, -330, -492, -282, -98, 937, 96;
-32, 235, 17, -341, -546, -310, -127, 917, 68;
-29, 241, 21, -283, -531, -303, -113, 940, 84;
-28, 243, 22, -244, -534, -306, -112, 951, 86;
-30, 244, 20, -222, -553, -316, -120, 951, 78;
-34, 242, 16, -209, -581, -330, -134, 945, 64;
-35, 244, 15, -177, -589, -334, -136, 951, 62;
-31, 249, 19, -119, -571, -325, -123, 973, 74;
-32, 250, 17, -91, -581, -331, -128, 976, 69;
-34, 251, 16, -63, -589, -335, -132, 979, 63;
-34, 252, 15, -33, -595, -338, -136, 983, 58;
-30, 258, 18, 27, -569, -325, -119, 1007, 73;
-32, 257, 16, 48, -581, -331, -127, 1006, 63;
-34, 258, 14, 73, -588, -335, -133, 1007, 55;
-32, 261, 15, 115, -576, -328, -127, 1019, 58;
-35, 260, 11, 131, -589, -334, -137, 1015, 45;
-29, 267, 17, 202, -546, -312, -113, 1044, 66;
-33, 264, 11, 205, -568, -322, -130, 1033, 46;
-33, 266, 10, 236, -561, -318, -129, 1038, 42;
-30, 269, 12, 279, -539, -307, -120, 1052, 47;
-28, 273, 13, 320, -518, -296, -112, 1064, 51;
-24, 277, 15, 372, -486, -278, -96, 1084, 62;
-30, 273, 9, 364, -510, -290, -117, 1066, 36;
-28, 276, 9, 399, -489, -278, -110, 1076, 38;
-27, 277, 8, 425, -475, -270, -108, 1081, 35;
-25, 280, 9, 461, -450, -256, -99, 1092, 38;
-18, 287, 15, 527, -393, -227, -71, 1122, 60;
-26, 279, 5, 493, -433, -245, -104, 1090, 21;
-25, 281, 5, 518, -413, -234, -99, 1096, 19;
-21, 284, 7, 557, -377, -214, -85, 1110, 27;
-17, 289, 9, 598, -335, -192, -68, 1127, 37;
-22, 283, 2, 579, -353, -199, -87, 1107, 10;
-21, 285, 2, 599, -329, -186, -82, 1111, 9;
-15, 290, 5, 642, -280, -159, -61, 1131, 22;
-16, 289, 3, 646, -268, -152, -63, 1127, 13;
-15, 289, 2, 660, -244, -138, -58, 1130, 10;
-9, 294, 6, 699, -193, -111, -37, 1148, 23;
-13, 289, 0, 677, -201, -113, -52, 1130, 0;
-5, 297, 6, 731, -131, -76, -20, 1159, 25;
-3, 298, 6, 740, -104, -61, -13, 1162, 24;
-7, 292, 0, 713, -111, -62, -29, 1142, 0;
-4, 294, 0, 727, -76, -43, -17, 1149, 3;
-1, 296, 1, 739, -41, -23, -7, 1154, 6;
1, 297, 2, 750, -5, -3, 4, 1160, 9;
-3, 291, -4, 710, -18, -8, -15, 1135, -17;
6, 300, 3, 764, 64, 34, 25, 1170, 14;
8, 300, 3, 765, 95, 52, 33, 1172, 14;
6, 296, 0, 737, 99, 55, 24, 1156, -2;
11, 299, 2, 754, 148, 82, 44, 1169, 9;
11, 298, 0, 740, 168, 94, 46, 1163, 3;
11, 296, -1, 719, 183, 103, 44, 1155, -6;
14, 297, 0, 720, 220, 124, 57, 1160, -1;
13, 294, -3, 693, 231, 131, 54, 1148, -12;
10, 288, -8, 649, 225, 130, 40, 1126, -33;
18, 294, -2, 676, 292, 165, 72, 1150, -9;
12, 286, -10, 614, 271, 156, 49, 1119, -39;
16, 288, -7, 613, 312, 178, 65, 1126, -30;
13, 283, -12, 566, 306, 177, 52, 1104, -50;
14, 282, -13, 545, 328, 189, 57, 1100, -52;
20, 285, -9, 552, 378, 216, 80, 1114, -36;
17, 279, -14, 500, 370, 213, 67, 1091, -56;
25, 285, -8, 519, 432, 246, 98, 1113, -31;
28, 286, -5, 510, 467, 264, 112, 1118, -23;
25, 280, -11, 454, 455, 260, 98, 1095, -43;
20, 273, -17, 391, 436, 251, 79, 1067, -67;
26, 277, -12, 397, 486, 277, 104, 1083, -47;
29, 278, -10, 380, 512, 292, 115, 1084, -42;
24, 270, -17, 310, 486, 280, 93, 1054, -68;
29, 273, -13, 309, 529, 301, 115, 1066, -51;
27, 269, -16, 261, 523, 299, 107, 1049, -63;
31, 271, -13, 250, 554, 316, 123, 1056, -51;
28, 265, -17, 193, 538, 308, 109, 1034, -69;
33, 268, -13, 191, 576, 328, 130, 1047, -51;
32, 265, -15, 146, 572, 326, 125, 1033, -59;
28, 259, -19, 89, 553, 317, 112, 1012, -75;
28, 257, -20, 50, 552, 317, 110, 1002, -80;
29, 256, -19, 23, 562, 322, 115, 1000, -77;
30, 255, -19, -6, 567, 324, 118, 995, -76;
34, 258, -15, -11, 595, 338, 136, 1006, -59;
35, 256, -15, -42, 598, 339, 138, 1002, -58;
27, 247, -23, -127, 544, 312, 106, 963, -91;
27, 245, -23, -160, 540, 310, 106, 957, -92;
25, 242, -25, -201, 528, 304, 100, 946, -98;
28, 244, -22, -214, 542, 310, 111, 951, -87;
27, 241, -23, -250, 531, 304, 108, 943, -90;
26, 239, -23, -286, 518, 297, 104, 934, -93;
24, 235, -26, -332, 494, 284, 93, 919, -103;
23, 234, -26, -359, 486, 279, 93, 915, -102;
24, 234, -25, -380, 483, 277, 96, 914, -97;
23, 232, -26, -414, 465, 267, 91, 905, -101;
26, 235, -22, -416, 476, 271, 104, 916, -85;
27, 235, -20, -433, 472, 268, 108, 918, -79;
27, 234, -20, -459, 456, 259, 105, 913, -80;
18, 225, -28, -530, 392, 226, 73, 879, -109;
26, 232, -19, -501, 427, 242, 102, 907, -77;
18, 224, -26, -565, 366, 210, 73, 877, -103;
22, 229, -21, -555, 378, 215, 88, 893, -83;
15, 221, -28, -618, 315, 182, 58, 863, -110;
15, 221, -26, -626, 304, 174, 60, 865, -104;
11, 217, -30, -665, 261, 151, 43, 849, -117;
19, 226, -20, -621, 299, 168, 76, 884, -79;
11, 218, -27, -680, 231, 133, 44, 853, -107;
11, 219, -25, -683, 217, 124, 45, 857, -100;
9, 218, -26, -699, 189, 108, 38, 853, -103;
12, 222, -22, -684, 189, 106, 48, 866, -88;
6, 217, -27, -721, 135, 78, 26, 847, -105;
8, 220, -23, -706, 132, 74, 34, 860, -91;
8, 220, -22, -708, 109, 61, 31, 861, -89;
4, 218, -24, -725, 70, 39, 18, 852, -97;
1, 217, -26, -737, 34, 19, 6, 846, -102;
0, 216, -27, -745, 1, 1, -2, 842, -106;
3, 221, -21, -710, 8, 2, 12, 863, -85;
-7, 212, -30, -763, -73, -40, -27, 829, -119;
-2, 218, -24, -722, -62, -36, -9, 854, -95;
-6, 216, -27, -733, -105, -59, -25, 845, -105;
-5, 219, -24, -713, -118, -68, -22, 855, -97;
-8, 218, -25, -711, -151, -86, -32, 852, -101;
-13, 215, -29, -723, -199, -112, -51, 840, -114;
-11, 219, -26, -693, -206, -117, -45, 854, -102;
-17, 215, -30, -706, -257, -145, -67, 841, -118;
-14, 220, -26, -668, -258, -147, -57, 858, -103;
-10, 226, -20, -616, -245, -142, -40, 884, -79;
-17, 221, -26, -636, -307, -175, -68, 864, -102;
-17, 224, -24, -607, -319, -182, -67, 875, -95;
-14, 229, -20, -560, -315, -182, -55, 895, -78;
-16, 229, -21, -548, -346, -199, -65, 894, -83;
-25, 223, -28, -570, -410, -233, -97, 871, -110;
-26, 223, -28, -551, -435, -246, -105, 873, -112;
-26, 227, -26, -514, -442, -251, -101, 885, -104;
-26, 228, -26, -487, -459, -261, -104, 891, -102;
-22, 235, -20, -425, -441, -253, -86, 919, -80;
-30, 229, -27, -442, -502, -285, -118, 896, -107;
-30, 232, -26, -408, -511, -290, -118, 905, -103;
-25, 239, -20, -342, -489, -280, -99, 934, -79;
-29, 237, -23, -333, -524, -298, -115, 927, -91;
-27, 242, -20, -283, -517, -296, -106, 945, -79;
-27, 244, -20, -251, -527, -302, -108, 951, -78;
-34, 239, -25, -256, -574, -326, -134, 934, -100;
-33, 242, -24, -215, -574, -326, -131, 946, -94;
-28, 250, -17, -145, -544, -312, -109, 976, -70;
-30, 250, -19, -123, -562, -321, -118, 975, -76;
-27, 255, -15, -67, -543, -312, -105, 996, -60;
-26, 258, -14, -26, -540, -311, -102, 1007, -55;
-33, 252, -21, -39, -589, -335, -132, 985, -83;
-32, 255, -19, 4, -581, -331, -126, 997, -76;
-26, 263, -12, 77, -541, -311, -102, 1028, -50;
-26, 265, -12, 110, -540, -310, -103, 1035, -49;
-31, 262, -17, 114, -567, -324, -121, 1023, -66;
-33, 261, -19, 132, -578, -329, -130, 1020, -74;
-25, 270, -11, 211, -527, -303, -100, 1055, -44;
-27, 270, -12, 235, -530, -304, -105, 1056, -49;
-29, 269, -15, 247, -541, -309, -116, 1050, -59;
-25, 274, -11, 302, -510, -292, -100, 1070, -44;
-32, 269, -18, 288, -544, -309, -126, 1049, -70;
-30, 272, -15, 329, -522, -297, -117, 1062, -62;
-23, 280, -9, 399, -469, -270, -90, 1092, -35;
-27, 276, -13, 396, -488, -278, -107, 1078, -53;
-21, 283, -7, 460, -437, -251, -82, 1106, -29;
-24, 280, -11, 461, -447, -255, -95, 1095, -44;
-19, 286, -6, 512, -406, -233, -76, 1116, -26;
-19, 286, -6, 533, -391, -225, -75, 1119, -26;
-19, 286, -7, 549, -380, -218, -76, 1118, -29;
-19, 287, -7, 567, -366, -209, -75, 1120, -31;
-17, 288, -6, 592, -342, -196, -69, 1126, -27;
-21, 284, -11, 580, -353, -200, -84, 1110, -45;
-12, 293, -3, 648, -281, -162, -49, 1145, -12;
-12, 293, -4, 657, -268, -154, -50, 1142, -16;
-19, 286, -11, 625, -291, -164, -75, 1116, -43;
-12, 292, -4, 676, -232, -132, -47, 1141, -18;
-9, 294, -2, 699, -197, -114, -36, 1150, -10;
-11, 292, -5, 689, -194, -110, -44, 1139, -21;
-3, 298, 1, 739, -129, -76, -15, 1165, 4;
-11, 289, -7, 688, -163, -91, -46, 1130, -30;
-9, 291, -6, 702, -129, -72, -36, 1136, -23;
0, 299, 2, 759, -51, -31, 1, 1169, 11;
-4, 293, -2, 724, -64, -36, -17, 1145, -11;
-1, 295, 0, 739, -24, -14, -4, 1154, 0;
0, 295, 0, 736, -1, 0, 0, 1152, 0;
-3, 290, -4, 705, -4, 0, -13, 1133, -17;
2, 295, 0, 731, 51, 29, 9, 1150, 3;
1, 291, -1, 709, 60, 35, 4, 1138, -5;
6, 295, 2, 725, 108, 61, 23, 1150, 10;
6, 293, 2, 713, 130, 74, 26, 1146, 9;
8, 293, 3, 706, 158, 90, 32, 1145, 13;
14, 297, 8, 723, 211, 118, 55, 1160, 32;
15, 296, 8, 710, 235, 132, 60, 1157, 34;
11, 291, 4, 665, 229, 131, 45, 1134, 17;
12, 289, 4, 648, 251, 144, 50, 1130, 18;
12, 287, 3, 620, 263, 152, 47, 1120, 13;
20, 293, 11, 649, 333, 188, 81, 1145, 44;
22, 292, 11, 629, 355, 201, 86, 1141, 46;
15, 283, 4, 556, 325, 187, 58, 1104, 16;
21, 287, 9, 566, 377, 215, 82, 1119, 38;
18, 282, 6, 519, 374, 215, 72, 1099, 25;
23, 284, 10, 517, 416, 237, 90, 1109, 42;
26, 285, 14, 508, 451, 256, 104, 1114, 55;
22, 278, 8, 446, 433, 248, 86, 1086, 35;
29, 283, 15, 458, 489, 277, 114, 1105, 61;
23, 275, 9, 388, 462, 265, 91, 1073, 37;
24, 273, 10, 358, 476, 273, 94, 1067, 39;
28, 275, 14, 352, 514, 293, 112, 1076, 57;
28, 273, 14, 314, 520, 297, 111, 1065, 55;
31, 274, 17, 300, 548, 311, 124, 1069, 67;
33, 273, 18, 272, 562, 319, 129, 1065, 72;
25, 263, 10, 188, 519, 299, 99, 1027, 42;
26, 262, 12, 160, 532, 306, 104, 1023, 48;
30, 264, 16, 150, 562, 321, 120, 1031, 64;
28, 260, 14, 101, 552, 316, 112, 1015, 57;
30, 259, 16, 74, 564, 322, 117, 1012, 64;
28, 256, 15, 29, 555, 318, 111, 999, 59;
35, 261, 22, 37, 599, 340, 138, 1018, 87;
32, 255, 19, -18, 578, 330, 125, 998, 76;
31, 253, 19, -57, 572, 326, 122, 988, 75;
31, 251, 19, -90, 570, 326, 122, 981, 77;
29, 248, 18, -134, 557, 319, 115, 969, 73;
33, 250, 23, -142, 578, 329, 130, 978, 91;
27, 243, 18, -210, 537, 308, 107, 949, 70;
34, 249, 26, -197, 576, 327, 135, 971, 101;
32, 246, 25, -238, 559, 317, 128, 959, 97;
30, 242, 23, -281, 537, 306, 119, 946, 92;
29, 240, 23, -317, 522, 297, 114, 937, 90;
29, 239, 24, -344, 513, 292, 113, 932, 94;
29, 239, 25, -365, 509, 289, 116, 932, 101;
30, 239, 28, -383, 505, 286, 120, 933, 109;
22, 230, 21, -456, 445, 255, 89, 899, 82;
18, 226, 18, -502, 409, 236, 74, 882, 71;
27, 234, 28, -468, 452, 256, 108, 914, 110;
18, 224, 20, -546, 381, 219, 71, 876, 79;
17, 224, 21, -566, 365, 210, 69, 873, 82;
24, 230, 29, -538, 395, 223, 96, 900, 114;
15, 222, 21, -608, 325, 187, 61, 866, 84;
17, 223, 24, -613, 319, 182, 66, 871, 95;
13, 220, 22, -644, 284, 163, 54, 859, 88;
19, 226, 29, -620, 301, 170, 74, 881, 114;
11, 219, 23, -673, 241, 138, 46, 855, 92;
17, 225, 30, -647, 257, 145, 67, 878, 118;
6, 215, 21, -716, 176, 102, 26, 840, 83;
7, 217, 23, -714, 164, 94, 29, 846, 92;
6, 217, 24, -720, 142, 81, 26, 846, 95;
1, 213, 20, -751, 93, 55, 7, 831, 81;
6, 219, 27, -718, 106, 60, 26, 854, 106;
3, 216, 25, -736, 67, 38, 12, 845, 98;
2, 217, 26, -732, 47, 27, 11, 849, 103;
1, 217, 26, -735, 19, 11, 4, 848, 102;
4, 222, 31, -704, 23, 11, 18, 867, 122;
0, 219, 28, -721, -21, -13, 1, 856, 110;
1, 222, 30, -703, -32, -20, 5, 866, 120;
-7, 215, 23, -741, -102, -57, -27, 840, 93;
-2, 221, 29, -698, -92, -54, -9, 865, 116;
-4, 221, 28, -695, -123, -72, -18, 863, 112;
-7, 220, 27, -696, -160, -92, -30, 858, 105;
-8, 221, 27, -682, -182, -105, -34, 863, 107;
-12, 219, 24, -687, -225, -128, -50, 855, 96;
-10, 223, 27, -652, -229, -132, -42, 871, 108;
-13, 223, 26, -642, -259, -148, -51, 870, 104;
-18, 220, 22, -651, -308, -175, -72, 858, 88;
-16, 224, 25, -611, -309, -177, -64, 875, 100;
-22, 220, 21, -620, -360, -204, -86, 861, 82;
-16, 229, 28, -554, -337, -194, -63, 893, 109;
-19, 228, 25, -546, -372, -213, -76, 889, 99;
-24, 225, 21, -545, -414, -235, -94, 880, 84;
-19, 232, 27, -484, -398, -228, -76, 907, 106;
-20, 234, 27, -457, -414, -238, -79, 913, 105;
-22, 234, 25, -436, -437, -251, -87, 915, 101;
-29, 230, 19, -445, -490, -278, -113, 898, 77;
-27, 233, 21, -404, -493, -281, -108, 912, 83;
-30, 233, 19, -386, -519, -295, -119, 910, 74;
-27, 238, 22, -332, -508, -290, -107, 932, 88;
-25, 243, 24, -286, -505, -290, -100, 947, 96;
-26, 244, 24, -256, -518, -297, -104, 953, 93;
-30, 243, 20, -242, -546, -311, -117, 948, 80;
-35, 240, 15, -238, -583, -330, -137, 937, 61;
-30, 247, 20, -172, -558, -318, -119, 964, 79;
-26, 253, 24, -113, -538, -309, -104, 987, 94;
-33, 248, 16, -121, -585, -333, -131, 967, 66;
-27, 256, 23, -45, -547, -314, -106, 1000, 90;
-35, 249, 14, -63, -601, -341, -139, 974, 55;
-34, 253, 15, -17, -591, -336, -133, 988, 60;
-35, 254, 14, 10, -597, -339, -137, 992, 55;
-35, 255, 13, 42, -598, -339, -138, 997, 51;
-27, 265, 20, 125, -546, -313, -107, 1035, 80;
-30, 263, 16, 137, -564, -322, -120, 1028, 64;
-26, 269, 20, 197, -532, -306, -103, 1051, 78;
-33, 264, 12, 186, -570, -324, -129, 1030, 49;
-34, 264, 10, 209, -572, -324, -134, 1031, 40;
-26, 273, 17, 290, -514, -295, -102, 1067, 68;
-30, 270, 12, 290, -536, -305, -119, 1054, 46;
-33, 269, 8, 302, -543, -308, -129, 1049, 33;
-28, 274, 11, 357, -506, -288, -110, 1071, 46;
-30, 273, 8, 367, -511, -290, -120, 1064, 32;
-27, 277, 10, 414, -478, -272, -105, 1082, 41;
-20, 284, 15, 477, -427, -246, -80, 1109, 60;
-27, 278, 7, 457, -457, -259, -106, 1086, 29;
-27, 278, 5, 476, -446, -253, -106, 1086, 22;
-17, 289, 14, 559, -369, -213, -66, 1128, 56;
-23, 282, 6, 535, -397, -225, -92, 1103, 24;
-14, 291, 13, 604, -329, -190, -58, 1137, 51;
-16, 290, 9, 608, -325, -186, -64, 1131, 38;
-20, 286, 4, 598, -333, -189, -78, 1116, 17;
-17, 288, 5, 624, -302, -171, -68, 1125, 20;
-10, 295, 10, 681, -239, -138, -39, 1153, 42;
-9, 295, 9, 690, -220, -127, -37, 1152, 36;
-11, 293, 5, 684, -217, -124, -45, 1142, 21;
-10, 293, 4, 695, -193, -110, -40, 1144, 18;
-13, 289, 0, 675, -198, -111, -54, 1127, -3;
-5, 297, 6, 731, -125, -72, -19, 1158, 23;
-4, 296, 4, 732, -106, -61, -18, 1155, 16;
-7, 292, 0, 714, -104, -58, -28, 1142, 0;
-5, 293, 0, 719, -76, -42, -21, 1143, -2;
0, 296, 1, 742, -29, -17, -3, 1156, 7;
-4, 291, -3, 712, -34, -17, -17, 1137, -14;
0, 295, -1, 733, 14, 8, 1, 1150, -3;
-1, 291, -5, 708, 18, 12, -6, 1135, -20;
8, 299, 2, 759, 99, 54, 32, 1168, 10;
10, 299, 2, 756, 128, 71, 39, 1169, 9;
10, 298, 0, 742, 147, 82, 40, 1163, 2;
3, 289, -8, 679, 119, 70, 12, 1127, -33;
9, 293, -4, 697, 173, 99, 35, 1142, -18;
6, 288, -9, 660, 173, 101, 24, 1124, -36;
12, 292, -5, 675, 225, 129, 47, 1139, -21;
11, 289, -8, 648, 238, 137, 44, 1128, -31;
17, 293, -4, 661, 291, 165, 68, 1143, -15;
16, 289, -7, 627, 298, 170, 62, 1129, -28;
18, 289, -7, 613, 326, 186, 70, 1128, -27;
21, 290, -5, 607, 362, 205, 84, 1133, -21;
23, 290, -5, 592, 389, 221, 92, 1132, -19;
22, 286, -8, 551, 392, 223, 86, 1116, -33;
17, 279, -14, 494, 378, 218, 69, 1091, -55;
25, 285, -8, 511, 439, 250, 100, 1112, -31;
24, 282, -10, 475, 447, 255, 97, 1100, -40;
25, 280, -11, 444, 460, 263, 98, 1092, -44;
30, 282, -7, 442, 502, 285, 118, 1103, -30;
23, 274, -15, 367, 471, 270, 93, 1068, -60;
28, 275, -12, 358, 506, 288, 109, 1075, -49;
30, 276, -11, 339, 530, 302, 119, 1076, -44;
30, 273, -12, 301, 535, 305, 117, 1066, -50;
30, 271, -13, 270, 546, 311, 120, 1060, -51;
29, 268, -15, 228, 545, 311, 116, 1047, -59;
32, 268, -13, 206, 565, 322, 125, 1047, -54;
34, 268, -12, 182, 581, 330, 132, 1046, -50;
26, 258, -21, 96, 534, 307, 101, 1007, -84;
33, 263, -14, 109, 585, 333, 131, 1029, -57;
30, 258, -18, 54, 568, 325, 119, 1009, -71;
32, 259, -16, 32, 583, 332, 128, 1010, -64;
29, 253, -20, -24, 561, 321, 114, 989, -80;
28, 251, -21, -60, 558, 319, 113, 981, -83;
26, 247, -23, -108, 542, 311, 104, 965, -93;
30, 250, -20, -116, 565, 323, 120, 975, -78;
29, 246, -21, -160, 551, 315, 113, 962, -85;
30, 246, -20, -182, 556, 317, 118, 962, -80;
34, 249, -16, -187, 577, 328, 135, 973, -63;
28, 241, -22, -259, 530, 303, 109, 942, -89;
27, 239, -23, -293, 518, 297, 105, 934, -91;
27, 238, -23, -320, 512, 293, 106, 930, -90;
30, 241, -19, -325, 526, 299, 120, 940, -75;
31, 241, -18, -346, 522, 296, 123, 939, -70;
23, 232, -25, -421, 463, 265, 92, 905, -99;
25, 233, -23, -434, 463, 264, 98, 909, -91;
19, 226, -28, -492, 416, 240, 75, 884, -111;
22, 229, -24, -493, 424, 243, 88, 895, -96;
22, 228, -24, -515, 410, 234, 86, 892, -94;
17, 223, -28, -564, 365, 210, 66, 871, -111;
25, 231, -19, -530, 403, 228, 98, 902, -76;
16, 222, -27, -598, 336, 193, 65, 869, -105;
21, 227, -21, -583, 350, 198, 83, 887, -84;
20, 227, -21, -598, 332, 188, 80, 886, -82;
17, 224, -23, -627, 297, 168, 68, 875, -90;
16, 223, -23, -644, 273, 155, 63, 871, -91;
13, 221, -24, -667, 241, 137, 53, 863, -96;
12, 221, -24, -679, 217, 123, 49, 861, -96;
7, 217, -28, -712, 171, 99, 30, 846, -109;
9, 219, -25, -706, 161, 92, 35, 854, -99;
3, 214, -29, -740, 110, 64, 13, 836, -115;
1, 213, -30, -754, 77, 46, 4, 831, -120;
5, 218, -24, -722, 88, 50, 22, 853, -96;
2, 217, -26, -734, 53, 30, 11, 847, -101;
-2, 213, -29, -759, 4, 4, -8, 833, -115;
0, 217, -26, -738, 0, 0, 0, 846, -102;
2, 220, -22, -714, -4, -4, 8, 861, -87;
-4, 215, -27, -744, -63, -35, -17, 841, -107;
-7, 214, -28, -747, -98, -54, -28, 837, -112;
-7, 216, -27, -733, -115, -65, -28, 844, -106;
-5, 220, -23, -702, -119, -69, -19, 860, -92;
-13, 213, -30, -739, -191, -106, -53, 833, -120;
-5, 224, -20, -666, -154, -90, -19, 874, -80;
-14, 217, -28, -702, -228, -129, -55, 847, -110;
-16, 217, -29, -694, -258, -146, -64, 846, -113;
-12, 223, -23, -646, -249, -143, -48, 870, -92;
-13, 224, -23, -626, -270, -155, -51, 875, -89;
-17, 222, -25, -627, -311, -177, -68, 868, -100;
-17, 225, -23, -597, -324, -185, -66, 878, -93;
-22, 222, -27, -601, -369, -210, -86, 867, -107;
-20, 225, -25, -564, -376, -214, -81, 881, -98;
-20, 228, -23, -531, -386, -221, -79, 892, -91;
-19, 231, -21, -495, -394, -226, -76, 904, -82;
-26, 227, -26, -503, -446, -253, -101, 889, -102;
-28, 228, -27, -483, -470, -267, -109, 890, -105;
-22, 236, -20, -414, -445, -255, -87, 921, -79;
-31, 229, -27, -435, -510, -289, -121, 896, -108;
-30, 232, -26, -398, -517, -293, -119, 907, -103;
-29, 236, -23, -353, -515, -293, -113, 923, -92;
-33, 234, -27, -346, -551, -312, -130, 915, -105;
-26, 244, -19, -265, -513, -294, -102, 951, -74;
-30, 242, -21, -253, -543, -310, -117, 945, -85;
-27, 246, -18, -204, -535, -306, -108, 962, -74;
-30, 246, -20, -184, -557, -318, -119, 961, -81;
-35, 243, -25, -179, -592, -336, -138, 950, -97;
-29, 252, -17, -103, -554, -317, -113, 983, -70;
-30, 253, -18, -73, -563, -322, -117, 987, -71;
-33, 251, -21, -62, -589, -335, -132, 980, -84;
-32, 254, -19, -19, -581, -331, -127, 992, -77;
-36, 252, -23, -7, -604, -343, -141, 985, -90;
-32, 258, -19, 49, -580, -331, -127, 1006, -74;
-29, 262, -15, 102, -559, -320, -115, 1025, -61;
-30, 263, -16, 127, -564, -322, -120, 1026, -65;
-25, 270, -11, 193, -527, -303, -99, 1053, -43;
-30, 266, -16, 192, -556, -317, -119, 1038, -63;
-25, 273, -10, 258, -515, -296, -97, 1065, -41;
-31, 267, -17, 246, -551, -313, -123, 1045, -66;
-29, 271, -14, 289, -530, -302, -114, 1058, -58;
-23, 277, -9, 351, -488, -280, -93, 1084, -37;
-32, 270, -18, 324, -533, -302, -126, 1054, -70;
-28, 275, -14, 375, -499, -284, -110, 1073, -56;
-30, 273, -16, 386, -502, -285, -118, 1068, -65;
-25, 279, -12, 438, -462, -264, -100, 1089, -48;
-28, 277, -15, 444, -467, -265, -110, 1081, -59;
-20, 285, -7, 513, -407, -234, -80, 1113, -30;
-18, 287, -6, 542, -385, -221, -73, 1120, -26;
-20, 286, -8, 549, -382, -218, -79, 1115, -34;
-21, 285, -10, 560, -373, -212, -82, 1112, -39;
-23, 283, -12, 563, -370, -210, -89, 1105, -48;
-22, 283, -12, 578, -354, -200, -88, 1106, -49;
-11, 294, -2, 659, -269, -156, -45, 1149, -8;
-11, 294, -3, 668, -254, -147, -45, 1147, -11;
-17, 288, -9, 642, -272, -154, -66, 1124, -35;
-13, 291, -6, 669, -235, -134, -53, 1135, -25;
-7, 296, -1, 712, -179, -104, -29, 1157, -4;
-12, 291, -6, 686, -191, -108, -46, 1136, -25;
-7, 294, -3, 714, -148, -85, -30, 1149, -11;
-10, 290, -6, 695, -149, -83, -41, 1134, -26;
-3, 296, 0, 738, -87, -50, -13, 1157, -1;
-1, 297, 0, 744, -59, -34, -7, 1159, 1;
-4, 293, -2, 724, -56, -31, -16, 1145, -10;
-1, 294, -1, 731, -23, -13, -7, 1149, -5;
-4, 290, -4, 708, -20, -9, -16, 1134, -17;
1, 294, 0, 732, 32, 18, 5, 1150, 0;
-1, 290, -3, 702, 32, 20, -5, 1133, -13;
1, 291, -1, 705, 66, 39, 4, 1136, -6;
3, 291, 0, 704, 98, 57, 13, 1138, 0;
3, 289, -1, 685, 113, 67, 12, 1130, -5;
11, 296, 6, 720, 184, 104, 45, 1155, 24;
13, 296, 7, 715, 215, 121, 54, 1157, 30;
8, 289, 1, 660, 198, 114, 33, 1128, 6;
12, 291, 5, 664, 241, 138, 50, 1136, 20;
17, 293, 8, 667, 283, 161, 66, 1144, 34;
11, 286, 2, 609, 266, 154, 46, 1115, 10;
22, 294, 12, 648, 346, 195, 86, 1147, 48;
17, 287, 7, 591, 331, 189, 68, 1120, 28;
22, 289, 11, 592, 375, 213, 87, 1129, 44;
15, 280, 4, 521, 347, 200, 61, 1095, 16;
19, 281, 6, 512, 381, 219, 74, 1098, 27;
22, 283, 10, 504, 417, 238, 88, 1104, 40;
25, 283, 12, 489, 447, 254, 99, 1106, 49;
25, 281, 12, 459, 460, 262, 100, 1097, 49;
28, 281, 15, 442, 488, 277, 111, 1099, 58;
27, 278, 13, 400, 489, 279, 106, 1085, 52;
24, 272, 10, 347, 480, 275, 94, 1064, 39;
29, 275, 15, 344, 520, 296, 114, 1075, 59;
32, 276, 17, 326, 545, 310, 125, 1076, 69;
26, 268, 12, 256, 517, 297, 104, 1046, 47;
32, 272, 18, 258, 562, 320, 128, 1061, 71;
33, 270, 18, 225, 571, 324, 129, 1055, 73;
27, 262, 13, 152, 538, 309, 106, 1023, 50;
35, 268, 21, 165, 591, 335, 137, 1045, 82;
25, 256, 12, 72, 536, 308, 101, 1001, 47;
33, 262, 19, 82, 584, 333, 130, 1022, 76;
30, 257, 17, 31, 569, 325, 119, 1004, 68;
26, 251, 13, -32, 541, 311, 102, 979, 51;
28, 251, 15, -54, 553, 317, 109, 980, 61;
27, 249, 15, -92, 548, 314, 107, 971, 61;
32, 252, 21, -91, 580, 330, 128, 985, 84;
27, 245, 16, -162, 539, 310, 105, 956, 63;
29, 245, 19, -181, 548, 314, 113, 958, 74;
26, 242, 17, -226, 530, 304, 104, 944, 68;
34, 248, 26, -207, 574, 326, 135, 970, 102;
31, 244, 24, -254, 551, 313, 124, 954, 95;
27, 239, 21, -308, 517, 296, 108, 933, 82;
24, 235, 18, -356, 489, 281, 95, 917, 73;
30, 239, 25, -347, 516, 294, 117, 935, 99;
26, 235, 22, -395, 483, 276, 102, 917, 89;
20, 229, 18, -454, 439, 253, 81, 893, 71;
28, 236, 27, -427, 477, 271, 111, 921, 106;
24, 231, 24, -477, 438, 250, 94, 901, 93;
22, 229, 24, -504, 419, 239, 89, 895, 94;
21, 227, 23, -533, 395, 226, 82, 887, 91;
24, 230, 28, -530, 402, 228, 95, 899, 109;
18, 225, 24, -579, 354, 203, 74, 878, 93;
19, 225, 25, -592, 341, 194, 74, 878, 99;
20, 227, 28, -594, 337, 191, 81, 886, 111;
13, 220, 22, -649, 278, 159, 53, 859, 89;
13, 220, 24, -657, 262, 150, 53, 861, 95;
9, 217, 21, -690, 221, 128, 37, 847, 85;
16, 224, 29, -654, 246, 139, 63, 875, 116;
9, 218, 24, -700, 188, 107, 37, 852, 96;
11, 221, 27, -691, 182, 103, 44, 862, 109;
9, 219, 27, -706, 150, 85, 35, 856, 105;
10, 222, 30, -693, 145, 80, 42, 868, 119;
4, 217, 25, -730, 88, 50, 18, 847, 100;
6, 220, 28, -716, 79, 44, 23, 858, 112;
2, 217, 26, -732, 39, 22, 9, 849, 103;
3, 219, 28, -721, 25, 13, 12, 857, 112;
0, 218, 27, -730, -10, -6, 0, 851, 106;
-3, 216, 24, -742, -52, -29, -14, 843, 97;
-4, 217, 25, -733, -73, -41, -16, 847, 100;
-10, 212, 21, -758, -130, -72, -40, 829, 81;
-11, 213, 21, -749, -155, -86, -45, 832, 82;
-9, 217, 24, -720, -160, -90, -37, 847, 95;
-12, 216, 22, -720, -196, -110, -49, 842, 88;
-8, 221, 27, -676, -189, -109, -34, 865, 108;
-8, 224, 29, -651, -202, -117, -32, 875, 115;
-18, 216, 20, -692, -282, -159, -72, 844, 80;
-12, 225, 28, -627, -257, -148, -46, 878, 110;
-21, 218, 20, -658, -329, -185, -82, 851, 79;
-13, 228, 29, -582, -294, -170, -51, 890, 114;
-22, 221, 20, -614, -369, -209, -88, 862, 81;
-23, 222, 20, -591, -388, -220, -92, 867, 81;
-15, 232, 29, -513, -353, -204, -62, 907, 115;
-23, 227, 22, -530, -414, -236, -91, 886, 88;
-23, 229, 23, -501, -429, -244, -93, 894, 90;
-19, 236, 28, -440, -412, -237, -75, 920, 110;
-23, 234, 24, -434, -450, -258, -92, 913, 96;
-30, 229, 18, -445, -505, -286, -120, 894, 70;
-29, 233, 20, -401, -505, -287, -114, 910, 78;
-23, 241, 26, -328, -475, -273, -90, 943, 104;
-33, 234, 17, -355, -545, -309, -128, 913, 67;
-26, 242, 23, -280, -514, -294, -104, 946, 92;
-32, 239, 17, -282, -558, -317, -128, 932, 70;
-30, 243, 20, -234, -552, -315, -120, 948, 78;
-33, 242, 17, -216, -575, -327, -131, 946, 67;
-29, 248, 21, -155, -554, -317, -116, 969, 82;
-29, 251, 21, -116, -554, -317, -114, 980, 84;
-34, 248, 16, -111, -588, -334, -133, 969, 64;
-29, 255, 20, -46, -560, -321, -115, 994, 81;
-36, 250, 13, -53, -604, -343, -141, 976, 54;
-29, 258, 20, 22, -562, -322, -115, 1009, 78;
-28, 261, 20, 62, -556, -319, -112, 1019, 79;
-32, 258, 15, 69, -581, -331, -128, 1009, 61;
-29, 264, 18, 125, -556, -318, -114, 1030, 72;
-29, 265, 17, 156, -554, -317, -115, 1035, 68;
-26, 269, 19, 204, -534, -306, -105, 1051, 75;
-25, 271, 19, 241, -523, -300, -101, 1060, 76;
-31, 267, 13, 238, -550, -314, -122, 1044, 51;
-29, 271, 14, 281, -531, -303, -113, 1057, 55;
-28, 272, 13, 311, -522, -298, -112, 1063, 52;
-24, 278, 16, 366, -485, -279, -94, 1084, 65;
-24, 278, 15, 391, -477, -274, -95, 1087, 60;
-21, 282, 17, 434, -449, -259, -83, 1102, 66;
-20, 284, 16, 464, -433, -249, -79, 1108, 65;
-23, 282, 12, 469, -439, -251, -90, 1100, 49;
-23, 281, 10, 485, -432, -247, -93, 1099, 40;
-24, 281, 8, 501, -423, -241, -95, 1099, 32;
-20, 286, 10, 546, -384, -220, -78, 1116, 42;
-16, 289, 12, 583, -349, -201, -65, 1130, 49;
-17, 288, 10, 592, -342, -196, -68, 1126, 39;
-17, 288, 8, 605, -327, -187, -69, 1126, 32;
-14, 291, 9, 637, -292, -168, -56, 1138, 37;
-17, 288, 5, 630, -294, -167, -67, 1126, 19;
-14, 290, 5, 653, -263, -150, -57, 1134, 21;
-15, 289, 3, 657, -250, -142, -59, 1130, 12;
-12, 291, 3, 678, -219, -124, -49, 1137, 14;
-9, 294, 4, 702, -181, -103, -36, 1147, 19;
-5, 297, 6, 727, -141, -82, -22, 1158, 25;
-3, 297, 6, 738, -113, -66, -15, 1161, 24;
-3, 297, 5, 742, -89, -52, -11, 1161, 20;
0, 299, 6, 759, -51, -31, 1, 1169, 25;
-7, 290, -3, 703, -84, -46, -30, 1133, -14;
1, 298, 3, 755, -8, -5, 6, 1164, 14;