3, 312, 17, 37, 857, 24, 15, 1219, 66;
-3, 304, 8, -18, 775, -29, -13, 1185, 32;
1, 308, 12, 45, 814, -2, 7, 1201, 49;
4, 309, 14, 85, 828, 7, 18, 1208, 55;
7, 311, 16, 128, 845, 19, 30, 1215, 63;
1, 304, 9, 85, 775, -24, 7, 1186, 35;
7, 308, 13, 151, 813, 2, 28, 1202, 52;
3, 303, 8, 128, 763, -29, 14, 1182, 32;
5, 303, 9, 158, 765, -25, 20, 1184, 35;
12, 309, 15, 238, 816, 12, 48, 1206, 58;
10, 306, 12, 236, 786, -5, 42, 1194, 47;
12, 306, 12, 263, 783, -3, 48, 1194, 48;
14, 306, 13, 293, 784, 1, 55, 1195, 51;
10, 301, 8, 271, 732, -29, 40, 1174, 32;
12, 301, 9, 304, 735, -22, 49, 1177, 36;
18, 306, 14, 372, 772, 6, 71, 1193, 55;
13, 299, 8, 340, 709, -29, 53, 1169, 32;
22, 307, 16, 439, 777, 21, 89, 1198, 64;
18, 301, 10, 410, 717, -13, 72, 1175, 42;
25, 306, 17, 491, 767, 26, 100, 1197, 67;
22, 302, 13, 476, 721, 2, 89, 1179, 52;
23, 301, 12, 490, 703, -3, 90, 1174, 48;
24, 300, 12, 510, 690, -4, 93, 1170, 48;
21, 296, 9, 502, 651, -23, 85, 1156, 36;
26, 299, 13, 558, 675, 0, 104, 1168, 51;
22, 293, 7, 529, 614, -32, 87, 1144, 30;
28, 297, 12, 593, 646, -2, 109, 1160, 49;
25, 293, 9, 583, 604, -22, 101, 1144, 37;
30, 296, 13, 636, 625, 0, 118, 1155, 51;
29, 293, 11, 639, 596, -10, 115, 1145, 44;
29, 291, 10, 646, 570, -17, 114, 1137, 39;
35, 296, 15, 718, 610, 17, 140, 1156, 62;
36, 295, 15, 735, 595, 18, 143, 1152, 62;
35, 292, 14, 735, 563, 6, 139, 1141, 55;
35, 290, 12, 740, 536, 0, 137, 1133, 50;
40, 293, 16, 793, 558, 23, 156, 1144, 65;
41, 292, 17, 813, 546, 26, 160, 1142, 67;
39, 289, 14, 801, 503, 8, 152, 1127, 56;
33, 281, 8, 757, 428, -30, 131, 1099, 32;
37, 284, 11, 804, 443, -8, 147, 1108, 45;
41, 286, 14, 847, 455, 11, 161, 1116, 57;
36, 278, 8, 802, 380, -27, 140, 1087, 34;
42, 283, 14, 868, 416, 8, 165, 1105, 56;
43, 282, 14, 884, 402, 10, 168, 1102, 57;
41, 279, 12, 873, 361, -4, 161, 1088, 48;
38, 274, 9, 854, 313, -23, 151, 1071, 36;
44, 278, 14, 914, 344, 9, 173, 1087, 56;
45, 278, 15, 931, 332, 14, 178, 1086, 59;
45, 276, 14, 929, 302, 6, 175, 1076, 55;
42, 271, 11, 908, 253, -12, 165, 1059, 42;
43, 270, 11, 920, 238, -10, 168, 1056, 44;
41, 268, 9, 912, 203, -20, 163, 1045, 38;
48, 273, 16, 977, 242, 18, 188, 1064, 62;
43, 266, 10, 931, 169, -15, 168, 1038, 41;
46, 268, 13, 968, 180, 4, 182, 1046, 53;
50, 270, 17, 1004, 191, 25, 196, 1054, 66;
47, 265, 14, 979, 142, 6, 184, 1037, 54;
46, 263, 12, 970, 108, -2, 180, 1026, 49;
47, 262, 13, 982, 97, 3, 184, 1025, 53;
45, 259, 11, 966, 58, -9, 177, 1012, 45;
49, 262, 15, 1004, 74, 15, 192, 1022, 60;
46, 258, 13, 982, 30, 0, 183, 1007, 50;
49, 259, 15, 1009, 35, 16, 194, 1013, 61;
43, 252, 9, 950, -43, -22, 169, 983, 37;
45, 252, 11, 967, -46, -10, 176, 985, 44;
43, 249, 9, 947, -85, -22, 168, 972, 36;
48, 253, 14, 997, -54, 11, 189, 989, 58;
50, 254, 17, 1016, -53, 26, 198, 993, 67;
43, 245, 9, 943, -143, -20, 169, 959, 38;
43, 245, 10, 946, -157, -16, 171, 956, 40;
49, 250, 16, 1000, -119, 23, 194, 976, 65;
45, 245, 13, 960, -174, 0, 179, 956, 50;
47, 245, 14, 973, -175, 12, 185, 959, 58;
40, 238, 8, 906, -257, -28, 159, 928, 33;
44, 240, 12, 934, -241, -5, 172, 938, 47;
41, 237, 10, 909, -279, -17, 163, 926, 40;
43, 238, 12, 923, -277, -2, 171, 930, 49;
45, 239, 14, 937, -273, 12, 178, 934, 58;
38, 231, 8, 866, -355, -29, 151, 904, 32;
44, 236, 14, 915, -314, 10, 174, 924, 57;
44, 235, 14, 906, -332, 10, 172, 919, 57;
46, 236, 17, 916, -330, 24, 179, 923, 66;
39, 229, 10, 848, -405, -13, 153, 895, 42;
37, 227, 9, 822, -437, -22, 145, 885, 36;
42, 231, 14, 859, -405, 10, 163, 901, 57;
34, 223, 7, 782, -487, -32, 134, 870, 30;
38, 227, 12, 814, -458, -1, 151, 885, 50;
40, 228, 15, 826, -449, 15, 159, 892, 60;
33, 220, 8, 748, -530, -26, 130, 861, 34;
33, 220, 9, 741, -538, -21, 130, 860, 37;
41, 228, 18, 805, -474, 32, 161, 889, 70;
36, 223, 14, 752, -528, 6, 142, 870, 55;
33, 219, 11, 710, -568, -10, 128, 855, 44;
33, 219, 12, 704, -572, -2, 130, 857, 49;
34, 220, 14, 707, -566, 11, 135, 861, 57;
33, 219, 13, 681, -588, 5, 129, 854, 54;
30, 216, 12, 649, -617, -3, 119, 845, 48;
27, 213, 10, 611, -650, -16, 108, 834, 40;
26, 212, 10, 590, -665, -18, 103, 829, 39;
25, 211, 9, 567, -680, -19, 99, 825, 38;
31, 217, 16, 611, -629, 22, 121, 848, 64;
29, 215, 15, 582, -650, 16, 114, 842, 61;
21, 207, 8, 493, -730, -29, 81, 810, 32;
27, 214, 15, 538, -675, 14, 105, 835, 60;
28, 215, 17, 535, -667, 27, 109, 840, 67;
18, 206, 9, 437, -754, -24, 73, 806, 35;
16, 204, 7, 403, -776, -32, 64, 798, 30;
16, 204, 8, 387, -780, -28, 62, 798, 33;
19, 209, 13, 409, -743, 1, 76, 815, 51;
18, 208, 12, 383, -756, -1, 71, 811, 50;
21, 212, 17, 404, -720, 28, 84, 827, 68;
19, 210, 16, 367, -741, 18, 74, 820, 62;
15, 206, 12, 314, -777, 0, 58, 806, 50;
17, 209, 16, 322, -751, 20, 67, 818, 63;
12, 205, 12, 262, -794, -3, 47, 801, 48;
12, 207, 14, 256, -781, 8, 50, 807, 55;
9, 204, 12, 211, -807, -5, 37, 797, 47;
11, 207, 15, 215, -783, 12, 44, 808, 59;
8, 205, 13, 174, -804, 1, 33, 800, 51;
10, 207, 16, 176, -781, 19, 39, 810, 62;
6, 204, 13, 127, -808, 2, 24, 799, 52;
2, 202, 11, 82, -831, -10, 11, 790, 44;
0, 200, 9, 38, -853, -23, 0, 781, 36;
7, 209, 18, 98, -769, 32, 29, 816, 71;
0, 202, 11, 11, -832, -8, 0, 790, 45;
4, 208, 17, 38, -781, 25, 15, 811, 66;
-2, 203, 11, -34, -829, -6, -8, 791, 46;
1, 207, 16, -16, -785, 22, 4, 810, 64;
0, 207, 15, -46, -789, 18, -2, 808, 62;
0, 209, 17, -55, -772, 28, 0, 815, 68;
-5, 204, 13, -122, -812, 0, -22, 797, 51;
-6, 204, 13, -146, -808, 1, -26, 799, 51;
-4, 208, 16, -140, -775, 20, -19, 812, 63;
-6, 207, 15, -170, -777, 17, -25, 810, 61;
-11, 204, 12, -225, -803, -3, -43, 799, 48;
-11, 206, 13, -240, -789, 2, -43, 804, 52;
-14, 204, 11, -286, -806, -11, -57, 796, 43;
-18, 201, 8, -338, -828, -30, -73, 786, 31;
-19, 202, 8, -357, -818, -28, -76, 789, 33;
-12, 210, 16, -306, -736, 21, -49, 822, 64;
-14, 210, 15, -335, -735, 17, -56, 821, 61;
-19, 206, 11, -398, -767, -8, -77, 806, 45;
-15, 212, 16, -373, -712, 22, -62, 828, 64;
-17, 212, 15, -404, -711, 16, -69, 827, 61;
-18, 212, 15, -425, -701, 17, -73, 829, 61;
-26, 207, 9, -506, -750, -21, -101, 807, 37;
-24, 210, 12, -500, -713, -3, -94, 821, 48;
-28, 208, 9, -551, -732, -23, -110, 812, 36;
-26, 211, 12, -546, -695, -5, -103, 825, 47;
-27, 212, 12, -564, -681, -4, -106, 829, 48;
-25, 216, 15, -559, -644, 12, -100, 842, 58;
-28, 214, 12, -601, -653, -2, -112, 836, 49;
-28, 216, 13, -610, -631, 4, -112, 844, 53;
-29, 217, 14, -624, -613, 7, -113, 849, 55;
-29, 219, 15, -634, -590, 13, -113, 856, 59;
-28, 221, 16, -640, -564, 22, -111, 865, 64;
-38, 214, 7, -740, -632, -32, -149, 834, 30;
-37, 216, 9, -740, -600, -21, -145, 845, 37;
-34, 220, 12, -727, -555, -1, -136, 861, 50;
-38, 219, 10, -769, -565, -18, -149, 854, 39;
-33, 225, 15, -733, -498, 16, -131, 880, 60;
-33, 227, 16, -739, -472, 22, -130, 888, 65;
-42, 220, 8, -828, -530, -26, -163, 861, 34;
-43, 221, 8, -849, -520, -31, -169, 862, 31;
-44, 222, 7, -864, -504, -31, -172, 866, 31;
-35, 232, 16, -794, -402, 24, -139, 905, 66;
-41, 228, 12, -850, -429, -4, -160, 892, 47;
-42, 229, 11, -868, -416, -8, -164, 894, 45;
-38, 235, 16, -836, -354, 20, -149, 916, 63;
-38, 236, 16, -849, -337, 19, -151, 920, 63;
-38, 238, 17, -850, -309, 26, -149, 929, 67;
-40, 237, 15, -876, -306, 15, -158, 927, 60;
-47, 232, 9, -944, -345, -22, -184, 908, 36;
-39, 242, 17, -875, -248, 28, -153, 945, 68;
-46, 236, 10, -947, -292, -13, -181, 923, 42;
-44, 240, 13, -929, -246, 4, -171, 939, 53;
-49, 237, 8, -983, -274, -27, -192, 924, 33;
-47, 240, 11, -966, -231, -11, -184, 939, 43;
-48, 240, 9, -985, -223, -20, -190, 939, 38;
-43, 248, 15, -935, -148, 17, -168, 967, 61;
-46, 246, 12, -969, -156, -1, -181, 960, 49;
-44, 249, 14, -955, -117, 10, -174, 973, 57;
-46, 249, 13, -973, -112, 0, -181, 972, 51;
-48, 249, 11, -989, -104, -8, -187, 972, 45;
-52, 246, 7, -1028, -120, -32, -202, 961, 30;
-51, 248, 8, -1024, -94, -28, -200, 969, 33;
-51, 250, 8, -1022, -70, -26, -199, 975, 34;
-48, 253, 11, -1000, -27, -11, -190, 990, 43;
-45, 258, 14, -972, 20, 7, -179, 1006, 55;
-46, 258, 13, -977, 36, 3, -181, 1009, 53;
-49, 257, 10, -1003, 29, -14, -192, 1003, 41;
-50, 257, 9, -1012, 39, -21, -196, 1004, 37;
-50, 258, 8, -1016, 53, -26, -198, 1006, 34;
-49, 260, 9, -1003, 83, -19, -193, 1016, 38;
-42, 268, 16, -937, 166, 22, -167, 1046, 64;
-42, 269, 16, -931, 188, 23, -165, 1052, 65;
-44, 269, 14, -946, 188, 9, -173, 1049, 57;
-43, 271, 15, -931, 217, 15, -168, 1058, 60;
-44, 270, 13, -942, 221, 4, -174, 1056, 53;
-43, 273, 14, -924, 251, 12, -168, 1065, 58;
-44, 272, 12, -936, 252, 0, -174, 1062, 50;
-44, 273, 12, -929, 270, -1, -173, 1066, 50;
-48, 270, 8, -965, 245, -31, -190, 1053, 31;
-40, 279, 15, -882, 338, 18, -158, 1088, 62;
-39, 281, 16, -866, 364, 22, -153, 1096, 65;
-39, 281, 15, -865, 373, 16, -155, 1097, 61;
-45, 276, 9, -909, 337, -20, -176, 1078, 38;
-43, 279, 11, -883, 369, -10, -168, 1089, 44;
-40, 282, 13, -853, 406, 1, -158, 1101, 51;
-42, 281, 11, -859, 405, -10, -163, 1098, 44;
-42, 281, 10, -859, 410, -19, -166, 1097, 39;
-39, 285, 12, -818, 454, -1, -153, 1112, 50;
-42, 282, 9, -840, 435, -25, -165, 1102, 35;
-36, 289, 14, -772, 505, 10, -140, 1128, 57;
-34, 291, 15, -745, 533, 18, -132, 1137, 62;
-39, 286, 10, -784, 496, -17, -152, 1118, 39;
-39, 287, 9, -776, 503, -23, -152, 1119, 36;
-33, 293, 14, -710, 568, 9, -129, 1143, 57;
-35, 290, 11, -724, 552, -10, -138, 1134, 44;
-31, 294, 14, -679, 594, 7, -124, 1149, 55;
-30, 296, 14, -656, 613, 10, -118, 1155, 57;
-29, 297, 14, -637, 629, 11, -114, 1159, 58;
-27, 299, 16, -607, 653, 19, -106, 1167, 62;
-26, 299, 15, -591, 663, 17, -104, 1169, 61;
-23, 302, 17, -552, 695, 29, -92, 1180, 69;
-30, 295, 9, -608, 633, -20, -120, 1152, 38;
-24, 301, 15, -534, 698, 15, -94, 1177, 60;
-27, 298, 10, -557, 666, -13, -108, 1162, 42;
-24, 301, 13, -511, 702, 3, -94, 1175, 53;
-20, 305, 16, -461, 741, 22, -78, 1189, 64;
-22, 302, 13, -474, 718, 0, -88, 1178, 50;
-17, 307, 17, -411, 768, 26, -67, 1197, 67;
-25, 298, 7, -477, 689, -31, -100, 1163, 31;
-16, 307, 16, -379, 774, 18, -64, 1197, 62;
-17, 305, 14, -372, 767, 8, -66, 1192, 56;
-20, 302, 10, -389, 734, -18, -78, 1178, 39;
-13, 307, 15, -317, 791, 14, -54, 1200, 59;
-13, 307, 14, -299, 792, 10, -52, 1199, 57;
-9, 310, 17, -250, 824, 27, -37, 1211, 68;
-15, 303, 10, -295, 761, -18, -61, 1184, 39;
-10, 308, 14, -228, 809, 10, -39, 1203, 57;
-6, 311, 16, -185, 833, 23, -26, 1213, 65;
-5, 311, 16, -159, 839, 24, -21, 1214, 66;
-13, 302, 7, -220, 758, -32, -52, 1180, 30;
-3, 312, 16, -110, 847, 24, -12, 1216, 66;
-9, 304, 9, -157, 779, -22, -37, 1188, 36;
-4, 308, 12, -100, 813, -1, -19, 1201, 50;
1, 313, 17, -27, 863, 30, 5, 1222, 70;
-2, 308, 12, -54, 813, -3, -11, 1201, 49;
3, 313, 18, 22, 866, 31, 14, 1223, 70;
-1, 306, 11, -16, 803, -10, -6, 1197, 44;
-1, 306, 10, 3, 798, -14, -4, 1195, 42;
0, 306, 11, 32, 801, -11, 1, 1196, 43;
3, 308, 12, 72, 815, 0, 13, 1202, 50;
3, 307, 11, 86, 803, -8, 13, 1197, 45;
4, 306, 11, 108, 798, -10, 16, 1195, 44;
9, 310, 15, 166, 829, 12, 35, 1209, 58;
8, 308, 13, 173, 808, 1, 32, 1201, 51;
12, 311, 16, 229, 836, 22, 50, 1213, 64;
12, 309, 15, 241, 819, 13, 49, 1207, 59;
14, 309, 15, 269, 819, 16, 56, 1207, 61;
13, 307, 13, 275, 796, 5, 53, 1199, 54;
15, 307, 14, 307, 798, 10, 60, 1201, 57;
16, 306, 14, 324, 785, 6, 62, 1196, 54;
12, 302, 9, 308, 738, -20, 50, 1178, 38;
13, 300, 8, 322, 722, -26, 50, 1172, 34;
20, 306, 14, 401, 771, 11, 78, 1194, 57;
20, 305, 14, 419, 757, 7, 80, 1190, 55;
17, 299, 9, 396, 703, -22, 66, 1169, 37;
24, 306, 16, 482, 758, 20, 96, 1193, 63;
19, 299, 10, 446, 690, -18, 76, 1167, 39;
27, 305, 17, 535, 748, 26, 109, 1192, 67;
24, 301, 13, 519, 700, 1, 97, 1174, 52;
26, 301, 14, 546, 695, 5, 103, 1174, 54;
23, 296, 10, 532, 649, -17, 93, 1157, 40;
30, 301, 15, 605, 690, 18, 119, 1176, 62;
30, 300, 15, 620, 673, 14, 120, 1171, 60;
34, 301, 17, 659, 680, 28, 132, 1176, 68;
32, 298, 15, 658, 646, 14, 127, 1164, 60;
30, 295, 12, 651, 608, -2, 120, 1150, 49;
31, 293, 12, 666, 590, -4, 122, 1145, 47;
32, 292, 12, 684, 577, -4, 126, 1142, 48;
29, 288, 8, 667, 527, -27, 115, 1124, 34;
38, 295, 17, 763, 591, 25, 150, 1153, 66;
40, 295, 17, 785, 581, 28, 156, 1151, 68;
33, 287, 10, 733, 498, -16, 131, 1119, 40;
34, 285, 10, 746, 479, -17, 133, 1114, 39;
36, 286, 11, 773, 475, -9, 140, 1115, 44;
37, 286, 12, 798, 469, -2, 148, 1116, 49;
37, 283, 11, 798, 437, -12, 144, 1105, 43;
42, 287, 16, 860, 469, 20, 167, 1121, 63;
41, 284, 14, 855, 433, 7, 162, 1109, 55;
36, 277, 8, 813, 361, -28, 142, 1083, 33;
43, 283, 15, 889, 407, 14, 170, 1104, 59;
45, 282, 16, 908, 396, 19, 175, 1103, 62;
39, 275, 10, 864, 323, -17, 155, 1076, 40;
40, 274, 10, 872, 302, -18, 156, 1070, 39;
40, 273, 10, 885, 287, -16, 159, 1067, 40;
47, 278, 16, 953, 326, 22, 185, 1086, 65;
42, 271, 10, 906, 251, -14, 164, 1058, 42;
39, 267, 7, 887, 205, -31, 154, 1043, 31;
45, 271, 13, 945, 236, 2, 177, 1059, 52;
45, 270, 13, 950, 214, 0, 177, 1053, 51;
47, 270, 14, 969, 207, 9, 184, 1054, 56;
49, 270, 16, 992, 205, 20, 192, 1056, 63;
49, 269, 16, 995, 182, 19, 192, 1050, 63;
49, 268, 16, 1000, 163, 19, 193, 1045, 63;
45, 262, 11, 959, 98, -9, 175, 1021, 44;
43, 258, 9, 942, 57, -23, 167, 1008, 36;
47, 261, 13, 984, 77, 3, 184, 1019, 53;
45, 258, 11, 970, 40, -7, 178, 1008, 46;
42, 253, 8, 941, -10, -27, 166, 990, 33;
45, 255, 11, 972, -1, -7, 178, 997, 46;
47, 255, 13, 983, -10, 0, 183, 997, 50;
51, 259, 17, 1028, 14, 30, 202, 1011, 69;
42, 248, 8, 942, -90, -26, 166, 970, 34;
49, 254, 15, 1004, -47, 16, 193, 992, 61;
47, 251, 13, 984, -85, 4, 185, 979, 53;
41, 244, 8, 929, -157, -29, 163, 953, 32;
43, 245, 10, 943, -160, -17, 169, 955, 39;
50, 250, 16, 1002, -117, 24, 195, 976, 66;
44, 244, 11, 950, -185, -7, 174, 952, 46;
44, 242, 11, 941, -207, -9, 172, 945, 45;
44, 241, 11, 938, -224, -7, 172, 942, 46;
45, 241, 13, 944, -232, 1, 176, 942, 51;
41, 237, 10, 907, -281, -18, 162, 925, 39;
45, 239, 13, 934, -265, 4, 176, 935, 54;
46, 239, 15, 938, -272, 13, 179, 935, 59;
44, 237, 13, 914, -306, 3, 171, 924, 52;
38, 230, 8, 857, -373, -28, 150, 900, 33;
40, 231, 10, 866, -372, -15, 156, 903, 41;
45, 236, 16, 910, -336, 20, 176, 921, 63;
40, 230, 12, 858, -395, -6, 158, 900, 47;
40, 229, 12, 847, -411, -5, 156, 896, 47;
44, 233, 16, 879, -385, 24, 172, 910, 66;
44, 233, 18, 878, -391, 31, 174, 910, 70;
34, 222, 8, 771, -501, -30, 133, 867, 32;
36, 224, 10, 782, -494, -13, 141, 873, 42;
35, 222, 10, 763, -514, -16, 136, 867, 40;
31, 219, 8, 725, -553, -31, 124, 854, 31;
36, 222, 12, 756, -523, 0, 141, 869, 50;
31, 217, 8, 700, -579, -27, 121, 848, 33;
37, 223, 15, 748, -530, 15, 145, 872, 60;
30, 216, 9, 675, -601, -22, 118, 844, 37;
30, 216, 10, 664, -609, -17, 117, 843, 39;
29, 215, 10, 647, -623, -17, 114, 840, 40;
33, 219, 14, 672, -593, 11, 129, 855, 58;
29, 215, 12, 629, -632, -4, 115, 841, 47;
29, 215, 13, 617, -637, 0, 115, 841, 51;
24, 210, 9, 560, -688, -25, 95, 822, 35;
29, 215, 14, 592, -648, 9, 113, 841, 56;
25, 211, 11, 543, -689, -9, 97, 825, 44;
24, 211, 12, 529, -694, -5, 96, 825, 47;
29, 217, 18, 565, -648, 32, 116, 846, 71;
23, 210, 12, 492, -711, -1, 91, 822, 49;
18, 206, 9, 436, -755, -24, 72, 805, 35;
22, 211, 14, 464, -715, 8, 89, 824, 56;
15, 204, 8, 384, -782, -30, 61, 797, 32;
19, 208, 12, 406, -747, -1, 75, 813, 50;
16, 206, 11, 366, -772, -12, 64, 804, 43;
17, 207, 13, 362, -761, 0, 67, 810, 51;
17, 208, 13, 347, -761, 5, 66, 812, 54;
9, 201, 7, 267, -824, -32, 38, 786, 31;
14, 207, 14, 301, -773, 5, 58, 808, 54;
8, 201, 8, 227, -829, -27, 33, 786, 34;
8, 202, 10, 217, -821, -18, 34, 791, 39;
6, 201, 9, 183, -836, -24, 25, 785, 35;
5, 201, 9, 158, -841, -25, 20, 784, 35;
3, 199, 8, 125, -854, -31, 12, 779, 31;
5, 203, 11, 135, -822, -7, 22, 793, 46;
7, 206, 14, 139, -796, 11, 29, 804, 57;
3, 203, 12, 89, -824, -5, 14, 793, 47;
-1, 199, 8, 31, -860, -28, -3, 778, 33;
-1, 200, 8, 10, -857, -25, -6, 780, 35;
4, 207, 16, 55, -788, 20, 17, 809, 63;
-3, 200, 9, -31, -851, -21, -13, 782, 37;
-1, 204, 13, -25, -819, 0, -4, 795, 50;
-6, 199, 8, -90, -859, -27, -26, 779, 33;
0, 207, 16, -40, -783, 22, 0, 810, 65;
-6, 202, 11, -115, -831, -10, -25, 790, 44;
-5, 204, 12, -124, -814, 0, -23, 797, 50;
-7, 203, 12, -156, -819, -5, -31, 794, 47;
-10, 203, 11, -189, -824, -11, -39, 791, 43;
-5, 209, 16, -159, -766, 24, -21, 815, 66;
-9, 206, 14, -206, -784, 9, -35, 807, 56;
-10, 206, 13, -236, -785, 5, -42, 806, 54;
-17, 201, 8, -311, -831, -28, -67, 786, 33;
-16, 203, 10, -317, -807, -16, -64, 794, 40;
-15, 206, 12, -323, -784, -5, -62, 803, 47;
-14, 208, 14, -326, -756, 8, -58, 813, 56;
-22, 202, 8, -408, -808, -30, -86, 791, 31;
-14, 212, 17, -346, -715, 25, -55, 828, 66;
-22, 205, 10, -434, -772, -17, -87, 803, 39;
-20, 209, 13, -429, -736, 0, -80, 816, 51;
-23, 207, 11, -471, -747, -12, -92, 810, 43;
-22, 210, 13, -472, -717, 0, -87, 821, 51;
-27, 207, 9, -530, -743, -23, -106, 809, 36;
-21, 215, 16, -485, -666, 20, -83, 839, 63;
-25, 213, 13, -532, -681, 3, -98, 831, 52;
-21, 218, 18, -509, -626, 32, -83, 852, 71;
-25, 216, 15, -555, -639, 15, -98, 844, 60;
-24, 219, 17, -558, -611, 26, -95, 854, 67;
-29, 216, 13, -613, -633, 2, -113, 843, 52;
-30, 216, 12, -637, -626, 0, -119, 843, 50;
-29, 219, 14, -639, -595, 10, -115, 854, 57;
-27, 223, 17, -629, -553, 29, -107, 869, 69;
-33, 218, 12, -697, -590, -4, -131, 852, 48;
-30, 223, 16, -679, -539, 19, -120, 870, 62;
-39, 216, 8, -766, -594, -27, -152, 845, 34;
-34, 222, 13, -737, -533, 3, -136, 868, 52;
-37, 222, 12, -765, -530, -5, -144, 866, 47;
-41, 219, 8, -812, -545, -25, -160, 857, 34;
-34, 227, 15, -762, -464, 17, -136, 888, 61;
-34, 229, 16, -769, -439, 22, -135, 896, 64;
-43, 222, 8, -862, -501, -30, -171, 867, 32;
-36, 231, 15, -804, -412, 17, -144, 901, 61;
-41, 228, 11, -855, -434, -8, -162, 889, 45;
-36, 235, 17, -811, -359, 29, -141, 917, 69;
-41, 231, 12, -870, -388, -1, -163, 902, 49;
-42, 232, 12, -886, -375, -5, -167, 905, 47;
-47, 229, 8, -934, -393, -29, -184, 894, 32;
-43, 234, 12, -905, -335, -3, -170, 915, 48;
-40, 239, 16, -882, -283, 18, -158, 934, 62;
-43, 238, 13, -913, -286, 3, -169, 929, 53;
-42, 241, 15, -906, -251, 13, -164, 940, 59;
-42, 242, 15, -915, -233, 13, -166, 945, 59;
-45, 241, 12, -946, -237, -2, -177, 940, 49;
-44, 244, 14, -937, -201, 7, -172, 951, 55;
-47, 242, 11, -971, -209, -10, -184, 945, 44;
-45, 245, 13, -958, -171, 1, -178, 957, 51;
-49, 243, 9, -996, -183, -20, -192, 949, 38;
-47, 246, 11, -984, -147, -9, -186, 961, 45;
-42, 253, 17, -934, -73, 26, -165, 988, 67;
-49, 247, 10, -1003, -119, -17, -193, 965, 39;
-41, 256, 18, -932, -24, 31, -163, 1001, 70;
-42, 257, 17, -938, -8, 28, -165, 1005, 68;
-44, 256, 15, -961, -9, 14, -174, 1001, 59;
-47, 255, 12, -990, -16, -4, -186, 994, 48;
-46, 257, 13, -979, 14, 2, -181, 1004, 52;
-44, 261, 15, -955, 57, 18, -172, 1018, 62;
-50, 255, 9, -1019, 14, -24, -198, 997, 35;
-50, 257, 9, -1013, 38, -22, -196, 1003, 36;
-41, 267, 17, -931, 138, 30, -163, 1041, 69;
-44, 265, 14, -956, 131, 12, -174, 1035, 58;
-48, 263, 11, -985, 118, -10, -187, 1026, 44;
-43, 268, 15, -943, 176, 15, -170, 1047, 60;
-50, 263, 8, -1002, 132, -27, -196, 1026, 33;
-48, 266, 10, -980, 169, -16, -188, 1038, 40;
-48, 267, 10, -974, 188, -16, -187, 1042, 40;
-42, 273, 15, -921, 255, 14, -166, 1067, 59;
-48, 269, 9, -966, 222, -20, -187, 1050, 38;
-48, 269, 8, -969, 230, -27, -190, 1050, 33;
-43, 275, 13, -919, 292, 0, -171, 1072, 50;
-44, 275, 12, -916, 304, -4, -172, 1074, 48;
-46, 274, 10, -928, 301, -19, -179, 1070, 39;
-43, 277, 12, -899, 339, -6, -169, 1082, 47;
-42, 279, 12, -882, 364, -1, -165, 1090, 49;
-46, 276, 8, -911, 341, -29, -180, 1077, 32;
-44, 278, 9, -886, 373, -20, -172, 1087, 38;
-39, 283, 13, -839, 426, 2, -155, 1106, 52;
-37, 286, 15, -807, 461, 15, -145, 1118, 60;
-41, 283, 10, -840, 432, -15, -162, 1103, 41;
-35, 289, 16, -771, 504, 20, -136, 1130, 63;
-33, 291, 16, -752, 525, 23, -132, 1136, 65;
-33, 291, 16, -743, 536, 19, -131, 1138, 63;
-31, 294, 17, -715, 565, 28, -123, 1147, 68;
-39, 287, 9, -776, 504, -22, -152, 1119, 36;
-33, 292, 13, -718, 560, 4, -132, 1140, 53;
-38, 287, 8, -752, 524, -29, -150, 1122, 32;
-32, 293, 13, -687, 586, 2, -127, 1146, 52;
-27, 299, 17, -628, 641, 29, -107, 1166, 69;
-33, 292, 10, -678, 588, -15, -131, 1142, 41;
-25, 301, 18, -588, 673, 32, -98, 1175, 71;
-31, 295, 11, -633, 622, -10, -121, 1152, 44;
-32, 294, 9, -633, 615, -23, -126, 1147, 36;
-28, 297, 11, -589, 651, -7, -112, 1160, 46;
-23, 302, 16, -527, 705, 20, -91, 1180, 63;
-28, 297, 10, -561, 662, -16, -110, 1160, 40;
-20, 305, 17, -473, 740, 28, -78, 1191, 68;
-20, 304, 16, -463, 739, 20, -79, 1189, 64;
-25, 299, 10, -495, 696, -14, -97, 1169, 41;
-17, 306, 17, -413, 766, 25, -68, 1196, 66;
-17, 306, 16, -396, 770, 22, -66, 1197, 64;
-19, 304, 13, -405, 748, 1, -74, 1186, 52;
-19, 303, 12, -391, 747, -4, -74, 1184, 48;
-21, 301, 9, -397, 727, -23, -82, 1175, 36;
-13, 308, 16, -311, 797, 18, -51, 1202, 62;
-17, 303, 10, -338, 753, -15, -68, 1183, 41;
-15, 305, 11, -302, 772, -6, -58, 1190, 46;
-15, 304, 10, -289, 767, -14, -58, 1187, 42;
-15, 303, 9, -281, 756, -24, -61, 1181, 35;
-9, 308, 14, -210, 809, 6, -36, 1202, 55;
-4, 312, 18, -148, 850, 31, -16, 1219, 70;
-7, 308, 13, -166, 812, 3, -29, 1202, 53;
-9, 305, 10, -170, 787, -15, -37, 1192, 41;
-3, 310, 15, -98, 837, 16, -12, 1212, 61;
-3, 309, 14, -88, 825, 6, -14, 1207, 55;
-7, 305, 9, -107, 784, -22, -27, 1189, 37;
-4, 306, 11, -66, 801, -11, -16, 1196, 43;
3, 313, 18, 22, 867, 31, 15, 1223, 70;
1, 310, 14, 17, 837, 11, 7, 1211, 58;
6, 313, 17, 70, 864, 30, 23, 1222, 69;
4, 310, 15, 68, 837, 12, 17, 1211, 58;
0, 304, 9, 38, 781, -24, -1, 1188, 36;
9, 312, 17, 139, 856, 27, 35, 1219, 68;
9, 311, 16, 157, 847, 22, 37, 1216, 65;
3, 304, 9, 112, 775, -23, 13, 1187, 36;
9, 309, 14, 184, 819, 8, 37, 1205, 56;
11, 309, 15, 215, 822, 12, 44, 1207, 59;
6, 303, 9, 183, 761, -24, 25, 1183, 35;
15, 310, 16, 279, 828, 22, 59, 1211, 65;
12, 306, 12, 262, 782, -3, 47, 1193, 48;
12, 305, 12, 282, 772, -6, 50, 1190, 46;
14, 304, 12, 306, 767, -6, 55, 1189, 47;
12, 301, 9, 305, 735, -22, 49, 1177, 37;
14, 302, 10, 334, 734, -18, 55, 1178, 39;
16, 302, 10, 362, 731, -14, 62, 1178, 41;
18, 302, 11, 395, 733, -8, 70, 1180, 45;
19, 302, 12, 422, 729, -5, 77, 1180, 47;
23, 304, 15, 470, 746, 12, 92, 1188, 58;
22, 302, 13, 475, 719, 1, 89, 1179, 51;
19, 297, 9, 459, 672, -23, 77, 1161, 36;
25, 301, 13, 524, 705, 4, 99, 1176, 54;
30, 304, 17, 582, 731, 30, 118, 1189, 69;
28, 301, 14, 572, 689, 9, 110, 1174, 57;
22, 293, 8, 531, 616, -31, 88, 1145, 31;
24, 294, 9, 562, 615, -23, 97, 1147, 36;
28, 296, 11, 607, 627, -6, 110, 1154, 46;
26, 292, 9, 601, 590, -23, 104, 1141, 36;
28, 292, 10, 632, 588, -15, 112, 1142, 41;
34, 296, 15, 696, 620, 15, 135, 1158, 60;
29, 290, 9, 661, 553, -19, 116, 1132, 38;
29, 288, 8, 665, 525, -28, 114, 1123, 33;
37, 294, 16, 754, 582, 19, 147, 1149, 62;
31, 286, 8, 703, 499, -25, 122, 1117, 34;
32, 285, 9, 720, 484, -25, 125, 1114, 35;
33, 285, 9, 741, 474, -21, 130, 1112, 37;
42, 292, 18, 835, 536, 31, 166, 1141, 70;
36, 284, 11, 786, 456, -11, 142, 1110, 44;
39, 286, 13, 822, 462, 3, 154, 1115, 53;
37, 281, 10, 806, 414, -16, 144, 1099, 40;
37, 280, 9, 814, 392, -19, 145, 1092, 38;
38, 279, 10, 829, 376, -17, 148, 1089, 39;
40, 280, 12, 861, 379, -4, 159, 1093, 48;
41, 279, 12, 873, 362, -3, 161, 1089, 48;
44, 280, 15, 911, 370, 14, 174, 1095, 59;
42, 276, 12, 891, 321, -5, 164, 1078, 47;
47, 279, 16, 944, 346, 23, 184, 1091, 65;
43, 274, 12, 917, 290, 0, 170, 1072, 50;
43, 272, 11, 915, 260, -7, 168, 1062, 46;
46, 274, 15, 956, 274, 14, 183, 1071, 59;
42, 268, 10, 917, 208, -16, 165, 1047, 40;
45, 269, 12, 947, 211, -1, 176, 1052, 50;
41, 264, 8, 915, 153, -26, 161, 1031, 34;
49, 271, 16, 996, 208, 23, 193, 1057, 65;
43, 263, 10, 942, 130, -15, 170, 1028, 41;
47, 266, 14, 984, 147, 9, 187, 1039, 56;
41, 258, 8, 930, 69, -28, 163, 1010, 32;
47, 263, 13, 984, 99, 4, 185, 1025, 53;
45, 259, 11, 967, 60, -7, 177, 1012, 45;
42, 255, 8, 941, 11, -26, 166, 996, 34;
50, 262, 16, 1019, 67, 24, 198, 1022, 65;
44, 254, 10, 957, -15, -17, 172, 991, 40;
51, 259, 17, 1022, 29, 26, 199, 1013, 67;
46, 253, 12, 978, -35, -3, 181, 990, 48;
51, 257, 17, 1022, -10, 27, 200, 1004, 68;
42, 247, 8, 940, -111, -26, 166, 965, 34;
43, 246, 9, 942, -127, -23, 167, 962, 36;
47, 250, 14, 983, -103, 6, 185, 975, 54;
51, 252, 17, 1016, -87, 30, 199, 985, 69;
48, 249, 15, 990, -129, 16, 190, 971, 61;
43, 242, 10, 933, -201, -18, 167, 945, 39;
45, 243, 12, 949, -199, -3, 175, 949, 48;
45, 242, 13, 949, -213, 0, 177, 946, 50;
47, 243, 15, 961, -214, 12, 183, 949, 58;
43, 238, 11, 921, -267, -9, 168, 931, 45;
40, 235, 9, 893, -306, -22, 158, 918, 36;
43, 237, 12, 916, -294, -1, 170, 926, 50;
42, 235, 11, 896, -325, -9, 163, 916, 45;
39, 231, 9, 866, -364, -22, 153, 903, 36;
39, 230, 9, 857, -381, -21, 152, 899, 37;
41, 232, 12, 870, -376, -5, 160, 905, 47;
46, 236, 18, 914, -339, 31, 181, 923, 70;
36, 226, 8, 816, -442, -26, 143, 883, 34;
43, 232, 15, 870, -394, 18, 168, 906, 62;
35, 224, 9, 793, -476, -24, 139, 875, 35;
43, 231, 17, 855, -418, 25, 168, 902, 66;
41, 229, 16, 832, -443, 19, 162, 894, 63;
39, 226, 14, 803, -475, 9, 153, 884, 57;
32, 219, 8, 732, -547, -27, 127, 857, 34;
38, 225, 15, 782, -497, 16, 151, 880, 61;
34, 221, 12, 736, -543, -3, 136, 864, 48;
36, 223, 15, 746, -532, 13, 143, 870, 59;
32, 218, 11, 695, -581, -8, 126, 853, 45;
36, 222, 16, 723, -550, 21, 142, 868, 64;
29, 215, 10, 648, -621, -16, 115, 841, 40;
27, 213, 9, 619, -646, -23, 107, 833, 36;
26, 212, 9, 599, -661, -24, 103, 829, 35;
34, 220, 18, 663, -591, 31, 134, 860, 70;
30, 216, 14, 616, -632, 12, 119, 845, 58;
25, 211, 10, 553, -687, -16, 97, 824, 40;
22, 208, 8, 516, -716, -27, 87, 815, 33;
26, 213, 14, 548, -675, 7, 104, 833, 55;
19, 207, 8, 471, -742, -30, 77, 807, 32;
19, 206, 8, 452, -750, -28, 74, 806, 33;
19, 207, 10, 447, -744, -17, 77, 810, 40;
21, 209, 13, 451, -728, 0, 84, 818, 50;
17, 206, 9, 398, -768, -20, 67, 803, 37;
22, 212, 16, 438, -714, 20, 88, 827, 63;
22, 212, 17, 424, -714, 26, 88, 828, 67;
17, 207, 12, 360, -764, -1, 66, 809, 50;
19, 210, 15, 365, -742, 17, 74, 819, 62;
12, 204, 10, 290, -801, -16, 48, 796, 40;
16, 208, 15, 315, -759, 15, 63, 814, 60;
15, 208, 15, 292, -764, 15, 59, 813, 60;
10, 204, 11, 230, -807, -9, 39, 796, 45;
5, 200, 8, 177, -842, -28, 23, 783, 32;
13, 209, 17, 235, -764, 26, 52, 816, 67;
3, 200, 8, 128, -850, -28, 14, 781, 33;
10, 208, 16, 181, -776, 22, 41, 812, 65;
8, 207, 15, 150, -786, 17, 34, 808, 62;
2, 201, 10, 76, -838, -15, 9, 787, 41;
3, 203, 12, 68, -822, -3, 11, 794, 48;
4, 206, 15, 73, -794, 15, 19, 806, 60;
4, 207, 16, 59, -784, 23, 19, 810, 65;
0, 204, 13, 4, -815, 2, 1, 797, 52;
-2, 203, 12, -33, -828, -5, -8, 792, 47;
-6, 200, 9, -85, -854, -24, -24, 781, 35;
-3, 204, 13, -71, -814, 1, -12, 797, 52;
-7, 201, 10, -127, -844, -19, -30, 785, 39;
-1, 208, 17, -84, -774, 25, -7, 813, 66;
-10, 201, 9, -178, -840, -20, -40, 785, 38;
-12, 200, 8, -212, -847, -26, -48, 782, 34;
-12, 202, 10, -224, -830, -18, -48, 788, 39;
-14, 201, 8, -259, -837, -25, -57, 785, 35;
-15, 202, 9, -277, -827, -22, -59, 788, 37;
-17, 201, 8, -308, -828, -26, -66, 787, 34;
-11, 209, 15, -267, -758, 16, -44, 815, 61;
-11, 210, 16, -281, -742, 22, -44, 821, 65;
-21, 202, 8, -386, -817, -31, -82, 788, 31;
-15, 209, 14, -348, -748, 8, -61, 816, 56;
-15, 210, 15, -361, -731, 15, -62, 821, 60;
-21, 206, 11, -425, -763, -11, -83, 807, 43;
-22, 207, 10, -450, -757, -13, -88, 808, 42;
-23, 208, 11, -466, -742, -9, -90, 813, 45;
-21, 212, 14, -459, -703, 9, -82, 827, 56;
-24, 210, 12, -500, -713, -3, -94, 821, 48;
-20, 215, 17, -478, -659, 25, -80, 842, 66;
-25, 213, 13, -533, -682, 2, -98, 830, 52;
-26, 213, 13, -555, -672, 1, -102, 833, 52;
-27, 214, 13, -574, -659, 2, -106, 836, 52;
-25, 218, 16, -568, -621, 19, -99, 850, 63;
-26, 218, 16, -589, -610, 18, -103, 852, 62;
-27, 219, 15, -612, -600, 16, -108, 854, 61;
-32, 216, 11, -667, -624, -8, -127, 842, 45;
-34, 216, 11, -691, -616, -12, -133, 843, 43;
-28, 223, 17, -649, -541, 27, -111, 872, 68;
-38, 215, 8, -753, -613, -29, -150, 840, 32;
-31, 224, 16, -691, -519, 22, -121, 876, 64;
-35, 222, 13, -741, -538, 0, -138, 866, 50;
-40, 218, 8, -797, -561, -26, -157, 853, 34;
-41, 219, 8, -820, -553, -31, -163, 854, 31;
-40, 222, 10, -816, -518, -18, -158, 866, 39;
-42, 221, 8, -843, -514, -27, -166, 865, 33;
-38, 227, 13, -813, -453, 2, -151, 887, 52;
-36, 231, 16, -799, -407, 20, -141, 903, 63;
-38, 231, 14, -828, -406, 9, -151, 901, 57;
-42, 229, 11, -870, -418, -9, -165, 893, 45;
-38, 234, 16, -839, -357, 18, -150, 915, 62;
-40, 234, 14, -868, -356, 7, -159, 913, 55;
-39, 236, 15, -864, -323, 16, -155, 923, 61;
-48, 230, 7, -947, -377, -31, -187, 898, 31;
-46, 233, 10, -937, -339, -18, -181, 911, 39;
-48, 232, 8, -964, -337, -30, -190, 908, 32;
-39, 244, 18, -879, -224, 32, -153, 952, 70;
-42, 242, 15, -912, -230, 15, -165, 946, 60;
-46, 239, 11, -959, -250, -11, -182, 934, 43;
-45, 242, 12, -952, -217, -2, -178, 945, 49;
-46, 242, 11, -966, -204, -7, -182, 947, 46;
-50, 240, 8, -1006, -219, -30, -198, 937, 32;
-48, 244, 10, -987, -174, -13, -188, 953, 42;
-50, 243, 8, -1011, -173, -27, -197, 949, 34;
-47, 248, 12, -978, -117, -2, -183, 970, 49;
-42, 254, 17, -939, -54, 25, -166, 992, 66;
-42, 256, 17, -936, -28, 28, -164, 1000, 68;
-49, 251, 10, -1001, -71, -13, -191, 979, 42;
-50, 250, 9, -1019, -67, -24, -198, 977, 35;
-42, 260, 17, -943, 30, 26, -166, 1014, 67;
-50, 253, 9, -1016, -22, -21, -197, 988, 37;
-44, 261, 15, -957, 56, 17, -172, 1018, 61;
-44, 262, 15, -959, 74, 15, -173, 1022, 60;
-52, 255, 7, -1028, 22, -32, -203, 997, 30;
-48, 260, 11, -996, 73, -12, -190, 1015, 42;
-50, 260, 9, -1006, 80, -21, -195, 1014, 37;
-47, 264, 12, -977, 126, -4, -183, 1030, 48;
-49, 262, 9, -996, 122, -20, -192, 1025, 38;
-48, 265, 10, -982, 152, -13, -187, 1034, 42;
-50, 264, 8, -998, 151, -28, -195, 1030, 33;
-47, 267, 10, -971, 191, -14, -186, 1044, 41;
-46, 269, 11, -959, 216, -11, -182, 1051, 43;
-42, 275, 15, -909, 278, 17, -163, 1073, 61;
-40, 277, 16, -894, 305, 22, -159, 1081, 64;
-44, 274, 12, -927, 284, -5, -174, 1069, 47;
-47, 272, 9, -946, 274, -24, -184, 1062, 35;
-38, 282, 18, -853, 376, 30, -148, 1101, 70;
-45, 276, 10, -913, 325, -15, -175, 1076, 41;
-38, 283, 16, -847, 399, 21, -150, 1104, 64;
-41, 280, 12, -870, 383, -1, -162, 1095, 50;
-41, 281, 12, -860, 399, -2, -161, 1098, 49;
-39, 284, 13, -836, 428, 4, -154, 1107, 53;
-34, 289, 18, -782, 487, 32, -134, 1129, 70;
-40, 284, 12, -826, 446, -6, -156, 1109, 46;
-39, 285, 12, -809, 467, -4, -152, 1115, 48;
-32, 292, 17, -743, 534, 29, -128, 1140, 69;
-39, 286, 10, -798, 481, -16, -154, 1115, 40;
-34, 291, 15, -736, 543, 14, -132, 1138, 59;
-40, 285, 8, -789, 490, -31, -157, 1114, 31;
-38, 287, 8, -764, 514, -26, -151, 1121, 34;
-34, 292, 12, -712, 564, -2, -133, 1139, 49;
-33, 292, 12, -697, 576, -4, -131, 1142, 48;
-29, 296, 15, -650, 620, 15, -116, 1158, 60;
-31, 295, 12, -657, 609, -1, -123, 1151, 50;
-26, 300, 16, -601, 660, 23, -104, 1170, 65;
-25, 301, 17, -579, 676, 25, -99, 1174, 66;
-31, 295, 10, -625, 623, -18, -122, 1150, 39;
-26, 300, 14, -564, 676, 8, -102, 1170, 56;
-26, 300, 13, -552, 680, 3, -101, 1170, 53;
-24, 301, 14, -525, 698, 8, -95, 1175, 55;
-24, 301, 13, -510, 703, 4, -93, 1176, 53;
-26, 298, 10, -523, 679, -18, -104, 1164, 39;
-24, 300, 11, -488, 703, -9, -94, 1172, 44;
-22, 301, 12, -460, 719, -5, -87, 1177, 47;
-25, 298, 8, -473, 693, -29, -98, 1165, 32;
-20, 303, 12, -416, 737, -5, -79, 1181, 47;
-19, 302, 11, -399, 739, -9, -77, 1181, 44;
-17, 305, 13, -361, 762, 0, -67, 1189, 51;
-13, 308, 15, -314, 793, 16, -53, 1201, 61;
-17, 303, 10, -341, 750, -16, -69, 1182, 40;
-16, 303, 10, -317, 757, -16, -64, 1184, 40;
-16, 303, 9, -302, 754, -22, -64, 1182, 36;
-11, 306, 12, -247, 791, -1, -46, 1196, 49;
-14, 303, 9, -257, 762, -24, -56, 1183, 35;
-14, 302, 7, -244, 755, -31, -56, 1179, 31;
-13, 302, 8, -218, 760, -30, -51, 1181, 31;
-8, 306, 11, -158, 799, -7, -32, 1197, 46;
-4, 309, 14, -107, 828, 10, -16, 1208, 57;
-1, 311, 16, -67, 846, 20, -5, 1215, 63;
0, 311, 16, -46, 845, 18, -2, 1214, 62;
-3, 307, 12, -58, 809, -6, -13, 1199, 47;
-5, 304, 9, -61, 782, -24, -19, 1188, 35;
4, 313, 17, 44, 864, 29, 18, 1222, 69;
1, 308, 13, 24, 819, 0, 4, 1203, 51;
-1, 304, 8, 9, 779, -26, -7, 1187, 34;
2, 307, 12, 68, 811, -3, 11, 1200, 48;
8, 312, 17, 135, 852, 24, 33, 1218, 66;
6, 309, 13, 131, 821, 5, 26, 1205, 54;
9, 310, 15, 174, 836, 17, 38, 1212, 61;
12, 312, 17, 216, 850, 29, 50, 1218, 69;
11, 309, 14, 214, 820, 11, 43, 1207, 58;
14, 311, 17, 260, 838, 26, 57, 1215, 67;
7, 302, 8, 206, 755, -25, 29, 1181, 35;
9, 303, 9, 235, 755, -21, 36, 1182, 37;
12, 304, 11, 275, 766, -10, 47, 1187, 44;
20, 310, 18, 362, 823, 31, 78, 1212, 70;
18, 307, 15, 362, 792, 15, 72, 1201, 60;
20, 307, 15, 389, 789, 18, 78, 1200, 62;
16, 302, 11, 369, 738, -10, 65, 1181, 44;
19, 304, 13, 408, 746, 0, 76, 1185, 51;
18, 301, 11, 413, 720, -10, 73, 1176, 44;
23, 304, 14, 468, 744, 10, 91, 1187, 57;
22, 302, 13, 476, 720, 1, 89, 1179, 51;
24, 302, 13, 499, 712, 2, 94, 1177, 52;
23, 299, 11, 501, 682, -9, 90, 1167, 44;
28, 302, 15, 562, 711, 16, 110, 1181, 61;
28, 300, 14, 571, 688, 8, 109, 1173, 56;
27, 298, 13, 577, 662, 0, 107, 1164, 50;
24, 293, 8, 554, 607, -28, 93, 1143, 33;
26, 294, 10, 588, 609, -19, 103, 1146, 39;
33, 299, 16, 666, 655, 20, 131, 1167, 63;
29, 293, 10, 633, 589, -14, 113, 1142, 41;
30, 293, 11, 659, 583, -9, 119, 1142, 45;
31, 292, 11, 679, 571, -7, 124, 1140, 46;
30, 289, 9, 678, 538, -20, 119, 1128, 38;
34, 291, 12, 720, 548, -3, 133, 1135, 48;
33, 288, 10, 720, 516, -14, 129, 1124, 41;
39, 292, 16, 787, 551, 19, 153, 1142, 63;
37, 288, 13, 775, 508, 1, 145, 1127, 52;
35, 285, 10, 765, 467, -15, 137, 1112, 41;
35, 283, 9, 773, 444, -19, 137, 1105, 38;
43, 289, 17, 858, 498, 27, 169, 1130, 68;
44, 288, 17, 872, 480, 27, 172, 1126, 68;
35, 278, 8, 800, 378, -28, 139, 1087, 33;
36, 277, 8, 815, 362, -27, 142, 1083, 34;
41, 281, 13, 871, 389, 2, 163, 1097, 52;
40, 278, 11, 861, 350, -11, 156, 1084, 43;
45, 281, 16, 918, 377, 19, 177, 1098, 62;
40, 274, 10, 874, 304, -17, 157, 1071, 40;
41, 274, 11, 893, 294, -11, 162, 1070, 44;
41, 272, 10, 893, 266, -17, 160, 1061, 40;
42, 271, 10, 905, 251, -14, 164, 1058, 42;
49, 276, 17, 976, 294, 27, 191, 1079, 67;
41, 267, 9, 909, 200, -22, 162, 1044, 37;
46, 270, 13, 955, 219, 3, 179, 1055, 53;
40, 263, 8, 908, 147, -31, 158, 1028, 31;
46, 268, 14, 970, 183, 6, 183, 1047, 54;
43, 263, 10, 937, 125, -18, 168, 1026, 39;
42, 261, 9, 934, 97, -23, 166, 1018, 36;
42, 259, 9, 937, 76, -24, 166, 1013, 35;
49, 265, 16, 1005, 120, 18, 193, 1034, 62;
43, 257, 9, 948, 40, -20, 169, 1005, 38;
51, 264, 17, 1025, 95, 29, 201, 1030, 69;
45, 257, 11, 970, 18, -8, 178, 1002, 45;
48, 258, 14, 992, 19, 6, 187, 1006, 54;
52, 260, 18, 1031, 37, 31, 203, 1017, 70;
51, 258, 17, 1022, 8, 26, 199, 1008, 67;
49, 256, 15, 1009, -24, 18, 194, 998, 62;
42, 247, 9, 942, -109, -25, 167, 966, 35;
51, 255, 17, 1022, -47, 30, 201, 995, 69;
45, 248, 12, 968, -119, -4, 179, 969, 48;
50, 251, 16, 1006, -97, 23, 195, 981, 65;
45, 245, 12, 956, -163, -6, 176, 957, 46;
45, 244, 12, 957, -177, -2, 177, 955, 49;
48, 247, 16, 984, -165, 18, 190, 963, 62;
49, 246, 17, 987, -175, 25, 193, 962, 66;
40, 236, 8, 897, -278, -30, 157, 923, 32;
43, 239, 11, 923, -265, -7, 169, 932, 46;
40, 235, 9, 890, -309, -24, 157, 916, 35;
42, 236, 11, 908, -302, -6, 167, 922, 46;
48, 241, 17, 955, -265, 30, 188, 941, 69;
43, 235, 13, 901, -329, 0, 168, 918, 51;
40, 232, 11, 873, -365, -11, 159, 906, 44;
46, 237, 17, 923, -323, 29, 182, 926, 69;
39, 230, 11, 851, -402, -11, 154, 897, 43;
39, 228, 11, 838, -421, -11, 152, 892, 43;
37, 226, 10, 816, -448, -17, 146, 883, 39;
43, 231, 16, 862, -407, 21, 168, 903, 64;
39, 227, 13, 819, -453, 1, 153, 887, 52;
35, 223, 10, 778, -498, -16, 139, 872, 40;
40, 228, 16, 819, -459, 20, 159, 890, 63;
37, 224, 13, 774, -505, 0, 144, 874, 51;
36, 223, 13, 761, -518, 2, 142, 871, 52;
37, 224, 15, 763, -516, 14, 147, 874, 59;
29, 216, 8, 678, -600, -31, 115, 842, 31;
32, 218, 11, 696, -580, -7, 127, 853, 46;
30, 216, 10, 666, -607, -16, 118, 844, 40;
27, 213, 8, 630, -639, -28, 108, 833, 33;
31, 217, 12, 652, -613, -1, 121, 846, 49;
26, 212, 9, 602, -658, -22, 104, 830, 36;
26, 212, 9, 585, -669, -21, 102, 828, 37;
27, 213, 11, 586, -661, -7, 106, 833, 46;
23, 209, 8, 534, -706, -28, 89, 817, 33;
28, 214, 14, 572, -660, 9, 110, 838, 57;
23, 210, 10, 514, -709, -15, 90, 819, 41;
21, 208, 9, 485, -728, -20, 83, 813, 38;
28, 216, 18, 542, -660, 31, 112, 843, 70;
18, 206, 8, 433, -758, -26, 71, 804, 34;
25, 213, 16, 486, -693, 23, 98, 833, 65;
20, 209, 12, 429, -738, 0, 79, 816, 50;
21, 210, 15, 426, -726, 12, 84, 822, 59;
15, 205, 10, 360, -779, -16, 61, 802, 40;
17, 207, 13, 363, -760, 0, 68, 810, 51;
12, 203, 9, 305, -802, -22, 49, 794, 37;
17, 209, 15, 337, -754, 14, 68, 816, 60;
9, 202, 9, 254, -820, -25, 38, 789, 35;
16, 209, 16, 299, -757, 20, 62, 816, 63;
8, 202, 10, 218, -820, -17, 34, 791, 40;
10, 205, 13, 221, -798, 0, 41, 801, 51;
8, 203, 11, 183, -816, -8, 31, 794, 45;
9, 206, 14, 183, -795, 7, 36, 804, 55;
10, 207, 16, 177, -780, 19, 39, 810, 63;
7, 206, 14, 140, -796, 11, 29, 804, 57;
8, 208, 17, 137, -776, 25, 34, 813, 67;
7, 208, 16, 109, -782, 23, 28, 811, 65;
0, 201, 10, 27, -840, -14, 0, 787, 41;
-2, 200, 9, -9, -853, -22, -9, 782, 36;
1, 205, 14, 15, -803, 10, 6, 802, 57;
2, 207, 16, 6, -788, 20, 8, 808, 63;
-4, 201, 10, -74, -843, -16, -19, 786, 40;
0, 207, 16, -46, -789, 18, -2, 808, 62;
-6, 202, 11, -114, -830, -10, -24, 790, 44;
-5, 205, 13, -115, -805, 5, -19, 801, 54;
-10, 201, 9, -180, -843, -21, -41, 784, 37;
-7, 205, 13, -167, -802, 2, -30, 801, 52;
-12, 202, 9, -226, -832, -19, -48, 787, 38;
-8, 207, 15, -198, -776, 14, -31, 810, 60;
-8, 208, 16, -215, -765, 19, -33, 814, 62;
-14, 204, 11, -287, -807, -12, -58, 795, 42;
-8, 211, 18, -244, -735, 31, -34, 825, 70;
-17, 204, 11, -334, -794, -12, -66, 799, 43;
-15, 207, 13, -333, -764, 3, -61, 810, 53;
-17, 207, 12, -365, -765, -2, -68, 809, 49;
-15, 211, 16, -353, -722, 21, -58, 825, 64;
-15, 212, 16, -374, -713, 21, -62, 828, 64;
-18, 211, 14, -413, -720, 11, -73, 823, 57;
-16, 214, 17, -405, -681, 30, -65, 838, 70;
-22, 210, 13, -473, -717, 0, -88, 821, 51;
-25, 209, 11, -509, -722, -9, -98, 817, 45;
-26, 210, 11, -532, -713, -10, -103, 819, 44;
-25, 213, 13, -532, -681, 3, -98, 831, 53;
-29, 210, 10, -583, -700, -17, -114, 821, 40;
-28, 213, 12, -582, -667, -3, -109, 833, 49;
-32, 211, 9, -632, -685, -23, -125, 823, 36;
-30, 214, 12, -626, -647, -6, -119, 837, 47;
-33, 213, 9, -665, -653, -19, -130, 832, 38;
-35, 213, 8, -694, -650, -26, -138, 831, 34;
-32, 217, 12, -678, -602, -3, -127, 849, 48;
-28, 223, 17, -647, -539, 29, -110, 873, 69;
-34, 219, 12, -718, -578, -6, -136, 854, 46;
-39, 216, 8, -769, -597, -29, -153, 843, 32;
-33, 224, 15, -719, -515, 14, -129, 875, 60;
-39, 219, 9, -792, -557, -23, -155, 855, 36;
-38, 222, 11, -789, -523, -11, -151, 867, 44;
-40, 222, 10, -813, -515, -16, -157, 867, 40;
-33, 230, 17, -760, -431, 28, -132, 899, 68;
-35, 230, 16, -784, -424, 21, -139, 899, 64;
-42, 225, 9, -860, -469, -20, -167, 878, 38;
-44, 225, 9, -881, -459, -25, -173, 879, 35;
-42, 229, 11, -871, -418, -10, -165, 893, 44;
-41, 231, 13, -866, -384, 0, -161, 904, 51;
-39, 235, 15, -857, -345, 14, -155, 917, 59;
-39, 236, 15, -864, -323, 16, -155, 923, 61;
-46, 232, 9, -931, -361, -20, -180, 904, 38;
-39, 240, 17, -870, -271, 26, -153, 939, 67;
-48, 233, 8, -963, -336, -29, -189, 908, 32;
-39, 244, 18, -880, -225, 31, -153, 951, 70;
-41, 243, 16, -907, -225, 18, -162, 948, 62;
-47, 239, 11, -962, -252, -12, -183, 933, 43;
-45, 242, 13, -947, -211, 1, -176, 947, 51;
-41, 248, 17, -911, -150, 29, -160, 969, 69;
-47, 243, 11, -974, -187, -9, -184, 951, 45;
-51, 241, 8, -1013, -200, -31, -199, 942, 31;
-51, 242, 8, -1017, -180, -31, -200, 947, 31;
-48, 247, 11, -991, -130, -11, -188, 964, 43;
-45, 252, 14, -961, -77, 10, -175, 983, 57;
-48, 250, 11, -994, -86, -9, -188, 976, 45;
-50, 249, 9, -1016, -86, -23, -197, 972, 36;
-46, 254, 13, -978, -26, 2, -181, 993, 52;
-49, 253, 10, -1009, -36, -17, -194, 986, 40;
-42, 261, 17, -940, 53, 28, -165, 1020, 68;
-44, 261, 15, -956, 57, 17, -172, 1018, 62;
-50, 256, 9, -1013, 19, -21, -196, 999, 37;
-46, 261, 13, -976, 75, 2, -181, 1019, 52;
-47, 261, 11, -988, 81, -7, -187, 1018, 46;
-50, 260, 9, -1006, 80, -21, -195, 1014, 37;
-47, 263, 11, -980, 122, -6, -185, 1028, 46;
-44, 268, 15, -945, 174, 13, -171, 1046, 59;
-45, 267, 13, -960, 174, 0, -178, 1043, 51;
-45, 268, 13, -956, 193, 0, -178, 1048, 50;
-49, 266, 9, -985, 178, -23, -191, 1038, 36;
-40, 275, 17, -901, 274, 27, -158, 1075, 67;
-46, 270, 11, -953, 235, -12, -182, 1055, 43;
-44, 273, 12, -933, 267, -3, -175, 1065, 48;
-47, 271, 9, -952, 258, -22, -185, 1058, 37;
-39, 280, 16, -873, 347, 23, -154, 1092, 65;
-43, 277, 12, -902, 328, -1, -168, 1081, 50;
-44, 276, 10, -912, 326, -14, -175, 1077, 41;
-46, 275, 8, -919, 327, -26, -180, 1074, 34;
-39, 282, 14, -852, 401, 10, -155, 1102, 57;
-45, 277, 8, -902, 357, -31, -179, 1081, 31;
-40, 282, 12, -847, 417, -2, -159, 1103, 49;
-42, 281, 10, -858, 411, -18, -166, 1097, 39;
-39, 285, 12, -820, 452, -2, -154, 1111, 49;
-35, 289, 15, -778, 497, 16, -139, 1127, 61;
-37, 288, 13, -783, 495, 3, -144, 1124, 53;
-35, 290, 14, -760, 519, 8, -138, 1131, 56;
-41, 284, 7, -806, 473, -32, -161, 1109, 30;
-31, 295, 17, -701, 578, 26, -121, 1150, 67;
-35, 291, 12, -729, 549, -2, -137, 1135, 49;
-29, 296, 17, -669, 607, 26, -115, 1157, 67;
-32, 293, 13, -690, 584, 0, -128, 1145, 51;
-31, 295, 13, -665, 605, 5, -122, 1151, 54;
-28, 298, 15, -628, 637, 17, -111, 1163, 61;
-31, 295, 11, -647, 613, -7, -123, 1150, 46;
-31, 294, 10, -638, 617, -13, -123, 1150, 42;
-27, 299, 14, -586, 662, 7, -106, 1166, 55;
-25, 301, 15, -553, 687, 16, -97, 1175, 61;
-25, 300, 13, -550, 682, 5, -100, 1171, 54;
-20, 305, 17, -491, 732, 30, -81, 1189, 69;
-25, 300, 12, -520, 693, -2, -98, 1171, 49;
-26, 298, 10, -521, 681, -17, -103, 1165, 39;
-25, 299, 10, -500, 691, -17, -99, 1167, 39;
-18, 306, 16, -420, 759, 20, -71, 1194, 63;
-16, 307, 17, -388, 779, 27, -62, 1200, 68;
-16, 306, 16, -379, 773, 18, -64, 1197, 62;
-19, 303, 12, -391, 747, -4, -74, 1184, 48;
-21, 300, 8, -401, 722, -26, -83, 1173, 34;
-11, 310, 18, -292, 816, 31, -43, 1210, 70;
-13, 307, 14, -299, 792, 10, -52, 1199, 57;
-11, 308, 15, -272, 801, 12, -46, 1202, 58;
-14, 304, 11, -287, 769, -12, -57, 1188, 43;
-15, 302, 8, -282, 755, -25, -61, 1181, 35;
-10, 306, 12, -224, 795, -2, -42, 1197, 49;
-14, 302, 8, -242, 757, -30, -55, 1180, 32;
-8, 307, 12, -174, 805, -1, -32, 1199, 50;
-11, 303, 8, -192, 766, -29, -45, 1183, 32;
-4, 309, 14, -108, 827, 9, -17, 1208, 56;
-8, 304, 8, -137, 777, -25, -34, 1186, 35;
1, 313, 18, -27, 864, 31, 5, 1222, 70;
0, 311, 16, -21, 846, 18, 2, 1215, 62;
1, 311, 16, 3, 847, 18, 6, 1215, 62;
1, 310, 14, 13, 833, 9, 5, 1209, 56;
-3, 304, 8, -17, 777, -28, -12, 1186, 33;
0, 306, 10, 27, 796, -14, 0, 1194, 41;
4, 309, 13, 81, 824, 4, 16, 1206, 53;
9, 313, 17, 144, 861, 30, 37, 1221, 70;
8, 310, 15, 143, 833, 13, 31, 1210, 59;
7, 308, 13, 154, 817, 4, 30, 1204, 53;
11, 311, 16, 203, 838, 20, 45, 1213, 63;
8, 306, 12, 188, 795, -5, 33, 1196, 47;
9, 306, 12, 212, 790, -5, 37, 1195, 47;
8, 303, 9, 213, 763, -20, 32, 1184, 38;
15, 309, 16, 296, 816, 18, 61, 1207, 62;
10, 302, 9, 259, 749, -22, 40, 1180, 37;
12, 303, 10, 292, 752, -15, 49, 1183, 41;
11, 300, 8, 293, 723, -30, 44, 1172, 31;
18, 306, 14, 373, 773, 7, 72, 1194, 55;
13, 299, 8, 338, 707, -31, 52, 1168, 31;
22, 306, 15, 432, 770, 16, 86, 1195, 61;
22, 305, 15, 452, 759, 14, 89, 1192, 60;
19, 300, 10, 429, 705, -14, 75, 1171, 41;
23, 303, 13, 481, 726, 5, 91, 1181, 54;
21, 299, 10, 474, 687, -13, 83, 1167, 42;
23, 300, 12, 509, 690, -4, 93, 1170, 48;
26, 300, 13, 544, 693, 4, 102, 1173, 53;
29, 302, 15, 583, 700, 16, 114, 1178, 61;
22, 293, 7, 529, 614, -32, 87, 1144, 30;
30, 299, 14, 612, 665, 9, 117, 1168, 57;
30, 298, 14, 628, 649, 7, 119, 1163, 55;
26, 292, 9, 598, 586, -25, 102, 1139, 35;
31, 295, 12, 652, 609, -1, 121, 1151, 50;
35, 298, 16, 708, 632, 23, 140, 1163, 65;
35, 296, 15, 718, 610, 18, 140, 1156, 62;
36, 295, 15, 734, 594, 17, 142, 1152, 61;
38, 295, 17, 762, 590, 24, 150, 1153, 66;
36, 292, 14, 753, 550, 8, 143, 1138, 55;
40, 293, 17, 796, 561, 25, 157, 1145, 67;
37, 289, 14, 782, 515, 5, 147, 1129, 54;
38, 288, 13, 794, 496, 4, 149, 1124, 53;
42, 290, 16, 838, 508, 23, 164, 1132, 65;
39, 286, 13, 822, 461, 3, 154, 1115, 53;
43, 288, 16, 865, 474, 23, 169, 1123, 65;
42, 285, 15, 866, 444, 15, 166, 1114, 60;
35, 276, 7, 806, 354, -32, 139, 1080, 30;
44, 284, 16, 897, 415, 19, 174, 1108, 63;
47, 284, 18, 926, 414, 31, 183, 1111, 70;
39, 275, 10, 863, 322, -17, 155, 1075, 40;
38, 273, 8, 859, 289, -26, 151, 1065, 34;
39, 272, 9, 872, 273, -25, 154, 1061, 35;
42, 274, 12, 909, 282, -6, 167, 1068, 46;
41, 270, 9, 895, 241, -21, 159, 1054, 37;
41, 268, 9, 900, 218, -23, 159, 1048, 36;
45, 271, 13, 943, 234, 0, 176, 1058, 51;
48, 272, 15, 974, 238, 16, 187, 1063, 61;
49, 272, 16, 989, 227, 22, 192, 1062, 64;
49, 271, 17, 999, 211, 25, 194, 1058, 66;
50, 270, 17, 1009, 197, 29, 198, 1056, 69;
47, 266, 14, 984, 147, 9, 186, 1039, 56;
44, 261, 10, 952, 90, -14, 172, 1018, 41;
42, 258, 8, 937, 52, -26, 165, 1006, 34;
45, 259, 11, 967, 60, -7, 177, 1012, 46;
44, 257, 10, 961, 31, -13, 174, 1004, 42;
47, 258, 13, 983, 31, 0, 183, 1007, 51;
46, 256, 12, 981, 7, -1, 182, 1001, 49;
47, 255, 13, 983, -10, 0, 183, 997, 50;
43, 250, 9, 945, -68, -24, 167, 976, 35;
49, 255, 15, 1004, -28, 15, 192, 996, 60;
48, 253, 14, 996, -55, 11, 189, 989, 57;
46, 249, 12, 971, -98, -3, 179, 974, 48;
49, 252, 16, 1002, -85, 18, 193, 983, 62;
50, 252, 17, 1011, -92, 27, 198, 983, 67;
47, 247, 14, 976, -142, 7, 184, 966, 55;
42, 242, 9, 930, -205, -20, 166, 943, 38;
43, 241, 10, 931, -218, -16, 168, 941, 40;
40, 238, 8, 905, -258, -29, 158, 928, 32;
49, 246, 17, 986, -190, 28, 193, 959, 68;
49, 244, 17, 979, -209, 29, 192, 955, 69;
48, 242, 16, 964, -235, 24, 188, 947, 66;
44, 238, 14, 927, -283, 5, 175, 930, 54;
42, 235, 12, 900, -320, -6, 165, 918, 47;
44, 237, 14, 916, -313, 11, 174, 924, 57;
45, 237, 16, 920, -318, 20, 178, 925, 63;
39, 230, 10, 856, -389, -14, 154, 899, 41;
45, 235, 16, 903, -350, 23, 176, 918, 65;
38, 227, 10, 828, -431, -18, 148, 888, 39;
44, 233, 17, 882, -382, 26, 173, 911, 67;
43, 232, 16, 867, -402, 24, 170, 906, 66;
38, 226, 12, 811, -462, -3, 149, 884, 48;
37, 224, 11, 791, -485, -7, 144, 877, 46;
41, 228, 16, 821, -456, 22, 160, 891, 64;
36, 223, 12, 770, -509, -2, 142, 872, 49;
38, 225, 15, 778, -501, 13, 150, 878, 59;
39, 225, 16, 774, -505, 22, 152, 879, 64;
36, 222, 14, 739, -539, 9, 141, 868, 56;
29, 215, 8, 662, -614, -30, 113, 839, 31;
32, 218, 12, 687, -587, -2, 127, 853, 49;
35, 221, 16, 702, -567, 19, 137, 863, 63;
26, 212, 8, 609, -656, -30, 103, 829, 32;
30, 217, 13, 641, -620, 3, 120, 846, 52;
25, 211, 8, 578, -676, -25, 99, 825, 34;
33, 219, 17, 639, -608, 27, 128, 855, 68;
29, 215, 14, 592, -648, 9, 113, 840, 56;
25, 212, 11, 545, -687, -8, 98, 826, 45;
29, 216, 16, 569, -654, 21, 113, 842, 64;
28, 215, 16, 553, -660, 24, 111, 841, 66;
23, 211, 12, 493, -709, -1, 91, 823, 50;
20, 208, 10, 450, -741, -15, 78, 811, 41;
22, 210, 13, 459, -720, 5, 87, 822, 54;
22, 211, 14, 446, -720, 11, 87, 823, 57;
21, 210, 14, 422, -730, 10, 82, 820, 57;
14, 204, 9, 349, -789, -23, 57, 797, 36;
12, 203, 8, 319, -804, -28, 49, 792, 33;
18, 209, 15, 358, -750, 12, 71, 816, 58;
16, 207, 14, 324, -767, 5, 62, 810, 54;
9, 201, 8, 248, -826, -28, 36, 787, 32;
8, 201, 8, 227, -829, -27, 33, 786, 34;
9, 203, 10, 223, -815, -14, 36, 793, 42;
11, 206, 13, 226, -792, 3, 43, 803, 53;
5, 200, 8, 155, -843, -27, 19, 783, 34;
13, 209, 17, 218, -760, 30, 51, 818, 70;
10, 208, 16, 183, -774, 23, 42, 813, 65;
10, 209, 17, 166, -769, 29, 41, 815, 69;
0, 199, 8, 55, -858, -28, 0, 779, 33;
2, 202, 11, 61, -829, -8, 8, 791, 45;
0, 201, 10, 23, -844, -17, -1, 785, 40;
-3, 199, 8, -16, -860, -27, -12, 779, 33;
-4, 199, 8, -40, -859, -26, -16, 779, 34;
0, 204, 13, -21, -816, 1, -3, 797, 52;
0, 206, 14, -31, -801, 11, -1, 803, 58;
1, 209, 18, -27, -770, 31, 5, 816, 70;
-3, 205, 14, -85, -802, 8, -12, 802, 56;
-1, 208, 17, -82, -772, 27, -6, 814, 67;
-6, 205, 13, -145, -807, 1, -26, 799, 52;
-5, 207, 15, -144, -779, 18, -20, 810, 62;
-6, 208, 15, -169, -775, 18, -25, 811, 62;
-12, 203, 11, -238, -816, -11, -48, 793, 43;
-9, 208, 15, -220, -769, 16, -35, 812, 61;
-8, 209, 16, -232, -752, 24, -35, 818, 66;
-13, 206, 13, -287, -778, 3, -52, 807, 52;
-16, 205, 11, -330, -791, -10, -65, 800, 44;
-18, 205, 11, -355, -786, -11, -70, 801, 43;
-15, 210, 15, -341, -741, 13, -58, 819, 59;
-22, 204, 9, -420, -789, -23, -86, 797, 36;
-23, 204, 8, -449, -787, -27, -93, 797, 33;
-23, 206, 10, -454, -761, -16, -90, 806, 40;
-22, 209, 12, -460, -735, -5, -87, 815, 47;
-18, 214, 17, -433, -678, 26, -71, 837, 67;
-19, 215, 17, -452, -664, 28, -74, 841, 68;
-21, 215, 16, -482, -663, 22, -82, 840, 65;
-30, 207, 8, -581, -730, -29, -118, 811, 32;
-26, 213, 13, -557, -674, 0, -103, 832, 51;
-27, 213, 12, -580, -665, -1, -108, 834, 49;
-24, 219, 17, -557, -610, 27, -94, 855, 67;
-28, 216, 13, -609, -630, 5, -111, 844, 54;
-34, 212, 8, -677, -665, -27, -135, 827, 34;
-35, 213, 9, -693, -649, -25, -138, 832, 35;
-36, 214, 9, -709, -634, -24, -140, 836, 35;
-33, 219, 13, -691, -583, 0, -128, 854, 50;
-35, 218, 11, -723, -583, -9, -138, 852, 44;
-37, 217, 9, -756, -584, -20, -148, 849, 38;
-37, 220, 11, -758, -554, -10, -145, 859, 44;
-34, 224, 14, -745, -510, 8, -136, 875, 56;
-36, 225, 13, -764, -497, 5, -140, 877, 54;
-40, 221, 9, -819, -520, -20, -159, 865, 38;
-34, 229, 16, -768, -439, 22, -135, 896, 65;
-38, 227, 13, -814, -454, 1, -151, 887, 51;
-38, 229, 14, -816, -424, 9, -148, 896, 56;
-44, 225, 9, -879, -458, -24, -172, 880, 35;
-44, 227, 9, -885, -433, -19, -171, 887, 38;
-45, 227, 8, -907, -425, -26, -178, 887, 34;
-42, 232, 13, -879, -368, 0, -164, 908, 50;
-40, 235, 14, -872, -331, 11, -158, 920, 58;
-47, 231, 8, -939, -369, -26, -184, 901, 34;
-46, 233, 9, -941, -343, -21, -182, 909, 37;
-49, 232, 7, -968, -341, -32, -191, 906, 30;
-48, 235, 9, -962, -308, -23, -187, 917, 36;
-41, 243, 16, -903, -221, 21, -161, 950, 64;
-43, 243, 14, -926, -217, 11, -168, 948, 57;
-45, 243, 13, -945, -209, 2, -175, 948, 52;
-44, 244, 13, -946, -185, 5, -174, 955, 54;
-45, 246, 13, -953, -166, 4, -176, 959, 53;
-45, 247, 13, -962, -149, 2, -178, 963, 52;
-46, 247, 12, -973, -136, -1, -182, 965, 49;
-49, 246, 10, -1002, -141, -18, -193, 960, 39;
-48, 248, 11, -995, -110, -11, -189, 969, 43;
-51, 247, 8, -1023, -116, -29, -201, 963, 32;
-50, 249, 9, -1014, -84, -21, -196, 973, 37;
-46, 255, 13, -974, -22, 5, -179, 995, 54;
-49, 253, 10, -1005, -31, -14, -192, 988, 42;
-50, 254, 10, -1011, -17, -18, -195, 990, 39;
-48, 256, 11, -999, 14, -11, -190, 1000, 44;
-42, 264, 17, -936, 96, 29, -164, 1031, 69;
-45, 262, 14, -964, 87, 10, -176, 1024, 57;
-47, 261, 12, -986, 83, -6, -186, 1019, 47;
-43, 266, 16, -946, 140, 18, -170, 1039, 62;
-47, 263, 12, -979, 124, -5, -184, 1029, 47;
-51, 261, 8, -1012, 107, -30, -199, 1019, 31;
-49, 263, 9, -994, 140, -22, -193, 1029, 37;
-41, 272, 17, -916, 233, 26, -161, 1064, 67;
-40, 274, 17, -907, 255, 28, -159, 1070, 68;
-39, 276, 18, -894, 281, 32, -155, 1078, 70;
-46, 270, 11, -951, 237, -10, -181, 1056, 44;
-47, 270, 10, -955, 244, -18, -184, 1056, 39;
-41, 277, 15, -899, 311, 13, -163, 1080, 59;
-45, 274, 11, -926, 294, -10, -176, 1070, 44;
-38, 282, 18, -853, 377, 31, -148, 1101, 70;
-46, 274, 8, -929, 309, -26, -182, 1070, 34;
-40, 281, 14, -867, 378, 7, -159, 1096, 55;
-42, 280, 12, -876, 377, -5, -165, 1092, 47;
-41, 281, 12, -858, 401, -1, -160, 1099, 49;
-37, 285, 15, -820, 444, 15, -147, 1114, 60;
-36, 287, 16, -802, 466, 18, -143, 1120, 62;
-38, 285, 13, -813, 459, 2, -151, 1114, 52;
-42, 282, 8, -843, 432, -27, -166, 1100, 34;
-33, 292, 17, -746, 532, 28, -129, 1139, 68;
-39, 286, 10, -797, 482, -16, -154, 1115, 40;
-34, 291, 15, -736, 543, 14, -132, 1138, 59;
-40, 286, 8, -785, 494, -28, -156, 1115, 33;
-35, 290, 11, -736, 542, -7, -140, 1132, 46;
-29, 297, 17, -665, 612, 28, -114, 1159, 68;
-37, 288, 8, -736, 537, -30, -147, 1126, 32;
-32, 294, 12, -675, 595, -1, -126, 1147, 50;
-34, 292, 10, -683, 583, -18, -133, 1140, 39;
-33, 293, 10, -660, 600, -16, -128, 1145, 40;
-25, 300, 16, -581, 673, 23, -100, 1173, 65;
-30, 296, 11, -613, 634, -10, -118, 1155, 44;
-29, 296, 11, -594, 646, -10, -114, 1158, 44;
-22, 303, 17, -519, 713, 25, -88, 1183, 66;
-20, 305, 18, -488, 735, 32, -79, 1191, 71;
-26, 299, 11, -531, 682, -10, -102, 1167, 44;
-27, 297, 9, -529, 674, -22, -106, 1162, 36;
-25, 299, 10, -502, 689, -19, -100, 1166, 39;
-19, 305, 15, -427, 752, 16, -74, 1191, 61;
-17, 306, 15, -402, 764, 18, -68, 1194, 62;
-14, 309, 18, -359, 793, 31, -56, 1205, 70;
-20, 302, 11, -402, 737, -11, -78, 1180, 43;
-17, 304, 12, -362, 761, 0, -67, 1189, 50;
-16, 304, 12, -346, 762, -4, -66, 1188, 47;
-12, 308, 15, -293, 798, 14, -49, 1202, 60;
-14, 305, 12, -299, 775, -4, -57, 1191, 48;
-16, 302, 8, -307, 749, -25, -66, 1180, 34;
-12, 306, 12, -253, 784, -6, -49, 1193, 47;
-8, 309, 14, -204, 815, 11, -34, 1205, 57;
-11, 305, 11, -214, 784, -12, -44, 1192, 43;
-7, 308, 13, -168, 811, 2, -30, 1202, 52;
-2, 312, 17, -105, 852, 27, -10, 1218, 68;
-4, 310, 14, -105, 830, 11, -15, 1209, 58;
-2, 310, 14, -80, 833, 12, -10, 1210, 58;
-2, 309, 14, -64, 827, 6, -9, 1207, 55;
0, 311, 16, -18, 849, 20, 3, 1216, 63;
0, 309, 13, -20, 823, 2, -2, 1205, 52;
0, 308, 12, -5, 813, -3, -2, 1201, 48;
-1, 306, 10, 2, 797, -14, -4, 1194, 41;
-1, 304, 8, 9, 778, -26, -7, 1187, 34;
5, 310, 15, 95, 838, 14, 22, 1212, 59;
3, 307, 12, 91, 808, -4, 15, 1199, 47;
5, 308, 12, 122, 812, 0, 22, 1201, 50;
2, 303, 8, 105, 767, -28, 9, 1183, 33;
10, 310, 15, 194, 828, 14, 41, 1209, 60;
6, 304, 10, 171, 777, -16, 26, 1189, 40;
11, 308, 13, 227, 806, 4, 44, 1201, 53;
6, 301, 7, 196, 745, -32, 25, 1177, 31;
9, 302, 9, 233, 753, -23, 35, 1181, 36;
18, 311, 17, 336, 827, 29, 72, 1213, 69;
12, 303, 10, 290, 751, -16, 48, 1182, 40;
13, 302, 10, 310, 741, -18, 51, 1179, 39;
17, 304, 13, 361, 761, 0, 67, 1189, 50;
23, 309, 17, 430, 799, 30, 90, 1206, 69;
20, 305, 14, 419, 757, 7, 80, 1190, 55;
23, 306, 16, 458, 765, 18, 91, 1195, 62;
19, 300, 10, 431, 707, -13, 75, 1172, 42;
17, 297, 7, 425, 669, -32, 68, 1158, 30;
26, 303, 15, 518, 730, 15, 101, 1185, 60;
27, 303, 16, 545, 726, 19, 108, 1185, 62;
25, 300, 13, 539, 688, 1, 101, 1171, 51;
25, 297, 11, 542, 659, -10, 97, 1161, 44;
25, 296, 11, 561, 646, -10, 101, 1158, 44;
30, 299, 14, 614, 667, 11, 118, 1168, 57;
25, 293, 9, 580, 600, -24, 99, 1143, 35;
29, 295, 12, 631, 620, -3, 116, 1153, 49;
29, 293, 11, 640, 596, -9, 116, 1145, 44;
28, 291, 9, 642, 566, -20, 112, 1135, 38;
31, 292, 11, 677, 569, -9, 123, 1139, 45;
29, 288, 8, 667, 527, -27, 115, 1124, 34;
32, 289, 11, 707, 535, -11, 127, 1130, 43;
31, 286, 9, 705, 502, -23, 123, 1118, 36;
39, 293, 16, 790, 555, 21, 154, 1143, 64;
33, 285, 9, 739, 472, -22, 130, 1111, 36;
34, 283, 9, 753, 455, -23, 132, 1107, 36;
41, 289, 16, 834, 504, 20, 162, 1130, 63;
37, 283, 11, 797, 437, -12, 144, 1105, 42;
44, 289, 18, 878, 487, 32, 174, 1129, 70;
35, 278, 8, 802, 380, -27, 140, 1087, 33;
43, 284, 15, 875, 423, 13, 167, 1108, 59;
36, 276, 8, 823, 341, -29, 143, 1077, 32;
39, 277, 10, 855, 343, -15, 154, 1081, 41;
39, 275, 9, 857, 316, -21, 152, 1073, 37;
42, 276, 12, 894, 324, -3, 165, 1079, 48;
45, 278, 15, 931, 332, 14, 178, 1086, 59;
43, 274, 12, 914, 287, -2, 169, 1070, 49;
41, 270, 10, 900, 245, -18, 161, 1056, 39;
42, 270, 11, 918, 236, -11, 167, 1055, 43;
47, 273, 15, 962, 253, 13, 184, 1066, 59;
50, 275, 18, 998, 262, 32, 197, 1073, 71;
45, 268, 13, 955, 193, 0, 178, 1047, 50;
44, 265, 11, 943, 155, -12, 171, 1035, 43;
44, 264, 11, 953, 141, -8, 175, 1033, 45;
44, 263, 11, 953, 116, -11, 174, 1026, 44;
46, 263, 12, 968, 107, -3, 179, 1025, 48;
45, 260, 11, 964, 79, -8, 177, 1017, 45;
46, 260, 12, 974, 67, -3, 180, 1015, 48;
45, 258, 12, 972, 42, -6, 179, 1008, 47;
51, 262, 17, 1024, 72, 27, 200, 1024, 68;
48, 258, 14, 993, 20, 6, 187, 1006, 55;
45, 254, 11, 971, -22, -8, 178, 992, 45;
48, 255, 14, 994, -19, 7, 188, 997, 55;
48, 255, 15, 1000, -32, 12, 190, 995, 58;
42, 247, 8, 935, -116, -29, 164, 963, 32;
46, 250, 12, 972, -96, -2, 180, 975, 49;
45, 247, 11, 959, -127, -9, 175, 965, 44;
47, 249, 14, 984, -119, 9, 186, 972, 56;
48, 248, 15, 984, -135, 12, 187, 969, 58;
42, 241, 9, 926, -208, -23, 164, 942, 36;
42, 241, 10, 928, -221, -18, 166, 940, 39;
42, 240, 10, 925, -237, -15, 167, 936, 41;
48, 244, 16, 974, -202, 21, 188, 954, 64;
41, 236, 9, 902, -285, -21, 161, 923, 37;
46, 240, 14, 945, -255, 11, 180, 939, 58;
41, 235, 10, 896, -314, -14, 162, 918, 41;
44, 237, 13, 918, -303, 5, 173, 925, 54;
39, 231, 9, 865, -364, -22, 153, 903, 36;
39, 230, 9, 857, -381, -21, 152, 899, 37;
41, 232, 12, 878, -368, 0, 163, 908, 50;
38, 229, 10, 842, -411, -17, 151, 893, 40;
41, 230, 13, 857, -401, 1, 160, 900, 51;
39, 228, 12, 836, -428, -4, 154, 892, 48;
40, 228, 13, 834, -435, 2, 156, 892, 52;
35, 223, 9, 783, -489, -22, 138, 872, 37;
33, 221, 8, 757, -519, -30, 130, 863, 32;
40, 227, 15, 813, -464, 16, 157, 888, 61;
38, 225, 14, 784, -495, 7, 148, 878, 55;
35, 222, 12, 750, -530, -5, 138, 866, 47;
36, 223, 14, 751, -529, 6, 142, 869, 54;
38, 224, 16, 761, -517, 24, 150, 877, 65;
37, 223, 16, 739, -537, 20, 144, 871, 63;
34, 220, 14, 707, -566, 10, 135, 861, 57;
36, 222, 16, 709, -560, 24, 140, 866, 66;
32, 218, 14, 668, -598, 8, 127, 853, 56;
29, 215, 11, 624, -636, -7, 113, 839, 46;
25, 211, 8, 577, -678, -26, 98, 824, 34;
32, 219, 17, 637, -611, 26, 127, 854, 67;
25, 211, 10, 556, -685, -14, 98, 825, 41;
23, 210, 9, 526, -706, -20, 91, 819, 37;
21, 208, 8, 496, -727, -27, 83, 812, 34;
27, 214, 15, 541, -672, 16, 106, 837, 61;
21, 209, 11, 477, -725, -11, 85, 816, 43;
21, 209, 11, 460, -732, -9, 82, 815, 45;
19, 208, 11, 434, -745, -11, 77, 811, 43;
21, 210, 14, 442, -724, 8, 85, 821, 56;
24, 213, 17, 452, -701, 29, 94, 832, 69;
20, 210, 15, 409, -729, 16, 81, 822, 61;
13, 204, 9, 328, -796, -22, 53, 796, 36;
18, 209, 14, 356, -751, 11, 70, 815, 58;
11, 203, 9, 283, -808, -21, 45, 793, 37;
17, 209, 16, 321, -753, 19, 66, 817, 63;
8, 202, 9, 231, -825, -24, 34, 788, 35;
7, 201, 8, 202, -835, -27, 28, 785, 33;
8, 203, 10, 199, -820, -14, 32, 792, 42;
7, 203, 11, 180, -818, -10, 30, 793, 44;
11, 208, 16, 201, -778, 19, 44, 811, 62;
4, 202, 10, 127, -830, -13, 19, 789, 42;
9, 208, 16, 160, -776, 24, 38, 812, 66;
1, 201, 10, 71, -842, -18, 7, 785, 39;
-1, 199, 7, 25, -865, -32, -6, 776, 30;
4, 206, 15, 68, -799, 12, 17, 804, 59;
-3, 199, 8, -20, -864, -29, -13, 777, 32;
4, 208, 17, 44, -775, 29, 18, 814, 69;
0, 206, 15, -4, -799, 13, 3, 804, 59;
-4, 202, 11, -67, -836, -12, -16, 788, 43;
-4, 203, 12, -79, -822, -3, -16, 794, 48;
-9, 200, 8, -139, -855, -26, -35, 780, 34;
-1, 209, 17, -77, -767, 30, -4, 816, 69;
-11, 200, 9, -185, -848, -25, -43, 782, 35;
-6, 206, 14, -154, -789, 11, -24, 806, 58;
-6, 207, 15, -171, -778, 16, -26, 810, 61;
-10, 205, 13, -218, -797, 1, -40, 802, 51;
-12, 204, 12, -252, -802, -5, -49, 799, 47;
-16, 202, 9, -304, -825, -24, -65, 788, 35;
-13, 206, 13, -291, -781, 0, -54, 805, 51;
-10, 211, 17, -273, -734, 27, -41, 824, 68;
-13, 210, 16, -309, -739, 19, -50, 821, 63;
-22, 202, 7, -410, -810, -32, -87, 790, 30;
-18, 207, 12, -389, -758, -3, -73, 810, 49;
-19, 209, 13, -404, -743, 1, -74, 815, 52;
-19, 210, 13, -422, -729, 5, -76, 819, 54;
-19, 212, 15, -429, -704, 15, -74, 828, 60;
-22, 210, 13, -471, -716, 1, -87, 822, 51;
-20, 214, 16, -463, -675, 21, -79, 837, 64;
-28, 207, 8, -556, -736, -26, -112, 810, 34;
-28, 209, 9, -567, -716, -19, -112, 816, 38;
-31, 208, 8, -603, -720, -30, -122, 813, 32;
-31, 210, 9, -613, -698, -23, -122, 820, 36;
-25, 218, 16, -565, -618, 21, -97, 851, 64;
-29, 216, 13, -613, -634, 2, -113, 842, 52;
-33, 213, 9, -667, -656, -20, -131, 831, 38;
-33, 214, 10, -679, -636, -16, -132, 837, 40;
-30, 219, 14, -660, -584, 8, -120, 856, 56;
-37, 215, 9, -728, -620, -24, -144, 839, 35;
-37, 216, 9, -740, -600, -21, -145, 845, 37;
-34, 221, 13, -722, -550, 1, -134, 863, 52;
-35, 221, 12, -742, -539, 0, -138, 865, 50;
-37, 222, 12, -765, -530, -5, -144, 866, 47;
-40, 220, 9, -810, -543, -24, -159, 858, 35;
-42, 220, 8, -830, -532, -28, -164, 860, 33;
-40, 224, 11, -820, -490, -11, -156, 875, 43;
-39, 227, 13, -816, -456, 0, -152, 886, 51;
-40, 227, 12, -838, -447, -5, -158, 887, 47;
-37, 231, 15, -820, -398, 15, -147, 904, 60;
-45, 225, 8, -900, -448, -29, -178, 881, 32;
-41, 232, 13, -863, -381, 2, -160, 905, 52;
-45, 229, 10, -907, -395, -18, -175, 896, 39;
-47, 229, 8, -934, -393, -29, -184, 894, 32;
-42, 236, 13, -892, -322, 5, -164, 921, 54;
-42, 237, 13, -904, -306, 3, -167, 924, 53;
-48, 233, 8, -957, -330, -25, -187, 911, 35;
-43, 239, 13, -921, -266, 3, -170, 934, 53;
-40, 244, 16, -899, -217, 23, -159, 951, 65;
-43, 243, 14, -924, -215, 11, -168, 949, 58;
-49, 238, 9, -986, -250, -24, -192, 931, 35;
-40, 248, 17, -909, -148, 30, -159, 970, 69;
-41, 250, 17, -916, -128, 30, -160, 975, 69;
-46, 246, 13, -964, -152, 0, -179, 962, 51;
-48, 245, 10, -993, -155, -15, -190, 957, 41;
-51, 244, 8, -1019, -157, -29, -200, 953, 32;
-50, 246, 9, -1011, -126, -22, -196, 963, 37;
-46, 252, 13, -974, -66, 3, -180, 984, 53;
-44, 255, 15, -956, -25, 17, -172, 997, 61;
-49, 252, 10, -1005, -53, -15, -192, 982, 41;
-46, 256, 13, -976, -3, 4, -180, 1000, 53;
-52, 251, 7, -1031, -37, -32, -203, 982, 30;
-45, 259, 14, -968, 45, 9, -177, 1013, 56;
-51, 254, 8, -1026, 6, -30, -201, 994, 32;
-47, 260, 12, -988, 63, -5, -186, 1014, 47;
-51, 258, 8, -1017, 52, -26, -198, 1006, 34;
-49, 260, 9, -1006, 81, -21, -194, 1014, 37;
-45, 265, 13, -963, 140, 4, -178, 1035, 53;
-42, 269, 16, -930, 188, 23, -165, 1052, 65;
-51, 262, 7, -1010, 124, -32, -199, 1022, 30;
-43, 270, 15, -934, 214, 13, -169, 1056, 59;
-43, 271, 14, -932, 231, 11, -169, 1060, 58;
-49, 266, 8, -986, 190, -28, -193, 1040, 33;
-42, 274, 15, -913, 275, 14, -165, 1072, 59;
-41, 276, 15, -902, 297, 16, -162, 1078, 61;
-42, 276, 14, -903, 307, 10, -165, 1079, 57;
-46, 273, 10, -935, 285, -17, -180, 1066, 40;
-45, 274, 10, -926, 304, -17, -178, 1071, 40;
-47, 274, 8, -933, 305, -28, -183, 1068, 33;
-36, 285, 18, -830, 416, 32, -143, 1111, 71;
-44, 278, 10, -893, 360, -17, -172, 1085, 40;
-45, 277, 8, -902, 357, -30, -178, 1081, 31;
-40, 283, 13, -843, 421, 0, -157, 1104, 50;
-42, 281, 10, -856, 412, -17, -165, 1098, 40;
-40, 284, 12, -826, 446, -6, -156, 1109, 46;
-34, 290, 16, -770, 505, 21, -136, 1131, 64;
-33, 291, 17, -749, 529, 26, -130, 1138, 67;
-35, 290, 14, -759, 520, 9, -138, 1131, 56;
-36, 289, 12, -760, 519, -1, -142, 1128, 49;
-30, 295, 17, -697, 582, 29, -120, 1152, 69;
-35, 291, 12, -731, 547, -4, -137, 1135, 48;
-31, 295, 15, -683, 593, 16, -121, 1151, 61;
-33, 292, 12, -696, 577, -3, -131, 1142, 48;
-35, 290, 9, -708, 562, -23, -140, 1134, 36;
-33, 292, 10, -680, 586, -16, -132, 1141, 40;
-29, 297, 14, -624, 637, 8, -113, 1160, 56;
-28, 297, 13, -610, 644, 4, -112, 1161, 53;
-24, 301, 16, -562, 685, 23, -97, 1176, 65;
-31, 295, 9, -610, 630, -21, -121, 1151, 37;
-24, 301, 14, -540, 692, 11, -96, 1175, 58;
-30, 295, 8, -577, 646, -26, -117, 1153, 34;
-19, 305, 18, -469, 744, 31, -76, 1193, 70;
-24, 300, 12, -503, 699, -5, -95, 1172, 47;
-22, 302, 13, -474, 717, 0, -88, 1178, 50;
-26, 297, 8, -497, 682, -30, -103, 1162, 31;
-18, 305, 15, -408, 758, 14, -71, 1192, 59;
-20, 303, 12, -415, 738, -5, -79, 1182, 47;
-22, 300, 9, -418, 720, -22, -85, 1173, 36;
-19, 302, 10, -382, 741, -13, -75, 1181, 42;
-19, 302, 9, -368, 740, -19, -75, 1179, 38;
-13, 307, 14, -304, 787, 7, -54, 1197, 55;
-18, 302, 8, -331, 743, -26, -70, 1178, 34;
-10, 308, 15, -247, 809, 13, -41, 1204, 59;
-14, 303, 9, -274, 764, -19, -57, 1185, 38;
-10, 307, 13, -216, 802, 2, -39, 1200, 52;
-7, 309, 15, -176, 823, 13, -28, 1208, 59;
-10, 305, 10, -197, 781, -17, -42, 1190, 40;
-3, 311, 16, -114, 843, 22, -13, 1215, 64;
0, 313, 18, -76, 859, 30, -3, 1221, 70;
-7, 305, 10, -121, 792, -15, -28, 1193, 41;
-4, 307, 11, -86, 805, -8, -18, 1198, 45;
-3, 307, 11, -64, 803, -9, -15, 1197, 44;
-2, 307, 11, -40, 803, -10, -11, 1197, 44;
0, 309, 13, 3, 823, 2, 1, 1205, 52;
4, 311, 16, 54, 848, 19, 16, 1215, 63;
0, 306, 10, 28, 797, -13, 0, 1194, 42;
7, 312, 16, 108, 851, 22, 27, 1217, 65;
4, 307, 12, 93, 810, -3, 16, 1200, 48;
4, 306, 11, 109, 799, -8, 17, 1196, 45;
4, 305, 10, 123, 786, -16, 17, 1191, 41;
13, 312, 18, 218, 853, 30, 51, 1219, 70;
10, 309, 14, 209, 816, 8, 42, 1205, 56;
8, 304, 10, 197, 775, -15, 31, 1189, 41;
16, 311, 17, 289, 838, 29, 64, 1216, 69;
15, 309, 15, 295, 815, 18, 61, 1207, 62;
11, 304, 11, 272, 763, -12, 46, 1186, 42;
9, 300, 7, 266, 727, -32, 38, 1172, 30;
19, 308, 15, 366, 796, 18, 74, 1202, 62;
20, 308, 16, 394, 794, 21, 80, 1202, 64;
18, 304, 12, 383, 753, 0, 71, 1187, 50;
16, 300, 9, 375, 714, -21, 62, 1172, 37;
20, 303, 13, 430, 737, 0, 80, 1183, 51;
17, 299, 9, 417, 693, -23, 69, 1166, 36;
26, 305, 16, 506, 750, 21, 101, 1192, 64;
27, 305, 16, 529, 742, 23, 106, 1190, 65;
25, 301, 13, 520, 701, 2, 97, 1175, 52;
29, 303, 16, 571, 720, 22, 114, 1184, 65;
30, 302, 16, 591, 708, 22, 117, 1181, 64;
31, 302, 16, 612, 697, 22, 121, 1179, 65;
23, 293, 8, 553, 606, -29, 93, 1143, 32;
32, 300, 16, 647, 667, 19, 127, 1171, 63;
35, 301, 18, 684, 673, 32, 138, 1175, 71;
27, 291, 8, 614, 570, -26, 105, 1135, 34;
31, 293, 12, 666, 590, -4, 122, 1145, 48;
34, 294, 14, 700, 592, 6, 132, 1148, 54;
29, 288, 8, 668, 528, -26, 115, 1124, 34;
36, 293, 15, 746, 574, 14, 144, 1146, 59;
34, 289, 12, 731, 528, -6, 134, 1129, 46;
38, 291, 15, 776, 541, 12, 149, 1137, 58;
35, 287, 11, 758, 491, -9, 138, 1119, 44;
38, 288, 14, 799, 500, 7, 151, 1126, 55;
36, 284, 10, 780, 451, -14, 140, 1108, 41;
36, 282, 10, 790, 430, -17, 141, 1102, 40;
40, 284, 13, 833, 442, 1, 156, 1110, 52;
39, 282, 12, 838, 416, -3, 155, 1102, 48;
43, 284, 15, 878, 426, 14, 168, 1109, 60;
46, 286, 18, 915, 433, 31, 181, 1115, 70;
38, 276, 9, 845, 333, -22, 149, 1077, 36;
38, 274, 9, 854, 313, -23, 151, 1072, 36;
46, 281, 16, 934, 364, 22, 181, 1096, 65;
45, 277, 14, 924, 326, 10, 175, 1083, 57;
40, 271, 9, 886, 259, -21, 157, 1059, 37;
46, 275, 14, 943, 288, 10, 179, 1074, 57;
46, 273, 14, 948, 266, 8, 179, 1068, 56;
49, 275, 17, 980, 271, 25, 191, 1073, 66;
45, 270, 13, 951, 215, 1, 177, 1054, 51;
50, 273, 18, 1002, 240, 31, 197, 1067, 70;
50, 271, 17, 1003, 216, 28, 196, 1060, 68;
43, 263, 10, 944, 131, -14, 171, 1029, 41;
46, 265, 13, 975, 137, 3, 182, 1035, 52;
43, 260, 9, 942, 80, -21, 168, 1014, 37;
48, 263, 14, 991, 106, 9, 188, 1028, 56;
49, 263, 15, 1000, 92, 13, 191, 1026, 59;
42, 255, 8, 939, 9, -28, 165, 995, 33;
43, 255, 9, 952, 0, -20, 170, 994, 38;
49, 259, 15, 1008, 35, 16, 193, 1013, 61;
51, 260, 17, 1025, 31, 27, 200, 1014, 68;
45, 252, 11, 967, -46, -10, 176, 985, 44;
47, 253, 13, 989, -43, 5, 186, 990, 54;
45, 249, 11, 962, -89, -11, 175, 974, 43;
49, 253, 15, 1003, -66, 17, 193, 987, 61;
50, 253, 16, 1009, -77, 23, 196, 986, 65;
42, 244, 9, 935, -168, -23, 166, 952, 36;
50, 251, 17, 1007, -112, 27, 197, 978, 68;
47, 247, 15, 979, -155, 12, 186, 964, 58;
50, 249, 18, 1003, -146, 31, 197, 971, 70;
45, 242, 13, 951, -212, 1, 177, 947, 51;
43, 239, 11, 928, -248, -9, 169, 935, 44;
44, 240, 13, 937, -251, 1, 175, 937, 51;
43, 238, 12, 919, -281, -5, 169, 928, 47;
39, 233, 8, 877, -334, -27, 154, 909, 33;
40, 233, 9, 880, -340, -19, 157, 910, 38;
46, 238, 16, 933, -296, 22, 181, 931, 64;
40, 231, 10, 868, -370, -14, 157, 904, 42;
42, 232, 13, 878, -367, 0, 163, 908, 50;
45, 235, 16, 903, -350, 23, 176, 918, 65;
36, 226, 9, 818, -441, -25, 144, 883, 35;
43, 233, 16, 876, -388, 22, 171, 908, 64;
34, 223, 8, 785, -484, -29, 136, 872, 32;
37, 225, 11, 802, -470, -9, 146, 880, 45;
33, 221, 8, 761, -515, -27, 132, 864, 33;
35, 222, 10, 763, -515, -16, 136, 867, 40;
39, 226, 15, 795, -484, 14, 153, 883, 60;
37, 224, 14, 769, -510, 7, 146, 874, 55;
31, 218, 9, 707, -572, -22, 124, 852, 36;
31, 218, 10, 699, -579, -17, 124, 851, 40;
37, 223, 16, 743, -533, 23, 146, 873, 65;
31, 217, 11, 676, -597, -9, 122, 848, 45;
36, 222, 17, 715, -555, 28, 143, 868, 68;
28, 214, 9, 623, -642, -20, 109, 835, 38;
32, 218, 15, 656, -605, 13, 126, 852, 59;
28, 214, 12, 609, -646, -5, 111, 837, 47;
31, 218, 16, 627, -621, 19, 123, 850, 63;
27, 213, 12, 576, -664, -1, 107, 834, 50;
24, 211, 11, 539, -693, -12, 96, 824, 43;
27, 214, 14, 552, -671, 9, 106, 835, 57;
28, 215, 16, 550, -663, 22, 110, 840, 65;
21, 208, 10, 472, -730, -15, 83, 814, 41;
24, 212, 14, 489, -702, 10, 94, 827, 57;
23, 211, 14, 469, -710, 11, 91, 826, 58;
22, 210, 14, 443, -723, 9, 85, 822, 56;
21, 210, 15, 426, -726, 12, 83, 822, 58;
23, 213, 18, 432, -707, 31, 91, 831, 70;
18, 208, 14, 370, -753, 5, 71, 814, 54;
14, 205, 10, 318, -790, -13, 54, 800, 42;
10, 202, 8, 276, -815, -26, 42, 790, 34;
16, 209, 15, 317, -757, 16, 64, 815, 61;
9, 202, 9, 234, -822, -22, 36, 789, 37;
15, 209, 16, 279, -759, 22, 59, 816, 65;
8, 203, 10, 197, -821, -15, 31, 791, 41;
10, 206, 13, 205, -794, 5, 40, 803, 54;
3, 200, 8, 129, -849, -28, 14, 781, 33;
3, 201, 9, 113, -845, -23, 13, 784, 36;
5, 204, 13, 122, -813, 0, 22, 797, 50;
0, 199, 8, 53, -861, -30, 0, 778, 32;
5, 205, 14, 89, -802, 10, 20, 803, 57;
1, 202, 11, 37, -830, -7, 4, 791, 46;
4, 207, 16, 58, -785, 22, 18, 810, 64;
-5, 199, 8, -47, -867, -31, -19, 776, 31;
-3, 201, 10, -48, -843, -15, -14, 786, 41;
-7, 199, 8, -93, -863, -29, -27, 777, 32;
0, 207, 16, -39, -782, 22, 0, 810, 65;
-8, 200, 9, -133, -849, -22, -32, 782, 36;
-10, 199, 8, -169, -859, -30, -42, 778, 31;
-11, 200, 9, -184, -847, -24, -42, 783, 35;
-5, 207, 15, -144, -779, 18, -20, 810, 62;
-7, 207, 15, -176, -783, 13, -28, 808, 59;
-7, 208, 16, -187, -765, 21, -27, 814, 64;
-16, 200, 8, -291, -840, -31, -65, 783, 31;
-15, 203, 10, -290, -810, -14, -59, 794, 41;
-14, 206, 13, -292, -783, 0, -54, 805, 50;
-12, 209, 15, -293, -753, 14, -49, 816, 60;
-17, 205, 11, -354, -784, -10, -69, 802, 44;
-20, 204, 10, -389, -789, -18, -78, 799, 39;
-18, 208, 13, -383, -752, 1, -71, 813, 51;
-15, 213, 17, -366, -704, 27, -58, 831, 68;
-24, 205, 9, -463, -770, -22, -94, 802, 37;
-22, 208, 12, -461, -737, -6, -88, 815, 47;
-20, 212, 15, -452, -696, 14, -79, 830, 59;
-27, 207, 9, -531, -743, -23, -107, 809, 36;
-28, 208, 9, -548, -729, -21, -109, 813, 37;
-29, 209, 9, -569, -718, -21, -113, 816, 37;
-24, 215, 15, -533, -650, 16, -94, 842, 61;
-30, 211, 10, -600, -685, -15, -117, 825, 41;
-33, 210, 8, -641, -693, -28, -129, 820, 33;
-31, 213, 11, -636, -657, -12, -123, 833, 43;
-33, 213, 10, -663, -652, -18, -130, 833, 39;
-26, 222, 17, -611, -567, 29, -104, 866, 69;
-31, 218, 13, -670, -594, 1, -124, 852, 52;
-28, 223, 17, -649, -541, 27, -111, 872, 68;
-29, 224, 17, -671, -531, 24, -116, 874, 66;
-34, 221, 13, -718, -547, 4, -132, 864, 53;
-38, 218, 9, -774, -571, -21, -152, 852, 37;
-31, 227, 17, -713, -477, 29, -122, 888, 69;
-36, 224, 13, -765, -498, 5, -140, 877, 54;
-36, 225, 13, -781, -483, 4, -144, 880, 53;
-40, 224, 11, -820, -491, -11, -157, 874, 43;
-44, 222, 7, -865, -505, -32, -172, 866, 30;
-43, 224, 8, -870, -479, -26, -171, 874, 34;
-36, 233, 17, -803, -381, 26, -140, 911, 67;
-39, 231, 14, -844, -392, 7, -155, 904, 55;
-38, 234, 16, -839, -357, 19, -149, 915, 62;
-37, 237, 18, -832, -320, 31, -144, 928, 70;
-42, 233, 12, -893, -352, -2, -167, 911, 49;
-47, 230, 8, -942, -372, -28, -185, 900, 33;
-41, 238, 14, -891, -293, 12, -162, 930, 58;
-39, 241, 17, -881, -254, 25, -155, 942, 66;
-40, 242, 16, -895, -240, 21, -159, 945, 64;
-49, 235, 8, -980, -298, -30, -193, 918, 32;
-46, 239, 11, -959, -250, -11, -182, 934, 43;
-45, 242, 13, -948, -212, 0, -176, 947, 51;
-41, 247, 16, -918, -157, 24, -163, 967, 66;
-42, 248, 16, -927, -140, 22, -165, 970, 64;
-41, 251, 17, -921, -108, 29, -161, 980, 69;
-50, 244, 9, -1005, -168, -23, -195, 952, 36;
-45, 250, 14, -959, -98, 9, -175, 977, 56;
-43, 253, 15, -950, -66, 17, -171, 987, 61;
-50, 248, 9, -1014, -106, -23, -197, 967, 36;
-45, 254, 14, -969, -39, 7, -178, 992, 55;
-46, 255, 13, -976, -24, 4, -180, 994, 53;
-45, 257, 14, -967, 5, 10, -177, 1003, 57;
-50, 254, 10, -1011, -17, -18, -195, 990, 39;
-43, 261, 16, -951, 62, 21, -170, 1020, 64;
-43, 263, 16, -948, 84, 22, -169, 1026, 64;
-43, 264, 16, -945, 106, 22, -168, 1032, 65;
-51, 257, 8, -1019, 50, -27, -199, 1005, 33;
-47, 262, 12, -983, 103, -6, -185, 1024, 47;
-49, 261, 9, -1000, 103, -19, -193, 1020, 38;
-50, 261, 8, -1006, 113, -26, -197, 1021, 34;
-41, 272, 17, -917, 217, 28, -161, 1061, 68;
-44, 270, 14, -942, 207, 9, -172, 1053, 56;
-43, 271, 14, -932, 230, 11, -170, 1060, 57;
-46, 270, 11, -953, 223, -6, -180, 1053, 46;
-42, 274, 15, -913, 275, 14, -165, 1072, 60;
-43, 275, 14, -916, 284, 7, -168, 1072, 55;
-46, 272, 10, -939, 271, -13, -179, 1064, 42;
-42, 277, 14, -900, 320, 6, -165, 1081, 54;
-47, 272, 8, -944, 286, -29, -186, 1063, 32;
-42, 278, 13, -887, 351, 1, -164, 1087, 52;
-40, 281, 14, -861, 385, 11, -156, 1098, 58;
-36, 285, 17, -824, 428, 28, -144, 1113, 68;
-42, 280, 11, -868, 391, -8, -164, 1095, 45;
-44, 278, 8, -885, 379, -28, -174, 1087, 33;
-35, 289, 17, -787, 482, 28, -137, 1127, 68;
-34, 289, 17, -775, 497, 27, -135, 1130, 68;
-33, 291, 18, -754, 522, 32, -129, 1137, 71;
-40, 285, 10, -809, 468, -14, -156, 1112, 42;
-33, 292, 16, -737, 542, 24, -129, 1141, 66;
-35, 290, 13, -751, 528, 3, -138, 1132, 53;
-36, 290, 12, -747, 532, -3, -140, 1131, 48;
-34, 291, 12, -727, 551, -1, -136, 1136, 50;
-36, 289, 10, -736, 540, -18, -143, 1129, 39;
-36, 289, 9, -727, 546, -24, -143, 1130, 35;
-35, 291, 10, -701, 569, -19, -137, 1136, 39;
-35, 291, 9, -690, 576, -23, -136, 1137, 36;
-28, 298, 15, -613, 647, 14, -109, 1164, 60;
-25, 301, 17, -575, 679, 27, -97, 1175, 68;
-27, 299, 14, -587, 661, 7, -107, 1166, 55;
-28, 298, 12, -584, 656, -4, -110, 1162, 48;
-24, 302, 15, -533, 699, 16, -93, 1178, 61;
-27, 298, 11, -555, 668, -12, -107, 1163, 43;
-26, 298, 10, -537, 676, -13, -105, 1164, 42;
-21, 303, 15, -474, 729, 14, -83, 1184, 59;
-27, 297, 7, -522, 669, -32, -108, 1158, 30;
-20, 304, 14, -438, 742, 9, -78, 1186, 56;
-16, 307, 17, -390, 776, 26, -63, 1199, 67;
-23, 300, 9, -442, 711, -23, -90, 1171, 36;
-13, 308, 17, -342, 796, 28, -54, 1205, 68;
-12, 309, 17, -318, 805, 28, -49, 1207, 68;
-12, 309, 16, -303, 804, 23, -48, 1205, 65;
-11, 309, 16, -284, 807, 21, -45, 1206, 64;
-15, 304, 11, -309, 764, -11, -61, 1187, 43;
-13, 306, 12, -270, 786, -1, -50, 1195, 50;
-8, 310, 16, -214, 824, 20, -33, 1210, 63;
-9, 308, 13, -214, 805, 4, -38, 1201, 53;
-7, 309, 15, -176, 823, 13, -28, 1208, 59;
-8, 307, 12, -175, 803, -2, -33, 1199, 49;
-11, 303, 8, -188, 769, -26, -44, 1184, 34;
-5, 308, 13, -119, 816, 2, -21, 1203, 52;
-9, 303, 8, -141, 772, -28, -36, 1184, 33;
-1, 310, 15, -52, 838, 14, -5, 1212, 59;
0, 310, 15, -28, 839, 13, 0, 1212, 59;
3, 313, 17, 21, 865, 30, 14, 1222, 69;
1, 309, 14, 11, 831, 7, 4, 1208, 55;
2, 309, 14, 36, 831, 8, 9, 1208, 56;
0, 306, 10, 28, 798, -13, 0, 1195, 42;
2, 307, 12, 66, 809, -5, 10, 1200, 47;
0, 303, 8, 55, 772, -28, 0, 1184, 33;
10, 313, 17, 167, 857, 29, 41, 1220, 69;
1, 302, 7, 98, 761, -32, 7, 1181, 30;
7, 306, 11, 161, 795, -7, 27, 1196, 46;
4, 302, 8, 150, 757, -30, 17, 1180, 32;
5, 302, 8, 175, 753, -30, 22, 1179, 32;
13, 309, 15, 264, 813, 13, 53, 1205, 59;
17, 311, 17, 312, 832, 29, 68, 1214, 69;
9, 301, 8, 248, 739, -28, 36, 1176, 33;
12, 302, 10, 288, 748, -18, 47, 1181, 39;
14, 303, 11, 319, 750, -12, 55, 1183, 43;
17, 305, 13, 364, 764, 1, 68, 1190, 51;
22, 308, 17, 423, 793, 25, 87, 1203, 67;
20, 304, 13, 415, 754, 5, 79, 1188, 54;
25, 308, 17, 476, 783, 30, 99, 1202, 70;
23, 305, 15, 474, 750, 14, 93, 1190, 60;
23, 302, 13, 479, 723, 3, 90, 1180, 53;
26, 304, 16, 524, 737, 19, 104, 1188, 63;
22, 298, 11, 498, 679, -12, 88, 1165, 43;
24, 299, 12, 527, 676, -6, 96, 1166, 46;
21, 294, 8, 511, 628, -31, 84, 1148, 31;
29, 300, 14, 593, 678, 10, 114, 1171, 57;
25, 295, 10, 572, 625, -17, 100, 1151, 40;
28, 295, 11, 605, 625, -8, 110, 1153, 45;
25, 291, 8, 589, 577, -31, 99, 1135, 31;
31, 295, 13, 657, 613, 1, 123, 1153, 51;
27, 290, 8, 631, 556, -27, 108, 1131, 33;
37, 297, 17, 728, 621, 25, 144, 1160, 66;
35, 293, 14, 718, 579, 6, 136, 1145, 55;
37, 294, 15, 749, 577, 16, 145, 1147, 60;
39, 295, 17, 783, 579, 27, 155, 1151, 68;
32, 285, 9, 721, 485, -24, 126, 1114, 35;
36, 288, 12, 771, 504, -1, 143, 1125, 50;
40, 289, 15, 810, 511, 14, 156, 1130, 60;
37, 285, 12, 796, 466, -4, 147, 1115, 48;
37, 283, 11, 798, 437, -12, 144, 1105, 43;
36, 281, 9, 800, 409, -19, 142, 1096, 38;
40, 283, 12, 841, 419, -1, 156, 1104, 50;
36, 277, 8, 815, 363, -26, 142, 1083, 34;
43, 282, 15, 886, 404, 12, 169, 1103, 58;
43, 281, 14, 891, 379, 8, 169, 1096, 56;
46, 282, 17, 929, 388, 26, 182, 1102, 67;
45, 280, 15, 926, 356, 17, 179, 1093, 62;
39, 272, 9, 872, 273, -25, 154, 1061, 35;
45, 276, 14, 929, 302, 6, 175, 1076, 55;
46, 275, 15, 946, 291, 12, 180, 1075, 58;
45, 273, 13, 942, 260, 4, 177, 1065, 53;
41, 268, 9, 912, 202, -20, 163, 1045, 38;
41, 265, 8, 908, 172, -27, 160, 1036, 33;
49, 272, 16, 988, 226, 22, 192, 1061, 64;
48, 269, 15, 980, 193, 12, 187, 1051, 59;
45, 265, 12, 960, 147, -3, 177, 1035, 48;
42, 260, 8, 932, 94, -25, 165, 1017, 35;
43, 260, 9, 943, 82, -20, 169, 1015, 38;
48, 264, 15, 995, 110, 12, 189, 1030, 58;
49, 263, 15, 1004, 96, 16, 192, 1027, 61;
45, 258, 11, 970, 39, -7, 178, 1007, 46;
47, 258, 13, 985, 33, 1, 184, 1008, 51;
50, 260, 16, 1016, 43, 22, 197, 1016, 64;
51, 259, 17, 1021, 27, 25, 199, 1013, 66;
46, 253, 12, 973, -39, -6, 179, 988, 47;
43, 249, 9, 947, -85, -22, 169, 973, 37;
42, 247, 9, 942, -109, -24, 167, 966, 35;
41, 245, 8, 931, -138, -30, 163, 958, 31;
47, 249, 13, 979, -107, 3, 184, 974, 53;
44, 246, 11, 953, -150, -11, 174, 959, 44;
49, 249, 16, 994, -125, 19, 192, 973, 62;
49, 249, 16, 996, -138, 23, 194, 971, 65;
46, 245, 14, 965, -183, 6, 182, 955, 55;
47, 244, 15, 969, -193, 13, 185, 955, 59;
41, 237, 9, 907, -268, -23, 161, 927, 36;
43, 238, 11, 920, -268, -10, 168, 930, 44;
46, 241, 15, 950, -249, 15, 182, 941, 60;
43, 237, 12, 913, -297, -3, 169, 925, 48;
47, 240, 17, 951, -269, 27, 186, 939, 68;
38, 230, 8, 858, -372, -28, 150, 900, 33;
47, 239, 17, 935, -303, 30, 185, 932, 69;
37, 228, 8, 834, -412, -29, 145, 890, 32;
44, 234, 15, 895, -358, 18, 173, 915, 62;
41, 231, 13, 863, -396, 5, 162, 902, 54;
44, 233, 17, 884, -380, 27, 174, 912, 68;
43, 232, 17, 867, -401, 24, 170, 906, 66;
42, 230, 16, 846, -427, 19, 164, 898, 63;
34, 222, 9, 768, -507, -22, 135, 868, 36;
37, 224, 12, 786, -492, -1, 146, 877, 50;
36, 223, 12, 765, -514, -5, 140, 870, 47;
41, 227, 17, 802, -477, 30, 160, 888, 69;
40, 226, 17, 786, -493, 29, 156, 884, 69;
36, 223, 15, 743, -535, 12, 143, 869, 58;
32, 218, 11, 695, -581, -8, 126, 853, 45;
33, 219, 13, 698, -576, 4, 131, 857, 53;
29, 215, 10, 646, -624, -17, 114, 840, 39;
34, 220, 15, 681, -585, 17, 133, 858, 61;
33, 219, 15, 663, -598, 17, 129, 855, 62;
30, 216, 13, 623, -631, 4, 117, 844, 53;
33, 219, 17, 641, -606, 29, 129, 856, 69;
32, 218, 17, 622, -618, 29, 126, 853, 69;
29, 215, 15, 580, -652, 15, 113, 841, 60;
24, 211, 11, 525, -698, -7, 95, 824, 46;
22, 209, 11, 498, -715, -12, 88, 818, 43;
19, 207, 9, 458, -745, -24, 76, 808, 35;
26, 214, 17, 512, -679, 25, 104, 837, 67;
22, 210, 13, 455, -724, 2, 85, 820, 52;
25, 214, 17, 476, -691, 30, 99, 835, 70;
24, 213, 17, 452, -701, 29, 94, 833, 69;
20, 210, 15, 405, -733, 13, 80, 821, 59;
22, 212, 18, 408, -715, 31, 86, 829, 70;
15, 206, 12, 329, -778, -6, 59, 804, 47;
17, 209, 15, 342, -749, 17, 69, 817, 62;
13, 205, 12, 285, -789, -4, 51, 802, 48;
7, 200, 7, 219, -837, -32, 29, 783, 30;
13, 207, 14, 262, -775, 12, 53, 809, 58;
13, 208, 16, 252, -767, 21, 54, 814, 64;
13, 209, 17, 234, -765, 25, 52, 815, 66;
4, 201, 9, 136, -842, -23, 17, 784, 36;
11, 208, 17, 185, -772, 24, 43, 813, 66;
1, 199, 8, 79, -857, -29, 4, 779, 32;
1, 200, 9, 64, -849, -22, 4, 783, 36;
6, 206, 15, 97, -793, 15, 23, 806, 60;
0, 202, 11, 33, -834, -10, 2, 789, 44;
0, 203, 12, 16, -828, -5, 1, 792, 47;
4, 208, 17, 38, -780, 25, 16, 812, 67;
0, 204, 13, -22, -816, 1, -3, 797, 52;
-2, 204, 12, -50, -820, -1, -9, 795, 50;
-1, 206, 14, -57, -801, 10, -7, 803, 57;
-2, 206, 15, -76, -793, 14, -9, 806, 60;
-10, 200, 8, -162, -852, -25, -39, 781, 34;
-9, 202, 10, -169, -832, -14, -36, 789, 41;
-11, 201, 9, -203, -838, -20, -45, 786, 38;
-9, 205, 12, -197, -804, 0, -37, 799, 50;
-13, 202, 9, -252, -831, -21, -54, 787, 37;
-11, 205, 12, -246, -795, 0, -46, 801, 50;
-9, 209, 16, -233, -754, 23, -35, 818, 65;
-11, 208, 15, -270, -761, 14, -45, 814, 59;
-10, 211, 18, -269, -729, 31, -39, 826, 70;
-17, 205, 11, -355, -785, -10, -69, 801, 44;
-18, 206, 12, -371, -771, -6, -71, 806, 47;
-23, 203, 8, -429, -798, -29, -90, 794, 32;
-14, 213, 17, -362, -700, 30, -57, 833, 69;
-23, 205, 9, -462, -769, -21, -93, 803, 37;
-17, 213, 16, -415, -691, 24, -69, 833, 65;
-25, 207, 10, -500, -744, -17, -99, 810, 39;
-20, 214, 15, -468, -681, 17, -81, 834, 61;
-21, 215, 16, -483, -664, 22, -82, 840, 64;
-23, 214, 14, -520, -669, 11, -93, 836, 58;
-22, 217, 17, -516, -633, 27, -87, 849, 68;
-29, 212, 11, -597, -682, -12, -115, 827, 42;
-26, 216, 14, -579, -632, 12, -104, 845, 58;
-25, 219, 17, -577, -598, 26, -98, 857, 67;
-33, 213, 10, -661, -650, -16, -129, 834, 40;
-26, 222, 18, -608, -564, 31, -102, 867, 70;
-34, 215, 10, -697, -622, -16, -135, 841, 40;
-34, 217, 11, -703, -595, -7, -133, 849, 45;
-29, 224, 17, -664, -524, 29, -114, 876, 69;
-31, 224, 16, -692, -520, 21, -121, 875, 64;
-40, 216, 7, -790, -586, -32, -158, 845, 30;
-40, 219, 9, -795, -559, -24, -156, 854, 35;
-35, 226, 15, -755, -488, 12, -136, 881, 58;
-38, 224, 12, -791, -493, -2, -148, 876, 49;
-40, 224, 11, -818, -488, -10, -156, 875, 44;
-41, 225, 11, -836, -475, -12, -160, 878, 42;
-41, 226, 11, -845, -454, -9, -161, 884, 44;
-38, 231, 14, -825, -403, 12, -149, 902, 58;
-43, 227, 10, -882, -430, -17, -170, 888, 39;
-39, 234, 15, -844, -362, 15, -152, 913, 60;
-44, 230, 10, -899, -388, -13, -172, 900, 42;
-45, 231, 10, -917, -376, -18, -177, 901, 39;
-43, 234, 12, -905, -335, -3, -169, 915, 48;
-41, 238, 14, -893, -294, 11, -162, 929, 57;
-39, 242, 17, -874, -247, 29, -152, 945, 69;
-41, 241, 15, -902, -248, 16, -162, 942, 61;
-40, 244, 17, -892, -210, 28, -156, 954, 68;
-41, 245, 16, -907, -198, 23, -161, 956, 65;
-49, 238, 8, -991, -255, -27, -194, 929, 33;
-50, 238, 8, -1003, -241, -31, -198, 932, 31;
-43, 248, 15, -934, -146, 18, -168, 968, 62;
-49, 243, 9, -995, -183, -19, -192, 949, 38;
-45, 249, 14, -960, -122, 6, -176, 971, 55;
-50, 245, 9, -1011, -149, -24, -197, 956, 35;
-50, 246, 8, -1016, -131, -25, -198, 960, 34;
-47, 251, 12, -981, -73, -1, -183, 981, 50;
-46, 253, 13, -974, -44, 4, -180, 990, 53;
-43, 257, 16, -953, -1, 19, -171, 1004, 63;
-42, 260, 17, -938, 34, 29, -164, 1016, 69;
-49, 254, 10, -1003, -9, -13, -191, 994, 42;
-42, 262, 17, -943, 69, 25, -167, 1023, 67;
-42, 264, 17, -940, 92, 27, -166, 1029, 67;
-44, 262, 15, -961, 90, 12, -175, 1025, 58;
-48, 260, 11, -996, 73, -12, -190, 1015, 43;
-49, 260, 10, -998, 88, -16, -192, 1017, 40;
-47, 263, 11, -980, 123, -6, -185, 1028, 46;
-47, 265, 12, -973, 146, -4, -183, 1035, 47;
-47, 266, 11, -971, 163, -7, -183, 1038, 46;
-45, 269, 13, -953, 196, 1, -177, 1049, 52;
-50, 264, 7, -998, 164, -32, -197, 1032, 30;
-49, 266, 8, -987, 188, -30, -194, 1039, 32;
-46, 270, 11, -953, 234, -12, -182, 1055, 43;
-46, 271, 10, -950, 249, -15, -182, 1058, 41;
-41, 277, 15, -893, 317, 17, -160, 1083, 61;
-44, 275, 12, -918, 302, -5, -173, 1073, 47;
-38, 282, 17, -855, 374, 29, -149, 1100, 69;
-47, 273, 8, -936, 302, -30, -185, 1067, 31;
-38, 283, 17, -841, 404, 24, -148, 1106, 66;
-46, 276, 8, -910, 343, -28, -179, 1078, 33;
-36, 286, 17, -815, 444, 26, -142, 1117, 67;
-45, 278, 8, -889, 375, -30, -176, 1085, 31;
-38, 285, 13, -823, 446, 4, -151, 1112, 53;
-37, 287, 15, -798, 475, 12, -144, 1121, 58;
-34, 290, 16, -769, 507, 22, -135, 1131, 65;
-33, 291, 16, -753, 525, 23, -132, 1136, 65;
-33, 291, 16, -744, 535, 19, -132, 1137, 62;
-37, 288, 11, -770, 510, -8, -146, 1124, 45;
-37, 288, 10, -763, 516, -14, -147, 1124, 41;
-37, 289, 10, -747, 531, -14, -144, 1128, 41;
-33, 293, 13, -700, 576, 5, -128, 1144, 54;
-37, 289, 9, -728, 545, -25, -144, 1129, 35;
-29, 297, 16, -645, 625, 18, -114, 1160, 62;
-30, 296, 14, -644, 622, 7, -117, 1156, 55;
-28, 298, 15, -616, 644, 13, -110, 1163, 59;
-28, 298, 14, -605, 649, 7, -110, 1163, 55;
-24, 302, 17, -556, 692, 27, -94, 1179, 68;
-23, 303, 17, -535, 705, 28, -90, 1182, 68;
-31, 295, 8, -599, 633, -27, -121, 1150, 33;
-29, 296, 9, -575, 648, -25, -116, 1154, 35;
-21, 303, 16, -488, 725, 18, -84, 1185, 62;
-28, 297, 8, -536, 666, -27, -109, 1158, 33;
-22, 302, 13, -473, 718, 0, -88, 1178, 51;
-21, 303, 13, -448, 731, 2, -82, 1182, 52;
-17, 306, 15, -404, 763, 17, -69, 1194, 61;
-24, 298, 7, -455, 698, -31, -95, 1165, 31;
-14, 308, 17, -344, 794, 26, -55, 1204, 67;
-21, 300, 8, -405, 719, -28, -85, 1171, 33;
-12, 309, 16, -304, 803, 22, -49, 1205, 65;
-17, 303, 10, -341, 750, -17, -69, 1182, 40;
-12, 307, 14, -281, 793, 7, -49, 1199, 55;
-9, 310, 16, -236, 821, 21, -36, 1209, 64;
-11, 307, 13, -239, 799, 3, -43, 1199, 53;
-8, 309, 15, -197, 822, 15, -31, 1208, 60;
-6, 310, 16, -167, 832, 19, -24, 1211, 62;
-4, 311, 17, -135, 844, 24, -16, 1216, 66;
-4, 310, 15, -120, 837, 17, -16, 1212, 62;
-1, 312, 17, -79, 856, 28, -5, 1220, 68;
-7, 305, 10, -123, 790, -16, -28, 1192, 40;
0, 312, 17, -35, 856, 25, 2, 1219, 67;
-1, 309, 14, -37, 830, 8, -4, 1208, 56;
1, 311, 16, 2, 847, 18, 6, 1215, 62;