-5, 303, 7, -48, 771, -32, -19, 1183, 31;
-3, 303, 8, -20, 774, -30, -14, 1185, 32;
-2, 303, 8, 2, 771, -31, -10, 1184, 31;
2, 307, 11, 61, 804, -8, 8, 1198, 45;
0, 304, 8, 57, 774, -27, 1, 1185, 33;
8, 311, 15, 149, 839, 17, 34, 1213, 61;
11, 312, 17, 185, 848, 25, 43, 1217, 66;
8, 308, 13, 174, 809, 1, 33, 1201, 52;
8, 307, 12, 190, 797, -3, 34, 1197, 48;
12, 309, 14, 237, 815, 11, 48, 1205, 57;
12, 307, 13, 251, 800, 4, 48, 1200, 53;
14, 308, 14, 281, 801, 8, 55, 1201, 56;
18, 311, 17, 336, 827, 29, 73, 1213, 69;
10, 301, 8, 276, 737, -25, 42, 1176, 34;
16, 305, 13, 343, 773, 2, 64, 1193, 52;
19, 307, 15, 381, 781, 13, 75, 1197, 59;
16, 302, 11, 370, 739, -9, 65, 1181, 45;
18, 302, 11, 397, 735, -6, 71, 1181, 46;
18, 301, 10, 410, 717, -13, 71, 1175, 42;
24, 305, 15, 477, 753, 16, 94, 1191, 61;
20, 299, 10, 448, 693, -16, 78, 1168, 40;
28, 306, 18, 544, 756, 32, 112, 1196, 71;
29, 305, 17, 562, 743, 30, 115, 1192, 69;
21, 295, 8, 495, 644, -27, 82, 1153, 33;
27, 300, 14, 567, 684, 6, 108, 1171, 54;
30, 301, 15, 602, 687, 16, 118, 1175, 61;
24, 293, 8, 556, 609, -27, 94, 1144, 33;
34, 301, 17, 660, 681, 28, 133, 1176, 68;
25, 291, 8, 589, 578, -31, 99, 1136, 31;
28, 292, 10, 631, 587, -15, 112, 1142, 41;
27, 289, 8, 628, 553, -29, 107, 1130, 32;
31, 292, 11, 680, 572, -7, 124, 1140, 46;
38, 297, 17, 752, 612, 29, 150, 1159, 69;
35, 292, 14, 737, 565, 8, 140, 1142, 55;
39, 295, 17, 782, 579, 27, 155, 1150, 67;
37, 291, 14, 772, 536, 9, 147, 1135, 56;
41, 292, 17, 813, 546, 26, 160, 1142, 67;
41, 291, 16, 822, 524, 22, 161, 1135, 65;
42, 291, 17, 846, 516, 28, 167, 1135, 68;
37, 283, 11, 798, 437, -12, 144, 1105, 43;
40, 285, 13, 837, 446, 4, 157, 1112, 54;
43, 286, 16, 874, 452, 20, 170, 1117, 63;
37, 278, 9, 825, 373, -20, 147, 1087, 38;
40, 279, 11, 855, 373, -8, 156, 1090, 45;
45, 282, 16, 907, 396, 18, 175, 1103, 62;
47, 283, 18, 938, 397, 32, 186, 1106, 71;
42, 277, 12, 898, 328, -1, 167, 1081, 50;
38, 271, 8, 863, 265, -30, 150, 1058, 31;
44, 275, 13, 925, 298, 4, 174, 1075, 53;
42, 271, 10, 907, 252, -13, 164, 1059, 42;
48, 276, 16, 969, 287, 22, 188, 1077, 65;
42, 269, 10, 922, 213, -13, 167, 1049, 42;
49, 274, 17, 991, 255, 28, 194, 1070, 68;
47, 270, 14, 972, 210, 11, 185, 1055, 57;
44, 265, 11, 946, 158, -9, 173, 1037, 44;
43, 263, 10, 940, 128, -16, 169, 1027, 40;
48, 267, 15, 994, 157, 16, 191, 1043, 60;
45, 262, 12, 966, 104, -5, 178, 1024, 47;
41, 257, 8, 930, 46, -30, 163, 1003, 31;
50, 264, 16, 1009, 101, 19, 195, 1030, 63;
43, 256, 9, 952, 22, -19, 171, 1000, 38;
43, 254, 9, 945, -6, -25, 167, 992, 35;
47, 257, 13, 987, 14, 2, 185, 1004, 52;
47, 256, 13, 991, -2, 5, 186, 1000, 54;
49, 256, 15, 1004, -9, 14, 192, 1001, 59;
50, 256, 16, 1017, -15, 23, 198, 1002, 65;
48, 253, 14, 994, -57, 9, 188, 988, 56;
46, 250, 13, 978, -90, 1, 182, 977, 51;
51, 253, 17, 1016, -70, 28, 199, 989, 68;
41, 243, 8, 925, -178, -30, 162, 948, 32;
48, 249, 15, 991, -127, 17, 190, 972, 61;
44, 243, 11, 943, -191, -11, 172, 949, 43;
44, 242, 11, 944, -205, -7, 173, 947, 46;
41, 239, 9, 917, -246, -21, 163, 933, 37;
45, 241, 13, 945, -230, 1, 177, 943, 52;
45, 240, 13, 940, -248, 3, 176, 939, 53;
49, 243, 17, 973, -227, 30, 191, 951, 69;
44, 238, 13, 923, -287, 3, 173, 929, 52;
43, 236, 13, 912, -308, 1, 170, 923, 52;
39, 231, 9, 862, -367, -24, 152, 902, 35;
40, 232, 11, 872, -366, -11, 158, 906, 43;
40, 231, 11, 864, -382, -9, 157, 902, 44;
45, 235, 16, 902, -351, 23, 176, 918, 65;
37, 226, 9, 820, -439, -23, 144, 884, 36;
39, 228, 12, 835, -429, -5, 154, 891, 47;
38, 227, 11, 819, -450, -7, 150, 886, 46;
37, 225, 11, 799, -473, -11, 145, 879, 43;
43, 231, 18, 851, -424, 32, 169, 902, 71;
34, 221, 9, 757, -520, -20, 134, 865, 38;
35, 222, 11, 760, -519, -8, 138, 868, 45;
39, 225, 15, 784, -496, 17, 152, 881, 61;
32, 218, 9, 710, -569, -20, 125, 853, 37;
36, 223, 15, 745, -533, 13, 143, 870, 59;
31, 217, 10, 683, -593, -16, 121, 848, 40;
30, 216, 10, 667, -606, -15, 119, 845, 41;
34, 220, 15, 697, -573, 16, 135, 861, 60;
26, 212, 7, 607, -659, -32, 102, 828, 31;
33, 219, 16, 665, -596, 19, 130, 856, 62;
27, 213, 11, 599, -656, -12, 107, 833, 43;
31, 218, 16, 627, -621, 19, 123, 850, 63;
31, 217, 16, 611, -629, 22, 121, 848, 64;
27, 214, 14, 569, -663, 7, 108, 836, 55;
21, 208, 8, 498, -725, -25, 84, 813, 35;
21, 208, 9, 484, -729, -21, 82, 813, 37;
28, 216, 17, 540, -663, 29, 110, 842, 69;
24, 212, 14, 490, -702, 10, 95, 828, 57;
17, 206, 9, 415, -764, -24, 69, 803, 35;
21, 209, 13, 435, -731, 3, 82, 818, 53;
24, 213, 18, 454, -699, 31, 95, 833, 70;
19, 209, 14, 394, -744, 6, 75, 816, 54;
21, 212, 17, 403, -720, 27, 84, 827, 68;
12, 203, 9, 302, -805, -24, 48, 793, 35;
13, 205, 11, 304, -787, -7, 54, 802, 46;
11, 203, 10, 268, -806, -15, 44, 795, 41;
13, 207, 13, 277, -779, 5, 53, 807, 54;
13, 207, 15, 263, -774, 12, 53, 810, 59;
12, 207, 15, 240, -778, 13, 49, 809, 59;
11, 206, 14, 212, -787, 10, 43, 806, 57;
3, 199, 7, 124, -854, -31, 12, 779, 31;
4, 201, 10, 119, -838, -18, 15, 786, 39;
4, 203, 11, 112, -823, -7, 18, 793, 46;
6, 206, 14, 116, -797, 11, 25, 804, 58;
1, 201, 10, 51, -840, -15, 4, 787, 41;
-1, 200, 8, 10, -857, -25, -6, 780, 35;
1, 204, 13, 26, -817, 1, 5, 796, 51;
0, 204, 13, 0, -818, 0, 0, 796, 51;
-1, 203, 12, -27, -821, -1, -5, 795, 49;
-5, 200, 9, -81, -850, -21, -22, 783, 37;
-6, 201, 10, -100, -844, -17, -24, 785, 39;
-3, 205, 14, -89, -805, 6, -14, 801, 54;
-2, 207, 16, -91, -781, 21, -9, 810, 64;
-4, 206, 15, -126, -789, 13, -18, 807, 59;
-3, 209, 17, -125, -760, 30, -12, 818, 70;
-12, 202, 10, -220, -827, -16, -46, 790, 40;
-13, 202, 9, -251, -830, -20, -54, 788, 37;
-13, 204, 11, -258, -808, -9, -51, 796, 45;
-14, 204, 11, -284, -804, -10, -56, 797, 44;
-19, 201, 7, -341, -831, -32, -74, 785, 30;
-11, 210, 16, -282, -742, 22, -45, 820, 64;
-16, 206, 12, -345, -775, -4, -65, 806, 48;
-15, 209, 14, -346, -746, 10, -61, 816, 57;
-17, 208, 13, -380, -749, 3, -69, 814, 52;
-21, 206, 10, -428, -766, -13, -84, 805, 42;
-20, 209, 13, -428, -735, 1, -79, 817, 51;
-17, 213, 16, -416, -692, 23, -69, 833, 65;
-23, 209, 11, -485, -729, -7, -93, 816, 46;
-24, 210, 12, -502, -715, -4, -95, 820, 47;
-29, 207, 8, -559, -739, -28, -113, 808, 33;
-23, 214, 15, -516, -665, 14, -91, 838, 59;
-22, 217, 17, -515, -632, 28, -86, 849, 68;
-22, 218, 17, -533, -618, 29, -89, 853, 69;
-28, 214, 12, -599, -652, 0, -112, 837, 50;
-27, 217, 14, -600, -620, 11, -108, 848, 58;
-35, 211, 8, -682, -671, -30, -137, 825, 31;
-27, 221, 16, -619, -576, 23, -107, 862, 65;
-29, 221, 15, -645, -570, 18, -114, 862, 62;
-29, 222, 16, -655, -547, 23, -114, 869, 65;
-37, 216, 9, -745, -605, -24, -147, 843, 35;
-38, 217, 9, -757, -585, -21, -148, 849, 37;
-34, 222, 13, -736, -532, 3, -135, 868, 53;
-37, 221, 11, -773, -537, -10, -147, 863, 44;
-36, 224, 13, -766, -499, 4, -141, 876, 53;
-33, 229, 17, -746, -448, 27, -129, 895, 68;
-38, 226, 12, -804, -474, 0, -150, 881, 50;
-37, 228, 14, -806, -445, 7, -147, 890, 55;
-36, 231, 16, -801, -410, 19, -142, 902, 62;
-45, 224, 8, -890, -468, -31, -176, 875, 31;
-41, 230, 12, -859, -407, -2, -161, 897, 49;
-41, 231, 13, -866, -384, 0, -161, 904, 51;
-41, 233, 13, -876, -364, 1, -162, 909, 52;
-44, 231, 10, -910, -369, -13, -174, 904, 42;
-42, 236, 13, -892, -322, 5, -164, 921, 54;
-44, 235, 11, -923, -324, -8, -175, 917, 45;
-42, 239, 14, -906, -279, 8, -166, 932, 56;
-41, 241, 15, -903, -248, 15, -163, 942, 60;
-40, 244, 17, -898, -216, 24, -159, 952, 66;
-48, 238, 10, -970, -261, -18, -187, 930, 39;
-48, 239, 9, -979, -243, -19, -189, 934, 38;
-41, 247, 16, -919, -157, 24, -163, 966, 66;
-41, 249, 17, -921, -134, 26, -162, 973, 67;
-49, 242, 9, -1001, -189, -23, -194, 947, 36;
-48, 245, 11, -989, -152, -12, -188, 959, 43;
-46, 249, 13, -974, -113, 0, -181, 971, 50;
-45, 252, 14, -961, -76, 10, -175, 983, 57;
-49, 249, 10, -1003, -95, -15, -192, 972, 41;
-43, 256, 16, -948, -18, 21, -169, 1000, 64;
-43, 257, 16, -950, 1, 21, -169, 1005, 64;
-45, 257, 14, -970, 2, 8, -178, 1002, 56;
-44, 259, 15, -956, 37, 18, -172, 1013, 62;
-44, 260, 15, -960, 52, 14, -174, 1016, 60;
-51, 255, 8, -1021, 11, -26, -199, 996, 34;
-43, 264, 16, -947, 104, 21, -169, 1031, 64;
-44, 264, 15, -955, 114, 14, -173, 1032, 60;
-49, 260, 9, -1004, 82, -20, -194, 1015, 38;
-43, 268, 16, -941, 162, 19, -168, 1045, 63;
-49, 263, 10, -993, 126, -18, -191, 1027, 39;
-44, 269, 14, -946, 188, 10, -173, 1049, 57;
-41, 273, 17, -915, 233, 26, -161, 1064, 67;
-47, 267, 10, -970, 193, -13, -185, 1044, 42;
-43, 273, 15, -924, 251, 12, -168, 1065, 58;
-42, 274, 15, -915, 273, 13, -166, 1071, 59;
-46, 271, 10, -950, 250, -15, -182, 1058, 41;
-39, 279, 17, -879, 331, 26, -154, 1089, 67;
-41, 277, 14, -895, 325, 9, -163, 1083, 57;
-43, 276, 12, -907, 322, -4, -170, 1079, 47;
-44, 276, 10, -912, 326, -15, -175, 1077, 41;
-47, 274, 7, -927, 319, -32, -183, 1071, 31;
-44, 277, 9, -897, 356, -19, -174, 1083, 38;
-40, 282, 13, -855, 404, 0, -159, 1100, 51;
-39, 283, 13, -837, 427, 3, -154, 1107, 53;
-39, 284, 13, -828, 440, 1, -154, 1109, 51;
-39, 285, 12, -817, 455, 0, -152, 1113, 50;
-43, 281, 8, -848, 428, -30, -168, 1098, 32;
-37, 288, 13, -784, 493, 2, -145, 1123, 52;
-38, 286, 11, -790, 489, -11, -151, 1119, 44;
-34, 291, 14, -742, 538, 10, -134, 1136, 57;
-31, 294, 17, -703, 576, 25, -122, 1149, 66;
-32, 294, 15, -701, 577, 16, -125, 1147, 60;
-34, 292, 12, -711, 565, -1, -133, 1140, 49;
-33, 292, 12, -699, 574, -5, -132, 1141, 47;
-31, 294, 13, -669, 601, 2, -123, 1150, 52;
-30, 296, 13, -646, 620, 5, -118, 1155, 54;
-31, 294, 11, -649, 612, -8, -123, 1150, 45;
-30, 296, 12, -624, 631, -4, -117, 1155, 48;
-25, 300, 15, -571, 677, 17, -100, 1172, 61;
-27, 298, 13, -577, 663, 0, -107, 1165, 51;
-25, 300, 13, -550, 682, 4, -101, 1170, 53;
-27, 298, 10, -557, 666, -13, -108, 1162, 42;
-20, 305, 17, -477, 736, 25, -80, 1189, 67;
-28, 296, 8, -540, 663, -29, -110, 1157, 32;
-26, 298, 9, -508, 683, -23, -102, 1164, 36;
-16, 308, 18, -403, 776, 32, -64, 1201, 71;
-16, 307, 16, -396, 771, 22, -66, 1197, 65;
-23, 299, 8, -447, 705, -26, -92, 1168, 34;
-20, 302, 11, -400, 738, -10, -78, 1181, 44;
-12, 310, 18, -315, 809, 31, -48, 1209, 70;
-18, 303, 10, -361, 746, -15, -72, 1181, 41;
-15, 305, 12, -316, 775, 0, -59, 1192, 50;
-14, 305, 12, -296, 778, -2, -56, 1192, 49;
-8, 310, 17, -228, 828, 26, -33, 1212, 67;
-12, 306, 12, -249, 789, -2, -47, 1195, 49;
-9, 308, 14, -208, 810, 7, -36, 1203, 55;
-13, 303, 9, -232, 767, -24, -51, 1184, 36;
-3, 312, 18, -125, 853, 31, -12, 1220, 70;
-3, 311, 16, -116, 842, 21, -14, 1214, 64;
-5, 308, 13, -120, 816, 2, -21, 1203, 52;
-6, 306, 11, -115, 799, -11, -25, 1196, 44;
-4, 307, 12, -79, 811, -3, -16, 1201, 48;
-2, 308, 12, -54, 813, -3, -11, 1201, 48;
0, 309, 13, -21, 822, 2, -3, 1205, 52;
2, 310, 15, 19, 839, 13, 8, 1211, 59;
0, 307, 12, 14, 809, -6, 0, 1199, 46;
4, 310, 14, 66, 835, 11, 16, 1210, 57;
1, 306, 11, 55, 798, -12, 6, 1195, 43;
1, 304, 9, 65, 782, -22, 4, 1189, 37;
4, 306, 11, 109, 799, -9, 17, 1196, 45;
11, 312, 17, 187, 849, 26, 43, 1217, 67;
7, 306, 12, 163, 798, -5, 28, 1197, 47;
10, 309, 14, 209, 816, 8, 42, 1205, 56;
8, 305, 10, 200, 778, -13, 32, 1190, 42;
13, 309, 15, 265, 814, 13, 54, 1206, 59;
8, 302, 8, 228, 749, -26, 33, 1179, 34;
18, 310, 17, 332, 823, 27, 71, 1211, 67;
10, 301, 8, 270, 731, -29, 40, 1174, 32;
15, 305, 12, 336, 767, -1, 62, 1190, 50;
18, 306, 14, 371, 771, 6, 71, 1193, 54;
17, 303, 12, 378, 748, -4, 69, 1185, 48;
19, 303, 13, 407, 745, 0, 75, 1185, 50;
23, 306, 16, 458, 765, 18, 92, 1195, 62;
26, 307, 18, 500, 776, 32, 104, 1200, 70;
20, 299, 10, 450, 694, -15, 78, 1168, 41;
25, 303, 14, 509, 722, 9, 98, 1182, 56;
27, 303, 15, 543, 724, 17, 107, 1184, 61;
27, 302, 14, 554, 703, 11, 107, 1177, 58;
22, 295, 8, 516, 633, -27, 86, 1150, 33;
31, 302, 17, 616, 701, 25, 123, 1180, 67;
30, 300, 15, 619, 672, 14, 120, 1170, 59;
32, 300, 16, 648, 668, 20, 127, 1171, 63;
25, 291, 8, 591, 579, -30, 100, 1136, 32;
28, 293, 10, 632, 589, -14, 113, 1142, 41;
29, 291, 9, 643, 567, -19, 113, 1136, 38;
36, 297, 16, 723, 615, 21, 142, 1158, 64;
29, 288, 8, 667, 527, -27, 115, 1124, 34;
32, 289, 11, 706, 534, -12, 127, 1129, 43;
36, 291, 13, 748, 545, 4, 141, 1136, 53;
32, 285, 8, 719, 483, -25, 125, 1113, 34;
41, 293, 17, 817, 550, 29, 162, 1144, 69;
42, 292, 18, 836, 538, 32, 167, 1141, 70;
40, 288, 14, 819, 489, 10, 156, 1124, 57;
41, 288, 15, 840, 479, 15, 162, 1123, 60;
34, 279, 7, 782, 391, -31, 135, 1089, 31;
38, 281, 11, 825, 403, -12, 149, 1097, 43;
39, 280, 11, 844, 392, -7, 155, 1095, 46;
41, 280, 13, 867, 385, 0, 161, 1095, 50;
40, 278, 11, 867, 355, -7, 159, 1086, 46;
37, 273, 8, 845, 304, -29, 147, 1068, 32;
47, 282, 17, 942, 372, 28, 185, 1099, 68;
45, 278, 15, 928, 329, 12, 177, 1085, 58;
41, 272, 10, 892, 265, -17, 160, 1061, 39;
43, 272, 12, 917, 262, -6, 168, 1063, 46;
40, 268, 9, 899, 217, -23, 159, 1048, 36;
48, 274, 16, 973, 263, 20, 188, 1070, 63;
40, 264, 7, 900, 164, -32, 156, 1032, 30;
46, 269, 14, 965, 203, 6, 182, 1052, 54;
48, 269, 15, 984, 196, 15, 188, 1052, 60;
47, 267, 14, 978, 165, 8, 185, 1043, 56;
41, 259, 7, 921, 84, -32, 160, 1012, 30;
49, 266, 15, 996, 135, 15, 191, 1037, 60;
46, 262, 13, 976, 92, 0, 182, 1022, 50;
51, 265, 17, 1023, 115, 29, 200, 1035, 69;
52, 264, 18, 1029, 99, 31, 202, 1032, 70;
44, 256, 10, 961, 9, -14, 174, 998, 42;
51, 261, 17, 1023, 49, 26, 199, 1018, 67;
47, 256, 13, 989, -4, 3, 185, 999, 53;
50, 257, 16, 1013, 0, 20, 196, 1005, 63;
46, 252, 12, 973, -59, -5, 179, 983, 47;
43, 248, 10, 952, -99, -18, 171, 970, 39;
51, 255, 18, 1025, -43, 32, 202, 997, 71;
48, 251, 15, 994, -92, 13, 190, 980, 59;
48, 249, 15, 989, -114, 12, 188, 974, 58;
46, 247, 13, 973, -146, 4, 183, 964, 53;
44, 243, 11, 945, -189, -10, 172, 950, 44;
46, 245, 14, 966, -182, 7, 182, 956, 55;
43, 240, 10, 927, -235, -14, 168, 937, 41;
41, 238, 9, 913, -262, -19, 163, 929, 38;
43, 238, 11, 919, -268, -10, 168, 930, 44;
43, 238, 12, 918, -281, -5, 169, 928, 47;
45, 238, 14, 930, -281, 7, 176, 931, 55;
41, 234, 10, 886, -334, -15, 160, 913, 41;
39, 231, 9, 862, -368, -25, 152, 902, 35;
47, 238, 17, 933, -305, 28, 183, 931, 68;
40, 231, 11, 862, -384, -11, 157, 901, 44;
36, 226, 7, 819, -434, -32, 141, 884, 30;
44, 234, 17, 893, -366, 25, 175, 915, 66;
38, 227, 11, 827, -437, -10, 150, 888, 44;
37, 226, 10, 809, -460, -14, 146, 881, 42;
35, 224, 9, 786, -487, -20, 139, 873, 38;
41, 229, 16, 830, -445, 18, 161, 893, 62;
35, 223, 11, 769, -508, -12, 139, 870, 43;
33, 220, 9, 740, -539, -22, 130, 860, 37;
37, 224, 14, 771, -508, 9, 147, 875, 56;
34, 221, 12, 733, -546, -5, 134, 862, 47;
37, 224, 16, 754, -524, 19, 147, 874, 63;
29, 216, 8, 669, -607, -25, 116, 842, 34;
34, 220, 14, 704, -569, 9, 134, 860, 56;
31, 218, 12, 670, -600, -1, 124, 850, 49;
27, 213, 9, 619, -647, -23, 107, 833, 36;
26, 212, 8, 597, -663, -26, 102, 828, 34;
28, 214, 11, 604, -650, -8, 109, 835, 45;
27, 213, 11, 585, -663, -8, 106, 832, 45;
30, 217, 16, 606, -634, 19, 119, 846, 62;
25, 211, 11, 544, -688, -9, 98, 826, 45;
30, 217, 17, 581, -642, 29, 118, 847, 69;
27, 214, 15, 542, -671, 17, 106, 837, 61;
26, 214, 16, 526, -677, 20, 105, 836, 63;
18, 206, 8, 433, -758, -26, 71, 804, 34;
19, 207, 10, 428, -751, -15, 74, 809, 41;
22, 210, 14, 444, -722, 9, 86, 822, 56;
14, 204, 8, 362, -791, -30, 57, 795, 32;
14, 204, 9, 351, -787, -22, 58, 798, 37;
20, 211, 16, 394, -729, 21, 81, 824, 64;
20, 211, 16, 375, -733, 24, 78, 823, 66;
15, 207, 13, 316, -775, 0, 59, 807, 51;
10, 203, 9, 260, -814, -21, 41, 792, 37;
10, 203, 10, 243, -813, -16, 39, 793, 40;
15, 209, 16, 275, -762, 20, 58, 815, 63;
10, 205, 12, 216, -802, -2, 39, 799, 49;
6, 202, 10, 168, -831, -18, 24, 788, 39;
5, 202, 10, 145, -833, -17, 21, 788, 39;
2, 200, 8, 106, -852, -27, 10, 781, 33;
9, 207, 16, 154, -781, 21, 36, 810, 64;
7, 207, 15, 124, -789, 17, 29, 807, 61;
7, 208, 17, 111, -779, 25, 29, 812, 66;
1, 203, 12, 41, -826, -4, 6, 793, 47;
0, 202, 11, 6, -837, -12, -2, 788, 43;
4, 208, 17, 44, -774, 29, 18, 814, 69;
0, 204, 13, -19, -814, 3, -2, 798, 53;
-7, 199, 7, -97, -866, -32, -29, 776, 30;
-2, 205, 14, -63, -807, 6, -9, 800, 55;
-1, 207, 15, -72, -789, 17, -7, 807, 61;
-7, 202, 11, -138, -828, -10, -29, 791, 44;
-3, 208, 16, -112, -775, 23, -13, 812, 65;
-3, 209, 17, -130, -765, 27, -14, 816, 68;
-10, 204, 12, -205, -812, -6, -40, 796, 47;
-10, 205, 13, -217, -796, 1, -40, 802, 52;
-15, 201, 8, -284, -833, -26, -62, 786, 34;
-15, 203, 10, -293, -813, -16, -60, 793, 40;
-16, 203, 10, -319, -809, -18, -65, 794, 39;
-19, 202, 9, -353, -814, -25, -74, 791, 35;
-14, 208, 14, -324, -755, 9, -57, 814, 56;
-19, 205, 10, -382, -782, -13, -76, 801, 42;
-16, 210, 15, -363, -732, 14, -62, 821, 59;
-23, 204, 9, -445, -783, -25, -91, 798, 35;
-20, 209, 13, -428, -735, 1, -79, 817, 51;
-23, 207, 11, -471, -747, -12, -92, 810, 42;
-25, 207, 10, -502, -746, -19, -100, 809, 39;
-18, 216, 17, -450, -662, 30, -73, 842, 69;
-20, 216, 17, -474, -655, 27, -79, 843, 68;
-25, 213, 13, -531, -680, 4, -97, 831, 53;
-30, 209, 9, -593, -710, -23, -118, 817, 36;
-26, 214, 13, -569, -654, 5, -104, 838, 54;
-31, 212, 10, -623, -676, -17, -122, 827, 40;
-33, 211, 9, -654, -675, -24, -130, 825, 35;
-31, 215, 11, -649, -637, -8, -123, 839, 45;
-30, 218, 13, -648, -604, 4, -119, 850, 53;
-32, 218, 12, -674, -598, 0, -126, 850, 50;
-33, 218, 12, -696, -588, -3, -131, 852, 48;
-34, 219, 12, -717, -577, -6, -135, 854, 47;
-33, 222, 14, -710, -538, 9, -129, 868, 57;
-38, 219, 10, -766, -563, -16, -148, 855, 40;
-41, 218, 8, -805, -570, -31, -161, 850, 31;
-40, 221, 10, -802, -535, -19, -156, 862, 39;
-41, 220, 8, -828, -530, -26, -163, 861, 34;
-33, 230, 17, -759, -430, 28, -131, 900, 68;
-34, 231, 17, -774, -414, 28, -134, 904, 68;
-39, 228, 13, -828, -437, 1, -154, 891, 51;
-45, 224, 8, -891, -469, -31, -177, 875, 31;
-38, 232, 15, -837, -384, 12, -151, 907, 58;
-38, 234, 16, -840, -358, 18, -150, 915, 62;
-41, 233, 13, -872, -360, 4, -161, 911, 53;
-38, 238, 16, -853, -312, 24, -150, 928, 66;
-39, 238, 16, -870, -300, 19, -155, 930, 63;
-43, 236, 12, -914, -315, -2, -171, 920, 49;
-41, 240, 15, -895, -269, 15, -161, 936, 60;
-40, 243, 17, -887, -233, 26, -156, 948, 67;
-43, 241, 14, -926, -243, 6, -170, 940, 54;
-40, 245, 17, -903, -193, 26, -159, 958, 67;
-49, 239, 9, -984, -249, -23, -191, 932, 36;
-43, 246, 15, -937, -175, 12, -170, 959, 58;
-43, 247, 15, -936, -149, 16, -169, 966, 61;
-46, 246, 12, -968, -156, -1, -181, 960, 49;
-48, 245, 10, -990, -152, -13, -189, 958, 42;
-47, 248, 12, -979, -118, -3, -183, 969, 48;
-41, 255, 17, -931, -46, 30, -163, 995, 69;
-50, 247, 9, -1017, -109, -24, -198, 966, 35;
-48, 251, 11, -993, -62, -7, -187, 982, 46;
-44, 256, 15, -963, -11, 12, -175, 1000, 59;
-51, 251, 8, -1023, -50, -26, -200, 980, 34;
-43, 260, 16, -948, 45, 23, -168, 1017, 65;
-43, 261, 16, -949, 64, 22, -169, 1021, 64;
-47, 258, 12, -988, 44, -4, -185, 1010, 48;
-47, 260, 12, -982, 69, -1, -183, 1016, 49;
-49, 259, 10, -1004, 65, -18, -193, 1011, 39;
-49, 261, 10, -998, 88, -16, -191, 1017, 40;
-46, 264, 12, -971, 132, 0, -181, 1032, 50;
-44, 267, 14, -951, 168, 9, -174, 1044, 57;
-43, 270, 15, -934, 200, 17, -168, 1054, 61;
-47, 266, 10, -975, 173, -13, -186, 1039, 42;
-48, 267, 10, -975, 187, -17, -187, 1042, 40;
-44, 271, 13, -938, 238, 3, -174, 1059, 52;
-44, 272, 13, -934, 254, 0, -173, 1063, 51;
-42, 275, 14, -910, 290, 11, -165, 1075, 58;
-47, 271, 9, -953, 257, -22, -185, 1058, 36;
-47, 272, 9, -947, 274, -24, -185, 1061, 35;
-46, 274, 9, -930, 300, -20, -180, 1069, 38;
-40, 280, 14, -873, 365, 10, -159, 1093, 57;
-45, 276, 9, -911, 334, -21, -177, 1077, 37;
-36, 285, 18, -821, 432, 31, -142, 1115, 70;
-36, 286, 17, -817, 442, 25, -143, 1116, 66;
-41, 282, 11, -853, 411, -6, -161, 1100, 46;
-38, 285, 14, -816, 452, 9, -149, 1114, 56;
-42, 282, 9, -848, 424, -21, -165, 1100, 37;
-33, 291, 18, -755, 521, 31, -130, 1137, 70;
-35, 289, 14, -771, 506, 11, -140, 1128, 57;
-34, 291, 15, -747, 532, 17, -133, 1136, 61;
-40, 285, 9, -793, 487, -23, -156, 1115, 36;
-36, 289, 11, -753, 526, -7, -143, 1128, 46;
-39, 286, 8, -771, 507, -30, -154, 1118, 31;
-34, 292, 12, -709, 567, 0, -132, 1140, 50;
-32, 294, 14, -681, 592, 6, -124, 1149, 54;
-30, 296, 15, -653, 616, 12, -117, 1156, 59;
-32, 294, 12, -662, 603, -5, -125, 1148, 47;
-30, 296, 13, -636, 624, 0, -118, 1155, 50;
-31, 295, 11, -635, 620, -11, -122, 1151, 43;
-32, 294, 9, -630, 618, -21, -125, 1148, 37;
-29, 296, 10, -597, 643, -13, -116, 1156, 42;
-25, 300, 14, -545, 687, 8, -98, 1173, 56;
-29, 296, 9, -574, 649, -24, -115, 1155, 35;
-20, 304, 16, -479, 734, 24, -81, 1188, 66;
-27, 297, 8, -535, 667, -26, -109, 1159, 34;
-23, 301, 11, -484, 708, -6, -92, 1174, 46;
-23, 301, 11, -467, 712, -10, -90, 1174, 44;
-18, 305, 14, -411, 755, 12, -72, 1190, 58;
-21, 301, 10, -429, 724, -14, -84, 1176, 42;
-20, 302, 10, -407, 731, -14, -81, 1178, 41;
-17, 305, 13, -359, 764, 1, -66, 1190, 52;
-11, 310, 18, -291, 817, 31, -43, 1211, 70;
-12, 308, 15, -294, 797, 13, -50, 1201, 59;
-17, 302, 9, -328, 746, -24, -69, 1179, 35;
-11, 308, 14, -255, 801, 8, -44, 1201, 56;
-15, 303, 9, -277, 760, -22, -59, 1183, 37;
-8, 309, 14, -202, 816, 12, -33, 1206, 58;
-9, 307, 13, -195, 804, 0, -36, 1200, 51;
-6, 309, 15, -153, 826, 12, -24, 1208, 58;
-3, 311, 16, -116, 841, 20, -14, 1214, 63;
-3, 310, 15, -102, 834, 13, -14, 1210, 59;
-4, 309, 13, -93, 821, 3, -16, 1205, 53;
0, 312, 17, -33, 858, 27, 3, 1220, 67;
0, 310, 14, -33, 834, 10, -2, 1210, 57;
-3, 306, 10, -49, 794, -16, -14, 1193, 40;
2, 311, 15, 25, 845, 17, 10, 1214, 61;
4, 311, 16, 52, 847, 18, 16, 1215, 62;
2, 308, 13, 50, 819, 0, 9, 1203, 51;
0, 304, 9, 39, 782, -23, 0, 1188, 36;
0, 303, 7, 50, 766, -32, -1, 1182, 30;
4, 306, 11, 106, 796, -11, 15, 1195, 43;
6, 307, 12, 140, 802, -4, 24, 1198, 47;
11, 311, 16, 207, 842, 23, 46, 1215, 65;
5, 303, 9, 161, 767, -23, 21, 1185, 36;
10, 307, 12, 218, 796, -1, 40, 1197, 50;
11, 306, 12, 243, 793, 0, 45, 1197, 50;
8, 302, 8, 229, 749, -25, 34, 1180, 34;
18, 311, 17, 338, 828, 30, 73, 1213, 70;
14, 304, 12, 305, 766, -6, 54, 1189, 46;
18, 307, 15, 357, 787, 12, 70, 1199, 58;
18, 306, 14, 377, 777, 10, 73, 1195, 57;
14, 300, 9, 348, 717, -24, 56, 1172, 35;
15, 299, 8, 368, 706, -26, 59, 1169, 34;
20, 303, 13, 429, 736, 0, 79, 1183, 50;
17, 298, 8, 411, 687, -26, 67, 1164, 34;
18, 298, 8, 434, 678, -26, 71, 1162, 34;
27, 305, 16, 527, 740, 21, 105, 1189, 64;
24, 300, 12, 512, 693, -2, 94, 1171, 49;
21, 295, 8, 496, 645, -27, 83, 1153, 33;
30, 302, 16, 589, 706, 21, 117, 1181, 64;
27, 298, 13, 579, 664, 0, 108, 1165, 51;
24, 293, 8, 559, 612, -25, 95, 1145, 35;
25, 293, 9, 583, 604, -22, 101, 1144, 37;
27, 293, 10, 611, 599, -16, 108, 1144, 40;
35, 299, 17, 695, 652, 27, 139, 1168, 67;
28, 290, 8, 634, 558, -25, 109, 1132, 34;
34, 294, 14, 703, 595, 8, 134, 1150, 56;
33, 291, 12, 700, 560, -5, 128, 1138, 47;
38, 295, 17, 762, 590, 24, 150, 1153, 66;
37, 292, 14, 759, 555, 11, 145, 1141, 58;
41, 294, 17, 804, 568, 30, 160, 1149, 70;
39, 290, 15, 793, 526, 13, 152, 1134, 59;
37, 287, 12, 783, 485, -3, 145, 1119, 48;
41, 290, 16, 835, 505, 21, 163, 1131, 64;
34, 280, 8, 772, 412, -29, 134, 1095, 32;
41, 286, 14, 848, 457, 11, 162, 1116, 58;
39, 282, 12, 839, 417, -2, 155, 1103, 49;
40, 281, 12, 851, 399, -2, 157, 1098, 49;
41, 280, 12, 865, 383, -1, 161, 1095, 50;
37, 275, 8, 836, 324, -28, 146, 1073, 33;
43, 279, 13, 894, 353, 2, 167, 1088, 52;
41, 275, 11, 884, 314, -10, 161, 1075, 44;
41, 274, 11, 894, 295, -10, 163, 1071, 44;
43, 274, 12, 914, 287, -2, 169, 1070, 49;
46, 275, 15, 946, 291, 12, 180, 1075, 58;
42, 270, 11, 917, 235, -11, 167, 1055, 43;
46, 272, 14, 957, 248, 10, 182, 1064, 57;
48, 273, 16, 983, 247, 22, 191, 1067, 64;
47, 270, 14, 969, 207, 8, 183, 1053, 56;
42, 263, 9, 924, 137, -24, 164, 1028, 35;
44, 264, 11, 948, 136, -11, 172, 1030, 43;
46, 265, 13, 973, 136, 1, 182, 1034, 52;
48, 265, 14, 988, 126, 9, 187, 1033, 56;
42, 258, 8, 937, 52, -26, 165, 1006, 34;
47, 261, 13, 982, 74, 1, 183, 1019, 52;
47, 260, 13, 989, 59, 5, 186, 1016, 54;
45, 257, 11, 969, 17, -8, 177, 1002, 45;
48, 258, 14, 997, 24, 9, 189, 1008, 56;
49, 258, 15, 1010, 16, 17, 194, 1008, 61;
43, 251, 9, 950, -62, -21, 170, 979, 37;
41, 248, 8, 934, -98, -31, 163, 967, 31;
42, 247, 8, 940, -111, -26, 166, 965, 34;
47, 250, 13, 979, -90, 1, 183, 978, 51;
45, 248, 11, 963, -124, -7, 177, 967, 46;
49, 251, 16, 1002, -101, 21, 194, 980, 64;
44, 245, 11, 954, -165, -7, 175, 956, 46;
43, 242, 10, 933, -201, -18, 167, 945, 39;
49, 247, 16, 987, -161, 21, 191, 965, 64;
47, 244, 14, 965, -198, 10, 183, 953, 57;
43, 239, 11, 926, -250, -11, 168, 934, 44;
44, 239, 12, 931, -257, -2, 172, 935, 49;
45, 240, 14, 937, -263, 6, 177, 936, 54;
44, 238, 13, 921, -289, 1, 172, 928, 52;
43, 236, 12, 905, -315, -2, 168, 920, 49;
38, 230, 8, 858, -372, -27, 150, 900, 33;
40, 232, 11, 871, -367, -12, 158, 905, 43;
41, 232, 12, 877, -369, -1, 163, 907, 50;
44, 235, 16, 899, -353, 21, 175, 917, 64;
41, 231, 13, 860, -398, 3, 161, 901, 53;
42, 231, 15, 866, -398, 15, 166, 904, 60;
37, 226, 10, 809, -460, -14, 146, 882, 42;
40, 229, 14, 834, -438, 11, 159, 893, 58;
41, 229, 16, 833, -443, 20, 162, 894, 63;
39, 227, 15, 808, -470, 13, 155, 886, 59;
38, 225, 14, 788, -490, 10, 150, 880, 57;
33, 219, 9, 727, -552, -20, 128, 857, 38;
39, 226, 16, 778, -501, 24, 153, 881, 66;
30, 216, 8, 685, -592, -26, 118, 845, 34;
38, 224, 17, 748, -528, 26, 148, 875, 67;
36, 222, 16, 719, -554, 18, 140, 866, 62;
29, 215, 9, 644, -626, -19, 113, 839, 38;
27, 213, 8, 616, -650, -25, 106, 831, 34;
33, 219, 16, 665, -595, 19, 130, 856, 63;
28, 214, 11, 605, -650, -8, 110, 836, 45;
27, 213, 11, 587, -661, -7, 107, 833, 46;
24, 210, 9, 544, -697, -22, 93, 820, 36;
30, 217, 16, 594, -638, 24, 119, 847, 66;
24, 211, 11, 522, -701, -10, 93, 822, 44;
27, 214, 15, 543, -670, 17, 107, 837, 62;
28, 215, 17, 536, -666, 27, 109, 841, 68;
17, 205, 8, 426, -765, -31, 68, 801, 31;
19, 208, 11, 435, -744, -11, 77, 812, 44;
24, 213, 17, 470, -696, 26, 96, 833, 67;
14, 204, 8, 362, -790, -29, 57, 795, 32;
20, 210, 15, 407, -731, 15, 81, 821, 60;
18, 208, 13, 370, -754, 5, 70, 813, 54;
12, 203, 9, 304, -804, -23, 48, 794, 36;
14, 206, 12, 307, -784, -5, 55, 803, 47;
10, 202, 9, 259, -815, -22, 40, 791, 37;
10, 204, 11, 250, -806, -12, 42, 796, 43;
11, 205, 12, 238, -799, -3, 43, 800, 48;
6, 201, 9, 183, -836, -24, 25, 785, 35;
14, 209, 17, 241, -758, 30, 55, 818, 69;
7, 204, 12, 164, -815, -5, 28, 795, 47;
7, 205, 13, 155, -802, 5, 30, 801, 54;
10, 209, 17, 169, -766, 30, 42, 816, 70;
1, 201, 9, 69, -844, -19, 6, 785, 38;
7, 207, 16, 107, -783, 22, 27, 810, 64;
0, 202, 11, 32, -835, -11, 2, 789, 43;
-1, 201, 10, -2, -846, -18, -6, 784, 39;
-1, 202, 11, -15, -834, -10, -6, 789, 44;
-5, 199, 8, -64, -858, -26, -20, 779, 34;
-7, 199, 8, -93, -863, -29, -27, 777, 32;
-1, 205, 14, -59, -802, 9, -7, 802, 57;
-6, 202, 11, -114, -831, -10, -24, 790, 44;
-9, 201, 9, -154, -844, -20, -35, 784, 37;
-4, 207, 16, -119, -781, 19, -15, 810, 62;
-5, 207, 16, -144, -778, 18, -20, 810, 62;
-11, 203, 10, -216, -822, -13, -44, 792, 42;
-5, 210, 17, -177, -755, 29, -23, 819, 69;
-11, 205, 13, -245, -794, 0, -45, 802, 50;
-9, 209, 16, -234, -754, 22, -35, 818, 65;
-13, 206, 13, -289, -780, 1, -53, 806, 51;
-16, 205, 11, -327, -788, -8, -63, 801, 45;
-11, 211, 17, -298, -728, 27, -46, 825, 67;
-17, 207, 12, -363, -763, -1, -68, 809, 50;
-17, 209, 14, -374, -743, 7, -67, 816, 55;
-17, 211, 15, -385, -723, 14, -66, 823, 60;
-19, 210, 14, -420, -728, 6, -76, 820, 54;
-24, 206, 9, -483, -759, -20, -97, 806, 38;
-23, 210, 12, -477, -721, -2, -89, 820, 49;
-26, 208, 10, -517, -730, -14, -101, 814, 41;
-26, 210, 11, -532, -713, -10, -102, 820, 44;
-22, 216, 16, -503, -652, 22, -85, 843, 65;
-23, 216, 16, -524, -641, 22, -90, 845, 64;
-23, 217, 16, -541, -626, 24, -92, 850, 65;
-24, 218, 16, -562, -615, 23, -97, 852, 65;
-27, 218, 15, -594, -615, 15, -105, 850, 60;
-33, 213, 9, -665, -654, -19, -130, 832, 38;
-27, 221, 16, -619, -576, 23, -107, 862, 65;
-37, 213, 8, -720, -644, -31, -145, 831, 31;
-32, 219, 13, -684, -576, 4, -126, 857, 53;
-30, 223, 16, -676, -536, 21, -119, 871, 64;
-34, 221, 13, -721, -549, 2, -133, 863, 52;
-34, 222, 13, -733, -530, 5, -135, 869, 54;
-31, 227, 17, -716, -481, 27, -124, 887, 67;
-35, 225, 14, -762, -495, 6, -139, 878, 55;
-37, 225, 13, -786, -487, 1, -146, 879, 51;
-39, 225, 12, -809, -480, -4, -152, 879, 48;
-35, 230, 16, -782, -422, 22, -138, 900, 65;
-35, 232, 17, -789, -398, 27, -137, 907, 67;
-38, 231, 14, -828, -406, 10, -150, 901, 57;
-43, 228, 10, -878, -426, -15, -169, 890, 41;
-43, 229, 11, -885, -403, -12, -169, 896, 43;
-44, 230, 11, -898, -386, -12, -172, 900, 42;
-47, 229, 8, -936, -395, -30, -185, 894, 31;
-44, 233, 11, -915, -345, -9, -174, 911, 44;
-47, 232, 8, -951, -353, -27, -187, 905, 33;
-46, 235, 10, -941, -314, -15, -180, 917, 41;
-40, 243, 17, -888, -234, 25, -156, 948, 67;
-41, 243, 16, -905, -223, 20, -162, 949, 63;
-45, 240, 12, -948, -239, -3, -178, 939, 48;
-43, 245, 15, -927, -191, 14, -168, 955, 60;
-46, 243, 12, -963, -201, -5, -181, 948, 47;
-44, 246, 14, -950, -162, 7, -174, 961, 55;
-43, 248, 15, -944, -131, 14, -171, 970, 60;
-41, 252, 18, -923, -86, 31, -161, 986, 70;
-42, 252, 16, -939, -78, 22, -167, 986, 65;
-49, 247, 10, -1003, -118, -17, -193, 966, 40;
-50, 248, 9, -1011, -103, -20, -195, 969, 38;
-42, 257, 17, -937, -7, 29, -164, 1005, 69;
-48, 253, 11, -995, -43, -8, -188, 986, 45;
-48, 254, 11, -998, -25, -10, -189, 991, 44;
-46, 257, 13, -981, 12, 1, -182, 1003, 51;
-51, 253, 8, -1027, -13, -29, -201, 989, 32;
-43, 262, 16, -953, 79, 18, -171, 1024, 62;
-43, 263, 15, -952, 99, 18, -171, 1029, 62;
-45, 263, 13, -969, 100, 5, -178, 1026, 54;
-44, 265, 15, -952, 134, 14, -172, 1036, 59;
-47, 264, 12, -976, 127, -3, -183, 1030, 48;
-46, 265, 12, -973, 146, -4, -183, 1035, 47;
-42, 270, 16, -929, 205, 21, -166, 1056, 64;
-40, 273, 18, -908, 241, 31, -158, 1067, 70;
-49, 266, 9, -987, 176, -25, -192, 1037, 35;
-49, 266, 8, -986, 189, -29, -194, 1039, 32;
-45, 272, 12, -938, 250, -2, -175, 1061, 49;
-39, 278, 18, -879, 320, 32, -153, 1087, 70;
-48, 270, 8, -962, 248, -29, -189, 1054, 32;
-47, 271, 8, -951, 269, -27, -186, 1060, 33;
-45, 275, 10, -921, 309, -13, -176, 1073, 42;
-38, 282, 16, -855, 383, 22, -151, 1101, 65;
-41, 280, 13, -872, 374, 4, -161, 1094, 53;
-37, 284, 16, -832, 421, 23, -147, 1110, 65;
-45, 277, 8, -900, 358, -29, -178, 1081, 32;
-43, 280, 10, -871, 393, -19, -169, 1093, 39;
-40, 283, 12, -839, 430, -5, -158, 1105, 47;
-42, 282, 9, -846, 426, -19, -164, 1101, 38;
-38, 286, 13, -800, 475, 1, -148, 1118, 51;
-42, 282, 8, -832, 446, -29, -165, 1103, 32;
-36, 289, 13, -769, 510, 2, -142, 1127, 52;
-33, 292, 15, -731, 548, 17, -130, 1140, 61;
-32, 293, 15, -716, 563, 16, -127, 1144, 61;
-33, 292, 13, -717, 561, 5, -132, 1140, 54;
-37, 289, 9, -739, 537, -20, -145, 1128, 37;
-34, 292, 11, -705, 568, -9, -134, 1139, 44;
-31, 295, 14, -664, 606, 6, -121, 1152, 54;
-35, 291, 8, -694, 572, -26, -138, 1135, 34;
-33, 292, 9, -668, 593, -21, -131, 1142, 37;
-33, 293, 9, -653, 601, -24, -130, 1143, 35;
-26, 299, 15, -579, 669, 12, -103, 1169, 58;
-24, 302, 16, -546, 694, 20, -94, 1177, 64;
-31, 294, 8, -602, 630, -29, -122, 1149, 32;
-29, 296, 8, -576, 647, -26, -116, 1154, 34;
-27, 297, 10, -544, 669, -18, -107, 1161, 39;
-22, 302, 13, -487, 715, 5, -89, 1179, 54;
-20, 303, 14, -457, 734, 10, -81, 1185, 57;
-18, 306, 16, -418, 761, 22, -70, 1194, 64;
-23, 300, 10, -454, 712, -16, -90, 1173, 40;
-18, 304, 14, -398, 754, 5, -72, 1189, 54;
-23, 299, 7, -432, 706, -31, -91, 1167, 31;
-12, 310, 18, -314, 809, 31, -47, 1209, 70;
-17, 304, 12, -346, 761, -5, -66, 1188, 47;
-13, 307, 14, -305, 786, 7, -54, 1197, 55;
-19, 301, 7, -341, 733, -32, -74, 1174, 30;
-12, 307, 13, -261, 795, 4, -47, 1199, 53;
-13, 305, 11, -263, 775, -12, -53, 1189, 43;
-13, 304, 10, -244, 774, -16, -51, 1188, 40;
-9, 307, 12, -198, 801, -1, -37, 1199, 50;
-3, 312, 18, -124, 854, 31, -12, 1220, 70;
-3, 311, 16, -114, 843, 21, -13, 1215, 64;
-5, 308, 13, -121, 814, 0, -22, 1202, 51;
-5, 307, 12, -104, 809, -4, -20, 1200, 48;
-3, 308, 13, -72, 818, 0, -13, 1203, 51;
0, 310, 15, -31, 836, 12, -1, 1211, 58;
-5, 304, 8, -66, 777, -27, -21, 1186, 33;
-3, 304, 9, -35, 784, -23, -14, 1189, 36;
0, 307, 12, 17, 812, -4, 1, 1200, 48;
0, 307, 11, 35, 804, -9, 3, 1197, 45;
0, 305, 10, 48, 791, -17, 3, 1192, 40;
6, 310, 15, 118, 835, 13, 26, 1211, 59;
3, 306, 10, 103, 793, -13, 14, 1193, 42;
12, 313, 18, 195, 858, 32, 47, 1221, 70;
11, 311, 16, 204, 839, 21, 45, 1214, 64;
5, 303, 9, 160, 767, -23, 21, 1185, 36;
7, 304, 9, 189, 767, -20, 28, 1185, 38;
13, 308, 14, 257, 806, 8, 51, 1202, 56;
9, 303, 9, 237, 757, -20, 37, 1183, 38;
17, 309, 16, 322, 813, 20, 67, 1207, 63;
19, 310, 17, 354, 814, 25, 74, 1209, 66;
14, 304, 11, 326, 756, -8, 58, 1186, 45;
22, 310, 18, 410, 810, 32, 87, 1209, 71;
14, 300, 9, 350, 720, -22, 57, 1173, 36;
24, 308, 18, 454, 792, 31, 95, 1204, 70;
25, 307, 17, 472, 779, 28, 97, 1200, 68;
24, 305, 15, 474, 750, 15, 93, 1190, 60;
18, 297, 8, 433, 677, -27, 71, 1161, 34;
22, 300, 11, 481, 694, -9, 86, 1170, 45;
22, 298, 11, 497, 678, -12, 88, 1165, 43;
23, 297, 10, 513, 663, -15, 90, 1161, 41;
22, 295, 9, 519, 636, -25, 88, 1152, 35;
27, 298, 12, 575, 660, -1, 106, 1164, 50;
30, 300, 15, 618, 671, 13, 120, 1170, 59;
24, 292, 8, 574, 595, -28, 97, 1140, 33;
25, 291, 7, 587, 576, -32, 98, 1135, 30;
34, 298, 16, 683, 639, 18, 133, 1163, 62;
32, 295, 13, 679, 603, 3, 128, 1151, 53;
28, 289, 8, 648, 540, -28, 111, 1127, 33;
34, 293, 14, 718, 578, 6, 136, 1145, 55;
33, 290, 12, 718, 546, -4, 132, 1134, 48;
30, 285, 8, 696, 493, -30, 119, 1115, 32;
37, 290, 13, 765, 530, 5, 144, 1133, 54;
40, 292, 16, 809, 542, 23, 159, 1140, 65;
36, 286, 12, 779, 481, -5, 143, 1118, 47;
35, 283, 9, 771, 441, -21, 136, 1104, 37;
41, 287, 15, 835, 474, 12, 160, 1121, 58;
43, 287, 16, 864, 472, 22, 168, 1123, 64;
43, 286, 16, 876, 454, 22, 171, 1118, 64;
39, 280, 11, 839, 387, -10, 153, 1093, 44;
42, 282, 14, 880, 398, 8, 167, 1101, 56;
42, 279, 13, 880, 368, 0, 164, 1091, 51;
40, 276, 11, 873, 332, -11, 159, 1079, 44;
46, 280, 16, 933, 363, 21, 181, 1095, 64;
44, 277, 14, 920, 322, 7, 174, 1082, 55;
42, 273, 11, 901, 274, -11, 164, 1065, 43;
42, 271, 10, 905, 251, -14, 164, 1058, 42;
44, 272, 12, 932, 250, -1, 173, 1061, 49;
47, 274, 15, 968, 258, 16, 186, 1068, 61;
43, 268, 11, 930, 194, -12, 169, 1045, 42;
41, 264, 9, 919, 157, -24, 163, 1033, 35;
46, 268, 13, 968, 181, 5, 182, 1046, 54;
42, 262, 9, 933, 120, -21, 166, 1024, 37;
51, 269, 17, 1014, 177, 29, 199, 1051, 69;
49, 266, 16, 1004, 143, 20, 194, 1040, 63;
44, 260, 11, 960, 75, -11, 175, 1015, 43;
47, 261, 13, 988, 80, 5, 186, 1021, 54;
50, 263, 16, 1014, 83, 21, 196, 1026, 64;
51, 263, 17, 1028, 76, 30, 202, 1026, 69;
47, 257, 13, 985, 11, 1, 184, 1003, 51;
46, 255, 12, 977, -16, -4, 180, 994, 48;
43, 250, 9, 947, -66, -23, 168, 977, 36;
47, 254, 14, 990, -42, 5, 186, 990, 54;
47, 252, 13, 982, -68, 2, 184, 983, 52;
42, 245, 8, 934, -135, -28, 164, 959, 33;
42, 245, 9, 940, -147, -22, 167, 957, 36;
43, 244, 10, 942, -161, -18, 169, 955, 39;
47, 247, 14, 977, -142, 7, 184, 966, 55;
41, 241, 8, 920, -214, -26, 162, 939, 34;
42, 240, 9, 923, -226, -21, 164, 938, 37;
46, 243, 14, 961, -202, 7, 181, 951, 55;
45, 242, 13, 947, -228, 3, 177, 943, 53;
49, 244, 17, 976, -211, 27, 191, 954, 68;
48, 243, 17, 968, -231, 27, 190, 949, 68;
42, 236, 11, 907, -303, -7, 166, 922, 46;
40, 233, 10, 882, -338, -18, 158, 911, 39;
47, 239, 17, 937, -292, 24, 183, 933, 66;
41, 233, 11, 879, -359, -7, 161, 908, 46;
37, 228, 8, 833, -413, -30, 145, 889, 32;
37, 227, 8, 827, -426, -27, 145, 887, 34;
42, 232, 14, 869, -390, 8, 165, 905, 56;
39, 228, 12, 838, -426, -3, 155, 893, 48;
41, 230, 15, 849, -420, 12, 162, 898, 58;
42, 230, 16, 851, -421, 23, 166, 900, 65;
34, 222, 9, 764, -511, -25, 133, 866, 35;
42, 229, 17, 831, -446, 28, 165, 896, 68;
40, 227, 16, 805, -474, 21, 157, 887, 64;
32, 218, 8, 719, -561, -25, 125, 854, 34;
36, 223, 14, 755, -524, 9, 144, 871, 56;
35, 222, 14, 734, -544, 6, 139, 866, 54;
28, 214, 7, 659, -617, -32, 111, 838, 30;
38, 224, 18, 737, -536, 31, 148, 874, 70;
27, 213, 8, 627, -643, -30, 106, 832, 31;
33, 220, 15, 679, -586, 16, 132, 858, 61;
30, 216, 13, 638, -623, 1, 119, 845, 51;
27, 213, 10, 595, -660, -14, 105, 832, 41;
26, 213, 11, 582, -666, -10, 104, 831, 44;
30, 217, 16, 608, -632, 20, 120, 847, 63;
27, 213, 13, 563, -669, 3, 106, 834, 53;
23, 210, 10, 514, -709, -15, 90, 819, 41;
19, 206, 8, 469, -744, -31, 76, 807, 31;
23, 210, 12, 492, -710, -1, 91, 822, 49;
21, 209, 12, 465, -726, -5, 84, 817, 47;
17, 205, 8, 408, -771, -28, 66, 801, 33;
22, 211, 15, 449, -717, 13, 88, 824, 59;
14, 204, 8, 364, -789, -28, 58, 796, 33;
14, 204, 9, 346, -792, -25, 56, 796, 35;
17, 208, 13, 364, -759, 1, 68, 811, 51;
16, 207, 13, 338, -769, 0, 63, 808, 50;
15, 207, 13, 319, -772, 2, 60, 808, 52;
15, 208, 14, 308, -766, 10, 61, 812, 57;
7, 201, 8, 221, -835, -31, 30, 784, 31;
8, 202, 9, 214, -823, -19, 33, 790, 38;
9, 204, 12, 213, -806, -5, 38, 798, 47;
13, 209, 17, 234, -765, 25, 52, 815, 66;
12, 209, 17, 211, -767, 26, 48, 815, 67;
5, 202, 11, 129, -828, -12, 19, 790, 43;
9, 208, 16, 158, -777, 23, 37, 812, 65;
7, 207, 16, 127, -786, 19, 30, 809, 62;
0, 200, 9, 40, -850, -22, 0, 782, 37;
0, 200, 9, 18, -849, -20, -3, 783, 38;
-3, 199, 8, -18, -863, -29, -13, 778, 32;
0, 204, 13, 0, -819, 0, 0, 796, 51;
2, 208, 16, 11, -782, 24, 10, 811, 66;
-4, 202, 11, -68, -837, -12, -16, 788, 43;
0, 207, 16, -46, -789, 18, -2, 808, 62;
-3, 205, 14, -85, -801, 9, -12, 802, 56;
-3, 206, 15, -104, -793, 12, -15, 805, 58;
-5, 206, 14, -132, -795, 9, -21, 804, 57;
-12, 200, 8, -216, -850, -29, -50, 781, 32;
-13, 201, 9, -232, -839, -24, -51, 785, 35;
-6, 209, 16, -184, -763, 23, -26, 816, 65;
-14, 202, 9, -273, -822, -19, -57, 790, 38;
-13, 205, 12, -272, -792, -2, -51, 802, 49;
-17, 202, 9, -329, -819, -24, -69, 789, 35;
-13, 208, 14, -302, -763, 8, -53, 812, 56;
-18, 205, 10, -360, -791, -14, -72, 799, 41;
-16, 208, 14, -352, -752, 6, -63, 814, 54;
-17, 209, 14, -375, -745, 6, -67, 816, 54;
-18, 210, 14, -395, -734, 7, -71, 819, 55;
-24, 205, 8, -469, -776, -26, -96, 800, 34;
-18, 213, 16, -420, -696, 20, -71, 831, 63;
-18, 214, 17, -434, -678, 26, -71, 837, 67;
-24, 210, 12, -500, -713, -3, -94, 821, 48;
-22, 213, 14, -499, -680, 11, -89, 833, 57;
-27, 210, 11, -553, -702, -10, -106, 822, 44;
-27, 212, 12, -565, -682, -4, -107, 828, 47;
-22, 219, 18, -530, -615, 31, -88, 854, 70;
-32, 211, 9, -633, -686, -23, -126, 823, 36;
-27, 217, 15, -597, -618, 12, -107, 849, 59;
-31, 215, 11, -647, -635, -7, -123, 840, 46;
-31, 217, 12, -657, -613, -1, -123, 846, 50;
-32, 217, 12, -679, -603, -4, -128, 848, 48;
-31, 220, 14, -675, -567, 10, -122, 861, 57;
-29, 224, 17, -666, -527, 27, -114, 875, 68;
-30, 224, 16, -690, -518, 23, -120, 876, 65;
-36, 221, 12, -750, -547, -6, -142, 862, 47;
-37, 222, 12, -767, -532, -6, -145, 866, 46;
-36, 225, 13, -764, -497, 5, -140, 877, 54;
-34, 228, 16, -758, -460, 19, -134, 890, 63;
-40, 224, 11, -822, -492, -12, -157, 874, 42;
-44, 222, 8, -864, -503, -31, -172, 866, 31;
-34, 233, 18, -783, -392, 31, -135, 910, 70;
-35, 234, 18, -794, -373, 32, -137, 915, 71;
-45, 226, 8, -899, -447, -29, -177, 881, 32;
-41, 231, 12, -869, -387, 0, -162, 903, 50;
-46, 228, 9, -917, -405, -25, -179, 892, 35;
-41, 235, 14, -879, -338, 6, -161, 917, 55;
-40, 238, 16, -872, -302, 18, -156, 929, 62;
-39, 240, 16, -873, -275, 24, -154, 937, 65;
-42, 239, 14, -906, -279, 8, -166, 932, 56;
-44, 239, 13, -925, -270, 1, -171, 933, 52;
-46, 238, 11, -952, -270, -11, -181, 929, 43;
-49, 236, 8, -988, -278, -30, -194, 923, 32;
-40, 247, 18, -901, -165, 32, -157, 966, 70;
-42, 247, 16, -926, -164, 19, -166, 963, 63;
-43, 247, 15, -942, -155, 12, -171, 964, 58;
-44, 248, 14, -951, -138, 9, -174, 967, 57;
-41, 252, 18, -923, -86, 31, -161, 986, 70;
-43, 252, 16, -942, -81, 20, -168, 984, 64;
-45, 251, 14, -963, -78, 9, -176, 982, 56;
-48, 250, 11, -996, -88, -11, -189, 975, 43;
-47, 253, 13, -982, -51, 0, -183, 987, 50;
-49, 251, 10, -1008, -56, -16, -193, 981, 40;
-47, 255, 12, -985, -12, -1, -184, 996, 50;
-48, 255, 11, -1000, -6, -11, -190, 995, 43;
-47, 258, 12, -983, 30, 0, -183, 1007, 50;
-48, 258, 11, -994, 38, -8, -188, 1007, 45;
-50, 256, 8, -1018, 33, -25, -198, 1001, 34;
-49, 259, 10, -1000, 69, -15, -192, 1013, 41;
-49, 260, 10, -1001, 85, -18, -193, 1016, 39;
-49, 262, 10, -997, 106, -17, -192, 1022, 39;
-45, 266, 13, -960, 158, 3, -178, 1040, 53;
-48, 265, 10, -983, 151, -14, -188, 1034, 41;
-48, 265, 10, -982, 166, -17, -189, 1037, 39;
-48, 266, 9, -981, 182, -21, -190, 1040, 37;
-43, 272, 14, -927, 248, 10, -169, 1064, 57;
-42, 274, 15, -915, 273, 13, -166, 1071, 59;
-40, 277, 16, -893, 306, 22, -158, 1081, 65;
-48, 270, 8, -963, 247, -29, -189, 1054, 32;
-46, 272, 9, -940, 280, -20, -182, 1064, 38;
-47, 273, 8, -942, 288, -27, -185, 1064, 33;
-40, 280, 15, -871, 367, 12, -158, 1094, 58;
-46, 275, 8, -917, 329, -25, -179, 1075, 35;
-42, 280, 12, -873, 380, -3, -164, 1093, 48;
-38, 284, 15, -835, 424, 13, -151, 1109, 59;
-44, 278, 8, -885, 379, -28, -174, 1087, 33;
-39, 284, 13, -828, 441, 1, -154, 1110, 51;
-37, 287, 15, -797, 475, 12, -144, 1121, 58;
-34, 290, 16, -768, 507, 22, -135, 1131, 65;
-39, 286, 11, -802, 475, -9, -152, 1115, 45;
-34, 290, 15, -753, 526, 13, -136, 1134, 59;
-33, 292, 15, -731, 548, 17, -130, 1140, 61;
-40, 285, 8, -786, 493, -29, -156, 1115, 32;
-30, 296, 17, -682, 596, 28, -117, 1155, 68;
-36, 290, 10, -729, 547, -13, -140, 1132, 42;
-38, 288, 8, -738, 535, -31, -148, 1125, 31;
-30, 296, 15, -653, 617, 13, -117, 1156, 59;
-26, 300, 18, -606, 660, 32, -101, 1172, 71;
-33, 293, 10, -662, 599, -17, -129, 1144, 40;
-30, 296, 12, -627, 628, -6, -119, 1154, 46;
-32, 293, 8, -639, 609, -27, -128, 1144, 33;
-31, 294, 8, -618, 622, -27, -124, 1148, 34;
-31, 295, 8, -599, 633, -27, -121, 1150, 33;
-24, 301, 14, -523, 700, 9, -94, 1176, 56;
-29, 295, 7, -565, 648, -32, -116, 1153, 30;
-21, 304, 15, -472, 731, 15, -82, 1185, 60;
-24, 300, 10, -494, 697, -13, -96, 1170, 42;
-22, 301, 11, -462, 717, -6, -88, 1176, 46;
-24, 299, 9, -467, 699, -24, -95, 1167, 35;
-18, 304, 13, -399, 753, 5, -72, 1188, 54;
-19, 303, 12, -392, 746, -4, -74, 1184, 47;
-12, 309, 17, -319, 804, 28, -49, 1207, 68;
-17, 303, 11, -353, 754, -9, -69, 1185, 44;
-10, 311, 18, -267, 824, 31, -39, 1212, 70;
-9, 311, 17, -247, 827, 29, -35, 1213, 69;
-14, 305, 11, -281, 775, -9, -55, 1190, 45;
-9, 309, 15, -219, 819, 16, -35, 1207, 61;
-11, 306, 12, -226, 792, -4, -43, 1196, 48;
-13, 303, 8, -235, 764, -25, -52, 1183, 34;
-4, 311, 17, -134, 844, 25, -16, 1216, 66;
-6, 308, 13, -146, 811, 0, -27, 1201, 51;
-2, 311, 16, -93, 842, 19, -10, 1214, 63;
-3, 309, 13, -90, 823, 5, -15, 1206, 54;
-1, 310, 15, -55, 836, 12, -5, 1211, 58;
-4, 306, 10, -73, 794, -16, -19, 1193, 40;
-2, 307, 11, -35, 808, -6, -8, 1199, 46;
-2, 306, 10, -23, 796, -15, -9, 1194, 41;
-2, 305, 9, -8, 786, -22, -9, 1190, 37;
3, 309, 14, 59, 828, 6, 13, 1207, 55;
5, 310, 15, 96, 839, 14, 22, 1212, 60;
7, 311, 15, 125, 841, 17, 29, 1213, 61;
2, 304, 9, 90, 780, -21, 9, 1188, 37;
6, 307, 12, 143, 806, -2, 25, 1199, 49;
11, 311, 16, 205, 840, 22, 46, 1214, 64;
13, 311, 17, 233, 840, 24, 52, 1215, 66;
14, 311, 17, 257, 835, 24, 56, 1214, 66;
9, 304, 10, 219, 768, -16, 35, 1186, 40;
12, 306, 13, 268, 788, 0, 50, 1196, 51;
16, 309, 16, 319, 810, 18, 65, 1206, 62;
17, 308, 15, 336, 796, 13, 67, 1201, 59;
18, 307, 15, 360, 790, 14, 72, 1200, 59;
21, 309, 17, 402, 802, 26, 84, 1206, 67;
18, 304, 13, 387, 756, 1, 72, 1188, 51;
15, 300, 9, 374, 712, -22, 62, 1171, 37;
20, 303, 12, 428, 735, -1, 79, 1182, 50;
23, 304, 14, 466, 742, 9, 90, 1187, 57;
20, 300, 10, 453, 698, -13, 80, 1170, 42;
27, 305, 17, 534, 747, 26, 108, 1192, 67;
19, 295, 7, 468, 649, -31, 76, 1153, 31;
30, 304, 17, 578, 727, 27, 117, 1187, 68;
27, 300, 14, 568, 685, 6, 108, 1172, 55;
23, 294, 9, 543, 628, -23, 93, 1150, 36;
25, 294, 9, 567, 620, -20, 98, 1149, 38;
32, 300, 16, 646, 667, 19, 127, 1170, 63;
34, 299, 16, 669, 658, 22, 132, 1169, 64;
27, 291, 9, 617, 574, -24, 106, 1136, 35;
31, 293, 12, 666, 590, -4, 122, 1145, 48;
33, 293, 13, 693, 585, 1, 129, 1146, 52;
37, 296, 16, 739, 600, 20, 145, 1154, 64;
31, 288, 9, 695, 523, -20, 122, 1125, 38;
32, 287, 10, 714, 511, -17, 127, 1122, 39;
33, 287, 10, 736, 500, -14, 132, 1120, 41;
35, 286, 11, 755, 488, -11, 136, 1118, 43;
38, 288, 14, 799, 501, 7, 151, 1126, 55;
35, 283, 10, 774, 445, -18, 138, 1106, 39;
34, 281, 8, 778, 417, -25, 136, 1097, 34;
36, 280, 9, 798, 406, -21, 141, 1095, 37;
36, 279, 9, 809, 387, -22, 143, 1090, 36;
39, 280, 11, 841, 389, -9, 153, 1094, 44;
42, 281, 13, 876, 394, 5, 165, 1099, 54;
37, 275, 8, 839, 327, -26, 147, 1074, 34;
43, 279, 14, 902, 361, 8, 171, 1091, 56;
46, 280, 16, 930, 360, 20, 180, 1094, 63;
43, 276, 13, 913, 314, 2, 171, 1078, 52;
48, 279, 17, 958, 331, 25, 187, 1088, 67;
48, 278, 17, 971, 316, 28, 191, 1085, 68;
39, 267, 8, 889, 207, -30, 155, 1044, 32;
49, 276, 17, 987, 278, 29, 194, 1076, 69;
50, 275, 18, 996, 261, 31, 196, 1072, 70;
50, 273, 18, 1003, 241, 31, 198, 1068, 70;
50, 272, 17, 1004, 217, 28, 197, 1061, 68;
47, 267, 14, 979, 167, 9, 185, 1043, 56;
51, 269, 18, 1017, 180, 31, 200, 1052, 70;
42, 259, 8, 935, 74, -25, 165, 1012, 34;
50, 265, 16, 1010, 125, 21, 195, 1036, 64;
42, 256, 8, 939, 31, -27, 165, 1001, 34;
48, 261, 14, 996, 65, 9, 189, 1018, 56;
49, 260, 15, 1006, 54, 15, 193, 1017, 60;
48, 258, 14, 993, 20, 6, 187, 1006, 55;
43, 251, 9, 945, -48, -25, 167, 981, 35;
46, 253, 12, 977, -36, -3, 181, 990, 48;
47, 253, 13, 984, -48, 2, 184, 988, 52;
44, 249, 10, 959, -92, -13, 174, 973, 42;
48, 252, 15, 998, -71, 13, 190, 985, 59;
45, 247, 11, 959, -127, -9, 175, 965, 45;
43, 244, 9, 940, -163, -19, 168, 954, 38;
45, 245, 12, 958, -161, -5, 176, 958, 47;
48, 247, 15, 980, -154, 12, 187, 964, 58;
40, 238, 7, 906, -242, -32, 157, 931, 30;
41, 238, 9, 912, -251, -24, 161, 931, 35;
40, 236, 8, 895, -281, -31, 156, 922, 31;
46, 241, 14, 948, -240, 8, 179, 942, 56;
46, 241, 15, 950, -249, 15, 182, 941, 60;
47, 241, 17, 956, -254, 25, 187, 943, 66;
47, 240, 17, 947, -273, 24, 185, 938, 66;
44, 236, 14, 910, -319, 7, 172, 922, 55;
45, 236, 15, 915, -323, 16, 176, 923, 61;
37, 228, 8, 838, -408, -27, 146, 891, 33;
45, 235, 16, 900, -352, 21, 175, 917, 64;
36, 226, 8, 817, -442, -25, 143, 883, 34;
40, 229, 13, 845, -420, 1, 158, 895, 51;
43, 231, 16, 863, -406, 21, 168, 904, 64;
35, 223, 9, 784, -488, -21, 138, 873, 37;
37, 225, 12, 795, -480, -4, 146, 879, 47;
38, 225, 13, 791, -486, 2, 148, 879, 52;
36, 223, 12, 770, -509, -2, 142, 872, 49;
35, 222, 12, 752, -527, -3, 139, 867, 48;
33, 219, 10, 719, -560, -14, 129, 856, 41;
38, 225, 17, 763, -514, 25, 151, 878, 66;
33, 219, 12, 701, -575, -4, 129, 855, 48;
34, 220, 14, 705, -568, 9, 134, 860, 56;
29, 215, 10, 647, -623, -17, 114, 840, 40;
26, 212, 8, 610, -655, -29, 103, 829, 32;
26, 212, 9, 599, -661, -24, 103, 829, 35;
27, 213, 10, 594, -660, -15, 105, 831, 41;
23, 209, 8, 550, -698, -31, 91, 818, 31;
27, 214, 13, 580, -660, 1, 108, 835, 51;
30, 217, 16, 593, -639, 23, 118, 846, 65;
20, 207, 8, 491, -732, -30, 81, 810, 31;
19, 207, 8, 470, -743, -30, 77, 807, 31;
27, 214, 16, 529, -673, 22, 106, 838, 65;
20, 208, 10, 453, -738, -13, 80, 813, 42;
18, 206, 9, 420, -759, -21, 71, 805, 37;
22, 211, 15, 450, -716, 13, 88, 825, 59;
20, 210, 14, 420, -733, 8, 81, 819, 56;
19, 209, 14, 396, -742, 7, 76, 817, 55;
19, 209, 14, 379, -744, 11, 74, 817, 58;
16, 207, 13, 340, -767, 1, 64, 809, 51;
17, 209, 15, 338, -753, 15, 68, 816, 60;
17, 210, 16, 325, -749, 22, 68, 819, 64;
13, 207, 14, 278, -778, 6, 54, 808, 55;
15, 209, 16, 276, -761, 21, 59, 815, 64;
14, 209, 17, 258, -760, 25, 57, 817, 66;
13, 209, 17, 236, -763, 26, 53, 816, 67;
13, 210, 18, 220, -758, 32, 52, 819, 71;
2, 200, 8, 109, -848, -25, 11, 782, 34;
1, 200, 8, 84, -851, -25, 6, 781, 34;
7, 207, 16, 128, -785, 19, 30, 809, 63;
1, 202, 11, 57, -834, -11, 6, 789, 43;
-2, 199, 8, 4, -863, -30, -9, 777, 32;
3, 206, 15, 47, -796, 15, 14, 805, 60;
-2, 201, 10, -20, -840, -13, -8, 787, 42;
-1, 203, 12, -26, -820, -1, -5, 795, 50;
-6, 200, 9, -84, -853, -23, -23, 782, 36;
0, 207, 16, -44, -787, 19, -1, 809, 63;
-4, 204, 13, -97, -814, 0, -17, 797, 51;
-7, 203, 11, -136, -826, -9, -28, 792, 45;
-3, 208, 17, -110, -772, 24, -12, 813, 66;
-12, 200, 8, -210, -845, -25, -48, 783, 34;
-13, 201, 9, -234, -841, -25, -52, 784, 35;
-10, 205, 13, -217, -796, 1, -40, 802, 52;
-7, 210, 17, -200, -749, 29, -27, 820, 69;
-10, 208, 15, -249, -769, 12, -42, 811, 58;
-16, 204, 10, -314, -805, -14, -63, 796, 41;
-19, 202, 8, -361, -821, -30, -77, 787, 32;
-17, 205, 11, -355, -785, -10, -69, 801, 44;
-20, 204, 9, -392, -792, -19, -79, 798, 38;
-18, 208, 12, -386, -755, 0, -72, 811, 50;
-15, 212, 17, -369, -708, 25, -60, 830, 66;
-16, 213, 17, -387, -694, 28, -62, 834, 68;
-23, 207, 10, -471, -747, -13, -92, 810, 42;
-20, 212, 15, -454, -699, 12, -80, 829, 58;
-26, 208, 10, -521, -734, -17, -103, 813, 40;
-28, 208, 9, -547, -728, -20, -109, 813, 37;
-20, 217, 18, -488, -637, 32, -79, 849, 71;
-27, 212, 12, -563, -680, -3, -106, 829, 48;
-29, 212, 11, -593, -678, -10, -114, 828, 44;
-29, 213, 11, -609, -661, -7, -116, 833, 46;
-34, 210, 7, -666, -687, -32, -135, 820, 30;
-30, 216, 13, -633, -622, 1, -117, 845, 52;
-33, 215, 11, -672, -629, -11, -129, 840, 43;
-36, 213, 8, -717, -641, -29, -143, 833, 32;
-37, 214, 8, -737, -629, -30, -147, 835, 31;
-38, 215, 8, -751, -612, -28, -150, 840, 32;
-34, 221, 13, -724, -552, 0, -135, 862, 51;
-38, 219, 10, -766, -563, -16, -148, 855, 40;
-39, 219, 9, -789, -553, -20, -154, 857, 38;
-38, 223, 12, -783, -516, -6, -148, 869, 46;
-34, 228, 16, -753, -455, 23, -132, 892, 65;
-41, 222, 9, -836, -506, -22, -163, 868, 37;
-41, 224, 10, -843, -483, -17, -163, 875, 39;
-42, 225, 9, -859, -468, -19, -167, 878, 38;
-36, 233, 17, -805, -384, 24, -141, 910, 66;
-45, 225, 8, -899, -447, -29, -177, 881, 32;
-43, 230, 11, -882, -400, -10, -168, 897, 44;
-37, 237, 17, -834, -322, 29, -145, 927, 69;
-44, 232, 11, -903, -362, -9, -171, 907, 45;
-43, 235, 12, -902, -332, -1, -168, 917, 50;
-41, 238, 14, -894, -295, 10, -163, 928, 57;
-48, 233, 8, -963, -336, -29, -189, 908, 32;
-40, 242, 16, -895, -240, 21, -159, 945, 64;
-49, 235, 7, -983, -301, -32, -194, 916, 30;
-48, 237, 9, -978, -269, -23, -190, 927, 36;
-47, 240, 10, -972, -237, -15, -186, 937, 41;
-50, 239, 8, -999, -237, -29, -196, 933, 32;
-46, 244, 12, -968, -180, -4, -182, 953, 48;
-42, 249, 16, -934, -121, 21, -167, 974, 64;
-48, 245, 10, -990, -153, -13, -189, 958, 42;
-43, 251, 15, -949, -87, 16, -171, 982, 61;
-44, 252, 15, -956, -71, 14, -173, 985, 59;
-42, 256, 17, -934, -26, 30, -163, 1000, 69;
-42, 257, 17, -943, -13, 25, -167, 1003, 66;
-42, 259, 17, -937, 14, 29, -164, 1010, 69;
-44, 258, 15, -961, 11, 14, -174, 1006, 60;
-44, 259, 15, -958, 34, 16, -173, 1012, 61;
-46, 258, 13, -981, 31, 0, -182, 1008, 51;
-48, 258, 11, -991, 41, -6, -187, 1008, 46;
-49, 258, 10, -1000, 51, -13, -191, 1009, 42;
-51, 257, 8, -1018, 51, -27, -199, 1006, 34;
-46, 263, 12, -976, 111, -1, -182, 1027, 50;
-42, 269, 17, -931, 171, 25, -165, 1049, 66;
-49, 263, 10, -994, 125, -18, -191, 1026, 39;
-41, 271, 17, -922, 212, 25, -163, 1059, 66;
-45, 269, 13, -949, 200, 4, -175, 1050, 53;
-47, 268, 11, -968, 194, -12, -184, 1045, 43;
-49, 266, 8, -984, 192, -27, -193, 1040, 33;
-40, 276, 17, -893, 294, 27, -157, 1080, 68;
-40, 278, 17, -887, 313, 26, -156, 1084, 67;
-49, 269, 7, -967, 243, -32, -191, 1052, 30;
-41, 278, 15, -890, 330, 12, -161, 1085, 59;
-40, 280, 15, -875, 355, 16, -157, 1092, 61;
-37, 283, 18, -841, 397, 32, -146, 1106, 70;
-43, 277, 11, -896, 349, -11, -171, 1084, 43;
-44, 277, 9, -898, 355, -20, -174, 1083, 38;
-46, 276, 7, -904, 355, -32, -179, 1080, 30;
-36, 286, 16, -808, 456, 23, -142, 1119, 65;
-35, 288, 17, -791, 477, 25, -138, 1125, 67;
-34, 290, 17, -774, 499, 28, -134, 1131, 68;
-36, 288, 14, -785, 490, 11, -142, 1124, 58;
-41, 283, 9, -822, 455, -23, -161, 1107, 36;
-39, 286, 10, -798, 480, -16, -154, 1115, 40;
-38, 287, 10, -778, 501, -13, -149, 1121, 42;
-33, 292, 14, -725, 554, 10, -131, 1140, 57;
-39, 286, 8, -771, 507, -30, -154, 1118, 31;
-33, 292, 13, -705, 571, 2, -130, 1142, 52;
-34, 291, 11, -707, 566, -10, -135, 1138, 44;
-27, 299, 17, -630, 640, 28, -107, 1166, 68;
-26, 300, 18, -608, 657, 31, -102, 1171, 70;
-32, 294, 11, -654, 606, -12, -126, 1147, 43;
-33, 293, 9, -654, 601, -24, -130, 1143, 35;
-31, 294, 10, -625, 622, -18, -123, 1150, 39;
-31, 294, 9, -615, 626, -24, -123, 1149, 35;
-26, 299, 13, -556, 676, 0, -103, 1168, 51;
-25, 299, 12, -539, 684, -1, -101, 1169, 50;
-29, 296, 8, -560, 654, -29, -114, 1155, 32;
-24, 300, 11, -506, 696, -7, -97, 1171, 46;
-22, 302, 13, -468, 723, 3, -86, 1181, 53;
-24, 300, 10, -477, 702, -17, -94, 1170, 40;
-18, 305, 15, -411, 756, 12, -72, 1191, 58;
-21, 302, 11, -424, 729, -11, -82, 1178, 44;
-15, 307, 15, -359, 779, 16, -61, 1197, 61;
-18, 303, 11, -372, 751, -7, -71, 1185, 46;
-17, 304, 12, -347, 761, -5, -66, 1187, 47;
-10, 310, 17, -275, 816, 27, -42, 1209, 67;
-17, 303, 9, -321, 753, -19, -66, 1182, 38;
-15, 303, 9, -297, 759, -19, -62, 1184, 38;
-8, 310, 16, -213, 824, 20, -32, 1210, 63;
-11, 306, 12, -226, 792, -3, -43, 1196, 48;
-14, 302, 8, -242, 757, -30, -55, 1180, 31;
-8, 307, 12, -173, 805, 0, -32, 1200, 50;
-2, 312, 17, -101, 856, 30, -8, 1220, 69;
-10, 303, 8, -164, 772, -27, -40, 1185, 33;
-2, 310, 15, -80, 833, 12, -10, 1210, 58;
-8, 303, 8, -119, 771, -30, -32, 1184, 32;
-2, 308, 13, -49, 818, 0, -9, 1203, 51;
-1, 308, 12, -30, 813, -4, -7, 1201, 48;
4, 313, 17, 43, 863, 29, 18, 1221, 69;
4, 312, 16, 56, 851, 21, 17, 1217, 64;
-2, 303, 8, 4, 773, -29, -9, 1185, 32;
3, 308, 13, 77, 820, 2, 15, 1204, 52;
5, 309, 13, 106, 823, 5, 21, 1206, 54;
8, 310, 15, 143, 833, 13, 31, 1210, 59;
5, 306, 11, 136, 799, -7, 22, 1196, 46;
10, 309, 15, 191, 825, 12, 39, 1208, 58;
12, 310, 15, 223, 830, 17, 47, 1210, 62;
9, 306, 12, 211, 790, -5, 37, 1195, 47;
8, 303, 9, 213, 763, -20, 32, 1184, 38;
15, 309, 15, 290, 810, 14, 59, 1205, 60;
12, 305, 11, 281, 772, -6, 50, 1190, 46;
13, 304, 11, 298, 759, -11, 51, 1185, 43;
13, 302, 9, 309, 740, -19, 51, 1179, 38;
18, 306, 14, 373, 773, 7, 72, 1194, 55;
23, 309, 17, 429, 798, 29, 90, 1205, 69;
16, 300, 9, 377, 716, -19, 63, 1173, 38;
23, 306, 16, 459, 766, 19, 92, 1195, 63;
23, 304, 15, 470, 746, 12, 91, 1188, 58;
25, 304, 15, 496, 740, 14, 97, 1187, 60;
22, 300, 12, 488, 701, -4, 89, 1173, 48;
28, 304, 16, 549, 730, 22, 110, 1187, 64;
22, 296, 9, 504, 653, -21, 86, 1157, 37;
30, 303, 16, 592, 709, 22, 118, 1182, 65;
27, 298, 13, 577, 662, 0, 107, 1164, 50;
33, 302, 17, 641, 694, 29, 129, 1180, 69;
28, 296, 12, 607, 628, -6, 111, 1154, 47;
31, 296, 13, 642, 630, 3, 121, 1157, 53;
33, 297, 15, 678, 634, 15, 131, 1161, 60;
32, 295, 13, 679, 603, 4, 128, 1151, 53;
31, 292, 11, 678, 570, -8, 123, 1139, 45;
37, 296, 16, 744, 604, 24, 147, 1156, 66;
31, 288, 9, 695, 523, -20, 122, 1125, 38;
34, 289, 11, 727, 524, -9, 132, 1128, 45;
32, 285, 8, 718, 483, -26, 125, 1113, 34;
40, 292, 16, 805, 538, 21, 157, 1139, 64;
33, 283, 8, 746, 448, -27, 129, 1104, 33;
41, 289, 15, 827, 497, 16, 159, 1127, 61;
39, 285, 13, 819, 458, 1, 153, 1114, 51;
44, 288, 17, 872, 480, 27, 172, 1126, 68;
37, 280, 10, 819, 397, -16, 147, 1094, 40;
37, 278, 9, 822, 370, -22, 145, 1086, 37;
41, 280, 12, 865, 383, -1, 160, 1094, 49;
43, 281, 14, 890, 378, 7, 168, 1096, 55;
40, 276, 11, 872, 331, -11, 158, 1079, 43;
39, 273, 9, 863, 293, -24, 152, 1066, 35;
48, 281, 18, 958, 360, 32, 189, 1097, 71;
41, 272, 10, 896, 269, -15, 161, 1063, 41;
49, 278, 17, 973, 318, 30, 191, 1086, 69;
42, 270, 10, 913, 231, -14, 165, 1054, 42;
45, 271, 13, 942, 233, 0, 175, 1058, 50;
48, 273, 16, 982, 246, 22, 190, 1066, 64;
43, 266, 11, 937, 176, -11, 170, 1040, 43;
41, 263, 9, 923, 135, -25, 163, 1027, 35;
45, 265, 11, 954, 142, -7, 175, 1033, 46;
41, 260, 8, 926, 89, -29, 162, 1014, 32;
44, 261, 11, 957, 96, -11, 174, 1021, 43;
51, 267, 17, 1023, 138, 30, 201, 1042, 70;
51, 265, 17, 1023, 116, 29, 201, 1036, 69;
46, 259, 12, 975, 45, -4, 180, 1010, 48;
46, 258, 12, 979, 27, -2, 182, 1006, 49;
45, 255, 11, 971, -1, -7, 178, 997, 46;
44, 252, 10, 956, -37, -17, 172, 986, 39;
46, 253, 12, 978, -35, -3, 181, 990, 49;
49, 255, 15, 1005, -27, 16, 193, 997, 60;
46, 251, 12, 972, -79, -5, 179, 978, 47;
43, 247, 9, 944, -125, -21, 168, 963, 37;
47, 250, 14, 985, -101, 7, 186, 976, 55;
43, 244, 10, 942, -161, -18, 169, 955, 39;
47, 248, 14, 982, -137, 10, 186, 968, 57;
45, 244, 12, 954, -180, -4, 176, 953, 47;
48, 246, 15, 977, -172, 14, 187, 960, 60;
43, 240, 11, 931, -231, -11, 169, 939, 43;
47, 243, 15, 962, -214, 12, 183, 949, 59;
40, 235, 8, 891, -297, -29, 156, 918, 32;
45, 240, 14, 940, -260, 8, 178, 937, 56;
41, 235, 10, 896, -314, -14, 162, 918, 41;
47, 240, 16, 944, -276, 23, 184, 937, 65;
45, 237, 15, 923, -307, 15, 177, 927, 60;
44, 235, 14, 905, -333, 10, 172, 919, 57;
37, 228, 8, 835, -411, -29, 145, 890, 32;
45, 235, 16, 903, -350, 23, 176, 918, 65;
43, 233, 15, 881, -378, 16, 170, 910, 61;
37, 226, 10, 819, -445, -15, 147, 885, 41;
38, 227, 12, 821, -448, -6, 151, 886, 47;
33, 222, 7, 767, -505, -32, 132, 866, 30;
41, 229, 16, 834, -442, 20, 162, 895, 63;
37, 224, 12, 782, -496, -4, 144, 875, 48;
36, 223, 12, 767, -512, -4, 141, 871, 48;
33, 220, 10, 736, -543, -14, 132, 861, 42;
31, 218, 9, 705, -574, -23, 123, 851, 36;
35, 221, 13, 731, -547, 4, 137, 864, 53;
38, 225, 18, 756, -520, 31, 151, 878, 70;
27, 213, 7, 642, -632, -32, 108, 834, 30;
32, 218, 13, 677, -593, 2, 127, 853, 52;
35, 221, 17, 694, -572, 26, 138, 864, 67;
30, 216, 13, 636, -624, 0, 118, 844, 51;
27, 213, 11, 600, -655, -11, 108, 834, 43;
30, 216, 14, 611, -637, 9, 117, 843, 56;
32, 218, 17, 620, -621, 28, 125, 852, 68;
30, 217, 17, 598, -634, 26, 120, 848, 67;
25, 212, 13, 540, -683, 1, 101, 830, 52;
25, 212, 13, 521, -692, 3, 98, 828, 53;
19, 206, 8, 452, -750, -28, 74, 806, 33;
22, 210, 13, 474, -717, 0, 88, 821, 51;
19, 207, 10, 428, -751, -15, 74, 809, 41;
19, 208, 12, 424, -742, -3, 77, 814, 48;
16, 206, 10, 382, -771, -16, 65, 803, 40;
21, 211, 15, 411, -727, 17, 82, 823, 62;
21, 211, 16, 398, -726, 23, 82, 825, 65;
17, 208, 14, 349, -758, 7, 67, 813, 55;
13, 205, 11, 304, -787, -7, 54, 802, 46;
14, 207, 13, 300, -774, 5, 57, 808, 54;
10, 203, 10, 247, -809, -13, 41, 795, 42;
12, 206, 14, 254, -783, 6, 49, 806, 55;
10, 205, 13, 224, -794, 2, 42, 802, 52;
7, 203, 10, 176, -823, -13, 28, 791, 42;
4, 201, 9, 140, -838, -21, 18, 786, 37;
7, 204, 13, 149, -808, 1, 28, 799, 51;
10, 209, 18, 169, -766, 31, 42, 817, 70;
8, 208, 17, 137, -776, 25, 34, 813, 67;
-1, 199, 8, 30, -860, -29, -4, 778, 32;
4, 206, 15, 73, -794, 15, 19, 806, 60;
5, 208, 17, 65, -778, 27, 21, 813, 67;
-5, 198, 7, -48, -868, -32, -20, 775, 30;
0, 205, 14, -14, -809, 6, 0, 800, 55;
-6, 200, 8, -88, -857, -25, -25, 780, 34;
-1, 206, 14, -57, -800, 11, -6, 803, 58;
-3, 205, 14, -83, -800, 9, -12, 803, 57;
-1, 208, 17, -81, -771, 27, -5, 814, 68;
-6, 204, 13, -146, -809, 0, -27, 798, 51;
-11, 201, 10, -200, -835, -19, -44, 787, 39;
-14, 200, 7, -244, -851, -32, -56, 780, 31;
-9, 206, 14, -208, -787, 7, -36, 806, 55;
-8, 208, 16, -215, -764, 19, -33, 814, 63;
-8, 210, 17, -229, -749, 26, -33, 820, 67;
-10, 210, 16, -259, -749, 22, -40, 819, 64;
-12, 209, 15, -294, -755, 14, -50, 815, 59;
-17, 205, 11, -354, -784, -10, -69, 802, 44;
-12, 212, 17, -318, -718, 28, -49, 828, 68;
-18, 208, 12, -386, -756, -1, -72, 811, 50;
-20, 207, 11, -419, -758, -8, -81, 809, 45;
-19, 210, 14, -416, -723, 8, -74, 822, 56;
-21, 209, 12, -455, -731, -2, -85, 817, 49;
-22, 211, 13, -469, -713, 2, -86, 823, 52;
-22, 212, 14, -479, -692, 10, -85, 830, 57;
-27, 208, 9, -545, -726, -19, -108, 814, 38;
-26, 211, 11, -549, -698, -7, -105, 824, 46;
-22, 217, 17, -517, -634, 27, -87, 848, 67;
-26, 215, 14, -568, -653, 6, -103, 839, 54;
-30, 212, 10, -618, -671, -13, -120, 829, 42;
-34, 210, 8, -662, -683, -30, -133, 822, 32;
-30, 216, 13, -633, -621, 2, -117, 845, 52;
-28, 220, 16, -624, -581, 20, -109, 860, 63;
-28, 222, 17, -633, -558, 26, -109, 867, 67;
-33, 219, 13, -691, -583, 0, -128, 854, 50;
-31, 222, 15, -687, -547, 13, -123, 867, 59;
-30, 225, 17, -684, -512, 27, -118, 879, 67;
-32, 225, 16, -712, -508, 19, -126, 878, 63;
-36, 222, 12, -764, -529, -4, -144, 867, 48;
-39, 221, 10, -801, -534, -18, -155, 862, 39;
-36, 226, 14, -778, -480, 6, -143, 882, 54;
-43, 221, 8, -847, -518, -30, -168, 863, 32;
-43, 222, 8, -859, -498, -28, -169, 868, 33;
-37, 230, 15, -812, -421, 12, -147, 898, 58;
-44, 225, 8, -882, -460, -26, -173, 878, 34;
-38, 233, 15, -830, -378, 16, -149, 909, 61;
-41, 231, 13, -866, -384, 1, -161, 904, 51;
-37, 237, 17, -837, -326, 27, -146, 925, 68;
-42, 233, 12, -892, -351, -1, -167, 912, 49;
-42, 235, 13, -896, -326, 2, -166, 919, 52;
-40, 239, 16, -880, -281, 19, -157, 934, 63;
-42, 239, 14, -904, -277, 9, -165, 933, 57;
-39, 244, 18, -879, -225, 31, -153, 951, 70;
-42, 242, 15, -911, -229, 15, -164, 946, 60;
-40, 246, 17, -897, -188, 30, -157, 960, 69;
-47, 240, 11, -968, -233, -12, -185, 938, 42;
-42, 247, 16, -924, -162, 20, -165, 964, 64;
-48, 242, 10, -984, -196, -15, -188, 947, 41;
-49, 243, 10, -994, -182, -19, -192, 949, 39;
-46, 247, 12, -973, -136, -1, -182, 965, 49;
-48, 247, 11, -988, -126, -9, -187, 966, 45;
-46, 250, 12, -979, -94, -1, -183, 976, 50;
-42, 256, 17, -940, -32, 26, -166, 998, 67;
-47, 252, 12, -990, -60, -6, -186, 983, 47;
-49, 251, 10, -1008, -56, -17, -194, 981, 40;
-45, 257, 15, -965, 7, 12, -175, 1005, 58;
-47, 256, 12, -986, 7, -2, -184, 1001, 49;
-45, 259, 14, -970, 43, 8, -178, 1013, 56;
-49, 257, 10, -1004, 28, -15, -192, 1003, 41;
-47, 260, 12, -985, 66, -3, -185, 1015, 48;
-46, 262, 12, -978, 91, 0, -182, 1022, 50;
-44, 265, 15, -955, 131, 12, -174, 1035, 58;
-44, 267, 15, -947, 156, 15, -171, 1042, 60;
-45, 266, 13, -958, 161, 4, -177, 1041, 54;
-43, 270, 15, -936, 198, 16, -169, 1053, 61;
-49, 265, 9, -988, 160, -22, -192, 1034, 37;
-50, 265, 8, -992, 170, -28, -195, 1035, 33;
-47, 269, 11, -961, 214, -12, -183, 1050, 43;
-42, 275, 15, -910, 278, 16, -164, 1073, 61;
-49, 269, 8, -972, 228, -29, -191, 1049, 32;
-43, 275, 13, -913, 297, 3, -169, 1074, 53;
-48, 271, 8, -955, 265, -30, -188, 1058, 32;
-38, 282, 18, -852, 377, 31, -148, 1101, 70;
-47, 273, 8, -937, 301, -31, -185, 1067, 31;
-42, 279, 12, -886, 360, -4, -166, 1088, 48;
-44, 278, 10, -896, 357, -18, -173, 1084, 39;
-40, 282, 13, -850, 409, 3, -157, 1102, 53;
-42, 280, 10, -865, 399, -14, -166, 1095, 41;
-42, 281, 10, -854, 415, -15, -164, 1099, 41;
-36, 287, 15, -794, 479, 15, -142, 1123, 60;
-40, 284, 10, -826, 450, -15, -159, 1108, 41;
-37, 287, 13, -788, 490, 0, -146, 1121, 51;
-32, 293, 17, -730, 549, 28, -126, 1143, 68;
-39, 286, 9, -788, 492, -20, -153, 1117, 38;
-40, 286, 8, -785, 494, -29, -156, 1115, 32;
-32, 293, 14, -707, 571, 12, -127, 1145, 58;
-31, 295, 15, -686, 590, 14, -123, 1150, 60;
-31, 295, 14, -676, 597, 9, -123, 1150, 56;
-30, 295, 14, -661, 609, 8, -120, 1153, 56;
-35, 291, 8, -695, 571, -26, -138, 1135, 34;
-33, 293, 10, -663, 597, -18, -130, 1144, 39;
-28, 298, 14, -603, 651, 9, -109, 1164, 56;
-29, 297, 12, -603, 645, -3, -113, 1159, 48;
-26, 299, 13, -570, 670, 4, -104, 1167, 53;
-29, 296, 10, -586, 646, -19, -115, 1156, 39;
-24, 301, 14, -527, 696, 6, -96, 1174, 55;
-20, 305, 17, -474, 739, 27, -79, 1190, 68;
-28, 296, 7, -543, 660, -32, -112, 1156, 31;
-18, 306, 17, -432, 759, 27, -71, 1195, 68;
-19, 305, 15, -428, 751, 15, -74, 1190, 60;
-22, 301, 10, -449, 717, -13, -88, 1175, 42;
-19, 303, 12, -409, 744, -1, -76, 1184, 50;
-15, 307, 15, -360, 778, 16, -61, 1197, 61;
-17, 304, 12, -364, 759, -1, -68, 1188, 49;
-19, 302, 10, -366, 742, -18, -74, 1180, 39;
-10, 310, 17, -269, 822, 30, -39, 1212, 69;
-13, 306, 13, -287, 787, 3, -52, 1196, 52;
-12, 306, 12, -269, 787, 0, -50, 1195, 50;
-16, 302, 8, -288, 750, -29, -63, 1179, 32;
-12, 305, 11, -238, 781, -11, -48, 1191, 43;
-13, 303, 9, -231, 768, -23, -51, 1185, 36;
-7, 308, 13, -164, 814, 4, -29, 1203, 53;
-12, 303, 8, -195, 763, -31, -47, 1181, 31;
-5, 309, 13, -115, 821, 5, -19, 1205, 54;
0, 313, 18, -49, 864, 32, 1, 1223, 71;
-6, 305, 10, -98, 793, -16, -23, 1193, 40;
0, 311, 16, -19, 848, 19, 3, 1215, 63;
2, 312, 16, 9, 853, 22, 9, 1218, 65;
2, 311, 15, 26, 845, 17, 10, 1214, 61;
1, 308, 13, 26, 820, 0, 5, 1204, 51;
1, 307, 12, 41, 810, -5, 5, 1200, 47;
5, 310, 15, 92, 836, 12, 21, 1211, 58;
7, 310, 15, 121, 838, 15, 27, 1212, 60;
2, 304, 9, 88, 778, -23, 8, 1187, 36;
1, 302, 7, 98, 761, -32, 7, 1181, 30;
4, 304, 9, 138, 773, -22, 18, 1186, 37;
8, 306, 11, 184, 791, -7, 31, 1194, 46;
10, 307, 13, 221, 800, 0, 41, 1199, 51;
9, 304, 10, 221, 770, -15, 35, 1187, 41;
10, 304, 10, 243, 764, -16, 39, 1185, 40;
14, 306, 13, 294, 785, 1, 55, 1195, 51;
15, 305, 13, 316, 776, 0, 59, 1193, 51;
17, 306, 14, 347, 778, 5, 66, 1195, 54;
21, 308, 16, 397, 797, 23, 82, 1204, 65;
20, 306, 15, 403, 773, 12, 79, 1195, 58;
18, 302, 11, 393, 732, -9, 70, 1179, 45;
17, 300, 10, 403, 710, -17, 69, 1172, 39;
16, 297, 8, 405, 681, -30, 65, 1161, 31;
23, 302, 13, 479, 723, 3, 90, 1180, 53;
21, 299, 11, 478, 691, -11, 85, 1169, 43;
25, 301, 13, 521, 702, 3, 98, 1175, 53;
25, 299, 12, 532, 681, -3, 98, 1168, 48;
26, 299, 12, 554, 671, -2, 102, 1166, 49;
28, 299, 13, 584, 669, 4, 110, 1167, 53;
24, 293, 9, 560, 613, -24, 96, 1146, 35;
29, 297, 13, 619, 639, 1, 115, 1159, 51;
33, 299, 16, 669, 658, 22, 132, 1169, 64;
27, 291, 9, 620, 576, -23, 107, 1137, 36;
27, 290, 8, 631, 555, -28, 108, 1131, 33;
35, 295, 15, 712, 604, 14, 137, 1154, 59;
34, 293, 14, 717, 577, 6, 135, 1145, 54;
36, 293, 14, 741, 569, 10, 141, 1144, 57;
35, 291, 13, 745, 541, 2, 139, 1135, 52;
37, 291, 14, 773, 538, 10, 147, 1136, 57;
32, 284, 8, 732, 465, -27, 127, 1109, 34;
40, 290, 16, 817, 519, 19, 159, 1134, 63;
38, 286, 12, 801, 471, 0, 149, 1117, 50;
39, 286, 13, 824, 464, 5, 155, 1116, 54;
38, 282, 11, 815, 424, -9, 148, 1103, 44;
42, 285, 15, 865, 444, 14, 166, 1114, 60;
44, 286, 16, 892, 440, 24, 174, 1115, 65;
42, 281, 13, 875, 393, 5, 165, 1099, 54;
42, 280, 13, 882, 371, 2, 165, 1092, 52;
44, 281, 15, 912, 371, 14, 175, 1095, 60;
38, 272, 8, 856, 286, -29, 149, 1064, 32;
39, 272, 9, 874, 275, -23, 154, 1062, 36;
44, 275, 13, 920, 293, 0, 171, 1073, 51;
45, 274, 14, 938, 283, 7, 177, 1072, 55;
43, 271, 11, 923, 241, -8, 169, 1057, 45;
44, 270, 12, 939, 229, -2, 174, 1056, 49;
46, 271, 14, 959, 223, 6, 181, 1057, 54;
43, 266, 10, 931, 169, -16, 168, 1038, 40;
49, 271, 17, 998, 211, 25, 194, 1058, 66;
49, 269, 16, 999, 187, 22, 194, 1052, 64;
41, 259, 8, 923, 86, -31, 161, 1013, 31;
42, 259, 8, 933, 72, -27, 164, 1011, 34;
48, 264, 15, 995, 110, 12, 189, 1030, 58;
48, 262, 14, 995, 88, 10, 189, 1024, 57;
51, 264, 18, 1029, 98, 31, 202, 1032, 70;
42, 253, 8, 940, -11, -28, 165, 990, 33;
49, 259, 15, 1008, 35, 16, 194, 1013, 61;
50, 258, 16, 1013, 20, 20, 196, 1010, 63;
45, 252, 11, 967, -46, -10, 176, 985, 44;
49, 256, 16, 1010, -23, 18, 194, 998, 62;
41, 246, 7, 930, -121, -32, 162, 961, 30;
46, 250, 13, 979, -90, 1, 183, 977, 51;
43, 246, 9, 945, -142, -19, 169, 959, 38;
50, 251, 16, 1004, -99, 22, 195, 980, 65;
48, 248, 15, 985, -134, 12, 188, 969, 59;
46, 245, 13, 965, -169, 2, 181, 958, 52;
50, 248, 17, 1000, -149, 29, 196, 970, 69;
41, 239, 9, 915, -247, -22, 163, 932, 37;
48, 244, 16, 972, -204, 19, 188, 954, 63;
46, 242, 14, 952, -236, 11, 181, 943, 57;
45, 239, 14, 936, -263, 6, 176, 935, 54;
44, 238, 13, 921, -289, 1, 172, 928, 51;
42, 235, 12, 903, -318, -4, 166, 919, 48;
40, 233, 10, 878, -352, -14, 158, 908, 41;
40, 231, 10, 867, -371, -15, 156, 903, 41;
45, 236, 16, 913, -333, 22, 178, 922, 65;
44, 235, 16, 898, -354, 20, 174, 916, 63;
44, 234, 17, 893, -366, 24, 175, 915, 66;
44, 233, 17, 883, -381, 26, 173, 911, 67;
42, 231, 16, 858, -411, 18, 166, 902, 62;
41, 229, 15, 841, -431, 16, 162, 896, 61;
36, 224, 11, 788, -488, -9, 143, 876, 44;
32, 220, 7, 740, -538, -32, 127, 858, 30;
41, 228, 17, 815, -464, 27, 161, 891, 68;
33, 220, 10, 734, -545, -15, 131, 860, 41;
36, 223, 14, 754, -525, 8, 143, 871, 56;
30, 217, 9, 689, -589, -24, 120, 847, 35;
33, 219, 12, 701, -575, -4, 129, 855, 47;
38, 224, 18, 739, -535, 32, 148, 874, 70;
35, 221, 16, 702, -568, 19, 137, 863, 62;
35, 221, 17, 696, -570, 27, 139, 865, 68;
31, 217, 14, 647, -613, 7, 123, 849, 55;
32, 218, 15, 642, -613, 16, 125, 851, 61;
29, 215, 13, 602, -646, 3, 113, 840, 52;
31, 217, 16, 610, -631, 21, 121, 848, 64;
25, 212, 12, 548, -684, -6, 100, 828, 47;
25, 212, 12, 535, -688, -1, 99, 828, 50;
27, 214, 15, 540, -673, 16, 106, 836, 61;
21, 208, 10, 470, -732, -16, 82, 813, 40;
27, 215, 17, 518, -673, 29, 106, 839, 69;
17, 205, 8, 409, -770, -28, 66, 801, 33;
23, 212, 15, 455, -711, 16, 90, 827, 61;
15, 204, 8, 367, -786, -26, 59, 797, 34;
20, 210, 15, 405, -733, 13, 80, 820, 59;
14, 205, 10, 336, -787, -17, 56, 799, 40;
17, 208, 14, 352, -755, 9, 69, 814, 56;
18, 210, 16, 347, -744, 21, 72, 820, 64;
19, 211, 18, 341, -733, 32, 74, 825, 71;
12, 205, 12, 262, -794, -3, 47, 801, 48;
15, 209, 16, 279, -759, 23, 59, 816, 65;
9, 204, 12, 213, -805, -4, 38, 798, 48;
5, 201, 8, 158, -841, -25, 20, 784, 35;
4, 201, 9, 136, -842, -23, 17, 784, 36;
2, 199, 8, 100, -857, -31, 8, 778, 31;
1, 199, 8, 78, -858, -30, 4, 778, 32;
9, 208, 17, 141, -773, 28, 36, 814, 68;
7, 208, 17, 111, -779, 25, 29, 812, 66;
4, 206, 15, 71, -796, 14, 18, 805, 60;
0, 203, 12, 20, -823, -2, 2, 794, 49;
5, 209, 18, 49, -770, 32, 20, 816, 71;
-4, 200, 9, -54, -849, -19, -16, 783, 38;
-6, 200, 8, -88, -857, -26, -25, 780, 34;
0, 208, 17, -36, -779, 25, 1, 812, 66;
-1, 207, 15, -73, -789, 17, -7, 807, 61;
-7, 202, 11, -141, -831, -11, -30, 790, 43;
-11, 199, 8, -193, -856, -30, -46, 779, 31;
-9, 204, 12, -179, -814, -5, -35, 796, 47;
-6, 208, 16, -168, -775, 18, -25, 811, 62;
-14, 201, 9, -255, -833, -23, -55, 786, 36;
-11, 206, 13, -239, -788, 3, -43, 804, 53;
-18, 200, 7, -317, -837, -32, -70, 783, 30;
-16, 204, 10, -313, -804, -14, -63, 796, 42;
-12, 209, 15, -295, -756, 13, -50, 815, 59;
-17, 206, 12, -347, -777, -5, -66, 805, 47;
-12, 212, 18, -315, -715, 30, -48, 829, 70;
-13, 212, 17, -342, -712, 28, -54, 829, 68;
-16, 211, 16, -378, -717, 19, -64, 826, 62;
-15, 214, 17, -385, -692, 29, -61, 835, 69;
-16, 214, 17, -405, -681, 30, -65, 838, 70;
-25, 208, 10, -496, -740, -14, -97, 812, 41;
-20, 214, 16, -461, -673, 22, -78, 838, 65;
-19, 217, 18, -467, -648, 32, -75, 846, 71;
-25, 213, 13, -532, -681, 3, -98, 831, 52;
-31, 208, 8, -603, -721, -30, -123, 813, 31;
-22, 219, 17, -531, -616, 30, -88, 854, 70;
-29, 213, 12, -607, -660, -6, -115, 834, 47;
-27, 217, 14, -599, -620, 11, -107, 848, 58;
-35, 211, 8, -681, -669, -30, -137, 825, 32;
-28, 219, 15, -631, -587, 15, -112, 857, 60;
-28, 222, 17, -634, -558, 25, -109, 867, 66;
-36, 215, 9, -726, -618, -23, -143, 840, 36;
-35, 218, 11, -721, -581, -8, -137, 853, 45;
-38, 217, 9, -763, -591, -25, -150, 846, 35;
-37, 219, 10, -762, -558, -13, -146, 857, 42;
-40, 218, 8, -798, -562, -26, -158, 853, 34;
-39, 221, 10, -800, -533, -17, -155, 862, 39;
-34, 228, 16, -760, -462, 18, -135, 889, 62;
-33, 230, 17, -759, -429, 29, -131, 900, 69;
-38, 227, 13, -815, -454, 1, -151, 887, 51;
-36, 231, 16, -799, -407, 20, -141, 903, 63;
-44, 225, 9, -881, -459, -25, -172, 879, 35;
-37, 233, 16, -826, -374, 19, -147, 911, 63;
-43, 229, 11, -885, -403, -11, -169, 896, 43;
-40, 234, 14, -863, -351, 10, -157, 915, 57;
-45, 231, 9, -919, -378, -19, -178, 900, 38;
-44, 233, 11, -914, -344, -9, -173, 912, 45;
-45, 234, 11, -925, -326, -10, -176, 916, 44;
-40, 240, 16, -890, -263, 18, -159, 939, 62;
-39, 244, 18, -879, -224, 32, -152, 952, 71;
-42, 242, 14, -918, -236, 11, -167, 944, 58;
-48, 237, 9, -979, -270, -24, -191, 926, 35;
-45, 242, 12, -952, -216, -1, -178, 945, 49;
-41, 247, 16, -918, -156, 24, -162, 967, 66;
-41, 250, 17, -917, -129, 29, -161, 975, 69;
-50, 241, 8, -1010, -197, -29, -198, 943, 32;
-44, 250, 15, -948, -110, 14, -171, 976, 60;
-46, 248, 12, -976, -114, -1, -182, 971, 50;
-49, 248, 10, -1000, -115, -15, -191, 967, 41;
-50, 248, 9, -1011, -103, -20, -195, 969, 38;
-51, 249, 8, -1020, -89, -25, -199, 971, 35;
-49, 252, 10, -1002, -50, -13, -191, 984, 42;
-46, 256, 13, -978, -5, 3, -181, 999, 53;
-50, 253, 9, -1013, -19, -20, -196, 990, 38;
-49, 255, 10, -1006, 7, -15, -193, 997, 41;
-45, 260, 14, -972, 60, 6, -179, 1016, 54;
-44, 263, 15, -953, 98, 17, -171, 1028, 61;
-43, 265, 16, -943, 125, 22, -168, 1036, 64;
-41, 268, 18, -925, 161, 32, -161, 1048, 71;
-48, 262, 10, -991, 111, -14, -189, 1024, 42;
-48, 263, 10, -987, 132, -14, -189, 1029, 42;
-44, 269, 14, -944, 190, 10, -172, 1049, 57;
-46, 268, 12, -961, 188, -3, -180, 1045, 48;
-46, 269, 12, -956, 206, -4, -179, 1050, 48;
-46, 269, 11, -955, 220, -8, -181, 1052, 45;
-49, 267, 8, -983, 205, -31, -194, 1043, 31;
-42, 275, 15, -908, 292, 12, -165, 1075, 58;
-48, 270, 8, -965, 245, -30, -190, 1053, 31;
-47, 272, 9, -944, 277, -22, -183, 1063, 36;
-45, 274, 10, -926, 303, -17, -178, 1071, 40;
-44, 276, 11, -906, 332, -10, -172, 1080, 44;
-46, 275, 8, -921, 324, -28, -181, 1073, 33;
-41, 280, 13, -868, 385, 0, -162, 1095, 50;
-37, 285, 16, -822, 437, 22, -145, 1114, 64;
-36, 287, 16, -808, 456, 23, -142, 1119, 65;
-44, 279, 8, -874, 395, -29, -173, 1091, 32;
-40, 283, 11, -832, 440, -10, -158, 1107, 44;
-36, 288, 14, -786, 489, 10, -143, 1124, 57;
-38, 286, 12, -794, 483, -4, -149, 1119, 48;
-40, 284, 9, -808, 470, -23, -158, 1111, 36;
-38, 287, 10, -783, 496, -17, -151, 1119, 40;
-39, 286, 9, -779, 500, -25, -153, 1118, 35;
-30, 295, 16, -689, 589, 23, -120, 1152, 65;
-29, 297, 17, -663, 613, 30, -113, 1160, 69;
-34, 291, 11, -708, 565, -11, -136, 1137, 43;
-27, 298, 17, -631, 639, 27, -108, 1165, 68;
-29, 296, 14, -640, 625, 9, -116, 1157, 56;
-25, 301, 18, -587, 673, 32, -98, 1175, 71;
-30, 296, 12, -623, 631, -4, -117, 1156, 48;
-31, 294, 10, -626, 622, -18, -123, 1150, 39;
-23, 302, 16, -541, 699, 24, -92, 1180, 66;
-30, 295, 8, -597, 635, -26, -120, 1151, 34;
-21, 304, 17, -494, 729, 28, -82, 1188, 68;
-20, 304, 17, -478, 735, 25, -80, 1189, 66;
-18, 306, 18, -446, 756, 32, -72, 1196, 71;
-19, 305, 16, -444, 747, 19, -76, 1190, 62;
-22, 302, 12, -459, 720, -4, -87, 1178, 48;
-21, 302, 12, -437, 729, -5, -83, 1180, 47;
-18, 304, 13, -401, 752, 4, -73, 1188, 53;
-20, 302, 10, -404, 734, -13, -80, 1179, 42;
-13, 309, 17, -321, 802, 26, -50, 1206, 67;
-19, 302, 10, -366, 741, -18, -74, 1179, 39;
-18, 302, 9, -349, 742, -22, -72, 1179, 37;
-10, 310, 16, -256, 818, 23, -39, 1209, 65;
-17, 302, 8, -309, 747, -27, -67, 1179, 33;
-14, 303, 9, -273, 764, -19, -57, 1185, 38;
-7, 310, 15, -195, 823, 16, -30, 1209, 61;
-5, 312, 17, -155, 844, 27, -19, 1216, 68;
-8, 307, 12, -173, 805, -1, -32, 1200, 50;
-6, 308, 13, -141, 816, 4, -25, 1204, 53;
-9, 304, 9, -158, 777, -23, -37, 1187, 36;
-3, 309, 14, -89, 824, 5, -14, 1206, 54;
-6, 305, 10, -99, 792, -16, -24, 1192, 40;
-6, 304, 8, -92, 775, -28, -27, 1185, 33;
1, 310, 15, -3, 840, 14, 4, 1212, 59;
-2, 306, 10, -25, 794, -16, -10, 1193, 40;
0, 306, 10, 4, 799, -13, -3, 1195, 42;
0, 305, 9, 19, 788, -19, -3, 1191, 38;
8, 313, 17, 118, 861, 29, 32, 1221, 69;
0, 304, 8, 58, 775, -26, 1, 1186, 34;
10, 312, 17, 163, 853, 26, 39, 1218, 67;
7, 308, 13, 151, 813, 2, 28, 1202, 52;
4, 304, 9, 137, 772, -23, 17, 1186, 36;
12, 310, 15, 221, 827, 16, 46, 1210, 61;
15, 312, 17, 266, 844, 30, 60, 1217, 70;
15, 311, 17, 282, 831, 25, 61, 1213, 66;
10, 304, 10, 245, 765, -15, 40, 1186, 41;
16, 308, 15, 314, 805, 14, 63, 1203, 60;
13, 304, 11, 305, 765, -7, 54, 1188, 46;
20, 309, 17, 381, 811, 28, 80, 1208, 68;
13, 301, 9, 327, 727, -22, 53, 1175, 36;
21, 307, 16, 415, 785, 20, 84, 1200, 63;
19, 303, 12, 405, 743, -1, 75, 1184, 50;
18, 301, 11, 413, 720, -11, 73, 1176, 44;
17, 298, 8, 413, 689, -25, 68, 1165, 35;
27, 307, 18, 522, 766, 32, 108, 1198, 70;
20, 297, 9, 460, 673, -22, 78, 1161, 36;
21, 297, 9, 487, 668, -19, 84, 1161, 38;
28, 303, 15, 564, 713, 17, 111, 1181, 62;
28, 301, 14, 574, 691, 10, 110, 1174, 57;
30, 301, 15, 600, 685, 15, 117, 1174, 60;
25, 294, 9, 564, 617, -22, 97, 1147, 37;
27, 295, 11, 599, 620, -11, 107, 1151, 43;
31, 297, 13, 643, 632, 4, 121, 1158, 53;
35, 299, 17, 692, 648, 24, 137, 1167, 66;
32, 295, 13, 679, 603, 3, 128, 1151, 53;
36, 296, 16, 721, 613, 19, 141, 1157, 63;
36, 295, 15, 731, 591, 15, 141, 1150, 60;
29, 286, 8, 678, 507, -30, 116, 1118, 31;
31, 286, 8, 699, 496, -28, 120, 1116, 33;
35, 289, 12, 754, 518, -2, 139, 1128, 49;
36, 288, 12, 767, 500, -3, 141, 1123, 48;
37, 287, 13, 788, 489, 0, 146, 1121, 50;
38, 286, 12, 801, 471, -1, 149, 1117, 50;
43, 290, 17, 859, 499, 28, 170, 1131, 68;
44, 289, 18, 878, 486, 31, 174, 1129, 70;
40, 283, 13, 849, 427, 3, 159, 1107, 53;
41, 282, 13, 857, 405, 1, 160, 1101, 51;
38, 277, 9, 837, 355, -20, 149, 1083, 38;
41, 279, 12, 871, 359, -5, 160, 1088, 47;
45, 281, 15, 917, 376, 18, 177, 1098, 62;
47, 282, 17, 944, 374, 29, 186, 1100, 69;
39, 272, 8, 870, 272, -26, 153, 1061, 34;
47, 278, 16, 950, 324, 21, 184, 1085, 64;
46, 275, 14, 943, 288, 10, 179, 1074, 57;
43, 270, 11, 919, 237, -10, 167, 1056, 44;
46, 272, 14, 956, 247, 9, 181, 1063, 56;
45, 270, 13, 954, 218, 3, 179, 1055, 53;
42, 265, 9, 924, 162, -20, 165, 1035, 38;
41, 263, 8, 919, 132, -27, 162, 1026, 33;
45, 265, 12, 962, 149, -2, 178, 1036, 49;
43, 261, 10, 942, 105, -18, 169, 1021, 39;
48, 265, 15, 994, 133, 13, 190, 1036, 59;
46, 261, 12, 970, 86, -4, 179, 1020, 48;
47, 261, 13, 986, 78, 4, 185, 1020, 53;
45, 257, 11, 963, 33, -12, 175, 1005, 43;
49, 260, 15, 1002, 50, 13, 191, 1015, 59;
49, 259, 15, 1003, 30, 13, 191, 1010, 59;
45, 254, 11, 969, -24, -9, 177, 991, 45;
46, 253, 12, 974, -39, -5, 179, 988, 47;
49, 255, 15, 1003, -29, 14, 192, 996, 60;
49, 254, 15, 1001, -50, 14, 191, 991, 59;
42, 246, 8, 937, -132, -26, 165, 960, 34;
50, 252, 16, 1008, -79, 22, 195, 985, 65;
50, 252, 17, 1009, -94, 26, 197, 983, 67;
45, 245, 12, 959, -160, -4, 177, 958, 48;
49, 248, 16, 991, -143, 19, 191, 969, 63;
42, 241, 10, 927, -222, -19, 166, 939, 39;
41, 238, 9, 912, -251, -24, 161, 931, 35;
43, 240, 11, 929, -247, -9, 170, 936, 45;
43, 239, 11, 925, -263, -6, 170, 932, 46;
47, 241, 15, 952, -247, 16, 183, 942, 61;
41, 234, 10, 891, -319, -18, 160, 916, 39;
46, 239, 16, 940, -280, 20, 182, 935, 63;
46, 239, 16, 936, -293, 24, 183, 932, 66;
42, 234, 13, 893, -345, 2, 167, 914, 52;
37, 228, 8, 835, -411, -29, 145, 890, 32;
44, 234, 15, 891, -362, 15, 171, 913, 60;
41, 231, 13, 864, -395, 5, 163, 903, 54;
39, 228, 12, 836, -428, -4, 154, 892, 47;
39, 228, 13, 830, -439, 0, 154, 890, 50;
34, 222, 8, 770, -502, -30, 133, 867, 31;
39, 227, 14, 815, -460, 8, 154, 887, 56;
34, 222, 10, 760, -518, -18, 135, 866, 39;
42, 229, 18, 822, -457, 32, 164, 894, 71;
32, 219, 9, 722, -558, -23, 126, 855, 36;
34, 221, 11, 731, -548, -6, 134, 861, 46;
30, 216, 8, 685, -593, -26, 118, 845, 34;
35, 221, 14, 722, -554, 9, 137, 864, 56;
37, 223, 17, 729, -544, 25, 144, 870, 66;
31, 218, 12, 671, -599, -1, 124, 850, 50;
35, 222, 17, 698, -567, 28, 140, 865, 68;
33, 219, 16, 664, -596, 18, 130, 856, 62;
31, 217, 14, 635, -620, 11, 122, 848, 58;
26, 212, 10, 577, -671, -13, 103, 829, 42;
28, 215, 14, 588, -652, 6, 112, 839, 55;
25, 212, 11, 546, -686, -7, 99, 827, 46;
28, 215, 16, 567, -656, 19, 112, 841, 63;
28, 215, 16, 550, -663, 22, 110, 840, 65;
19, 207, 9, 459, -744, -24, 77, 808, 35;
23, 211, 13, 477, -714, 2, 89, 822, 52;
18, 207, 10, 425, -754, -18, 73, 807, 39;
24, 213, 17, 471, -695, 27, 97, 833, 68;
15, 204, 9, 370, -782, -24, 60, 799, 35;
20, 210, 15, 408, -731, 15, 81, 821, 60;
21, 212, 17, 401, -722, 26, 83, 826, 67;
15, 206, 12, 330, -778, -5, 59, 804, 47;
13, 205, 11, 305, -786, -6, 54, 802, 46;
10, 203, 9, 262, -811, -19, 42, 793, 38;
10, 204, 11, 251, -805, -11, 42, 796, 43;
11, 205, 12, 238, -800, -4, 42, 799, 48;
11, 206, 14, 229, -789, 5, 44, 805, 54;
4, 200, 8, 152, -847, -29, 18, 782, 32;
8, 205, 13, 176, -802, 3, 34, 801, 52;
1, 199, 7, 99, -858, -31, 7, 778, 31;
9, 208, 16, 158, -777, 23, 37, 812, 65;
0, 199, 8, 55, -859, -29, 0, 779, 32;
6, 206, 15, 97, -793, 15, 23, 806, 60;
7, 208, 17, 94, -773, 29, 27, 814, 69;
-1, 201, 10, 2, -841, -14, -4, 787, 41;
0, 203, 12, -7, -826, -4, -2, 793, 48;
1, 207, 15, 2, -792, 17, 6, 807, 62;
-6, 199, 8, -92, -861, -28, -27, 778, 33;
0, 208, 17, -33, -776, 27, 3, 813, 67;
0, 209, 17, -53, -770, 30, 0, 815, 69;
-1, 208, 17, -83, -773, 26, -6, 814, 67;
-9, 202, 10, -169, -832, -14, -36, 789, 41;
-11, 202, 10, -198, -833, -17, -43, 788, 39;
-12, 201, 9, -228, -835, -21, -50, 786, 37;
-14, 201, 8, -260, -838, -26, -57, 784, 34;
-14, 202, 10, -270, -820, -17, -56, 791, 40;
-8, 210, 17, -225, -745, 28, -32, 821, 68;
-12, 207, 14, -280, -771, 7, -49, 810, 55;
-17, 204, 10, -341, -802, -17, -69, 796, 40;
-13, 210, 16, -309, -740, 19, -51, 820, 63;
-14, 210, 15, -338, -738, 15, -57, 820, 60;
-19, 206, 11, -397, -766, -8, -77, 807, 45;
-23, 205, 9, -443, -781, -23, -90, 799, 36;
-19, 210, 13, -422, -729, 5, -76, 819, 54;
-24, 206, 9, -482, -758, -20, -96, 806, 38;
-23, 209, 12, -481, -726, -5, -91, 818, 47;
-28, 206, 8, -540, -753, -30, -111, 805, 32;
-22, 213, 14, -499, -680, 11, -89, 833, 57;
-22, 215, 16, -508, -657, 19, -88, 841, 62;
-31, 208, 8, -601, -718, -28, -122, 814, 33;
-26, 214, 13, -570, -655, 5, -104, 838, 54;
-25, 217, 15, -570, -623, 18, -100, 849, 62;
-29, 215, 12, -621, -642, -2, -116, 839, 49;
-27, 219, 16, -606, -595, 19, -106, 856, 63;
-32, 215, 11, -670, -626, -10, -128, 841, 44;
-28, 222, 17, -635, -559, 25, -109, 867, 66;
-30, 221, 15, -667, -559, 15, -119, 864, 60;
-30, 223, 16, -674, -534, 22, -117, 872, 65;
-29, 226, 18, -678, -506, 31, -115, 881, 70;
-36, 220, 11, -754, -550, -8, -143, 861, 45;
-31, 228, 18, -710, -475, 31, -121, 889, 70;
-40, 220, 9, -808, -541, -23, -158, 859, 36;
-35, 227, 15, -768, -469, 13, -138, 886, 59;
-36, 228, 15, -784, -454, 12, -142, 890, 58;
-37, 228, 14, -805, -445, 7, -147, 891, 55;
-39, 228, 13, -826, -435, 2, -153, 892, 52;
-41, 228, 11, -855, -433, -8, -162, 890, 45;
-38, 233, 15, -829, -377, 17, -148, 910, 62;
-39, 233, 15, -848, -366, 12, -153, 912, 58;
-47, 227, 8, -926, -414, -31, -183, 889, 31;
-40, 236, 15, -868, -327, 14, -157, 922, 59;
-38, 239, 17, -859, -289, 27, -150, 934, 67;
-47, 232, 8, -950, -351, -26, -186, 905, 34;
-39, 242, 17, -873, -246, 30, -152, 946, 69;
-49, 233, 8, -975, -320, -31, -192, 912, 31;
-41, 243, 16, -905, -223, 19, -162, 949, 63;
-44, 241, 13, -938, -229, 2, -174, 943, 52;
-40, 247, 17, -907, -172, 27, -159, 964, 68;
-45, 244, 13, -951, -190, 2, -176, 953, 52;
-41, 249, 17, -921, -134, 26, -163, 973, 67;
-50, 241, 8, -1010, -198, -29, -198, 943, 32;
-41, 252, 17, -927, -90, 28, -163, 984, 68;
-51, 244, 7, -1022, -161, -32, -201, 951, 31;
-51, 246, 8, -1018, -133, -27, -199, 959, 33;
-46, 252, 13, -976, -68, 2, -181, 983, 52;
-45, 254, 14, -964, -34, 11, -176, 994, 58;
-51, 250, 8, -1024, -72, -27, -200, 975, 33;
-49, 252, 10, -1010, -36, -17, -194, 986, 39;
-46, 258, 14, -974, 19, 6, -179, 1006, 54;
-49, 256, 10, -1005, 8, -14, -192, 998, 41;
-43, 263, 16, -950, 82, 20, -170, 1025, 63;
-51, 256, 8, -1026, 25, -31, -202, 998, 31;
-45, 263, 14, -964, 105, 8, -176, 1028, 56;
-41, 268, 17, -928, 158, 30, -162, 1046, 69;
-49, 261, 10, -998, 105, -18, -192, 1021, 39;
-47, 265, 12, -975, 143, -6, -184, 1034, 46;
-43, 269, 15, -938, 196, 15, -169, 1052, 60;
-43, 271, 15, -930, 218, 16, -168, 1058, 61;
-43, 271, 14, -935, 227, 9, -171, 1058, 56;
-46, 270, 11, -954, 222, -7, -180, 1053, 46;
-49, 268, 8, -978, 210, -28, -192, 1045, 33;
-46, 271, 11, -946, 253, -12, -180, 1059, 43;
-42, 276, 14, -907, 304, 7, -166, 1077, 55;
-47, 271, 8, -950, 270, -27, -186, 1060, 34;
-44, 275, 11, -914, 315, -9, -174, 1076, 44;
-41, 280, 14, -876, 362, 8, -160, 1092, 56;
-39, 282, 16, -851, 395, 18, -152, 1102, 62;
-37, 285, 17, -825, 428, 28, -144, 1113, 68;
-37, 285, 16, -825, 434, 20, -147, 1113, 63;
-40, 283, 13, -843, 421, 0, -157, 1104, 50;
-40, 283, 11, -842, 427, -7, -159, 1104, 45;
-40, 284, 11, -830, 442, -9, -158, 1107, 45;
-33, 291, 18, -755, 520, 31, -130, 1137, 70;
-42, 282, 8, -835, 442, -31, -166, 1102, 31;
-33, 292, 16, -740, 539, 21, -130, 1139, 64;
-32, 293, 16, -723, 556, 22, -127, 1144, 65;
-35, 290, 13, -740, 539, 0, -137, 1134, 51;
-32, 294, 15, -702, 576, 15, -125, 1147, 60;
-38, 288, 8, -751, 526, -28, -149, 1123, 33;
-28, 297, 17, -651, 623, 26, -112, 1161, 67;
-34, 292, 11, -690, 580, -11, -132, 1141, 43;
-31, 295, 12, -658, 608, -2, -123, 1150, 49;
-31, 295, 11, -647, 613, -7, -123, 1150, 46;
-26, 300, 16, -589, 665, 18, -103, 1170, 62;
-23, 302, 17, -554, 694, 29, -93, 1180, 69;
-29, 296, 10, -599, 642, -14, -116, 1156, 42;
-26, 299, 12, -559, 673, -1, -104, 1167, 50;
-23, 302, 14, -520, 703, 11, -93, 1177, 58;
-26, 299, 11, -533, 680, -11, -103, 1166, 44;
-27, 297, 8, -535, 667, -26, -109, 1159, 34;
-21, 303, 13, -465, 726, 5, -85, 1181, 54;
-20, 303, 14, -442, 737, 6, -80, 1185, 55;
-18, 305, 14, -413, 753, 10, -73, 1190, 57;
-19, 304, 13, -404, 749, 2, -74, 1186, 52;
-20, 302, 11, -400, 738, -10, -78, 1181, 44;
-12, 309, 17, -315, 808, 30, -48, 1208, 70;
-17, 304, 12, -347, 761, -5, -66, 1187, 47;
-17, 303, 10, -339, 752, -15, -68, 1183, 41;
-18, 301, 8, -334, 740, -28, -72, 1176, 33;
-12, 307, 13, -262, 794, 3, -47, 1198, 53;
-13, 305, 11, -256, 781, -8, -50, 1192, 45;
-8, 309, 15, -199, 819, 13, -32, 1207, 59;
-13, 303, 8, -237, 761, -27, -53, 1182, 33;
-12, 303, 8, -211, 767, -26, -48, 1184, 34;
-5, 309, 14, -129, 828, 11, -20, 1208, 58;
0, 313, 18, -76, 860, 31, -3, 1221, 70;
-3, 310, 14, -83, 830, 9, -12, 1209, 57;
-7, 304, 9, -110, 780, -24, -29, 1188, 35;
-3, 307, 11, -64, 803, -10, -15, 1197, 44;
-1, 308, 13, -23, 820, 0, -4, 1204, 51;