-3, 305, 9, -34, 785, -22, -14, 1189, 36;
-2, 305, 9, -5, 789, -20, -7, 1191, 38;
6, 313, 17, 92, 861, 28, 27, 1221, 68;
1, 306, 11, 59, 802, -9, 7, 1197, 44;
8, 312, 17, 135, 852, 24, 33, 1218, 66;
6, 308, 13, 124, 814, 0, 23, 1202, 51;
3, 304, 9, 117, 779, -20, 14, 1188, 38;
6, 306, 11, 156, 791, -10, 25, 1194, 44;
4, 303, 8, 154, 760, -28, 19, 1182, 33;
6, 303, 8, 180, 758, -26, 24, 1181, 34;
16, 312, 18, 292, 841, 31, 65, 1217, 70;
17, 311, 17, 314, 834, 30, 68, 1215, 69;
9, 301, 8, 248, 738, -29, 36, 1176, 32;
13, 304, 11, 300, 761, -9, 52, 1186, 44;
14, 303, 11, 321, 752, -11, 56, 1184, 43;
21, 309, 17, 402, 802, 26, 84, 1206, 67;
21, 307, 15, 411, 780, 17, 82, 1198, 61;
15, 300, 9, 372, 710, -23, 61, 1170, 36;
15, 298, 8, 386, 693, -29, 62, 1165, 32;
26, 307, 17, 493, 769, 27, 101, 1198, 68;
22, 301, 12, 469, 713, -3, 86, 1176, 49;
24, 302, 14, 505, 718, 6, 96, 1180, 55;
26, 302, 15, 536, 717, 13, 104, 1181, 59;
27, 302, 15, 555, 705, 12, 107, 1178, 58;
31, 304, 17, 601, 719, 29, 122, 1186, 69;
24, 295, 9, 544, 629, -22, 94, 1151, 37;
30, 299, 14, 615, 668, 11, 118, 1169, 58;
28, 296, 11, 607, 627, -6, 110, 1154, 46;
26, 292, 9, 602, 590, -22, 104, 1141, 36;
36, 300, 17, 701, 657, 30, 141, 1171, 70;
32, 294, 13, 677, 601, 2, 127, 1150, 52;
34, 295, 14, 705, 597, 9, 134, 1151, 56;
29, 287, 8, 664, 524, -29, 113, 1123, 32;
30, 287, 8, 681, 509, -29, 117, 1119, 32;
38, 293, 15, 765, 561, 15, 148, 1143, 60;
38, 292, 15, 783, 548, 17, 151, 1140, 61;
40, 292, 16, 807, 540, 22, 158, 1140, 65;
40, 290, 15, 812, 513, 15, 156, 1131, 60;
35, 283, 10, 777, 448, -16, 139, 1107, 40;
44, 290, 18, 864, 504, 31, 172, 1133, 70;
37, 281, 10, 805, 414, -16, 144, 1098, 40;
41, 284, 14, 852, 430, 6, 161, 1108, 54;
44, 285, 16, 890, 438, 22, 173, 1114, 65;
38, 278, 10, 843, 361, -15, 151, 1086, 41;
44, 282, 15, 900, 389, 14, 173, 1100, 60;
45, 281, 15, 914, 373, 16, 176, 1097, 61;
38, 272, 8, 856, 286, -28, 149, 1064, 33;
46, 279, 15, 936, 338, 17, 180, 1088, 62;
47, 278, 16, 955, 328, 24, 186, 1087, 66;
48, 278, 17, 967, 313, 26, 189, 1084, 67;
44, 271, 12, 928, 246, -4, 171, 1060, 48;
46, 272, 14, 958, 249, 10, 182, 1064, 57;
41, 266, 9, 916, 180, -22, 163, 1039, 37;
41, 264, 9, 919, 157, -24, 163, 1033, 35;
44, 266, 11, 949, 161, -8, 174, 1038, 45;
48, 268, 15, 992, 179, 17, 190, 1048, 61;
50, 268, 16, 1005, 168, 23, 195, 1047, 65;
43, 260, 10, 947, 85, -18, 170, 1016, 39;
44, 259, 10, 954, 69, -15, 172, 1013, 41;
44, 258, 10, 954, 47, -16, 172, 1007, 40;
48, 261, 14, 994, 64, 8, 188, 1018, 56;
46, 258, 13, 982, 30, 0, 183, 1007, 50;
50, 260, 16, 1017, 44, 22, 197, 1016, 65;
42, 251, 8, 944, -49, -26, 167, 981, 34;
50, 258, 17, 1019, 6, 24, 198, 1007, 66;
50, 256, 16, 1014, -19, 21, 196, 1000, 64;
44, 249, 11, 962, -89, -11, 175, 974, 43;
43, 246, 9, 943, -126, -22, 168, 962, 36;
48, 250, 14, 990, -96, 10, 188, 978, 57;
47, 249, 14, 984, -119, 9, 186, 972, 56;
48, 248, 14, 984, -135, 11, 187, 969, 58;
48, 247, 15, 986, -148, 16, 189, 967, 61;
41, 239, 8, 915, -233, -26, 161, 935, 34;
42, 239, 9, 918, -244, -20, 164, 933, 38;
48, 244, 16, 971, -205, 18, 187, 953, 62;
39, 235, 8, 890, -298, -30, 155, 918, 32;
43, 237, 11, 917, -282, -6, 168, 927, 46;
45, 239, 14, 933, -277, 9, 177, 933, 56;
41, 234, 11, 892, -328, -11, 162, 915, 43;
38, 231, 8, 860, -369, -26, 151, 901, 34;
43, 234, 13, 897, -341, 4, 169, 916, 54;
39, 230, 10, 853, -392, -16, 153, 898, 40;
36, 227, 8, 825, -428, -28, 144, 886, 33;
38, 228, 11, 836, -423, -12, 151, 891, 43;
36, 225, 9, 806, -458, -24, 142, 879, 35;
43, 232, 16, 865, -404, 23, 169, 905, 65;
43, 232, 17, 862, -411, 30, 171, 905, 69;
38, 225, 12, 799, -477, -2, 148, 880, 49;
39, 226, 14, 801, -477, 8, 152, 883, 56;
36, 223, 12, 772, -507, 0, 143, 873, 50;
40, 227, 17, 798, -481, 27, 158, 887, 67;
40, 226, 17, 787, -492, 30, 157, 884, 69;
37, 223, 15, 752, -526, 17, 146, 873, 62;
35, 222, 15, 728, -549, 13, 140, 866, 59;
29, 215, 9, 658, -615, -21, 115, 841, 37;
32, 218, 12, 672, -598, 0, 125, 850, 50;
34, 220, 15, 682, -584, 17, 133, 859, 62;
29, 215, 12, 630, -631, -4, 116, 841, 48;
31, 218, 15, 640, -614, 15, 124, 850, 60;
33, 219, 17, 644, -604, 30, 130, 857, 70;
32, 218, 17, 619, -621, 27, 124, 852, 68;
30, 217, 16, 592, -640, 23, 118, 846, 65;
21, 208, 8, 497, -726, -26, 83, 812, 34;
20, 208, 9, 480, -733, -24, 81, 811, 35;
28, 216, 17, 540, -663, 30, 111, 842, 69;
27, 215, 17, 515, -676, 27, 105, 838, 68;
21, 209, 12, 446, -733, -3, 81, 816, 48;
19, 208, 12, 422, -744, -5, 77, 813, 47;
16, 205, 9, 377, -775, -19, 63, 802, 38;
16, 206, 10, 363, -775, -14, 62, 803, 42;
16, 206, 11, 350, -773, -7, 62, 805, 46;
11, 202, 8, 293, -815, -30, 44, 789, 32;
13, 205, 11, 303, -788, -7, 54, 802, 46;
18, 210, 17, 331, -743, 26, 70, 821, 67;
9, 202, 9, 232, -824, -23, 35, 789, 36;
9, 203, 11, 226, -811, -12, 38, 795, 43;
15, 210, 18, 268, -750, 32, 61, 821, 70;
6, 202, 10, 170, -829, -17, 25, 789, 40;
9, 205, 13, 180, -798, 5, 35, 802, 54;
9, 207, 15, 169, -788, 14, 36, 807, 59;
7, 205, 14, 136, -799, 9, 28, 803, 56;
8, 208, 17, 136, -777, 25, 34, 812, 66;
3, 203, 12, 70, -821, -2, 12, 795, 49;
4, 206, 15, 71, -796, 14, 18, 805, 60;
1, 204, 13, 29, -814, 3, 6, 798, 52;
0, 203, 12, -8, -827, -5, -3, 792, 47;
-3, 202, 11, -42, -837, -11, -12, 788, 43;
1, 208, 17, -12, -781, 24, 6, 811, 66;
-5, 202, 11, -93, -836, -12, -21, 788, 42;
-1, 208, 16, -64, -781, 22, -4, 811, 65;
-9, 201, 9, -152, -842, -19, -35, 785, 38;
-7, 204, 12, -153, -815, -3, -29, 796, 48;
-11, 202, 10, -198, -833, -17, -43, 788, 39;
-9, 205, 13, -195, -802, 0, -36, 800, 51;
-10, 205, 13, -220, -798, 0, -41, 801, 51;
-7, 210, 17, -200, -750, 29, -27, 820, 69;
-13, 205, 12, -271, -791, -1, -51, 802, 49;
-11, 208, 15, -268, -759, 15, -44, 815, 60;
-15, 206, 13, -315, -775, 0, -58, 807, 51;
-13, 209, 15, -317, -748, 14, -54, 817, 59;
-19, 205, 10, -381, -781, -13, -75, 802, 42;
-22, 204, 9, -423, -792, -25, -87, 796, 35;
-22, 206, 10, -433, -771, -17, -86, 803, 40;
-23, 206, 10, -457, -764, -18, -91, 805, 39;
-18, 212, 15, -425, -700, 17, -73, 830, 62;
-18, 215, 17, -432, -676, 27, -71, 838, 68;
-18, 216, 17, -449, -661, 30, -73, 843, 70;
-22, 213, 14, -498, -679, 12, -88, 833, 58;
-29, 209, 9, -571, -720, -22, -114, 815, 36;
-28, 211, 11, -570, -687, -8, -109, 826, 45;
-26, 215, 14, -568, -653, 6, -103, 839, 55;
-31, 211, 10, -625, -678, -18, -123, 826, 39;
-27, 217, 14, -599, -620, 11, -107, 848, 58;
-27, 219, 16, -608, -596, 18, -107, 856, 62;
-31, 217, 12, -655, -612, 0, -122, 847, 50;
-35, 214, 9, -706, -630, -21, -139, 837, 37;
-36, 215, 9, -724, -616, -21, -142, 841, 37;
-34, 219, 12, -710, -570, -1, -133, 857, 49;
-29, 226, 18, -676, -504, 32, -115, 882, 71;
-32, 224, 15, -717, -513, 16, -128, 876, 61;
-33, 226, 16, -727, -492, 20, -128, 882, 63;
-35, 225, 14, -762, -495, 7, -139, 878, 55;
-41, 221, 9, -825, -527, -24, -162, 862, 35;
-41, 223, 10, -829, -499, -17, -160, 871, 40;
-36, 230, 16, -788, -428, 18, -140, 898, 62;
-42, 225, 10, -856, -465, -17, -165, 879, 40;
-39, 230, 14, -830, -409, 8, -152, 900, 56;
-43, 228, 10, -879, -427, -15, -169, 889, 41;
-38, 234, 15, -842, -360, 16, -151, 914, 61;
-43, 231, 11, -894, -382, -10, -170, 902, 44;
-39, 236, 15, -863, -322, 17, -155, 924, 61;
-46, 231, 9, -937, -367, -24, -183, 902, 35;
-48, 231, 8, -956, -358, -31, -189, 903, 31;
-44, 237, 12, -923, -296, -3, -173, 925, 48;
-40, 243, 17, -888, -234, 25, -156, 948, 67;
-48, 236, 9, -967, -284, -21, -187, 923, 37;
-47, 238, 10, -969, -259, -17, -186, 930, 40;
-45, 242, 12, -953, -217, -2, -178, 945, 49;
-40, 248, 18, -909, -147, 31, -158, 971, 70;
-47, 243, 11, -979, -192, -12, -186, 949, 43;
-45, 246, 13, -962, -150, 2, -178, 963, 52;
-41, 252, 17, -928, -91, 27, -163, 984, 68;
-42, 253, 17, -936, -75, 25, -166, 987, 66;
-47, 249, 12, -984, -100, -5, -185, 973, 47;
-46, 252, 13, -972, -64, 4, -179, 985, 54;
-50, 249, 9, -1018, -88, -24, -198, 971, 35;
-48, 253, 11, -994, -42, -7, -188, 987, 46;
-49, 253, 10, -1007, -34, -16, -193, 987, 40;
-46, 257, 13, -978, 15, 3, -181, 1004, 52;
-44, 260, 15, -959, 54, 15, -173, 1017, 60;
-48, 257, 11, -1000, 32, -12, -191, 1004, 43;
-41, 265, 17, -933, 118, 30, -163, 1037, 70;
-41, 267, 17, -931, 138, 30, -163, 1042, 69;
-49, 261, 10, -997, 89, -15, -191, 1018, 41;
-42, 268, 16, -935, 168, 23, -166, 1047, 65;
-48, 263, 10, -990, 128, -16, -190, 1027, 40;
-43, 270, 15, -935, 199, 17, -168, 1054, 61;
-46, 268, 12, -959, 190, -2, -179, 1046, 49;
-42, 272, 15, -926, 236, 15, -167, 1062, 60;
-48, 267, 9, -974, 201, -21, -189, 1044, 37;
-42, 274, 14, -919, 269, 10, -167, 1069, 57;
-40, 277, 16, -894, 305, 22, -159, 1081, 64;
-42, 276, 14, -904, 306, 9, -165, 1078, 57;
-44, 275, 12, -916, 305, -4, -172, 1074, 48;
-41, 279, 14, -882, 347, 11, -160, 1089, 58;
-38, 282, 16, -854, 384, 23, -151, 1101, 65;
-46, 275, 8, -919, 327, -26, -180, 1074, 34;
-40, 282, 14, -853, 399, 9, -156, 1101, 56;
-35, 287, 18, -807, 452, 32, -139, 1120, 71;
-38, 285, 15, -825, 439, 12, -149, 1112, 58;
-43, 280, 9, -864, 405, -22, -168, 1095, 36;
-36, 287, 15, -795, 477, 14, -143, 1122, 59;
-35, 289, 16, -774, 501, 18, -138, 1129, 62;
-34, 291, 16, -754, 523, 22, -133, 1135, 64;
-40, 285, 9, -803, 476, -20, -156, 1113, 38;
-33, 292, 16, -729, 551, 19, -129, 1141, 62;
-37, 288, 10, -762, 517, -13, -146, 1125, 42;
-32, 293, 15, -706, 572, 12, -127, 1145, 58;
-31, 295, 15, -685, 591, 15, -122, 1151, 60;
-29, 297, 16, -657, 616, 22, -114, 1159, 64;
-28, 298, 16, -636, 633, 24, -110, 1163, 66;
-27, 299, 17, -615, 650, 26, -105, 1168, 67;
-34, 292, 9, -673, 587, -24, -134, 1139, 35;
-33, 293, 9, -654, 601, -24, -130, 1143, 35;
-27, 298, 14, -587, 660, 6, -107, 1166, 55;
-31, 295, 9, -610, 631, -21, -121, 1151, 37;
-27, 298, 12, -567, 665, -6, -107, 1164, 47;
-27, 298, 11, -552, 671, -10, -106, 1164, 44;
-20, 305, 17, -473, 741, 29, -78, 1191, 69;
-22, 302, 13, -487, 716, 5, -89, 1179, 54;
-18, 306, 17, -436, 755, 24, -73, 1194, 66;
-20, 304, 14, -439, 740, 8, -78, 1186, 56;
-22, 301, 10, -452, 714, -15, -89, 1174, 41;
-18, 304, 13, -402, 750, 3, -74, 1187, 52;
-23, 299, 7, -433, 706, -32, -91, 1167, 30;
-15, 306, 14, -348, 776, 9, -61, 1195, 56;
-19, 302, 10, -366, 741, -18, -74, 1179, 39;
-12, 308, 15, -293, 798, 14, -49, 1202, 59;
-18, 302, 8, -330, 744, -25, -70, 1178, 34;
-8, 310, 17, -229, 827, 25, -33, 1212, 67;
-8, 310, 16, -210, 828, 22, -31, 1211, 65;
-6, 311, 17, -182, 836, 25, -25, 1214, 66;
-8, 308, 14, -187, 812, 6, -32, 1203, 54;
-12, 303, 8, -214, 764, -28, -49, 1183, 33;
-2, 312, 17, -104, 854, 29, -9, 1219, 69;
-10, 303, 8, -164, 771, -27, -40, 1184, 33;
-1, 311, 16, -68, 845, 20, -5, 1215, 63;
-5, 306, 11, -90, 800, -11, -20, 1196, 43;
-5, 305, 9, -80, 788, -20, -21, 1190, 38;
2, 312, 16, 7, 851, 21, 8, 1217, 64;
-4, 303, 8, -44, 774, -29, -18, 1185, 32;
2, 309, 13, 33, 828, 5, 8, 1207, 54;
6, 312, 17, 89, 858, 26, 25, 1220, 67;
2, 307, 12, 68, 812, -3, 11, 1201, 48;
0, 303, 8, 55, 772, -28, 0, 1185, 33;
2, 304, 9, 88, 778, -23, 8, 1187, 36;
2, 304, 8, 109, 771, -25, 11, 1185, 35;
7, 307, 12, 165, 800, -4, 29, 1198, 48;
12, 311, 16, 228, 834, 21, 49, 1212, 64;
5, 302, 7, 171, 750, -32, 20, 1178, 30;
9, 305, 11, 228, 777, -10, 38, 1190, 44;
8, 302, 8, 229, 749, -25, 34, 1180, 34;
13, 306, 12, 290, 780, -1, 53, 1193, 50;
14, 305, 12, 311, 771, -3, 56, 1191, 49;
17, 306, 14, 348, 778, 6, 67, 1195, 54;
22, 309, 18, 408, 808, 31, 86, 1208, 70;
21, 307, 15, 409, 778, 16, 81, 1197, 61;
21, 306, 15, 430, 768, 15, 85, 1195, 60;
18, 301, 11, 411, 718, -12, 72, 1175, 43;
23, 304, 14, 468, 744, 11, 91, 1188, 57;
24, 304, 14, 491, 736, 11, 95, 1186, 58;
22, 300, 11, 482, 695, -8, 87, 1170, 45;
20, 296, 9, 479, 660, -24, 81, 1158, 35;
22, 296, 9, 504, 653, -21, 86, 1157, 37;
28, 301, 14, 576, 693, 12, 111, 1175, 58;
24, 295, 9, 544, 629, -22, 93, 1151, 37;
24, 293, 9, 560, 613, -25, 95, 1146, 35;
29, 296, 12, 614, 635, -1, 114, 1157, 49;
31, 297, 14, 647, 636, 7, 123, 1160, 55;
26, 290, 8, 611, 567, -29, 104, 1133, 32;
32, 294, 12, 672, 596, 0, 125, 1148, 50;
36, 296, 16, 719, 611, 19, 140, 1156, 62;
30, 288, 9, 672, 532, -23, 117, 1126, 36;
35, 292, 14, 736, 564, 7, 139, 1142, 55;
34, 290, 12, 737, 533, -3, 136, 1131, 48;
39, 293, 16, 791, 555, 22, 155, 1143, 64;
42, 293, 18, 821, 554, 32, 164, 1145, 70;
40, 290, 15, 813, 515, 16, 157, 1132, 61;
41, 289, 15, 830, 500, 18, 161, 1128, 62;
36, 282, 10, 790, 430, -17, 141, 1102, 40;
36, 281, 10, 803, 412, -17, 143, 1098, 39;
43, 286, 16, 877, 455, 22, 171, 1119, 65;
40, 281, 12, 848, 396, -4, 156, 1097, 47;
38, 277, 9, 838, 356, -19, 149, 1083, 38;
38, 276, 9, 849, 337, -20, 151, 1078, 38;
47, 283, 17, 933, 392, 28, 184, 1104, 68;
45, 280, 15, 924, 354, 16, 178, 1092, 61;
43, 276, 13, 912, 314, 1, 170, 1078, 52;
47, 278, 16, 950, 323, 20, 184, 1085, 63;
40, 270, 9, 892, 238, -23, 158, 1053, 36;
47, 274, 15, 957, 275, 14, 183, 1072, 60;
43, 269, 11, 928, 219, -9, 170, 1052, 45;
42, 266, 9, 917, 181, -21, 163, 1039, 37;
41, 264, 8, 915, 153, -27, 161, 1031, 34;
46, 268, 13, 967, 180, 4, 181, 1045, 53;
41, 261, 8, 920, 107, -30, 161, 1019, 32;
41, 259, 8, 924, 86, -30, 161, 1013, 31;
49, 266, 15, 997, 136, 15, 191, 1037, 60;
51, 266, 17, 1020, 135, 28, 200, 1040, 68;
45, 259, 11, 968, 60, -7, 178, 1013, 46;
47, 260, 14, 990, 60, 6, 186, 1016, 54;
49, 261, 15, 1009, 57, 17, 194, 1018, 62;
48, 258, 14, 995, 22, 7, 188, 1007, 55;
48, 257, 14, 1000, 6, 11, 190, 1004, 57;
52, 259, 18, 1029, 16, 31, 202, 1011, 70;
44, 250, 10, 960, -72, -14, 174, 978, 42;
50, 255, 17, 1017, -34, 24, 198, 997, 66;
48, 252, 14, 994, -75, 11, 189, 984, 58;
47, 249, 13, 980, -106, 4, 184, 974, 53;
42, 244, 9, 933, -170, -24, 165, 951, 35;
41, 241, 7, 917, -202, -32, 160, 941, 30;
42, 241, 9, 926, -208, -23, 164, 942, 36;
46, 244, 14, 964, -184, 5, 181, 955, 54;
46, 244, 14, 963, -200, 9, 182, 952, 56;
44, 240, 12, 933, -243, -6, 171, 937, 46;
43, 239, 12, 925, -263, -6, 170, 932, 46;
39, 234, 8, 886, -314, -27, 155, 915, 33;
44, 238, 13, 923, -287, 2, 173, 929, 52;
47, 240, 16, 942, -278, 21, 183, 936, 64;
46, 238, 16, 929, -301, 19, 179, 929, 62;
39, 230, 9, 857, -381, -21, 152, 899, 37;
37, 228, 8, 837, -409, -28, 146, 891, 33;
43, 233, 15, 887, -366, 13, 170, 912, 59;
45, 234, 17, 896, -363, 27, 176, 916, 67;
39, 228, 12, 834, -430, -6, 153, 891, 47;
42, 231, 15, 855, -414, 16, 165, 900, 61;
43, 231, 17, 861, -412, 29, 170, 904, 69;
42, 229, 16, 837, -438, 23, 164, 896, 65;
39, 227, 14, 806, -471, 12, 154, 885, 58;
36, 223, 12, 772, -507, 0, 143, 873, 50;
39, 226, 16, 787, -493, 19, 153, 882, 63;
31, 218, 9, 703, -576, -25, 122, 850, 35;
38, 224, 16, 757, -521, 21, 148, 875, 64;
32, 218, 11, 694, -582, -9, 126, 852, 45;
34, 221, 14, 708, -565, 11, 136, 862, 58;
29, 215, 10, 649, -620, -15, 115, 841, 41;
34, 220, 16, 683, -582, 19, 134, 859, 62;
34, 220, 16, 671, -590, 23, 133, 859, 65;
29, 215, 12, 616, -638, 0, 114, 840, 50;
25, 212, 10, 572, -676, -16, 101, 827, 40;
32, 219, 18, 626, -614, 32, 127, 855, 71;
28, 215, 15, 576, -656, 12, 111, 839, 58;
30, 217, 18, 584, -639, 31, 119, 848, 70;
22, 209, 10, 496, -717, -13, 88, 818, 42;
24, 212, 14, 505, -697, 7, 96, 828, 55;
24, 212, 14, 489, -702, 10, 94, 827, 57;
19, 207, 11, 432, -747, -12, 76, 811, 43;
20, 208, 12, 424, -742, -3, 78, 814, 48;
24, 213, 17, 449, -703, 28, 93, 832, 68;
20, 210, 15, 408, -730, 15, 81, 822, 60;
20, 210, 15, 388, -735, 17, 78, 821, 61;
16, 207, 13, 338, -769, 0, 63, 808, 50;
17, 209, 15, 340, -751, 16, 69, 817, 61;
15, 207, 14, 302, -772, 6, 58, 809, 55;
13, 206, 13, 272, -784, 2, 51, 805, 52;
13, 207, 14, 262, -776, 11, 52, 809, 58;
12, 207, 15, 240, -779, 13, 49, 809, 59;
8, 203, 11, 184, -815, -7, 31, 795, 46;
7, 204, 12, 168, -811, -2, 30, 797, 49;
7, 205, 13, 154, -803, 4, 30, 801, 53;
1, 200, 8, 81, -854, -27, 5, 780, 33;
6, 206, 15, 119, -794, 13, 27, 805, 59;
0, 200, 8, 34, -856, -26, -2, 780, 34;
4, 206, 15, 72, -795, 15, 18, 805, 60;
1, 204, 13, 29, -814, 3, 6, 798, 53;
1, 205, 14, 12, -807, 8, 5, 801, 56;
2, 207, 16, 8, -785, 22, 9, 810, 64;
2, 208, 17, -5, -774, 29, 8, 814, 69;
-5, 201, 10, -96, -839, -15, -23, 787, 41;
0, 209, 18, -51, -768, 31, 1, 816, 70;
-4, 205, 14, -109, -799, 8, -17, 803, 56;
-9, 202, 10, -173, -835, -16, -38, 787, 40;
-12, 201, 9, -207, -842, -23, -46, 784, 36;
-7, 207, 15, -176, -783, 13, -28, 808, 59;
-13, 202, 9, -249, -827, -19, -53, 789, 38;
-11, 206, 13, -242, -791, 1, -44, 803, 51;
-14, 204, 11, -282, -802, -9, -55, 798, 45;
-12, 208, 14, -275, -765, 11, -47, 812, 57;
-19, 202, 9, -353, -814, -25, -74, 791, 35;
-18, 204, 10, -364, -795, -17, -73, 797, 40;
-13, 211, 16, -325, -725, 24, -52, 825, 66;
-21, 205, 9, -415, -784, -20, -84, 799, 38;
-17, 210, 14, -391, -730, 10, -69, 821, 57;
-20, 209, 13, -428, -735, 1, -79, 817, 51;
-23, 208, 11, -465, -741, -9, -89, 813, 45;
-23, 210, 12, -477, -722, -2, -90, 819, 49;
-23, 210, 12, -497, -710, -1, -93, 822, 49;
-22, 214, 15, -495, -676, 14, -87, 835, 59;
-25, 212, 13, -534, -683, 1, -99, 830, 52;
-25, 214, 13, -550, -667, 5, -100, 835, 54;
-27, 214, 13, -572, -657, 3, -105, 837, 53;
-33, 210, 8, -642, -695, -29, -130, 819, 32;
-33, 212, 9, -651, -672, -22, -129, 827, 36;
-26, 220, 17, -598, -587, 25, -103, 860, 66;
-33, 215, 10, -677, -633, -14, -131, 838, 41;
-33, 217, 12, -682, -607, -6, -129, 847, 47;
-33, 218, 12, -696, -588, -3, -131, 852, 48;
-37, 216, 9, -745, -605, -24, -147, 843, 35;
-34, 221, 13, -724, -552, 0, -134, 862, 51;
-31, 226, 17, -701, -498, 26, -121, 882, 67;
-32, 227, 17, -720, -484, 25, -125, 885, 66;
-31, 229, 18, -726, -459, 31, -124, 893, 70;
-39, 223, 11, -802, -504, -9, -153, 872, 45;
-42, 222, 9, -839, -509, -24, -164, 867, 35;
-34, 231, 17, -778, -417, 25, -136, 902, 67;
-43, 224, 9, -867, -476, -24, -170, 875, 35;
-43, 226, 9, -873, -451, -19, -169, 882, 38;
-42, 228, 11, -872, -420, -11, -166, 892, 43;
-37, 235, 16, -832, -350, 23, -147, 918, 65;
-44, 230, 10, -903, -391, -16, -173, 898, 41;
-37, 238, 17, -845, -304, 29, -147, 931, 69;
-46, 232, 9, -930, -360, -20, -180, 905, 38;
-43, 236, 13, -906, -308, 2, -168, 923, 52;
-41, 239, 15, -900, -273, 12, -163, 935, 58;
-43, 239, 13, -923, -268, 2, -171, 933, 52;
-44, 240, 13, -935, -253, 0, -174, 936, 50;
-49, 236, 8, -985, -276, -28, -193, 924, 33;
-42, 245, 16, -919, -183, 19, -164, 959, 63;
-46, 243, 12, -961, -199, -3, -180, 949, 48;
-47, 244, 11, -972, -184, -7, -183, 952, 46;
-49, 243, 9, -995, -182, -19, -192, 949, 38;
-48, 245, 10, -992, -155, -14, -190, 957, 41;
-46, 249, 13, -973, -112, 0, -181, 972, 51;
-51, 245, 8, -1022, -137, -29, -200, 958, 32;
-45, 253, 14, -964, -56, 10, -176, 988, 57;
-47, 252, 12, -988, -57, -4, -185, 984, 48;
-42, 258, 17, -943, 8, 26, -166, 1008, 67;
-51, 251, 9, -1021, -48, -25, -199, 981, 35;
-50, 253, 9, -1014, -20, -20, -196, 989, 38;
-48, 256, 11, -996, 17, -9, -189, 1002, 45;
-45, 260, 14, -969, 63, 8, -178, 1017, 56;
-44, 262, 14, -961, 90, 11, -175, 1025, 58;
-48, 260, 10, -998, 71, -13, -191, 1014, 42;
-44, 265, 15, -952, 134, 14, -172, 1037, 59;
-43, 267, 15, -945, 158, 16, -170, 1043, 61;
-49, 262, 9, -997, 122, -20, -193, 1025, 38;
-42, 270, 16, -930, 204, 20, -166, 1056, 63;
-47, 267, 11, -969, 180, -8, -183, 1042, 45;
-46, 269, 12, -959, 203, -6, -181, 1049, 46;
-43, 272, 14, -932, 244, 7, -171, 1062, 55;
-41, 276, 16, -900, 287, 23, -160, 1077, 65;
-46, 271, 11, -946, 253, -12, -181, 1059, 42;
-49, 269, 7, -967, 243, -32, -191, 1052, 30;
-44, 275, 12, -914, 306, -3, -171, 1075, 48;
-47, 273, 8, -941, 288, -27, -185, 1064, 33;
-38, 282, 16, -855, 383, 23, -151, 1101, 65;
-43, 278, 11, -892, 354, -8, -169, 1086, 45;
-39, 282, 14, -851, 402, 11, -154, 1102, 57;
-41, 281, 12, -860, 399, -2, -161, 1098, 49;
-40, 282, 12, -849, 416, -3, -159, 1102, 48;
-36, 287, 16, -797, 472, 22, -141, 1123, 64;
-34, 290, 17, -773, 500, 29, -134, 1131, 69;
-37, 287, 13, -796, 480, 4, -147, 1120, 53;
-36, 288, 14, -778, 499, 6, -143, 1125, 54;
-32, 293, 17, -729, 550, 29, -126, 1144, 69;
-40, 285, 9, -794, 485, -24, -156, 1114, 35;
-31, 294, 17, -702, 577, 26, -122, 1150, 67;
-35, 290, 12, -733, 545, -5, -138, 1134, 47;
-29, 297, 17, -663, 613, 29, -113, 1160, 69;
-34, 292, 11, -703, 571, -8, -133, 1140, 45;
-33, 293, 12, -681, 589, -5, -128, 1145, 47;
-30, 296, 13, -647, 619, 5, -118, 1155, 54;
-27, 299, 15, -609, 651, 17, -107, 1166, 62;
-32, 293, 9, -648, 606, -20, -128, 1145, 38;
-25, 301, 16, -567, 681, 20, -98, 1174, 63;
-24, 301, 15, -552, 688, 17, -97, 1175, 61;
-25, 301, 14, -543, 689, 9, -98, 1173, 57;
-26, 299, 11, -547, 675, -7, -104, 1166, 46;
-22, 303, 15, -492, 721, 15, -86, 1183, 60;
-22, 302, 13, -488, 714, 4, -89, 1178, 53;
-17, 306, 17, -429, 762, 29, -70, 1196, 69;
-18, 305, 15, -425, 754, 17, -73, 1192, 62;
-20, 303, 13, -424, 742, 3, -78, 1185, 53;
-23, 299, 8, -446, 706, -26, -92, 1169, 34;
-20, 302, 11, -403, 735, -12, -79, 1179, 43;
-13, 308, 16, -330, 793, 20, -54, 1202, 64;
-18, 302, 10, -362, 745, -15, -73, 1181, 41;
-12, 308, 15, -291, 800, 16, -48, 1203, 61;
-11, 309, 16, -264, 810, 18, -43, 1206, 62;
-8, 311, 17, -224, 832, 29, -31, 1214, 69;
-14, 304, 10, -271, 766, -18, -56, 1186, 39;
-11, 306, 12, -229, 790, -5, -44, 1195, 47;
-8, 308, 14, -186, 813, 6, -32, 1204, 55;
-13, 302, 7, -220, 758, -32, -52, 1180, 30;
-9, 306, 11, -167, 790, -12, -35, 1193, 42;
-10, 303, 8, -163, 772, -26, -39, 1185, 34;
-4, 308, 12, -101, 812, -1, -19, 1201, 49;
-5, 306, 11, -88, 802, -9, -19, 1197, 44;
0, 311, 15, -23, 844, 17, 1, 1214, 61;
-5, 304, 8, -67, 776, -28, -22, 1185, 33;
0, 309, 13, 4, 823, 2, 1, 1205, 52;
1, 308, 12, 23, 817, 0, 4, 1203, 50;
0, 306, 11, 30, 799, -12, 1, 1195, 43;
1, 306, 10, 51, 794, -15, 4, 1193, 41;
0, 304, 8, 58, 775, -26, 1, 1186, 34;
2, 304, 9, 92, 782, -20, 10, 1189, 38;
9, 310, 15, 168, 830, 13, 36, 1210, 59;
4, 304, 9, 140, 775, -20, 19, 1187, 38;
7, 305, 11, 178, 785, -11, 29, 1192, 43;
10, 307, 13, 220, 798, 0, 40, 1198, 50;
14, 310, 16, 273, 822, 19, 57, 1209, 62;
15, 308, 15, 289, 809, 14, 58, 1204, 59;
9, 301, 8, 248, 739, -28, 36, 1176, 32;
14, 304, 12, 306, 766, -6, 54, 1189, 46;
11, 300, 8, 294, 725, -29, 44, 1173, 32;
13, 301, 9, 328, 728, -22, 53, 1175, 37;
13, 300, 8, 342, 712, -28, 54, 1170, 33;
24, 308, 17, 450, 789, 28, 93, 1203, 68;
16, 299, 9, 392, 699, -24, 64, 1167, 35;
22, 303, 13, 457, 733, 3, 86, 1183, 53;
20, 299, 10, 449, 694, -15, 78, 1168, 41;
20, 297, 9, 460, 673, -23, 78, 1161, 36;
25, 302, 14, 527, 708, 7, 100, 1178, 55;
28, 302, 15, 561, 710, 16, 110, 1180, 61;
27, 300, 13, 566, 683, 5, 107, 1171, 54;
27, 298, 12, 576, 661, -1, 107, 1164, 50;
28, 297, 13, 597, 650, 0, 111, 1161, 50;
27, 295, 11, 598, 618, -12, 107, 1150, 42;
25, 291, 8, 589, 578, -31, 99, 1136, 31;
35, 299, 16, 690, 646, 23, 136, 1166, 65;
32, 294, 13, 673, 598, 0, 125, 1148, 51;
35, 296, 15, 718, 610, 18, 140, 1156, 62;
32, 290, 11, 691, 551, -11, 124, 1134, 43;
31, 288, 10, 697, 525, -18, 123, 1126, 39;
33, 288, 11, 725, 521, -11, 131, 1126, 44;
37, 291, 14, 772, 537, 9, 147, 1136, 57;
39, 291, 15, 796, 529, 15, 153, 1135, 60;
38, 288, 14, 798, 500, 7, 151, 1126, 55;
42, 290, 17, 843, 514, 27, 166, 1134, 67;
36, 283, 10, 794, 434, -14, 143, 1104, 41;
38, 283, 12, 823, 431, -4, 151, 1106, 47;
44, 287, 16, 880, 458, 24, 172, 1120, 66;
44, 286, 17, 893, 441, 25, 175, 1116, 66;
40, 279, 11, 855, 373, -8, 156, 1090, 45;
40, 278, 11, 862, 351, -10, 157, 1084, 44;
38, 274, 9, 852, 311, -25, 150, 1071, 35;
39, 274, 9, 868, 298, -20, 154, 1069, 37;
42, 275, 12, 904, 306, -3, 167, 1075, 48;
48, 279, 17, 959, 332, 27, 188, 1089, 67;
45, 275, 14, 939, 284, 7, 177, 1072, 55;
46, 274, 14, 951, 269, 10, 181, 1069, 57;
40, 267, 8, 903, 194, -25, 159, 1041, 34;
49, 274, 17, 990, 254, 27, 194, 1070, 68;
47, 270, 15, 974, 212, 12, 186, 1056, 58;
49, 270, 16, 990, 203, 19, 191, 1055, 63;
45, 265, 12, 961, 148, -3, 178, 1036, 48;
47, 265, 13, 978, 141, 5, 184, 1036, 54;
42, 259, 8, 931, 69, -28, 163, 1010, 33;
51, 267, 18, 1025, 140, 31, 202, 1042, 70;
44, 258, 11, 960, 52, -12, 174, 1009, 43;
45, 258, 11, 968, 37, -9, 177, 1007, 45;
42, 254, 8, 943, -8, -26, 166, 991, 34;
50, 260, 16, 1016, 43, 21, 197, 1016, 64;
42, 250, 8, 937, -56, -30, 164, 978, 31;
43, 250, 9, 949, -64, -22, 169, 978, 37;
48, 255, 15, 1000, -32, 12, 191, 995, 58;
48, 253, 14, 994, -57, 9, 188, 988, 57;
42, 246, 9, 939, -130, -25, 166, 961, 35;
45, 248, 12, 966, -120, -5, 178, 968, 47;
45, 246, 11, 958, -145, -8, 175, 961, 45;
47, 247, 14, 977, -142, 7, 184, 966, 55;
43, 243, 10, 941, -193, -13, 170, 948, 42;
42, 240, 9, 926, -223, -19, 166, 939, 38;
50, 247, 18, 996, -166, 31, 196, 966, 70;
42, 238, 10, 915, -260, -17, 164, 930, 39;
41, 236, 9, 904, -284, -20, 161, 924, 38;
46, 241, 15, 946, -253, 12, 181, 940, 59;
41, 235, 10, 897, -313, -14, 162, 918, 42;
45, 238, 14, 926, -294, 10, 176, 929, 57;
46, 238, 16, 934, -296, 22, 182, 931, 65;
45, 237, 16, 920, -318, 20, 178, 925, 63;
44, 235, 15, 902, -344, 15, 173, 918, 60;
40, 231, 12, 860, -392, -4, 158, 901, 48;
44, 233, 16, 885, -374, 19, 171, 911, 63;
44, 233, 16, 878, -386, 23, 171, 909, 65;
43, 231, 16, 863, -405, 22, 168, 904, 64;
38, 226, 11, 806, -466, -6, 148, 882, 46;
34, 221, 8, 761, -514, -27, 132, 865, 33;
32, 219, 7, 739, -539, -32, 126, 857, 30;
33, 220, 9, 741, -538, -21, 131, 860, 37;
34, 221, 11, 743, -536, -9, 135, 864, 45;
32, 218, 9, 710, -569, -20, 125, 853, 38;
34, 220, 12, 720, -558, -3, 133, 860, 49;
33, 219, 12, 704, -572, -2, 130, 857, 49;
28, 215, 8, 652, -622, -26, 112, 838, 34;
27, 213, 7, 624, -646, -32, 105, 831, 30;
27, 213, 9, 618, -648, -24, 106, 832, 35;
35, 221, 18, 684, -576, 32, 138, 864, 70;
33, 219, 17, 655, -600, 25, 130, 856, 66;
23, 210, 8, 554, -694, -29, 93, 820, 32;
24, 210, 9, 544, -696, -22, 93, 821, 36;
26, 213, 13, 559, -673, 0, 104, 832, 51;
21, 208, 8, 497, -726, -26, 83, 812, 34;
25, 212, 13, 520, -693, 2, 97, 828, 52;
26, 213, 15, 517, -685, 14, 101, 833, 60;
22, 210, 13, 474, -718, 0, 88, 821, 51;
24, 212, 15, 477, -702, 17, 95, 829, 61;
17, 206, 9, 398, -768, -20, 67, 803, 38;
23, 212, 16, 443, -709, 24, 91, 829, 66;
21, 211, 15, 411, -728, 17, 82, 823, 61;
14, 205, 10, 336, -788, -17, 56, 799, 40;
19, 210, 16, 370, -737, 20, 76, 821, 64;
15, 207, 13, 320, -771, 3, 60, 808, 52;
17, 209, 16, 323, -751, 21, 67, 818, 64;
12, 205, 12, 267, -789, 0, 49, 803, 50;
15, 209, 16, 278, -760, 22, 59, 816, 64;
11, 206, 14, 232, -786, 8, 46, 806, 56;
13, 208, 16, 230, -769, 22, 50, 814, 65;
13, 209, 17, 218, -761, 30, 51, 818, 69;
10, 208, 16, 184, -774, 24, 42, 813, 66;
4, 203, 11, 111, -825, -8, 17, 792, 45;
0, 199, 8, 55, -858, -28, 0, 779, 32;
6, 206, 15, 99, -792, 16, 24, 807, 61;
5, 207, 16, 77, -790, 19, 21, 808, 62;
4, 207, 16, 58, -785, 22, 18, 810, 64;
-1, 202, 11, -16, -835, -10, -6, 789, 44;
-6, 199, 8, -72, -866, -31, -24, 776, 31;
-5, 201, 10, -74, -843, -16, -19, 785, 40;
-4, 203, 12, -80, -823, -4, -16, 794, 48;
-7, 201, 10, -123, -840, -16, -28, 786, 40;
-5, 204, 13, -120, -810, 1, -21, 798, 52;
-10, 201, 9, -181, -844, -22, -41, 784, 36;
-5, 207, 15, -145, -780, 17, -21, 810, 61;
-6, 208, 15, -169, -776, 18, -25, 811, 62;
-15, 200, 7, -269, -847, -32, -61, 781, 30;
-11, 206, 13, -239, -788, 3, -43, 804, 53;
-13, 204, 11, -279, -799, -7, -54, 799, 46;
-14, 205, 12, -300, -790, -5, -57, 801, 47;
-12, 209, 15, -290, -750, 17, -48, 817, 61;
-12, 210, 16, -304, -735, 22, -48, 822, 65;
-16, 208, 13, -356, -756, 3, -65, 812, 53;
-21, 205, 9, -414, -783, -19, -84, 800, 38;
-24, 203, 8, -453, -791, -30, -95, 795, 31;
-25, 204, 8, -477, -784, -31, -99, 797, 31;
-17, 214, 17, -413, -689, 25, -68, 835, 67;
-25, 207, 10, -501, -745, -18, -99, 810, 39;
-21, 212, 14, -479, -691, 10, -85, 830, 57;
-21, 215, 16, -485, -666, 20, -83, 839, 63;
-29, 208, 9, -575, -724, -25, -115, 813, 35;
-31, 208, 8, -600, -717, -28, -121, 814, 33;
-25, 216, 15, -554, -639, 15, -98, 844, 60;
-27, 215, 13, -591, -644, 4, -108, 840, 53;
-29, 215, 13, -614, -635, 1, -114, 842, 52;
-27, 219, 15, -610, -598, 17, -107, 855, 61;
-28, 220, 15, -629, -585, 17, -111, 858, 61;
-27, 222, 17, -632, -557, 27, -108, 868, 67;
-27, 224, 18, -642, -535, 32, -108, 874, 70;
-37, 216, 9, -740, -600, -21, -145, 845, 37;
-39, 216, 8, -771, -599, -30, -154, 843, 31;
-33, 224, 15, -723, -520, 12, -130, 873, 58;
-40, 218, 8, -800, -564, -28, -158, 852, 33;
-34, 226, 15, -753, -486, 13, -135, 882, 59;
-36, 226, 14, -779, -480, 6, -143, 881, 54;
-41, 223, 10, -829, -500, -17, -160, 871, 39;
-41, 225, 11, -835, -474, -12, -159, 878, 43;
-36, 231, 16, -798, -407, 21, -141, 903, 64;
-40, 229, 13, -841, -419, 1, -156, 896, 51;
-42, 229, 11, -868, -416, -8, -164, 894, 45;
-40, 232, 14, -859, -377, 5, -158, 907, 54;
-40, 234, 14, -864, -353, 9, -158, 914, 56;
-46, 230, 9, -923, -382, -22, -179, 899, 37;
-40, 238, 15, -873, -303, 18, -156, 929, 62;
-44, 235, 12, -915, -317, -3, -172, 920, 48;
-47, 234, 9, -948, -321, -19, -183, 914, 38;
-40, 242, 16, -895, -240, 21, -159, 945, 64;
-47, 237, 10, -961, -279, -17, -185, 926, 40;
-44, 242, 14, -932, -223, 6, -171, 945, 55;
-45, 242, 13, -949, -213, 0, -176, 947, 51;
-47, 242, 11, -968, -206, -8, -183, 946, 45;
-46, 244, 12, -964, -176, -2, -180, 955, 49;
-49, 243, 9, -995, -183, -19, -192, 949, 38;
-43, 250, 15, -946, -109, 15, -171, 976, 60;
-43, 252, 16, -944, -83, 19, -169, 984, 63;
-50, 246, 9, -1011, -126, -22, -196, 962, 36;
-42, 256, 17, -939, -31, 26, -166, 998, 67;
-43, 257, 16, -944, -14, 24, -167, 1002, 66;
-47, 253, 12, -987, -35, -3, -185, 990, 48;
-49, 253, 10, -1006, -33, -15, -192, 987, 41;
-50, 253, 9, -1016, -22, -22, -197, 988, 37;
-48, 257, 11, -993, 20, -6, -187, 1003, 46;
-42, 264, 18, -935, 97, 30, -163, 1032, 70;
-43, 264, 16, -948, 103, 20, -169, 1030, 63;
-50, 258, 8, -1015, 53, -25, -198, 1007, 34;
-45, 265, 14, -961, 126, 8, -176, 1033, 56;
-44, 267, 15, -950, 153, 13, -172, 1041, 59;
-43, 269, 16, -936, 183, 20, -167, 1050, 63;
-45, 267, 13, -959, 175, 0, -178, 1043, 51;
-47, 267, 11, -970, 178, -10, -184, 1041, 44;
-41, 274, 17, -908, 254, 27, -160, 1070, 67;
-41, 275, 16, -907, 268, 23, -161, 1072, 65;
-48, 268, 9, -970, 217, -23, -189, 1048, 36;
-40, 278, 17, -887, 312, 26, -156, 1084, 67;
-39, 279, 17, -881, 329, 25, -155, 1088, 66;
-42, 277, 14, -897, 323, 8, -164, 1082, 56;
-47, 273, 9, -937, 292, -24, -183, 1066, 35;
-44, 277, 11, -904, 334, -9, -172, 1080, 44;
-46, 275, 8, -921, 325, -28, -181, 1073, 33;
-39, 282, 15, -849, 404, 12, -154, 1103, 58;
-39, 283, 14, -844, 415, 7, -154, 1105, 55;
-37, 286, 16, -812, 452, 20, -144, 1117, 63;
-42, 281, 10, -858, 410, -18, -166, 1097, 39;
-36, 288, 15, -793, 480, 15, -142, 1123, 60;
-41, 283, 10, -831, 445, -18, -161, 1106, 39;
-40, 285, 10, -811, 466, -15, -156, 1112, 41;
-37, 287, 12, -781, 498, -5, -147, 1122, 47;
-36, 289, 12, -764, 515, -4, -144, 1127, 48;
-32, 294, 16, -709, 570, 21, -124, 1147, 64;
-36, 289, 11, -742, 536, -11, -142, 1130, 43;
-35, 290, 11, -725, 551, -11, -139, 1134, 43;
-28, 298, 17, -648, 625, 28, -111, 1162, 68;
-31, 295, 13, -668, 602, 3, -123, 1150, 53;
-31, 294, 12, -658, 607, -2, -123, 1150, 49;
-25, 301, 18, -587, 673, 32, -98, 1175, 71;
-25, 300, 16, -582, 672, 23, -100, 1173, 65;
-25, 301, 16, -566, 682, 20, -98, 1174, 63;
-25, 300, 14, -562, 679, 10, -101, 1171, 57;
-23, 302, 16, -529, 703, 19, -92, 1179, 62;
-26, 299, 12, -545, 678, -5, -103, 1167, 47;
-23, 302, 14, -505, 708, 7, -91, 1178, 55;
-24, 300, 11, -506, 696, -7, -97, 1171, 46;
-22, 302, 13, -470, 721, 2, -86, 1180, 52;
-20, 304, 14, -438, 741, 9, -78, 1186, 56;
-25, 298, 8, -474, 692, -29, -98, 1164, 32;
-17, 306, 15, -387, 765, 13, -67, 1193, 59;
-17, 305, 14, -374, 764, 7, -67, 1191, 55;
-14, 308, 16, -331, 792, 20, -54, 1202, 63;
-11, 310, 18, -290, 817, 32, -43, 1211, 70;
-16, 304, 11, -327, 764, -7, -63, 1188, 46;
-13, 307, 13, -283, 791, 5, -50, 1198, 54;
-8, 310, 16, -231, 825, 24, -34, 1211, 66;
-7, 311, 17, -205, 833, 26, -29, 1213, 67;
-15, 302, 7, -268, 750, -32, -61, 1178, 30;
-7, 309, 14, -179, 819, 10, -29, 1206, 57;
-4, 311, 17, -133, 845, 25, -16, 1216, 66;
-7, 307, 12, -156, 801, -5, -31, 1197, 47;
-2, 311, 16, -92, 843, 20, -10, 1214, 63;
0, 312, 17, -61, 853, 25, -2, 1218, 66;
-5, 306, 11, -90, 801, -10, -20, 1196, 44;
-6, 304, 8, -91, 776, -28, -26, 1186, 33;
1, 311, 15, 1, 845, 17, 6, 1214, 61;
3, 312, 16, 33, 852, 22, 13, 1217, 64;
-2, 305, 9, -9, 784, -22, -9, 1189, 36;
-1, 304, 9, 13, 782, -24, -5, 1188, 35;
-1, 303, 8, 29, 772, -30, -4, 1184, 32;
6, 310, 15, 118, 835, 13, 26, 1211, 59;
7, 309, 14, 136, 826, 9, 28, 1207, 56;
3, 304, 9, 114, 776, -22, 13, 1187, 37;
8, 307, 12, 171, 806, 0, 31, 1200, 50;
12, 310, 15, 221, 827, 16, 46, 1210, 61;
13, 310, 15, 247, 825, 17, 52, 1209, 62;
10, 305, 11, 234, 783, -6, 41, 1193, 46;
17, 310, 17, 308, 828, 26, 66, 1212, 67;
8, 301, 7, 244, 734, -32, 34, 1174, 31;
18, 309, 16, 345, 806, 19, 71, 1205, 63;
16, 305, 13, 340, 770, 0, 63, 1191, 51;
14, 302, 10, 334, 734, -18, 56, 1178, 39;
19, 305, 13, 393, 762, 5, 75, 1191, 54;
14, 299, 8, 363, 701, -29, 57, 1167, 32;
23, 306, 16, 462, 769, 21, 93, 1196, 64;
17, 299, 9, 417, 693, -22, 70, 1166, 36;
22, 302, 12, 472, 716, -1, 87, 1178, 50;
26, 304, 15, 521, 734, 17, 103, 1187, 61;
20, 297, 9, 480, 661, -23, 81, 1158, 36;
26, 301, 14, 548, 697, 7, 105, 1175, 55;
25, 298, 12, 548, 665, -6, 100, 1163, 46;
28, 300, 14, 590, 675, 8, 113, 1170, 56;
28, 298, 13, 600, 652, 1, 112, 1162, 51;
32, 299, 15, 642, 663, 16, 125, 1169, 61;
32, 298, 15, 658, 646, 14, 127, 1164, 60;
33, 297, 15, 675, 631, 13, 130, 1160, 59;
32, 294, 13, 673, 597, 0, 125, 1148, 51;
29, 290, 9, 659, 551, -21, 115, 1131, 37;
38, 297, 17, 753, 613, 30, 150, 1160, 69;
32, 289, 10, 705, 533, -13, 127, 1129, 42;
37, 293, 15, 765, 561, 15, 148, 1143, 60;
37, 290, 14, 768, 533, 7, 145, 1134, 55;
35, 286, 11, 757, 490, -10, 137, 1119, 44;
34, 284, 9, 755, 457, -21, 133, 1108, 37;
43, 291, 18, 849, 520, 31, 169, 1137, 70;
40, 287, 14, 831, 471, 10, 158, 1119, 57;
36, 281, 9, 800, 409, -20, 142, 1096, 38;
40, 283, 13, 846, 425, 2, 158, 1106, 52;
37, 278, 9, 825, 373, -20, 147, 1087, 38;
38, 278, 10, 841, 359, -17, 151, 1085, 40;
43, 281, 14, 891, 379, 8, 169, 1096, 56;
40, 276, 10, 865, 324, -16, 156, 1076, 40;
44, 279, 14, 916, 346, 10, 174, 1088, 57;
45, 278, 15, 929, 331, 13, 178, 1085, 59;
38, 270, 8, 872, 245, -31, 152, 1053, 31;
43, 273, 12, 921, 266, -4, 170, 1065, 48;
41, 269, 9, 903, 221, -21, 161, 1049, 37;
40, 266, 8, 897, 188, -30, 157, 1039, 32;
46, 271, 14, 962, 226, 8, 182, 1058, 56;
44, 267, 12, 948, 186, -5, 175, 1045, 47;
42, 264, 9, 929, 142, -20, 166, 1030, 37;
47, 267, 14, 981, 169, 10, 186, 1044, 57;
46, 264, 12, 966, 129, -2, 179, 1031, 49;
51, 268, 17, 1017, 156, 28, 199, 1046, 68;
49, 265, 15, 1004, 119, 17, 193, 1034, 62;
46, 260, 13, 979, 71, 0, 182, 1017, 50;
49, 262, 15, 1007, 77, 17, 193, 1023, 61;
44, 255, 10, 958, 6, -16, 173, 997, 40;
48, 258, 14, 998, 25, 10, 189, 1008, 57;
44, 252, 10, 956, -37, -17, 172, 986, 39;
44, 252, 10, 963, -50, -13, 175, 984, 42;
42, 248, 8, 938, -94, -28, 165, 969, 33;
43, 248, 10, 952, -99, -18, 171, 970, 39;
51, 255, 17, 1022, -47, 30, 201, 995, 69;
48, 250, 14, 990, -96, 11, 188, 978, 57;
47, 249, 14, 985, -118, 9, 187, 972, 57;
51, 251, 18, 1013, -106, 31, 199, 981, 70;
49, 248, 16, 993, -141, 21, 192, 970, 64;
42, 240, 9, 924, -225, -20, 165, 938, 37;
50, 247, 17, 995, -167, 30, 196, 965, 70;
44, 241, 12, 939, -236, -2, 174, 940, 49;
45, 241, 14, 946, -242, 7, 178, 941, 55;
39, 234, 8, 882, -318, -30, 154, 913, 32;
43, 236, 12, 910, -300, -5, 168, 923, 47;
43, 237, 13, 914, -307, 2, 171, 924, 52;
38, 230, 8, 853, -377, -31, 148, 898, 31;
43, 234, 13, 897, -341, 4, 169, 916, 53;
39, 230, 10, 858, -387, -13, 155, 900, 42;
39, 230, 11, 851, -402, -10, 155, 897, 44;
37, 226, 9, 819, -440, -24, 144, 884, 35;
35, 224, 7, 795, -469, -31, 137, 875, 31;
40, 228, 13, 833, -436, 2, 156, 892, 52;
42, 230, 16, 848, -424, 20, 165, 899, 64;
35, 223, 10, 780, -496, -15, 140, 872, 41;
38, 225, 13, 791, -486, 2, 148, 879, 52;
40, 227, 16, 806, -472, 22, 158, 887, 64;
35, 222, 12, 750, -530, -5, 138, 866, 47;
33, 220, 11, 727, -552, -9, 132, 860, 45;
37, 223, 15, 749, -529, 16, 145, 872, 61;
35, 221, 14, 724, -552, 10, 138, 865, 57;
38, 224, 18, 739, -534, 32, 149, 875, 71;
34, 220, 15, 695, -575, 14, 134, 860, 60;
32, 218, 14, 669, -596, 9, 128, 854, 57;
28, 214, 10, 616, -644, -13, 110, 836, 42;
34, 220, 18, 664, -590, 31, 134, 860, 70;
27, 213, 11, 583, -665, -9, 105, 832, 44;
28, 214, 13, 584, -657, 3, 110, 837, 53;
29, 216, 16, 586, -646, 19, 116, 844, 62;
22, 209, 10, 509, -714, -18, 88, 817, 39;
28, 215, 16, 547, -666, 20, 109, 839, 63;
22, 210, 12, 485, -718, -6, 88, 819, 46;
24, 212, 15, 494, -697, 13, 96, 829, 59;
23, 211, 14, 468, -711, 11, 91, 825, 57;
24, 213, 16, 466, -700, 24, 95, 831, 66;
15, 204, 8, 366, -787, -27, 58, 797, 33;
15, 205, 10, 359, -779, -17, 61, 801, 40;
12, 203, 8, 317, -806, -29, 49, 791, 32;
16, 207, 13, 340, -767, 1, 64, 809, 51;
16, 208, 14, 328, -763, 8, 64, 812, 56;
14, 207, 14, 301, -773, 6, 58, 809, 54;
9, 202, 9, 232, -824, -23, 35, 789, 36;
14, 208, 15, 269, -769, 16, 55, 812, 61;
8, 203, 10, 200, -818, -13, 32, 792, 42;
10, 206, 14, 207, -792, 7, 41, 804, 55;
7, 204, 12, 169, -809, -1, 31, 798, 50;
4, 202, 10, 123, -834, -16, 17, 788, 40;
10, 208, 17, 164, -771, 27, 40, 814, 68;
7, 207, 16, 127, -786, 19, 30, 809, 62;
5, 206, 15, 93, -798, 12, 21, 804, 58;
-2, 198, 7, 0, -867, -32, -11, 776, 30;
-1, 201, 10, 1, -842, -15, -4, 786, 41;
0, 204, 13, 1, -818, 1, 0, 796, 51;
0, 205, 14, -15, -809, 6, 0, 800, 54;
-5, 200, 9, -81, -850, -21, -22, 782, 37;
0, 207, 16, -44, -787, 19, -1, 808, 63;
-9, 199, 8, -143, -860, -29, -37, 778, 32;
-4, 205, 14, -114, -803, 6, -19, 801, 54;
-3, 208, 17, -110, -772, 25, -12, 814, 66;
-6, 206, 14, -155, -790, 11, -25, 806, 57;
-9, 204, 12, -198, -805, -1, -37, 799, 50;
-14, 201, 9, -253, -832, -22, -54, 787, 37;
-15, 201, 8, -283, -832, -25, -61, 786, 34;
-10, 208, 15, -250, -770, 12, -42, 811, 58;
-13, 206, 13, -289, -780, 1, -53, 806, 52;
-17, 204, 10, -337, -798, -14, -67, 797, 41;
-12, 211, 16, -302, -733, 24, -48, 823, 65;
-21, 203, 8, -401, -801, -25, -83, 794, 34;
-20, 205, 10, -408, -778, -15, -81, 802, 41;
-14, 213, 17, -362, -701, 29, -57, 832, 69;
-24, 205, 9, -463, -770, -22, -94, 802, 37;
-24, 207, 10, -477, -753, -16, -94, 808, 40;
-25, 207, 10, -499, -743, -17, -99, 810, 40;
-21, 212, 14, -478, -691, 10, -85, 830, 57;
-28, 208, 9, -551, -732, -23, -111, 811, 36;
-25, 212, 12, -539, -688, -1, -101, 828, 50;
-29, 210, 9, -586, -703, -19, -116, 820, 38;
-25, 216, 15, -556, -641, 14, -98, 844, 60;
-28, 215, 13, -596, -649, 1, -110, 838, 51;
-33, 211, 8, -658, -679, -27, -132, 824, 33;
-35, 211, 8, -680, -668, -29, -136, 826, 32;
-29, 218, 14, -640, -596, 9, -116, 854, 57;
-32, 218, 12, -674, -598, 0, -125, 851, 50;
-37, 215, 9, -728, -620, -25, -144, 839, 35;
-36, 217, 10, -730, -590, -14, -141, 849, 41;
-30, 225, 17, -685, -513, 26, -118, 878, 67;
-40, 216, 7, -790, -586, -32, -158, 845, 30;
-37, 221, 11, -768, -533, -7, -145, 865, 46;
-40, 220, 9, -811, -544, -25, -159, 858, 35;
-41, 221, 9, -825, -527, -24, -162, 862, 35;
-37, 227, 13, -794, -465, 5, -146, 885, 54;
-36, 230, 15, -790, -430, 17, -141, 897, 61;
-41, 226, 10, -850, -458, -13, -163, 882, 42;
-43, 226, 9, -874, -452, -20, -170, 882, 38;
-39, 231, 14, -844, -392, 7, -154, 904, 55;
-46, 226, 7, -916, -434, -32, -181, 883, 30;
-41, 233, 13, -871, -359, 5, -160, 911, 54;
-42, 234, 12, -891, -350, 0, -166, 912, 50;
-37, 240, 18, -851, -281, 32, -147, 937, 71;
-48, 231, 8, -954, -355, -29, -188, 904, 32;
-48, 233, 8, -957, -330, -25, -187, 911, 34;
-49, 233, 7, -975, -320, -32, -192, 912, 31;
-45, 239, 12, -944, -261, -5, -178, 933, 47;
-48, 237, 9, -978, -269, -24, -190, 926, 36;
-42, 245, 16, -920, -185, 19, -165, 958, 62;
-50, 239, 8, -1002, -240, -31, -197, 932, 31;
-46, 244, 12, -964, -177, -2, -180, 955, 49;
-49, 242, 9, -1000, -188, -22, -194, 947, 36;
-43, 250, 15, -947, -110, 15, -171, 976, 60;
-47, 248, 11, -985, -123, -7, -186, 967, 46;
-47, 250, 12, -981, -96, -2, -184, 975, 49;
-49, 248, 10, -1006, -98, -17, -193, 971, 39;
-46, 253, 13, -975, -45, 3, -180, 989, 53;
-47, 254, 12, -986, -34, -2, -184, 990, 49;
-46, 256, 13, -979, -5, 2, -181, 999, 52;
-43, 260, 16, -954, 39, 19, -171, 1014, 63;
-47, 258, 12, -984, 29, 0, -183, 1007, 50;
-50, 256, 9, -1014, 18, -22, -196, 999, 37;
-42, 265, 17, -934, 116, 29, -164, 1036, 69;
-48, 260, 11, -994, 75, -11, -189, 1015, 43;
-41, 268, 18, -926, 160, 31, -162, 1047, 70;
-49, 261, 9, -999, 104, -19, -193, 1021, 38;
-42, 269, 16, -934, 184, 20, -167, 1051, 63;
-41, 272, 17, -916, 218, 29, -160, 1061, 69;
-40, 273, 17, -910, 238, 29, -159, 1066, 69;
-44, 271, 14, -937, 226, 8, -171, 1058, 56;
-46, 269, 11, -955, 220, -8, -181, 1052, 45;
-49, 268, 8, -977, 210, -28, -192, 1045, 33;
-46, 271, 10, -949, 250, -14, -182, 1058, 41;
-46, 272, 10, -941, 269, -14, -180, 1063, 41;
-38, 280, 17, -866, 354, 28, -151, 1095, 68;
-42, 277, 13, -897, 333, 2, -166, 1083, 52;
-45, 275, 10, -915, 323, -17, -176, 1076, 40;
-44, 276, 10, -906, 340, -18, -175, 1080, 39;
-38, 284, 16, -838, 414, 19, -149, 1108, 63;
-37, 286, 16, -819, 440, 24, -144, 1115, 66;
-37, 286, 16, -813, 451, 20, -144, 1117, 63;
-37, 286, 15, -808, 461, 14, -145, 1118, 60;
-42, 281, 9, -852, 420, -23, -167, 1098, 36;
-38, 286, 13, -800, 475, 1, -148, 1118, 51;
-41, 283, 8, -828, 449, -26, -163, 1105, 34;
-32, 293, 18, -726, 553, 31, -124, 1145, 70;
-31, 294, 17, -717, 562, 26, -124, 1146, 67;
-34, 291, 13, -734, 545, 4, -135, 1136, 53;
-34, 292, 13, -721, 557, 2, -133, 1139, 52;
-35, 290, 11, -727, 549, -12, -139, 1133, 43;
-37, 289, 8, -731, 542, -27, -145, 1128, 34;
-28, 298, 16, -640, 630, 22, -111, 1162, 64;
-31, 295, 13, -654, 611, 0, -121, 1152, 51;
-33, 292, 9, -669, 591, -21, -132, 1141, 37;
-32, 293, 9, -649, 605, -21, -128, 1145, 37;
-23, 303, 18, -549, 699, 32, -91, 1182, 71;
-30, 295, 10, -606, 634, -18, -119, 1153, 39;
-29, 296, 10, -583, 649, -16, -114, 1157, 40;
-30, 295, 8, -582, 641, -29, -118, 1152, 32;
-20, 305, 17, -472, 741, 29, -78, 1191, 69;
-24, 300, 11, -506, 697, -7, -96, 1171, 46;
-25, 299, 10, -500, 692, -17, -99, 1167, 40;
-26, 297, 8, -497, 682, -30, -103, 1162, 31;
-21, 302, 11, -442, 725, -8, -85, 1178, 45;
-16, 307, 16, -375, 778, 21, -62, 1198, 64;
-22, 300, 9, -420, 718, -23, -86, 1172, 36;
-18, 304, 12, -371, 753, -5, -71, 1185, 47;
-11, 310, 18, -290, 818, 32, -42, 1211, 71;
-16, 304, 11, -330, 761, -10, -65, 1186, 44;
-15, 304, 11, -306, 768, -9, -60, 1188, 44;
-16, 303, 9, -302, 754, -22, -64, 1181, 36;
-16, 302, 8, -287, 750, -28, -63, 1179, 32;
-9, 307, 13, -215, 804, 3, -38, 1200, 53;
-6, 310, 16, -166, 833, 20, -24, 1212, 63;
-3, 313, 18, -123, 855, 32, -12, 1220, 71;
-7, 307, 12, -151, 806, -2, -29, 1200, 49;
-3, 310, 15, -100, 836, 15, -13, 1211, 60;
-3, 309, 14, -88, 826, 7, -14, 1207, 55;
-4, 307, 11, -86, 804, -8, -19, 1197, 45;
-3, 307, 11, -62, 805, -8, -14, 1198, 45;
-2, 306, 11, -40, 803, -10, -11, 1197, 44;
0, 309, 13, 7, 826, 4, 2, 1206, 53;
-3, 303, 7, -23, 771, -32, -15, 1183, 30;
5, 311, 16, 80, 849, 20, 22, 1216, 63;
3, 308, 13, 74, 817, 0, 14, 1203, 51;
7, 310, 15, 120, 837, 14, 27, 1211, 60;
3, 305, 10, 98, 788, -16, 12, 1191, 40;
2, 303, 8, 107, 769, -27, 10, 1184, 34;
9, 309, 14, 187, 822, 10, 38, 1207, 57;
4, 303, 8, 154, 760, -28, 19, 1182, 33;
12, 309, 14, 236, 814, 10, 47, 1205, 57;
6, 302, 8, 198, 748, -30, 26, 1178, 32;
15, 309, 15, 292, 812, 15, 59, 1205, 60;
9, 301, 8, 246, 737, -30, 35, 1175, 32;
19, 310, 17, 358, 819, 28, 76, 1210, 68;
19, 308, 16, 368, 798, 19, 75, 1203, 63;
13, 300, 8, 323, 723, -25, 51, 1173, 34;
23, 309, 17, 428, 797, 28, 89, 1205, 68;
24, 308, 17, 451, 789, 29, 94, 1203, 69;
21, 304, 14, 442, 749, 8, 85, 1188, 56;
25, 307, 17, 491, 767, 26, 100, 1197, 67;
22, 302, 13, 473, 718, 0, 88, 1178, 51;
21, 299, 10, 472, 685, -15, 82, 1166, 41;
23, 299, 11, 505, 686, -7, 91, 1168, 46;
22, 297, 10, 510, 659, -17, 89, 1159, 39;
26, 299, 13, 558, 675, 0, 104, 1168, 51;
25, 296, 10, 558, 643, -13, 99, 1156, 42;
23, 293, 8, 551, 604, -30, 92, 1142, 31;
24, 292, 8, 571, 592, -30, 96, 1139, 31;
33, 299, 16, 665, 654, 19, 130, 1167, 63;
34, 298, 15, 682, 638, 18, 133, 1163, 62;
36, 298, 16, 709, 634, 24, 140, 1163, 66;
35, 296, 15, 713, 605, 15, 138, 1154, 60;
31, 290, 11, 690, 550, -12, 124, 1133, 43;
34, 291, 12, 722, 550, -1, 134, 1136, 49;
30, 285, 7, 694, 490, -31, 118, 1114, 31;
40, 294, 17, 798, 563, 27, 158, 1146, 67;
35, 287, 11, 758, 491, -9, 138, 1119, 44;
36, 286, 11, 774, 476, -9, 141, 1116, 45;
43, 291, 18, 849, 520, 31, 169, 1137, 70;
39, 286, 13, 823, 463, 4, 155, 1116, 53;
44, 288, 17, 873, 481, 28, 172, 1126, 68;
36, 279, 9, 805, 383, -25, 141, 1089, 35;
44, 285, 16, 887, 435, 20, 172, 1113, 63;
36, 276, 8, 825, 343, -28, 144, 1078, 33;
40, 278, 11, 867, 355, -8, 159, 1086, 45;
45, 281, 16, 919, 378, 19, 178, 1099, 63;
45, 279, 15, 918, 348, 12, 175, 1089, 58;
46, 278, 15, 934, 336, 16, 180, 1087, 61;
43, 274, 12, 911, 284, -5, 168, 1069, 47;
42, 271, 11, 909, 254, -11, 165, 1060, 43;
49, 277, 17, 978, 296, 28, 192, 1080, 68;
44, 270, 12, 935, 226, -4, 172, 1055, 48;
47, 271, 14, 965, 229, 10, 183, 1059, 57;
42, 265, 9, 924, 162, -20, 165, 1035, 37;
40, 262, 8, 914, 126, -31, 159, 1023, 31;
41, 261, 8, 923, 111, -28, 162, 1020, 33;
43, 262, 10, 947, 110, -15, 171, 1023, 41;
51, 268, 17, 1015, 154, 27, 199, 1045, 68;
47, 263, 13, 985, 100, 5, 185, 1026, 54;
45, 260, 12, 971, 63, -5, 179, 1014, 47;
41, 254, 8, 935, 4, -31, 163, 993, 31;
46, 258, 12, 979, 27, -2, 182, 1006, 49;
49, 259, 15, 1010, 37, 17, 194, 1013, 62;
51, 259, 17, 1021, 28, 25, 199, 1013, 66;
49, 256, 15, 1004, -8, 14, 192, 1001, 60;
42, 248, 8, 942, -91, -26, 166, 970, 34;
46, 251, 12, 974, -77, -3, 180, 979, 48;
51, 254, 17, 1017, -52, 26, 199, 993, 67;
47, 250, 14, 985, -101, 7, 186, 976, 55;
46, 247, 12, 969, -134, 0, 180, 966, 50;
43, 243, 10, 940, -179, -17, 169, 951, 40;
41, 240, 8, 920, -214, -27, 162, 939, 33;
41, 239, 8, 917, -232, -25, 162, 935, 35;
43, 240, 10, 927, -235, -14, 168, 937, 42;
50, 246, 18, 990, -186, 31, 195, 961, 70;
42, 237, 10, 913, -274, -14, 165, 928, 42;
42, 236, 11, 908, -291, -12, 165, 924, 43;
48, 242, 17, 965, -245, 30, 190, 946, 70;
47, 240, 16, 946, -274, 24, 185, 937, 66;
42, 235, 12, 898, -331, 0, 167, 917, 50;
45, 237, 16, 920, -318, 20, 178, 925, 63;
44, 235, 15, 900, -346, 14, 172, 917, 59;
39, 230, 11, 850, -402, -11, 154, 897, 43;
41, 230, 13, 856, -403, 0, 159, 899, 51;
38, 227, 10, 823, -441, -13, 149, 886, 42;
41, 230, 15, 849, -420, 12, 162, 898, 58;
40, 228, 14, 831, -442, 9, 158, 892, 56;
35, 223, 10, 778, -497, -16, 139, 872, 40;
39, 227, 15, 809, -468, 14, 155, 886, 59;
34, 221, 10, 750, -529, -15, 134, 864, 41;
39, 226, 16, 791, -488, 22, 155, 884, 64;
31, 218, 9, 707, -572, -22, 124, 851, 36;
33, 220, 12, 718, -560, -4, 132, 859, 48;
37, 223, 16, 738, -538, 19, 144, 870, 63;
29, 215, 9, 655, -618, -23, 114, 840, 36;
34, 220, 15, 692, -578, 12, 133, 859, 58;
27, 213, 9, 618, -647, -24, 107, 832, 35;
26, 213, 9, 603, -658, -22, 104, 830, 37;
25, 211, 8, 576, -679, -27, 98, 824, 33;
30, 217, 15, 618, -629, 13, 120, 846, 59;
24, 210, 9, 546, -694, -20, 94, 822, 37;
24, 210, 10, 534, -698, -15, 94, 822, 41;
22, 209, 9, 505, -718, -21, 87, 816, 37;
26, 213, 15, 535, -678, 12, 104, 834, 58;
27, 215, 17, 532, -670, 24, 107, 839, 66;
19, 207, 9, 441, -750, -21, 75, 808, 37;
17, 205, 8, 411, -768, -26, 67, 802, 34;
16, 205, 9, 394, -772, -23, 65, 801, 36;
21, 210, 14, 423, -730, 10, 82, 820, 57;
15, 205, 10, 357, -781, -18, 60, 801, 39;
20, 211, 16, 393, -730, 21, 80, 823, 64;
17, 208, 14, 350, -758, 7, 67, 813, 55;
13, 205, 11, 300, -791, -10, 52, 800, 44;
9, 202, 8, 250, -824, -27, 37, 788, 33;
8, 202, 8, 229, -827, -25, 34, 787, 35;
6, 201, 8, 199, -838, -29, 27, 783, 32;
12, 207, 15, 239, -780, 12, 48, 808, 58;
4, 200, 8, 154, -844, -27, 19, 782, 33;
9, 206, 14, 184, -794, 8, 37, 804, 55;
2, 200, 8, 103, -854, -29, 9, 780, 32;
10, 209, 17, 166, -770, 28, 40, 815, 68;
0, 200, 8, 59, -854, -26, 2, 780, 34;
1, 202, 11, 59, -831, -9, 7, 790, 44;
2, 204, 13, 54, -813, 3, 11, 798, 53;
1, 204, 13, 30, -813, 4, 7, 798, 53;
4, 208, 17, 44, -774, 29, 18, 814, 69;
-2, 202, 11, -40, -835, -10, -11, 789, 44;
0, 205, 14, -36, -805, 8, -3, 801, 56;
-5, 202, 11, -88, -831, -9, -19, 790, 44;
-6, 202, 11, -112, -829, -9, -24, 791, 45;
-1, 208, 17, -82, -772, 26, -6, 814, 67;
-7, 204, 13, -147, -809, 0, -27, 798, 51;
-12, 200, 8, -215, -850, -28, -49, 781, 33;
-5, 209, 17, -157, -764, 25, -20, 816, 67;
-6, 209, 16, -184, -762, 24, -26, 816, 66;
-14, 202, 10, -272, -821, -18, -57, 791, 39;
-15, 203, 10, -289, -809, -13, -58, 795, 42;
-15, 204, 11, -309, -800, -11, -61, 798, 43;
-19, 202, 8, -354, -815, -25, -74, 790, 34;
-17, 206, 12, -347, -777, -5, -66, 805, 47;
-16, 208, 13, -357, -757, 3, -65, 812, 52;
-19, 207, 12, -392, -762, -5, -75, 809, 47;
-18, 209, 14, -397, -735, 6, -71, 818, 55;
-16, 213, 16, -394, -701, 23, -65, 831, 65;
-24, 207, 10, -479, -755, -18, -95, 807, 39;
-26, 206, 8, -513, -757, -26, -104, 805, 34;
-27, 206, 8, -535, -748, -26, -109, 807, 34;
-29, 207, 8, -561, -742, -30, -115, 807, 32;
-22, 216, 16, -504, -653, 22, -86, 843, 64;
-21, 218, 18, -511, -628, 30, -84, 851, 70;
-28, 213, 12, -583, -668, -3, -110, 832, 48;
-27, 215, 13, -590, -643, 4, -108, 841, 53;
-25, 219, 16, -582, -603, 23, -100, 855, 65;
-30, 216, 13, -632, -621, 2, -117, 846, 52;
-35, 212, 8, -698, -654, -28, -140, 829, 32;
-34, 216, 11, -691, -615, -12, -133, 843, 43;
-34, 217, 11, -704, -596, -8, -134, 849, 45;
-33, 220, 13, -706, -566, 1, -131, 859, 51;
-38, 217, 9, -759, -587, -22, -149, 848, 36;
-33, 223, 14, -724, -521, 11, -131, 873, 58;
-41, 218, 8, -802, -567, -29, -160, 851, 32;
-39, 221, 10, -797, -530, -16, -154, 863, 40;
-40, 222, 10, -812, -514, -16, -157, 868, 41;
-42, 221, 8, -843, -513, -26, -166, 865, 34;
-38, 227, 13, -810, -450, 4, -149, 889, 53;
-38, 229, 14, -815, -424, 9, -148, 896, 57;
-43, 226, 10, -871, -449, -18, -168, 883, 39;
-45, 225, 8, -901, -449, -30, -178, 880, 31;
-45, 227, 9, -905, -423, -25, -177, 888, 35;
-40, 234, 14, -863, -351, 10, -157, 915, 57;
-37, 238, 17, -846, -305, 29, -147, 931, 69;
-37, 240, 18, -851, -281, 32, -147, 938, 71;
-39, 240, 16, -875, -276, 23, -155, 936, 65;
-44, 237, 12, -923, -297, -3, -173, 925, 48;
-44, 239, 13, -926, -271, 0, -172, 932, 51;
-43, 241, 14, -922, -240, 8, -169, 942, 56;
-47, 238, 10, -967, -257, -16, -185, 931, 40;
-42, 246, 16, -917, -182, 21, -164, 959, 64;
-41, 248, 17, -914, -152, 27, -161, 968, 68;
-49, 241, 9, -994, -207, -22, -193, 942, 37;
-51, 241, 8, -1012, -200, -31, -199, 942, 31;
-44, 250, 15, -949, -112, 14, -172, 975, 59;
-48, 247, 10, -994, -133, -13, -190, 963, 42;
-41, 255, 18, -930, -45, 31, -162, 996, 70;
-50, 247, 9, -1016, -108, -24, -197, 966, 35;
-49, 250, 10, -1010, -79, -18, -194, 975, 39;
-50, 251, 9, -1012, -60, -19, -195, 980, 38;
-44, 258, 15, -959, 13, 15, -173, 1007, 60;
-44, 259, 15, -958, 35, 16, -173, 1012, 61;
-51, 254, 8, -1022, -8, -26, -199, 991, 34;
-51, 254, 8, -1028, 4, -31, -202, 993, 31;
-51, 256, 8, -1023, 28, -29, -200, 999, 32;
-44, 264, 15, -955, 114, 14, -173, 1032, 60;
-50, 259, 8, -1013, 74, -25, -197, 1011, 34;
-43, 267, 15, -943, 160, 18, -169, 1044, 62;
-42, 269, 16, -932, 187, 22, -166, 1052, 65;
-47, 265, 11, -978, 156, -11, -186, 1036, 43;
-43, 270, 14, -938, 210, 11, -171, 1055, 57;
-44, 270, 13, -941, 222, 5, -173, 1056, 54;
-47, 269, 11, -960, 215, -11, -183, 1050, 43;
-40, 276, 17, -897, 290, 24, -158, 1078, 66;
-46, 271, 11, -945, 254, -12, -180, 1060, 43;
-42, 276, 14, -906, 304, 8, -166, 1077, 56;
-43, 276, 13, -909, 311, 0, -169, 1077, 51;
-42, 277, 13, -896, 334, 2, -166, 1083, 52;
-44, 276, 11, -907, 331, -11, -173, 1079, 43;
-39, 282, 15, -857, 389, 14, -154, 1100, 60;
-43, 278, 11, -887, 366, -12, -169, 1087, 42;
-37, 285, 16, -822, 436, 22, -145, 1114, 64;
-42, 281, 10, -864, 400, -13, -165, 1096, 42;
-40, 283, 12, -834, 435, -2, -156, 1107, 49;
-39, 284, 12, -822, 450, -3, -154, 1111, 48;
-35, 289, 15, -776, 500, 17, -138, 1128, 62;
-33, 291, 17, -750, 528, 25, -131, 1137, 66;
-37, 288, 12, -779, 500, -3, -146, 1123, 48;
-35, 290, 13, -749, 531, 5, -137, 1133, 54;
-34, 291, 14, -732, 547, 6, -134, 1137, 54;
-32, 294, 15, -700, 578, 16, -125, 1147, 61;
-38, 287, 8, -754, 522, -30, -151, 1122, 31;
-29, 296, 16, -659, 614, 20, -115, 1158, 63;
-33, 292, 11, -689, 581, -10, -132, 1141, 44;
-32, 294, 12, -664, 602, -6, -125, 1148, 47;
-25, 301, 18, -588, 672, 31, -98, 1175, 70;
-27, 299, 15, -595, 659, 14, -106, 1167, 59;
-29, 296, 11, -608, 640, -6, -115, 1157, 46;
-22, 303, 18, -531, 710, 31, -88, 1184, 70;
-26, 300, 13, -551, 681, 4, -101, 1170, 53;
-29, 296, 9, -572, 651, -23, -114, 1156, 36;
-28, 297, 9, -549, 664, -21, -109, 1159, 37;
-26, 299, 10, -517, 685, -15, -101, 1166, 41;
-27, 297, 8, -515, 676, -28, -105, 1161, 33;
-20, 303, 13, -444, 735, 4, -81, 1184, 54;
-25, 298, 8, -474, 692, -29, -98, 1164, 32;
-14, 309, 18, -359, 794, 32, -56, 1205, 70;
-22, 300, 9, -420, 718, -23, -86, 1172, 36;
-19, 303, 11, -379, 744, -11, -74, 1182, 43;
-13, 308, 16, -311, 797, 18, -51, 1202, 62;
-11, 309, 16, -280, 811, 23, -44, 1207, 65;
-10, 309, 16, -262, 812, 20, -41, 1207, 63;
-11, 307, 14, -257, 799, 7, -45, 1200, 55;
-12, 306, 12, -253, 784, -6, -49, 1193, 47;
-13, 304, 10, -247, 771, -18, -52, 1187, 39;
-6, 310, 16, -168, 831, 18, -25, 1211, 62;
-11, 304, 9, -201, 777, -19, -44, 1188, 38;
-12, 302, 7, -196, 761, -32, -47, 1181, 30;
-7, 306, 11, -138, 798, -9, -29, 1196, 44;
-6, 306, 11, -117, 796, -12, -26, 1195, 43;
0, 311, 15, -47, 844, 17, -2, 1214, 62;
-3, 307, 11, -63, 804, -9, -14, 1197, 45;
-6, 303, 8, -72, 772, -31, -24, 1184, 31;
2, 310, 15, 20, 839, 13, 8, 1212, 59;
0, 307, 11, 9, 804, -9, -1, 1197, 44;
4, 310, 14, 66, 835, 11, 16, 1210, 58;
2, 307, 11, 62, 806, -7, 9, 1198, 46;
2, 305, 10, 75, 792, -15, 8, 1193, 41;
7, 309, 14, 136, 826, 8, 28, 1207, 56;
2, 303, 8, 109, 771, -25, 11, 1185, 34;
12, 312, 17, 216, 851, 29, 50, 1219, 69;
9, 307, 13, 196, 802, 0, 36, 1199, 50;
8, 305, 11, 204, 783, -10, 34, 1192, 44;
15, 310, 16, 278, 827, 22, 59, 1211, 64;
16, 310, 16, 303, 823, 23, 64, 1210, 65;
16, 308, 15, 317, 807, 16, 64, 1205, 61;
18, 309, 16, 347, 808, 21, 72, 1206, 64;
13, 303, 10, 316, 746, -15, 53, 1182, 41;
17, 305, 13, 364, 764, 1, 68, 1190, 52;
21, 307, 16, 412, 782, 18, 83, 1199, 62;
21, 305, 14, 425, 764, 12, 83, 1193, 58;
16, 299, 9, 396, 703, -22, 66, 1169, 36;
19, 300, 10, 428, 704, -15, 74, 1171, 41;
26, 306, 16, 510, 755, 24, 103, 1193, 66;
27, 305, 16, 532, 744, 24, 107, 1191, 66;
27, 303, 15, 540, 721, 15, 106, 1183, 60;
23, 298, 10, 517, 666, -13, 91, 1162, 42;
27, 300, 13, 565, 682, 4, 107, 1170, 54;
27, 298, 12, 575, 660, -1, 106, 1163, 50;
24, 293, 9, 559, 612, -25, 95, 1146, 35;
34, 302, 17, 663, 684, 30, 134, 1177, 70;
28, 293, 10, 614, 602, -14, 109, 1146, 41;
26, 290, 8, 609, 565, -30, 103, 1133, 32;
28, 290, 8, 634, 558, -26, 109, 1132, 34;
32, 292, 12, 682, 574, -5, 125, 1141, 47;
39, 297, 18, 756, 616, 32, 152, 1161, 70;
30, 287, 9, 689, 517, -23, 120, 1122, 36;
32, 288, 10, 718, 514, -15, 128, 1124, 41;
36, 289, 13, 759, 523, 0, 141, 1130, 51;
37, 289, 13, 781, 515, 5, 147, 1129, 54;
38, 288, 13, 794, 496, 4, 149, 1124, 53;
41, 289, 16, 831, 502, 19, 161, 1129, 62;
41, 288, 15, 841, 480, 16, 162, 1123, 61;
43, 287, 16, 862, 470, 21, 168, 1122, 64;
36, 279, 9, 807, 385, -24, 142, 1089, 35;
38, 280, 10, 836, 384, -13, 151, 1092, 42;
37, 276, 8, 828, 346, -26, 145, 1079, 34;
40, 277, 11, 860, 348, -12, 156, 1083, 43;
40, 276, 10, 869, 328, -13, 157, 1078, 42;
46, 281, 16, 935, 365, 23, 182, 1096, 65;
41, 274, 11, 892, 293, -11, 162, 1070, 43;
42, 273, 11, 901, 274, -12, 163, 1065, 43;
41, 271, 10, 904, 250, -15, 163, 1058, 41;
40, 268, 8, 896, 214, -25, 158, 1047, 34;
44, 270, 12, 938, 229, -2, 174, 1056, 49;
44, 269, 12, 943, 207, -3, 174, 1050, 48;
49, 272, 16, 991, 229, 23, 193, 1063, 65;
44, 265, 11, 945, 157, -10, 172, 1036, 44;
45, 265, 12, 962, 149, -2, 178, 1036, 49;
50, 268, 16, 1004, 167, 22, 195, 1047, 65;
46, 263, 13, 974, 113, 0, 181, 1028, 51;
51, 267, 18, 1024, 139, 31, 201, 1042, 70;
45, 260, 12, 970, 63, -5, 179, 1014, 47;
50, 263, 16, 1015, 85, 22, 197, 1026, 64;
47, 259, 13, 990, 38, 4, 186, 1010, 53;
42, 252, 8, 941, -31, -27, 166, 985, 33;
49, 258, 15, 1008, 15, 16, 194, 1007, 61;
47, 254, 13, 984, -29, 1, 184, 992, 51;
47, 253, 13, 987, -45, 3, 185, 989, 53;
50, 255, 16, 1015, -36, 23, 197, 996, 65;
45, 249, 11, 963, -106, -9, 176, 971, 45;
45, 247, 11, 959, -127, -9, 175, 965, 44;
46, 248, 13, 972, -131, 1, 181, 967, 51;
42, 242, 9, 931, -188, -23, 165, 947, 36;
50, 250, 17, 1006, -128, 29, 197, 975, 69;
48, 246, 15, 979, -170, 15, 187, 961, 60;
49, 247, 17, 990, -172, 27, 194, 963, 67;
47, 243, 15, 961, -214, 12, 183, 949, 58;
46, 241, 14, 948, -240, 8, 179, 942, 56;
43, 238, 12, 921, -278, -4, 170, 929, 48;
42, 235, 11, 900, -310, -12, 163, 919, 43;
41, 234, 10, 888, -333, -14, 160, 913, 41;
47, 240, 17, 946, -284, 30, 187, 936, 70;
41, 232, 11, 875, -363, -9, 160, 907, 45;
40, 231, 11, 867, -378, -7, 159, 903, 46;
36, 227, 8, 824, -429, -29, 143, 885, 32;
42, 231, 14, 867, -392, 7, 164, 904, 55;
38, 227, 11, 828, -436, -9, 151, 889, 44;
39, 227, 12, 823, -445, -4, 152, 887, 48;
41, 230, 15, 843, -429, 17, 163, 897, 62;
39, 227, 14, 814, -461, 7, 154, 887, 55;
38, 226, 14, 798, -479, 6, 151, 882, 55;
39, 226, 15, 793, -486, 13, 152, 882, 59;
37, 224, 14, 773, -506, 10, 147, 876, 57;
31, 218, 9, 706, -574, -23, 123, 851, 36;
35, 221, 13, 729, -549, 2, 136, 863, 52;
35, 221, 14, 722, -554, 9, 138, 864, 56;
28, 214, 8, 643, -630, -31, 109, 835, 31;
31, 217, 12, 663, -607, -6, 121, 847, 46;
36, 222, 18, 702, -563, 31, 141, 867, 70;
30, 216, 13, 640, -621, 2, 120, 846, 52;
25, 211, 9, 580, -674, -24, 99, 826, 35;
26, 213, 11, 581, -667, -11, 104, 831, 44;
29, 215, 14, 590, -650, 8, 113, 840, 56;
31, 218, 18, 604, -628, 31, 123, 851, 70;
23, 210, 11, 519, -704, -11, 92, 821, 43;
26, 214, 15, 536, -677, 13, 104, 834, 59;
20, 207, 9, 460, -742, -22, 78, 809, 36;
23, 211, 14, 485, -706, 7, 93, 826, 55;
23, 211, 14, 467, -712, 10, 90, 825, 57;
25, 214, 17, 474, -692, 30, 98, 835, 69;
21, 210, 15, 425, -727, 12, 83, 821, 58;
13, 203, 7, 337, -802, -31, 52, 792, 31;
22, 212, 18, 409, -714, 31, 87, 830, 70;
21, 212, 17, 384, -724, 30, 82, 827, 69;
12, 203, 10, 287, -804, -18, 47, 795, 39;
18, 210, 17, 331, -742, 26, 70, 821, 67;
15, 208, 15, 289, -767, 14, 58, 812, 59;
7, 201, 8, 205, -832, -25, 29, 786, 34;
10, 204, 12, 215, -803, -3, 39, 799, 49;
12, 207, 15, 222, -776, 17, 47, 811, 61;
5, 202, 10, 148, -830, -15, 22, 789, 41;
2, 199, 8, 100, -857, -31, 7, 778, 31;
7, 206, 14, 140, -796, 11, 30, 804, 58;
2, 202, 10, 77, -836, -13, 9, 788, 42;
0, 201, 9, 44, -847, -19, 1, 784, 38;
-2, 199, 7, 1, -866, -32, -10, 776, 31;
0, 202, 11, 6, -838, -12, -3, 788, 43;
4, 208, 17, 44, -774, 29, 18, 814, 69;
-2, 203, 11, -34, -829, -6, -8, 791, 46;
-2, 203, 12, -53, -822, -2, -10, 794, 49;
-3, 204, 13, -71, -815, 1, -12, 797, 51;
-4, 204, 13, -95, -812, 1, -17, 798, 52;
0, 209, 18, -76, -766, 31, -3, 817, 70;
-3, 208, 16, -115, -778, 21, -14, 811, 64;
-8, 204, 13, -172, -806, 0, -32, 799, 51;
-9, 204, 12, -198, -805, -1, -37, 799, 50;
-9, 206, 13, -215, -793, 3, -38, 803, 53;
-6, 210, 18, -195, -744, 32, -25, 822, 71;
-15, 203, 10, -290, -810, -14, -59, 794, 41;
-18, 201, 8, -336, -826, -29, -72, 787, 32;
-17, 204, 10, -340, -801, -16, -69, 796, 40;
-14, 208, 14, -324, -754, 9, -57, 814, 57;
-14, 210, 15, -335, -735, 17, -56, 821, 62;
-14, 212, 17, -346, -715, 25, -55, 828, 66;
-21, 207, 11, -423, -761, -10, -82, 807, 44;
-25, 204, 8, -472, -780, -28, -97, 798, 33;
-17, 213, 16, -417, -693, 22, -70, 833, 65;
-18, 215, 17, -431, -676, 27, -71, 838, 68;
-19, 215, 16, -460, -672, 23, -77, 838, 65;
-22, 214, 15, -496, -677, 13, -88, 834, 59;
-28, 210, 10, -561, -710, -16, -110, 819, 40;
-22, 217, 17, -515, -632, 28, -86, 849, 68;
-22, 219, 18, -529, -614, 32, -87, 855, 71;
-26, 217, 15, -575, -627, 15, -102, 847, 60;
-31, 214, 11, -632, -653, -10, -121, 834, 44;
-28, 218, 14, -622, -611, 9, -112, 850, 56;
-29, 218, 14, -641, -598, 8, -116, 853, 56;
-37, 213, 7, -722, -646, -32, -145, 831, 30;
-36, 216, 10, -718, -610, -18, -140, 843, 39;
-33, 220, 13, -701, -561, 4, -129, 861, 53;
-36, 219, 11, -743, -571, -11, -142, 854, 43;
-38, 219, 10, -769, -565, -18, -149, 854, 39;
-40, 219, 9, -793, -558, -23, -156, 855, 36;
-41, 219, 8, -816, -549, -28, -161, 856, 33;
-37, 225, 12, -789, -491, 0, -147, 877, 50;
-35, 229, 15, -776, -446, 17, -138, 893, 62;
-43, 222, 8, -862, -502, -30, -171, 867, 31;
-38, 229, 13, -823, -431, 4, -151, 893, 54;
-36, 233, 17, -804, -382, 26, -141, 911, 67;
-44, 227, 9, -888, -436, -21, -173, 885, 37;
-40, 233, 14, -853, -371, 9, -156, 909, 56;
-42, 232, 12, -888, -376, -5, -167, 904, 47;
-46, 230, 9, -923, -382, -22, -179, 899, 37;
-46, 232, 9, -931, -361, -20, -180, 904, 38;
-48, 231, 8, -955, -357, -30, -188, 903, 31;
-48, 232, 8, -965, -338, -31, -190, 908, 31;
-45, 238, 12, -936, -281, -5, -176, 928, 47;
-49, 235, 8, -976, -294, -27, -191, 919, 33;
-44, 241, 13, -940, -230, 1, -174, 942, 52;
-45, 242, 13, -948, -213, 0, -176, 947, 51;
-49, 240, 9, -988, -226, -22, -192, 938, 37;
-42, 248, 16, -932, -144, 19, -167, 968, 63;
-46, 246, 13, -965, -152, 0, -179, 962, 51;
-44, 249, 14, -952, -115, 12, -173, 974, 58;
-46, 249, 12, -976, -114, -1, -182, 971, 50;
-45, 251, 13, -969, -84, 5, -179, 980, 54;
-51, 246, 8, -1025, -118, -30, -201, 962, 31;
-46, 253, 13, -980, -49, 0, -182, 987, 51;
-45, 255, 14, -970, -18, 8, -178, 997, 56;
-45, 257, 15, -964, 8, 12, -175, 1005, 58;
-43, 260, 16, -950, 43, 22, -169, 1016, 64;
-50, 254, 9, -1017, -4, -23, -197, 993, 36;
-46, 260, 13, -977, 55, 2, -181, 1014, 52;
-46, 261, 13, -976, 75, 2, -181, 1019, 52;
-41, 267, 17, -931, 137, 30, -163, 1041, 69;
-48, 261, 10, -995, 91, -14, -190, 1019, 41;
-44, 267, 15, -948, 155, 14, -171, 1042, 60;
-42, 270, 16, -930, 189, 23, -165, 1053, 65;
-43, 270, 15, -934, 200, 17, -168, 1054, 62;
-47, 267, 11, -968, 181, -8, -183, 1042, 45;
-47, 267, 10, -969, 193, -13, -185, 1044, 42;
-44, 272, 13, -934, 242, 5, -172, 1061, 54;
-46, 271, 11, -948, 239, -8, -180, 1057, 45;
-46, 271, 10, -950, 249, -15, -182, 1058, 41;
-48, 270, 8, -959, 251, -26, -188, 1055, 34;
-45, 274, 11, -927, 293, -11, -177, 1070, 43;
-42, 277, 13, -898, 332, 1, -167, 1082, 51;
-39, 282, 16, -857, 381, 21, -152, 1100, 64;
-37, 284, 17, -837, 409, 27, -146, 1108, 68;
-38, 284, 16, -835, 417, 21, -148, 1109, 64;
-41, 281, 12, -858, 401, -1, -160, 1099, 50;
-36, 286, 16, -809, 455, 22, -143, 1119, 65;
-39, 284, 13, -825, 444, 3, -152, 1111, 53;
-42, 282, 10, -844, 428, -18, -163, 1102, 39;
-36, 288, 14, -785, 491, 11, -142, 1125, 58;
-34, 290, 15, -762, 515, 17, -136, 1132, 61;
-40, 285, 9, -804, 475, -20, -157, 1113, 38;
-39, 286, 9, -787, 492, -19, -153, 1117, 38;
-37, 288, 10, -762, 517, -14, -147, 1125, 42;
-39, 286, 8, -770, 508, -30, -154, 1118, 32;
-34, 292, 12, -711, 565, -2, -133, 1139, 49;
-35, 291, 11, -709, 564, -12, -136, 1137, 43;
-32, 294, 13, -672, 597, 0, -125, 1148, 51;
-31, 295, 12, -657, 609, -1, -123, 1151, 50;
-35, 291, 8, -680, 580, -29, -136, 1137, 32;
-32, 294, 10, -641, 613, -16, -125, 1148, 40;
-28, 297, 12, -600, 648, -1, -112, 1160, 49;
-32, 293, 8, -625, 616, -31, -127, 1145, 31;
-26, 299, 13, -556, 676, 1, -103, 1168, 51;
-28, 297, 10, -560, 663, -15, -109, 1161, 41;
-24, 300, 13, -516, 697, 0, -96, 1173, 51;
-26, 298, 10, -522, 681, -17, -103, 1164, 39;
-21, 303, 14, -464, 728, 6, -84, 1182, 55;
-20, 304, 14, -438, 741, 8, -78, 1186, 56;
-17, 306, 15, -402, 764, 18, -68, 1194, 62;
-18, 304, 13, -401, 752, 4, -73, 1188, 53;
-19, 302, 11, -399, 739, -9, -77, 1181, 44;
-14, 308, 16, -333, 790, 18, -55, 1201, 62;
-14, 307, 15, -319, 788, 12, -55, 1199, 59;
-15, 305, 13, -315, 776, 0, -58, 1192, 50;
-19, 301, 7, -340, 734, -32, -74, 1174, 30;
-13, 306, 12, -273, 783, -3, -52, 1194, 48;
-7, 310, 16, -208, 830, 24, -30, 1212, 66;
-10, 307, 13, -216, 802, 2, -39, 1200, 52;
-10, 306, 11, -208, 791, -8, -41, 1194, 45;
-8, 307, 12, -174, 804, -1, -33, 1199, 50;
-7, 307, 12, -152, 805, -3, -29, 1199, 49;
-1, 312, 17, -82, 854, 27, -5, 1219, 68;
0, 312, 17, -59, 855, 26, -2, 1219, 67;
1, 313, 17, -27, 863, 30, 5, 1222, 70;
-2, 308, 13, -47, 820, 1, -8, 1204, 51;
-5, 304, 8, -65, 778, -27, -21, 1186, 34;
1, 310, 14, 16, 835, 10, 6, 1210, 57;
2, 309, 14, 37, 831, 8, 9, 1208, 56;
0, 306, 11, 31, 800, -12, 1, 1196, 43;
3, 308, 12, 70, 813, -2, 12, 1201, 49;
4, 308, 12, 97, 814, 0, 17, 1202, 50;
10, 312, 17, 165, 855, 27, 40, 1219, 68;
3, 304, 9, 109, 772, -25, 11, 1185, 35;
11, 311, 16, 205, 839, 21, 45, 1214, 64;
11, 309, 15, 216, 823, 13, 45, 1208, 59;
9, 306, 11, 208, 786, -8, 36, 1193, 45;
15, 310, 16, 278, 827, 22, 59, 1211, 64;
9, 303, 9, 238, 758, -20, 37, 1183, 38;
16, 308, 15, 315, 806, 15, 64, 1204, 60;
18, 309, 16, 352, 812, 24, 74, 1208, 66;
18, 308, 15, 363, 793, 16, 73, 1201, 61;
14, 301, 9, 332, 732, -19, 55, 1177, 38;
22, 308, 16, 421, 791, 24, 87, 1202, 66;
17, 302, 11, 392, 731, -9, 69, 1179, 44;
15, 298, 8, 383, 690, -30, 60, 1164, 31;
26, 307, 17, 495, 771, 29, 102, 1199, 69;
21, 300, 11, 458, 702, -10, 81, 1172, 44;
28, 306, 17, 538, 750, 28, 110, 1193, 68;
21, 297, 9, 487, 667, -19, 84, 1161, 38;
26, 300, 13, 540, 689, 1, 101, 1171, 52;
21, 294, 8, 510, 628, -31, 84, 1148, 31;
23, 294, 8, 539, 624, -26, 91, 1148, 34;
33, 302, 17, 640, 693, 28, 129, 1179, 68;
33, 301, 17, 658, 679, 27, 132, 1175, 68;
32, 297, 14, 652, 640, 10, 125, 1161, 57;
28, 292, 9, 625, 581, -20, 109, 1139, 38;
32, 294, 13, 677, 601, 2, 127, 1150, 52;
30, 291, 10, 670, 562, -13, 120, 1136, 42;
36, 295, 15, 734, 594, 17, 143, 1152, 61;
30, 287, 8, 686, 514, -26, 119, 1121, 34;
40, 295, 17, 785, 582, 29, 156, 1152, 69;
35, 289, 12, 751, 516, -3, 138, 1127, 48;
41, 293, 17, 817, 550, 29, 162, 1144, 69;
40, 290, 15, 815, 517, 18, 158, 1133, 62;
39, 287, 14, 815, 485, 8, 154, 1122, 55;
36, 282, 10, 791, 431, -16, 141, 1103, 40;
35, 280, 9, 793, 402, -24, 139, 1093, 35;
36, 279, 9, 809, 387, -22, 143, 1090, 36;
44, 285, 16, 885, 433, 19, 172, 1112, 63;
38, 278, 10, 840, 358, -18, 150, 1084, 39;
43, 281, 14, 894, 383, 10, 170, 1097, 57;
46, 282, 17, 927, 386, 25, 181, 1102, 66;
47, 282, 17, 945, 375, 29, 186, 1100, 69;
46, 278, 15, 934, 335, 16, 179, 1087, 61;
45, 276, 14, 930, 303, 7, 176, 1077, 55;
39, 269, 8, 884, 230, -28, 155, 1050, 33;
48, 276, 16, 972, 289, 24, 189, 1078, 66;
44, 270, 12, 936, 227, -3, 173, 1055, 48;
42, 266, 9, 918, 182, -20, 164, 1040, 38;
48, 272, 16, 986, 224, 20, 191, 1061, 63;
48, 270, 15, 986, 198, 16, 189, 1053, 61;
48, 268, 15, 984, 171, 12, 187, 1045, 58;
47, 265, 13, 977, 140, 4, 184, 1036, 54;
47, 264, 14, 984, 122, 6, 185, 1032, 55;
44, 259, 10, 953, 68, -15, 172, 1013, 41;
47, 261, 13, 985, 77, 3, 185, 1020, 53;
46, 259, 12, 976, 46, -3, 180, 1010, 48;
42, 253, 8, 937, -14, -29, 164, 989, 32;
47, 257, 13, 989, 16, 4, 186, 1005, 53;
43, 252, 9, 948, -45, -23, 168, 982, 36;
43, 250, 9, 948, -65, -22, 169, 978, 36;
48, 254, 14, 996, -36, 9, 189, 993, 57;
42, 247, 8, 940, -110, -25, 166, 965, 34;
48, 252, 14, 993, -76, 10, 188, 983, 57;
51, 254, 17, 1019, -67, 30, 200, 990, 69;
42, 243, 8, 929, -174, -27, 163, 949, 33;
47, 248, 14, 980, -139, 9, 186, 967, 56;
46, 246, 13, 967, -167, 4, 182, 959, 53;
49, 248, 17, 993, -156, 25, 193, 967, 66;
49, 246, 17, 987, -175, 25, 193, 962, 66;
48, 244, 16, 973, -203, 20, 188, 954, 63;
45, 241, 14, 946, -242, 7, 178, 941, 55;
48, 243, 17, 967, -233, 26, 189, 948, 67;
45, 239, 14, 935, -275, 10, 178, 934, 57;
43, 236, 13, 912, -308, 1, 170, 923, 52;
47, 239, 17, 941, -288, 27, 185, 935, 68;
42, 233, 12, 888, -350, 0, 165, 912, 50;
39, 230, 10, 852, -394, -18, 152, 897, 39;
45, 235, 17, 906, -347, 25, 177, 920, 66;
41, 231, 13, 864, -395, 5, 163, 903, 54;
40, 229, 13, 846, -419, 1, 158, 896, 52;
38, 226, 11, 815, -453, -9, 148, 884, 44;
34, 223, 8, 776, -496, -26, 135, 869, 34;
40, 228, 15, 825, -450, 15, 159, 891, 60;
37, 224, 12, 782, -496, -4, 144, 875, 48;
39, 227, 15, 800, -479, 18, 155, 885, 62;
38, 225, 15, 779, -500, 14, 150, 878, 59;
39, 226, 17, 782, -497, 27, 155, 883, 67;
38, 224, 16, 757, -521, 21, 148, 875, 64;
38, 224, 17, 747, -529, 25, 148, 874, 67;
31, 218, 11, 679, -594, -7, 124, 850, 46;
31, 217, 11, 662, -608, -7, 121, 846, 46;
26, 212, 8, 612, -654, -28, 104, 830, 33;
26, 212, 9, 598, -663, -25, 102, 828, 35;
32, 218, 15, 642, -612, 16, 125, 851, 61;
26, 213, 11, 580, -667, -11, 104, 831, 43;
32, 218, 17, 622, -618, 29, 126, 853, 69;
22, 208, 8, 514, -718, -29, 85, 813, 32;
28, 215, 15, 562, -661, 16, 110, 839, 61;
29, 216, 18, 563, -650, 31, 115, 845, 70;
26, 213, 15, 520, -682, 16, 102, 834, 61;
25, 213, 15, 496, -695, 15, 97, 830, 60;
21, 210, 13, 455, -724, 2, 85, 820, 52;
21, 210, 14, 442, -725, 8, 85, 821, 55;
23, 213, 17, 448, -705, 27, 92, 831, 67;
18, 208, 13, 388, -750, 2, 73, 813, 52;
14, 205, 10, 339, -784, -14, 58, 801, 41;
17, 208, 14, 353, -754, 9, 69, 814, 57;
12, 204, 10, 293, -798, -14, 49, 797, 41;
18, 211, 17, 338, -736, 30, 73, 824, 70;
8, 201, 8, 224, -832, -29, 31, 785, 32;
14, 208, 15, 268, -769, 16, 55, 812, 60;
7, 202, 10, 192, -827, -18, 29, 789, 39;
9, 205, 13, 196, -802, 0, 36, 800, 51;
7, 204, 12, 163, -815, -5, 28, 795, 47;
3, 200, 9, 111, -846, -24, 12, 783, 35;
3, 201, 10, 98, -838, -16, 12, 787, 40;
5, 205, 14, 107, -806, 6, 22, 800, 54;
2, 203, 12, 64, -826, -6, 9, 792, 47;
6, 208, 17, 88, -780, 25, 25, 812, 66;
-1, 200, 9, -5, -849, -19, -7, 783, 38;
-1, 202, 11, -15, -835, -10, -6, 789, 44;
-2, 203, 12, -33, -828, -6, -8, 792, 47;
1, 208, 17, -10, -779, 25, 6, 812, 67;
-3, 204, 12, -75, -818, 0, -14, 796, 50;
-2, 206, 15, -75, -791, 15, -8, 806, 60;
-1, 208, 17, -84, -774, 25, -7, 813, 66;
-5, 206, 15, -128, -790, 12, -19, 806, 59;
-11, 201, 10, -200, -835, -19, -43, 787, 39;
-8, 205, 13, -189, -796, 4, -33, 802, 53;
-6, 209, 16, -184, -762, 24, -26, 816, 66;
-10, 207, 14, -232, -782, 7, -40, 807, 55;
-9, 209, 16, -232, -752, 23, -35, 818, 65;
-12, 207, 14, -279, -769, 8, -49, 810, 56;
-15, 206, 13, -315, -776, 0, -58, 806, 50;
-18, 205, 10, -360, -790, -14, -72, 799, 42;
-16, 209, 14, -350, -750, 7, -62, 815, 55;
-17, 208, 13, -380, -749, 3, -69, 814, 52;
-23, 205, 9, -440, -779, -22, -89, 800, 37;
-20, 209, 13, -424, -731, 3, -78, 818, 53;
-19, 212, 15, -428, -704, 15, -74, 828, 60;
-22, 211, 13, -468, -712, 3, -86, 823, 53;
-28, 206, 8, -536, -749, -27, -109, 806, 33;
-25, 210, 12, -525, -706, -6, -100, 822, 47;
-27, 210, 10, -558, -707, -13, -108, 820, 42;
-28, 211, 10, -578, -695, -13, -112, 823, 42;
-26, 215, 14, -568, -653, 6, -103, 839, 55;
-24, 219, 17, -558, -611, 26, -95, 854, 67;
-31, 214, 11, -632, -653, -10, -121, 834, 44;
-35, 211, 8, -679, -668, -28, -136, 826, 33;
-34, 213, 9, -689, -645, -22, -136, 833, 36;
-32, 218, 12, -675, -599, -1, -126, 850, 50;
-29, 223, 16, -654, -546, 24, -113, 870, 66;
-32, 222, 14, -690, -550, 11, -124, 865, 58;
-35, 220, 12, -733, -561, -5, -138, 859, 47;
-36, 221, 12, -748, -545, -4, -141, 863, 48;
-39, 220, 10, -784, -548, -17, -152, 859, 40;
-40, 220, 9, -810, -543, -24, -159, 858, 35;
-36, 226, 14, -777, -479, 7, -142, 882, 55;
-42, 222, 9, -839, -509, -24, -164, 867, 35;
-41, 224, 10, -839, -478, -14, -161, 877, 41;
-34, 233, 17, -785, -394, 29, -136, 909, 69;
-40, 229, 12, -847, -425, -2, -158, 893, 49;
-43, 228, 10, -880, -428, -16, -169, 889, 40;
-43, 229, 10, -889, -407, -14, -170, 895, 42;
-38, 236, 16, -845, -333, 22, -149, 922, 65;
-43, 233, 12, -897, -356, -4, -169, 910, 47;
-42, 235, 13, -894, -324, 4, -165, 920, 53;
-40, 239, 16, -877, -279, 21, -156, 935, 64;
-41, 239, 15, -899, -272, 12, -163, 935, 58;
-48, 234, 8, -967, -312, -26, -189, 915, 34;
-47, 237, 10, -963, -280, -18, -185, 925, 39;
-41, 244, 16, -913, -204, 19, -163, 954, 63;
-40, 247, 17, -907, -171, 28, -159, 964, 68;
-43, 245, 14, -938, -176, 11, -171, 958, 58;
-51, 240, 7, -1009, -221, -31, -199, 936, 31;
-44, 248, 14, -951, -138, 9, -174, 967, 57;
-47, 247, 12, -976, -138, -3, -183, 964, 48;
-49, 246, 9, -1004, -142, -19, -194, 959, 38;
-44, 252, 15, -954, -69, 15, -172, 986, 60;
-46, 251, 13, -979, -72, 0, -182, 982, 50;
-42, 257, 17, -937, -7, 29, -164, 1005, 69;
-42, 259, 17, -937, 14, 30, -164, 1011, 69;
-41, 260, 18, -935, 37, 31, -163, 1017, 70;
-44, 260, 16, -954, 38, 19, -171, 1014, 62;
-42, 262, 17, -942, 70, 26, -166, 1024, 67;
-43, 263, 16, -948, 85, 22, -169, 1026, 64;
-49, 258, 10, -1003, 48, -15, -192, 1008, 41;
-46, 262, 12, -978, 91, 0, -182, 1022, 50;
-41, 268, 18, -925, 162, 32, -161, 1048, 71;
-41, 269, 17, -926, 177, 29, -162, 1051, 69;
-44, 267, 14, -950, 168, 10, -173, 1044, 57;
-50, 262, 8, -1004, 130, -28, -197, 1025, 33;
-50, 263, 7, -1004, 145, -32, -198, 1028, 30;
-49, 265, 8, -990, 172, -27, -194, 1036, 33;
-43, 272, 14, -931, 244, 7, -171, 1062, 55;
-45, 271, 12, -942, 245, -4, -177, 1059, 47;
-42, 275, 15, -907, 292, 13, -164, 1076, 59;
-47, 271, 9, -950, 260, -20, -184, 1059, 37;
-47, 271, 8, -950, 271, -26, -186, 1060, 34;
-47, 272, 8, -944, 286, -29, -186, 1063, 32;
-44, 277, 11, -904, 334, -9, -171, 1080, 45;
-41, 280, 13, -873, 373, 3, -161, 1093, 53;
-42, 279, 11, -879, 374, -7, -166, 1091, 46;
-40, 282, 13, -854, 405, 1, -158, 1101, 51;
-37, 286, 16, -812, 452, 20, -144, 1117, 63;
-39, 285, 13, -824, 444, 3, -152, 1111, 53;
-37, 286, 14, -805, 468, 7, -147, 1118, 55;
-35, 289, 16, -772, 503, 20, -137, 1130, 63;
-38, 286, 11, -799, 479, -7, -151, 1117, 46;
-35, 289, 14, -762, 517, 7, -139, 1130, 55;
-33, 292, 15, -735, 544, 14, -132, 1139, 60;
-36, 289, 12, -750, 529, -5, -142, 1130, 47;
-33, 293, 14, -712, 566, 8, -129, 1143, 56;
-37, 289, 9, -741, 535, -22, -145, 1127, 37;
-30, 295, 15, -668, 605, 14, -119, 1154, 60;
-34, 292, 11, -691, 579, -11, -132, 1141, 43;
-33, 292, 10, -679, 587, -16, -132, 1142, 41;
-31, 295, 12, -642, 619, -3, -121, 1153, 48;
-34, 292, 8, -663, 592, -30, -134, 1139, 32;
-33, 292, 8, -644, 604, -30, -130, 1142, 31;
-23, 303, 17, -535, 705, 28, -90, 1182, 68;
-25, 300, 14, -547, 685, 7, -99, 1172, 55;
-25, 300, 12, -539, 684, -1, -100, 1170, 50;
-21, 304, 16, -483, 730, 22, -82, 1187, 64;
-26, 299, 10, -517, 686, -14, -101, 1167, 41;
-27, 297, 8, -515, 676, -28, -105, 1161, 33;
-23, 301, 11, -467, 712, -10, -90, 1174, 44;
-17, 306, 16, -398, 768, 20, -67, 1196, 63;
-22, 300, 9, -439, 714, -21, -89, 1172, 37;
-18, 304, 12, -386, 753, 0, -72, 1187, 50;
-19, 302, 10, -382, 741, -13, -76, 1181, 42;
-20, 301, 9, -375, 733, -24, -78, 1176, 35;
-11, 309, 16, -280, 811, 23, -44, 1207, 65;
-15, 304, 11, -306, 768, -9, -60, 1188, 45;
-15, 304, 10, -289, 767, -14, -58, 1187, 42;
-16, 302, 8, -286, 752, -27, -62, 1180, 33;
-13, 304, 9, -250, 768, -20, -53, 1186, 38;
-6, 310, 16, -168, 830, 18, -25, 1211, 62;
-8, 307, 12, -176, 802, -3, -34, 1198, 49;
-7, 308, 13, -147, 810, 0, -27, 1201, 50;
-4, 310, 14, -106, 830, 11, -16, 1209, 57;
-5, 307, 11, -109, 804, -7, -22, 1198, 46;
0, 311, 15, -49, 841, 16, -3, 1213, 61;
-5, 305, 10, -78, 789, -19, -21, 1191, 39;
-1, 308, 12, -26, 817, -1, -5, 1203, 50;
-3, 305, 9, -32, 787, -21, -13, 1190, 37;
0, 308, 12, 19, 814, -3, 2, 1201, 48;
-1, 304, 9, 14, 783, -23, -5, 1189, 36;
2, 307, 12, 65, 808, -5, 10, 1199, 47;
5, 309, 13, 105, 822, 4, 21, 1205, 53;
5, 308, 12, 120, 810, -1, 22, 1201, 49;
2, 303, 8, 101, 763, -30, 8, 1182, 31;
13, 312, 18, 220, 854, 31, 51, 1220, 70;
10, 308, 13, 202, 809, 3, 39, 1202, 53;
12, 309, 14, 237, 815, 11, 48, 1205, 57;
12, 307, 13, 253, 802, 5, 49, 1201, 54;
14, 308, 15, 287, 807, 12, 57, 1203, 58;
10, 303, 10, 264, 754, -18, 42, 1183, 39;
11, 302, 9, 283, 744, -21, 45, 1179, 37;
11, 301, 8, 299, 729, -26, 46, 1174, 34;
16, 303, 11, 349, 749, -8, 62, 1184, 45;
15, 301, 9, 354, 723, -20, 59, 1175, 38;
23, 308, 17, 449, 787, 27, 93, 1202, 68;
25, 308, 17, 475, 782, 30, 98, 1202, 69;
24, 305, 15, 476, 752, 16, 94, 1191, 61;
26, 305, 16, 509, 753, 23, 103, 1193, 65;
25, 303, 14, 511, 724, 11, 99, 1183, 57;
27, 304, 16, 546, 727, 20, 108, 1185, 63;
26, 300, 13, 542, 691, 3, 102, 1172, 53;
21, 294, 7, 509, 626, -32, 84, 1147, 30;
32, 303, 18, 625, 710, 31, 127, 1184, 70;
27, 296, 12, 588, 641, -6, 107, 1157, 46;
33, 301, 17, 657, 678, 26, 131, 1175, 67;
28, 294, 10, 616, 604, -13, 110, 1147, 42;
34, 298, 16, 684, 640, 19, 134, 1164, 63;
32, 295, 13, 679, 604, 4, 128, 1151, 53;
38, 298, 18, 737, 629, 31, 148, 1164, 70;
35, 294, 14, 725, 585, 11, 139, 1148, 58;
38, 295, 16, 761, 589, 23, 150, 1152, 65;
39, 295, 17, 784, 580, 28, 155, 1151, 68;
36, 290, 13, 760, 525, 1, 142, 1131, 52;
40, 292, 16, 808, 541, 23, 158, 1140, 65;
39, 289, 14, 802, 503, 9, 152, 1127, 56;
38, 286, 12, 800, 470, -1, 148, 1116, 49;
39, 286, 13, 824, 463, 4, 155, 1116, 53;
36, 281, 9, 801, 409, -19, 142, 1097, 38;
36, 279, 9, 806, 384, -24, 141, 1089, 35;
45, 286, 17, 894, 442, 25, 175, 1116, 67;
41, 281, 13, 869, 387, 1, 162, 1096, 51;
45, 283, 16, 915, 403, 23, 178, 1106, 65;
40, 277, 11, 874, 333, -10, 159, 1080, 44;
47, 281, 17, 940, 370, 26, 184, 1098, 67;
40, 273, 10, 881, 282, -19, 157, 1065, 39;
40, 271, 9, 882, 255, -24, 156, 1057, 35;
45, 275, 14, 941, 287, 9, 178, 1073, 56;
48, 275, 16, 967, 285, 21, 187, 1076, 64;
49, 275, 17, 981, 272, 25, 191, 1074, 66;
42, 266, 9, 920, 184, -19, 165, 1041, 38;
47, 270, 15, 976, 214, 13, 186, 1056, 59;
46, 268, 13, 969, 182, 5, 182, 1046, 54;
49, 269, 16, 995, 182, 19, 192, 1050, 63;
45, 264, 12, 965, 127, -3, 178, 1030, 48;
51, 268, 17, 1019, 158, 30, 200, 1046, 69;
47, 262, 13, 979, 94, 1, 183, 1024, 51;
43, 257, 9, 949, 41, -20, 170, 1005, 38;
45, 258, 11, 969, 39, -7, 178, 1007, 46;
42, 253, 8, 937, -14, -30, 164, 989, 32;
48, 258, 14, 999, 26, 10, 190, 1009, 57;
47, 256, 13, 991, -2, 5, 186, 1000, 54;
47, 255, 14, 991, -22, 5, 187, 995, 54;
48, 254, 14, 992, -40, 7, 187, 991, 55;
51, 256, 17, 1019, -32, 26, 199, 998, 67;
50, 254, 17, 1015, -54, 25, 198, 992, 66;
42, 245, 9, 936, -150, -25, 166, 956, 35;
41, 243, 8, 924, -179, -30, 162, 947, 31;
50, 250, 17, 1004, -115, 25, 195, 977, 66;
49, 248, 16, 991, -143, 19, 191, 969, 63;
46, 245, 14, 967, -182, 7, 182, 956, 55;
44, 241, 12, 942, -221, -4, 174, 943, 47;
45, 241, 13, 945, -231, 1, 176, 942, 52;
48, 244, 17, 975, -213, 26, 191, 953, 67;
42, 237, 11, 908, -291, -12, 165, 924, 43;
46, 240, 15, 943, -267, 16, 181, 937, 61;
46, 239, 15, 934, -286, 16, 180, 932, 61;
38, 230, 8, 857, -373, -28, 150, 899, 33;
44, 236, 15, 909, -329, 13, 174, 921, 59;
46, 237, 17, 923, -322, 29, 182, 927, 69;
44, 235, 16, 899, -354, 21, 175, 917, 64;
41, 231, 13, 863, -396, 5, 162, 902, 54;
37, 226, 10, 816, -448, -17, 146, 883, 39;
38, 227, 12, 822, -446, -5, 151, 887, 47;
37, 225, 11, 803, -470, -9, 146, 880, 45;
36, 224, 10, 783, -493, -13, 141, 874, 42;
36, 224, 12, 780, -497, -5, 143, 874, 47;
31, 219, 7, 725, -554, -31, 124, 854, 31;
34, 220, 10, 737, -543, -13, 132, 861, 42;
32, 219, 10, 715, -564, -17, 127, 855, 39;
31, 218, 10, 696, -582, -19, 123, 850, 39;
35, 221, 14, 721, -555, 8, 137, 863, 56;
28, 214, 8, 649, -625, -27, 111, 837, 33;
31, 217, 12, 664, -606, -5, 121, 847, 47;
33, 219, 15, 675, -590, 13, 130, 856, 59;
32, 218, 15, 658, -603, 14, 127, 853, 60;
31, 217, 14, 635, -620, 11, 122, 848, 58;
25, 212, 10, 573, -675, -16, 101, 827, 40;
24, 211, 10, 550, -690, -18, 96, 823, 39;
22, 209, 8, 518, -714, -26, 87, 815, 34;
30, 217, 18, 585, -638, 32, 120, 849, 70;
21, 208, 9, 486, -728, -20, 83, 813, 38;
21, 209, 10, 474, -728, -13, 83, 815, 42;
23, 211, 13, 479, -712, 4, 90, 823, 53;
17, 205, 8, 413, -766, -25, 68, 803, 35;
17, 206, 10, 404, -762, -16, 69, 806, 40;
24, 213, 18, 454, -699, 31, 95, 833, 70;
23, 213, 17, 429, -709, 29, 90, 830, 69;
21, 212, 17, 403, -720, 27, 84, 827, 68;
20, 211, 17, 382, -726, 28, 81, 826, 68;
17, 209, 15, 339, -752, 15, 68, 816, 60;
16, 208, 15, 313, -761, 14, 63, 814, 59;
11, 204, 11, 255, -801, -8, 44, 798, 45;
9, 203, 10, 225, -813, -13, 37, 794, 42;
6, 201, 8, 179, -840, -27, 24, 784, 33;
12, 208, 16, 229, -770, 21, 50, 813, 64;
5, 201, 9, 142, -836, -19, 19, 787, 38;
8, 206, 14, 164, -794, 10, 34, 805, 57;
1, 200, 8, 80, -855, -28, 5, 780, 33;
3, 203, 12, 91, -822, -4, 15, 794, 48;
2, 203, 12, 65, -826, -5, 10, 793, 47;
-2, 199, 8, 5, -862, -29, -8, 778, 32;
5, 208, 17, 69, -774, 29, 23, 814, 69;
-4, 199, 8, -41, -860, -27, -17, 779, 33;
3, 209, 18, 22, -771, 31, 15, 815, 70;
-4, 201, 10, -73, -842, -15, -19, 786, 41;
-5, 202, 11, -92, -836, -12, -21, 788, 43;
-1, 207, 15, -71, -787, 18, -6, 808, 62;
-10, 199, 8, -167, -857, -29, -41, 779, 32;
-3, 208, 17, -110, -772, 24, -12, 813, 66;
-13, 200, 8, -217, -851, -29, -50, 780, 32;
-14, 200, 8, -243, -850, -31, -56, 780, 31;
-12, 203, 11, -234, -812, -9, -46, 795, 45;
-15, 201, 9, -282, -831, -25, -61, 786, 35;
-13, 205, 12, -275, -795, -4, -52, 801, 48;
-14, 205, 12, -301, -792, -6, -58, 801, 47;
-19, 202, 9, -352, -813, -24, -74, 791, 35;
-15, 207, 13, -333, -764, 3, -61, 810, 53;
-16, 208, 13, -355, -755, 4, -64, 813, 53;
-21, 205, 9, -414, -783, -19, -84, 800, 38;
-21, 207, 11, -424, -763, -11, -83, 807, 43;
-18, 211, 15, -407, -714, 15, -70, 826, 60;
-22, 209, 12, -457, -733, -3, -86, 816, 48;
-19, 214, 16, -441, -686, 21, -75, 834, 64;
-24, 210, 12, -498, -711, -2, -93, 822, 49;
-26, 210, 11, -529, -710, -8, -101, 820, 45;
-26, 212, 12, -541, -690, -2, -101, 827, 49;
-31, 208, 8, -599, -716, -27, -121, 815, 33;
-27, 214, 13, -574, -659, 2, -106, 836, 52;
-31, 211, 10, -625, -678, -18, -123, 826, 39;
-29, 216, 13, -612, -633, 3, -113, 843, 52;
-35, 211, 8, -680, -669, -29, -137, 826, 32;
-30, 218, 13, -649, -605, 4, -119, 850, 53;
-31, 218, 13, -667, -591, 4, -123, 853, 53;
-36, 215, 9, -726, -618, -23, -143, 840, 36;
-32, 221, 14, -693, -553, 10, -125, 864, 57;
-29, 226, 18, -678, -506, 31, -115, 881, 70;
-40, 217, 8, -787, -583, -30, -157, 847, 32;
-34, 224, 14, -739, -504, 11, -133, 877, 58;
-36, 224, 13, -766, -499, 4, -141, 876, 53;
-41, 221, 9, -821, -522, -21, -160, 864, 37;
-39, 225, 12, -810, -481, -5, -153, 878, 47;
-34, 231, 17, -775, -415, 27, -135, 903, 68;
-39, 228, 13, -830, -439, 0, -155, 890, 50;
-43, 226, 9, -874, -452, -20, -170, 882, 38;
-37, 233, 16, -826, -374, 19, -147, 911, 63;
-39, 234, 15, -844, -362, 15, -152, 913, 60;
-38, 236, 16, -848, -336, 20, -151, 921, 63;
-40, 236, 15, -866, -325, 15, -156, 923, 60;
-38, 239, 17, -861, -291, 25, -152, 933, 66;
-39, 240, 16, -874, -275, 23, -154, 937, 65;
-47, 233, 9, -956, -329, -25, -187, 911, 35;
-44, 239, 13, -927, -272, 0, -172, 932, 51;
-49, 235, 7, -984, -301, -32, -194, 916, 30;
-46, 239, 11, -960, -251, -11, -183, 934, 43;
-47, 240, 11, -967, -232, -12, -184, 939, 43;
-41, 248, 17, -918, -156, 24, -162, 967, 66;
-50, 240, 8, -1005, -217, -29, -197, 938, 32;
-46, 246, 13, -966, -153, 0, -180, 961, 50;
-43, 250, 15, -945, -107, 16, -170, 977, 61;
-46, 249, 13, -972, -111, 0, -181, 972, 51;
-49, 248, 10, -1000, -115, -15, -191, 967, 41;
-51, 247, 8, -1019, -111, -26, -199, 965, 34;
-44, 255, 15, -959, -29, 14, -174, 996, 60;
-48, 253, 12, -992, -40, -6, -187, 988, 46;
-43, 259, 17, -945, 27, 25, -167, 1013, 66;
-43, 260, 16, -952, 41, 20, -170, 1015, 63;
-47, 258, 13, -983, 30, 0, -183, 1007, 50;
-50, 256, 9, -1013, 19, -21, -196, 999, 37;
-48, 259, 11, -992, 59, -8, -187, 1012, 45;
-44, 264, 15, -954, 115, 15, -172, 1032, 60;
-50, 260, 9, -1007, 80, -21, -195, 1014, 37;
-50, 261, 9, -1004, 99, -22, -195, 1019, 36;
-45, 266, 13, -958, 161, 4, -177, 1041, 54;
-41, 272, 17, -915, 219, 30, -160, 1062, 69;
-45, 268, 13, -953, 195, 1, -177, 1048, 51;
-45, 269, 12, -953, 209, -2, -178, 1051, 49;
-42, 273, 15, -919, 256, 15, -166, 1067, 60;
-42, 274, 15, -913, 275, 14, -165, 1072, 60;
-46, 271, 10, -948, 251, -14, -181, 1059, 42;
-47, 271, 9, -948, 262, -19, -183, 1060, 38;
-47, 271, 8, -951, 270, -27, -186, 1060, 33;
-39, 281, 16, -864, 365, 23, -153, 1096, 65;
-45, 275, 10, -915, 323, -17, -176, 1076, 40;
-38, 282, 16, -849, 397, 19, -151, 1103, 63;
-39, 282, 14, -850, 403, 11, -154, 1103, 58;
-41, 281, 12, -865, 394, -6, -163, 1096, 47;
-40, 283, 13, -841, 423, 1, -156, 1105, 51;
-43, 280, 9, -862, 407, -21, -168, 1095, 37;
-35, 289, 16, -782, 491, 23, -137, 1128, 65;
-40, 284, 11, -820, 456, -11, -156, 1110, 43;
-34, 290, 16, -760, 518, 18, -135, 1133, 62;
-38, 287, 11, -789, 490, -10, -150, 1119, 44;
-32, 292, 16, -727, 553, 20, -128, 1142, 63;
-33, 292, 14, -725, 554, 10, -131, 1140, 57;
-37, 288, 9, -754, 524, -19, -147, 1125, 38;
-28, 297, 18, -661, 615, 31, -112, 1160, 70;
-35, 291, 10, -714, 560, -15, -138, 1135, 41;
-29, 296, 15, -651, 619, 14, -116, 1157, 60;
-27, 299, 16, -618, 648, 24, -106, 1167, 66;
-27, 299, 16, -606, 654, 19, -106, 1167, 63;
-25, 301, 17, -577, 677, 26, -98, 1175, 67;
-31, 294, 9, -627, 621, -19, -123, 1149, 38;
-28, 298, 12, -582, 658, -3, -109, 1163, 49;
-30, 295, 9, -592, 640, -23, -118, 1153, 36;
-22, 303, 16, -509, 714, 18, -88, 1182, 62;
-19, 305, 18, -468, 745, 32, -76, 1193, 70;
-20, 304, 15, -469, 734, 17, -81, 1186, 61;
-22, 302, 13, -472, 719, 0, -87, 1179, 51;
-18, 306, 16, -418, 761, 22, -70, 1195, 64;
-16, 307, 17, -392, 774, 24, -64, 1198, 66;
-15, 308, 17, -366, 786, 27, -59, 1202, 67;
-22, 300, 8, -424, 714, -26, -88, 1171, 34;
-12, 309, 17, -320, 803, 27, -50, 1206, 68;
-18, 303, 11, -356, 752, -11, -70, 1184, 43;
-19, 301, 8, -361, 730, -30, -77, 1174, 32;
-9, 310, 17, -248, 826, 28, -36, 1212, 68;
-14, 305, 11, -283, 773, -10, -56, 1189, 44;
-16, 301, 7, -293, 745, -32, -65, 1177, 30;
-7, 310, 16, -188, 830, 21, -27, 1212, 64;
-14, 302, 7, -245, 753, -32, -57, 1179, 30;
-11, 304, 9, -207, 772, -23, -46, 1186, 36;
-6, 308, 13, -139, 818, 5, -24, 1204, 54;
-7, 306, 11, -139, 796, -10, -29, 1195, 44;
-2, 310, 15, -76, 837, 14, -9, 1212, 60;
0, 312, 17, -36, 854, 24, 1, 1218, 66;
-5, 305, 9, -81, 786, -21, -22, 1190, 37;
2, 312, 16, 12, 856, 24, 10, 1219, 66;