-1, 306, 11, -17, 802, -11, -7, 1196, 43;
0, 306, 11, 5, 800, -12, -3, 1196, 43;
2, 308, 13, 49, 818, 0, 9, 1203, 51;
1, 306, 11, 55, 798, -12, 6, 1195, 43;
7, 311, 15, 123, 840, 16, 28, 1213, 61;
8, 310, 15, 145, 835, 15, 32, 1211, 60;
10, 311, 16, 182, 844, 22, 41, 1215, 65;
3, 303, 8, 129, 764, -28, 14, 1183, 33;
6, 304, 9, 166, 773, -20, 24, 1187, 38;
6, 302, 8, 178, 756, -28, 23, 1181, 33;
10, 305, 11, 231, 781, -8, 40, 1192, 45;
11, 305, 11, 257, 777, -7, 45, 1191, 46;
12, 304, 11, 278, 768, -9, 48, 1188, 45;
12, 303, 10, 294, 755, -13, 50, 1184, 42;
16, 305, 13, 339, 769, 0, 63, 1191, 51;
17, 305, 13, 363, 763, 0, 67, 1189, 51;
13, 299, 8, 340, 709, -29, 53, 1169, 32;
24, 308, 17, 452, 791, 30, 94, 1204, 69;
18, 301, 10, 407, 715, -14, 71, 1174, 41;
26, 307, 17, 496, 772, 29, 102, 1199, 69;
25, 305, 16, 502, 746, 18, 100, 1190, 62;
28, 306, 17, 539, 751, 29, 110, 1194, 69;
22, 298, 10, 495, 676, -14, 87, 1164, 42;
23, 297, 10, 516, 665, -14, 91, 1161, 42;
29, 302, 16, 586, 703, 19, 116, 1179, 62;
26, 297, 11, 563, 648, -9, 101, 1158, 44;
26, 296, 11, 581, 634, -11, 104, 1154, 44;
29, 297, 12, 616, 637, 0, 114, 1158, 50;
26, 292, 9, 603, 591, -22, 105, 1141, 37;
29, 293, 11, 639, 595, -10, 115, 1145, 44;
36, 299, 17, 716, 640, 28, 143, 1166, 68;
38, 298, 18, 738, 630, 31, 148, 1164, 70;
36, 295, 16, 736, 596, 18, 143, 1153, 62;
35, 292, 14, 736, 565, 7, 140, 1142, 55;
38, 293, 15, 767, 563, 17, 148, 1144, 61;
39, 292, 16, 788, 553, 20, 154, 1142, 63;
37, 288, 13, 773, 507, 0, 144, 1126, 51;
38, 288, 13, 791, 493, 2, 148, 1123, 52;
36, 284, 11, 785, 455, -11, 142, 1110, 43;
34, 281, 8, 778, 417, -25, 136, 1097, 34;
34, 279, 8, 783, 391, -31, 135, 1089, 31;
35, 278, 7, 795, 373, -31, 137, 1085, 31;
40, 281, 12, 848, 396, -5, 156, 1097, 47;
43, 282, 14, 882, 400, 9, 168, 1102, 57;
42, 280, 13, 882, 370, 2, 165, 1092, 52;
43, 279, 13, 898, 357, 5, 169, 1090, 54;
46, 280, 16, 932, 362, 21, 181, 1095, 64;
47, 280, 17, 950, 351, 26, 186, 1094, 67;
47, 279, 17, 956, 329, 25, 187, 1088, 66;
40, 270, 9, 893, 239, -22, 159, 1053, 36;
43, 271, 11, 925, 242, -6, 170, 1058, 46;
43, 270, 11, 931, 222, -7, 171, 1053, 46;
43, 267, 10, 928, 193, -13, 168, 1044, 42;
42, 265, 9, 924, 163, -20, 165, 1035, 38;
50, 272, 17, 1004, 216, 28, 197, 1060, 68;
50, 270, 16, 1002, 189, 24, 195, 1053, 65;
44, 263, 11, 956, 118, -9, 175, 1027, 44;
47, 264, 13, 982, 121, 5, 185, 1031, 54;
44, 260, 11, 959, 74, -12, 174, 1015, 43;
41, 255, 7, 930, 22, -32, 162, 997, 30;
43, 256, 9, 952, 22, -19, 171, 1000, 38;
52, 263, 18, 1029, 77, 31, 202, 1027, 70;
43, 253, 9, 953, -19, -20, 170, 990, 38;
50, 259, 16, 1017, 24, 22, 197, 1011, 65;
49, 257, 15, 1008, -5, 16, 193, 1002, 61;
42, 249, 9, 943, -89, -25, 167, 971, 35;
42, 247, 8, 937, -114, -28, 165, 964, 33;
42, 245, 8, 934, -135, -28, 164, 959, 33;
43, 246, 10, 945, -141, -18, 169, 960, 39;
42, 244, 9, 938, -165, -21, 167, 953, 37;
45, 245, 11, 955, -164, -7, 175, 957, 46;
45, 244, 12, 956, -178, -3, 177, 954, 48;
50, 248, 17, 999, -149, 29, 196, 970, 69;
45, 242, 12, 946, -216, -1, 175, 945, 49;
47, 243, 15, 962, -213, 13, 184, 950, 59;
49, 244, 17, 976, -212, 27, 191, 953, 67;
44, 239, 13, 930, -270, 1, 174, 933, 52;
41, 235, 10, 894, -317, -16, 161, 916, 40;
38, 231, 8, 865, -355, -29, 151, 904, 32;
39, 231, 9, 868, -361, -21, 154, 904, 37;
42, 234, 13, 893, -345, 2, 167, 914, 52;
42, 233, 13, 880, -366, 0, 164, 909, 51;
44, 234, 15, 894, -359, 17, 172, 914, 61;
36, 225, 8, 811, -447, -29, 141, 881, 32;
35, 224, 8, 800, -464, -28, 139, 877, 33;
38, 226, 11, 815, -453, -9, 148, 884, 44;
41, 229, 15, 839, -433, 15, 161, 895, 60;
43, 230, 17, 846, -429, 29, 168, 900, 69;
35, 222, 10, 767, -510, -13, 138, 869, 42;
33, 221, 9, 744, -535, -19, 132, 862, 38;
39, 225, 15, 784, -496, 17, 152, 880, 61;
35, 221, 12, 740, -539, 0, 137, 865, 50;
33, 220, 12, 716, -562, -5, 131, 858, 47;
32, 219, 12, 699, -577, -6, 128, 854, 47;
35, 222, 15, 717, -556, 17, 139, 865, 61;
28, 214, 9, 636, -634, -24, 110, 836, 35;
29, 215, 11, 639, -627, -10, 115, 841, 44;
31, 217, 13, 644, -617, 5, 121, 847, 54;
27, 214, 11, 601, -654, -10, 108, 834, 44;
24, 211, 9, 563, -685, -22, 97, 823, 36;
25, 212, 11, 560, -680, -11, 100, 827, 43;
24, 210, 10, 535, -697, -15, 94, 822, 41;
27, 214, 14, 552, -671, 10, 106, 835, 57;
23, 210, 11, 504, -709, -8, 91, 821, 45;
25, 213, 15, 516, -686, 14, 101, 832, 59;
26, 214, 17, 513, -678, 26, 105, 837, 67;
21, 209, 12, 450, -729, -1, 83, 818, 50;
19, 207, 11, 415, -751, -9, 74, 810, 44;
15, 204, 8, 365, -787, -27, 58, 797, 33;
18, 208, 13, 387, -752, 1, 72, 813, 51;
20, 211, 16, 392, -731, 20, 80, 822, 63;
13, 204, 9, 309, -799, -19, 50, 796, 38;
13, 205, 11, 301, -790, -9, 52, 800, 44;
9, 202, 8, 249, -824, -28, 37, 787, 33;
16, 210, 17, 306, -750, 25, 65, 819, 66;
7, 201, 8, 206, -832, -25, 29, 786, 35;
13, 208, 15, 248, -771, 18, 52, 812, 62;
7, 203, 11, 177, -822, -12, 28, 792, 42;
12, 208, 17, 209, -769, 24, 47, 814, 66;
11, 208, 17, 185, -772, 25, 43, 814, 66;
9, 208, 17, 161, -775, 25, 38, 813, 66;
1, 200, 9, 64, -849, -22, 4, 782, 36;
6, 207, 15, 100, -790, 17, 24, 807, 61;
6, 207, 16, 84, -783, 23, 23, 811, 65;
3, 206, 15, 43, -800, 12, 12, 804, 58;
0, 203, 12, -6, -825, -4, -2, 793, 48;
0, 204, 13, -21, -815, 2, -3, 797, 52;
-5, 201, 10, -75, -844, -17, -19, 785, 40;
-3, 204, 13, -73, -817, 0, -13, 796, 51;
-6, 203, 11, -110, -827, -8, -23, 792, 45;
-5, 204, 13, -120, -810, 1, -21, 798, 52;
-4, 207, 15, -125, -787, 14, -18, 807, 60;
-4, 208, 17, -134, -769, 24, -16, 814, 66;
-6, 208, 16, -167, -774, 19, -24, 812, 63;
-7, 208, 16, -191, -769, 19, -29, 813, 62;
-13, 203, 10, -264, -813, -13, -53, 794, 42;
-16, 202, 9, -299, -819, -20, -62, 791, 38;
-16, 204, 10, -312, -803, -13, -63, 796, 42;
-17, 204, 10, -341, -802, -17, -69, 796, 40;
-18, 204, 10, -365, -795, -17, -74, 797, 40;
-16, 208, 13, -358, -758, 2, -66, 811, 52;
-19, 207, 12, -394, -763, -6, -75, 808, 47;
-16, 212, 16, -376, -714, 20, -63, 827, 63;
-24, 205, 9, -466, -773, -24, -95, 801, 35;
-22, 209, 12, -456, -732, -3, -86, 816, 48;
-19, 213, 16, -444, -689, 19, -76, 833, 63;
-21, 213, 15, -477, -689, 12, -84, 831, 58;
-28, 207, 9, -553, -734, -24, -111, 811, 35;
-23, 214, 14, -520, -669, 11, -93, 836, 58;
-23, 216, 16, -525, -642, 21, -90, 845, 64;
-28, 213, 12, -585, -670, -4, -110, 832, 48;
-26, 217, 15, -577, -630, 13, -103, 846, 59;
-29, 215, 13, -616, -636, 0, -114, 841, 51;
-27, 219, 15, -609, -597, 18, -107, 855, 62;
-34, 213, 9, -688, -644, -22, -135, 834, 37;
-36, 213, 8, -716, -640, -28, -143, 833, 32;
-30, 221, 15, -671, -563, 12, -120, 862, 59;
-35, 218, 11, -727, -587, -12, -140, 850, 42;
-38, 216, 8, -765, -593, -26, -151, 845, 34;
-30, 227, 18, -694, -490, 31, -118, 885, 70;
-36, 222, 12, -760, -525, -1, -142, 868, 49;
-38, 222, 11, -790, -523, -11, -151, 866, 43;
-35, 227, 15, -767, -469, 13, -138, 886, 59;
-34, 230, 17, -765, -435, 25, -134, 897, 66;
-40, 226, 11, -827, -466, -6, -156, 882, 46;
-39, 228, 13, -827, -436, 1, -153, 891, 52;
-37, 232, 16, -812, -391, 20, -144, 907, 63;
-45, 226, 8, -894, -442, -25, -175, 883, 34;
-41, 231, 13, -866, -384, 1, -161, 904, 51;
-38, 236, 16, -844, -332, 23, -149, 923, 65;
-45, 231, 10, -914, -373, -16, -176, 903, 40;
-41, 236, 14, -886, -316, 8, -162, 923, 56;
-40, 239, 16, -881, -282, 19, -157, 934, 62;
-43, 238, 13, -913, -286, 3, -169, 929, 53;
-47, 235, 9, -956, -301, -19, -185, 920, 38;
-44, 240, 13, -932, -250, 1, -173, 938, 52;
-48, 237, 9, -977, -267, -22, -190, 927, 36;
-42, 245, 15, -924, -188, 16, -166, 957, 61;
-41, 248, 17, -914, -153, 27, -161, 968, 67;
-43, 247, 15, -938, -150, 15, -169, 966, 60;
-48, 244, 11, -983, -171, -11, -187, 954, 43;
-41, 252, 17, -928, -91, 27, -163, 984, 68;
-49, 245, 9, -1005, -144, -20, -194, 958, 38;
-48, 248, 11, -993, -108, -10, -189, 970, 44;
-45, 252, 13, -971, -63, 5, -179, 985, 54;
-49, 250, 10, -1007, -76, -16, -193, 976, 40;
-45, 256, 14, -966, -14, 10, -176, 999, 57;
-51, 251, 8, -1023, -49, -26, -199, 981, 34;
-51, 252, 8, -1025, -31, -27, -200, 985, 33;
-48, 257, 11, -993, 19, -7, -187, 1003, 46;
-46, 260, 13, -976, 56, 3, -180, 1015, 53;
-46, 261, 13, -975, 76, 2, -181, 1019, 52;
-42, 267, 17, -933, 136, 29, -163, 1041, 69;
-46, 263, 13, -970, 116, 2, -180, 1029, 52;
-42, 268, 16, -934, 169, 24, -166, 1048, 65;
-47, 264, 11, -980, 139, -9, -186, 1032, 45;
-45, 267, 13, -961, 173, 0, -179, 1043, 50;
-44, 270, 14, -942, 206, 8, -172, 1053, 56;
-48, 266, 9, -981, 181, -21, -190, 1039, 37;
-50, 266, 8, -989, 186, -31, -195, 1038, 31;
-46, 270, 11, -950, 238, -10, -180, 1056, 44;
-39, 278, 17, -881, 319, 30, -153, 1087, 70;
-40, 278, 16, -890, 320, 18, -159, 1084, 62;
-40, 279, 15, -883, 337, 17, -158, 1088, 61;
-42, 277, 13, -897, 332, 1, -166, 1083, 51;
-44, 277, 11, -904, 334, -9, -171, 1080, 45;
-37, 284, 17, -832, 413, 30, -144, 1110, 70;
-44, 278, 10, -895, 357, -18, -173, 1084, 39;
-41, 281, 12, -859, 400, -2, -161, 1098, 49;
-35, 288, 18, -796, 468, 31, -137, 1124, 70;
-34, 289, 17, -784, 485, 30, -135, 1128, 70;
-37, 286, 14, -805, 467, 7, -147, 1118, 55;
-43, 281, 8, -847, 428, -29, -168, 1099, 32;
-37, 287, 13, -788, 490, 0, -147, 1121, 51;
-33, 292, 16, -741, 538, 21, -131, 1139, 64;
-33, 292, 15, -731, 548, 17, -130, 1140, 61;
-31, 294, 17, -704, 575, 24, -122, 1149, 66;
-35, 290, 12, -734, 544, -5, -138, 1134, 47;
-38, 287, 8, -753, 523, -30, -150, 1122, 32;
-30, 295, 15, -670, 604, 14, -120, 1153, 59;
-30, 296, 14, -658, 612, 9, -119, 1154, 57;
-26, 300, 18, -608, 658, 31, -102, 1171, 70;
-35, 291, 8, -682, 578, -30, -138, 1136, 31;
-27, 299, 15, -597, 658, 13, -106, 1167, 59;
-30, 295, 10, -618, 629, -13, -120, 1153, 42;
-24, 302, 16, -545, 695, 21, -94, 1178, 64;
-28, 297, 11, -573, 659, -10, -110, 1161, 44;
-28, 297, 10, -560, 663, -15, -109, 1161, 41;
-22, 303, 15, -493, 721, 15, -86, 1183, 60;
-20, 304, 16, -463, 740, 21, -79, 1189, 64;
-24, 300, 10, -494, 697, -13, -96, 1170, 42;
-17, 306, 17, -414, 765, 24, -68, 1196, 66;
-15, 308, 18, -381, 785, 32, -60, 1203, 71;
-16, 307, 16, -378, 775, 19, -63, 1197, 63;
-17, 305, 13, -378, 760, 4, -69, 1190, 53;
-19, 302, 10, -382, 742, -13, -75, 1181, 42;
-19, 301, 9, -372, 735, -22, -77, 1177, 36;
-11, 309, 17, -277, 814, 25, -43, 1208, 66;
-14, 306, 12, -293, 780, -1, -55, 1193, 50;
-11, 307, 14, -258, 798, 6, -46, 1200, 54;
-13, 305, 11, -261, 777, -11, -52, 1190, 44;
-7, 310, 15, -195, 824, 16, -30, 1209, 61;
-10, 306, 12, -205, 793, -6, -40, 1195, 47;
-7, 308, 13, -169, 809, 1, -31, 1201, 51;
-4, 310, 15, -125, 832, 14, -18, 1210, 60;
-7, 307, 11, -134, 802, -7, -27, 1197, 46;
-1, 312, 16, -64, 849, 22, -4, 1216, 65;
-5, 306, 11, -90, 801, -10, -20, 1196, 44;
-2, 308, 12, -54, 813, -3, -11, 1201, 48;
-4, 305, 9, -57, 786, -22, -18, 1190, 37;
-1, 306, 11, -17, 802, -11, -7, 1196, 43;
3, 310, 15, 44, 839, 13, 12, 1212, 59;
2, 309, 13, 53, 822, 2, 10, 1205, 52;
2, 307, 12, 67, 811, -4, 11, 1200, 48;
5, 309, 13, 104, 821, 4, 20, 1205, 53;
4, 307, 11, 111, 801, -7, 18, 1197, 46;
9, 310, 15, 169, 832, 14, 36, 1210, 59;
12, 312, 17, 211, 845, 25, 48, 1216, 67;
12, 310, 15, 221, 827, 16, 46, 1210, 61;
9, 306, 11, 209, 787, -7, 36, 1194, 46;
15, 310, 16, 276, 826, 21, 58, 1210, 64;
15, 309, 15, 292, 812, 16, 60, 1206, 61;
16, 308, 15, 311, 802, 13, 62, 1202, 59;
20, 311, 18, 364, 825, 32, 79, 1213, 71;
11, 300, 8, 295, 725, -29, 45, 1173, 32;
20, 308, 16, 394, 794, 21, 81, 1203, 64;
15, 301, 9, 355, 724, -19, 59, 1175, 38;
15, 299, 8, 365, 703, -28, 58, 1168, 33;
15, 298, 8, 385, 693, -29, 61, 1165, 32;
21, 302, 12, 448, 724, -2, 82, 1179, 49;
22, 302, 13, 473, 718, 0, 88, 1178, 50;
21, 298, 10, 470, 682, -16, 81, 1165, 40;
24, 300, 12, 512, 693, -2, 94, 1171, 49;
26, 301, 14, 548, 697, 7, 104, 1175, 55;
30, 303, 16, 593, 710, 23, 118, 1182, 65;
24, 295, 10, 552, 637, -16, 97, 1154, 40;
25, 295, 10, 571, 624, -17, 100, 1151, 40;
31, 298, 14, 631, 652, 9, 120, 1164, 56;
32, 298, 15, 658, 647, 14, 127, 1164, 60;
33, 297, 14, 673, 629, 11, 129, 1159, 58;
30, 292, 11, 656, 580, -11, 118, 1141, 44;
32, 292, 12, 685, 577, -3, 126, 1142, 48;
32, 291, 12, 698, 558, -6, 128, 1137, 46;
37, 294, 16, 754, 582, 19, 147, 1149, 63;
39, 294, 17, 781, 577, 26, 154, 1150, 67;
39, 293, 16, 792, 557, 23, 155, 1144, 65;
34, 286, 10, 749, 483, -15, 134, 1116, 41;
32, 282, 8, 743, 445, -29, 128, 1103, 32;
35, 284, 10, 780, 450, -15, 140, 1108, 41;
43, 290, 17, 862, 502, 30, 171, 1132, 69;
39, 283, 12, 824, 433, -4, 152, 1106, 48;
45, 288, 18, 892, 470, 32, 177, 1125, 71;
37, 278, 9, 821, 369, -22, 145, 1086, 36;
46, 286, 18, 916, 434, 32, 181, 1116, 71;
38, 276, 9, 846, 334, -21, 150, 1077, 37;
40, 276, 10, 866, 325, -15, 156, 1077, 41;
45, 279, 15, 920, 350, 13, 176, 1090, 59;
43, 276, 13, 914, 315, 2, 171, 1079, 52;
40, 271, 9, 888, 261, -20, 158, 1060, 38;
44, 273, 13, 928, 273, 0, 173, 1068, 51;
49, 277, 17, 980, 298, 29, 193, 1081, 69;
40, 266, 8, 900, 191, -28, 158, 1040, 33;
46, 271, 14, 958, 223, 6, 180, 1056, 54;
44, 267, 12, 947, 185, -5, 174, 1044, 47;
45, 267, 12, 956, 169, -3, 177, 1041, 49;
46, 266, 12, 964, 151, -1, 179, 1037, 50;
45, 264, 12, 965, 128, -3, 178, 1031, 48;
48, 265, 14, 991, 130, 11, 189, 1035, 58;
42, 258, 9, 941, 56, -23, 167, 1008, 36;
51, 265, 17, 1021, 113, 27, 199, 1035, 68;
45, 257, 11, 964, 33, -11, 175, 1005, 43;
50, 262, 17, 1020, 68, 24, 198, 1023, 66;
49, 259, 15, 1006, 33, 15, 193, 1012, 60;
44, 253, 10, 962, -31, -14, 174, 988, 42;
51, 258, 17, 1021, 7, 25, 199, 1008, 66;
48, 254, 14, 995, -37, 9, 188, 992, 56;
48, 253, 14, 991, -60, 7, 187, 986, 55;
41, 245, 7, 929, -140, -32, 162, 957, 31;
48, 251, 14, 991, -95, 11, 188, 978, 58;
46, 248, 13, 973, -129, 2, 182, 968, 52;
48, 249, 15, 991, -128, 16, 190, 972, 61;
47, 247, 14, 977, -157, 11, 186, 963, 57;
45, 243, 13, 955, -194, 0, 178, 951, 50;
45, 242, 13, 950, -213, 0, 177, 947, 51;
44, 240, 12, 937, -239, -3, 173, 939, 48;
49, 245, 18, 982, -206, 31, 193, 956, 70;
42, 237, 11, 913, -287, -9, 167, 926, 44;
39, 233, 9, 881, -329, -25, 155, 911, 35;
42, 235, 11, 899, -322, -7, 165, 918, 46;
45, 238, 15, 925, -305, 16, 178, 928, 61;
43, 235, 14, 902, -336, 8, 171, 918, 56;
41, 232, 12, 878, -368, 0, 163, 908, 50;
44, 235, 16, 899, -354, 20, 174, 917, 64;
39, 229, 11, 842, -417, -9, 153, 893, 45;
40, 229, 13, 845, -419, 1, 158, 895, 51;
38, 226, 11, 816, -453, -9, 149, 885, 45;
35, 223, 9, 779, -494, -25, 136, 870, 35;
41, 229, 15, 830, -445, 18, 161, 893, 62;
40, 227, 15, 810, -467, 15, 156, 887, 60;
36, 224, 13, 773, -506, 0, 144, 873, 50;
31, 218, 8, 710, -570, -31, 121, 850, 31;
35, 221, 12, 740, -539, 0, 137, 865, 50;
37, 223, 15, 747, -531, 14, 144, 871, 60;
32, 219, 12, 699, -577, -6, 128, 854, 47;
37, 223, 17, 735, -538, 29, 147, 873, 69;
35, 221, 16, 702, -568, 19, 137, 863, 62;
33, 219, 15, 677, -588, 14, 131, 857, 60;
25, 211, 8, 592, -668, -29, 100, 826, 32;
30, 216, 14, 627, -628, 6, 119, 845, 55;
30, 216, 14, 615, -633, 11, 118, 845, 58;
28, 215, 14, 588, -652, 6, 112, 839, 55;
27, 214, 14, 568, -664, 6, 108, 836, 55;
24, 211, 11, 522, -701, -10, 94, 823, 44;
24, 211, 12, 513, -700, -1, 95, 825, 49;
26, 214, 15, 522, -681, 17, 103, 834, 62;
19, 207, 10, 448, -744, -17, 77, 810, 40;
26, 214, 17, 498, -681, 30, 103, 838, 70;
16, 204, 8, 387, -779, -28, 62, 799, 33;
16, 205, 10, 380, -772, -17, 64, 803, 39;
20, 210, 15, 404, -734, 13, 80, 820, 59;
15, 205, 11, 344, -779, -11, 60, 803, 43;
12, 203, 9, 302, -805, -24, 48, 793, 35;
17, 209, 15, 339, -752, 16, 68, 816, 61;
10, 203, 9, 260, -814, -21, 41, 792, 37;
17, 211, 18, 316, -740, 31, 69, 823, 70;
8, 202, 9, 215, -823, -19, 33, 790, 38;
8, 203, 10, 197, -821, -15, 31, 791, 41;
12, 208, 16, 229, -769, 22, 50, 814, 64;
6, 203, 11, 158, -820, -8, 26, 793, 45;
11, 208, 17, 186, -771, 26, 43, 814, 67;
6, 204, 13, 124, -811, 1, 23, 798, 51;
6, 206, 14, 114, -799, 10, 24, 803, 57;
-1, 199, 7, 25, -865, -32, -6, 776, 30;
2, 204, 13, 53, -814, 2, 11, 798, 52;
6, 208, 17, 70, -773, 30, 23, 815, 69;
2, 207, 15, 27, -792, 18, 11, 807, 62;
-6, 199, 8, -70, -865, -30, -23, 777, 31;
-3, 203, 11, -59, -828, -6, -13, 792, 46;
-8, 199, 8, -119, -862, -30, -32, 777, 32;
-7, 201, 9, -129, -846, -20, -31, 784, 38;
-6, 203, 12, -132, -822, -5, -26, 794, 47;
-3, 207, 16, -118, -780, 19, -15, 810, 63;
-12, 200, 8, -215, -850, -28, -50, 781, 33;
-7, 207, 15, -173, -780, 15, -27, 809, 60;
-9, 206, 14, -207, -785, 8, -35, 806, 56;
-15, 202, 9, -276, -826, -21, -58, 789, 37;
-8, 210, 16, -231, -752, 24, -34, 819, 66;
-16, 204, 10, -315, -806, -15, -64, 795, 41;
-16, 205, 11, -332, -793, -11, -66, 799, 43;
-20, 203, 8, -378, -808, -26, -79, 792, 34;
-17, 207, 12, -367, -767, -3, -69, 808, 48;
-18, 207, 12, -389, -759, -3, -73, 810, 48;
-14, 213, 17, -362, -701, 29, -57, 832, 69;
-23, 206, 10, -452, -760, -15, -89, 807, 41;
-25, 206, 9, -485, -760, -21, -97, 805, 37;
-27, 205, 8, -517, -762, -29, -106, 803, 32;
-23, 211, 13, -493, -705, 1, -91, 824, 51;
-26, 210, 11, -531, -712, -9, -102, 820, 44;
-20, 217, 17, -492, -641, 29, -81, 847, 69;
-28, 211, 10, -577, -694, -13, -112, 823, 42;
-27, 213, 12, -579, -664, 0, -108, 834, 50;
-27, 216, 14, -586, -639, 7, -106, 842, 55;
-34, 210, 8, -663, -683, -30, -134, 822, 31;
-35, 211, 8, -683, -671, -31, -138, 825, 31;
-35, 213, 9, -691, -648, -24, -137, 832, 35;
-30, 219, 14, -660, -584, 8, -120, 856, 56;
-31, 221, 15, -671, -564, 12, -120, 862, 58;
-29, 224, 17, -668, -528, 26, -115, 875, 67;
-30, 225, 17, -688, -516, 24, -119, 877, 66;
-37, 219, 10, -763, -559, -14, -147, 857, 41;
-36, 223, 13, -756, -521, 0, -140, 870, 51;
-33, 227, 16, -742, -475, 20, -131, 886, 63;
-38, 224, 12, -791, -492, -1, -148, 876, 49;
-39, 225, 11, -813, -484, -7, -154, 877, 46;
-39, 226, 12, -820, -460, -2, -153, 884, 49;
-40, 227, 12, -836, -444, -3, -157, 888, 48;
-42, 227, 11, -860, -438, -11, -164, 887, 43;
-43, 227, 10, -881, -429, -16, -170, 889, 40;
-40, 232, 14, -857, -375, 6, -157, 908, 55;
-39, 235, 15, -856, -344, 15, -154, 918, 60;
-42, 234, 13, -889, -348, 0, -165, 913, 51;
-41, 236, 14, -888, -318, 7, -162, 922, 55;
-39, 240, 16, -875, -276, 22, -155, 936, 65;
-39, 241, 17, -879, -252, 26, -155, 943, 67;
-46, 236, 10, -947, -292, -13, -181, 923, 42;
-40, 244, 17, -897, -215, 25, -158, 952, 66;
-41, 244, 16, -913, -204, 19, -163, 954, 63;
-47, 241, 11, -965, -229, -10, -183, 940, 44;
-50, 238, 7, -1004, -242, -32, -198, 931, 30;
-41, 249, 17, -921, -133, 26, -162, 973, 67;
-50, 242, 8, -1007, -194, -27, -197, 944, 34;
-48, 246, 11, -987, -150, -11, -188, 959, 43;
-46, 249, 13, -969, -108, 2, -179, 973, 52;
-49, 247, 10, -1001, -116, -16, -192, 966, 40;
-50, 248, 9, -1011, -103, -20, -195, 969, 38;
-45, 254, 14, -972, -42, 6, -179, 991, 54;
-42, 259, 17, -939, 12, 28, -165, 1010, 68;
-43, 258, 16, -953, 19, 19, -171, 1009, 63;
-45, 258, 14, -973, 20, 6, -179, 1006, 55;
-49, 255, 10, -1007, 6, -16, -193, 997, 40;
-45, 260, 14, -969, 63, 7, -178, 1017, 55;
-43, 264, 16, -948, 103, 20, -169, 1030, 63;
-44, 264, 15, -957, 112, 13, -174, 1031, 59;
-46, 263, 12, -977, 109, -2, -183, 1026, 49;
-43, 268, 16, -941, 162, 19, -168, 1045, 63;
-47, 264, 11, -979, 140, -8, -185, 1032, 45;
-45, 268, 13, -952, 182, 5, -175, 1046, 54;
-44, 270, 14, -943, 205, 8, -173, 1053, 55;
-49, 266, 9, -983, 180, -22, -191, 1039, 36;
-45, 271, 12, -943, 232, 0, -176, 1057, 50;
-47, 269, 10, -962, 226, -18, -185, 1051, 39;
-49, 269, 8, -971, 228, -29, -191, 1049, 32;
-45, 273, 11, -931, 279, -8, -176, 1067, 45;
-47, 272, 9, -947, 274, -24, -185, 1061, 35;
-40, 279, 15, -880, 349, 12, -159, 1090, 59;
-42, 278, 12, -891, 347, 0, -166, 1086, 50;
-45, 276, 9, -910, 336, -20, -177, 1078, 37;
-38, 284, 16, -837, 416, 20, -149, 1108, 63;
-38, 285, 15, -828, 431, 18, -148, 1111, 62;
-43, 279, 9, -876, 388, -22, -171, 1091, 37;
-37, 286, 15, -809, 460, 14, -146, 1118, 59;
-41, 282, 10, -842, 431, -16, -162, 1103, 40;
-35, 289, 16, -774, 501, 18, -138, 1129, 62;
-37, 287, 13, -785, 492, 1, -146, 1122, 52;
-40, 285, 9, -804, 475, -20, -157, 1113, 38;
-37, 288, 11, -768, 512, -6, -145, 1125, 46;
-40, 285, 7, -790, 489, -32, -158, 1113, 30;
-39, 286, 8, -771, 507, -30, -154, 1118, 32;
-34, 291, 12, -717, 559, -5, -135, 1137, 47;
-32, 294, 13, -685, 589, 3, -126, 1147, 53;
-35, 291, 9, -704, 566, -20, -138, 1135, 38;
-26, 300, 17, -610, 655, 29, -103, 1170, 69;
-30, 296, 12, -637, 623, 0, -119, 1154, 50;
-26, 300, 16, -585, 670, 21, -101, 1172, 64;
-26, 300, 15, -578, 670, 13, -103, 1170, 59;
-29, 297, 11, -593, 648, -9, -114, 1158, 44;
-23, 303, 16, -524, 708, 22, -90, 1181, 64;
-23, 302, 15, -517, 706, 13, -91, 1179, 59;
-23, 302, 14, -502, 711, 9, -90, 1179, 56;
-27, 297, 9, -529, 673, -22, -106, 1161, 36;
-26, 297, 8, -514, 677, -27, -105, 1161, 34;
-25, 298, 8, -493, 687, -27, -101, 1164, 33;
-17, 306, 16, -401, 766, 19, -68, 1195, 62;
-22, 300, 9, -439, 713, -21, -89, 1172, 37;
-16, 305, 14, -371, 767, 9, -66, 1193, 56;
-20, 301, 9, -396, 727, -23, -81, 1175, 36;
-17, 304, 11, -351, 756, -8, -68, 1186, 45;
-12, 308, 16, -287, 804, 18, -47, 1204, 62;
-14, 305, 12, -297, 777, -3, -56, 1192, 48;
-8, 310, 17, -230, 826, 25, -34, 1211, 66;
-16, 302, 8, -290, 747, -30, -64, 1178, 31;
-14, 303, 9, -254, 764, -22, -55, 1184, 36;
-6, 310, 16, -166, 833, 19, -24, 1212, 63;
-11, 304, 9, -201, 777, -19, -44, 1188, 38;
-7, 307, 12, -156, 801, -5, -31, 1197, 47;
-9, 304, 9, -158, 778, -23, -37, 1187, 36;
-9, 303, 8, -142, 771, -29, -36, 1184, 32;
0, 311, 16, -44, 846, 19, -1, 1215, 63;
-1, 309, 14, -36, 831, 8, -3, 1208, 56;
3, 313, 17, 16, 860, 27, 12, 1220, 68;
5, 313, 18, 47, 867, 31, 19, 1223, 70;
-2, 304, 8, -13, 780, -25, -11, 1187, 34;
-2, 303, 7, 1, 770, -32, -10, 1183, 31;
5, 310, 15, 94, 838, 13, 22, 1211, 59;
8, 311, 16, 129, 846, 20, 31, 1215, 63;
8, 310, 15, 144, 833, 13, 31, 1210, 59;
7, 308, 13, 152, 814, 3, 29, 1203, 52;
7, 307, 12, 166, 800, -4, 29, 1198, 48;
10, 308, 13, 205, 811, 5, 40, 1203, 54;
7, 304, 10, 192, 770, -19, 29, 1186, 39;
16, 311, 17, 289, 838, 29, 64, 1215, 69;
14, 308, 14, 286, 806, 12, 57, 1203, 58;
13, 306, 13, 291, 782, 0, 54, 1194, 50;
12, 303, 10, 290, 751, -16, 48, 1182, 40;
14, 303, 11, 321, 751, -11, 55, 1183, 43;
17, 305, 13, 366, 766, 3, 69, 1191, 52;
22, 308, 16, 419, 789, 23, 86, 1202, 65;
15, 299, 9, 369, 708, -25, 60, 1169, 35;
23, 306, 16, 461, 769, 21, 93, 1196, 64;
16, 298, 8, 406, 682, -30, 65, 1162, 32;
23, 303, 13, 482, 726, 5, 91, 1182, 54;
21, 299, 11, 477, 690, -12, 84, 1168, 43;
21, 297, 9, 482, 663, -22, 82, 1159, 36;
29, 303, 16, 570, 719, 22, 114, 1184, 64;
23, 296, 9, 527, 644, -20, 91, 1155, 38;
23, 294, 9, 540, 625, -24, 92, 1149, 35;
32, 302, 17, 638, 691, 27, 128, 1178, 67;
32, 300, 16, 647, 667, 19, 127, 1171, 63;
26, 292, 8, 596, 585, -26, 102, 1138, 34;
26, 290, 7, 606, 562, -32, 101, 1131, 30;
37, 299, 18, 720, 644, 31, 145, 1168, 70;
30, 291, 10, 667, 560, -15, 119, 1135, 41;
31, 290, 10, 686, 547, -14, 123, 1132, 42;
39, 296, 18, 772, 600, 31, 154, 1157, 70;
40, 295, 17, 784, 581, 28, 156, 1151, 68;
36, 290, 13, 760, 525, 1, 142, 1131, 52;
35, 287, 11, 762, 495, -7, 139, 1121, 46;
32, 282, 8, 743, 445, -29, 128, 1103, 32;
37, 286, 12, 797, 467, -3, 147, 1115, 48;
36, 283, 10, 794, 434, -14, 143, 1104, 41;
43, 288, 16, 865, 474, 23, 169, 1123, 65;
44, 287, 17, 881, 459, 25, 173, 1120, 66;
43, 285, 16, 884, 432, 19, 171, 1112, 62;
43, 282, 14, 882, 400, 9, 168, 1102, 57;
45, 283, 16, 912, 400, 22, 177, 1105, 64;
38, 274, 8, 850, 309, -26, 149, 1070, 34;
46, 280, 16, 932, 362, 21, 181, 1095, 64;
40, 273, 10, 882, 283, -18, 158, 1065, 39;
43, 274, 12, 917, 290, -1, 170, 1071, 50;
47, 277, 16, 960, 305, 21, 186, 1081, 64;
39, 267, 8, 889, 207, -30, 155, 1044, 31;
47, 273, 15, 965, 256, 15, 185, 1067, 60;
48, 273, 16, 978, 242, 19, 189, 1065, 62;
45, 268, 12, 951, 190, -2, 176, 1046, 49;
49, 271, 17, 998, 211, 25, 194, 1058, 66;
43, 263, 10, 944, 131, -14, 171, 1029, 41;
48, 267, 15, 992, 155, 14, 190, 1042, 60;
51, 268, 17, 1017, 155, 28, 199, 1045, 68;
47, 263, 13, 985, 101, 5, 185, 1026, 54;
45, 259, 12, 969, 62, -6, 178, 1013, 46;
44, 257, 10, 956, 26, -16, 172, 1002, 40;
44, 255, 10, 954, 2, -18, 171, 996, 39;
49, 259, 15, 1009, 36, 17, 194, 1013, 61;
51, 260, 17, 1024, 30, 27, 200, 1014, 68;
50, 257, 16, 1011, -2, 19, 195, 1004, 62;
45, 251, 11, 965, -68, -11, 176, 980, 44;
41, 246, 8, 932, -119, -31, 163, 962, 31;
47, 250, 13, 981, -88, 2, 183, 978, 52;
43, 246, 10, 948, -139, -17, 170, 961, 40;
46, 248, 13, 972, -130, 1, 182, 967, 51;
42, 242, 9, 932, -187, -22, 166, 947, 36;
50, 249, 17, 1002, -132, 27, 196, 973, 67;
49, 248, 17, 995, -153, 26, 194, 968, 67;
44, 242, 12, 945, -217, -2, 175, 945, 49;
41, 238, 9, 910, -266, -21, 162, 928, 37;
47, 243, 15, 961, -226, 17, 185, 947, 61;
45, 239, 13, 936, -264, 5, 176, 935, 54;
41, 235, 10, 894, -316, -16, 161, 917, 40;
48, 241, 17, 952, -269, 28, 187, 940, 68;
39, 231, 9, 864, -366, -24, 152, 902, 35;
46, 237, 16, 924, -314, 22, 180, 927, 65;
45, 235, 16, 907, -339, 18, 175, 920, 62;
46, 236, 17, 913, -339, 30, 181, 923, 70;
42, 232, 14, 871, -387, 10, 166, 906, 57;
44, 233, 17, 884, -381, 27, 174, 911, 67;
42, 231, 15, 857, -412, 17, 166, 901, 62;
42, 231, 16, 851, -421, 23, 166, 900, 65;
38, 226, 12, 802, -474, 0, 149, 881, 50;
39, 226, 14, 803, -474, 10, 153, 884, 57;
39, 226, 15, 800, -479, 17, 155, 885, 62;
37, 223, 13, 766, -513, 5, 144, 873, 54;
30, 217, 8, 696, -583, -30, 119, 847, 32;
39, 226, 18, 773, -505, 31, 155, 882, 70;
32, 218, 11, 695, -581, -8, 126, 853, 45;
37, 223, 17, 733, -540, 28, 146, 872, 68;
37, 223, 18, 719, -550, 31, 144, 870, 70;
32, 218, 14, 669, -596, 9, 128, 853, 56;
34, 220, 17, 677, -583, 27, 135, 861, 68;
29, 215, 13, 619, -636, 1, 115, 842, 51;
31, 217, 15, 620, -628, 15, 120, 847, 60;
28, 214, 13, 585, -656, 4, 110, 837, 53;
23, 210, 10, 532, -700, -17, 93, 821, 40;
21, 208, 9, 499, -724, -25, 84, 813, 35;
25, 212, 13, 523, -690, 4, 99, 829, 53;
22, 210, 12, 486, -716, -5, 88, 820, 47;
20, 208, 11, 457, -734, -10, 81, 814, 44;
18, 207, 10, 425, -754, -17, 73, 807, 39;
20, 209, 13, 432, -734, 2, 81, 817, 52;
23, 213, 17, 449, -703, 28, 93, 831, 68;
15, 205, 10, 361, -777, -15, 62, 802, 41;
20, 210, 15, 389, -734, 18, 78, 821, 62;
14, 205, 11, 323, -785, -10, 56, 802, 44;
18, 210, 16, 349, -742, 22, 72, 820, 64;
15, 207, 14, 302, -771, 7, 58, 809, 55;
13, 206, 13, 274, -782, 4, 52, 806, 53;
14, 208, 15, 266, -771, 14, 54, 811, 60;
6, 201, 8, 178, -840, -27, 23, 783, 33;
8, 204, 12, 186, -812, -6, 32, 796, 46;
5, 202, 10, 150, -828, -14, 23, 790, 42;
11, 209, 17, 190, -767, 28, 45, 816, 68;
5, 203, 12, 117, -818, -3, 20, 795, 48;
0, 200, 8, 59, -855, -26, 2, 780, 34;
6, 207, 16, 106, -785, 21, 27, 810, 64;
0, 202, 11, 35, -833, -9, 3, 790, 44;
0, 203, 12, 20, -823, -2, 2, 794, 49;
-1, 202, 11, -18, -837, -12, -7, 788, 43;
2, 207, 16, 7, -787, 21, 8, 809, 64;
1, 208, 16, -13, -782, 24, 5, 811, 66;
-5, 202, 10, -95, -838, -14, -22, 787, 42;
-7, 201, 10, -122, -839, -15, -28, 787, 41;
-5, 204, 13, -123, -813, 0, -22, 797, 51;
-4, 207, 15, -124, -786, 15, -17, 808, 60;
-7, 205, 13, -168, -803, 2, -30, 800, 52;
-13, 201, 9, -232, -838, -23, -51, 785, 36;
-11, 204, 12, -228, -807, -5, -44, 797, 47;
-14, 203, 10, -267, -816, -15, -55, 793, 41;
-10, 208, 15, -242, -762, 17, -39, 814, 61;
-18, 201, 8, -336, -826, -29, -72, 786, 32;
-10, 211, 17, -270, -731, 29, -40, 825, 69;
-13, 210, 15, -313, -743, 17, -52, 819, 61;
-12, 212, 18, -314, -714, 31, -47, 830, 70;
-15, 210, 15, -361, -731, 15, -62, 821, 60;
-16, 212, 16, -376, -714, 20, -63, 827, 63;
-24, 205, 8, -469, -776, -26, -96, 800, 34;
-17, 214, 17, -413, -689, 25, -68, 834, 66;
-24, 208, 11, -490, -734, -10, -95, 814, 44;
-22, 212, 14, -486, -698, 6, -88, 827, 54;
-26, 209, 10, -536, -717, -13, -104, 818, 42;
-28, 210, 10, -561, -710, -15, -110, 819, 41;
-24, 215, 15, -535, -652, 14, -94, 841, 60;
-28, 213, 12, -583, -668, -3, -110, 832, 48;
-32, 211, 9, -633, -686, -23, -126, 823, 36;
-30, 215, 12, -622, -643, -3, -117, 838, 48;
-31, 215, 12, -641, -630, -3, -120, 842, 48;
-33, 215, 10, -676, -633, -14, -131, 838, 41;
-33, 217, 12, -681, -605, -5, -129, 847, 47;
-30, 221, 15, -668, -560, 15, -119, 864, 60;
-30, 223, 16, -676, -536, 21, -118, 871, 64;
-39, 216, 7, -773, -601, -31, -155, 842, 31;
-39, 218, 9, -776, -572, -23, -152, 851, 36;
-32, 227, 17, -720, -484, 25, -125, 885, 66;
-42, 219, 8, -820, -554, -31, -164, 854, 31;
-32, 229, 17, -743, -445, 29, -128, 896, 69;
-41, 222, 9, -834, -505, -21, -162, 869, 37;
-36, 229, 15, -794, -434, 14, -143, 895, 60;
-43, 224, 9, -863, -472, -22, -168, 876, 37;
-39, 230, 13, -836, -414, 4, -154, 898, 53;
-41, 230, 12, -861, -409, -3, -161, 897, 48;
-44, 228, 10, -895, -413, -18, -173, 892, 39;
-41, 233, 13, -872, -360, 4, -161, 911, 53;
-39, 237, 16, -859, -318, 20, -153, 925, 63;
-46, 232, 9, -930, -360, -20, -180, 905, 38;
-44, 235, 11, -921, -322, -7, -174, 917, 46;
-47, 234, 9, -952, -325, -22, -185, 913, 37;
-42, 240, 14, -909, -255, 11, -165, 939, 58;
-42, 242, 14, -917, -235, 11, -167, 944, 58;
-47, 239, 11, -961, -252, -12, -183, 933, 43;
-48, 239, 10, -976, -240, -18, -188, 935, 39;
-44, 245, 14, -945, -183, 6, -174, 955, 55;
-49, 241, 9, -995, -207, -22, -193, 942, 36;
-41, 251, 17, -921, -108, 30, -161, 980, 69;
-43, 250, 15, -944, -107, 17, -170, 977, 61;
-49, 246, 10, -997, -136, -15, -191, 962, 41;
-45, 251, 14, -966, -81, 7, -177, 981, 55;
-46, 252, 13, -972, -65, 4, -179, 984, 53;
-43, 256, 16, -948, -18, 22, -169, 1000, 64;
-50, 250, 9, -1018, -66, -23, -198, 977, 36;
-47, 255, 13, -983, -9, 0, -183, 997, 51;
-51, 252, 8, -1025, -31, -27, -200, 985, 33;
-47, 257, 12, -986, 27, -2, -184, 1006, 49;
-44, 262, 15, -954, 78, 18, -171, 1024, 62;
-49, 257, 9, -1009, 42, -19, -194, 1005, 38;
-50, 258, 9, -1013, 55, -24, -197, 1007, 35;
-42, 268, 17, -931, 155, 28, -163, 1045, 68;
-49, 262, 10, -997, 106, -17, -192, 1022, 39;
-46, 265, 12, -971, 148, -3, -182, 1036, 48;
-45, 267, 13, -957, 177, 2, -177, 1044, 52;
-43, 270, 15, -934, 214, 13, -169, 1056, 59;
-47, 267, 10, -970, 193, -13, -185, 1044, 42;
-41, 275, 17, -905, 270, 24, -160, 1073, 66;
-48, 268, 9, -969, 219, -22, -188, 1048, 36;
-44, 273, 13, -926, 273, 0, -172, 1068, 51;
-45, 273, 11, -929, 282, -6, -175, 1068, 46;
-42, 276, 13, -904, 316, 3, -167, 1079, 53;
-47, 273, 8, -941, 288, -27, -185, 1064, 33;
-42, 279, 13, -885, 353, 3, -164, 1088, 52;
-46, 275, 9, -916, 330, -24, -179, 1075, 35;
-38, 283, 15, -841, 411, 17, -151, 1106, 61;
-43, 280, 10, -875, 384, -13, -167, 1092, 42;
-42, 281, 11, -860, 405, -11, -164, 1098, 44;
-36, 288, 16, -796, 473, 22, -140, 1123, 65;
-34, 289, 17, -775, 497, 27, -135, 1130, 68;
-42, 282, 8, -843, 432, -27, -166, 1100, 34;
-36, 289, 14, -775, 502, 8, -141, 1127, 56;
-40, 285, 9, -802, 477, -19, -156, 1113, 38;
-38, 287, 10, -779, 500, -14, -150, 1120, 41;
-40, 285, 8, -788, 491, -31, -157, 1114, 31;
-38, 287, 8, -764, 514, -26, -151, 1121, 34;
-33, 292, 13, -705, 571, 1, -131, 1142, 52;
-28, 298, 17, -648, 626, 28, -111, 1162, 68;
-36, 290, 8, -713, 557, -26, -142, 1131, 34;
-34, 292, 10, -680, 586, -16, -132, 1141, 40;
-27, 299, 16, -604, 656, 21, -105, 1168, 64;
-25, 300, 16, -583, 672, 22, -101, 1172, 65;
-23, 302, 18, -550, 697, 31, -92, 1181, 70;
-31, 294, 8, -618, 622, -26, -124, 1148, 34;
-30, 295, 9, -592, 640, -23, -118, 1153, 36;
-26, 299, 12, -541, 682, -2, -101, 1169, 49;
-25, 299, 11, -528, 686, -7, -101, 1168, 46;
-24, 300, 11, -506, 696, -7, -97, 1171, 46;
-26, 298, 9, -510, 681, -24, -103, 1163, 35;
-21, 302, 12, -453, 726, 0, -84, 1180, 50;
-18, 305, 15, -409, 757, 13, -71, 1191, 59;
-21, 301, 10, -427, 726, -13, -84, 1177, 42;
-22, 300, 8, -426, 712, -27, -88, 1170, 33;
-20, 302, 10, -387, 736, -16, -78, 1179, 40;
-20, 301, 8, -378, 729, -26, -79, 1174, 34;
-17, 303, 11, -335, 756, -12, -66, 1185, 42;
-15, 304, 11, -306, 768, -9, -60, 1188, 44;
-11, 307, 13, -259, 797, 5, -46, 1199, 54;
-7, 311, 17, -206, 832, 25, -29, 1213, 66;
-13, 304, 10, -248, 771, -18, -52, 1187, 39;
-8, 308, 14, -185, 813, 7, -32, 1204, 55;
-11, 304, 9, -204, 774, -21, -45, 1187, 37;
-9, 305, 10, -169, 788, -14, -36, 1192, 41;
-8, 305, 10, -151, 785, -18, -34, 1190, 39;
-2, 310, 15, -77, 837, 14, -9, 1211, 59;
-3, 309, 13, -69, 822, 3, -11, 1205, 52;
0, 311, 15, -25, 842, 16, 0, 1213, 61;
0, 309, 13, -19, 824, 3, -2, 1206, 53;
-4, 304, 8, -40, 779, -26, -16, 1187, 34;
1, 308, 13, 27, 822, 2, 5, 1205, 52;
1, 307, 12, 42, 811, -4, 6, 1200, 48;
5, 310, 14, 89, 832, 10, 20, 1209, 57;
4, 308, 12, 95, 811, -2, 16, 1201, 49;
8, 311, 16, 151, 841, 18, 34, 1213, 62;
9, 310, 15, 166, 829, 12, 35, 1209, 58;
8, 308, 13, 174, 809, 1, 33, 1201, 51;
9, 308, 13, 200, 806, 2, 38, 1201, 52;
9, 306, 12, 211, 789, -6, 37, 1194, 47;
9, 304, 10, 221, 770, -15, 35, 1187, 41;
9, 303, 9, 235, 755, -21, 36, 1182, 37;
18, 310, 17, 333, 823, 27, 71, 1211, 67;
18, 309, 16, 345, 805, 19, 71, 1205, 63;
11, 300, 8, 294, 724, -29, 44, 1172, 32;
21, 309, 17, 406, 806, 29, 85, 1207, 69;
17, 303, 11, 372, 741, -8, 66, 1182, 45;
18, 302, 11, 394, 732, -8, 70, 1180, 45;
21, 304, 14, 442, 749, 8, 85, 1188, 56;
26, 307, 17, 497, 773, 30, 103, 1199, 69;
24, 303, 14, 486, 731, 8, 93, 1184, 56;
19, 296, 8, 451, 664, -29, 74, 1158, 32;
27, 303, 15, 540, 721, 15, 106, 1183, 60;
29, 303, 16, 569, 719, 21, 113, 1184, 64;
22, 295, 8, 517, 634, -26, 87, 1151, 34;
23, 294, 9, 542, 627, -23, 93, 1150, 36;
31, 301, 16, 627, 680, 19, 123, 1174, 63;
31, 299, 15, 640, 660, 15, 124, 1168, 60;
26, 292, 8, 597, 585, -26, 102, 1139, 34;
31, 296, 13, 660, 617, 3, 124, 1154, 53;
30, 292, 11, 654, 578, -12, 117, 1140, 43;
37, 298, 17, 735, 627, 29, 147, 1163, 69;
36, 295, 15, 731, 591, 15, 141, 1151, 60;
35, 292, 13, 729, 557, 2, 136, 1139, 52;
34, 289, 12, 733, 529, -5, 134, 1130, 47;
38, 292, 15, 781, 546, 16, 151, 1139, 60;
34, 286, 10, 753, 486, -13, 135, 1117, 42;
40, 290, 15, 812, 514, 16, 157, 1131, 60;
43, 291, 17, 847, 518, 30, 168, 1136, 69;
34, 281, 8, 776, 416, -26, 135, 1096, 34;
41, 286, 15, 851, 460, 13, 163, 1117, 59;
41, 284, 14, 854, 432, 7, 161, 1109, 55;
46, 287, 18, 904, 452, 32, 179, 1120, 71;
45, 284, 16, 901, 419, 22, 175, 1109, 64;
42, 280, 13, 884, 373, 3, 166, 1093, 53;
45, 281, 15, 917, 376, 18, 177, 1098, 62;
41, 276, 11, 886, 316, -9, 162, 1076, 45;
41, 274, 11, 891, 293, -11, 162, 1069, 43;
40, 271, 9, 883, 256, -23, 156, 1057, 36;
43, 273, 12, 923, 268, -2, 171, 1066, 49;
43, 271, 11, 921, 239, -9, 168, 1057, 45;
43, 269, 11, 925, 216, -11, 168, 1051, 43;
49, 273, 16, 985, 250, 24, 192, 1068, 66;
50, 273, 17, 1000, 238, 29, 196, 1066, 69;
41, 262, 8, 918, 131, -28, 161, 1025, 33;
49, 269, 16, 997, 185, 21, 193, 1051, 64;
45, 264, 12, 964, 127, -3, 178, 1030, 48;
49, 266, 16, 1003, 142, 19, 194, 1040, 63;
48, 264, 15, 997, 113, 13, 190, 1031, 59;
43, 257, 9, 944, 37, -23, 168, 1003, 36;
49, 261, 15, 1001, 71, 13, 191, 1021, 59;
47, 258, 13, 988, 36, 3, 185, 1010, 53;
42, 252, 8, 938, -34, -29, 164, 984, 32;
49, 258, 15, 1010, 16, 18, 194, 1008, 62;
48, 255, 14, 996, -17, 8, 188, 997, 56;
50, 257, 17, 1019, -14, 24, 198, 1002, 66;
49, 254, 15, 1005, -46, 16, 193, 992, 61;
44, 248, 10, 953, -115, -15, 172, 967, 41;
50, 253, 17, 1013, -73, 26, 198, 988, 67;
50, 252, 17, 1009, -94, 25, 197, 982, 67;
48, 249, 15, 991, -128, 16, 190, 972, 61;
50, 249, 17, 1003, -131, 27, 196, 974, 68;
45, 244, 13, 955, -193, 0, 178, 951, 51;
47, 244, 14, 964, -198, 10, 183, 953, 57;
48, 244, 16, 973, -203, 20, 188, 954, 63;
47, 242, 15, 957, -231, 14, 183, 946, 60;
41, 236, 10, 904, -295, -15, 163, 922, 41;
42, 236, 11, 907, -303, -7, 166, 922, 46;
45, 238, 14, 927, -294, 11, 176, 929, 58;
44, 237, 14, 916, -314, 10, 174, 924, 57;
37, 229, 7, 841, -397, -32, 145, 893, 30;
40, 231, 11, 866, -380, -8, 158, 903, 45;
41, 231, 12, 865, -388, -1, 160, 903, 50;
40, 229, 12, 847, -411, -5, 156, 896, 47;
36, 225, 8, 803, -461, -26, 140, 878, 34;
41, 229, 14, 842, -426, 8, 160, 895, 56;
38, 226, 11, 806, -466, -6, 148, 882, 46;
36, 224, 11, 785, -490, -11, 142, 875, 43;
41, 228, 16, 823, -454, 23, 161, 892, 65;
37, 224, 13, 774, -505, 0, 144, 874, 51;
33, 220, 10, 735, -545, -15, 132, 860, 41;
31, 218, 8, 703, -576, -25, 122, 850, 35;
36, 222, 14, 742, -536, 11, 142, 869, 58;
30, 217, 10, 680, -596, -18, 120, 847, 39;
31, 217, 11, 677, -596, -8, 123, 849, 45;
32, 218, 13, 677, -593, 2, 127, 853, 52;
35, 221, 17, 693, -572, 25, 138, 863, 66;
32, 218, 14, 651, -609, 10, 124, 850, 57;
32, 218, 16, 647, -607, 20, 127, 853, 63;
33, 219, 17, 643, -605, 30, 130, 856, 69;
30, 217, 16, 609, -632, 20, 120, 847, 63;
22, 208, 8, 516, -716, -27, 86, 814, 33;
24, 211, 11, 526, -697, -7, 95, 824, 46;
19, 206, 7, 468, -745, -31, 76, 806, 31;
26, 214, 15, 522, -680, 18, 103, 835, 62;
24, 212, 14, 490, -702, 10, 95, 828, 57;
24, 212, 15, 476, -703, 16, 94, 829, 61;
19, 208, 11, 417, -749, -8, 75, 811, 45;
20, 209, 14, 416, -737, 5, 79, 818, 54;
13, 203, 8, 342, -796, -28, 54, 794, 33;
16, 206, 12, 352, -772, -6, 63, 806, 46;
17, 209, 14, 355, -752, 10, 70, 815, 57;
17, 209, 15, 339, -752, 16, 68, 816, 60;
9, 201, 8, 247, -827, -29, 35, 786, 32;
17, 210, 17, 308, -748, 26, 66, 820, 67;
16, 210, 17, 286, -752, 27, 62, 819, 68;
5, 200, 8, 177, -842, -28, 23, 783, 32;
12, 208, 15, 223, -776, 17, 47, 811, 62;
12, 208, 16, 207, -771, 23, 46, 814, 65;
10, 208, 16, 184, -773, 24, 42, 813, 66;
10, 209, 18, 170, -765, 31, 42, 817, 70;
1, 201, 10, 71, -842, -18, 7, 785, 39;
-1, 199, 7, 25, -865, -32, -6, 776, 30;
0, 202, 11, 30, -837, -12, 1, 788, 43;
2, 205, 13, 33, -810, 5, 8, 799, 54;
-3, 200, 9, -32, -851, -21, -13, 782, 37;
-4, 200, 9, -55, -849, -20, -17, 783, 38;
-5, 200, 9, -79, -849, -20, -21, 783, 38;
-4, 203, 12, -80, -823, -4, -16, 794, 48;
-7, 202, 10, -120, -837, -14, -27, 788, 41;
-7, 203, 11, -136, -826, -8, -28, 792, 45;
-2, 209, 17, -105, -768, 28, -10, 815, 68;
-9, 203, 12, -181, -816, -6, -36, 795, 46;
-12, 201, 9, -227, -834, -20, -49, 787, 38;
-13, 202, 10, -249, -827, -19, -53, 789, 39;
-9, 208, 15, -219, -768, 16, -35, 813, 61;
-11, 207, 14, -257, -777, 7, -45, 808, 55;
-9, 211, 17, -245, -736, 30, -35, 824, 70;
-10, 211, 17, -272, -733, 28, -40, 824, 68;
-19, 203, 9, -372, -803, -22, -77, 794, 36;
-13, 211, 16, -329, -729, 22, -53, 824, 64;
-18, 208, 12, -387, -756, -1, -72, 811, 49;
-24, 203, 8, -453, -791, -30, -94, 795, 32;
-21, 208, 12, -434, -741, -2, -82, 814, 49;
-21, 210, 13, -450, -725, 1, -83, 819, 51;
-22, 210, 12, -475, -720, -1, -89, 820, 50;
-19, 215, 17, -456, -669, 25, -76, 839, 66;
-20, 215, 16, -480, -661, 23, -81, 841, 65;
-23, 214, 15, -518, -667, 12, -92, 837, 58;
-21, 218, 17, -513, -630, 29, -85, 850, 69;
-25, 216, 15, -553, -638, 16, -97, 845, 60;
-24, 219, 17, -554, -607, 28, -93, 855, 68;
-28, 216, 14, -605, -626, 8, -110, 846, 55;
-25, 221, 18, -589, -578, 31, -99, 863, 70;
-34, 214, 9, -684, -640, -19, -134, 835, 38;
-31, 218, 13, -668, -592, 3, -123, 853, 52;
-35, 216, 10, -712, -604, -14, -137, 846, 42;
-38, 216, 8, -747, -607, -25, -148, 842, 34;
-33, 221, 13, -717, -545, 5, -131, 865, 54;
-31, 225, 16, -708, -504, 22, -124, 880, 65;
-31, 227, 17, -713, -478, 29, -123, 888, 69;
-34, 226, 15, -750, -483, 15, -134, 883, 60;
-33, 229, 17, -748, -450, 26, -130, 894, 67;
-41, 222, 9, -833, -503, -20, -162, 869, 38;
-35, 231, 16, -781, -420, 23, -137, 901, 65;
-44, 223, 8, -875, -484, -30, -173, 871, 32;
-39, 230, 13, -838, -416, 3, -155, 897, 52;
-37, 233, 16, -825, -373, 20, -147, 912, 63;
-38, 234, 15, -841, -359, 17, -151, 914, 61;
-37, 237, 17, -838, -326, 27, -147, 925, 67;
-39, 237, 16, -858, -317, 20, -153, 926, 63;
-46, 232, 10, -929, -359, -19, -179, 905, 39;
-41, 238, 14, -892, -293, 11, -162, 929, 58;
-38, 242, 18, -870, -243, 32, -151, 947, 71;
-39, 243, 17, -883, -228, 29, -154, 950, 69;
-49, 235, 7, -984, -302, -32, -194, 916, 30;
-49, 237, 9, -980, -271, -24, -191, 926, 35;
-41, 246, 16, -916, -180, 22, -163, 960, 64;
-46, 243, 12, -960, -199, -3, -180, 949, 48;
-50, 240, 8, -1005, -218, -29, -197, 938, 32;
-41, 251, 17, -921, -109, 29, -161, 980, 69;
-44, 249, 14, -953, -116, 11, -174, 973, 57;
-47, 248, 12, -979, -118, -3, -184, 969, 48;
-49, 248, 10, -999, -114, -14, -191, 967, 41;
-46, 251, 13, -980, -72, 0, -182, 981, 50;
-48, 251, 11, -994, -63, -8, -188, 982, 45;
-45, 255, 14, -971, -19, 7, -178, 997, 55;
-47, 254, 12, -990, -17, -4, -186, 994, 47;
-52, 252, 8, -1030, -36, -31, -202, 983, 31;
-49, 255, 10, -1010, 3, -18, -194, 996, 39;
-49, 256, 10, -1007, 26, -16, -193, 1002, 40;
-50, 257, 9, -1009, 41, -20, -195, 1005, 38;
-42, 266, 17, -937, 132, 26, -165, 1039, 67;
-44, 265, 14, -956, 130, 11, -174, 1035, 58;
-49, 261, 9, -999, 104, -19, -193, 1021, 38;
-49, 262, 9, -998, 121, -21, -193, 1024, 37;
-50, 263, 8, -1001, 133, -26, -195, 1026, 34;
-47, 266, 10, -975, 174, -13, -186, 1039, 42;
-48, 266, 9, -983, 180, -22, -191, 1039, 37;
-47, 269, 10, -964, 212, -14, -184, 1049, 42;
-44, 273, 13, -930, 258, 3, -172, 1065, 52;
-42, 275, 15, -907, 292, 13, -164, 1076, 59;
-45, 273, 11, -929, 281, -7, -175, 1068, 46;
-46, 273, 10, -937, 283, -18, -181, 1065, 39;
-40, 280, 15, -876, 354, 15, -158, 1092, 60;
-40, 281, 15, -867, 371, 15, -156, 1096, 60;
-40, 281, 14, -866, 380, 8, -158, 1096, 56;
-37, 285, 17, -827, 426, 26, -145, 1112, 67;
-44, 279, 9, -884, 374, -19, -171, 1088, 38;
-36, 287, 16, -807, 458, 24, -142, 1119, 66;
-35, 288, 17, -790, 478, 26, -138, 1125, 67;
-34, 290, 18, -769, 503, 31, -132, 1133, 70;
-34, 290, 16, -767, 508, 23, -135, 1132, 65;
-33, 292, 17, -747, 531, 27, -130, 1138, 67;
-36, 289, 13, -767, 512, 3, -141, 1128, 53;
-33, 292, 15, -732, 547, 16, -130, 1140, 61;
-30, 295, 18, -693, 586, 32, -118, 1153, 70;
-35, 290, 12, -732, 546, -4, -138, 1134, 48;
-32, 294, 14, -691, 585, 11, -125, 1148, 57;
-36, 290, 10, -718, 555, -18, -140, 1133, 39;
-28, 297, 16, -641, 629, 21, -112, 1161, 64;
-29, 297, 15, -634, 631, 13, -113, 1160, 59;
-31, 295, 12, -643, 617, -4, -121, 1152, 47;
-30, 295, 11, -628, 626, -7, -119, 1153, 46;
-29, 296, 12, -606, 641, -6, -115, 1158, 47;
-26, 299, 13, -569, 671, 5, -104, 1168, 54;
-21, 304, 17, -513, 719, 29, -85, 1186, 69;
-30, 295, 7, -585, 638, -31, -120, 1150, 31;
-21, 303, 16, -487, 726, 19, -84, 1185, 62;
-24, 301, 12, -499, 704, -2, -94, 1174, 49;
-25, 299, 10, -501, 690, -18, -99, 1167, 39;
-17, 307, 17, -411, 768, 27, -67, 1197, 67;
-16, 307, 16, -393, 773, 24, -65, 1198, 66;
-18, 304, 13, -400, 753, 4, -73, 1188, 53;
-20, 302, 11, -403, 736, -12, -79, 1180, 43;
-22, 300, 8, -407, 716, -30, -86, 1170, 32;
-14, 307, 14, -322, 786, 11, -56, 1198, 57;
-11, 309, 16, -285, 806, 20, -46, 1205, 63;
-17, 302, 9, -326, 748, -22, -68, 1180, 36;
-9, 310, 16, -235, 821, 21, -36, 1209, 64;
-16, 302, 8, -286, 751, -28, -63, 1179, 33;
-5, 312, 17, -176, 842, 29, -22, 1216, 69;
-11, 305, 10, -220, 778, -16, -46, 1189, 40;
-7, 308, 14, -162, 816, 6, -28, 1204, 54;
-4, 310, 15, -127, 830, 13, -19, 1210, 59;
-4, 309, 14, -110, 826, 8, -17, 1207, 56;
-7, 305, 10, -127, 786, -19, -30, 1191, 39;
-7, 304, 8, -114, 777, -26, -30, 1186, 34;
-4, 306, 11, -65, 802, -10, -15, 1196, 44;
-2, 307, 11, -35, 808, -7, -9, 1199, 46;
4, 313, 17, 45, 865, 30, 19, 1222, 70;
-2, 304, 9, -10, 784, -23, -10, 1189, 36;
0, 305, 9, 20, 789, -19, -2, 1191, 38;
5, 310, 15, 93, 836, 12, 21, 1211, 59;
6, 310, 15, 119, 836, 14, 27, 1211, 59;
9, 312, 17, 161, 851, 25, 38, 1217, 66;
8, 309, 14, 165, 827, 11, 34, 1208, 58;
11, 311, 16, 207, 842, 23, 46, 1215, 65;
12, 310, 16, 224, 831, 18, 48, 1211, 62;
7, 304, 10, 194, 772, -17, 30, 1187, 40;
7, 303, 9, 208, 757, -24, 30, 1182, 36;
15, 309, 16, 297, 817, 19, 62, 1208, 62;
18, 310, 17, 331, 821, 25, 70, 1210, 67;
10, 301, 8, 270, 731, -30, 40, 1174, 32;
19, 308, 16, 370, 801, 21, 76, 1204, 64;
22, 309, 17, 408, 808, 30, 86, 1208, 70;
20, 306, 14, 399, 769, 10, 78, 1193, 57;
14, 299, 8, 361, 699, -30, 56, 1166, 31;
19, 302, 11, 417, 725, -8, 75, 1178, 45;
22, 303, 14, 461, 737, 6, 88, 1184, 54;
25, 305, 15, 501, 745, 18, 99, 1190, 62;
25, 303, 15, 515, 727, 13, 100, 1184, 59;
25, 301, 13, 521, 702, 3, 98, 1175, 53;
25, 300, 12, 536, 685, 0, 99, 1170, 50;
29, 301, 15, 581, 698, 15, 113, 1177, 60;
27, 298, 12, 572, 657, -3, 105, 1162, 48;
27, 296, 11, 584, 637, -8, 106, 1156, 45;
29, 297, 13, 620, 640, 1, 116, 1159, 52;
26, 292, 8, 597, 585, -26, 102, 1139, 34;
32, 296, 14, 666, 623, 7, 127, 1156, 55;
33, 295, 14, 685, 610, 8, 130, 1153, 56;
34, 294, 14, 703, 595, 8, 134, 1150, 56;
36, 295, 15, 733, 593, 16, 142, 1151, 61;
30, 287, 8, 685, 513, -26, 118, 1121, 34;
32, 288, 10, 717, 514, -16, 128, 1123, 40;
36, 289, 12, 757, 521, 0, 141, 1129, 50;
39, 291, 15, 796, 529, 15, 153, 1135, 60;
36, 286, 11, 776, 478, -7, 142, 1116, 46;
40, 288, 14, 818, 488, 10, 156, 1124, 57;
36, 283, 10, 795, 435, -14, 143, 1104, 42;
43, 288, 16, 864, 473, 22, 169, 1123, 65;
38, 281, 11, 829, 407, -9, 151, 1099, 45;
39, 280, 11, 843, 391, -8, 154, 1095, 45;
45, 285, 17, 909, 427, 27, 179, 1113, 68;
40, 277, 11, 860, 349, -12, 156, 1083, 43;
37, 273, 8, 842, 301, -31, 146, 1067, 31;
42, 277, 12, 898, 328, 0, 167, 1081, 50;
42, 275, 12, 904, 306, -3, 167, 1075, 48;
45, 276, 14, 935, 309, 11, 178, 1079, 57;
48, 278, 17, 969, 315, 28, 190, 1085, 68;
47, 275, 15, 962, 279, 17, 185, 1074, 62;
43, 269, 11, 923, 214, -12, 167, 1050, 43;
42, 267, 10, 923, 187, -17, 166, 1042, 40;
42, 265, 9, 926, 164, -19, 165, 1035, 38;
46, 268, 13, 969, 181, 5, 182, 1046, 54;
42, 262, 9, 930, 118, -23, 165, 1023, 36;
43, 261, 10, 942, 105, -18, 169, 1021, 39;
43, 260, 10, 946, 85, -18, 170, 1016, 39;
49, 265, 15, 1002, 118, 17, 192, 1033, 61;
50, 264, 16, 1010, 102, 20, 195, 1030, 63;
48, 261, 14, 996, 66, 9, 189, 1018, 57;
50, 261, 16, 1012, 60, 19, 195, 1019, 63;
46, 256, 12, 978, 5, -3, 181, 1000, 48;
44, 253, 10, 958, -34, -16, 173, 987, 40;
47, 254, 13, 986, -27, 2, 184, 993, 52;
43, 249, 9, 945, -87, -24, 168, 972, 35;
43, 248, 9, 947, -104, -21, 169, 968, 37;
51, 255, 17, 1022, -47, 29, 200, 995, 69;
51, 254, 17, 1019, -67, 30, 200, 990, 69;
48, 249, 15, 989, -114, 12, 188, 974, 58;
50, 251, 17, 1010, -109, 29, 198, 979, 69;
50, 249, 17, 1001, -133, 26, 196, 973, 67;
45, 244, 13, 958, -191, 1, 179, 952, 51;
45, 242, 13, 951, -211, 1, 177, 947, 51;
45, 241, 13, 946, -230, 2, 177, 943, 52;
48, 243, 16, 966, -221, 20, 187, 950, 64;
48, 243, 17, 969, -230, 28, 190, 949, 68;
45, 239, 14, 936, -274, 11, 178, 934, 58;
48, 241, 18, 957, -263, 31, 189, 942, 70;
44, 236, 14, 914, -316, 9, 173, 923, 56;
45, 236, 15, 913, -325, 15, 175, 922, 60;
46, 237, 17, 923, -323, 29, 182, 926, 69;
38, 228, 10, 840, -413, -18, 150, 892, 39;
41, 230, 13, 858, -401, 1, 160, 900, 52;
36, 225, 8, 804, -460, -25, 141, 879, 35;
39, 228, 13, 829, -439, 0, 154, 890, 50;
38, 227, 12, 815, -458, -1, 151, 885, 50;
36, 224, 11, 783, -492, -12, 141, 874, 43;
38, 226, 14, 798, -479, 6, 151, 882, 55;
34, 221, 10, 751, -528, -14, 135, 864, 41;
31, 218, 8, 717, -563, -27, 124, 853, 34;
33, 219, 10, 721, -558, -13, 130, 857, 42;
34, 220, 12, 720, -558, -3, 133, 860, 48;
34, 221, 13, 717, -559, 5, 135, 862, 54;
37, 223, 17, 729, -545, 25, 144, 870, 66;
36, 222, 17, 713, -556, 27, 142, 868, 67;
26, 212, 8, 612, -654, -28, 104, 830, 33;
30, 216, 12, 633, -628, -2, 117, 843, 49;
29, 215, 13, 617, -637, 0, 115, 841, 51;
30, 216, 14, 615, -632, 11, 118, 845, 58;
29, 215, 14, 594, -647, 10, 114, 841, 57;
23, 210, 9, 527, -705, -20, 91, 819, 38;
22, 208, 9, 503, -720, -22, 86, 815, 36;
28, 215, 16, 550, -663, 22, 110, 840, 65;
28, 216, 18, 544, -659, 32, 112, 844, 71;
22, 210, 13, 473, -718, 0, 88, 821, 50;
22, 210, 13, 459, -720, 5, 87, 822, 54;
22, 210, 14, 444, -722, 9, 86, 822, 56;
24, 214, 18, 456, -697, 32, 96, 834, 71;
18, 208, 13, 390, -748, 3, 74, 814, 53;
20, 210, 16, 389, -734, 18, 79, 821, 62;
16, 207, 13, 340, -768, 0, 63, 809, 51;
10, 201, 8, 268, -823, -31, 39, 787, 31;
13, 205, 12, 284, -790, -5, 51, 802, 47;
16, 209, 16, 298, -758, 20, 62, 816, 63;
15, 210, 17, 284, -754, 26, 62, 819, 67;
10, 205, 13, 222, -797, 1, 41, 802, 51;
13, 209, 17, 237, -762, 27, 53, 817, 67;
8, 205, 13, 178, -800, 4, 34, 801, 53;
10, 208, 16, 180, -777, 22, 41, 812, 64;
2, 200, 9, 88, -847, -22, 8, 783, 36;
9, 209, 18, 145, -768, 31, 37, 816, 70;
0, 200, 9, 38, -852, -23, 0, 782, 36;
1, 203, 12, 45, -822, -2, 7, 794, 49;
-1, 201, 10, -1, -845, -17, -6, 785, 40;
2, 206, 15, 20, -799, 13, 8, 804, 59;
-3, 201, 10, -49, -843, -16, -14, 786, 40;
-2, 203, 12, -54, -823, -3, -11, 794, 49;
-1, 205, 14, -58, -802, 10, -7, 802, 57;
-2, 206, 15, -78, -795, 13, -10, 805, 59;
-9, 201, 9, -152, -842, -19, -35, 785, 38;
-12, 199, 8, -194, -857, -31, -47, 778, 31;
-9, 203, 11, -185, -820, -9, -37, 793, 45;
-9, 205, 13, -193, -800, 1, -35, 801, 52;
-12, 203, 11, -237, -815, -11, -48, 794, 43;
-14, 203, 10, -270, -819, -17, -56, 791, 40;
-17, 201, 8, -310, -830, -27, -67, 786, 33;
-9, 210, 17, -253, -744, 25, -38, 821, 66;
-18, 203, 9, -349, -810, -22, -72, 792, 36;
-11, 212, 18, -290, -721, 32, -43, 828, 70;
-20, 205, 10, -388, -788, -17, -78, 799, 40;
-20, 206, 11, -402, -771, -11, -79, 805, 43;
-15, 212, 16, -372, -710, 23, -61, 829, 65;
-20, 208, 12, -434, -741, -2, -81, 814, 49;
-18, 212, 16, -424, -699, 18, -72, 830, 62;
-26, 206, 8, -513, -757, -26, -104, 805, 34;
-19, 214, 16, -460, -673, 23, -77, 838, 65;
-26, 209, 11, -535, -716, -12, -104, 818, 43;
-25, 213, 13, -531, -680, 3, -97, 831, 53;
-30, 209, 9, -591, -708, -22, -117, 818, 37;
-29, 212, 11, -597, -682, -12, -115, 827, 42;
-25, 217, 16, -569, -622, 18, -99, 849, 62;
-33, 211, 8, -658, -678, -27, -132, 824, 34;
-30, 216, 13, -634, -622, 1, -117, 845, 51;
-34, 214, 9, -685, -642, -20, -134, 835, 38;
-35, 214, 9, -705, -629, -21, -138, 838, 37;
-31, 220, 14, -679, -571, 7, -124, 859, 55;
-30, 223, 16, -673, -533, 23, -117, 872, 65;
-36, 219, 11, -743, -571, -11, -142, 855, 43;
-32, 225, 16, -711, -507, 20, -125, 878, 63;
-33, 225, 15, -730, -495, 17, -130, 881, 62;
-34, 226, 15, -751, -484, 14, -135, 883, 59;
-33, 229, 17, -749, -450, 26, -130, 894, 67;
-39, 225, 12, -811, -482, -5, -153, 878, 47;
-41, 224, 10, -843, -482, -17, -163, 875, 40;
-35, 232, 17, -788, -397, 27, -137, 907, 68;
-42, 227, 11, -862, -440, -12, -165, 887, 43;
-40, 231, 13, -851, -398, 3, -157, 901, 53;
-45, 228, 9, -902, -420, -23, -176, 889, 36;
-40, 234, 14, -868, -356, 7, -159, 913, 55;
-47, 228, 7, -939, -398, -32, -186, 892, 30;
-40, 237, 15, -876, -306, 15, -158, 927, 60;
-38, 241, 17, -864, -266, 30, -151, 941, 69;
-47, 234, 9, -951, -324, -21, -184, 913, 37;
-39, 243, 17, -884, -230, 28, -155, 949, 68;
-48, 236, 9, -970, -288, -23, -189, 922, 36;
-40, 246, 17, -899, -190, 28, -157, 959, 68;
-46, 241, 11, -964, -228, -9, -183, 940, 44;
-44, 245, 14, -942, -180, 8, -172, 957, 56;
-40, 250, 18, -912, -125, 32, -159, 976, 71;
-45, 247, 13, -961, -149, 2, -178, 963, 52;
-44, 249, 14, -954, -117, 10, -174, 973, 57;
-46, 249, 13, -970, -108, 2, -180, 973, 52;
-43, 254, 16, -942, -57, 23, -167, 991, 65;
-47, 251, 12, -983, -75, -2, -184, 980, 49;
-48, 251, 11, -993, -62, -7, -187, 982, 46;
-44, 257, 15, -956, -4, 17, -172, 1003, 61;
-46, 256, 13, -977, -3, 4, -180, 1000, 53;
-45, 258, 14, -968, 25, 9, -177, 1008, 57;
-50, 255, 9, -1014, 0, -20, -196, 994, 38;
-51, 254, 8, -1025, 7, -29, -201, 994, 32;
-45, 262, 14, -966, 85, 8, -177, 1023, 56;
-51, 257, 7, -1026, 43, -32, -202, 1002, 30;
-49, 260, 9, -1005, 81, -20, -194, 1015, 38;
-41, 269, 17, -926, 177, 29, -162, 1051, 69;
-48, 264, 10, -986, 132, -13, -188, 1029, 42;
-44, 269, 14, -946, 188, 9, -173, 1049, 57;
-49, 265, 9, -990, 158, -23, -192, 1033, 36;
-41, 273, 16, -916, 247, 22, -163, 1066, 64;
-44, 271, 13, -941, 234, 0, -175, 1058, 51;
-42, 274, 15, -913, 275, 14, -165, 1072, 60;
-45, 272, 11, -941, 259, -9, -178, 1062, 45;
-40, 278, 17, -881, 329, 24, -156, 1088, 66;
-46, 273, 9, -938, 282, -19, -181, 1065, 38;
-45, 274, 10, -924, 305, -16, -178, 1071, 40;
-45, 275, 10, -917, 320, -18, -177, 1075, 39;
-39, 282, 15, -856, 389, 14, -154, 1100, 60;
-42, 279, 11, -881, 372, -9, -167, 1090, 45;
-37, 285, 16, -826, 432, 19, -147, 1112, 62;
-39, 284, 13, -836, 428, 4, -154, 1107, 53;
-35, 288, 17, -793, 476, 24, -139, 1124, 66;
-42, 282, 10, -845, 428, -18, -164, 1101, 39;
-41, 283, 10, -828, 447, -17, -160, 1107, 40;
-36, 288, 13, -780, 498, 5, -143, 1125, 54;
-40, 285, 9, -804, 475, -20, -157, 1113, 38;
-34, 291, 15, -737, 542, 13, -133, 1138, 59;
-39, 287, 9, -775, 504, -22, -152, 1119, 36;
-39, 287, 8, -768, 510, -28, -152, 1120, 33;
-29, 296, 16, -671, 605, 24, -116, 1156, 66;
-37, 288, 8, -736, 538, -29, -147, 1126, 32;
-35, 291, 9, -706, 564, -21, -139, 1135, 37;
-33, 292, 10, -677, 588, -15, -131, 1142, 41;
-26, 299, 16, -603, 658, 22, -104, 1169, 64;
-27, 299, 15, -596, 659, 14, -106, 1167, 59;
-28, 298, 13, -595, 652, 1, -110, 1162, 51;
-30, 296, 10, -603, 637, -16, -118, 1154, 40;
-26, 299, 13, -555, 677, 1, -103, 1168, 52;
-22, 303, 15, -510, 713, 18, -88, 1182, 62;
-20, 305, 17, -476, 737, 26, -79, 1189, 67;
-26, 298, 10, -521, 682, -17, -103, 1165, 40;
-27, 297, 7, -521, 670, -31, -108, 1158, 31;
-25, 298, 8, -492, 687, -27, -101, 1164, 34;
-21, 302, 12, -436, 730, -4, -82, 1180, 48;
-17, 305, 14, -390, 762, 11, -69, 1192, 57;
-16, 306, 15, -366, 773, 12, -64, 1195, 58;
-18, 303, 11, -376, 747, -9, -73, 1183, 45;
-21, 300, 8, -384, 723, -30, -82, 1172, 32;
-16, 304, 11, -330, 761, -10, -65, 1186, 44;
-19, 301, 7, -340, 733, -32, -74, 1174, 30;
-11, 308, 14, -255, 801, 8, -44, 1201, 56;
-11, 307, 13, -242, 796, 1, -44, 1198, 51;
-14, 303, 9, -257, 762, -24, -56, 1183, 35;
-4, 312, 17, -151, 848, 30, -17, 1218, 69;
-7, 308, 13, -165, 813, 4, -29, 1203, 53;
-10, 305, 10, -175, 782, -18, -39, 1189, 39;
-2, 311, 16, -93, 842, 19, -10, 1214, 63;
-1, 311, 16, -66, 847, 21, -5, 1216, 64;
-4, 307, 12, -82, 809, -5, -17, 1199, 47;
-1, 309, 13, -44, 823, 3, -7, 1205, 53;
1, 311, 15, 2, 846, 18, 6, 1215, 62;
-1, 306, 11, -16, 803, -10, -6, 1197, 44;
-3, 303, 7, -23, 770, -32, -15, 1183, 30;
5, 311, 16, 80, 849, 20, 22, 1216, 63;
1, 306, 11, 58, 801, -10, 7, 1196, 44;
2, 305, 10, 74, 791, -16, 8, 1192, 40;
3, 305, 10, 100, 790, -14, 13, 1192, 41;
9, 310, 15, 174, 837, 17, 38, 1212, 62;
10, 310, 15, 196, 831, 16, 42, 1210, 61;
4, 302, 7, 147, 754, -32, 16, 1179, 30;
5, 302, 8, 177, 755, -28, 23, 1180, 33;
8, 303, 9, 209, 759, -23, 31, 1183, 36;
8, 302, 9, 231, 751, -24, 34, 1180, 35;
15, 307, 14, 304, 794, 8, 59, 1199, 56;
12, 303, 10, 293, 754, -14, 49, 1183, 41;
21, 310, 18, 387, 817, 32, 83, 1211, 70;
21, 309, 17, 402, 802, 27, 84, 1206, 67;
23, 309, 18, 433, 802, 32, 91, 1207, 71;
20, 305, 14, 418, 756, 7, 80, 1190, 55;
24, 307, 17, 470, 777, 27, 97, 1200, 67;
18, 299, 9, 420, 696, -20, 71, 1168, 38;
25, 305, 16, 504, 748, 20, 101, 1191, 63;
27, 305, 16, 529, 742, 22, 106, 1190, 65;
20, 297, 9, 481, 662, -23, 81, 1158, 36;
28, 303, 16, 565, 714, 18, 111, 1182, 62;
24, 297, 11, 538, 655, -12, 96, 1159, 42;
27, 298, 12, 574, 659, -2, 106, 1163, 49;
33, 302, 17, 642, 695, 29, 129, 1180, 69;
27, 295, 11, 601, 621, -10, 108, 1151, 44;
33, 299, 16, 664, 652, 18, 130, 1167, 62;
30, 294, 12, 645, 601, -6, 118, 1147, 46;
27, 289, 8, 626, 551, -30, 106, 1129, 31;
38, 298, 18, 738, 630, 31, 148, 1164, 70;
34, 292, 13, 710, 570, 1, 132, 1142, 51;
37, 294, 15, 751, 579, 17, 145, 1148, 61;
31, 286, 9, 704, 501, -24, 123, 1118, 35;
39, 293, 16, 789, 553, 21, 154, 1143, 64;
40, 292, 16, 805, 538, 21, 157, 1139, 64;
35, 285, 10, 764, 466, -15, 137, 1112, 41;
43, 291, 17, 847, 517, 29, 168, 1136, 69;
43, 289, 17, 858, 497, 27, 169, 1130, 68;
43, 288, 17, 868, 477, 25, 170, 1125, 66;
35, 278, 8, 801, 380, -27, 140, 1087, 33;
45, 286, 17, 897, 445, 28, 177, 1117, 68;
45, 284, 16, 901, 419, 22, 175, 1109, 64;
43, 281, 14, 892, 380, 8, 169, 1096, 56;
39, 275, 9, 857, 316, -21, 152, 1073, 37;
44, 278, 14, 910, 340, 6, 172, 1086, 55;
46, 279, 16, 938, 339, 19, 181, 1089, 62;
47, 278, 16, 949, 322, 20, 184, 1085, 63;
40, 270, 9, 892, 237, -23, 158, 1053, 36;
48, 276, 16, 971, 288, 23, 189, 1077, 65;
45, 271, 13, 943, 233, 0, 175, 1058, 51;
44, 269, 12, 939, 204, -6, 173, 1049, 46;
40, 264, 8, 911, 149, -29, 159, 1029, 32;
43, 265, 10, 940, 152, -13, 170, 1034, 42;
42, 262, 9, 929, 117, -24, 165, 1023, 35;
44, 263, 11, 955, 118, -10, 174, 1026, 44;
51, 268, 17, 1019, 157, 29, 200, 1046, 69;
50, 265, 16, 1011, 126, 22, 196, 1037, 65;
47, 261, 13, 982, 74, 1, 183, 1018, 51;
50, 263, 17, 1018, 88, 24, 198, 1028, 66;
49, 260, 15, 1003, 51, 13, 191, 1016, 59;
42, 252, 8, 941, -32, -28, 165, 984, 33;
50, 259, 16, 1017, 23, 22, 197, 1011, 64;
50, 258, 16, 1017, 3, 23, 197, 1006, 65;
48, 254, 14, 995, -37, 9, 188, 993, 56;
44, 249, 10, 953, -98, -17, 171, 971, 40;
48, 252, 14, 992, -77, 10, 188, 983, 57;
50, 252, 16, 1006, -80, 21, 195, 985, 64;
42, 244, 9, 933, -169, -24, 165, 951, 35;
49, 250, 16, 998, -120, 21, 193, 975, 64;
48, 247, 15, 981, -154, 13, 187, 964, 59;
46, 244, 13, 962, -187, 4, 180, 954, 53;
42, 240, 10, 925, -238, -16, 167, 936, 40;
48, 245, 16, 977, -198, 23, 190, 956, 65;
42, 237, 10, 914, -274, -14, 165, 928, 42;
47, 242, 16, 959, -241, 21, 186, 945, 64;
39, 233, 8, 877, -333, -27, 154, 910, 33;
45, 239, 15, 932, -288, 15, 179, 932, 60;
43, 235, 13, 903, -327, 1, 169, 919, 52;
39, 230, 9, 859, -379, -20, 153, 900, 38;
43, 234, 14, 892, -354, 8, 169, 914, 56;
41, 232, 13, 872, -381, 3, 163, 905, 52;
38, 228, 10, 832, -427, -15, 149, 889, 41;
36, 226, 9, 811, -453, -21, 144, 881, 37;
36, 224, 9, 798, -471, -21, 141, 877, 37;
37, 225, 11, 799, -474, -11, 144, 879, 43;
33, 221, 8, 758, -517, -29, 131, 863, 32;
35, 223, 10, 768, -510, -13, 138, 869, 42;
40, 227, 16, 804, -475, 20, 157, 886, 63;
32, 218, 8, 718, -561, -26, 125, 853, 34;
35, 221, 12, 738, -541, -1, 137, 864, 49;
36, 222, 14, 739, -539, 9, 141, 868, 56;
34, 221, 13, 716, -560, 5, 135, 861, 54;
34, 220, 14, 702, -572, 7, 133, 859, 55;
30, 216, 11, 656, -614, -11, 118, 844, 43;
36, 222, 17, 699, -567, 29, 140, 866, 69;
26, 212, 8, 594, -666, -27, 101, 827, 33;
30, 216, 14, 627, -628, 6, 119, 845, 55;
27, 214, 12, 590, -658, -5, 108, 834, 47;
23, 210, 9, 540, -700, -25, 92, 819, 35;
27, 214, 14, 567, -665, 6, 107, 835, 54;
26, 213, 14, 548, -674, 7, 105, 834, 55;
24, 212, 13, 519, -694, 1, 97, 827, 52;
23, 210, 12, 491, -712, -2, 90, 822, 49;
19, 207, 10, 445, -746, -18, 76, 809, 39;
19, 207, 10, 431, -748, -13, 75, 810, 42;
23, 211, 15, 453, -713, 15, 89, 826, 60;
17, 207, 11, 392, -760, -9, 69, 808, 44;
14, 204, 9, 350, -788, -22, 57, 798, 36;
21, 211, 17, 399, -725, 24, 82, 825, 66;
14, 205, 11, 323, -784, -10, 56, 802, 44;
11, 203, 9, 285, -806, -20, 46, 794, 38;
17, 209, 16, 324, -750, 21, 67, 818, 64;
17, 211, 17, 314, -742, 30, 69, 823, 70;
16, 210, 17, 290, -747, 30, 64, 821, 70;
9, 204, 12, 210, -808, -6, 37, 797, 46;
11, 207, 15, 217, -781, 14, 45, 809, 59;
4, 200, 8, 132, -846, -26, 15, 782, 34;
12, 209, 18, 196, -761, 32, 47, 818, 71;
1, 199, 8, 77, -858, -30, 4, 778, 32;
8, 208, 16, 134, -779, 23, 33, 811, 65;
5, 205, 14, 87, -803, 9, 19, 802, 56;
6, 208, 16, 86, -781, 24, 24, 811, 66;
5, 208, 17, 68, -775, 29, 22, 814, 69;
0, 204, 13, 5, -814, 3, 2, 798, 53;
2, 208, 17, 12, -782, 24, 10, 811, 66;
-2, 204, 13, -49, -818, 0, -9, 796, 50;
-7, 200, 9, -111, -854, -24, -29, 781, 35;
-7, 201, 10, -125, -841, -17, -29, 786, 40;
-6, 203, 12, -132, -822, -6, -27, 793, 46;
-8, 203, 11, -162, -825, -9, -33, 792, 44;
-12, 200, 8, -213, -848, -27, -49, 782, 33;
-6, 207, 15, -173, -780, 15, -27, 809, 60;
-11, 204, 12, -227, -805, -4, -43, 798, 48;
-9, 208, 15, -220, -769, 16, -35, 812, 61;
-15, 203, 10, -290, -811, -15, -59, 794, 41;
-13, 207, 13, -285, -775, 4, -51, 808, 53;
-18, 203, 9, -346, -806, -20, -71, 794, 38;
-16, 206, 12, -344, -774, -3, -65, 806, 48;
-12, 212, 17, -319, -719, 28, -49, 828, 68;
-14, 211, 16, -350, -719, 22, -57, 826, 65;
-15, 212, 16, -374, -712, 22, -62, 828, 64;
-15, 214, 17, -384, -692, 30, -61, 835, 69;
-25, 206, 9, -485, -761, -22, -98, 804, 37;
-24, 209, 11, -486, -730, -8, -93, 816, 45;
-19, 214, 16, -460, -673, 23, -77, 838, 65;
-20, 216, 17, -475, -656, 27, -79, 843, 68;
-28, 209, 10, -564, -713, -18, -111, 817, 39;
-31, 208, 8, -605, -722, -31, -123, 812, 31;
-29, 212, 11, -591, -676, -8, -113, 829, 45;
-26, 216, 14, -582, -634, 10, -104, 844, 57;
-27, 217, 14, -601, -622, 10, -108, 847, 57;
-30, 216, 12, -640, -628, -2, -120, 843, 49;
-26, 222, 17, -609, -565, 30, -103, 866, 69;
-29, 220, 15, -649, -574, 15, -115, 861, 60;
-29, 223, 17, -653, -545, 25, -113, 870, 66;
-35, 219, 11, -719, -579, -7, -136, 854, 46;
-32, 223, 15, -700, -528, 16, -125, 872, 61;
-33, 223, 14, -725, -521, 10, -131, 872, 57;
-31, 227, 17, -717, -481, 27, -124, 886, 67;
-40, 220, 9, -804, -537, -20, -157, 861, 38;
-38, 224, 12, -791, -493, -1, -148, 876, 49;
-39, 224, 11, -815, -485, -8, -154, 877, 45;
-35, 230, 16, -784, -424, 21, -139, 899, 64;
-41, 226, 11, -847, -455, -11, -161, 883, 44;
-37, 231, 15, -821, -399, 14, -148, 904, 60;
-42, 228, 11, -874, -422, -12, -167, 891, 43;
-40, 233, 14, -854, -372, 9, -156, 909, 56;
-46, 228, 8, -925, -413, -30, -183, 889, 31;
-42, 233, 12, -892, -351, -1, -166, 912, 50;
-40, 237, 15, -878, -308, 14, -158, 926, 59;
-40, 239, 16, -879, -281, 19, -157, 935, 63;
-44, 237, 12, -922, -295, -2, -172, 926, 49;
-42, 241, 15, -907, -252, 13, -164, 940, 59;
-44, 240, 13, -929, -247, 3, -172, 939, 53;
-44, 242, 14, -932, -223, 6, -171, 946, 55;
-42, 245, 16, -921, -185, 18, -165, 958, 62;
-50, 239, 8, -998, -236, -28, -196, 934, 33;
-49, 241, 9, -998, -211, -24, -194, 941, 35;
-41, 250, 17, -925, -112, 27, -163, 978, 68;
-44, 249, 14, -955, -118, 10, -174, 973, 57;
-44, 250, 14, -958, -97, 10, -175, 978, 57;
-45, 251, 13, -969, -84, 5, -178, 980, 54;
-48, 249, 11, -997, -89, -11, -190, 974, 43;
-51, 249, 8, -1020, -90, -25, -199, 971, 34;
-42, 259, 17, -939, 12, 28, -165, 1010, 68;
-43, 259, 16, -951, 22, 21, -170, 1010, 64;
-47, 257, 13, -983, 10, 0, -183, 1002, 51;
-48, 256, 11, -997, 15, -9, -189, 1001, 44;
-49, 257, 10, -1002, 31, -13, -191, 1004, 42;
-51, 256, 8, -1024, 26, -30, -201, 999, 32;
-47, 261, 11, -988, 81, -7, -187, 1018, 46;
-45, 264, 13, -966, 120, 5, -178, 1031, 54;
-41, 269, 17, -924, 179, 30, -162, 1052, 69;
-45, 267, 14, -955, 163, 6, -175, 1042, 55;
-48, 264, 10, -987, 147, -17, -190, 1032, 40;
-40, 273, 17, -909, 240, 30, -159, 1067, 70;
-44, 270, 13, -941, 221, 5, -173, 1056, 54;
-40, 275, 17, -899, 277, 28, -157, 1076, 68;
-45, 271, 12, -945, 243, -6, -178, 1058, 46;
-46, 271, 10, -951, 249, -15, -182, 1058, 41;
-39, 279, 17, -879, 331, 26, -155, 1088, 67;
-42, 277, 14, -899, 322, 7, -165, 1081, 55;
-48, 272, 7, -948, 282, -31, -187, 1062, 31;
-39, 281, 15, -864, 374, 16, -155, 1097, 61;
-41, 280, 13, -872, 374, 4, -161, 1094, 53;
-44, 278, 10, -894, 359, -17, -172, 1084, 39;
-36, 286, 17, -818, 441, 24, -144, 1115, 66;
-39, 284, 14, -833, 431, 6, -153, 1108, 55;
-36, 287, 15, -804, 464, 17, -144, 1119, 61;
-39, 285, 13, -816, 456, 0, -152, 1113, 51;
-40, 284, 10, -823, 453, -13, -158, 1109, 42;
-37, 288, 13, -782, 496, 4, -144, 1124, 53;
-38, 286, 11, -790, 489, -11, -151, 1118, 43;
-32, 293, 17, -718, 561, 26, -125, 1146, 67;
-34, 291, 14, -731, 548, 7, -134, 1138, 55;
-33, 292, 14, -714, 563, 6, -130, 1142, 55;
-31, 294, 15, -689, 587, 12, -124, 1149, 58;
-31, 295, 15, -672, 601, 12, -121, 1152, 58;
-32, 294, 12, -676, 594, -2, -127, 1147, 49;
-26, 300, 17, -610, 655, 29, -103, 1170, 69;
-34, 292, 9, -672, 589, -23, -133, 1140, 36;
-26, 300, 16, -587, 668, 20, -102, 1171, 63;
-25, 300, 15, -570, 677, 18, -100, 1173, 62;
-30, 295, 10, -604, 636, -17, -118, 1153, 39;
-26, 300, 13, -551, 681, 4, -101, 1170, 53;
-27, 298, 11, -552, 670, -10, -106, 1164, 44;
-22, 302, 15, -497, 716, 12, -88, 1181, 58;
-20, 304, 16, -467, 735, 18, -80, 1187, 62;
-25, 299, 10, -497, 694, -15, -98, 1168, 41;
-21, 303, 13, -450, 729, 1, -83, 1181, 51;
-20, 303, 13, -427, 739, 1, -79, 1184, 51;
-17, 306, 15, -387, 766, 13, -67, 1193, 59;
-14, 308, 16, -348, 790, 24, -56, 1202, 65;
-12, 309, 17, -317, 806, 29, -48, 1208, 69;
-19, 302, 9, -369, 738, -20, -76, 1178, 38;
-11, 309, 17, -277, 814, 25, -43, 1208, 66;
-15, 304, 11, -304, 770, -8, -59, 1189, 45;
-13, 306, 12, -271, 785, -2, -51, 1194, 49;
-13, 305, 11, -259, 779, -9, -51, 1191, 44;
-13, 304, 10, -247, 771, -17, -52, 1187, 39;
-6, 310, 15, -171, 827, 16, -26, 1210, 61;
-8, 307, 12, -178, 800, -4, -34, 1198, 48;
-10, 304, 9, -179, 778, -20, -40, 1188, 37;
-7, 307, 11, -133, 802, -7, -27, 1197, 46;
0, 312, 16, -63, 850, 23, -3, 1217, 65;
0, 311, 15, -46, 844, 18, -2, 1214, 62;
1, 312, 17, -10, 857, 25, 6, 1219, 67;
-2, 307, 11, -40, 803, -10, -11, 1197, 44;
0, 308, 12, -2, 816, -1, -1, 1202, 49;
5, 313, 17, 68, 863, 29, 22, 1222, 69;
4, 310, 15, 68, 837, 12, 17, 1211, 58;
0, 305, 9, 44, 787, -19, 1, 1191, 38;
0, 304, 9, 61, 778, -24, 2, 1187, 35;
8, 311, 15, 150, 840, 18, 34, 1213, 62;
2, 303, 8, 101, 763, -30, 8, 1182, 31;
12, 311, 17, 210, 845, 25, 47, 1216, 66;
14, 312, 17, 242, 849, 30, 55, 1218, 70;
7, 304, 9, 190, 768, -19, 28, 1186, 38;
16, 311, 17, 290, 839, 30, 64, 1216, 69;
8, 302, 8, 225, 745, -28, 32, 1178, 33;
12, 304, 11, 276, 767, -10, 48, 1188, 44;
17, 308, 15, 340, 801, 16, 69, 1203, 61;
13, 302, 10, 313, 744, -16, 52, 1180, 40;
21, 309, 17, 400, 800, 25, 83, 1205, 66;
21, 307, 16, 415, 784, 20, 84, 1200, 63;
19, 303, 12, 406, 744, 0, 75, 1185, 50;
25, 307, 17, 472, 779, 28, 97, 1200, 68;
23, 305, 15, 473, 749, 14, 93, 1189, 59;
24, 304, 15, 494, 738, 13, 96, 1187, 59;
19, 297, 9, 459, 671, -24, 77, 1161, 35;
22, 298, 10, 492, 673, -16, 86, 1163, 40;
21, 295, 8, 493, 642, -29, 82, 1152, 32;
25, 298, 12, 549, 667, -5, 100, 1164, 47;
23, 294, 8, 539, 624, -25, 91, 1148, 35;
24, 294, 9, 562, 615, -23, 96, 1147, 36;
31, 299, 15, 635, 656, 12, 122, 1166, 58;
26, 292, 9, 599, 587, -24, 103, 1140, 35;
35, 299, 17, 697, 653, 27, 139, 1169, 68;
31, 293, 11, 662, 586, -7, 121, 1144, 46;
38, 298, 18, 739, 632, 32, 149, 1165, 71;
32, 291, 11, 695, 555, -8, 126, 1135, 45;
35, 292, 13, 733, 561, 5, 138, 1140, 54;
32, 287, 9, 710, 506, -20, 125, 1120, 38;
32, 286, 9, 724, 489, -22, 127, 1116, 37;
39, 290, 15, 792, 525, 12, 152, 1133, 58;
32, 282, 7, 740, 441, -32, 127, 1101, 30;
39, 288, 14, 816, 487, 9, 155, 1123, 56;
39, 285, 13, 816, 456, 0, 152, 1113, 50;
37, 282, 11, 812, 421, -11, 147, 1101, 43;
39, 282, 12, 833, 412, -6, 153, 1100, 47;
39, 280, 11, 841, 389, -9, 153, 1094, 44;
37, 276, 8, 826, 344, -27, 144, 1078, 33;
41, 279, 12, 874, 363, -2, 162, 1089, 49;
45, 281, 16, 920, 379, 20, 178, 1099, 63;
47, 282, 17, 943, 373, 29, 186, 1100, 69;
43, 276, 12, 907, 308, -1, 168, 1076, 50;
48, 279, 17, 959, 332, 26, 188, 1089, 67;
43, 272, 11, 915, 260, -8, 168, 1062, 45;
42, 269, 10, 910, 228, -16, 164, 1052, 40;
44, 270, 12, 935, 226, -5, 172, 1054, 47;
40, 265, 8, 903, 167, -30, 158, 1034, 31;
42, 265, 10, 928, 166, -18, 166, 1036, 39;
45, 266, 12, 954, 166, -4, 176, 1040, 48;
50, 270, 17, 1004, 192, 25, 196, 1054, 66;
46, 265, 13, 974, 137, 2, 182, 1034, 52;
51, 268, 18, 1022, 161, 32, 201, 1048, 71;
46, 262, 13, 977, 92, 0, 182, 1023, 51;
42, 256, 9, 941, 34, -25, 167, 1002, 35;
42, 255, 8, 942, 12, -26, 166, 996, 34;
49, 261, 16, 1010, 58, 18, 194, 1019, 62;
51, 261, 17, 1025, 52, 28, 201, 1020, 68;
47, 256, 13, 987, -6, 2, 184, 998, 52;
50, 257, 16, 1012, -1, 19, 195, 1004, 63;
42, 248, 8, 939, -93, -27, 165, 969, 33;
43, 248, 9, 945, -106, -23, 168, 967, 36;
45, 248, 11, 963, -106, -9, 176, 971, 45;
47, 249, 13, 980, -106, 4, 184, 974, 53;
50, 252, 17, 1012, -91, 27, 198, 984, 68;
41, 241, 8, 918, -201, -31, 160, 942, 31;
41, 240, 8, 919, -215, -27, 162, 939, 33;
50, 248, 17, 998, -150, 28, 196, 969, 68;
40, 238, 8, 907, -255, -28, 159, 929, 33;
47, 244, 15, 969, -207, 17, 186, 952, 62;
46, 241, 14, 950, -237, 10, 180, 943, 57;
48, 243, 17, 970, -229, 28, 190, 950, 68;
43, 237, 12, 914, -296, -3, 169, 925, 48;
44, 237, 13, 915, -305, 3, 172, 924, 53;
44, 236, 14, 910, -319, 7, 172, 922, 55;
43, 234, 13, 894, -344, 2, 167, 914, 52;
42, 233, 13, 883, -363, 2, 165, 910, 52;
45, 235, 17, 906, -346, 26, 178, 920, 67;
37, 227, 9, 825, -434, -20, 146, 886, 38;
45, 234, 18, 890, -374, 31, 176, 914, 70;
41, 230, 14, 848, -421, 11, 162, 898, 58;
37, 225, 11, 800, -472, -10, 145, 879, 44;
34, 222, 9, 765, -510, -24, 134, 866, 35;
41, 228, 16, 820, -458, 21, 160, 891, 64;
35, 222, 11, 761, -518, -7, 139, 869, 46;
33, 219, 9, 728, -551, -19, 129, 857, 38;
31, 218, 9, 705, -574, -24, 123, 851, 35;
32, 218, 10, 702, -576, -15, 125, 852, 41;
35, 221, 14, 719, -557, 7, 136, 863, 55;
29, 215, 9, 655, -618, -23, 114, 840, 36;
32, 218, 13, 674, -596, 0, 126, 851, 51;
27, 213, 8, 615, -651, -26, 105, 831, 34;
32, 218, 14, 654, -607, 11, 126, 851, 58;
27, 214, 11, 601, -653, -10, 108, 834, 44;
23, 210, 8, 554, -694, -29, 93, 820, 32;
27, 213, 12, 572, -668, -3, 105, 832, 48;
22, 209, 9, 520, -712, -24, 88, 816, 35;
24, 211, 12, 529, -693, -4, 97, 826, 47;
21, 208, 9, 484, -729, -21, 83, 813, 37;
23, 211, 12, 494, -709, 0, 92, 823, 50;
24, 212, 14, 488, -703, 9, 94, 827, 57;
21, 210, 13, 453, -726, 1, 85, 819, 51;
18, 207, 11, 414, -752, -9, 73, 810, 44;
18, 207, 11, 397, -756, -7, 71, 810, 46;
15, 205, 10, 357, -782, -18, 60, 800, 39;
13, 203, 9, 325, -798, -24, 52, 795, 35;
21, 212, 18, 386, -722, 31, 82, 828, 70;
18, 210, 16, 352, -739, 24, 74, 822, 66;
15, 207, 14, 304, -770, 8, 59, 810, 56;
17, 210, 17, 314, -742, 30, 69, 822, 69;
12, 206, 13, 250, -788, 3, 47, 804, 53;
13, 208, 16, 251, -767, 20, 54, 814, 63;
4, 200, 8, 149, -850, -31, 17, 780, 31;
11, 207, 16, 200, -779, 18, 43, 810, 62;
7, 205, 13, 152, -805, 3, 29, 800, 52;
9, 207, 16, 152, -783, 19, 35, 810, 63;
9, 209, 18, 146, -768, 31, 38, 816, 70;
6, 207, 16, 102, -788, 19, 25, 808, 62;
0, 201, 10, 28, -839, -14, 0, 787, 42;
0, 203, 12, 18, -825, -4, 1, 793, 48;
2, 206, 15, 25, -794, 16, 10, 806, 61;
-6, 199, 8, -71, -865, -30, -23, 776, 31;
-5, 201, 10, -77, -846, -18, -20, 784, 39;
-5, 202, 11, -88, -831, -9, -19, 790, 44;
-3, 205, 14, -88, -805, 6, -14, 801, 55;
-1, 209, 17, -78, -767, 30, -4, 816, 69;
-4, 207, 15, -122, -785, 16, -17, 808, 61;
-7, 205, 13, -166, -801, 3, -29, 801, 53;
-8, 206, 14, -183, -790, 8, -31, 805, 56;
-9, 206, 14, -210, -789, 6, -37, 805, 54;
-16, 201, 8, -286, -835, -27, -62, 785, 33;
-15, 203, 10, -292, -812, -15, -59, 794, 41;
-17, 202, 9, -326, -817, -22, -68, 791, 36;
-16, 205, 11, -329, -789, -8, -64, 801, 45;
-14, 208, 14, -324, -755, 9, -57, 814, 56;
-15, 209, 14, -346, -746, 10, -61, 816, 57;
-22, 204, 9, -419, -788, -22, -86, 798, 36;
-24, 204, 8, -450, -789, -28, -93, 796, 33;
-22, 207, 11, -444, -752, -10, -86, 810, 44;
-17, 214, 17, -414, -690, 25, -68, 834, 66;
-22, 211, 13, -468, -712, 3, -85, 823, 53;
-21, 213, 15, -473, -685, 14, -83, 833, 60;
-21, 215, 16, -483, -664, 21, -82, 840, 64;
-28, 210, 10, -560, -709, -15, -109, 819, 41;
-28, 211, 10, -578, -695, -13, -112, 823, 42;
-29, 212, 10, -597, -682, -13, -115, 826, 42;
-29, 213, 11, -608, -661, -6, -115, 833, 46;
-33, 211, 8, -657, -678, -27, -131, 824, 34;
-32, 214, 11, -651, -639, -9, -124, 838, 44;
-36, 212, 8, -701, -658, -31, -141, 828, 31;
-37, 213, 8, -718, -642, -30, -144, 832, 32;
-28, 223, 17, -651, -543, 26, -112, 871, 67;
-35, 218, 11, -720, -580, -7, -137, 853, 46;
-31, 224, 16, -692, -520, 21, -121, 875, 64;
-38, 219, 10, -766, -562, -16, -148, 856, 40;
-34, 224, 14, -741, -505, 11, -134, 876, 57;
-35, 225, 14, -762, -495, 7, -139, 878, 55;
-41, 221, 9, -820, -522, -21, -160, 864, 37;
-37, 227, 14, -791, -462, 7, -145, 886, 55;
-37, 229, 14, -800, -439, 11, -145, 893, 57;
-44, 223, 8, -874, -483, -29, -173, 872, 32;
-36, 233, 17, -805, -383, 25, -141, 910, 66;
-39, 231, 14, -843, -391, 8, -154, 904, 56;
-45, 227, 9, -904, -422, -24, -177, 888, 35;
-44, 230, 10, -904, -392, -16, -174, 898, 40;
-43, 232, 11, -902, -361, -8, -171, 908, 45;
-45, 233, 11, -918, -348, -12, -175, 910, 43;
-40, 239, 15, -884, -286, 16, -159, 932, 61;
-48, 233, 8, -961, -334, -28, -189, 909, 33;
-40, 242, 16, -891, -236, 23, -158, 947, 65;
-41, 243, 16, -907, -225, 18, -163, 948, 62;
-42, 244, 15, -916, -207, 17, -164, 952, 61;
-50, 237, 7, -997, -261, -31, -196, 926, 31;
-43, 246, 15, -936, -174, 12, -170, 959, 58;
-48, 242, 10, -988, -200, -17, -190, 945, 39;
-46, 246, 13, -965, -153, 0, -180, 961, 51;
-46, 248, 13, -969, -132, 0, -180, 967, 51;
-44, 250, 14, -957, -96, 11, -174, 978, 57;
-48, 249, 11, -990, -105, -8, -187, 971, 45;
-43, 254, 16, -950, -43, 19, -170, 994, 62;
-44, 255, 15, -954, -24, 17, -171, 998, 62;
-43, 258, 16, -946, 5, 24, -168, 1007, 66;
-44, 258, 15, -962, 10, 14, -174, 1006, 59;
-51, 252, 8, -1026, -33, -28, -201, 984, 32;
-49, 256, 10, -1002, 11, -12, -191, 999, 42;
-46, 260, 13, -977, 55, 2, -181, 1014, 52;
-48, 259, 11, -996, 55, -10, -189, 1011, 44;
-44, 264, 15, -956, 113, 14, -173, 1031, 59;
-48, 261, 11, -992, 94, -12, -189, 1020, 43;
-44, 266, 14, -953, 150, 11, -173, 1040, 58;
-50, 261, 8, -1010, 109, -29, -198, 1019, 32;
-43, 269, 15, -941, 193, 13, -171, 1051, 59;
-45, 268, 12, -956, 192, 0, -178, 1047, 50;
-43, 272, 15, -929, 234, 13, -168, 1061, 59;
-47, 268, 10, -964, 211, -14, -184, 1049, 41;
-43, 274, 14, -920, 268, 10, -168, 1069, 57;
-44, 273, 12, -932, 267, -3, -175, 1065, 48;
-44, 274, 12, -924, 286, -3, -173, 1070, 48;
-47, 272, 9, -944, 276, -22, -184, 1063, 36;
-47, 272, 8, -942, 287, -28, -185, 1064, 33;
-47, 274, 8, -931, 307, -27, -183, 1069, 33;
-37, 284, 18, -832, 414, 31, -144, 1110, 70;
-43, 278, 10, -888, 364, -14, -170, 1087, 42;
-41, 281, 12, -860, 398, -3, -161, 1098, 48;
-35, 288, 17, -798, 466, 29, -138, 1123, 69;
-42, 281, 9, -860, 408, -20, -167, 1096, 38;
-41, 282, 10, -843, 429, -17, -163, 1102, 39;
-35, 289, 15, -778, 498, 16, -139, 1128, 61;
-36, 289, 14, -773, 505, 10, -140, 1128, 57;
-41, 284, 8, -815, 464, -27, -161, 1108, 33;
-37, 288, 11, -768, 511, -7, -145, 1125, 46;
-37, 288, 10, -763, 516, -14, -147, 1124, 42;
-39, 287, 8, -769, 509, -29, -153, 1119, 32;
-37, 288, 9, -743, 533, -23, -146, 1126, 36;
-33, 293, 12, -694, 580, -2, -130, 1143, 49;
-35, 290, 9, -708, 562, -23, -140, 1134, 36;
-26, 300, 17, -609, 656, 30, -103, 1170, 69;
-35, 291, 8, -681, 580, -29, -137, 1136, 32;
-28, 298, 14, -605, 649, 7, -110, 1163, 55;
-29, 296, 11, -610, 638, -8, -116, 1156, 45;
-29, 297, 11, -591, 649, -9, -113, 1159, 45;
-22, 303, 17, -518, 714, 26, -87, 1184, 67;
-20, 304, 17, -492, 731, 29, -81, 1189, 69;
-27, 298, 10, -542, 671, -17, -107, 1162, 40;
-27, 297, 8, -534, 668, -26, -108, 1159, 34;
-23, 301, 12, -477, 714, -2, -90, 1176, 49;
-18, 305, 16, -424, 755, 18, -72, 1192, 62;
-23, 300, 10, -456, 710, -18, -91, 1172, 39;
-21, 301, 10, -430, 722, -15, -85, 1175, 41;
-23, 299, 8, -428, 710, -29, -89, 1169, 32;
-13, 308, 17, -324, 799, 24, -52, 1204, 66;
-17, 304, 11, -350, 757, -7, -68, 1186, 46;
-11, 309, 16, -282, 809, 22, -45, 1206, 64;
-18, 301, 8, -336, 738, -29, -72, 1176, 32;
-17, 302, 8, -308, 748, -26, -66, 1179, 34;
-11, 307, 13, -243, 794, 0, -45, 1197, 51;
-9, 308, 14, -211, 807, 5, -37, 1202, 54;
-10, 306, 11, -207, 791, -7, -41, 1194, 46;
-12, 303, 8, -213, 765, -27, -49, 1183, 33;
-2, 312, 17, -105, 852, 28, -9, 1219, 68;
-9, 304, 9, -156, 779, -22, -36, 1188, 36;
0, 313, 18, -50, 863, 32, 1, 1222, 70;
1, 313, 17, -30, 860, 28, 4, 1221, 68;
1, 312, 16, -13, 855, 24, 5, 1218, 66;
-1, 308, 13, -24, 819, 0, -4, 1203, 51;
3, 312, 16, 36, 856, 24, 15, 1218, 66;
2, 309, 14, 34, 828, 6, 8, 1207, 54;
2, 309, 13, 53, 822, 2, 10, 1205, 52;
8, 313, 18, 120, 863, 30, 33, 1222, 70;
3, 307, 11, 88, 805, -6, 14, 1198, 46;
1, 303, 8, 81, 771, -28, 5, 1184, 33;
6, 307, 12, 145, 808, -1, 26, 1200, 50;
12, 311, 16, 207, 842, 23, 46, 1215, 65;
5, 303, 9, 160, 767, -23, 21, 1184, 36;
9, 306, 12, 210, 789, -6, 37, 1194, 46;
8, 303, 9, 214, 763, -20, 33, 1185, 38;
10, 304, 10, 243, 763, -16, 39, 1185, 40;
16, 309, 15, 317, 808, 17, 65, 1205, 61;
10, 301, 8, 274, 734, -27, 41, 1175, 33;
21, 310, 17, 385, 815, 30, 82, 1210, 70;
17, 304, 13, 361, 761, 0, 67, 1189, 50;
15, 301, 10, 356, 725, -19, 59, 1175, 39;
22, 306, 16, 435, 774, 18, 87, 1197, 62;
16, 299, 8, 389, 696, -26, 63, 1166, 34;
23, 304, 15, 471, 747, 13, 92, 1189, 59;
27, 307, 17, 519, 763, 30, 107, 1197, 69;
27, 305, 17, 535, 747, 26, 108, 1192, 67;
24, 300, 12, 514, 695, -1, 95, 1172, 50;
23, 297, 10, 515, 664, -14, 91, 1161, 41;
27, 300, 14, 569, 686, 7, 108, 1172, 55;
27, 298, 12, 575, 660, -1, 106, 1163, 49;
24, 294, 9, 563, 616, -22, 97, 1147, 36;
33, 301, 17, 659, 680, 27, 132, 1176, 68;
35, 301, 17, 682, 670, 30, 137, 1174, 70;
36, 300, 18, 701, 658, 31, 141, 1171, 70;
29, 292, 10, 651, 575, -14, 116, 1139, 41;
32, 293, 12, 686, 578, -2, 127, 1143, 49;
28, 287, 7, 659, 519, -32, 111, 1121, 30;
39, 296, 17, 771, 599, 30, 154, 1156, 69;
33, 288, 11, 722, 519, -12, 130, 1125, 43;
37, 290, 14, 768, 533, 7, 145, 1134, 55;
37, 289, 13, 781, 514, 5, 147, 1129, 54;
34, 284, 9, 757, 459, -20, 134, 1109, 38;
36, 284, 11, 787, 457, -10, 143, 1111, 44;
41, 287, 15, 838, 478, 14, 161, 1122, 60;
35, 280, 9, 792, 401, -25, 139, 1093, 35;
36, 279, 9, 806, 385, -24, 142, 1089, 35;
40, 281, 12, 852, 400, -2, 158, 1099, 49;
36, 275, 7, 819, 337, -31, 142, 1076, 31;
38, 276, 9, 844, 333, -22, 149, 1077, 36;
44, 281, 15, 912, 371, 14, 175, 1096, 60;
38, 272, 8, 854, 284, -30, 148, 1063, 31;
43, 275, 12, 905, 306, -2, 167, 1075, 49;
44, 275, 13, 922, 295, 2, 172, 1074, 52;
45, 275, 14, 942, 287, 10, 179, 1074, 57;
45, 273, 14, 945, 262, 6, 178, 1066, 54;
41, 267, 9, 911, 202, -20, 162, 1045, 37;
45, 270, 13, 952, 216, 2, 178, 1054, 52;
46, 269, 13, 958, 196, 1, 179, 1049, 52;
50, 271, 17, 1001, 214, 27, 196, 1060, 67;
51, 271, 18, 1014, 202, 32, 200, 1058, 71;
49, 268, 16, 1002, 165, 21, 194, 1046, 64;
49, 266, 15, 999, 138, 16, 192, 1038, 61;
44, 260, 10, 955, 71, -14, 173, 1014, 42;
48, 262, 14, 991, 83, 7, 187, 1022, 55;
48, 261, 14, 994, 63, 8, 188, 1017, 56;
47, 259, 13, 991, 39, 5, 186, 1011, 54;
52, 262, 18, 1031, 58, 32, 203, 1022, 70;
51, 260, 17, 1028, 34, 29, 201, 1015, 69;
47, 254, 13, 982, -30, 0, 183, 992, 50;
45, 251, 11, 967, -66, -9, 177, 981, 44;
42, 247, 8, 934, -117, -30, 163, 963, 32;
41, 245, 8, 930, -139, -31, 162, 957, 31;
42, 244, 8, 933, -153, -27, 164, 954, 34;
44, 246, 11, 955, -147, -9, 174, 960, 44;
45, 245, 12, 956, -163, -6, 176, 957, 46;
43, 243, 10, 941, -193, -13, 171, 948, 42;
47, 246, 15, 977, -172, 14, 187, 960, 59;
48, 245, 16, 978, -184, 19, 189, 958, 63;
43, 240, 11, 930, -245, -8, 170, 936, 45;
43, 238, 11, 920, -267, -9, 168, 930, 44;
46, 241, 15, 949, -251, 14, 181, 941, 59;
39, 233, 8, 875, -335, -28, 153, 909, 33;
47, 240, 16, 945, -275, 23, 184, 937, 65;
43, 235, 13, 905, -325, 3, 169, 919, 52;
40, 232, 11, 870, -368, -12, 158, 905, 42;
37, 228, 8, 837, -409, -27, 146, 891, 33;
38, 228, 10, 840, -413, -18, 150, 892, 39;
42, 232, 14, 870, -389, 9, 165, 905, 57;
37, 227, 10, 821, -443, -14, 148, 885, 41;
38, 227, 12, 822, -447, -5, 151, 887, 47;
35, 223, 9, 783, -490, -22, 138, 872, 36;
34, 221, 8, 762, -513, -26, 133, 865, 34;
37, 224, 12, 785, -493, -1, 145, 876, 49;
38, 225, 14, 789, -490, 10, 150, 880, 57;
33, 220, 10, 734, -546, -15, 131, 860, 41;
31, 218, 9, 705, -574, -24, 123, 850, 35;
32, 218, 10, 705, -573, -13, 127, 854, 42;
28, 215, 7, 660, -616, -32, 112, 838, 30;
30, 216, 10, 668, -605, -14, 119, 845, 41;
34, 221, 15, 699, -571, 17, 136, 862, 61;
32, 218, 13, 662, -604, 4, 125, 850, 54;
34, 220, 17, 675, -586, 25, 134, 860, 67;
30, 216, 14, 628, -627, 7, 119, 845, 55;
32, 218, 16, 634, -614, 24, 126, 853, 66;
26, 212, 11, 564, -677, -9, 102, 829, 45;
25, 211, 11, 543, -689, -9, 97, 825, 44;
26, 213, 14, 547, -676, 6, 104, 833, 55;
24, 212, 13, 517, -696, 0, 96, 827, 51;
18, 206, 8, 448, -754, -31, 72, 804, 31;
22, 210, 13, 476, -715, 1, 89, 822, 52;
17, 205, 9, 413, -766, -25, 68, 803, 35;
15, 204, 7, 381, -786, -32, 59, 796, 30;
15, 204, 8, 368, -785, -26, 59, 798, 34;
15, 205, 10, 359, -780, -17, 61, 801, 40;
20, 210, 15, 389, -734, 18, 78, 821, 62;
12, 203, 9, 305, -803, -22, 49, 794, 37;
13, 205, 11, 300, -791, -10, 52, 800, 44;
14, 207, 13, 298, -776, 4, 57, 808, 53;
15, 208, 15, 291, -765, 15, 59, 813, 60;
6, 201, 8, 199, -838, -29, 27, 783, 32;
9, 204, 11, 209, -809, -7, 36, 796, 46;
8, 204, 12, 191, -808, -3, 34, 798, 48;
4, 201, 9, 140, -838, -21, 18, 786, 37;
6, 204, 12, 146, -811, 0, 27, 797, 50;
3, 201, 10, 99, -837, -15, 13, 787, 41;
9, 209, 17, 143, -770, 29, 36, 815, 69;
2, 202, 11, 61, -830, -8, 8, 791, 45;
7, 209, 18, 96, -771, 31, 28, 816, 70;
-3, 199, 8, -18, -862, -29, -13, 778, 32;
0, 205, 14, 9, -810, 6, 3, 799, 54;
0, 205, 14, -8, -803, 10, 1, 802, 57;
-2, 204, 13, -48, -818, 0, -8, 796, 51;
1, 209, 18, -27, -770, 31, 5, 816, 70;
-8, 200, 9, -136, -852, -24, -33, 781, 35;
-8, 202, 10, -144, -834, -14, -31, 788, 42;
-1, 209, 18, -98, -761, 32, -7, 818, 71;
-8, 204, 12, -175, -809, -1, -33, 798, 49;
-5, 209, 17, -157, -764, 25, -20, 816, 67;
-8, 207, 14, -203, -782, 11, -34, 808, 57;
-6, 210, 18, -197, -746, 31, -25, 822, 70;
-15, 203, 10, -290, -810, -14, -59, 794, 42;
-9, 211, 17, -247, -738, 29, -36, 823, 69;
-12, 209, 16, -287, -748, 18, -47, 818, 62;
-21, 202, 7, -387, -818, -32, -83, 788, 30;
-13, 211, 17, -324, -724, 24, -52, 825, 66;
-19, 206, 11, -399, -769, -9, -77, 806, 44;
-20, 208, 12, -415, -753, -5, -79, 811, 47;
-19, 210, 13, -423, -730, 4, -77, 819, 53;
-22, 209, 12, -458, -734, -4, -86, 816, 48;
-18, 214, 16, -436, -681, 24, -73, 836, 66;
-22, 212, 13, -487, -699, 5, -88, 827, 54;
-25, 211, 12, -525, -706, -5, -99, 822, 47;
-30, 207, 8, -582, -731, -30, -119, 810, 32;
-26, 213, 13, -557, -674, 0, -103, 832, 51;
-25, 216, 15, -554, -639, 15, -98, 844, 60;
-32, 211, 9, -630, -683, -21, -125, 824, 37;
-27, 217, 15, -597, -617, 13, -106, 849, 59;
-30, 216, 13, -634, -622, 1, -117, 845, 51;
-26, 222, 17, -609, -565, 30, -103, 866, 70;
-29, 220, 15, -651, -575, 14, -116, 860, 60;
-37, 214, 8, -732, -624, -27, -146, 837, 33;
-35, 218, 11, -724, -584, -10, -138, 852, 44;
-39, 216, 8, -770, -598, -30, -154, 843, 32;
-37, 219, 10, -762, -558, -13, -146, 857, 42;
-34, 225, 15, -738, -503, 12, -133, 877, 58;
-33, 227, 16, -741, -474, 21, -131, 887, 64;
-39, 223, 10, -808, -510, -13, -155, 869, 42;
-38, 226, 12, -804, -475, -1, -150, 881, 50;
-37, 228, 14, -801, -440, 10, -145, 892, 57;
-40, 227, 12, -839, -448, -6, -158, 887, 47;
-37, 232, 16, -812, -390, 20, -144, 907, 63;
-38, 233, 15, -832, -380, 15, -150, 909, 60;
-40, 232, 14, -858, -376, 6, -157, 908, 54;
-46, 228, 8, -925, -413, -30, -183, 889, 31;
-38, 238, 17, -850, -309, 26, -149, 929, 67;
-45, 233, 10, -920, -350, -13, -176, 909, 42;
-39, 240, 16, -873, -274, 24, -154, 937, 66;
-42, 238, 14, -907, -280, 7, -166, 932, 55;
-45, 237, 11, -937, -282, -6, -177, 927, 46;
-47, 237, 10, -958, -276, -15, -184, 927, 41;
-45, 241, 12, -947, -238, -3, -177, 939, 49;
-47, 240, 11, -967, -231, -11, -184, 939, 43;
-46, 242, 11, -966, -204, -6, -182, 947, 46;
-45, 245, 13, -960, -173, 0, -179, 956, 51;
-45, 247, 14, -955, -142, 7, -175, 966, 55;
-45, 248, 14, -960, -123, 6, -177, 970, 54;
-47, 247, 11, -985, -124, -7, -186, 967, 46;
-51, 245, 7, -1026, -141, -32, -202, 956, 30;
-46, 251, 13, -978, -70, 0, -182, 982, 51;
-52, 248, 7, -1029, -99, -31, -202, 967, 31;
-52, 249, 7, -1030, -78, -31, -203, 972, 31;
-50, 251, 9, -1019, -46, -24, -198, 982, 35;
-45, 258, 14, -970, 23, 8, -177, 1008, 56;
-41, 263, 18, -934, 79, 32, -163, 1027, 71;
-42, 264, 17, -938, 94, 28, -165, 1030, 68;
-49, 258, 10, -1005, 46, -16, -193, 1007, 40;
-47, 261, 12, -986, 83, -6, -186, 1019, 47;
-47, 262, 12, -980, 107, -3, -184, 1025, 48;
-44, 266, 15, -952, 151, 12, -173, 1040, 58;
-43, 268, 15, -944, 175, 14, -171, 1047, 60;
-40, 272, 18, -912, 222, 32, -159, 1063, 71;
-43, 270, 14, -938, 211, 11, -171, 1055, 58;
-44, 271, 14, -936, 226, 8, -171, 1058, 56;
-40, 276, 18, -896, 280, 30, -156, 1077, 70;
-43, 273, 13, -927, 261, 5, -171, 1066, 54;
-41, 276, 15, -902, 297, 16, -162, 1078, 61;
-46, 272, 10, -940, 270, -14, -180, 1063, 42;
-45, 274, 11, -925, 296, -10, -175, 1071, 44;
-40, 279, 15, -876, 353, 15, -158, 1091, 60;
-44, 276, 11, -909, 329, -12, -173, 1078, 43;
-37, 284, 18, -831, 414, 31, -144, 1110, 70;
-37, 285, 17, -827, 425, 26, -145, 1112, 67;
-39, 283, 14, -841, 418, 9, -153, 1106, 56;
-35, 287, 17, -799, 465, 29, -139, 1123, 69;
-44, 279, 8, -876, 392, -30, -174, 1090, 31;
-42, 281, 9, -851, 422, -22, -166, 1099, 36;
-35, 289, 16, -773, 503, 19, -137, 1130, 63;
-32, 292, 17, -743, 534, 29, -128, 1140, 69;
-42, 283, 7, -822, 457, -32, -164, 1105, 30;
-40, 285, 9, -795, 484, -25, -157, 1114, 35;
-38, 287, 9, -772, 507, -20, -151, 1121, 38;
-38, 288, 9, -756, 522, -20, -148, 1124, 38;
-39, 287, 7, -756, 520, -32, -152, 1121, 31;
-37, 289, 8, -732, 542, -27, -145, 1128, 34;
-34, 291, 10, -699, 571, -17, -136, 1137, 40;
-35, 291, 9, -690, 575, -23, -136, 1137, 36;
-29, 297, 14, -627, 633, 5, -115, 1159, 54;
-34, 291, 7, -666, 588, -32, -135, 1138, 30;
-27, 299, 14, -585, 662, 8, -106, 1166, 56;
-28, 297, 11, -588, 652, -7, -112, 1160, 46;
-23, 302, 16, -525, 707, 21, -90, 1181, 64;
-26, 299, 12, -544, 679, -4, -102, 1168, 48;
-23, 301, 13, -508, 705, 5, -93, 1176, 54;
-19, 306, 17, -451, 752, 29, -74, 1194, 69;
-17, 307, 18, -424, 767, 32, -68, 1199, 71;
-22, 301, 11, -464, 715, -8, -89, 1176, 45;
-19, 304, 14, -415, 751, 9, -74, 1189, 56;
-22, 300, 9, -437, 716, -19, -88, 1173, 38;
-13, 309, 17, -338, 800, 30, -52, 1206, 70;
-22, 300, 8, -407, 717, -30, -86, 1170, 32;
-15, 306, 14, -329, 779, 6, -59, 1195, 54;
-20, 300, 8, -362, 729, -31, -78, 1173, 31;
-13, 306, 13, -290, 784, 1, -53, 1195, 51;
-8, 311, 17, -226, 830, 27, -32, 1213, 68;
-14, 303, 9, -274, 764, -19, -57, 1185, 38;
-7, 310, 15, -195, 823, 16, -30, 1209, 61;
-13, 303, 8, -239, 760, -28, -54, 1182, 33;
-6, 309, 14, -157, 821, 9, -26, 1206, 57;
-2, 312, 17, -106, 851, 27, -10, 1218, 68;
-1, 312, 17, -82, 853, 27, -6, 1219, 67;
-2, 310, 15, -80, 833, 12, -10, 1210, 58;
-4, 307, 12, -82, 809, -5, -17, 1199, 47;
-5, 305, 10, -77, 790, -18, -20, 1192, 39;
1, 310, 15, -3, 840, 14, 4, 1212, 59;