1, 336, 1, 749, 11, 5, 7, 1313, 7;
2, 332, -1, 719, 29, 17, 10, 1295, -5;
11, 335, 3, 736, 97, 55, 44, 1307, 13;
10, 327, -2, 685, 101, 60, 39, 1277, -7;
20, 331, 4, 704, 180, 102, 80, 1292, 18;
24, 328, 4, 676, 214, 122, 94, 1279, 16;
25, 322, 2, 632, 236, 136, 100, 1257, 8;
31, 320, 4, 612, 283, 163, 123, 1250, 17;
38, 320, 8, 600, 340, 194, 151, 1249, 33;
39, 312, 5, 541, 353, 203, 153, 1220, 23;
46, 312, 10, 522, 406, 232, 180, 1217, 39;
44, 302, 6, 448, 406, 234, 174, 1179, 23;
52, 302, 11, 432, 463, 264, 205, 1179, 45;
57, 299, 14, 395, 499, 284, 223, 1166, 56;
62, 296, 17, 362, 538, 305, 243, 1155, 70;
62, 288, 17, 298, 545, 310, 245, 1126, 66;
63, 281, 16, 235, 553, 315, 247, 1099, 64;
68, 279, 21, 203, 589, 334, 267, 1090, 82;
68, 272, 20, 139, 591, 336, 266, 1063, 81;
63, 261, 16, 50, 564, 322, 249, 1019, 64;
65, 256, 18, -2, 571, 326, 253, 998, 70;
61, 246, 15, -78, 551, 316, 241, 963, 61;
60, 239, 15, -142, 539, 310, 234, 935, 60;
62, 237, 19, -177, 552, 315, 244, 925, 76;
59, 229, 18, -246, 527, 302, 230, 893, 70;
56, 222, 17, -305, 506, 291, 220, 868, 70;
61, 224, 25, -311, 534, 303, 241, 875, 101;
55, 214, 22, -388, 486, 277, 215, 838, 86;
51, 208, 21, -443, 454, 260, 200, 814, 84;
45, 201, 19, -505, 409, 235, 177, 784, 75;
45, 200, 23, -523, 403, 230, 178, 782, 92;
40, 195, 22, -570, 362, 208, 159, 761, 89;
37, 191, 23, -605, 328, 188, 144, 747, 91;
33, 189, 24, -631, 296, 169, 131, 737, 96;
30, 186, 25, -654, 262, 150, 117, 728, 100;
23, 182, 24, -690, 210, 120, 91, 711, 94;
23, 185, 29, -679, 199, 112, 92, 722, 114;
14, 179, 25, -722, 128, 74, 56, 699, 98;
12, 181, 28, -711, 106, 59, 50, 708, 112;
6, 179, 27, -725, 54, 30, 25, 701, 107;
5, 183, 31, -705, 32, 16, 20, 714, 122;
-9, 173, 21, -765, -75, -40, -38, 676, 82;
-12, 177, 24, -740, -101, -57, -47, 690, 94;
-20, 175, 20, -748, -165, -92, -78, 683, 81;
-18, 183, 27, -692, -168, -96, -73, 714, 106;
-22, 186, 27, -668, -206, -118, -89, 725, 108;
-26, 189, 28, -638, -241, -139, -103, 739, 111;
-31, 191, 27, -614, -285, -164, -124, 747, 106;
-36, 194, 26, -586, -327, -187, -143, 758, 103;
-41, 197, 25, -554, -365, -209, -161, 771, 99;
-47, 199, 22, -530, -414, -236, -185, 778, 88;
-49, 205, 23, -478, -435, -248, -193, 802, 93;
-55, 208, 21, -447, -477, -271, -214, 811, 82;
-51, 219, 26, -360, -464, -267, -201, 855, 104;
-59, 219, 20, -344, -520, -296, -232, 855, 81;
-56, 230, 25, -258, -506, -291, -220, 897, 99;
-64, 229, 18, -241, -559, -318, -251, 896, 73;
-68, 233, 15, -200, -586, -333, -265, 910, 62;
-62, 245, 21, -105, -556, -318, -245, 958, 83;
-65, 249, 18, -62, -576, -329, -256, 973, 72;
-68, 253, 15, -19, -593, -337, -267, 987, 59;
-60, 266, 22, 84, -544, -313, -237, 1040, 86;
-59, 273, 21, 144, -537, -309, -233, 1065, 84;
-58, 279, 21, 203, -526, -302, -228, 1091, 82;
-62, 280, 14, 225, -548, -313, -243, 1092, 58;
-56, 290, 18, 308, -503, -289, -218, 1133, 73;
-60, 290, 11, 323, -522, -297, -234, 1131, 46;
-56, 296, 12, 382, -492, -281, -219, 1157, 47;
-52, 302, 11, 434, -463, -265, -205, 1179, 46;
-53, 303, 7, 457, -457, -260, -207, 1185, 29;
-42, 315, 13, 545, -381, -219, -165, 1231, 54;
-41, 317, 10, 567, -366, -209, -161, 1236, 39;
-42, 315, 3, 569, -364, -206, -166, 1230, 14;
-32, 325, 8, 640, -288, -165, -125, 1267, 34;
-27, 328, 8, 673, -244, -140, -105, 1282, 33;
-20, 333, 9, 708, -193, -112, -81, 1299, 36;
-17, 333, 6, 719, -159, -92, -67, 1302, 27;
-10, 337, 7, 747, -104, -61, -40, 1315, 30;
-11, 333, 1, 723, -95, -53, -43, 1298, 4;
-7, 331, -1, 718, -61, -34, -30, 1294, -6;
2, 337, 2, 752, 14, 7, 9, 1314, 9;
2, 332, -3, 720, 30, 18, 10, 1295, -13;
11, 335, 0, 739, 100, 56, 46, 1308, -1;
18, 336, 0, 739, 156, 87, 73, 1311, 1;
19, 330, -5, 695, 171, 98, 75, 1287, -19;
20, 324, -9, 654, 192, 111, 80, 1265, -36;
28, 324, -7, 647, 251, 144, 109, 1266, -29;
34, 324, -6, 633, 304, 173, 136, 1263, -24;
40, 322, -5, 610, 350, 199, 158, 1255, -22;
44, 318, -6, 574, 386, 219, 174, 1241, -26;
44, 310, -11, 512, 396, 227, 174, 1210, -44;
53, 311, -7, 502, 459, 260, 208, 1213, -28;
57, 307, -6, 465, 495, 281, 225, 1199, -26;
52, 293, -16, 362, 466, 268, 203, 1145, -63;
58, 292, -13, 335, 511, 292, 227, 1138, -53;
63, 289, -11, 303, 551, 313, 248, 1130, -43;
63, 281, -14, 234, 552, 315, 246, 1098, -55;
60, 271, -19, 153, 539, 309, 236, 1059, -74;
66, 270, -14, 128, 580, 330, 260, 1056, -57;
64, 261, -18, 54, 568, 325, 251, 1021, -71;
69, 260, -14, 25, 599, 340, 270, 1015, -56;
61, 246, -22, -80, 549, 315, 239, 961, -89;
69, 249, -14, -83, 598, 339, 271, 972, -57;
66, 240, -17, -155, 574, 327, 258, 938, -69;
59, 229, -23, -245, 528, 303, 231, 894, -93;
59, 226, -22, -284, 527, 301, 233, 881, -86;
60, 222, -20, -321, 524, 298, 235, 869, -78;
51, 210, -27, -413, 461, 265, 199, 822, -106;
57, 215, -18, -401, 496, 281, 226, 840, -70;
51, 207, -21, -466, 449, 255, 201, 809, -84;
42, 197, -27, -543, 383, 220, 166, 769, -107;
39, 193, -27, -581, 352, 202, 152, 754, -108;
43, 197, -20, -566, 367, 207, 168, 771, -78;
31, 186, -27, -646, 281, 162, 122, 728, -109;
31, 188, -23, -642, 275, 156, 124, 736, -90;
29, 188, -21, -654, 246, 139, 114, 734, -83;
17, 179, -28, -716, 162, 93, 69, 699, -110;
20, 185, -20, -685, 165, 92, 78, 722, -81;
8, 177, -27, -739, 78, 45, 33, 691, -108;
2, 175, -28, -751, 28, 17, 9, 684, -112;
3, 181, -22, -715, 21, 10, 13, 707, -88;
-6, 176, -27, -745, -55, -30, -26, 688, -108;
-9, 179, -25, -725, -86, -49, -37, 699, -99;
-12, 183, -22, -698, -114, -67, -47, 714, -89;
-20, 181, -26, -706, -182, -103, -81, 706, -103;
-23, 185, -23, -669, -207, -119, -90, 724, -92;
-25, 190, -21, -633, -236, -136, -100, 742, -84;
-35, 187, -26, -639, -310, -176, -139, 732, -104;
-39, 191, -26, -605, -346, -197, -155, 747, -102;
-44, 194, -26, -574, -386, -219, -173, 759, -104;
-41, 205, -19, -493, -378, -217, -162, 800, -76;
-46, 208, -20, -459, -416, -239, -181, 813, -80;
-51, 211, -21, -425, -455, -261, -201, 825, -85;
-60, 210, -27, -415, -519, -294, -236, 821, -107;
-55, 223, -19, -316, -492, -282, -215, 872, -75;
-62, 224, -23, -296, -543, -309, -244, 874, -93;
-64, 229, -23, -244, -562, -320, -252, 895, -92;
-60, 241, -17, -151, -537, -308, -234, 941, -67;
-66, 241, -22, -129, -581, -330, -260, 943, -86;
-69, 245, -23, -86, -600, -340, -271, 958, -92;
-61, 260, -14, 24, -549, -315, -239, 1015, -56;
-69, 257, -22, 27, -601, -341, -272, 1005, -87;
-59, 273, -12, 144, -537, -309, -233, 1065, -48;
-62, 275, -14, 179, -550, -314, -243, 1076, -58;
-57, 285, -10, 256, -517, -297, -224, 1112, -42;
-55, 291, -9, 311, -500, -288, -217, 1135, -38;
-56, 294, -11, 347, -498, -285, -219, 1146, -45;
-56, 296, -13, 379, -494, -282, -220, 1156, -53;
-57, 297, -16, 405, -492, -279, -223, 1162, -63;
-45, 311, -6, 507, -407, -235, -176, 1216, -24;
-45, 312, -8, 528, -399, -228, -176, 1220, -34;
-38, 319, -5, 584, -348, -201, -150, 1247, -20;
-39, 318, -9, 588, -345, -196, -155, 1242, -36;
-32, 325, -5, 640, -288, -165, -125, 1268, -20;
-26, 329, -2, 678, -239, -138, -102, 1285, -10;
-28, 325, -8, 660, -241, -136, -110, 1269, -33;
-16, 334, 0, 723, -155, -90, -64, 1304, -2;
-18, 329, -5, 699, -151, -85, -70, 1286, -23;
-11, 332, -2, 722, -95, -54, -43, 1298, -11;
0, 339, 3, 766, -14, -10, 0, 1323, 15;
0, 334, 0, 736, -1, 0, 0, 1305, 0;
5, 335, 1, 739, 49, 27, 22, 1307, 6;
15, 338, 6, 759, 120, 66, 59, 1321, 27;
16, 333, 4, 723, 140, 79, 63, 1301, 15;
18, 329, 2, 691, 167, 96, 72, 1284, 9;
29, 333, 9, 710, 248, 139, 115, 1300, 37;
29, 326, 6, 658, 261, 149, 116, 1272, 24;
30, 319, 3, 603, 274, 158, 117, 1244, 11;
39, 321, 9, 606, 347, 197, 155, 1253, 37;
40, 313, 6, 548, 359, 206, 157, 1224, 27;
45, 310, 8, 515, 399, 228, 176, 1212, 34;
47, 305, 9, 467, 424, 243, 186, 1191, 35;
56, 305, 15, 455, 485, 275, 219, 1193, 59;
55, 297, 12, 385, 489, 279, 217, 1159, 49;
55, 289, 11, 320, 496, 284, 218, 1129, 44;
64, 290, 18, 310, 558, 316, 252, 1134, 74;
65, 284, 19, 251, 569, 323, 257, 1109, 74;
61, 272, 14, 159, 544, 312, 239, 1063, 55;
64, 268, 16, 113, 564, 322, 250, 1046, 64;
65, 262, 17, 57, 571, 326, 253, 1023, 68;
61, 252, 14, -23, 550, 316, 240, 985, 57;
69, 254, 23, -30, 598, 340, 270, 992, 91;
67, 246, 22, -99, 582, 331, 261, 962, 87;
66, 240, 23, -156, 573, 326, 257, 938, 89;
60, 230, 19, -240, 533, 305, 234, 897, 74;
59, 225, 20, -289, 523, 299, 231, 878, 80;
57, 220, 21, -337, 509, 291, 225, 859, 85;
54, 214, 21, -392, 482, 276, 212, 835, 84;
56, 213, 26, -412, 484, 275, 219, 833, 103;
51, 207, 25, -466, 448, 255, 201, 808, 100;
48, 203, 26, -504, 422, 240, 190, 794, 104;
40, 195, 22, -570, 362, 208, 159, 761, 89;
37, 192, 24, -600, 333, 190, 147, 750, 94;
30, 185, 21, -654, 274, 158, 117, 723, 82;
25, 181, 20, -685, 231, 134, 97, 709, 81;
21, 180, 22, -703, 197, 114, 83, 703, 86;
23, 185, 29, -678, 200, 112, 92, 723, 114;
10, 175, 21, -746, 105, 62, 41, 684, 83;
8, 177, 24, -740, 77, 45, 32, 690, 94;
2, 175, 23, -750, 29, 17, 10, 685, 92;
4, 182, 30, -708, 28, 14, 17, 712, 119;
-4, 179, 26, -730, -40, -23, -16, 698, 104;
-10, 178, 25, -733, -94, -53, -42, 694, 98;
-11, 183, 29, -693, -110, -64, -44, 717, 115;
-18, 183, 27, -692, -167, -96, -72, 715, 106;
-21, 187, 29, -660, -198, -114, -84, 730, 113;
-27, 188, 27, -643, -247, -142, -107, 735, 107;
-29, 194, 29, -600, -271, -157, -115, 756, 115;
-36, 194, 26, -587, -327, -187, -143, 758, 102;
-40, 198, 26, -549, -361, -207, -158, 774, 102;
-48, 198, 21, -537, -421, -239, -190, 773, 84;
-53, 202, 20, -500, -457, -260, -207, 788, 79;
-50, 212, 25, -418, -448, -257, -196, 829, 100;
-59, 211, 19, -408, -512, -291, -231, 825, 74;
-53, 225, 27, -304, -480, -276, -208, 880, 105;
-58, 228, 23, -270, -517, -296, -227, 890, 92;
-58, 235, 24, -207, -525, -301, -229, 918, 95;
-62, 238, 21, -168, -554, -317, -245, 930, 82;
-61, 247, 22, -96, -548, -314, -240, 963, 89;
-68, 246, 15, -80, -594, -338, -268, 961, 60;
-68, 253, 15, -16, -590, -336, -265, 989, 61;
-65, 262, 17, 54, -574, -328, -255, 1022, 67;
-67, 265, 13, 93, -588, -334, -265, 1034, 52;
-64, 273, 15, 165, -564, -322, -251, 1067, 58;
-62, 279, 14, 222, -550, -314, -245, 1091, 56;
-55, 290, 18, 310, -502, -289, -218, 1134, 73;
-54, 295, 17, 357, -488, -280, -212, 1153, 67;
-52, 300, 15, 405, -469, -269, -204, 1172, 62;
-56, 299, 8, 413, -484, -275, -218, 1167, 33;
-48, 308, 12, 488, -426, -244, -187, 1204, 48;
-48, 309, 7, 507, -419, -238, -189, 1207, 30;
-40, 318, 11, 575, -357, -205, -156, 1241, 44;
-33, 324, 12, 625, -308, -178, -131, 1265, 49;
-38, 318, 2, 600, -328, -185, -150, 1242, 9;
-26, 329, 8, 674, -242, -140, -104, 1283, 34;
-28, 325, 2, 662, -238, -135, -109, 1270, 7;
-23, 327, 0, 681, -197, -111, -91, 1278, 3;
-17, 330, 0, 703, -148, -83, -68, 1288, 3;
-10, 333, 1, 723, -94, -53, -42, 1299, 5;
-2, 336, 3, 749, -30, -18, -11, 1313, 12;
4, 339, 4, 765, 28, 14, 17, 1323, 17;
2, 331, -3, 717, 27, 16, 9, 1293, -14;
13, 336, 0, 747, 108, 60, 51, 1313, 3;
13, 330, -5, 704, 121, 70, 51, 1289, -20;
23, 334, 0, 724, 200, 113, 93, 1305, -1;
26, 329, -4, 688, 226, 128, 101, 1286, -15;
31, 327, -4, 666, 269, 153, 121, 1278, -18;
29, 318, -11, 598, 269, 156, 114, 1241, -46;
39, 321, -6, 606, 346, 197, 155, 1253, -25;
46, 320, -4, 587, 399, 226, 182, 1249, -18;
47, 312, -9, 526, 411, 234, 183, 1219, -35;
46, 304, -13, 461, 418, 240, 182, 1187, -53;
58, 307, -6, 465, 496, 281, 226, 1199, -26;
51, 293, -16, 361, 465, 267, 202, 1144, -64;
54, 287, -17, 308, 484, 278, 210, 1122, -69;
59, 285, -15, 279, 526, 301, 233, 1115, -58;
56, 275, -20, 195, 513, 295, 222, 1074, -80;
62, 274, -16, 168, 553, 316, 245, 1068, -65;
67, 271, -14, 132, 583, 332, 262, 1058, -55;
63, 261, -18, 50, 564, 323, 249, 1019, -73;
63, 254, -19, -9, 564, 323, 249, 994, -77;
63, 248, -21, -70, 559, 320, 246, 968, -82;
63, 243, -20, -120, 561, 321, 248, 948, -80;
66, 241, -17, -150, 579, 329, 261, 941, -66;
57, 227, -25, -255, 517, 297, 225, 888, -99;
56, 222, -25, -305, 507, 291, 221, 868, -98;
62, 225, -17, -306, 539, 306, 244, 878, -69;
50, 210, -27, -417, 457, 263, 197, 820, -108;
54, 212, -21, -421, 476, 271, 213, 827, -83;
47, 203, -25, -492, 422, 242, 185, 792, -101;
46, 201, -23, -518, 408, 233, 182, 785, -92;
41, 196, -25, -564, 369, 211, 163, 765, -97;
41, 196, -21, -576, 358, 203, 162, 765, -84;
34, 189, -25, -628, 300, 171, 133, 739, -97;
32, 188, -23, -642, 275, 156, 124, 736, -89;
28, 187, -22, -660, 240, 136, 110, 730, -86;
23, 185, -22, -678, 200, 113, 93, 723, -86;
14, 179, -26, -723, 127, 73, 55, 698, -105;
15, 183, -21, -697, 120, 66, 59, 717, -82;
6, 180, -24, -723, 56, 31, 27, 702, -94;
2, 180, -23, -720, 17, 8, 10, 704, -91;
-2, 180, -23, -720, -30, -18, -10, 704, -92;
-5, 184, -20, -696, -57, -35, -19, 717, -81;
-13, 181, -24, -709, -125, -72, -54, 707, -96;
-22, 179, -27, -713, -189, -107, -86, 701, -108;
-26, 182, -26, -689, -227, -129, -102, 712, -104;
-30, 185, -26, -663, -267, -152, -119, 723, -103;
-29, 193, -21, -602, -273, -158, -116, 755, -81;
-33, 198, -19, -565, -305, -176, -130, 772, -77;
-40, 199, -22, -547, -358, -205, -156, 776, -86;
-45, 201, -23, -518, -402, -230, -178, 785, -92;
-49, 205, -23, -478, -435, -248, -193, 802, -91;
-54, 208, -25, -445, -475, -270, -213, 813, -97;
-50, 220, -17, -353, -457, -263, -197, 860, -69;
-53, 225, -17, -307, -483, -278, -209, 878, -69;
-58, 228, -19, -271, -519, -297, -228, 889, -77;
-57, 237, -16, -196, -514, -296, -223, 924, -63;
-63, 238, -20, -170, -556, -318, -247, 929, -79;
-59, 248, -15, -86, -537, -309, -233, 970, -59;
-65, 249, -19, -60, -575, -328, -255, 974, -76;
-64, 256, -17, 3, -570, -326, -252, 1002, -69;
-60, 266, -13, 85, -544, -313, -236, 1041, -51;
-62, 270, -14, 128, -553, -317, -243, 1055, -58;
-65, 273, -17, 162, -567, -323, -253, 1065, -68;
-65, 277, -18, 206, -566, -322, -255, 1081, -73;
-59, 287, -13, 289, -523, -299, -231, 1121, -52;
-56, 293, -11, 346, -499, -286, -219, 1145, -46;
-53, 299, -10, 396, -477, -273, -210, 1166, -42;
-55, 299, -14, 416, -481, -273, -216, 1169, -56;
-54, 302, -15, 448, -466, -264, -212, 1179, -61;
-46, 311, -9, 521, -405, -231, -180, 1216, -38;
-46, 312, -12, 536, -396, -224, -180, 1217, -50;
-40, 317, -10, 583, -350, -199, -157, 1239, -39;
-34, 322, -7, 625, -303, -173, -135, 1258, -29;
-26, 329, -2, 677, -239, -138, -102, 1285, -10;
-27, 326, -7, 664, -236, -133, -108, 1272, -30;
-24, 326, -8, 673, -205, -115, -96, 1273, -33;
-17, 330, -5, 704, -147, -83, -67, 1289, -20;
-11, 332, -3, 720, -97, -55, -44, 1296, -13;
0, 339, 3, 766, -13, -10, 0, 1324, 15;
0, 334, 0, 734, -3, -1, -2, 1303, -2;
7, 337, 3, 752, 61, 34, 30, 1315, 14;
5, 329, -2, 701, 62, 37, 23, 1285, -8;
12, 329, 0, 700, 116, 67, 48, 1286, 1;
15, 326, 0, 671, 146, 86, 59, 1271, -3;
24, 327, 4, 676, 214, 122, 94, 1279, 16;
28, 325, 5, 651, 254, 145, 111, 1268, 19;
33, 322, 6, 626, 297, 169, 131, 1259, 25;
33, 315, 3, 566, 307, 177, 131, 1228, 12;
41, 315, 8, 557, 368, 211, 163, 1230, 33;
43, 309, 7, 505, 389, 223, 169, 1205, 28;
47, 305, 9, 467, 424, 243, 186, 1191, 35;
55, 305, 14, 451, 481, 273, 217, 1190, 57;
58, 300, 15, 402, 505, 287, 227, 1170, 60;
55, 289, 10, 316, 492, 282, 215, 1127, 41;
64, 290, 18, 306, 554, 315, 250, 1132, 71;
63, 281, 16, 236, 553, 315, 247, 1099, 65;
68, 279, 21, 203, 589, 334, 267, 1090, 82;
67, 271, 19, 134, 585, 333, 263, 1059, 77;
60, 257, 12, 27, 541, 311, 235, 1005, 50;
62, 253, 15, -20, 553, 317, 242, 987, 59;
68, 253, 22, -37, 592, 337, 266, 988, 87;
61, 240, 16, -136, 545, 313, 238, 939, 64;
63, 238, 20, -169, 560, 320, 249, 930, 81;
64, 234, 23, -216, 557, 317, 249, 912, 89;
57, 223, 18, -302, 510, 292, 223, 870, 72;
56, 219, 20, -345, 500, 286, 220, 854, 80;
59, 219, 26, -360, 514, 292, 233, 855, 104;
54, 211, 24, -425, 472, 269, 211, 825, 95;
45, 201, 19, -504, 411, 236, 178, 785, 76;
41, 196, 19, -552, 374, 216, 160, 764, 74;
46, 200, 28, -537, 395, 224, 179, 781, 109;
36, 190, 22, -609, 324, 186, 142, 744, 89;
33, 189, 24, -630, 298, 170, 132, 738, 97;
27, 183, 22, -673, 244, 140, 105, 717, 88;
26, 185, 27, -672, 228, 130, 103, 723, 105;
25, 186, 30, -670, 208, 116, 97, 728, 119;
18, 183, 29, -694, 156, 87, 73, 716, 115;
7, 176, 23, -746, 72, 42, 28, 687, 90;
5, 179, 26, -730, 49, 28, 23, 698, 104;
-2, 175, 23, -755, -17, -8, -10, 683, 90;
-7, 176, 24, -748, -58, -32, -28, 687, 93;
-15, 173, 21, -759, -120, -66, -59, 678, 82;
-19, 175, 21, -745, -161, -90, -76, 685, 83;
-16, 185, 29, -677, -153, -89, -63, 723, 115;
-20, 188, 30, -654, -192, -111, -80, 734, 117;
-28, 187, 26, -648, -251, -144, -110, 733, 104;
-31, 191, 27, -615, -286, -164, -124, 747, 106;
-43, 187, 19, -629, -369, -209, -170, 732, 76;
-42, 196, 24, -559, -371, -212, -164, 768, 96;
-48, 198, 22, -534, -418, -238, -188, 775, 86;
-48, 206, 24, -471, -428, -245, -189, 805, 97;
-53, 210, 23, -435, -465, -266, -207, 819, 89;
-60, 210, 18, -413, -517, -293, -234, 822, 71;
-54, 224, 26, -309, -485, -279, -211, 876, 102;
-55, 231, 26, -253, -500, -288, -217, 901, 102;
-56, 237, 26, -195, -513, -295, -222, 925, 102;
-63, 238, 20, -170, -556, -318, -247, 929, 80;
-62, 246, 21, -103, -554, -317, -244, 959, 85;
-70, 245, 13, -90, -604, -343, -274, 955, 54;
-63, 258, 20, 12, -561, -321, -247, 1007, 79;
-65, 262, 17, 58, -571, -326, -253, 1024, 69;
-61, 272, 20, 137, -545, -312, -238, 1061, 79;
-64, 273, 14, 164, -565, -322, -252, 1066, 58;
-62, 280, 15, 227, -546, -312, -242, 1093, 59;
-65, 281, 9, 250, -561, -318, -255, 1097, 36;
-58, 292, 13, 335, -510, -291, -226, 1139, 53;
-52, 300, 15, 405, -469, -269, -204, 1172, 62;
-57, 297, 7, 403, -494, -280, -224, 1160, 27;
-53, 303, 6, 452, -463, -262, -210, 1181, 25;
-46, 311, 9, 521, -406, -231, -180, 1216, 38;
-41, 317, 10, 568, -364, -209, -160, 1237, 40;
-43, 314, 3, 564, -369, -208, -169, 1227, 11;
-39, 318, 2, 597, -331, -187, -152, 1241, 8;
-30, 325, 5, 653, -264, -150, -118, 1269, 21;
-20, 332, 9, 707, -193, -112, -81, 1298, 35;
-17, 333, 7, 719, -158, -92, -67, 1302, 27;
-15, 332, 2, 713, -137, -78, -61, 1294, 9;
-8, 335, 3, 737, -80, -46, -34, 1307, 13;
-8, 331, -2, 713, -67, -36, -33, 1291, -9;
1, 336, 1, 747, 9, 4, 6, 1311, 6;
4, 334, -1, 734, 43, 25, 19, 1304, -4;
13, 336, 1, 747, 108, 60, 51, 1313, 3;
14, 331, -4, 710, 126, 72, 55, 1292, -16;
15, 325, -9, 669, 145, 85, 58, 1270, -35;
22, 325, -7, 663, 201, 116, 86, 1271, -31;
28, 325, -7, 651, 254, 145, 112, 1268, -27;
35, 324, -5, 635, 306, 174, 137, 1265, -23;
40, 321, -5, 610, 350, 199, 158, 1255, -23;
39, 313, -11, 545, 357, 205, 155, 1222, -44;
50, 315, -5, 547, 431, 244, 196, 1232, -23;
50, 307, -10, 481, 439, 250, 195, 1200, -40;
52, 301, -12, 429, 459, 263, 203, 1176, -49;
57, 299, -10, 396, 500, 285, 224, 1166, -42;
56, 289, -15, 322, 498, 285, 219, 1130, -61;
56, 282, -18, 257, 505, 290, 220, 1101, -72;
66, 285, -10, 258, 575, 326, 261, 1113, -41;
64, 275, -15, 176, 562, 320, 250, 1073, -60;
67, 271, -14, 130, 582, 331, 261, 1057, -56;
66, 263, -16, 63, 577, 329, 257, 1027, -65;
66, 257, -17, 4, 578, 330, 257, 1002, -69;
69, 254, -14, -30, 599, 340, 271, 993, -57;
69, 249, -14, -83, 598, 339, 271, 971, -57;
61, 235, -22, -187, 542, 311, 238, 919, -89;
57, 227, -25, -257, 516, 297, 224, 887, -100;
55, 221, -26, -312, 500, 287, 216, 864, -103;
55, 217, -25, -353, 492, 283, 215, 849, -98;
59, 219, -18, -359, 514, 292, 233, 856, -73;
48, 206, -27, -458, 439, 252, 190, 804, -106;
52, 208, -21, -462, 453, 257, 204, 811, -82;
51, 206, -19, -489, 437, 247, 200, 803, -74;
47, 201, -19, -529, 404, 228, 185, 787, -75;
33, 188, -29, -625, 308, 178, 132, 734, -114;
36, 192, -22, -613, 315, 179, 142, 748, -88;
26, 183, -28, -678, 238, 138, 102, 714, -112;
27, 186, -23, -666, 234, 132, 106, 726, -90;
16, 178, -29, -724, 154, 89, 64, 694, -115;
10, 175, -31, -749, 102, 60, 39, 682, -121;
15, 183, -21, -697, 121, 67, 59, 717, -82;
4, 177, -26, -737, 43, 24, 18, 694, -102;
0, 177, -27, -743, -5, -2, -3, 690, -105;
-5, 178, -26, -735, -45, -25, -20, 694, -102;
-9, 179, -25, -726, -87, -50, -38, 699, -100;
-11, 184, -22, -692, -109, -64, -44, 717, -86;
-22, 179, -28, -717, -192, -109, -88, 699, -110;
-26, 182, -27, -692, -230, -130, -104, 710, -106;
-28, 187, -24, -649, -252, -144, -110, 732, -94;
-37, 185, -28, -651, -322, -182, -147, 725, -112;
-39, 192, -25, -601, -342, -195, -152, 749, -100;
-39, 199, -21, -543, -355, -204, -154, 778, -84;
-45, 201, -23, -519, -403, -230, -178, 785, -92;
-49, 205, -23, -476, -434, -248, -192, 802, -91;
-52, 210, -23, -433, -464, -265, -206, 820, -90;
-59, 211, -26, -407, -511, -290, -231, 826, -102;
-62, 216, -26, -363, -539, -306, -244, 843, -104;
-59, 227, -20, -273, -521, -298, -230, 888, -79;
-62, 231, -21, -229, -547, -312, -243, 904, -83;
-61, 240, -18, -159, -545, -312, -239, 936, -72;
-69, 239, -24, -145, -596, -338, -270, 933, -96;
-66, 248, -20, -67, -581, -331, -260, 969, -80;
-68, 253, -21, -20, -594, -338, -267, 986, -85;
-63, 264, -16, 68, -561, -321, -247, 1030, -62;
-61, 271, -13, 135, -546, -313, -238, 1060, -53;
-66, 271, -19, 151, -578, -329, -260, 1058, -75;
-61, 281, -14, 230, -543, -310, -240, 1096, -58;
-57, 289, -11, 302, -509, -292, -222, 1129, -43;
-59, 290, -15, 326, -519, -296, -232, 1133, -58;
-58, 294, -15, 366, -508, -289, -229, 1147, -61;
-52, 303, -11, 437, -460, -263, -203, 1182, -43;
-44, 312, -6, 509, -405, -234, -174, 1217, -23;
-42, 316, -5, 547, -379, -218, -164, 1232, -22;
-39, 318, -6, 578, -355, -204, -154, 1243, -24;
-42, 315, -12, 570, -363, -205, -165, 1231, -47;
-37, 319, -10, 605, -322, -182, -147, 1246, -42;
-32, 323, -8, 639, -278, -157, -126, 1261, -34;
-23, 329, -4, 687, -213, -122, -93, 1286, -15;
-22, 328, -6, 684, -194, -109, -89, 1280, -26;
-10, 337, 1, 747, -103, -61, -40, 1316, 7;
-14, 329, -6, 702, -115, -64, -55, 1286, -23;
-8, 330, -4, 711, -68, -37, -34, 1290, -18;
-5, 329, -5, 705, -32, -16, -20, 1285, -20;
0, 329, -4, 703, 12, 9, 0, 1284, -15;
10, 334, 2, 732, 93, 53, 42, 1304, 10;
14, 332, 2, 715, 131, 75, 58, 1296, 10;
15, 326, 0, 671, 147, 86, 59, 1272, -2;
23, 327, 3, 670, 208, 120, 90, 1275, 13;
34, 331, 11, 689, 293, 165, 135, 1292, 44;
33, 322, 6, 624, 295, 169, 130, 1257, 24;
34, 315, 3, 569, 310, 179, 132, 1230, 14;
37, 311, 4, 530, 342, 197, 146, 1213, 16;
44, 310, 8, 511, 395, 226, 173, 1209, 32;
46, 303, 7, 456, 413, 238, 179, 1184, 28;
57, 307, 16, 462, 492, 279, 223, 1197, 64;
56, 298, 14, 393, 497, 283, 222, 1164, 54;
60, 293, 15, 346, 522, 297, 234, 1145, 60;
56, 282, 10, 257, 505, 290, 220, 1101, 41;
61, 279, 14, 221, 539, 308, 238, 1090, 55;
58, 269, 11, 141, 527, 303, 228, 1052, 44;
65, 269, 17, 121, 572, 326, 255, 1051, 69;
62, 259, 14, 39, 553, 317, 242, 1012, 57;
67, 258, 20, 15, 589, 335, 264, 1009, 81;
64, 250, 18, -59, 570, 326, 253, 975, 73;
63, 243, 18, -121, 560, 320, 247, 948, 73;
61, 235, 18, -185, 544, 312, 239, 920, 71;
63, 233, 22, -216, 556, 317, 249, 912, 89;
56, 222, 17, -306, 505, 290, 220, 867, 69;
58, 221, 23, -330, 515, 294, 229, 864, 89;
56, 215, 23, -382, 491, 280, 218, 841, 90;
55, 212, 25, -419, 478, 272, 215, 829, 99;
44, 200, 18, -508, 406, 234, 175, 782, 73;
49, 204, 27, -500, 427, 242, 193, 797, 107;
46, 200, 28, -537, 395, 224, 179, 781, 109;
39, 193, 25, -592, 341, 194, 152, 755, 99;
38, 193, 29, -603, 325, 184, 149, 755, 114;
24, 181, 20, -688, 229, 133, 96, 708, 79;
25, 184, 25, -680, 220, 126, 98, 718, 100;
19, 181, 25, -703, 175, 100, 77, 708, 99;
16, 181, 27, -708, 142, 81, 65, 708, 106;
11, 180, 27, -720, 97, 55, 44, 702, 106;
9, 182, 30, -710, 69, 37, 35, 710, 117;
4, 182, 30, -707, 30, 15, 18, 713, 120;
-8, 174, 22, -756, -65, -36, -33, 682, 88;
-8, 181, 28, -715, -76, -44, -31, 706, 109;
-19, 175, 21, -743, -160, -89, -75, 686, 84;
-20, 182, 25, -700, -176, -100, -78, 709, 101;
-21, 187, 28, -662, -200, -115, -85, 729, 112;
-30, 185, 24, -661, -264, -151, -118, 724, 96;
-32, 191, 26, -618, -289, -166, -126, 745, 104;
-34, 196, 28, -574, -314, -181, -135, 766, 110;
-38, 200, 28, -537, -349, -201, -151, 781, 110;
-43, 203, 26, -507, -391, -224, -171, 792, 103;
-47, 207, 26, -464, -421, -242, -184, 810, 101;
-57, 205, 18, -465, -496, -281, -226, 800, 70;
-51, 219, 26, -359, -463, -266, -201, 856, 104;
-60, 218, 19, -352, -528, -300, -237, 850, 76;
-55, 231, 26, -251, -499, -287, -216, 902, 103;
-65, 228, 17, -250, -568, -323, -256, 891, 68;
-65, 236, 18, -185, -571, -325, -255, 920, 71;
-65, 242, 18, -123, -574, -327, -256, 947, 72;
-68, 246, 15, -81, -595, -338, -268, 961, 60;
-69, 252, 14, -25, -599, -340, -270, 984, 56;
-60, 267, 22, 88, -541, -311, -235, 1042, 88;
-66, 267, 15, 105, -576, -328, -257, 1041, 60;
-64, 273, 15, 167, -562, -321, -250, 1068, 60;
-62, 280, 15, 226, -547, -312, -243, 1093, 58;
-60, 285, 14, 279, -533, -304, -237, 1115, 54;
-63, 286, 8, 302, -543, -308, -246, 1118, 33;
-50, 302, 17, 416, -458, -264, -198, 1178, 68;
-49, 305, 14, 452, -445, -255, -194, 1191, 58;
-51, 305, 8, 465, -450, -256, -202, 1190, 34;
-42, 315, 13, 544, -383, -220, -166, 1230, 52;
-40, 317, 10, 571, -361, -207, -158, 1239, 41;
-36, 322, 10, 611, -322, -185, -140, 1256, 40;
-30, 326, 10, 651, -277, -160, -119, 1274, 41;
-31, 324, 4, 644, -273, -155, -123, 1264, 15;
-21, 332, 8, 702, -198, -114, -84, 1295, 33;
-15, 335, 8, 732, -146, -85, -59, 1309, 35;
-14, 333, 3, 721, -130, -74, -57, 1299, 14;
-9, 334, 2, 734, -83, -48, -36, 1305, 11;
-4, 335, 2, 742, -38, -22, -15, 1309, 8;
-2, 332, -2, 722, -15, -7, -9, 1296, -9;
5, 334, 0, 737, 47, 26, 21, 1306, -2;
6, 329, -6, 702, 63, 38, 23, 1285, -24;
19, 336, 1, 743, 160, 89, 75, 1313, 4;
25, 336, 1, 733, 209, 117, 98, 1310, 4;
25, 329, -4, 684, 222, 127, 99, 1284, -17;
27, 324, -7, 646, 249, 143, 108, 1265, -30;
32, 321, -9, 616, 287, 165, 125, 1252, -35;
43, 325, -2, 629, 369, 209, 170, 1267, -11;
45, 318, -6, 578, 390, 221, 176, 1243, -24;
42, 307, -14, 495, 379, 218, 164, 1200, -55;
53, 311, -6, 504, 461, 261, 209, 1214, -26;
53, 303, -11, 437, 468, 267, 208, 1182, -43;
51, 293, -16, 360, 464, 267, 201, 1144, -65;
61, 294, -10, 353, 529, 301, 238, 1150, -41;
62, 288, -12, 294, 541, 308, 242, 1124, -49;
64, 282, -13, 241, 559, 318, 250, 1102, -51;
58, 269, -21, 140, 526, 302, 228, 1051, -82;
60, 264, -20, 90, 542, 311, 236, 1032, -81;
61, 259, -21, 36, 551, 316, 241, 1010, -82;
70, 261, -13, 29, 603, 342, 273, 1018, -53;
64, 249, -20, -64, 565, 323, 249, 971, -78;
60, 239, -24, -142, 539, 310, 234, 935, -94;
62, 236, -21, -180, 549, 314, 242, 923, -85;
64, 234, -19, -216, 557, 317, 249, 912, -75;
60, 226, -21, -283, 529, 302, 234, 882, -85;
57, 219, -23, -342, 503, 288, 222, 856, -91;
50, 210, -27, -415, 459, 264, 198, 821, -107;
56, 213, -19, -411, 485, 276, 219, 833, -77;
53, 208, -20, -458, 457, 259, 206, 814, -79;
47, 202, -22, -510, 416, 237, 186, 790, -87;
37, 191, -29, -592, 340, 196, 145, 747, -115;
41, 195, -21, -578, 355, 202, 161, 764, -85;
31, 187, -27, -642, 286, 164, 124, 730, -106;
30, 187, -24, -651, 265, 151, 119, 730, -95;
22, 181, -28, -699, 202, 116, 86, 706, -110;
22, 184, -23, -686, 192, 108, 88, 718, -91;
12, 177, -28, -733, 117, 68, 49, 692, -111;
12, 180, -24, -717, 101, 57, 47, 705, -94;
4, 177, -27, -741, 39, 22, 16, 691, -105;
0, 178, -25, -734, 3, 1, 2, 696, -99;
0, 182, -21, -708, -18, -12, -3, 711, -85;
-8, 180, -24, -715, -77, -44, -31, 705, -93;
-17, 177, -28, -733, -150, -84, -69, 692, -111;
-21, 180, -26, -708, -184, -104, -83, 704, -105;
-25, 183, -25, -683, -221, -126, -98, 716, -101;
-32, 183, -28, -677, -280, -158, -128, 715, -111;
-30, 192, -21, -607, -278, -160, -119, 752, -84;
-41, 190, -27, -614, -354, -201, -160, 741, -107;
-39, 200, -21, -539, -351, -202, -152, 780, -82;
-49, 197, -27, -541, -425, -241, -192, 771, -106;
-53, 201, -27, -502, -459, -260, -208, 786, -107;
-47, 215, -18, -401, -431, -249, -186, 840, -70;
-54, 216, -21, -378, -482, -276, -212, 844, -84;
-53, 225, -17, -305, -481, -277, -208, 879, -68;
-63, 223, -24, -300, -548, -312, -246, 871, -96;
-66, 227, -25, -256, -574, -326, -260, 887, -100;
-66, 235, -23, -188, -574, -327, -258, 918, -90;
-59, 249, -14, -83, -534, -307, -231, 972, -57;
-65, 249, -19, -62, -576, -329, -256, 973, -77;
-60, 260, -13, 28, -545, -313, -237, 1017, -54;
-60, 266, -13, 83, -546, -313, -237, 1040, -53;
-63, 270, -15, 124, -557, -319, -246, 1053, -60;
-65, 273, -17, 161, -568, -324, -254, 1064, -69;
-58, 283, -12, 248, -524, -301, -229, 1107, -47;
-60, 286, -14, 283, -529, -302, -234, 1117, -56;
-59, 290, -14, 327, -519, -296, -231, 1133, -58;
-52, 300, -10, 402, -471, -270, -206, 1170, -39;
-57, 297, -16, 404, -493, -280, -224, 1161, -64;
-50, 306, -11, 475, -439, -250, -195, 1196, -44;
-42, 315, -6, 546, -381, -219, -165, 1231, -23;
-45, 312, -12, 541, -392, -222, -177, 1220, -47;
-42, 316, -11, 573, -360, -204, -164, 1233, -45;
-39, 318, -12, 597, -331, -187, -153, 1240, -47;
-29, 326, -5, 660, -257, -147, -113, 1274, -21;
-19, 334, 0, 714, -187, -109, -77, 1302, 0;
-17, 334, 0, 721, -157, -91, -66, 1302, -3;
-16, 331, -3, 711, -139, -79, -62, 1293, -15;
-13, 330, -5, 708, -109, -61, -52, 1289, -20;
-8, 331, -3, 717, -63, -34, -31, 1293, -15;
1, 336, 1, 749, 11, 5, 7, 1312, 7;
8, 338, 4, 759, 69, 37, 34, 1319, 18;
5, 329, -2, 700, 61, 37, 22, 1284, -9;
17, 334, 4, 729, 145, 82, 66, 1304, 19;
25, 336, 9, 733, 209, 117, 98, 1310, 35;
24, 328, 4, 677, 215, 123, 94, 1279, 17;
34, 331, 10, 687, 290, 163, 134, 1291, 42;
38, 327, 11, 657, 328, 185, 150, 1278, 45;
38, 320, 8, 598, 339, 193, 150, 1248, 32;
37, 311, 4, 530, 341, 197, 146, 1213, 16;
50, 315, 13, 546, 430, 244, 195, 1231, 54;
48, 305, 9, 468, 425, 244, 187, 1192, 36;
53, 302, 12, 434, 465, 265, 206, 1180, 46;
53, 295, 10, 371, 475, 272, 208, 1151, 41;
53, 287, 9, 307, 483, 278, 209, 1121, 35;
58, 284, 12, 268, 516, 296, 227, 1108, 48;
66, 285, 19, 255, 573, 325, 259, 1111, 76;
68, 279, 20, 201, 587, 333, 266, 1089, 81;
61, 265, 14, 97, 548, 314, 240, 1036, 55;
61, 258, 13, 34, 548, 315, 239, 1009, 54;
61, 252, 14, -25, 547, 314, 238, 983, 55;
62, 247, 16, -77, 552, 317, 242, 964, 62;
68, 248, 24, -87, 594, 337, 268, 969, 94;
66, 240, 23, -155, 574, 327, 258, 938, 90;
63, 233, 22, -217, 555, 316, 248, 911, 88;
59, 225, 20, -288, 524, 299, 231, 879, 80;
55, 217, 19, -354, 491, 282, 215, 849, 74;
60, 220, 27, -353, 521, 295, 237, 860, 108;
48, 206, 19, -459, 437, 252, 189, 803, 74;
49, 205, 23, -480, 434, 248, 192, 800, 91;
41, 195, 19, -553, 373, 215, 160, 763, 74;
42, 196, 24, -560, 373, 213, 166, 767, 96;
33, 188, 20, -627, 306, 177, 130, 733, 78;
31, 186, 22, -646, 282, 162, 122, 728, 87;
28, 185, 24, -664, 253, 145, 111, 723, 94;
25, 184, 25, -680, 220, 125, 98, 718, 100;
24, 186, 30, -672, 205, 115, 96, 726, 118;
16, 181, 27, -707, 143, 81, 65, 708, 107;
14, 183, 30, -700, 117, 65, 57, 715, 119;
7, 180, 28, -719, 60, 33, 29, 704, 111;
1, 179, 27, -729, 8, 4, 5, 699, 107;
-9, 173, 21, -762, -72, -39, -37, 678, 84;
-12, 176, 23, -745, -106, -59, -50, 687, 91;
-15, 179, 25, -721, -138, -78, -62, 699, 98;
-15, 186, 30, -671, -146, -86, -59, 728, 119;
-29, 179, 21, -709, -247, -139, -115, 699, 82;
-33, 183, 21, -679, -282, -159, -129, 713, 85;
-32, 191, 26, -618, -289, -166, -126, 745, 104;
-35, 195, 27, -579, -319, -184, -138, 763, 107;
-39, 200, 27, -539, -351, -202, -152, 780, 108;
-41, 206, 29, -489, -373, -215, -160, 803, 114;
-49, 205, 23, -480, -437, -249, -194, 800, 91;
-48, 215, 28, -404, -434, -250, -187, 838, 109;
-60, 210, 18, -415, -519, -294, -235, 821, 70;
-59, 219, 20, -345, -522, -297, -233, 854, 80;
-59, 227, 23, -273, -521, -298, -230, 888, 89;
-66, 227, 16, -257, -574, -326, -260, 887, 64;
-61, 240, 22, -157, -542, -311, -238, 938, 89;
-68, 240, 16, -138, -589, -335, -265, 937, 63;
-62, 252, 21, -41, -555, -318, -244, 985, 84;
-64, 257, 19, 7, -566, -324, -250, 1004, 76;
-67, 260, 15, 42, -587, -334, -263, 1014, 59;
-61, 272, 20, 136, -545, -313, -238, 1061, 79;
-62, 275, 16, 176, -553, -316, -244, 1074, 65;
-65, 277, 12, 208, -564, -321, -254, 1082, 48;
-62, 284, 12, 271, -541, -308, -242, 1110, 49;
-56, 293, 15, 343, -502, -287, -221, 1144, 58;
-55, 297, 12, 386, -488, -278, -216, 1160, 50;
-51, 303, 13, 441, -456, -261, -201, 1184, 51;
-50, 306, 9, 472, -442, -252, -197, 1194, 38;
-45, 312, 10, 523, -403, -230, -178, 1217, 40;
-44, 313, 6, 545, -387, -220, -175, 1223, 25;
-33, 324, 12, 625, -308, -178, -132, 1265, 49;
-34, 323, 6, 628, -300, -171, -133, 1260, 27;
-34, 321, 1, 628, -288, -163, -133, 1254, 6;
-27, 326, 2, 667, -233, -132, -106, 1274, 11;
-15, 335, 9, 733, -145, -85, -59, 1310, 35;
-13, 334, 5, 729, -121, -70, -51, 1305, 19;
-10, 333, 1, 728, -90, -51, -40, 1301, 7;
-4, 335, 1, 741, -39, -22, -16, 1308, 7;
-2, 331, -2, 719, -17, -8, -11, 1294, -11;
2, 331, -4, 716, 25, 16, 8, 1292, -15;
9, 333, -2, 725, 86, 49, 37, 1300, -9;
18, 336, 0, 739, 155, 87, 72, 1310, 1;
19, 330, -4, 696, 172, 98, 75, 1287, -19;
28, 332, -1, 704, 242, 136, 111, 1296, -5;
34, 331, -1, 688, 291, 164, 135, 1291, -4;
34, 324, -6, 634, 304, 173, 136, 1263, -24;
38, 320, -7, 599, 339, 193, 151, 1248, -30;
40, 313, -11, 547, 359, 206, 157, 1224, -43;
47, 313, -8, 531, 415, 236, 186, 1222, -32;
49, 307, -11, 477, 434, 248, 192, 1197, -43;
47, 297, -16, 401, 432, 249, 186, 1159, -66;
55, 296, -13, 381, 485, 277, 214, 1157, -52;
61, 295, -9, 357, 534, 303, 241, 1153, -38;
58, 284, -16, 267, 515, 295, 226, 1108, -65;
65, 284, -11, 252, 569, 323, 257, 1109, -44;
59, 271, -19, 149, 534, 307, 233, 1057, -77;
59, 264, -21, 86, 537, 309, 233, 1029, -84;
64, 261, -18, 53, 567, 324, 251, 1021, -72;
60, 251, -23, -31, 542, 311, 235, 980, -91;
66, 251, -17, -47, 582, 332, 260, 982, -68;
66, 246, -17, -100, 581, 331, 261, 961, -68;
59, 233, -24, -199, 530, 305, 230, 911, -97;
66, 236, -17, -203, 570, 324, 257, 920, -67;
61, 227, -20, -274, 538, 307, 240, 888, -79;
54, 217, -25, -356, 489, 281, 213, 847, -100;
55, 214, -23, -388, 486, 278, 215, 838, -90;
51, 208, -24, -444, 453, 259, 199, 813, -97;
46, 202, -26, -496, 418, 240, 182, 790, -103;
43, 197, -27, -541, 386, 222, 167, 771, -106;
41, 195, -25, -566, 367, 210, 162, 764, -98;
34, 189, -28, -619, 314, 181, 135, 738, -110;
35, 191, -23, -619, 309, 175, 138, 745, -92;
31, 188, -23, -644, 273, 155, 123, 735, -90;
21, 180, -29, -706, 194, 113, 82, 702, -115;
22, 184, -23, -687, 191, 108, 87, 717, -92;
20, 185, -20, -685, 166, 92, 79, 722, -81;
6, 175, -29, -753, 65, 38, 24, 682, -116;
6, 179, -24, -726, 53, 29, 25, 700, -96;
4, 182, -22, -712, 25, 12, 15, 710, -86;
-9, 174, -30, -760, -69, -38, -35, 679, -117;
-12, 176, -28, -741, -102, -57, -47, 690, -109;
-18, 176, -29, -739, -155, -87, -73, 689, -114;
-16, 185, -22, -679, -154, -90, -64, 723, -86;
-28, 180, -29, -705, -243, -137, -112, 702, -115;
-28, 187, -24, -651, -254, -146, -112, 730, -95;
-35, 187, -26, -640, -311, -177, -140, 732, -105;
-37, 194, -23, -590, -330, -189, -145, 756, -92;
-44, 194, -26, -574, -386, -219, -173, 759, -103;
-49, 198, -27, -539, -424, -240, -191, 772, -105;
-52, 202, -26, -497, -454, -258, -204, 790, -103;
-52, 210, -23, -432, -463, -264, -205, 820, -90;
-58, 212, -25, -403, -507, -288, -228, 828, -100;
-58, 220, -22, -337, -513, -293, -228, 859, -88;
-61, 225, -22, -287, -535, -305, -238, 879, -87;
-61, 233, -20, -222, -540, -309, -238, 908, -79;
-67, 234, -24, -194, -579, -329, -261, 914, -93;
-69, 239, -24, -144, -596, -338, -270, 933, -95;
-63, 251, -17, -49, -563, -322, -249, 981, -69;
-66, 255, -19, -4, -578, -330, -257, 996, -75;
-65, 262, -17, 58, -571, -326, -253, 1024, -68;
-64, 268, -16, 115, -566, -323, -251, 1048, -66;
-66, 271, -19, 152, -577, -328, -260, 1059, -75;
-61, 281, -14, 232, -541, -309, -239, 1097, -57;
-62, 283, -16, 266, -545, -310, -244, 1107, -66;
-56, 293, -11, 347, -499, -286, -219, 1146, -45;
-55, 297, -12, 386, -488, -279, -216, 1160, -49;
-53, 301, -12, 429, -468, -267, -208, 1176, -49;
-44, 312, -6, 509, -406, -234, -175, 1217, -24;
-51, 306, -15, 489, -437, -247, -200, 1196, -59;
-45, 313, -12, 541, -391, -222, -177, 1220, -47;
-36, 322, -5, 611, -322, -185, -140, 1256, -22;
-36, 320, -9, 612, -315, -179, -143, 1250, -37;
-25, 330, -2, 682, -235, -136, -99, 1288, -8;
-29, 324, -9, 655, -245, -138, -113, 1266, -35;
-24, 326, -8, 673, -205, -115, -96, 1273, -33;
-19, 328, -7, 691, -160, -89, -75, 1281, -28;
-14, 329, -6, 703, -114, -63, -55, 1286, -23;
-4, 335, 0, 741, -38, -22, -15, 1308, 0;
4, 339, 4, 765, 27, 13, 17, 1323, 17;
8, 338, 4, 757, 66, 36, 33, 1318, 17;
15, 339, 7, 761, 122, 67, 60, 1322, 28;
12, 329, 0, 700, 116, 68, 48, 1286, 1;
21, 331, 5, 707, 183, 104, 82, 1294, 19;
25, 329, 5, 687, 225, 128, 100, 1286, 23;
31, 327, 7, 666, 269, 153, 121, 1278, 29;
38, 327, 11, 654, 325, 184, 149, 1276, 43;
33, 315, 3, 568, 308, 178, 132, 1229, 13;
44, 317, 10, 571, 383, 218, 172, 1239, 41;
48, 314, 12, 539, 423, 240, 191, 1227, 49;
52, 310, 13, 497, 454, 258, 205, 1209, 53;
50, 299, 9, 416, 447, 256, 195, 1169, 35;
60, 301, 17, 412, 516, 293, 234, 1176, 66;
62, 296, 18, 363, 539, 306, 244, 1156, 70;
60, 286, 14, 282, 529, 302, 235, 1116, 56;
60, 279, 14, 220, 538, 307, 237, 1089, 55;
58, 269, 11, 140, 526, 303, 228, 1051, 43;
65, 269, 17, 120, 571, 326, 254, 1050, 69;
67, 264, 20, 72, 586, 334, 263, 1033, 78;
69, 260, 22, 25, 599, 340, 270, 1016, 88;
62, 247, 16, -73, 555, 318, 244, 966, 64;
62, 241, 17, -130, 551, 316, 242, 942, 67;
59, 234, 16, -195, 534, 306, 233, 913, 65;
67, 237, 26, -197, 576, 327, 261, 924, 101;
60, 226, 22, -280, 532, 303, 236, 884, 86;
62, 225, 26, -306, 539, 306, 244, 878, 104;
55, 214, 22, -388, 486, 277, 215, 838, 86;
57, 214, 27, -405, 492, 279, 223, 838, 108;
54, 210, 28, -450, 465, 263, 211, 819, 110;
48, 203, 26, -507, 419, 238, 188, 792, 102;
46, 200, 28, -534, 398, 225, 181, 783, 111;
36, 191, 23, -606, 327, 188, 144, 746, 91;
34, 190, 25, -624, 304, 173, 136, 742, 101;
31, 188, 26, -647, 269, 153, 121, 733, 104;
21, 180, 22, -702, 198, 114, 84, 704, 86;
20, 182, 26, -699, 179, 102, 79, 710, 101;
17, 182, 28, -700, 150, 84, 69, 712, 111;
14, 183, 30, -699, 118, 65, 57, 716, 119;
9, 182, 30, -709, 70, 38, 36, 711, 117;
2, 180, 29, -719, 18, 9, 11, 705, 113;
-3, 179, 27, -728, -37, -22, -15, 699, 106;
-5, 183, 30, -701, -62, -37, -23, 714, 118;
-14, 180, 26, -714, -131, -75, -58, 704, 102;
-24, 177, 21, -731, -207, -116, -97, 690, 82;
-20, 188, 30, -650, -188, -109, -78, 736, 119;
-31, 184, 23, -667, -270, -153, -122, 721, 92;
-37, 185, 21, -652, -322, -182, -147, 724, 83;
-34, 196, 28, -571, -312, -180, -134, 768, 112;
-41, 197, 24, -558, -369, -211, -163, 769, 97;
-48, 198, 22, -534, -418, -238, -188, 775, 86;
-53, 201, 19, -505, -463, -262, -210, 784, 75;
-51, 211, 24, -424, -454, -260, -200, 826, 96;
-51, 219, 26, -361, -465, -267, -202, 855, 103;
-62, 216, 18, -359, -535, -304, -242, 846, 71;
-56, 230, 25, -255, -503, -289, -219, 899, 101;
-61, 233, 22, -222, -539, -308, -238, 909, 86;
-68, 233, 15, -204, -589, -334, -267, 908, 60;
-68, 240, 16, -138, -589, -335, -265, 938, 63;
-67, 247, 16, -74, -588, -334, -264, 965, 64;
-69, 251, 13, -29, -602, -342, -272, 981, 53;
-63, 264, 19, 69, -560, -321, -246, 1031, 76;
-68, 264, 12, 88, -593, -337, -268, 1031, 49;
-65, 272, 14, 158, -571, -325, -256, 1062, 54;
-63, 278, 13, 217, -556, -317, -249, 1087, 53;
-58, 288, 16, 293, -518, -297, -228, 1124, 63;
-58, 292, 13, 335, -510, -291, -226, 1139, 53;
-58, 294, 10, 369, -505, -287, -227, 1149, 39;
-51, 304, 13, 443, -453, -260, -199, 1186, 52;
-47, 309, 12, 491, -423, -242, -185, 1206, 50;
-47, 310, 8, 512, -415, -236, -186, 1210, 33;
-45, 312, 5, 541, -392, -222, -177, 1220, 23;
-34, 323, 11, 619, -314, -181, -135, 1261, 45;
-39, 318, 2, 598, -330, -186, -152, 1241, 8;
-25, 330, 10, 683, -233, -135, -99, 1288, 40;
-23, 330, 6, 691, -209, -120, -91, 1288, 25;
-22, 328, 2, 688, -190, -107, -86, 1282, 7;
-16, 331, 1, 710, -140, -79, -63, 1293, 7;
-13, 330, -1, 706, -111, -62, -53, 1288, -5;
-3, 336, 2, 747, -33, -19, -12, 1312, 11;
0, 334, 0, 736, -1, 0, 0, 1305, 0;
4, 333, -2, 728, 37, 22, 15, 1300, -8;
8, 332, -3, 717, 79, 45, 33, 1295, -14;
15, 332, -3, 716, 132, 76, 58, 1296, -12;
19, 329, -5, 694, 170, 97, 74, 1286, -20;
25, 329, -4, 685, 223, 127, 99, 1284, -17;
28, 325, -7, 650, 253, 145, 111, 1268, -27;
32, 321, -8, 620, 291, 167, 128, 1255, -32;
36, 317, -10, 584, 324, 186, 141, 1239, -39;
45, 319, -5, 582, 394, 223, 179, 1246, -21;
43, 309, -12, 504, 388, 223, 169, 1205, -49;
54, 312, -5, 511, 468, 265, 213, 1218, -22;
52, 302, -12, 432, 462, 264, 205, 1178, -47;
52, 294, -15, 366, 470, 270, 205, 1148, -61;
57, 291, -14, 331, 507, 290, 225, 1136, -55;
64, 290, -10, 310, 558, 316, 252, 1134, -39;
57, 276, -19, 201, 519, 298, 226, 1078, -76;
64, 275, -15, 178, 564, 322, 252, 1075, -58;
66, 270, -15, 124, 576, 328, 257, 1053, -60;
62, 260, -20, 42, 556, 319, 244, 1014, -78;
67, 258, -16, 14, 588, 335, 263, 1008, -63;
64, 250, -19, -59, 570, 326, 253, 975, -75;
67, 246, -17, -99, 582, 331, 261, 962, -67;
66, 240, -17, -155, 575, 327, 258, 939, -69;
61, 231, -21, -230, 543, 310, 240, 904, -83;
64, 230, -17, -257, 555, 315, 251, 898, -69;
60, 223, -20, -320, 525, 299, 235, 869, -78;
56, 216, -21, -378, 495, 282, 221, 844, -84;
55, 213, -20, -414, 483, 274, 218, 832, -78;
45, 201, -27, -503, 411, 237, 178, 786, -107;
50, 204, -20, -496, 430, 244, 195, 799, -78;
40, 195, -25, -569, 363, 208, 159, 761, -101;
43, 198, -19, -564, 369, 208, 169, 772, -76;
31, 186, -27, -645, 282, 162, 122, 728, -108;
25, 182, -29, -680, 237, 137, 101, 713, -113;
21, 180, -29, -702, 198, 114, 84, 704, -113;
24, 186, -21, -675, 203, 114, 95, 725, -84;
17, 182, -23, -702, 148, 83, 68, 711, -92;
14, 182, -22, -703, 114, 63, 55, 713, -85;
2, 176, -28, -749, 31, 18, 11, 686, -110;
-5, 172, -31, -769, -32, -16, -20, 674, -121;
-9, 174, -30, -761, -71, -38, -36, 678, -118;
-11, 177, -27, -736, -97, -55, -44, 692, -106;
-14, 181, -24, -709, -126, -72, -54, 707, -96;
-14, 187, -20, -668, -144, -84, -58, 729, -80;
-20, 188, -20, -652, -190, -110, -79, 735, -81;
-34, 181, -30, -689, -292, -164, -135, 707, -118;
-30, 193, -21, -605, -276, -159, -118, 753, -83;
-42, 188, -29, -622, -363, -205, -165, 736, -113;
-46, 192, -28, -585, -396, -224, -180, 752, -110;
-45, 201, -23, -519, -403, -230, -179, 784, -93;
-54, 200, -28, -511, -468, -265, -213, 781, -112;
-48, 214, -18, -404, -435, -250, -188, 838, -72;
-57, 213, -24, -395, -498, -284, -223, 834, -95;
-58, 220, -22, -337, -513, -293, -228, 859, -88;
-57, 229, -18, -263, -511, -293, -224, 894, -73;
-60, 233, -19, -219, -537, -307, -236, 910, -77;
-67, 234, -24, -197, -583, -331, -263, 912, -96;
-63, 244, -19, -110, -561, -321, -248, 955, -74;
-64, 250, -18, -55, -569, -325, -252, 977, -73;
-65, 256, -18, -1, -575, -328, -255, 999, -73;
-62, 265, -15, 74, -555, -318, -243, 1034, -58;
-64, 268, -16, 116, -565, -323, -250, 1048, -65;
-63, 274, -16, 172, -557, -318, -247, 1071, -62;
-57, 285, -10, 256, -516, -297, -224, 1112, -41;
-59, 286, -14, 285, -527, -301, -233, 1118, -54;
-56, 293, -12, 342, -503, -288, -222, 1143, -48;
-60, 292, -17, 356, -518, -294, -235, 1141, -67;
-51, 303, -10, 442, -455, -260, -200, 1185, -40;
-53, 303, -14, 454, -461, -261, -209, 1183, -58;
-44, 313, -8, 531, -395, -226, -174, 1222, -32;
-39, 319, -5, 581, -351, -202, -152, 1245, -22;
-40, 317, -10, 581, -352, -200, -159, 1237, -41;
-34, 322, -7, 626, -302, -172, -134, 1259, -29;
-29, 326, -5, 659, -258, -147, -114, 1273, -22;
-24, 329, -4, 683, -217, -124, -96, 1283, -18;
-15, 335, 0, 730, -147, -86, -60, 1309, 2;
-17, 330, -5, 704, -146, -82, -67, 1289, -19;
-12, 331, -4, 715, -102, -57, -47, 1293, -16;
-1, 338, 3, 760, -19, -13, -4, 1320, 11;
4, 339, 4, 767, 30, 15, 18, 1324, 18;
7, 337, 3, 751, 60, 33, 29, 1314, 13;
5, 329, -2, 698, 59, 36, 21, 1283, -10;
15, 332, 2, 715, 132, 75, 58, 1296, 10;
16, 327, 0, 677, 152, 89, 63, 1275, 0;
20, 324, 0, 654, 192, 112, 80, 1265, 3;
34, 331, 10, 687, 290, 163, 134, 1291, 42;
31, 320, 4, 609, 280, 161, 121, 1248, 15;
34, 315, 4, 572, 312, 180, 134, 1232, 16;
43, 316, 9, 566, 378, 215, 169, 1236, 38;
43, 308, 7, 502, 386, 222, 168, 1204, 27;
47, 305, 8, 465, 422, 242, 185, 1190, 34;
54, 304, 13, 444, 474, 270, 212, 1186, 52;
53, 295, 10, 373, 476, 273, 209, 1152, 42;
62, 295, 17, 359, 535, 304, 242, 1153, 68;
64, 290, 18, 309, 557, 316, 252, 1134, 73;
58, 277, 11, 206, 524, 300, 228, 1081, 46;
64, 275, 17, 177, 563, 321, 251, 1074, 66;
61, 265, 13, 94, 545, 313, 238, 1034, 53;
69, 267, 22, 86, 601, 341, 272, 1042, 87;
65, 256, 18, 0, 573, 327, 254, 999, 71;
67, 252, 21, -45, 584, 333, 261, 983, 82;
60, 240, 15, -140, 542, 311, 236, 936, 62;
58, 233, 15, -202, 527, 303, 228, 909, 61;
61, 231, 20, -232, 540, 309, 239, 902, 79;
63, 229, 25, -259, 552, 314, 249, 896, 98;
53, 216, 17, -363, 482, 277, 209, 843, 69;
60, 219, 27, -357, 516, 293, 234, 857, 106;
57, 214, 27, -404, 492, 279, 223, 838, 108;
46, 201, 20, -502, 413, 237, 179, 787, 78;
41, 196, 19, -548, 379, 218, 163, 767, 77;
37, 192, 20, -588, 344, 199, 148, 750, 78;
36, 191, 22, -609, 324, 186, 142, 744, 89;
34, 190, 25, -625, 303, 173, 135, 741, 100;
33, 190, 29, -630, 287, 162, 132, 744, 115;
26, 185, 27, -671, 230, 130, 104, 724, 106;
15, 177, 21, -731, 147, 86, 60, 690, 82;
15, 180, 26, -715, 135, 77, 60, 703, 102;
12, 181, 28, -714, 103, 58, 48, 706, 110;
5, 178, 26, -733, 46, 26, 21, 696, 102;
4, 182, 30, -712, 25, 12, 15, 710, 117;
-9, 173, 21, -764, -73, -40, -37, 677, 83;
-12, 176, 23, -742, -103, -58, -48, 689, 92;
-19, 175, 21, -747, -163, -91, -77, 684, 82;
-22, 179, 23, -718, -194, -109, -89, 698, 90;
-26, 182, 24, -691, -229, -130, -103, 711, 93;
-32, 183, 22, -675, -278, -157, -126, 716, 88;
-29, 193, 29, -602, -273, -157, -116, 755, 114;
-34, 196, 28, -572, -312, -180, -134, 767, 112;
-41, 197, 25, -554, -366, -209, -161, 771, 99;
-42, 205, 28, -495, -379, -218, -164, 799, 110;
-51, 204, 22, -487, -445, -253, -199, 795, 87;
-51, 211, 24, -427, -457, -261, -202, 824, 94;
-53, 217, 25, -371, -474, -272, -208, 849, 97;
-53, 225, 26, -306, -483, -278, -209, 878, 104;
-62, 224, 19, -294, -542, -309, -243, 875, 77;
-62, 232, 20, -229, -546, -312, -243, 904, 81;
-68, 233, 15, -200, -586, -333, -265, 910, 62;
-61, 247, 23, -93, -544, -312, -238, 965, 91;
-70, 245, 14, -89, -604, -342, -273, 956, 54;
-61, 260, 22, 22, -551, -316, -240, 1014, 86;
-67, 259, 15, 41, -588, -334, -264, 1013, 59;
-65, 267, 16, 109, -572, -326, -255, 1044, 62;
-68, 269, 10, 139, -590, -335, -268, 1051, 42;
-60, 281, 16, 236, -537, -307, -237, 1099, 65;
-62, 284, 12, 267, -544, -310, -244, 1107, 47;
-57, 293, 14, 341, -504, -288, -223, 1142, 57;
-60, 292, 7, 354, -520, -295, -236, 1140, 30;
-53, 301, 10, 427, -470, -268, -209, 1175, 42;
-52, 304, 7, 458, -456, -259, -206, 1185, 29;
-41, 316, 14, 551, -375, -216, -161, 1235, 57;
-47, 311, 4, 531, -402, -227, -183, 1214, 16;
-40, 317, 5, 582, -351, -199, -158, 1238, 22;
-31, 325, 9, 645, -283, -163, -122, 1270, 37;
-33, 322, 1, 631, -286, -161, -131, 1256, 7;
-24, 329, 6, 687, -213, -122, -93, 1286, 23;
-23, 327, 0, 679, -199, -112, -92, 1277, 2;
-15, 332, 2, 713, -137, -78, -61, 1295, 9;
-11, 332, 0, 718, -99, -56, -45, 1295, 1;
-4, 334, 1, 737, -42, -24, -18, 1306, 5;
-1, 333, -1, 729, -8, -4, -5, 1300, -5;
6, 335, 0, 742, 52, 29, 24, 1309, 0;
10, 333, -2, 728, 89, 51, 39, 1301, -8;
13, 330, -4, 706, 123, 71, 52, 1290, -18;
20, 331, -3, 702, 178, 102, 79, 1291, -15;
28, 332, -1, 705, 243, 137, 112, 1297, -5;
31, 328, -4, 668, 271, 154, 122, 1279, -16;
34, 323, -6, 632, 303, 173, 135, 1263, -25;
35, 316, -11, 576, 316, 182, 137, 1234, -44;
45, 319, -5, 582, 394, 223, 179, 1246, -21;
42, 308, -13, 500, 384, 221, 166, 1202, -52;
52, 310, -8, 496, 454, 258, 204, 1209, -31;
53, 303, -11, 438, 468, 267, 209, 1182, -43;
57, 299, -10, 399, 503, 286, 226, 1168, -41;
61, 294, -10, 353, 529, 301, 238, 1150, -42;
60, 286, -14, 280, 527, 301, 234, 1115, -58;
62, 280, -15, 228, 546, 312, 242, 1094, -59;
60, 271, -19, 150, 536, 308, 234, 1058, -76;
63, 267, -18, 107, 558, 319, 246, 1042, -71;
63, 261, -18, 50, 564, 323, 249, 1019, -73;
64, 256, -18, -2, 571, 326, 253, 998, -73;
63, 248, -21, -69, 559, 320, 246, 968, -82;
61, 240, -23, -136, 545, 313, 238, 939, -90;
58, 233, -25, -201, 528, 304, 229, 910, -98;
65, 235, -18, -208, 565, 321, 254, 917, -70;
56, 222, -25, -306, 506, 290, 220, 868, -99;
60, 223, -19, -319, 526, 299, 236, 870, -77;
59, 219, -19, -361, 512, 291, 232, 854, -74;
57, 214, -19, -407, 490, 278, 222, 836, -74;
54, 210, -18, -446, 469, 265, 214, 821, -72;
46, 201, -23, -520, 406, 232, 180, 784, -93;
43, 197, -23, -557, 376, 214, 167, 769, -93;
38, 192, -25, -598, 335, 191, 148, 751, -98;
29, 185, -29, -655, 273, 157, 116, 722, -114;
24, 181, -30, -686, 231, 134, 97, 709, -117;
24, 183, -25, -683, 217, 124, 96, 716, -101;
21, 183, -24, -693, 185, 105, 83, 713, -95;
11, 176, -29, -739, 112, 65, 46, 689, -114;
9, 178, -26, -731, 86, 49, 37, 695, -103;
5, 178, -26, -735, 45, 25, 20, 695, -101;
3, 181, -22, -712, 24, 12, 15, 709, -86;
-6, 176, -27, -744, -53, -30, -25, 689, -107;
-13, 176, -28, -746, -107, -60, -51, 686, -112;
-19, 176, -29, -742, -158, -89, -75, 687, -116;
-25, 176, -30, -732, -208, -116, -97, 690, -119;
-20, 188, -20, -651, -189, -110, -78, 736, -81;
-31, 184, -27, -668, -271, -154, -122, 720, -105;
-37, 186, -28, -650, -321, -181, -146, 725, -111;
-39, 192, -25, -602, -343, -195, -153, 748, -100;
-42, 196, -24, -559, -371, -212, -164, 768, -94;
-47, 199, -25, -530, -414, -236, -185, 778, -99;
-52, 202, -26, -495, -452, -257, -204, 791, -102;
-53, 209, -23, -436, -467, -266, -207, 818, -92;
-60, 210, -27, -414, -518, -294, -235, 822, -107;
-56, 222, -20, -326, -503, -288, -221, 866, -81;
-59, 227, -20, -273, -521, -298, -230, 888, -79;
-56, 237, -15, -195, -513, -295, -222, 925, -62;
-61, 239, -18, -161, -547, -313, -241, 935, -73;
-68, 239, -24, -142, -593, -337, -268, 935, -94;
-60, 254, -14, -31, -545, -313, -237, 992, -58;
-69, 252, -22, -23, -597, -339, -269, 985, -86;
-66, 261, -19, 49, -580, -330, -259, 1018, -74;
-61, 271, -13, 134, -547, -314, -239, 1059, -54;
-65, 272, -18, 158, -571, -325, -256, 1062, -71;
-58, 283, -12, 248, -525, -301, -229, 1107, -47;
-64, 282, -18, 254, -557, -316, -252, 1099, -73;
-55, 294, -11, 350, -495, -284, -217, 1148, -43;
-60, 292, -17, 356, -517, -293, -235, 1142, -67;
-53, 302, -12, 432, -465, -266, -207, 1178, -47;
-51, 306, -12, 470, -444, -253, -198, 1193, -47;
-50, 307, -14, 492, -434, -246, -198, 1198, -57;
-37, 320, -4, 590, -342, -198, -147, 1251, -16;
-33, 325, -2, 629, -304, -176, -129, 1267, -11;
-37, 320, -9, 611, -317, -180, -144, 1249, -38;
-28, 327, -5, 662, -255, -146, -112, 1275, -20;
-26, 327, -6, 669, -231, -131, -104, 1275, -27;
-24, 326, -8, 675, -203, -114, -94, 1274, -32;
-14, 333, -2, 720, -130, -74, -57, 1299, -9;
-14, 329, -6, 699, -118, -65, -57, 1284, -25;
-2, 337, 1, 753, -26, -16, -8, 1316, 7;
-3, 331, -3, 714, -23, -11, -14, 1291, -14;
2, 331, -1, 718, 28, 17, 9, 1294, -6;
9, 333, 1, 725, 86, 49, 37, 1299, 5;
20, 337, 8, 749, 166, 92, 79, 1317, 32;
20, 331, 4, 705, 180, 103, 80, 1293, 18;
28, 332, 8, 702, 240, 135, 110, 1295, 32;
34, 330, 10, 684, 287, 162, 132, 1289, 40;
34, 323, 7, 629, 300, 171, 133, 1261, 28;
34, 315, 3, 570, 310, 179, 133, 1230, 15;
39, 313, 6, 543, 354, 204, 154, 1221, 24;
44, 310, 8, 512, 396, 227, 174, 1210, 33;
50, 308, 12, 487, 444, 253, 198, 1203, 47;
52, 302, 11, 433, 464, 265, 206, 1179, 46;
55, 296, 12, 381, 485, 277, 215, 1157, 47;
54, 288, 9, 309, 486, 279, 211, 1123, 37;
65, 291, 19, 312, 560, 317, 254, 1135, 75;
66, 285, 20, 257, 574, 326, 260, 1112, 78;
60, 271, 12, 150, 536, 307, 234, 1057, 49;
62, 266, 14, 101, 553, 317, 243, 1039, 57;
65, 263, 18, 62, 576, 329, 256, 1026, 72;
67, 258, 20, 13, 587, 334, 263, 1008, 80;
61, 246, 15, -83, 546, 314, 238, 960, 59;
68, 247, 23, -92, 589, 335, 265, 966, 91;
62, 236, 19, -180, 549, 314, 242, 923, 74;
65, 235, 24, -206, 567, 322, 255, 919, 96;
60, 226, 21, -284, 528, 302, 234, 881, 83;
59, 221, 23, -327, 518, 295, 231, 865, 91;
55, 215, 22, -386, 488, 279, 216, 839, 88;
51, 208, 21, -442, 454, 260, 200, 814, 85;
53, 208, 27, -457, 458, 260, 207, 815, 106;
51, 206, 29, -489, 437, 247, 200, 803, 114;
42, 197, 24, -558, 375, 214, 167, 769, 97;
40, 195, 27, -581, 352, 200, 159, 762, 106;
37, 192, 28, -608, 320, 181, 145, 752, 110;
29, 186, 25, -657, 260, 148, 115, 727, 99;
26, 185, 27, -670, 230, 131, 104, 724, 107;
19, 181, 25, -703, 175, 100, 77, 707, 99;
15, 180, 26, -713, 137, 78, 62, 705, 103;
6, 175, 22, -749, 68, 40, 26, 684, 88;
10, 183, 31, -702, 77, 42, 40, 715, 122;
-3, 174, 22, -760, -23, -11, -14, 679, 87;
0, 183, 31, -702, -12, -9, 0, 715, 122;
-13, 175, 22, -752, -113, -63, -54, 683, 86;
-19, 175, 21, -745, -162, -90, -77, 684, 83;
-17, 184, 28, -685, -161, -93, -68, 718, 110;
-27, 181, 22, -700, -238, -134, -109, 705, 88;
-34, 181, 20, -685, -289, -163, -133, 709, 81;
-38, 184, 20, -658, -329, -185, -151, 721, 79;
-37, 193, 25, -591, -332, -190, -146, 755, 99;
-37, 201, 29, -531, -343, -198, -147, 785, 113;
-44, 202, 25, -510, -394, -226, -173, 790, 101;
-51, 203, 22, -489, -447, -254, -200, 794, 85;
-48, 214, 27, -408, -439, -252, -190, 835, 106;
-55, 216, 23, -381, -485, -277, -214, 842, 91;
-57, 221, 23, -329, -506, -289, -223, 864, 90;
-62, 223, 19, -297, -545, -310, -245, 873, 75;
-60, 233, 22, -217, -535, -306, -235, 912, 88;
-64, 236, 19, -179, -565, -322, -252, 924, 75;
-65, 243, 19, -119, -570, -325, -254, 949, 74;
-65, 250, 19, -58, -572, -327, -254, 975, 74;
-67, 254, 16, -14, -587, -334, -263, 991, 63;
-67, 260, 15, 44, -585, -333, -262, 1015, 60;
-68, 264, 13, 91, -590, -335, -266, 1033, 51;
-63, 275, 16, 174, -555, -317, -246, 1072, 64;
-64, 278, 13, 214, -559, -318, -250, 1086, 51;
-58, 288, 16, 295, -516, -296, -226, 1125, 65;
-53, 296, 18, 363, -482, -277, -209, 1156, 70;
-56, 296, 12, 380, -493, -281, -220, 1156, 46;
-47, 307, 16, 464, -433, -249, -186, 1199, 65;
-44, 312, 15, 509, -406, -234, -175, 1217, 61;
-50, 307, 5, 494, -433, -245, -197, 1199, 21;
-46, 312, 5, 536, -397, -225, -180, 1217, 19;
-40, 317, 5, 583, -350, -199, -157, 1239, 23;
-30, 326, 10, 651, -277, -160, -119, 1274, 41;
-34, 321, 1, 630, -287, -162, -132, 1255, 6;
-26, 327, 3, 670, -230, -130, -104, 1275, 13;
-18, 332, 5, 713, -165, -95, -71, 1298, 23;
-11, 336, 6, 740, -110, -65, -45, 1311, 26;
-14, 329, -1, 704, -114, -63, -55, 1286, -7;
-1, 337, 4, 755, -24, -15, -7, 1317, 16;
-4, 330, -4, 708, -29, -14, -18, 1287, -18;
0, 329, -5, 705, 15, 10, 1, 1286, -22;
6, 330, -5, 705, 66, 39, 25, 1287, -22;
14, 331, -3, 712, 128, 74, 56, 1294, -15;
18, 328, -6, 688, 164, 94, 70, 1282, -24;
24, 327, -5, 676, 214, 122, 94, 1279, -23;
31, 328, -3, 670, 273, 155, 123, 1280, -15;
37, 326, -4, 648, 318, 180, 145, 1272, -15;
40, 321, -6, 608, 348, 198, 157, 1254, -24;
42, 316, -9, 560, 372, 212, 165, 1232, -35;
43, 308, -12, 503, 387, 222, 168, 1204, -50;
47, 305, -13, 464, 422, 242, 184, 1189, -51;
51, 301, -13, 424, 454, 260, 200, 1173, -52;
60, 301, -8, 412, 516, 293, 234, 1176, -32;
59, 293, -12, 345, 521, 297, 233, 1145, -46;
60, 286, -14, 280, 528, 301, 234, 1115, -57;
59, 277, -18, 209, 527, 302, 230, 1082, -71;
62, 274, -16, 168, 554, 316, 245, 1069, -65;
66, 270, -15, 125, 576, 328, 257, 1053, -60;
70, 267, -12, 88, 602, 342, 273, 1042, -50;
64, 255, -19, -6, 567, 324, 250, 995, -76;
63, 249, -20, -65, 564, 322, 249, 971, -79;
59, 239, -24, -144, 537, 309, 233, 933, -95;
68, 243, -15, -139, 590, 335, 268, 948, -59;
65, 235, -17, -205, 568, 323, 256, 919, -68;
63, 229, -18, -262, 549, 312, 247, 895, -72;
57, 219, -23, -342, 503, 288, 222, 856, -91;
59, 219, -18, -359, 515, 292, 233, 856, -72;
50, 207, -25, -448, 449, 257, 196, 811, -100;
47, 203, -25, -491, 423, 242, 185, 793, -100;
46, 201, -23, -518, 408, 233, 182, 785, -92;
39, 194, -27, -577, 356, 204, 155, 757, -105;
37, 192, -25, -600, 333, 190, 147, 750, -99;
37, 192, -22, -610, 318, 180, 144, 750, -86;
30, 187, -24, -651, 266, 151, 119, 731, -95;
26, 185, -24, -674, 226, 129, 102, 722, -95;
24, 186, -21, -674, 203, 114, 95, 725, -84;
18, 183, -22, -698, 152, 85, 71, 714, -89;
13, 182, -22, -708, 109, 61, 52, 710, -89;
9, 182, -21, -707, 73, 39, 37, 712, -84;
-1, 176, -28, -749, -11, -5, -7, 686, -109;
-4, 179, -25, -730, -39, -23, -16, 698, -98;
-6, 183, -22, -703, -64, -38, -24, 713, -85;
-18, 177, -28, -735, -152, -85, -70, 691, -112;
-19, 182, -25, -699, -175, -100, -77, 710, -99;
-21, 187, -21, -657, -195, -113, -82, 732, -85;
-33, 182, -29, -681, -284, -161, -130, 712, -114;
-32, 191, -23, -618, -289, -166, -126, 745, -91;
-36, 194, -22, -584, -324, -186, -141, 760, -89;
-40, 198, -22, -550, -361, -207, -158, 774, -89;
-48, 198, -26, -535, -419, -238, -188, 775, -102;
-53, 202, -27, -500, -457, -260, -207, 788, -105;
-49, 213, -20, -413, -443, -255, -193, 832, -78;
-60, 210, -27, -414, -517, -293, -235, 822, -106;
-58, 220, -22, -338, -514, -293, -229, 859, -89;
-64, 222, -25, -305, -553, -314, -249, 868, -99;
-61, 232, -20, -225, -542, -310, -240, 907, -80;
-58, 242, -15, -141, -527, -303, -228, 947, -61;
-61, 247, -16, -93, -544, -312, -237, 965, -63;
-68, 246, -22, -78, -592, -337, -266, 963, -87;
-68, 253, -21, -17, -591, -336, -265, 989, -83;
-67, 260, -20, 43, -586, -333, -262, 1015, -78;
-60, 272, -13, 139, -542, -311, -236, 1062, -51;
-61, 276, -14, 183, -546, -313, -240, 1078, -56;
-66, 276, -19, 200, -573, -325, -259, 1077, -77;
-56, 290, -10, 308, -504, -289, -219, 1133, -40;
-53, 296, -8, 366, -479, -276, -207, 1158, -33;
-51, 301, -8, 411, -462, -266, -200, 1176, -33;
-57, 297, -16, 403, -494, -280, -224, 1161, -64;
-52, 304, -14, 458, -456, -259, -206, 1185, -55;
-48, 309, -12, 508, -419, -238, -188, 1207, -47;
-42, 316, -9, 560, -372, -212, -165, 1232, -35;
-35, 322, -5, 615, -319, -183, -138, 1258, -20;
-33, 324, -6, 635, -293, -168, -129, 1264, -23;
-25, 330, -2, 682, -235, -136, -100, 1288, -8;
-25, 328, -5, 677, -223, -127, -99, 1280, -22;
-24, 326, -8, 675, -203, -114, -95, 1274, -32;
-18, 329, -6, 696, -154, -86, -72, 1284, -24;
-13, 330, -5, 708, -110, -61, -52, 1289, -20;
-2, 337, 1, 753, -27, -16, -9, 1315, 6;
-4, 330, -4, 708, -28, -14, -17, 1287, -17;
1, 330, -2, 710, 19, 13, 4, 1289, -11;
12, 336, 4, 742, 103, 58, 48, 1310, 16;
14, 331, 2, 711, 128, 73, 55, 1293, 8;
19, 330, 3, 696, 172, 98, 75, 1287, 12;
27, 331, 7, 695, 233, 132, 106, 1291, 28;
33, 330, 9, 681, 284, 161, 130, 1287, 38;
32, 321, 5, 618, 288, 165, 126, 1253, 20;
38, 319, 7, 595, 335, 191, 148, 1246, 30;
40, 314, 7, 551, 362, 208, 159, 1226, 29;
45, 311, 9, 518, 402, 230, 178, 1214, 37;
52, 309, 13, 494, 451, 256, 203, 1208, 52;
57, 306, 16, 461, 491, 279, 223, 1197, 63;
55, 297, 12, 383, 487, 278, 216, 1158, 48;
62, 296, 17, 360, 537, 305, 243, 1155, 69;
56, 282, 10, 259, 506, 291, 221, 1102, 42;
62, 281, 16, 233, 550, 314, 245, 1097, 63;
68, 279, 20, 201, 587, 333, 266, 1089, 81;
65, 269, 18, 122, 573, 327, 256, 1052, 70;
64, 261, 17, 53, 567, 324, 251, 1021, 66;
69, 260, 23, 28, 602, 342, 272, 1017, 89;
63, 248, 17, -66, 563, 322, 248, 970, 69;
67, 246, 22, -99, 582, 331, 261, 962, 87;
63, 238, 20, -170, 559, 319, 248, 929, 80;
62, 232, 21, -225, 547, 312, 243, 906, 83;
63, 229, 24, -263, 549, 312, 247, 894, 96;
59, 221, 23, -328, 517, 295, 231, 865, 90;
52, 211, 19, -408, 466, 268, 202, 825, 74;
55, 213, 26, -416, 481, 273, 216, 831, 101;
50, 206, 24, -474, 441, 251, 196, 804, 95;
43, 198, 21, -536, 391, 224, 171, 774, 85;
41, 195, 23, -568, 365, 209, 160, 762, 90;
38, 193, 24, -596, 337, 192, 149, 752, 97;
31, 186, 22, -647, 281, 162, 121, 727, 86;
29, 186, 25, -656, 261, 149, 116, 727, 99;
22, 181, 23, -696, 204, 118, 88, 708, 90;
23, 185, 29, -681, 197, 111, 91, 721, 113;
14, 179, 25, -722, 128, 73, 56, 699, 98;
7, 176, 23, -746, 71, 42, 28, 686, 90;
5, 178, 26, -735, 44, 25, 19, 695, 101;
1, 179, 27, -729, 8, 4, 5, 699, 106;
-9, 173, 21, -765, -75, -40, -38, 676, 82;
-14, 174, 22, -753, -115, -63, -55, 682, 85;
-13, 181, 27, -707, -123, -71, -53, 708, 107;
-20, 181, 25, -700, -176, -100, -78, 709, 101;
-28, 180, 22, -702, -240, -135, -110, 704, 87;
-27, 188, 27, -645, -249, -143, -108, 734, 106;
-39, 184, 20, -659, -330, -186, -152, 720, 78;
-33, 197, 29, -567, -308, -178, -131, 770, 114;
-45, 193, 21, -580, -392, -222, -177, 755, 83;
-42, 204, 27, -499, -383, -220, -166, 797, 108;
-49, 205, 23, -480, -437, -249, -194, 800, 91;
-48, 214, 27, -405, -436, -251, -188, 837, 108;
-55, 215, 22, -384, -488, -279, -216, 840, 89;
-54, 224, 25, -311, -488, -280, -212, 875, 101;
-59, 226, 22, -279, -527, -301, -233, 884, 86;
-59, 235, 24, -208, -526, -302, -230, 917, 94;
-63, 238, 20, -170, -555, -317, -246, 929, 81;
-68, 239, 15, -142, -594, -337, -268, 935, 60;
-65, 249, 18, -60, -575, -328, -255, 974, 72;
-63, 258, 20, 13, -559, -320, -246, 1008, 80;
-65, 262, 17, 57, -572, -326, -254, 1023, 69;
-65, 267, 15, 106, -575, -328, -257, 1042, 60;
-66, 271, 13, 154, -575, -327, -258, 1060, 52;
-57, 285, 19, 255, -517, -297, -225, 1111, 77;
-58, 288, 16, 296, -515, -295, -226, 1125, 65;
-60, 289, 11, 319, -526, -299, -236, 1129, 43;
-54, 298, 14, 394, -480, -275, -211, 1165, 55;
-50, 305, 14, 449, -448, -257, -196, 1189, 56;
-46, 310, 13, 498, -417, -239, -181, 1210, 54;
-45, 312, 11, 528, -399, -228, -176, 1220, 43;
-44, 313, 6, 547, -385, -219, -173, 1224, 27;
-41, 317, 5, 579, -354, -201, -160, 1236, 20;
-35, 322, 5, 621, -306, -174, -137, 1256, 23;
-30, 325, 4, 650, -267, -152, -120, 1268, 19;
-24, 329, 5, 685, -215, -123, -95, 1284, 22;
-17, 333, 6, 717, -161, -93, -68, 1300, 25;
-15, 332, 3, 718, -132, -75, -58, 1298, 12;
-8, 335, 3, 739, -79, -46, -33, 1308, 14;
-5, 334, 0, 733, -46, -26, -20, 1303, 3;
2, 337, 2, 752, 14, 7, 9, 1315, 9;
8, 338, 2, 759, 69, 37, 34, 1319, 10;
5, 329, -6, 701, 63, 37, 23, 1285, -24;
12, 330, -5, 702, 119, 69, 50, 1288, -20;
23, 333, -1, 719, 195, 110, 90, 1302, -4;
25, 329, -4, 686, 224, 128, 100, 1285, -16;
32, 329, -2, 677, 281, 159, 128, 1285, -11;
37, 326, -4, 647, 318, 180, 144, 1272, -16;
35, 316, -11, 575, 316, 182, 136, 1234, -44;
40, 314, -10, 549, 361, 207, 158, 1225, -42;
42, 307, -14, 495, 379, 218, 163, 1199, -55;
53, 311, -6, 505, 462, 262, 209, 1214, -26;
57, 307, -7, 462, 492, 279, 223, 1197, -28;
51, 293, -17, 358, 462, 266, 200, 1143, -66;
53, 286, -18, 302, 479, 276, 207, 1118, -73;
61, 287, -13, 287, 534, 305, 238, 1120, -53;
62, 280, -15, 228, 546, 312, 243, 1095, -59;
68, 279, -11, 204, 590, 334, 267, 1091, -42;
66, 270, -15, 125, 576, 328, 257, 1053, -60;
63, 261, -19, 49, 563, 322, 248, 1018, -74;
66, 257, -17, 6, 580, 331, 259, 1004, -67;
66, 251, -18, -51, 578, 329, 257, 979, -71;
69, 248, -15, -85, 596, 338, 270, 970, -58;
67, 242, -16, -146, 583, 331, 263, 944, -64;
63, 233, -19, -219, 554, 316, 247, 910, -77;
64, 230, -17, -258, 554, 315, 250, 898, -69;
58, 220, -22, -334, 512, 292, 227, 861, -86;
57, 217, -21, -374, 500, 284, 224, 846, -82;
52, 210, -23, -434, 462, 264, 205, 819, -91;
45, 200, -28, -507, 407, 234, 175, 783, -110;
46, 201, -23, -518, 408, 233, 182, 785, -92;
43, 197, -23, -556, 377, 215, 168, 770, -92;
34, 189, -28, -618, 315, 181, 136, 739, -110;
38, 193, -20, -602, 326, 184, 149, 755, -81;
32, 189, -22, -637, 279, 158, 127, 739, -87;
21, 180, -28, -702, 198, 115, 84, 704, -112;
24, 186, -21, -673, 205, 115, 96, 726, -83;
15, 180, -25, -716, 134, 76, 59, 703, -100;
11, 180, -24, -721, 96, 54, 44, 702, -97;
5, 178, -25, -734, 46, 26, 20, 695, -101;
-2, 175, -28, -752, -15, -7, -9, 684, -111;
-9, 173, -30, -762, -71, -39, -36, 678, -118;
-13, 176, -28, -746, -107, -60, -51, 686, -112;
-11, 184, -21, -691, -108, -63, -43, 718, -85;
-17, 184, -22, -682, -158, -91, -67, 720, -88;
-21, 187, -21, -657, -195, -113, -82, 732, -85;
-28, 187, -24, -651, -254, -145, -112, 731, -95;
-31, 192, -22, -610, -281, -162, -121, 750, -86;
-35, 196, -21, -576, -316, -182, -137, 765, -84;
-41, 197, -23, -555, -367, -210, -162, 770, -92;
-50, 196, -28, -550, -434, -246, -198, 765, -112;
-46, 208, -20, -460, -417, -240, -182, 812, -81;
-53, 209, -23, -435, -466, -266, -207, 818, -92;
-58, 212, -25, -401, -505, -287, -227, 830, -99;
-56, 222, -20, -325, -501, -287, -220, 867, -80;
-62, 224, -23, -294, -542, -309, -243, 875, -92;
-57, 237, -16, -197, -515, -296, -223, 924, -63;
-64, 237, -21, -177, -562, -321, -250, 925, -83;
-68, 240, -23, -139, -590, -335, -266, 937, -92;
-61, 253, -15, -37, -551, -316, -241, 988, -61;
-70, 251, -23, -30, -603, -342, -273, 981, -90;
-69, 258, -21, 32, -597, -339, -269, 1008, -84;
-65, 268, -17, 111, -570, -325, -253, 1045, -68;
-58, 279, -11, 203, -527, -303, -228, 1090, -43;
-60, 282, -13, 237, -536, -307, -236, 1100, -53;
-61, 285, -15, 277, -534, -305, -238, 1114, -59;
-59, 291, -14, 328, -517, -295, -230, 1135, -57;
-60, 292, -17, 357, -516, -293, -234, 1142, -66;
-55, 299, -14, 417, -480, -273, -216, 1169, -56;
-45, 311, -6, 505, -409, -236, -177, 1215, -26;
-41, 316, -5, 549, -377, -217, -162, 1233, -21;
-37, 320, -4, 590, -343, -198, -147, 1250, -17;
-33, 324, -3, 627, -306, -177, -130, 1266, -12;
-38, 318, -11, 601, -327, -184, -150, 1243, -44;
-24, 331, 0, 689, -228, -132, -95, 1292, -3;
-21, 332, -1, 703, -197, -114, -84, 1296, -6;
-21, 329, -5, 692, -186, -105, -84, 1285, -21;
-11, 335, 0, 738, -113, -66, -46, 1310, 0;
-13, 330, -5, 707, -111, -61, -53, 1288, -21;
-3, 336, 1, 748, -31, -19, -11, 1313, 4;
-2, 332, -2, 720, -17, -8, -10, 1294, -10;
5, 335, 1, 740, 49, 28, 22, 1307, 6;
7, 330, 0, 709, 71, 41, 28, 1290, -3;
10, 328, -1, 690, 107, 63, 42, 1280, -4;
16, 327, 0, 678, 154, 89, 64, 1276, 1;
23, 327, 3, 670, 208, 120, 90, 1275, 13;
29, 325, 5, 655, 258, 147, 114, 1271, 22;
34, 323, 7, 632, 303, 173, 135, 1263, 30;
42, 323, 12, 622, 362, 205, 165, 1263, 47;
38, 312, 5, 537, 349, 201, 151, 1218, 20;
45, 310, 9, 515, 399, 228, 176, 1212, 35;
45, 302, 6, 450, 407, 234, 175, 1180, 24;
53, 303, 12, 437, 468, 267, 208, 1182, 48;
55, 297, 13, 387, 490, 280, 218, 1160, 50;
53, 287, 8, 303, 479, 276, 207, 1119, 33;
60, 286, 14, 280, 528, 301, 234, 1115, 55;
59, 277, 12, 210, 527, 302, 231, 1083, 48;
64, 276, 17, 180, 566, 323, 253, 1076, 68;
66, 270, 19, 128, 579, 330, 259, 1056, 74;
66, 263, 19, 66, 580, 331, 259, 1029, 74;
65, 256, 18, 2, 576, 329, 256, 1001, 73;
60, 245, 14, -87, 542, 312, 235, 957, 56;
64, 244, 20, -114, 567, 324, 252, 952, 78;
63, 237, 20, -175, 554, 317, 245, 926, 78;
60, 230, 19, -238, 535, 306, 235, 899, 76;
65, 231, 26, -249, 562, 319, 255, 903, 105;
54, 217, 18, -357, 488, 280, 213, 847, 73;
55, 215, 22, -387, 486, 278, 215, 838, 87;
54, 211, 24, -425, 472, 269, 211, 825, 96;
54, 210, 28, -450, 465, 263, 211, 819, 110;
41, 196, 19, -549, 377, 217, 162, 766, 76;
43, 197, 25, -554, 379, 216, 169, 771, 99;
33, 188, 19, -627, 306, 177, 130, 733, 77;
29, 184, 20, -660, 268, 155, 113, 719, 78;
24, 181, 20, -686, 230, 134, 97, 709, 80;
20, 179, 21, -708, 192, 111, 80, 700, 82;
22, 184, 28, -685, 193, 109, 88, 719, 110;
15, 180, 26, -713, 137, 78, 61, 704, 103;
9, 177, 25, -735, 83, 47, 35, 693, 97;
2, 175, 22, -754, 25, 15, 7, 682, 89;
-4, 173, 21, -765, -28, -14, -17, 676, 84;
-1, 182, 30, -710, -20, -13, -4, 710, 117;
-6, 182, 29, -708, -69, -41, -27, 710, 114;
-14, 180, 26, -713, -130, -74, -57, 704, 103;
-16, 185, 29, -680, -156, -90, -65, 722, 113;
-23, 185, 27, -671, -209, -120, -91, 723, 106;
-32, 183, 22, -676, -279, -158, -127, 715, 87;
-35, 188, 23, -636, -307, -175, -137, 734, 93;
-40, 190, 22, -612, -352, -200, -159, 742, 87;
-46, 192, 20, -587, -399, -226, -182, 750, 78;
-42, 205, 28, -495, -379, -218, -163, 800, 110;
-50, 204, 22, -485, -442, -252, -197, 797, 88;
-53, 209, 22, -436, -466, -266, -207, 818, 89;
-60, 210, 17, -416, -520, -295, -236, 820, 69;
-61, 218, 19, -352, -528, -300, -237, 850, 76;
-61, 225, 20, -289, -537, -306, -239, 878, 80;
-59, 234, 23, -212, -529, -303, -232, 915, 92;
-66, 235, 18, -188, -573, -326, -257, 918, 70;
-62, 245, 21, -105, -556, -318, -245, 958, 83;
-66, 249, 18, -64, -578, -330, -258, 971, 70;
-66, 255, 17, -5, -579, -330, -258, 996, 68;
-60, 266, 22, 85, -544, -313, -236, 1041, 86;
-62, 270, 19, 128, -553, -317, -243, 1055, 74;
-61, 276, 17, 182, -547, -313, -241, 1077, 69;
-66, 276, 10, 200, -573, -325, -259, 1077, 42;
-61, 285, 13, 275, -536, -306, -239, 1112, 52;
-63, 287, 8, 303, -542, -307, -246, 1119, 33;
-59, 293, 8, 359, -515, -292, -233, 1143, 33;
-55, 299, 9, 417, -480, -273, -216, 1169, 36;
-48, 308, 11, 484, -431, -246, -190, 1201, 45;
-42, 316, 14, 547, -379, -218, -163, 1232, 55;
-39, 318, 11, 578, -354, -203, -154, 1243, 46;
-37, 321, 9, 604, -329, -188, -144, 1252, 36;
-29, 328, 12, 661, -267, -155, -113, 1280, 47;
-31, 324, 4, 646, -271, -154, -122, 1265, 17;
-27, 325, 2, 662, -238, -134, -109, 1270, 8;
-23, 327, 0, 679, -199, -112, -92, 1277, 2;
-10, 337, 7, 745, -106, -62, -42, 1314, 29;
-10, 333, 1, 724, -94, -53, -42, 1299, 5;
-6, 332, 0, 723, -56, -31, -27, 1297, -3;
0, 335, 0, 741, 3, 1, 2, 1308, 2;
8, 337, 2, 755, 64, 35, 32, 1317, 8;
14, 337, 1, 752, 113, 63, 54, 1317, 6;
20, 337, 1, 747, 163, 91, 78, 1315, 6;
25, 336, 1, 733, 209, 117, 98, 1310, 4;
30, 334, 0, 714, 252, 141, 117, 1302, 0;
26, 323, -9, 638, 242, 139, 104, 1261, -35;
32, 321, -9, 617, 287, 165, 125, 1253, -35;
38, 319, -8, 596, 336, 192, 149, 1247, -31;
46, 319, -5, 584, 396, 224, 180, 1247, -20;
50, 316, -5, 551, 435, 246, 198, 1234, -20;
46, 304, -13, 459, 417, 239, 181, 1186, -54;
50, 300, -14, 418, 448, 257, 196, 1170, -55;
52, 293, -16, 364, 467, 268, 203, 1146, -63;
60, 294, -11, 348, 524, 298, 235, 1147, -44;
59, 285, -15, 277, 524, 300, 232, 1113, -59;
64, 282, -13, 241, 558, 318, 250, 1102, -51;
67, 279, -11, 199, 585, 332, 265, 1088, -45;
61, 265, -20, 93, 544, 312, 238, 1034, -79;
60, 257, -22, 25, 540, 310, 234, 1004, -89;
61, 252, -21, -21, 552, 317, 241, 986, -85;
61, 247, -22, -78, 551, 316, 241, 963, -87;
60, 239, -24, -143, 538, 309, 234, 934, -95;
62, 237, -21, -176, 553, 316, 245, 925, -82;
58, 228, -24, -248, 524, 301, 229, 892, -95;
65, 231, -16, -249, 562, 319, 255, 903, -64;
53, 216, -26, -363, 482, 277, 209, 843, -104;
55, 214, -23, -388, 485, 277, 215, 838, -91;
54, 212, -21, -422, 475, 270, 213, 827, -83;
52, 207, -21, -463, 451, 256, 203, 810, -83;
44, 199, -25, -531, 395, 226, 173, 777, -100;
37, 192, -29, -590, 343, 198, 147, 749, -113;
40, 195, -22, -582, 351, 199, 158, 761, -88;
29, 184, -30, -660, 268, 155, 113, 719, -117;
26, 183, -28, -676, 240, 139, 103, 715, -111;
21, 180, -28, -702, 198, 115, 84, 704, -112;
22, 183, -23, -688, 190, 107, 86, 717, -92;
20, 185, -21, -686, 164, 91, 78, 721, -82;
10, 179, -25, -725, 92, 52, 41, 699, -99;
7, 180, -23, -719, 60, 33, 29, 704, -92;
0, 178, -25, -735, 1, 0, 1, 695, -100;
-8, 174, -29, -757, -66, -36, -33, 681, -115;
-7, 182, -22, -708, -69, -41, -27, 710, -89;
-10, 185, -20, -685, -101, -60, -39, 722, -81;
-18, 184, -23, -687, -163, -94, -70, 717, -92;
-26, 182, -27, -691, -230, -130, -104, 710, -106;
-32, 183, -28, -677, -280, -158, -128, 714, -111;
-34, 189, -25, -631, -302, -172, -134, 737, -99;
-38, 192, -24, -597, -337, -192, -149, 752, -97;
-41, 197, -23, -557, -368, -211, -163, 769, -93;
-46, 200, -24, -526, -410, -234, -183, 780, -96;
-45, 209, -19, -454, -412, -237, -178, 816, -77;
-57, 205, -27, -462, -493, -279, -224, 801, -109;
-55, 215, -22, -382, -486, -278, -215, 842, -87;
-59, 219, -23, -342, -518, -295, -231, 856, -91;
-60, 226, -21, -282, -530, -303, -235, 882, -85;
-66, 227, -25, -257, -575, -326, -260, 887, -100;
-58, 242, -15, -141, -527, -303, -228, 947, -61;
-63, 245, -18, -107, -558, -319, -246, 957, -72;
-61, 253, -15, -35, -550, -315, -240, 989, -61;
-67, 254, -20, -12, -586, -334, -262, 992, -79;
-64, 262, -17, 60, -569, -325, -252, 1025, -67;
-61, 271, -13, 134, -547, -314, -239, 1059, -54;
-65, 273, -17, 162, -567, -323, -253, 1065, -69;
-66, 276, -19, 202, -571, -324, -258, 1078, -75;
-55, 291, -9, 311, -500, -288, -217, 1135, -38;
-53, 296, -9, 363, -482, -277, -209, 1156, -35;
-58, 294, -15, 367, -507, -288, -228, 1148, -61;
-49, 305, -8, 451, -446, -256, -194, 1190, -35;
-48, 308, -9, 488, -427, -244, -188, 1204, -37;
-47, 311, -10, 516, -410, -234, -183, 1212, -42;
-40, 318, -6, 574, -358, -206, -156, 1241, -26;
-42, 316, -11, 574, -359, -204, -163, 1233, -45;
-34, 323, -7, 629, -299, -171, -132, 1260, -27;
-33, 321, -10, 630, -287, -162, -132, 1255, -40;
-22, 331, -2, 700, -200, -116, -85, 1294, -8;
-17, 333, -1, 719, -159, -92, -67, 1302, -4;
-16, 331, -4, 710, -140, -79, -63, 1293, -15;
-13, 330, -5, 707, -111, -62, -53, 1288, -21;
-6, 333, -2, 726, -54, -30, -25, 1299, -9;
-1, 333, -1, 727, -10, -5, -6, 1299, -6;
10, 339, 6, 766, 76, 41, 39, 1324, 23;
13, 337, 5, 751, 113, 62, 54, 1316, 22;
18, 336, 6, 740, 156, 87, 73, 1311, 26;
24, 335, 8, 731, 207, 116, 97, 1309, 34;
21, 324, 1, 656, 194, 112, 82, 1267, 4;
34, 331, 10, 687, 290, 163, 134, 1290, 42;
29, 318, 1, 596, 267, 155, 113, 1240, 7;
33, 315, 3, 567, 308, 178, 131, 1229, 13;
37, 311, 4, 532, 344, 198, 147, 1214, 17;
43, 309, 7, 504, 388, 223, 169, 1205, 28;
46, 303, 7, 457, 414, 238, 180, 1185, 29;
53, 302, 12, 434, 465, 265, 206, 1180, 47;
51, 292, 8, 357, 461, 265, 199, 1142, 32;
58, 292, 14, 339, 516, 294, 230, 1141, 56;
61, 287, 15, 288, 535, 305, 238, 1120, 60;
66, 284, 19, 252, 570, 324, 257, 1109, 75;
62, 273, 15, 164, 550, 315, 243, 1066, 58;
65, 269, 18, 121, 573, 327, 255, 1051, 70;
70, 267, 22, 89, 603, 342, 273, 1043, 88;
68, 259, 21, 19, 593, 337, 267, 1012, 84;
69, 254, 23, -32, 597, 339, 269, 991, 90;
66, 246, 22, -101, 580, 330, 260, 960, 86;
65, 240, 22, -159, 571, 325, 256, 936, 88;
63, 233, 22, -221, 552, 315, 246, 909, 86;
63, 230, 25, -259, 552, 314, 249, 897, 98;
56, 219, 20, -344, 501, 287, 221, 855, 81;
57, 216, 24, -376, 497, 283, 222, 845, 94;
53, 210, 23, -429, 468, 267, 208, 822, 93;
50, 206, 24, -471, 443, 252, 198, 805, 97;
43, 198, 21, -537, 389, 223, 170, 773, 84;
47, 201, 29, -531, 402, 227, 184, 785, 114;
42, 196, 28, -571, 362, 205, 165, 768, 112;
36, 191, 27, -615, 313, 178, 141, 747, 106;
27, 184, 23, -671, 246, 141, 107, 718, 90;
20, 179, 21, -709, 191, 111, 80, 700, 82;
17, 178, 22, -721, 157, 91, 66, 697, 88;
12, 177, 22, -736, 114, 66, 47, 690, 89;
11, 179, 26, -722, 95, 54, 43, 701, 105;
2, 175, 23, -751, 29, 17, 10, 685, 92;
-4, 173, 21, -767, -29, -14, -18, 675, 83;
0, 182, 30, -708, -17, -12, -3, 711, 118;
-10, 178, 26, -728, -89, -51, -39, 697, 101;
-17, 177, 23, -734, -150, -84, -70, 692, 90;
-23, 178, 22, -724, -199, -112, -92, 695, 86;
-23, 185, 26, -674, -212, -121, -93, 721, 104;
-33, 182, 21, -683, -286, -161, -132, 711, 82;
-32, 191, 26, -618, -289, -166, -126, 745, 104;
-39, 192, 24, -602, -342, -195, -153, 749, 93;
-37, 201, 29, -530, -341, -197, -146, 786, 114;
-48, 198, 21, -536, -421, -239, -189, 774, 84;
-50, 204, 22, -487, -444, -253, -198, 796, 87;
-52, 210, 23, -434, -464, -265, -206, 819, 90;
-54, 216, 23, -379, -483, -276, -213, 844, 92;
-58, 220, 22, -335, -511, -292, -227, 860, 86;
-59, 226, 22, -278, -526, -301, -233, 885, 87;
-57, 236, 25, -201, -519, -298, -226, 921, 98;
-66, 235, 18, -187, -573, -326, -257, 918, 70;
-69, 239, 14, -147, -598, -339, -271, 932, 57;
-68, 246, 15, -79, -593, -337, -267, 962, 61;
-66, 255, 17, -5, -578, -330, -258, 996, 68;
-66, 261, 16, 48, -581, -331, -259, 1018, 63;
-67, 266, 14, 99, -582, -331, -261, 1038, 56;
-68, 269, 11, 140, -589, -334, -267, 1051, 43;
-60, 282, 16, 237, -536, -307, -236, 1100, 65;
-58, 287, 16, 291, -520, -298, -229, 1122, 62;
-57, 293, 14, 341, -504, -288, -222, 1142, 57;
-55, 297, 13, 387, -487, -278, -216, 1161, 51;
-55, 299, 8, 414, -483, -274, -218, 1167, 34;
-49, 307, 11, 482, -432, -247, -191, 1200, 44;
-50, 307, 5, 492, -434, -246, -198, 1198, 20;
-42, 315, 8, 559, -374, -213, -166, 1231, 34;
-41, 316, 4, 576, -357, -202, -162, 1234, 18;
-29, 327, 11, 657, -271, -157, -115, 1278, 45;
-33, 322, 2, 632, -284, -161, -130, 1257, 8;
-26, 327, 3, 674, -227, -129, -102, 1277, 15;
-18, 332, 5, 709, -169, -97, -73, 1295, 21;
-17, 330, 0, 703, -147, -83, -68, 1288, 3;
-14, 329, -2, 702, -116, -64, -56, 1285, -8;
-1, 338, 4, 759, -21, -13, -5, 1319, 18;
-3, 331, -3, 715, -21, -10, -13, 1292, -13;
3, 332, -2, 724, 33, 20, 13, 1297, -10;
14, 338, 2, 755, 116, 64, 56, 1318, 8;
11, 328, -7, 691, 108, 63, 43, 1281, -28;
19, 330, -4, 697, 173, 99, 76, 1288, -18;
21, 325, -8, 658, 196, 113, 83, 1268, -34;
29, 326, -5, 659, 262, 149, 116, 1273, -22;
30, 319, -10, 606, 277, 160, 119, 1246, -41;
41, 323, -4, 619, 359, 203, 163, 1261, -17;
37, 311, -14, 529, 341, 197, 145, 1212, -54;
47, 312, -8, 527, 412, 234, 184, 1220, -35;
47, 305, -13, 465, 423, 242, 185, 1190, -50;
54, 304, -9, 446, 477, 271, 214, 1187, -38;
53, 295, -14, 373, 476, 273, 209, 1152, -57;
58, 292, -13, 336, 512, 292, 227, 1139, -52;
63, 289, -11, 301, 549, 312, 247, 1129, -44;
62, 280, -15, 227, 545, 311, 242, 1094, -59;
59, 271, -19, 149, 535, 307, 233, 1057, -77;
62, 266, -18, 103, 555, 318, 244, 1040, -73;
66, 264, -16, 67, 581, 331, 259, 1029, -63;
61, 253, -21, -21, 552, 317, 241, 986, -85;
68, 253, -16, -39, 589, 335, 265, 987, -63;
68, 247, -16, -92, 590, 335, 266, 966, -62;
68, 242, -15, -142, 587, 333, 266, 946, -61;
64, 234, -18, -212, 560, 319, 251, 914, -72;
57, 223, -25, -303, 509, 292, 222, 869, -97;
57, 219, -23, -340, 505, 289, 223, 857, -90;
51, 211, -27, -413, 461, 265, 200, 822, -106;
52, 209, -23, -436, 461, 263, 204, 818, -92;
49, 205, -23, -479, 435, 248, 193, 800, -93;
41, 196, -28, -551, 376, 217, 161, 765, -112;
38, 192, -28, -585, 347, 200, 150, 752, -111;
42, 196, -21, -573, 360, 204, 164, 766, -82;
39, 194, -20, -596, 331, 187, 153, 759, -78;
34, 190, -20, -629, 288, 162, 132, 744, -81;
24, 183, -26, -687, 213, 122, 93, 713, -103;
24, 186, -21, -672, 206, 115, 96, 727, -82;
11, 176, -29, -740, 110, 64, 44, 687, -115;
11, 179, -25, -723, 94, 53, 42, 700, -98;
8, 181, -22, -715, 64, 35, 32, 707, -89;
1, 179, -24, -727, 10, 5, 6, 700, -95;
-4, 178, -25, -733, -43, -24, -18, 696, -100;
-11, 177, -27, -738, -99, -56, -45, 691, -107;
-16, 178, -27, -727, -143, -81, -65, 696, -107;
-24, 177, -30, -729, -205, -115, -95, 691, -117;
-26, 182, -27, -690, -228, -129, -103, 711, -105;
-33, 182, -29, -681, -284, -160, -130, 712, -113;
-33, 189, -24, -627, -298, -170, -132, 740, -97;
-37, 193, -23, -590, -330, -189, -145, 756, -93;
-42, 196, -25, -564, -376, -214, -167, 765, -97;
-41, 205, -19, -491, -375, -216, -161, 802, -75;
-51, 203, -25, -490, -447, -255, -200, 794, -99;
-49, 213, -19, -412, -443, -254, -193, 833, -77;
-56, 214, -23, -388, -492, -280, -219, 838, -90;
-55, 223, -19, -319, -495, -284, -217, 870, -77;
-56, 230, -17, -256, -504, -290, -219, 898, -68;
-58, 235, -17, -206, -524, -301, -229, 918, -69;
-65, 235, -22, -187, -572, -326, -257, 919, -89;
-68, 240, -23, -138, -590, -335, -266, 937, -92;
-64, 250, -18, -55, -569, -325, -252, 977, -73;
-60, 261, -13, 31, -542, -312, -235, 1019, -52;
-64, 262, -17, 59, -570, -326, -253, 1024, -68;
-66, 267, -18, 105, -576, -328, -257, 1041, -72;
-59, 278, -12, 194, -535, -307, -233, 1085, -49;
-61, 281, -14, 233, -540, -309, -239, 1097, -56;
-55, 291, -9, 314, -497, -286, -215, 1137, -36;
-62, 288, -17, 310, -535, -304, -242, 1123, -68;
-55, 297, -12, 384, -490, -280, -218, 1158, -50;
-48, 307, -7, 463, -434, -250, -187, 1198, -27;
-45, 311, -6, 504, -410, -236, -177, 1214, -26;
-46, 311, -10, 519, -407, -232, -181, 1215, -40;
-44, 313, -11, 546, -386, -219, -174, 1223, -44;
-42, 315, -12, 571, -362, -205, -165, 1231, -47;
-29, 327, -2, 658, -270, -156, -115, 1278, -9;
-29, 326, -5, 660, -257, -147, -113, 1274, -21;
-29, 324, -9, 655, -245, -138, -113, 1266, -36;
-17, 333, -1, 715, -163, -94, -69, 1299, -7;
-11, 336, 0, 739, -111, -65, -45, 1311, 2;
-10, 333, -2, 725, -92, -52, -41, 1300, -9;
-9, 329, -5, 705, -75, -40, -38, 1286, -22;
3, 338, 3, 758, 20, 10, 12, 1318, 12;
1, 331, -2, 714, 23, 15, 6, 1291, -9;
10, 334, 2, 729, 91, 51, 40, 1302, 8;
18, 336, 6, 739, 156, 87, 73, 1311, 25;
17, 328, 1, 683, 159, 92, 67, 1279, 4;
20, 324, 1, 656, 194, 112, 81, 1266, 4;
31, 327, 7, 666, 269, 153, 121, 1278, 29;
38, 327, 11, 655, 326, 184, 149, 1277, 44;
37, 319, 7, 593, 334, 191, 148, 1245, 29;
40, 314, 7, 551, 363, 208, 159, 1226, 29;
43, 308, 6, 502, 386, 222, 168, 1204, 26;
45, 303, 6, 453, 410, 236, 177, 1182, 26;
55, 305, 14, 453, 483, 274, 218, 1191, 58;
58, 300, 15, 402, 506, 288, 227, 1170, 60;
59, 293, 15, 344, 520, 297, 233, 1144, 59;
63, 289, 17, 302, 550, 312, 247, 1129, 69;
63, 282, 16, 237, 555, 316, 248, 1100, 65;
58, 270, 11, 143, 528, 304, 229, 1053, 45;
60, 265, 13, 92, 544, 312, 237, 1033, 52;
63, 261, 16, 49, 563, 322, 249, 1018, 64;
68, 259, 21, 17, 590, 336, 265, 1010, 82;
60, 245, 14, -86, 542, 312, 235, 957, 56;
62, 242, 18, -126, 555, 318, 245, 945, 70;
65, 239, 22, -160, 569, 324, 254, 935, 87;
59, 229, 18, -246, 526, 302, 230, 893, 70;
64, 230, 25, -257, 554, 315, 250, 898, 99;
58, 220, 22, -335, 510, 291, 226, 860, 86;
55, 214, 22, -389, 484, 277, 214, 837, 86;
48, 205, 18, -460, 436, 251, 189, 803, 73;
52, 208, 26, -462, 453, 257, 204, 811, 103;
44, 198, 22, -535, 392, 225, 171, 775, 85;
44, 199, 26, -546, 386, 220, 174, 776, 104;
40, 194, 26, -585, 348, 198, 156, 759, 103;
31, 186, 22, -647, 281, 162, 121, 727, 86;
25, 181, 20, -686, 231, 134, 97, 709, 81;
26, 185, 27, -671, 229, 130, 104, 723, 106;
19, 180, 24, -707, 171, 98, 74, 705, 96;
20, 185, 31, -685, 165, 92, 79, 722, 121;
12, 181, 28, -713, 104, 58, 49, 707, 110;
4, 177, 25, -738, 42, 24, 18, 693, 100;
4, 182, 30, -708, 29, 14, 18, 712, 120;
-6, 177, 25, -741, -50, -28, -23, 691, 98;
-14, 175, 22, -753, -114, -63, -55, 682, 86;
-13, 181, 27, -707, -124, -71, -53, 708, 107;
-16, 185, 29, -678, -154, -89, -64, 723, 115;
-23, 185, 27, -671, -209, -120, -91, 723, 106;
-25, 190, 29, -633, -236, -137, -101, 742, 113;
-31, 192, 28, -609, -280, -161, -121, 751, 110;
-43, 187, 19, -628, -368, -208, -169, 732, 77;
-43, 195, 22, -570, -382, -217, -171, 761, 89;
-47, 199, 22, -529, -413, -235, -185, 778, 89;
-47, 207, 26, -464, -421, -241, -184, 810, 101;
-53, 209, 22, -440, -471, -268, -210, 815, 86;
-55, 215, 22, -384, -488, -279, -216, 840, 89;
-55, 223, 25, -315, -491, -282, -215, 873, 98;
-64, 222, 17, -307, -554, -315, -250, 867, 69;
-60, 234, 22, -216, -534, -306, -235, 912, 89;
-68, 233, 15, -202, -587, -333, -266, 909, 61;
-69, 239, 15, -144, -595, -338, -269, 934, 59;
-62, 252, 21, -44, -558, -319, -245, 984, 83;
-64, 256, 19, 3, -570, -326, -252, 1002, 74;
-66, 261, 16, 49, -580, -331, -259, 1018, 63;
-66, 266, 14, 102, -579, -330, -259, 1039, 58;
-62, 275, 16, 176, -553, -316, -245, 1073, 65;
-65, 277, 12, 207, -566, -322, -255, 1081, 47;
-57, 288, 16, 297, -514, -295, -225, 1126, 66;
-61, 289, 10, 317, -528, -300, -237, 1127, 42;
-55, 297, 13, 387, -486, -278, -215, 1161, 51;
-48, 306, 16, 461, -436, -251, -188, 1197, 63;
-53, 303, 6, 453, -461, -262, -209, 1182, 26;
-45, 312, 11, 528, -398, -228, -175, 1220, 43;
-43, 314, 7, 552, -381, -217, -170, 1227, 30;
-37, 321, 9, 604, -329, -189, -145, 1251, 36;
-33, 323, 7, 631, -296, -169, -131, 1262, 29;
-27, 327, 7, 667, -250, -143, -109, 1278, 30;
-28, 325, 1, 658, -242, -137, -111, 1268, 5;
-19, 331, 4, 703, -175, -100, -77, 1291, 16;
-16, 331, 2, 710, -140, -79, -63, 1293, 7;
-10, 333, 1, 727, -90, -51, -40, 1301, 7;
-3, 336, 3, 748, -32, -19, -12, 1312, 11;
2, 337, 2, 755, 18, 9, 11, 1317, 11;
3, 332, -2, 724, 33, 20, 12, 1297, -11;
14, 338, 2, 758, 119, 66, 58, 1320, 10;
15, 332, -3, 716, 132, 75, 58, 1296, -12;
18, 329, -5, 691, 167, 96, 72, 1284, -22;
29, 333, 0, 709, 247, 139, 114, 1299, -2;
25, 321, -10, 628, 232, 134, 98, 1254, -41;
29, 318, -11, 601, 272, 157, 116, 1243, -44;
37, 318, -9, 590, 331, 189, 146, 1243, -35;
42, 316, -8, 563, 375, 214, 167, 1234, -33;
48, 313, -8, 533, 417, 237, 187, 1223, -31;
50, 308, -9, 485, 443, 252, 198, 1202, -38;
53, 303, -11, 438, 469, 267, 209, 1183, -42;
53, 295, -14, 372, 475, 272, 209, 1151, -58;
62, 296, -9, 361, 537, 305, 243, 1155, -36;
64, 290, -10, 309, 556, 316, 252, 1133, -40;
67, 285, -10, 260, 578, 328, 262, 1114, -39;
64, 276, -14, 181, 566, 323, 253, 1076, -57;
62, 266, -18, 104, 555, 318, 244, 1040, -73;
69, 266, -13, 85, 599, 340, 271, 1041, -51;
66, 257, -17, 8, 582, 332, 260, 1005, -66;
64, 249, -19, -62, 567, 324, 251, 973, -77;
63, 243, -20, -120, 561, 321, 248, 948, -80;
58, 233, -25, -203, 526, 303, 228, 909, -99;
57, 227, -25, -256, 517, 297, 224, 887, -99;
60, 226, -21, -281, 531, 303, 236, 883, -84;
62, 224, -18, -310, 535, 304, 242, 876, -71;
57, 217, -20, -371, 502, 286, 225, 848, -80;
48, 205, -27, -460, 437, 251, 189, 803, -107;
44, 200, -28, -508, 406, 234, 175, 782, -110;
49, 204, -20, -498, 428, 243, 194, 797, -80;
42, 196, -24, -560, 372, 212, 165, 767, -95;
39, 194, -23, -589, 344, 196, 154, 757, -92;
30, 186, -28, -650, 278, 160, 119, 726, -111;
28, 185, -26, -661, 255, 146, 112, 724, -101;
21, 180, -29, -702, 198, 114, 84, 704, -113;
24, 186, -21, -672, 206, 115, 96, 727, -82;
12, 177, -28, -733, 117, 68, 49, 692, -111;
13, 181, -23, -710, 107, 60, 51, 709, -90;
8, 181, -22, -714, 65, 36, 32, 708, -88;
4, 182, -21, -708, 29, 14, 18, 712, -83;
-1, 181, -22, -712, -21, -14, -5, 709, -87;
-12, 177, -27, -740, -101, -57, -47, 690, -109;
-17, 177, -28, -733, -150, -84, -69, 692, -111;
-22, 179, -27, -713, -188, -107, -85, 701, -107;
-26, 182, -27, -693, -231, -131, -105, 709, -107;
-30, 186, -25, -660, -263, -150, -117, 725, -100;
-39, 184, -30, -659, -330, -186, -152, 720, -117;
-33, 197, -20, -566, -306, -177, -130, 771, -78;
-45, 194, -27, -577, -388, -221, -175, 757, -105;
-43, 203, -21, -505, -389, -223, -170, 793, -83;
-50, 204, -24, -483, -440, -251, -196, 798, -95;
-47, 215, -18, -401, -432, -249, -186, 839, -71;
-54, 217, -21, -375, -478, -274, -210, 846, -82;
-56, 222, -20, -324, -500, -286, -220, 867, -80;
-59, 226, -21, -279, -527, -301, -233, 884, -83;
-57, 236, -16, -199, -517, -297, -224, 923, -64;
-63, 238, -20, -168, -554, -317, -245, 930, -78;
-63, 245, -18, -105, -557, -319, -245, 958, -71;
-69, 245, -23, -87, -601, -341, -272, 957, -93;
-64, 257, -17, 4, -569, -325, -251, 1002, -69;
-62, 265, -14, 77, -552, -317, -241, 1036, -57;
-67, 266, -19, 99, -582, -331, -261, 1037, -76;
-67, 270, -20, 146, -583, -331, -263, 1055, -78;
-59, 282, -13, 241, -532, -305, -233, 1102, -51;
-57, 289, -11, 300, -511, -293, -224, 1128, -45;
-62, 287, -17, 308, -537, -305, -243, 1122, -69;
-51, 301, -8, 409, -465, -267, -202, 1174, -34;
-51, 303, -10, 442, -455, -260, -200, 1185, -40;
-51, 306, -12, 470, -444, -253, -198, 1193, -47;
-45, 312, -9, 524, -402, -230, -178, 1218, -36;
-38, 319, -5, 585, -347, -200, -150, 1247, -19;
-35, 323, -4, 616, -317, -182, -137, 1259, -19;
-33, 323, -6, 633, -295, -169, -130, 1263, -24;
-25, 330, -2, 681, -236, -136, -100, 1287, -8;
-29, 324, -9, 654, -246, -139, -114, 1265, -36;
-15, 335, 0, 728, -150, -88, -62, 1307, 0;
-14, 333, -2, 721, -129, -74, -56, 1300, -9;
-13, 330, -5, 705, -112, -62, -54, 1287, -22;
0, 339, 3, 763, -16, -11, -2, 1322, 13;
-4, 330, -4, 708, -28, -14, -17, 1287, -17;
8, 338, 4, 757, 67, 36, 33, 1318, 17;
5, 329, -2, 701, 62, 37, 23, 1285, -8;
18, 335, 5, 735, 152, 85, 70, 1308, 23;
20, 331, 4, 704, 180, 103, 80, 1292, 18;
20, 324, 0, 653, 191, 111, 80, 1265, 2;
26, 322, 2, 634, 238, 137, 101, 1258, 9;
31, 321, 4, 615, 286, 164, 124, 1252, 19;
41, 323, 11, 618, 358, 203, 163, 1260, 44;
45, 318, 12, 579, 391, 222, 177, 1244, 46;
46, 312, 10, 524, 408, 233, 181, 1217, 40;
54, 311, 15, 507, 464, 263, 211, 1216, 60;
57, 306, 16, 459, 490, 278, 222, 1195, 62;
51, 293, 8, 361, 465, 267, 202, 1145, 35;
58, 292, 14, 339, 515, 294, 229, 1141, 56;
59, 285, 13, 277, 525, 300, 232, 1114, 53;
67, 285, 20, 258, 576, 327, 261, 1113, 79;
67, 278, 19, 196, 581, 330, 262, 1086, 77;
62, 266, 15, 103, 555, 318, 244, 1040, 58;
61, 259, 14, 35, 550, 315, 240, 1010, 55;
67, 258, 20, 14, 587, 334, 263, 1008, 80;
62, 247, 16, -74, 555, 318, 243, 965, 64;
65, 245, 20, -108, 573, 327, 255, 956, 81;
63, 237, 20, -175, 554, 317, 245, 926, 78;
66, 236, 25, -197, 575, 326, 261, 924, 101;
64, 230, 26, -254, 558, 317, 253, 900, 102;
58, 221, 22, -332, 513, 293, 228, 862, 88;
59, 219, 26, -361, 513, 291, 232, 855, 103;
48, 206, 19, -459, 438, 252, 190, 804, 74;
46, 202, 20, -497, 418, 240, 182, 790, 81;
50, 205, 28, -492, 435, 246, 198, 802, 112;
43, 198, 25, -552, 380, 216, 170, 772, 100;
35, 190, 22, -613, 320, 184, 139, 741, 86;
32, 187, 23, -639, 289, 166, 126, 732, 91;
30, 186, 25, -654, 263, 150, 117, 729, 100;
24, 183, 25, -683, 217, 124, 96, 716, 98;
19, 181, 25, -705, 173, 99, 76, 707, 98;
20, 185, 30, -686, 165, 92, 78, 722, 120;
11, 179, 26, -723, 94, 53, 42, 701, 104;
7, 180, 28, -719, 60, 33, 29, 705, 111;
1, 179, 27, -727, 10, 5, 6, 700, 108;
-4, 178, 26, -734, -44, -25, -19, 695, 102;
-8, 180, 27, -720, -81, -47, -34, 702, 106;
-17, 177, 23, -734, -150, -84, -70, 692, 90;
-19, 182, 26, -694, -170, -97, -74, 713, 104;
-19, 189, 30, -649, -187, -109, -77, 737, 119;
-25, 190, 29, -631, -234, -136, -99, 743, 114;
-35, 188, 24, -635, -306, -174, -137, 735, 94;
-34, 196, 28, -574, -314, -181, -135, 766, 110;
-45, 193, 21, -581, -393, -223, -178, 754, 82;
-42, 204, 28, -497, -381, -219, -165, 798, 109;
-47, 207, 26, -463, -420, -241, -184, 811, 102;
-53, 209, 22, -438, -469, -267, -209, 817, 87;
-58, 212, 20, -402, -506, -288, -227, 829, 78;
-53, 225, 27, -303, -480, -276, -207, 880, 106;
-61, 225, 20, -287, -535, -305, -238, 879, 81;
-57, 236, 25, -201, -519, -298, -225, 921, 98;
-59, 242, 24, -144, -530, -305, -230, 945, 97;
-69, 239, 15, -143, -594, -337, -269, 934, 60;
-68, 247, 16, -77, -591, -336, -266, 964, 62;
-60, 260, 22, 27, -546, -314, -237, 1017, 89;
-60, 267, 22, 86, -543, -312, -236, 1041, 86;
-68, 264, 12, 88, -593, -337, -268, 1030, 49;
-66, 271, 12, 150, -579, -329, -261, 1057, 49;
-63, 279, 13, 219, -554, -316, -247, 1088, 54;
-61, 285, 13, 274, -538, -306, -240, 1112, 51;
-56, 293, 14, 343, -502, -287, -221, 1143, 58;
-53, 299, 15, 400, -474, -272, -208, 1169, 59;
-48, 306, 15, 458, -438, -252, -190, 1195, 61;
-49, 307, 11, 479, -435, -248, -193, 1199, 43;
-48, 309, 7, 507, -419, -238, -188, 1207, 30;
-43, 314, 7, 552, -381, -217, -171, 1227, 29;
-33, 324, 13, 628, -305, -177, -130, 1266, 50;
-33, 323, 7, 632, -296, -169, -131, 1262, 29;
-29, 326, 6, 660, -257, -147, -113, 1274, 25;
-28, 325, 2, 662, -238, -134, -109, 1270, 8;
-20, 330, 3, 698, -180, -102, -80, 1288, 13;
-13, 334, 4, 727, -124, -71, -53, 1303, 18;
-9, 334, 3, 735, -82, -47, -35, 1306, 12;
-4, 335, 1, 741, -39, -22, -16, 1308, 7;