1, 309, 14, 9, 829, 6, 4, 1207, 55;
5, 313, 17, 67, 862, 28, 22, 1221, 68;
2, 309, 13, 53, 822, 2, 10, 1205, 52;
6, 311, 15, 99, 842, 16, 24, 1213, 61;
0, 304, 8, 60, 777, -25, 2, 1186, 35;
4, 307, 11, 113, 802, -6, 18, 1198, 46;
4, 305, 10, 122, 785, -16, 17, 1191, 40;
7, 306, 11, 161, 795, -7, 27, 1196, 46;
4, 303, 8, 153, 759, -28, 18, 1181, 32;
11, 308, 14, 231, 809, 7, 45, 1203, 55;
13, 309, 15, 265, 815, 14, 54, 1206, 59;
8, 302, 8, 229, 749, -25, 34, 1180, 34;
14, 307, 13, 298, 789, 4, 57, 1197, 53;
14, 305, 12, 309, 770, -3, 56, 1190, 48;
11, 300, 8, 295, 726, -28, 45, 1173, 33;
21, 309, 17, 400, 800, 25, 83, 1205, 66;
13, 299, 8, 339, 709, -30, 53, 1168, 32;
14, 298, 8, 360, 698, -31, 56, 1165, 31;
25, 308, 17, 475, 782, 30, 98, 1202, 69;
18, 300, 10, 426, 702, -17, 73, 1170, 40;
22, 301, 12, 468, 712, -3, 86, 1176, 48;
28, 306, 18, 543, 756, 32, 112, 1196, 70;
23, 299, 11, 506, 687, -6, 92, 1169, 46;
27, 302, 14, 555, 704, 11, 107, 1178, 58;
22, 295, 9, 523, 640, -23, 89, 1153, 36;
24, 295, 10, 551, 636, -17, 96, 1153, 39;
30, 300, 15, 620, 673, 15, 120, 1171, 60;
34, 302, 18, 664, 684, 31, 134, 1178, 70;
27, 293, 9, 607, 595, -19, 106, 1143, 38;
29, 293, 11, 636, 592, -12, 114, 1144, 43;
30, 292, 11, 656, 580, -11, 118, 1141, 43;
30, 291, 10, 669, 561, -14, 120, 1136, 42;
38, 297, 17, 754, 614, 30, 151, 1160, 69;
31, 288, 10, 697, 525, -18, 123, 1126, 39;
35, 290, 13, 743, 540, 1, 139, 1134, 51;
38, 292, 15, 780, 545, 15, 150, 1139, 60;
36, 288, 12, 770, 503, -2, 142, 1124, 49;
35, 285, 10, 764, 465, -16, 136, 1111, 40;
40, 288, 15, 825, 495, 14, 159, 1127, 60;
35, 281, 9, 778, 418, -25, 136, 1097, 35;
43, 288, 16, 865, 474, 23, 169, 1123, 65;
35, 278, 8, 799, 377, -29, 138, 1086, 32;
42, 283, 14, 867, 415, 7, 164, 1105, 55;
42, 281, 13, 876, 394, 5, 165, 1099, 54;
44, 282, 15, 902, 390, 15, 173, 1100, 60;
39, 275, 9, 856, 315, -22, 152, 1072, 37;
43, 277, 13, 902, 332, 1, 168, 1083, 51;
43, 276, 13, 911, 312, 0, 170, 1077, 51;
41, 272, 10, 894, 267, -16, 161, 1062, 40;
42, 271, 10, 906, 251, -14, 164, 1058, 42;
45, 273, 13, 941, 259, 4, 177, 1065, 53;
50, 276, 18, 989, 280, 31, 195, 1077, 70;
44, 268, 11, 937, 201, -7, 172, 1048, 45;
43, 266, 10, 935, 173, -13, 169, 1039, 42;
45, 267, 12, 956, 169, -2, 177, 1041, 49;
46, 266, 13, 967, 155, 1, 180, 1038, 51;
50, 268, 16, 1006, 168, 23, 195, 1047, 65;
44, 261, 10, 952, 91, -14, 172, 1019, 41;
49, 264, 15, 1002, 117, 16, 192, 1033, 61;
51, 265, 17, 1023, 116, 29, 201, 1036, 69;
44, 257, 10, 961, 30, -13, 174, 1004, 42;
51, 262, 17, 1021, 69, 25, 199, 1023, 66;
47, 257, 13, 984, 11, 0, 183, 1003, 51;
46, 255, 12, 979, -13, -2, 181, 995, 49;
45, 252, 11, 964, -49, -12, 175, 984, 43;
51, 257, 17, 1024, -8, 28, 200, 1004, 68;
47, 252, 14, 989, -62, 6, 186, 986, 55;
50, 254, 16, 1012, -57, 23, 196, 991, 65;
50, 253, 16, 1011, -76, 24, 197, 987, 66;
51, 253, 18, 1018, -85, 32, 200, 986, 70;
42, 242, 9, 930, -188, -23, 165, 947, 36;
44, 243, 11, 942, -192, -12, 171, 949, 43;
49, 248, 17, 995, -153, 26, 194, 968, 67;
47, 244, 14, 964, -198, 10, 183, 953, 57;
42, 239, 10, 919, -257, -15, 166, 932, 41;
45, 240, 13, 938, -249, 2, 175, 938, 52;
41, 235, 9, 898, -302, -19, 160, 919, 38;
40, 234, 10, 891, -320, -18, 159, 915, 39;
45, 238, 15, 928, -292, 12, 177, 930, 58;
46, 238, 16, 933, -296, 22, 181, 931, 64;
40, 232, 11, 871, -367, -12, 158, 905, 43;
42, 233, 13, 883, -363, 2, 165, 910, 52;
44, 234, 15, 893, -360, 16, 172, 914, 61;
37, 226, 9, 819, -440, -24, 144, 884, 35;
38, 227, 11, 828, -436, -9, 151, 889, 44;
38, 227, 12, 821, -447, -5, 151, 887, 47;
35, 223, 9, 782, -490, -22, 138, 872, 36;
35, 223, 10, 778, -497, -16, 139, 872, 40;
35, 223, 11, 769, -508, -12, 139, 870, 43;
40, 228, 16, 810, -469, 24, 159, 889, 66;
36, 223, 13, 757, -522, 0, 141, 869, 50;
37, 223, 14, 758, -521, 10, 145, 872, 57;
38, 224, 16, 757, -521, 21, 148, 875, 64;
34, 220, 13, 716, -560, 5, 135, 861, 54;
31, 218, 11, 680, -594, -7, 124, 850, 46;
37, 223, 18, 720, -550, 31, 144, 870, 70;
34, 220, 15, 680, -586, 16, 132, 858, 61;
27, 213, 9, 605, -655, -20, 106, 831, 38;
32, 218, 16, 645, -609, 18, 126, 853, 62;
26, 213, 11, 582, -666, -10, 105, 831, 44;
22, 209, 8, 532, -708, -30, 89, 816, 32;
24, 211, 10, 537, -695, -13, 95, 823, 42;
21, 208, 9, 501, -722, -23, 85, 814, 36;
23, 210, 11, 505, -709, -7, 91, 821, 46;
19, 206, 8, 455, -748, -26, 75, 807, 34;
20, 208, 10, 451, -740, -14, 79, 812, 41;
20, 208, 11, 438, -741, -9, 78, 813, 45;
17, 206, 9, 400, -766, -19, 68, 804, 38;
19, 208, 12, 405, -747, -1, 75, 813, 50;
17, 207, 12, 378, -760, -4, 69, 809, 48;
12, 203, 8, 320, -804, -27, 50, 793, 33;
13, 204, 10, 311, -796, -18, 52, 797, 39;
18, 210, 16, 348, -743, 22, 72, 820, 64;
18, 210, 17, 334, -740, 28, 72, 822, 68;
8, 201, 8, 226, -830, -28, 32, 786, 33;
10, 204, 11, 228, -809, -10, 39, 795, 44;
10, 205, 13, 220, -799, 0, 41, 801, 50;
14, 209, 17, 240, -759, 29, 54, 818, 69;
5, 201, 9, 142, -836, -19, 19, 787, 38;
6, 203, 12, 137, -820, -6, 23, 794, 46;
9, 208, 16, 156, -780, 21, 36, 811, 64;
3, 202, 11, 83, -830, -9, 12, 790, 44;
0, 200, 8, 35, -855, -25, -2, 780, 34;
5, 207, 16, 81, -786, 21, 22, 809, 64;
3, 206, 14, 42, -801, 11, 11, 803, 58;
-4, 199, 8, -40, -859, -26, -16, 779, 34;
1, 206, 15, 1, -793, 17, 6, 807, 61;
-1, 205, 14, -38, -807, 7, -4, 800, 55;
0, 207, 16, -42, -785, 21, 0, 809, 64;
-1, 207, 15, -71, -788, 18, -7, 808, 62;
-5, 205, 13, -115, -805, 4, -19, 800, 54;
-4, 207, 15, -121, -784, 17, -16, 809, 61;
-13, 200, 8, -218, -853, -30, -51, 780, 31;
-4, 210, 18, -147, -754, 32, -16, 820, 71;
-13, 202, 9, -252, -830, -21, -54, 788, 37;
-9, 207, 14, -226, -775, 11, -38, 809, 58;
-10, 208, 15, -245, -765, 15, -40, 813, 60;
-14, 205, 12, -298, -789, -4, -57, 802, 48;
-13, 208, 14, -302, -762, 8, -53, 812, 56;
-21, 202, 7, -387, -818, -32, -83, 788, 30;
-21, 204, 9, -397, -797, -23, -82, 795, 36;
-22, 204, 9, -419, -788, -22, -86, 798, 36;
-21, 207, 11, -422, -761, -10, -82, 808, 44;
-20, 209, 13, -430, -737, 0, -80, 816, 50;
-19, 212, 15, -429, -705, 15, -74, 828, 60;
-19, 213, 16, -443, -688, 19, -75, 833, 63;
-20, 214, 16, -461, -673, 22, -78, 838, 65;
-22, 214, 15, -495, -676, 13, -87, 835, 59;
-26, 211, 12, -546, -695, -6, -104, 825, 47;
-28, 212, 11, -570, -687, -8, -109, 826, 45;
-23, 218, 17, -535, -620, 28, -90, 852, 68;
-23, 219, 17, -553, -606, 29, -93, 856, 69;
-34, 210, 7, -666, -687, -32, -135, 820, 30;
-30, 216, 13, -637, -625, 0, -118, 844, 50;
-30, 218, 13, -648, -604, 4, -119, 850, 53;
-35, 215, 9, -703, -628, -20, -138, 838, 38;
-37, 214, 8, -732, -624, -27, -145, 837, 34;
-29, 224, 17, -668, -528, 26, -115, 875, 67;
-35, 220, 12, -734, -562, -5, -138, 858, 47;
-38, 219, 10, -768, -564, -17, -149, 855, 39;
-31, 228, 18, -709, -473, 32, -121, 890, 71;
-41, 219, 8, -817, -550, -29, -162, 855, 32;
-41, 221, 8, -827, -528, -25, -163, 862, 34;
-35, 229, 16, -773, -444, 19, -137, 894, 63;
-40, 225, 11, -832, -472, -10, -158, 879, 44;
-35, 232, 16, -793, -402, 24, -139, 905, 66;
-44, 225, 9, -881, -459, -25, -172, 879, 35;
-37, 233, 16, -826, -374, 19, -147, 911, 63;
-43, 229, 11, -886, -404, -12, -169, 896, 43;
-46, 228, 8, -923, -411, -29, -182, 890, 32;
-39, 237, 16, -861, -320, 18, -154, 924, 62;
-47, 230, 8, -946, -376, -30, -186, 898, 31;
-38, 241, 18, -861, -263, 32, -149, 942, 70;
-44, 237, 12, -922, -295, -2, -172, 925, 49;
-46, 237, 11, -943, -288, -10, -179, 925, 44;
-41, 243, 16, -900, -218, 23, -160, 951, 65;
-41, 244, 16, -911, -202, 20, -163, 954, 63;
-46, 241, 11, -961, -225, -8, -182, 941, 45;
-40, 249, 18, -907, -145, 32, -158, 971, 70;
-40, 250, 18, -913, -126, 31, -159, 976, 70;
-50, 242, 9, -1002, -190, -24, -195, 946, 35;
-48, 246, 11, -986, -149, -10, -187, 960, 44;
-42, 253, 17, -934, -73, 26, -165, 988, 67;
-46, 251, 13, -970, -85, 4, -179, 979, 53;
-49, 249, 10, -1003, -96, -16, -192, 972, 40;
-44, 255, 15, -960, -30, 14, -174, 996, 59;
-44, 257, 15, -957, -5, 17, -172, 1002, 61;
-47, 254, 12, -991, -17, -5, -186, 994, 47;
-45, 258, 14, -972, 21, 7, -178, 1007, 55;
-48, 256, 11, -998, 15, -10, -189, 1001, 44;
-45, 261, 14, -968, 65, 9, -177, 1018, 56;
-47, 260, 12, -982, 69, -1, -183, 1016, 49;
-41, 267, 17, -931, 138, 30, -163, 1042, 70;
-42, 268, 17, -932, 154, 27, -164, 1045, 68;
-46, 265, 13, -967, 136, 2, -179, 1034, 52;
-46, 265, 12, -971, 148, -3, -182, 1036, 48;
-42, 271, 16, -926, 208, 22, -165, 1057, 65;
-41, 273, 17, -914, 235, 27, -161, 1065, 68;
-48, 266, 9, -980, 183, -20, -189, 1040, 38;
-46, 270, 11, -954, 222, -7, -180, 1053, 46;
-47, 269, 10, -961, 227, -17, -185, 1052, 40;
-46, 271, 10, -948, 251, -14, -181, 1058, 42;
-47, 271, 9, -953, 257, -23, -185, 1058, 36;
-41, 278, 15, -889, 331, 13, -161, 1085, 59;
-43, 277, 12, -903, 326, -2, -169, 1080, 49;
-46, 274, 8, -929, 309, -26, -182, 1070, 34;
-43, 278, 11, -896, 350, -11, -171, 1084, 43;
-36, 286, 18, -818, 434, 32, -141, 1116, 71;
-39, 283, 14, -843, 416, 8, -154, 1105, 56;
-43, 279, 9, -876, 388, -21, -170, 1091, 37;
-41, 282, 11, -845, 424, -9, -160, 1103, 44;
-42, 281, 9, -852, 420, -23, -167, 1098, 36;
-43, 281, 8, -846, 429, -29, -168, 1099, 32;
-35, 289, 14, -771, 507, 11, -140, 1128, 57;
-32, 293, 18, -726, 552, 31, -124, 1145, 70;
-34, 291, 14, -741, 539, 11, -134, 1136, 57;
-38, 288, 10, -767, 512, -17, -149, 1123, 40;
-34, 292, 13, -719, 559, 4, -132, 1140, 53;
-29, 297, 17, -663, 613, 29, -113, 1159, 69;
-28, 298, 17, -644, 629, 30, -109, 1164, 70;
-32, 293, 12, -680, 590, -4, -128, 1145, 48;
-28, 298, 15, -628, 638, 17, -111, 1163, 62;
-29, 297, 14, -625, 635, 7, -114, 1159, 55;
-27, 299, 15, -596, 659, 14, -106, 1167, 59;
-26, 299, 14, -582, 666, 10, -105, 1168, 57;
-23, 303, 17, -534, 706, 29, -89, 1183, 69;
-23, 302, 15, -530, 702, 18, -92, 1179, 62;
-30, 295, 7, -585, 638, -31, -120, 1150, 31;
-24, 301, 13, -512, 701, 2, -94, 1175, 52;
-19, 306, 17, -453, 749, 27, -75, 1193, 68;
-25, 298, 9, -505, 687, -20, -101, 1165, 38;
-16, 307, 18, -404, 775, 31, -64, 1200, 70;
-24, 299, 8, -468, 698, -25, -96, 1167, 34;
-20, 303, 12, -416, 737, -5, -79, 1181, 47;
-21, 301, 10, -410, 729, -16, -82, 1177, 40;
-13, 308, 16, -325, 798, 24, -52, 1204, 65;
-16, 305, 12, -342, 766, -2, -64, 1189, 49;
-13, 307, 14, -298, 793, 11, -51, 1200, 58;
-9, 311, 17, -247, 827, 29, -35, 1213, 69;
-11, 308, 14, -252, 805, 10, -43, 1202, 57;
-7, 311, 17, -205, 832, 25, -29, 1213, 67;
-5, 312, 18, -171, 847, 32, -20, 1218, 71;
-7, 309, 14, -180, 819, 10, -29, 1206, 57;
-6, 309, 14, -154, 824, 11, -24, 1208, 58;
-3, 311, 16, -112, 846, 23, -12, 1216, 65;
-2, 311, 16, -91, 845, 21, -9, 1215, 64;
-3, 309, 14, -86, 827, 8, -13, 1207, 56;
-1, 311, 15, -50, 840, 15, -4, 1212, 60;
2, 313, 17, -7, 860, 27, 8, 1221, 68;
-4, 305, 10, -52, 791, -18, -16, 1192, 39;
-1, 307, 11, -14, 804, -9, -6, 1197, 44;
4, 312, 16, 57, 852, 21, 18, 1217, 64;
-2, 303, 8, 3, 772, -30, -9, 1184, 32;
6, 311, 15, 99, 842, 16, 24, 1213, 61;
0, 304, 8, 59, 776, -26, 2, 1186, 34;
2, 305, 10, 95, 785, -18, 11, 1190, 39;
11, 312, 17, 187, 850, 26, 44, 1218, 67;
12, 312, 17, 216, 851, 29, 50, 1219, 69;
4, 302, 8, 152, 759, -29, 18, 1181, 32;
14, 311, 17, 260, 838, 26, 57, 1215, 67;
9, 304, 10, 224, 773, -13, 37, 1188, 42;
12, 306, 12, 263, 783, -3, 47, 1194, 48;
12, 305, 11, 281, 771, -7, 50, 1190, 46;
18, 309, 16, 348, 809, 22, 72, 1206, 64;
11, 300, 8, 295, 725, -29, 45, 1173, 32;
20, 308, 16, 392, 792, 20, 80, 1202, 63;
21, 307, 16, 413, 782, 18, 83, 1199, 62;
20, 305, 14, 419, 757, 7, 80, 1190, 55;
20, 303, 12, 426, 733, -2, 78, 1181, 49;
21, 302, 12, 446, 722, -3, 82, 1178, 48;
25, 304, 15, 498, 743, 16, 98, 1188, 61;
20, 298, 9, 464, 677, -20, 79, 1163, 38;
20, 296, 8, 477, 658, -25, 80, 1157, 34;
22, 296, 9, 503, 652, -22, 86, 1156, 36;
23, 296, 9, 527, 645, -20, 91, 1155, 38;
25, 296, 11, 558, 643, -12, 99, 1156, 43;
26, 295, 10, 574, 627, -15, 101, 1152, 41;
34, 301, 17, 663, 684, 30, 134, 1177, 70;
33, 299, 15, 662, 651, 17, 129, 1166, 61;
34, 298, 16, 685, 641, 20, 134, 1164, 63;
30, 293, 11, 660, 584, -8, 120, 1143, 45;
28, 289, 8, 651, 543, -26, 112, 1128, 34;
32, 291, 11, 696, 556, -7, 127, 1136, 46;
32, 289, 10, 704, 532, -14, 126, 1128, 42;
34, 290, 12, 736, 533, -3, 136, 1131, 48;
36, 290, 13, 760, 525, 1, 142, 1131, 52;
36, 288, 12, 767, 500, -3, 141, 1123, 48;
35, 285, 11, 769, 470, -12, 139, 1113, 43;
33, 281, 7, 753, 424, -32, 129, 1097, 30;
34, 281, 8, 776, 415, -26, 135, 1096, 34;
38, 282, 11, 815, 423, -10, 148, 1102, 44;
38, 281, 11, 826, 404, -11, 150, 1097, 43;
39, 280, 11, 840, 388, -9, 153, 1094, 44;
39, 279, 11, 853, 371, -9, 155, 1090, 45;
45, 283, 16, 915, 403, 24, 179, 1106, 66;
37, 273, 8, 842, 301, -31, 146, 1067, 31;
47, 282, 17, 943, 373, 28, 185, 1099, 68;
41, 274, 11, 890, 292, -12, 161, 1069, 43;
41, 272, 10, 897, 270, -14, 162, 1063, 42;
44, 274, 13, 929, 274, 1, 173, 1068, 51;
44, 272, 12, 933, 251, 0, 173, 1062, 50;
42, 268, 10, 914, 205, -18, 164, 1046, 39;
49, 274, 17, 991, 255, 28, 194, 1070, 68;
45, 268, 12, 954, 192, 0, 177, 1047, 50;
46, 268, 14, 970, 183, 6, 183, 1047, 54;
48, 268, 15, 991, 178, 16, 190, 1048, 61;
44, 262, 10, 947, 110, -15, 171, 1023, 41;
43, 260, 10, 949, 88, -16, 171, 1017, 40;
47, 263, 13, 985, 101, 5, 185, 1026, 54;
49, 263, 15, 1002, 94, 15, 192, 1027, 60;
51, 264, 17, 1022, 92, 27, 200, 1029, 68;
45, 256, 11, 964, 12, -12, 175, 1000, 43;
44, 254, 10, 956, -16, -17, 172, 991, 39;
49, 258, 15, 1009, 15, 17, 194, 1008, 61;
50, 257, 16, 1011, -2, 19, 195, 1004, 62;
49, 255, 15, 1001, -31, 13, 191, 995, 59;
48, 253, 14, 991, -60, 7, 187, 986, 55;
42, 246, 8, 938, -131, -25, 166, 961, 34;
47, 249, 13, 979, -107, 3, 183, 974, 53;
44, 245, 10, 949, -154, -14, 172, 958, 42;
50, 251, 17, 1008, -111, 27, 197, 979, 68;
50, 249, 17, 1003, -131, 27, 196, 974, 68;
46, 244, 13, 960, -189, 2, 180, 953, 52;
41, 239, 9, 916, -246, -21, 163, 933, 37;
48, 245, 16, 978, -197, 24, 190, 956, 65;
43, 239, 12, 925, -263, -6, 170, 932, 46;
39, 234, 8, 882, -318, -30, 154, 913, 32;
39, 233, 8, 874, -336, -29, 153, 909, 32;
44, 237, 13, 916, -304, 4, 172, 925, 53;
41, 233, 11, 886, -344, -9, 162, 912, 45;
45, 237, 16, 918, -320, 19, 177, 925, 62;
39, 230, 10, 857, -389, -14, 155, 899, 41;
37, 227, 8, 827, -426, -27, 145, 887, 34;
44, 233, 16, 884, -375, 19, 171, 911, 62;
36, 225, 8, 803, -461, -26, 140, 878, 34;
42, 231, 16, 858, -411, 18, 166, 902, 62;
39, 228, 13, 824, -449, 4, 155, 889, 53;
37, 225, 12, 795, -480, -4, 146, 879, 47;
34, 221, 9, 754, -524, -22, 132, 864, 36;
40, 227, 16, 809, -470, 24, 159, 888, 65;
40, 227, 17, 797, -482, 26, 157, 886, 67;
34, 220, 11, 729, -550, -8, 133, 860, 45;
29, 215, 7, 676, -602, -32, 115, 842, 30;
37, 224, 17, 746, -530, 25, 147, 874, 66;
37, 224, 17, 737, -536, 30, 148, 874, 70;
29, 215, 10, 645, -625, -18, 114, 839, 39;
31, 217, 13, 659, -607, 2, 123, 849, 52;
28, 214, 11, 617, -643, -12, 110, 836, 43;
30, 216, 13, 624, -630, 4, 118, 844, 54;
28, 215, 13, 600, -648, 1, 112, 839, 51;
27, 214, 13, 578, -662, 0, 108, 835, 51;
26, 213, 12, 555, -676, -1, 103, 831, 50;
24, 211, 12, 530, -693, -4, 97, 826, 48;
26, 213, 14, 534, -679, 11, 103, 833, 58;
22, 209, 11, 479, -723, -10, 85, 817, 44;
18, 206, 8, 431, -761, -28, 70, 803, 33;
22, 210, 13, 455, -724, 2, 85, 820, 52;
24, 213, 17, 471, -695, 27, 97, 833, 68;
22, 211, 15, 432, -720, 16, 86, 824, 61;
21, 211, 16, 413, -725, 18, 83, 824, 62;
20, 210, 15, 388, -735, 17, 78, 821, 61;
20, 212, 17, 383, -724, 29, 81, 827, 69;
13, 205, 11, 300, -791, -10, 52, 800, 44;
13, 206, 12, 290, -784, -1, 53, 804, 50;
12, 205, 12, 262, -794, -3, 47, 801, 48;
9, 203, 11, 227, -810, -11, 38, 795, 43;
5, 200, 8, 174, -844, -30, 22, 782, 32;
6, 202, 10, 173, -826, -15, 26, 790, 41;
3, 200, 8, 129, -849, -28, 14, 781, 33;
11, 208, 17, 187, -770, 26, 43, 814, 67;
6, 205, 13, 130, -805, 5, 26, 800, 54;
9, 208, 17, 141, -772, 28, 36, 814, 68;
7, 208, 16, 110, -780, 24, 28, 811, 66;
2, 204, 13, 49, -818, 0, 9, 796, 51;
0, 203, 12, 18, -825, -4, 1, 793, 48;
4, 208, 17, 44, -775, 29, 18, 814, 69;
0, 205, 14, -12, -807, 7, 0, 801, 55;
0, 205, 14, -36, -805, 8, -3, 801, 56;
-3, 204, 13, -73, -817, 0, -13, 796, 51;
-7, 202, 10, -120, -837, -14, -27, 788, 42;
-9, 200, 9, -158, -848, -23, -37, 783, 36;
-6, 205, 13, -139, -802, 5, -24, 801, 54;
-9, 203, 11, -186, -821, -9, -38, 793, 44;
-13, 201, 9, -233, -840, -24, -51, 784, 35;
-13, 202, 10, -246, -825, -17, -52, 790, 40;
-14, 203, 10, -266, -815, -14, -54, 793, 41;
-12, 205, 12, -269, -789, 0, -50, 803, 50;
-9, 210, 17, -250, -740, 27, -37, 822, 68;
-13, 208, 14, -300, -760, 10, -52, 813, 57;
-12, 210, 16, -308, -738, 20, -50, 821, 63;
-18, 206, 12, -370, -770, -5, -70, 807, 47;
-22, 204, 8, -424, -793, -26, -88, 796, 34;
-15, 213, 17, -365, -704, 27, -58, 831, 68;
-23, 206, 10, -457, -764, -18, -91, 805, 39;
-23, 208, 11, -466, -742, -9, -90, 813, 45;
-23, 209, 12, -482, -726, -5, -91, 817, 47;
-20, 214, 16, -465, -678, 19, -80, 836, 63;
-21, 215, 16, -482, -663, 22, -82, 840, 64;
-24, 213, 13, -530, -679, 4, -97, 832, 53;
-30, 210, 9, -589, -706, -21, -117, 819, 37;
-32, 209, 8, -622, -707, -29, -126, 816, 32;
-28, 215, 13, -594, -647, 2, -110, 839, 52;
-27, 217, 14, -601, -622, 10, -108, 847, 57;
-27, 219, 15, -613, -601, 15, -109, 854, 60;
-32, 216, 11, -668, -624, -8, -127, 842, 45;
-31, 218, 13, -670, -594, 1, -124, 852, 52;
-33, 218, 12, -693, -585, -1, -129, 854, 50;
-38, 215, 8, -748, -608, -26, -148, 841, 34;
-35, 219, 11, -736, -564, -7, -139, 857, 46;
-38, 218, 9, -772, -569, -20, -151, 853, 38;
-39, 219, 9, -788, -552, -20, -153, 857, 38;
-37, 223, 12, -776, -509, -2, -145, 872, 49;
-36, 226, 14, -778, -480, 6, -143, 882, 55;
-42, 221, 8, -843, -513, -26, -166, 865, 34;
-36, 229, 15, -797, -436, 13, -144, 894, 59;
-42, 225, 10, -857, -466, -18, -166, 879, 39;
-37, 232, 15, -818, -396, 16, -146, 905, 61;
-35, 235, 18, -807, -354, 32, -139, 919, 71;
-41, 231, 13, -867, -385, 0, -161, 904, 50;
-42, 232, 12, -883, -371, -2, -165, 906, 49;
-39, 236, 15, -865, -324, 16, -155, 923, 61;
-41, 236, 14, -889, -319, 6, -163, 922, 55;
-39, 241, 17, -867, -268, 28, -152, 940, 68;
-46, 235, 10, -939, -312, -13, -179, 918, 42;
-39, 244, 18, -879, -224, 32, -152, 952, 71;
-43, 241, 13, -928, -245, 4, -171, 940, 53;
-44, 242, 13, -937, -228, 3, -173, 943, 53;
-42, 245, 16, -921, -185, 18, -165, 958, 62;
-43, 246, 15, -930, -168, 16, -167, 962, 61;
-42, 249, 16, -924, -137, 24, -164, 971, 66;
-47, 244, 11, -981, -169, -10, -186, 955, 44;
-46, 247, 13, -970, -133, 0, -181, 966, 50;
-47, 248, 12, -978, -117, -3, -183, 969, 49;
-42, 255, 17, -933, -48, 29, -163, 995, 69;
-48, 249, 10, -999, -91, -13, -191, 973, 42;
-42, 257, 17, -940, -9, 27, -165, 1004, 68;
-47, 253, 12, -990, -38, -5, -186, 989, 47;
-46, 256, 13, -976, -2, 4, -180, 1000, 54;
-41, 262, 18, -934, 59, 32, -163, 1022, 71;
-48, 257, 11, -993, 19, -7, -187, 1003, 46;
-47, 259, 12, -986, 46, -3, -185, 1010, 48;
-42, 265, 17, -940, 111, 26, -166, 1034, 67;
-42, 266, 17, -936, 132, 26, -165, 1039, 67;
-44, 265, 15, -954, 132, 12, -173, 1036, 59;
-45, 265, 13, -966, 137, 2, -179, 1034, 52;
-45, 267, 13, -957, 161, 5, -176, 1041, 54;
-42, 271, 16, -927, 207, 22, -165, 1057, 65;
-46, 268, 12, -959, 189, -2, -179, 1046, 49;
-46, 269, 12, -956, 206, -4, -180, 1050, 47;
-46, 270, 11, -953, 223, -6, -180, 1053, 46;
-43, 274, 14, -921, 267, 9, -168, 1068, 56;
-48, 269, 9, -965, 234, -25, -188, 1052, 35;
-39, 279, 17, -874, 336, 29, -152, 1091, 69;
-39, 280, 17, -871, 349, 25, -153, 1093, 66;
-42, 277, 13, -899, 331, 0, -167, 1082, 51;
-37, 283, 18, -842, 396, 31, -146, 1106, 70;
-41, 280, 13, -875, 371, 2, -162, 1092, 52;
-39, 282, 14, -849, 403, 12, -154, 1103, 58;
-36, 286, 17, -817, 442, 25, -143, 1116, 66;
-44, 278, 8, -884, 380, -27, -174, 1088, 34;
-41, 282, 11, -848, 421, -11, -162, 1101, 43;
-38, 285, 13, -813, 459, 2, -151, 1114, 52;
-42, 282, 9, -840, 435, -25, -165, 1102, 35;
-41, 284, 9, -821, 457, -21, -160, 1108, 37;
-37, 288, 12, -778, 501, -3, -146, 1124, 49;
-39, 286, 9, -792, 487, -23, -155, 1115, 36;
-31, 294, 17, -702, 577, 26, -121, 1150, 67;
-33, 292, 13, -718, 560, 4, -132, 1140, 53;
-35, 291, 11, -723, 553, -9, -138, 1135, 44;
-30, 296, 15, -664, 609, 17, -117, 1156, 61;
-35, 291, 10, -701, 569, -18, -137, 1137, 39;
-30, 295, 13, -651, 615, 2, -120, 1153, 52;
-31, 294, 11, -648, 612, -8, -123, 1150, 45;
-26, 300, 16, -585, 670, 21, -101, 1171, 64;
-26, 300, 15, -577, 671, 13, -103, 1170, 59;
-27, 298, 13, -578, 663, 0, -107, 1164, 50;
-26, 300, 13, -552, 680, 3, -101, 1170, 53;
-26, 299, 12, -544, 679, -4, -103, 1167, 48;
-26, 299, 11, -532, 681, -10, -102, 1166, 44;
-24, 300, 11, -507, 696, -8, -97, 1171, 45;
-26, 298, 9, -508, 683, -23, -102, 1164, 36;
-23, 300, 11, -471, 708, -12, -92, 1173, 42;
-21, 302, 12, -439, 727, -6, -84, 1179, 47;
-24, 299, 8, -453, 699, -30, -95, 1166, 31;
-19, 303, 11, -396, 742, -7, -76, 1182, 46;
-22, 299, 7, -410, 713, -32, -87, 1169, 31;
-12, 308, 16, -307, 800, 20, -50, 1204, 63;
-11, 309, 16, -283, 808, 21, -45, 1206, 64;
-18, 302, 8, -330, 744, -25, -70, 1178, 34;
-10, 308, 14, -251, 805, 11, -42, 1203, 58;
-15, 303, 9, -278, 759, -22, -59, 1183, 36;
-11, 305, 11, -233, 785, -8, -46, 1193, 45;
-9, 307, 13, -193, 805, 1, -35, 1200, 52;
-3, 312, 17, -128, 850, 29, -13, 1218, 69;
-9, 306, 11, -166, 792, -12, -35, 1193, 43;
-5, 308, 13, -120, 816, 1, -21, 1203, 52;
-8, 304, 9, -136, 778, -24, -33, 1187, 35;
-2, 309, 14, -62, 829, 7, -8, 1208, 55;
-6, 304, 8, -91, 776, -27, -26, 1186, 33;
0, 310, 14, -11, 833, 9, 1, 1209, 56;
4, 312, 17, 39, 858, 26, 16, 1220, 67;
3, 311, 15, 48, 843, 16, 14, 1213, 61;
3, 310, 14, 63, 833, 9, 15, 1209, 56;
3, 308, 13, 75, 818, 0, 14, 1203, 51;
5, 308, 13, 102, 819, 2, 19, 1204, 52;
1, 304, 9, 85, 775, -25, 7, 1186, 35;
5, 306, 11, 130, 792, -11, 20, 1194, 43;
8, 307, 13, 172, 807, 0, 32, 1201, 51;
12, 310, 16, 224, 831, 18, 48, 1211, 62;
15, 312, 18, 268, 846, 31, 60, 1218, 70;
14, 310, 16, 274, 823, 19, 57, 1209, 63;
13, 306, 13, 270, 790, 1, 50, 1196, 51;
11, 303, 10, 269, 759, -15, 44, 1185, 41;
13, 304, 11, 298, 758, -11, 51, 1185, 43;
21, 310, 17, 385, 815, 30, 82, 1210, 70;
19, 307, 15, 382, 782, 13, 76, 1198, 59;
18, 304, 13, 386, 755, 0, 72, 1188, 51;
22, 307, 16, 438, 777, 20, 88, 1198, 63;
22, 304, 14, 444, 751, 9, 86, 1189, 56;
23, 304, 15, 471, 747, 13, 92, 1189, 59;
27, 307, 18, 521, 766, 31, 108, 1198, 70;
24, 302, 14, 504, 717, 5, 96, 1179, 54;
27, 303, 15, 539, 720, 15, 105, 1183, 60;
20, 295, 7, 489, 638, -31, 80, 1150, 31;
23, 296, 9, 526, 643, -20, 91, 1155, 38;
30, 301, 16, 606, 691, 18, 119, 1176, 62;
29, 299, 14, 609, 662, 7, 116, 1166, 55;
24, 291, 7, 568, 589, -32, 94, 1138, 30;
30, 296, 13, 638, 626, 1, 119, 1156, 51;
35, 299, 17, 696, 652, 27, 139, 1169, 67;
30, 292, 10, 653, 577, -13, 117, 1140, 42;
37, 298, 17, 733, 625, 28, 146, 1162, 68;
29, 287, 8, 663, 523, -29, 113, 1122, 32;
35, 292, 14, 736, 564, 7, 139, 1142, 55;
38, 294, 16, 773, 569, 20, 151, 1146, 63;
32, 285, 9, 722, 486, -23, 126, 1115, 36;
38, 290, 14, 788, 521, 10, 150, 1132, 57;
36, 286, 11, 776, 477, -8, 141, 1116, 45;
42, 290, 16, 837, 508, 23, 164, 1132, 65;
37, 283, 11, 801, 440, -10, 145, 1107, 44;
43, 288, 17, 869, 478, 26, 171, 1125, 67;
37, 280, 9, 814, 392, -19, 145, 1092, 38;
36, 277, 8, 815, 363, -27, 142, 1083, 34;
36, 275, 8, 820, 338, -31, 142, 1076, 31;
44, 282, 15, 901, 389, 14, 173, 1100, 60;
42, 279, 13, 893, 352, 2, 167, 1088, 52;
45, 280, 15, 924, 354, 15, 177, 1092, 60;
42, 275, 12, 903, 304, -4, 167, 1074, 48;
46, 277, 15, 938, 312, 13, 179, 1080, 59;
41, 270, 10, 900, 246, -17, 162, 1056, 39;
40, 267, 8, 890, 208, -29, 156, 1044, 32;
40, 266, 7, 895, 185, -31, 156, 1038, 31;
44, 269, 12, 945, 209, -2, 175, 1051, 49;
42, 265, 9, 925, 163, -20, 165, 1035, 38;
41, 262, 8, 916, 128, -29, 160, 1024, 32;
48, 268, 15, 991, 179, 16, 190, 1048, 61;
49, 267, 16, 999, 162, 19, 193, 1045, 62;
43, 260, 9, 943, 82, -20, 169, 1015, 38;
47, 262, 13, 982, 97, 3, 184, 1025, 53;
51, 265, 17, 1020, 112, 27, 199, 1034, 67;
42, 255, 8, 939, 9, -27, 165, 995, 33;
42, 254, 8, 942, -9, -26, 166, 990, 34;
49, 259, 15, 1004, 31, 14, 192, 1011, 59;
44, 253, 10, 958, -35, -16, 173, 987, 40;
47, 254, 13, 985, -28, 1, 184, 993, 51;
50, 256, 16, 1012, -20, 20, 195, 999, 63;
50, 255, 16, 1013, -38, 22, 196, 995, 64;
48, 252, 14, 995, -74, 11, 189, 984, 58;
43, 246, 10, 948, -138, -16, 171, 961, 40;
45, 247, 12, 963, -140, -4, 177, 963, 47;
49, 249, 16, 994, -124, 19, 192, 973, 62;
46, 245, 13, 967, -167, 4, 181, 959, 53;
46, 244, 13, 961, -187, 4, 180, 954, 53;
42, 239, 9, 917, -245, -21, 163, 933, 37;
42, 239, 10, 919, -257, -15, 166, 932, 41;
42, 237, 10, 909, -278, -17, 163, 926, 40;
45, 239, 13, 935, -265, 5, 176, 935, 54;
47, 241, 16, 952, -258, 22, 185, 941, 64;
40, 233, 9, 876, -344, -22, 156, 908, 37;
41, 233, 11, 881, -349, -12, 160, 909, 43;
41, 232, 11, 875, -363, -9, 160, 907, 44;
40, 231, 11, 867, -379, -7, 159, 903, 46;
37, 227, 8, 826, -427, -27, 144, 886, 33;
37, 227, 9, 821, -437, -22, 145, 885, 36;
36, 226, 9, 811, -454, -21, 143, 881, 37;
36, 225, 10, 802, -467, -18, 143, 879, 39;
34, 222, 8, 771, -501, -30, 133, 867, 32;
41, 229, 15, 830, -445, 18, 161, 893, 62;
37, 224, 12, 782, -496, -3, 144, 875, 48;
32, 219, 8, 731, -548, -27, 126, 856, 33;
32, 219, 9, 725, -554, -21, 128, 856, 37;
31, 217, 8, 702, -577, -26, 122, 849, 34;
38, 224, 16, 757, -521, 21, 148, 875, 64;
31, 217, 10, 685, -591, -15, 122, 849, 41;
36, 222, 16, 726, -548, 23, 143, 869, 65;
31, 217, 12, 666, -604, -4, 122, 848, 47;
35, 221, 16, 692, -574, 24, 137, 863, 66;
29, 215, 12, 627, -633, -5, 115, 840, 47;
34, 220, 17, 661, -593, 29, 133, 859, 69;
23, 209, 7, 550, -698, -31, 91, 818, 31;
29, 216, 15, 596, -644, 12, 115, 842, 58;
21, 208, 7, 509, -723, -32, 83, 811, 30;
24, 211, 11, 527, -696, -6, 96, 825, 46;
23, 210, 11, 505, -708, -7, 91, 821, 46;
28, 215, 17, 538, -665, 28, 110, 841, 68;
19, 207, 9, 441, -750, -21, 74, 807, 37;
22, 210, 13, 460, -719, 5, 87, 822, 54;
21, 209, 13, 434, -732, 2, 82, 818, 52;
19, 209, 13, 409, -744, 1, 76, 815, 51;
18, 208, 13, 389, -749, 2, 73, 814, 52;
15, 205, 10, 340, -783, -14, 58, 801, 41;
20, 211, 17, 382, -725, 29, 81, 826, 69;
15, 207, 13, 321, -770, 3, 61, 809, 53;
9, 202, 9, 254, -820, -25, 38, 789, 35;
12, 205, 12, 263, -793, -3, 48, 801, 48;
6, 200, 8, 199, -838, -29, 26, 783, 32;
11, 206, 14, 231, -787, 7, 45, 805, 55;
4, 200, 8, 148, -850, -31, 16, 780, 31;
10, 207, 15, 195, -783, 15, 41, 808, 60;
5, 203, 11, 133, -825, -9, 21, 792, 44;
3, 202, 11, 104, -832, -12, 15, 789, 43;
3, 203, 12, 90, -823, -5, 15, 793, 47;
0, 200, 9, 38, -853, -24, -1, 781, 36;
0, 201, 10, 27, -840, -14, 0, 787, 41;
-3, 199, 8, -20, -864, -29, -14, 777, 32;
-2, 201, 10, -25, -845, -17, -10, 785, 40;
0, 204, 13, -17, -812, 4, -1, 799, 53;
-4, 202, 11, -67, -836, -11, -16, 788, 43;
-5, 202, 11, -89, -832, -10, -20, 790, 44;
-3, 205, 13, -90, -807, 5, -14, 800, 54;
-9, 200, 9, -160, -850, -24, -38, 782, 35;
-3, 208, 16, -116, -778, 21, -14, 811, 64;
-8, 204, 13, -172, -807, 0, -32, 799, 50;
-11, 203, 11, -212, -819, -10, -43, 793, 44;
-7, 208, 16, -190, -768, 20, -28, 813, 63;
-12, 204, 11, -255, -805, -7, -50, 797, 46;
-12, 206, 13, -267, -787, 0, -49, 804, 51;
-17, 202, 9, -328, -818, -24, -69, 790, 36;
-18, 203, 9, -346, -807, -20, -71, 794, 38;
-18, 204, 10, -364, -794, -16, -73, 798, 40;
-19, 205, 10, -387, -787, -16, -77, 800, 40;
-17, 209, 13, -377, -746, 5, -68, 815, 54;
-15, 213, 17, -367, -705, 26, -59, 831, 67;
-23, 206, 10, -453, -760, -15, -89, 807, 41;
-24, 207, 10, -475, -751, -15, -93, 809, 41;
-26, 206, 9, -507, -752, -22, -102, 807, 36;
-26, 208, 10, -518, -731, -15, -101, 814, 41;
-20, 215, 17, -479, -660, 24, -80, 842, 66;
-27, 211, 11, -550, -700, -9, -105, 823, 45;
-25, 214, 14, -542, -659, 10, -97, 838, 57;
-32, 209, 8, -622, -707, -29, -126, 816, 32;
-28, 214, 12, -600, -652, -1, -112, 837, 50;
-33, 212, 9, -650, -671, -22, -129, 827, 37;
-26, 220, 17, -598, -587, 25, -103, 860, 66;
-30, 218, 14, -644, -600, 7, -117, 852, 55;
-28, 222, 16, -637, -561, 23, -110, 866, 65;
-32, 220, 14, -682, -574, 6, -125, 858, 54;
-38, 215, 8, -749, -609, -27, -149, 841, 33;
-33, 222, 14, -715, -543, 6, -131, 866, 55;
-34, 222, 13, -735, -531, 4, -135, 868, 53;
-40, 218, 8, -798, -563, -27, -158, 853, 34;
-39, 222, 10, -793, -526, -13, -152, 865, 42;
-38, 224, 12, -792, -494, -2, -148, 876, 49;
-33, 231, 18, -756, -426, 31, -130, 901, 70;
-39, 227, 13, -816, -455, 0, -152, 886, 51;
-37, 230, 15, -806, -415, 15, -145, 900, 60;
-35, 234, 17, -799, -378, 29, -139, 913, 69;
-41, 230, 12, -858, -406, -1, -160, 898, 49;
-36, 236, 17, -821, -339, 30, -142, 923, 70;
-39, 235, 15, -852, -340, 18, -152, 919, 62;
-39, 236, 15, -863, -322, 17, -155, 924, 61;
-47, 231, 8, -940, -370, -26, -184, 901, 34;
-45, 234, 10, -929, -331, -13, -177, 914, 42;
-48, 233, 8, -960, -333, -27, -188, 910, 33;
-44, 238, 12, -932, -277, -3, -174, 930, 49;
-44, 240, 12, -937, -255, -1, -175, 936, 50;
-46, 239, 11, -958, -248, -10, -182, 935, 44;
-48, 239, 9, -980, -244, -20, -189, 934, 38;
-44, 244, 13, -947, -185, 5, -174, 955, 54;
-46, 244, 12, -968, -180, -4, -182, 953, 48;
-44, 248, 14, -949, -136, 11, -173, 968, 57;
-47, 247, 12, -978, -141, -5, -184, 963, 47;
-46, 248, 12, -976, -115, -1, -182, 970, 50;
-44, 252, 14, -959, -75, 11, -175, 984, 58;
-48, 250, 11, -990, -83, -7, -187, 977, 46;
-43, 256, 16, -951, -21, 20, -170, 999, 63;
-48, 253, 11, -994, -42, -7, -188, 987, 46;
-45, 256, 14, -973, 0, 6, -179, 1001, 55;
-47, 256, 12, -989, 3, -4, -186, 999, 48;
-49, 256, 10, -1004, 9, -14, -192, 998, 42;
-42, 263, 17, -942, 90, 25, -166, 1028, 67;
-46, 261, 13, -976, 75, 2, -181, 1019, 52;
-49, 259, 10, -1003, 66, -17, -193, 1012, 40;
-49, 260, 10, -1000, 86, -17, -192, 1017, 40;
-44, 266, 14, -954, 149, 10, -174, 1039, 57;
-45, 267, 14, -957, 162, 5, -176, 1041, 54;
-44, 268, 14, -951, 183, 6, -175, 1047, 54;
-44, 269, 14, -945, 204, 6, -174, 1052, 55;
-48, 267, 10, -976, 187, -17, -188, 1042, 39;
-46, 269, 11, -955, 220, -8, -181, 1052, 45;
-48, 268, 9, -969, 219, -22, -188, 1049, 37;
-45, 272, 12, -935, 264, -5, -176, 1064, 47;
-47, 271, 9, -947, 263, -19, -183, 1060, 38;
-42, 276, 13, -904, 316, 3, -167, 1079, 53;
-47, 273, 9, -938, 292, -25, -183, 1066, 35;
-44, 276, 10, -909, 329, -13, -174, 1078, 42;
-38, 283, 17, -842, 404, 24, -148, 1106, 66;
-40, 282, 14, -855, 397, 7, -156, 1100, 55;
-43, 280, 10, -876, 383, -13, -168, 1092, 42;
-38, 285, 15, -824, 440, 12, -149, 1112, 58;
-34, 289, 17, -784, 485, 30, -135, 1128, 70;
-36, 287, 15, -793, 479, 15, -142, 1123, 60;
-35, 290, 16, -770, 505, 21, -136, 1131, 64;
-36, 288, 13, -780, 497, 5, -143, 1125, 54;
-37, 288, 12, -776, 503, -1, -145, 1124, 49;
-40, 285, 8, -798, 482, -26, -158, 1113, 34;
-39, 287, 9, -776, 504, -22, -152, 1119, 36;
-30, 295, 16, -690, 588, 23, -120, 1152, 65;
-35, 290, 11, -727, 549, -12, -140, 1133, 42;
-34, 292, 11, -704, 570, -8, -134, 1139, 45;
-27, 298, 17, -632, 638, 27, -108, 1165, 67;
-32, 293, 11, -670, 596, -10, -128, 1145, 44;
-25, 300, 17, -593, 667, 28, -101, 1173, 68;
-34, 292, 8, -662, 592, -30, -133, 1139, 32;
-30, 296, 11, -613, 635, -10, -117, 1155, 44;
-28, 297, 12, -587, 653, -6, -111, 1161, 47;
-25, 300, 14, -548, 684, 6, -100, 1171, 55;
-26, 299, 12, -541, 681, -3, -102, 1168, 49;
-20, 305, 17, -477, 736, 25, -80, 1189, 67;
-26, 298, 9, -524, 679, -19, -104, 1164, 38;
-26, 298, 9, -511, 680, -25, -104, 1162, 35;
-21, 303, 13, -448, 732, 2, -82, 1182, 52;
-19, 304, 14, -417, 749, 8, -74, 1188, 56;
-15, 307, 16, -373, 780, 23, -61, 1199, 65;
-13, 309, 18, -337, 802, 31, -52, 1207, 70;
-22, 300, 8, -408, 715, -31, -86, 1170, 31;
-14, 307, 14, -323, 784, 10, -57, 1197, 57;
-14, 306, 13, -309, 782, 4, -56, 1195, 53;
-12, 308, 14, -274, 799, 11, -47, 1201, 58;
-17, 301, 8, -315, 741, -31, -69, 1176, 31;
-6, 311, 17, -198, 840, 30, -26, 1216, 70;
-11, 306, 12, -229, 789, -6, -44, 1194, 47;
-4, 312, 18, -148, 850, 31, -16, 1219, 70;
-7, 308, 14, -162, 816, 6, -28, 1204, 54;
-2, 312, 17, -109, 848, 25, -11, 1217, 66;
-7, 306, 11, -135, 800, -8, -28, 1197, 45;
-4, 308, 12, -100, 813, -1, -19, 1201, 50;
0, 312, 17, -36, 854, 25, 1, 1218, 66;
-1, 309, 14, -39, 828, 6, -4, 1207, 55;
-2, 307, 11, -38, 805, -9, -10, 1197, 45;
0, 307, 12, -7, 812, -4, -3, 1200, 47;
2, 309, 13, 32, 827, 5, 7, 1207, 54;
1, 307, 12, 39, 808, -6, 5, 1199, 46;
7, 312, 16, 110, 853, 24, 28, 1218, 66;
3, 306, 11, 84, 801, -9, 12, 1197, 45;
1, 304, 8, 84, 774, -25, 6, 1186, 34;
7, 308, 13, 149, 812, 1, 28, 1202, 51;
6, 306, 11, 157, 791, -10, 25, 1194, 44;
6, 304, 10, 169, 776, -17, 25, 1188, 39;
6, 303, 9, 183, 761, -24, 25, 1183, 35;
8, 303, 9, 212, 761, -21, 32, 1184, 37;
16, 310, 16, 305, 825, 24, 65, 1211, 66;
18, 310, 17, 332, 823, 27, 71, 1211, 67;
12, 303, 10, 294, 755, -14, 50, 1184, 42;
13, 302, 10, 315, 745, -15, 53, 1181, 41;
16, 303, 11, 350, 750, -7, 62, 1184, 46;
23, 309, 18, 433, 802, 32, 91, 1207, 71;
15, 299, 8, 367, 705, -26, 59, 1168, 34;
16, 299, 9, 395, 702, -22, 65, 1169, 36;
26, 307, 17, 497, 773, 30, 103, 1199, 69;
19, 298, 9, 442, 686, -21, 75, 1165, 37;
22, 300, 11, 484, 697, -6, 88, 1171, 46;
28, 304, 17, 554, 735, 25, 112, 1189, 66;
22, 297, 10, 508, 657, -19, 88, 1158, 39;
30, 302, 16, 590, 707, 21, 117, 1181, 64;
23, 294, 8, 539, 624, -25, 91, 1148, 34;
30, 299, 14, 611, 663, 8, 117, 1167, 56;
25, 292, 8, 575, 595, -28, 97, 1141, 33;
30, 296, 13, 641, 629, 3, 120, 1157, 52;
26, 290, 7, 606, 562, -32, 102, 1131, 30;
35, 297, 16, 705, 630, 21, 139, 1162, 64;
36, 297, 16, 725, 617, 23, 143, 1159, 65;
32, 291, 11, 696, 556, -8, 127, 1136, 45;
34, 291, 12, 723, 551, -1, 134, 1136, 50;
39, 294, 16, 775, 571, 22, 152, 1147, 64;
35, 288, 12, 749, 513, -5, 137, 1126, 47;
40, 291, 16, 803, 536, 20, 156, 1138, 63;
37, 287, 12, 783, 485, -3, 145, 1119, 48;
36, 285, 11, 788, 459, -9, 143, 1111, 44;
43, 289, 17, 858, 498, 27, 169, 1130, 68;
38, 283, 12, 822, 431, -5, 151, 1105, 47;
38, 281, 10, 823, 402, -13, 149, 1096, 42;
38, 279, 10, 828, 376, -18, 148, 1089, 39;
36, 276, 8, 825, 343, -28, 144, 1078, 33;
42, 280, 13, 885, 373, 3, 166, 1093, 53;
40, 276, 10, 866, 325, -15, 156, 1077, 41;
44, 279, 14, 916, 346, 10, 174, 1088, 57;
39, 272, 9, 875, 277, -22, 155, 1063, 36;
40, 271, 9, 888, 261, -20, 158, 1059, 38;
42, 271, 10, 907, 252, -13, 164, 1059, 42;
44, 272, 12, 933, 251, -1, 173, 1062, 50;
46, 272, 14, 953, 244, 7, 180, 1062, 55;
41, 266, 9, 913, 177, -23, 162, 1038, 36;
45, 268, 12, 951, 189, -2, 176, 1046, 49;
45, 267, 12, 959, 172, 0, 178, 1042, 50;
43, 263, 10, 944, 131, -14, 171, 1029, 41;
44, 262, 11, 951, 113, -12, 173, 1025, 42;
48, 265, 15, 996, 134, 14, 190, 1037, 60;
42, 257, 8, 935, 51, -27, 165, 1005, 33;
48, 263, 15, 999, 91, 12, 190, 1025, 59;
42, 255, 8, 940, 10, -27, 165, 995, 33;
51, 263, 17, 1028, 76, 30, 202, 1026, 70;
48, 258, 14, 998, 25, 10, 189, 1008, 57;
49, 258, 15, 1005, 11, 14, 192, 1006, 60;
47, 255, 13, 989, -23, 4, 186, 995, 53;
44, 250, 10, 960, -72, -14, 174, 978, 42;
47, 252, 13, 986, -65, 4, 185, 984, 53;
41, 245, 7, 928, -141, -32, 162, 956, 30;
43, 245, 9, 941, -146, -22, 168, 958, 37;
50, 251, 17, 1008, -94, 25, 196, 982, 66;
42, 242, 8, 926, -192, -26, 163, 945, 34;
40, 240, 8, 913, -221, -31, 159, 937, 31;
43, 241, 10, 933, -216, -14, 168, 942, 41;
44, 242, 12, 942, -220, -4, 174, 943, 48;
44, 240, 12, 934, -241, -5, 172, 938, 47;
44, 240, 12, 933, -255, -1, 173, 936, 50;
46, 240, 14, 945, -254, 12, 180, 939, 58;
41, 235, 10, 894, -316, -16, 161, 917, 40;
42, 235, 12, 901, -319, -5, 166, 919, 47;
39, 231, 9, 865, -364, -22, 153, 903, 36;
46, 237, 16, 923, -315, 22, 180, 927, 65;
42, 233, 13, 886, -360, 4, 166, 911, 53;
41, 231, 12, 865, -387, -1, 161, 903, 50;
39, 229, 12, 846, -413, -6, 155, 895, 47;
43, 232, 16, 871, -393, 18, 169, 906, 62;
40, 229, 14, 839, -429, 6, 158, 894, 54;
40, 228, 13, 825, -447, 5, 156, 890, 54;
42, 229, 16, 836, -439, 22, 163, 896, 65;
33, 221, 9, 753, -525, -23, 132, 863, 36;
35, 222, 11, 761, -518, -8, 139, 868, 45;
33, 220, 10, 732, -548, -17, 130, 859, 40;
39, 225, 16, 777, -503, 23, 152, 880, 65;
30, 216, 8, 682, -596, -28, 117, 844, 33;
30, 216, 9, 675, -601, -21, 118, 844, 37;
33, 219, 13, 696, -577, 3, 131, 857, 53;
36, 222, 17, 714, -556, 27, 142, 868, 68;
32, 218, 13, 663, -602, 5, 125, 851, 54;
31, 217, 13, 642, -619, 3, 121, 846, 53;
28, 214, 12, 607, -647, -6, 111, 837, 46;
28, 214, 12, 593, -654, -2, 109, 836, 49;
23, 209, 8, 539, -701, -25, 91, 818, 34;
23, 210, 10, 529, -703, -19, 92, 820, 39;
25, 212, 12, 534, -689, -1, 99, 828, 49;
24, 211, 12, 511, -702, -3, 94, 824, 48;
20, 207, 9, 464, -739, -20, 79, 810, 38;
19, 206, 9, 439, -752, -22, 74, 807, 36;
19, 207, 10, 432, -747, -13, 76, 810, 42;
17, 206, 9, 399, -767, -20, 67, 804, 38;
14, 204, 8, 363, -789, -29, 57, 796, 32;
22, 212, 17, 425, -714, 26, 88, 829, 67;
17, 207, 13, 362, -761, 0, 67, 810, 51;
16, 207, 12, 338, -770, 0, 62, 808, 50;
14, 206, 12, 308, -783, -4, 55, 803, 47;
16, 208, 15, 315, -759, 15, 64, 814, 60;
17, 210, 17, 310, -746, 28, 67, 821, 68;
15, 209, 16, 276, -761, 21, 58, 815, 64;
11, 206, 13, 226, -793, 3, 43, 803, 53;
5, 201, 8, 157, -841, -25, 20, 784, 34;
5, 202, 10, 145, -834, -18, 20, 788, 39;
4, 202, 10, 126, -831, -13, 18, 789, 42;
6, 205, 13, 127, -808, 2, 24, 799, 52;
3, 203, 11, 86, -827, -7, 13, 792, 46;
3, 204, 13, 77, -814, 2, 15, 798, 52;
0, 201, 10, 26, -841, -15, 0, 786, 41;
5, 208, 17, 62, -782, 24, 20, 811, 66;
3, 207, 16, 32, -786, 21, 13, 809, 64;
-3, 201, 10, -47, -842, -15, -14, 786, 41;
-2, 204, 13, -47, -816, 1, -8, 797, 51;
-3, 204, 12, -75, -818, 0, -14, 796, 50;
-2, 207, 15, -73, -790, 16, -7, 807, 61;
-4, 205, 14, -114, -804, 5, -19, 801, 54;
-8, 203, 11, -162, -825, -10, -33, 792, 44;
-3, 210, 18, -123, -758, 32, -11, 819, 71;
-7, 207, 15, -174, -780, 14, -27, 809, 60;
-11, 204, 12, -229, -807, -5, -44, 797, 47;
-8, 209, 16, -210, -759, 22, -31, 816, 65;
-13, 205, 12, -274, -794, -3, -52, 801, 48;
-11, 208, 15, -271, -762, 13, -45, 813, 59;
-15, 206, 12, -318, -779, -1, -60, 805, 49;
-14, 209, 14, -322, -752, 11, -56, 815, 57;
-17, 207, 13, -362, -762, 0, -67, 810, 50;
-20, 206, 11, -402, -771, -11, -79, 805, 43;
-22, 205, 9, -437, -775, -19, -88, 802, 38;
-18, 210, 14, -414, -722, 10, -73, 822, 57;
-24, 206, 9, -482, -758, -20, -96, 806, 38;
-24, 208, 11, -489, -733, -10, -94, 814, 44;
-26, 208, 10, -517, -729, -14, -101, 814, 41;
-29, 207, 8, -561, -742, -30, -115, 807, 32;
-23, 214, 14, -521, -670, 10, -93, 835, 57;
-27, 212, 12, -562, -679, -3, -106, 830, 48;
-26, 215, 14, -567, -652, 7, -103, 839, 55;
-25, 217, 16, -569, -622, 18, -99, 849, 62;
-31, 213, 11, -634, -655, -11, -122, 834, 43;
-25, 221, 18, -587, -576, 32, -98, 864, 71;
-28, 220, 16, -626, -582, 19, -110, 859, 62;
-31, 218, 13, -667, -592, 3, -123, 853, 53;
-31, 220, 14, -678, -570, 8, -123, 860, 56;
-32, 221, 14, -693, -553, 10, -125, 864, 57;
-37, 218, 10, -750, -578, -16, -145, 851, 40;
-39, 217, 8, -783, -580, -27, -155, 848, 33;
-40, 219, 9, -795, -560, -25, -157, 854, 35;
-32, 228, 17, -732, -465, 26, -127, 890, 67;
-41, 221, 9, -819, -521, -20, -159, 865, 38;
-39, 225, 12, -810, -480, -5, -152, 879, 47;
-44, 222, 7, -865, -504, -32, -172, 866, 30;
-44, 223, 7, -878, -487, -32, -174, 870, 31;
-35, 234, 18, -795, -373, 32, -137, 915, 71;
-45, 226, 8, -895, -443, -26, -176, 882, 34;
-42, 230, 11, -879, -397, -7, -166, 899, 46;
-43, 231, 11, -892, -380, -8, -169, 903, 45;
-45, 231, 10, -917, -376, -18, -177, 901, 39;
-42, 235, 13, -897, -327, 1, -166, 918, 52;
-41, 238, 14, -892, -294, 11, -162, 929, 58;
-47, 233, 9, -955, -328, -24, -186, 912, 35;
-49, 234, 8, -974, -319, -31, -192, 912, 31;
-44, 240, 13, -930, -248, 3, -172, 939, 53;
-48, 238, 9, -974, -265, -21, -189, 928, 37;
-46, 241, 12, -957, -221, -5, -180, 943, 47;
-40, 249, 18, -907, -146, 31, -158, 971, 70;
-46, 244, 12, -965, -177, -2, -180, 955, 49;
-41, 251, 18, -918, -105, 31, -160, 981, 70;
-45, 249, 14, -959, -122, 7, -176, 971, 55;
-49, 246, 10, -997, -136, -15, -191, 962, 41;
-43, 253, 15, -950, -65, 17, -171, 988, 62;
-51, 247, 8, -1020, -112, -27, -199, 965, 34;
-50, 250, 10, -1010, -80, -19, -195, 975, 39;
-52, 249, 7, -1031, -79, -32, -203, 972, 30;
-42, 260, 18, -936, 36, 31, -163, 1016, 70;
-49, 254, 10, -1005, -11, -14, -192, 993, 41;
-48, 257, 11, -994, 19, -7, -188, 1003, 46;
-43, 263, 16, -950, 82, 20, -170, 1025, 63;
-51, 256, 8, -1023, 28, -28, -200, 999, 32;
-44, 264, 15, -956, 112, 13, -173, 1031, 59;
-50, 259, 8, -1013, 73, -26, -198, 1011, 34;
-45, 265, 13, -965, 138, 3, -179, 1035, 52;
-50, 262, 9, -1001, 117, -23, -195, 1023, 36;
-43, 270, 16, -933, 201, 18, -167, 1054, 62;
-44, 269, 14, -945, 203, 6, -174, 1052, 55;
-48, 266, 10, -978, 185, -19, -189, 1041, 39;
-40, 275, 17, -903, 272, 25, -159, 1074, 67;
-44, 273, 13, -928, 260, 4, -171, 1065, 53;
-47, 270, 9, -959, 240, -21, -186, 1054, 37;
-38, 280, 18, -871, 339, 31, -151, 1092, 70;
-44, 274, 11, -921, 299, -7, -174, 1072, 45;
-44, 276, 11, -913, 316, -8, -173, 1076, 45;
-40, 281, 15, -866, 372, 15, -156, 1096, 60;
-38, 283, 16, -844, 402, 23, -149, 1105, 65;
-46, 276, 8, -910, 342, -28, -179, 1078, 33;
-39, 283, 14, -845, 414, 7, -155, 1104, 55;
-35, 288, 17, -798, 466, 29, -138, 1123, 69;
-35, 288, 16, -795, 474, 23, -140, 1123, 65;
-44, 280, 7, -865, 408, -32, -172, 1093, 31;
-43, 281, 8, -849, 426, -30, -169, 1098, 31;
-39, 285, 11, -804, 473, -10, -153, 1115, 44;
-41, 284, 8, -817, 462, -29, -162, 1107, 32;
-36, 289, 13, -757, 522, 0, -141, 1130, 51;
-39, 286, 8, -780, 499, -25, -154, 1117, 34;
-34, 291, 13, -725, 553, 0, -135, 1137, 51;
-37, 288, 9, -746, 530, -25, -148, 1125, 35;
-29, 296, 16, -659, 614, 20, -115, 1158, 64;
-31, 295, 14, -663, 607, 6, -121, 1152, 55;
-32, 294, 12, -665, 601, -6, -126, 1147, 46;
-27, 298, 15, -610, 650, 17, -108, 1166, 61;
-29, 297, 12, -618, 637, 0, -115, 1158, 50;
-24, 301, 16, -561, 687, 24, -96, 1176, 66;
-26, 299, 14, -568, 672, 6, -103, 1168, 54;
-29, 296, 10, -584, 648, -17, -115, 1156, 40;
-30, 295, 8, -584, 639, -31, -119, 1151, 31;
-26, 299, 11, -531, 682, -9, -102, 1167, 44;
-23, 302, 13, -489, 713, 3, -90, 1178, 53;
-19, 305, 16, -440, 752, 22, -74, 1192, 64;
-22, 301, 12, -460, 719, -5, -87, 1177, 47;
-17, 306, 15, -404, 763, 17, -69, 1194, 61;
-22, 301, 10, -433, 720, -17, -86, 1174, 40;
-22, 300, 8, -423, 715, -25, -87, 1171, 35;
-15, 306, 14, -349, 774, 8, -62, 1194, 56;
-12, 308, 16, -306, 802, 21, -49, 1204, 64;
-18, 302, 9, -350, 741, -23, -73, 1178, 36;
-14, 305, 12, -299, 775, -4, -57, 1191, 48;
-11, 308, 14, -255, 801, 8, -44, 1201, 56;
-14, 304, 10, -273, 765, -18, -57, 1185, 39;
-9, 308, 13, -212, 806, 5, -37, 1201, 54;
-8, 308, 13, -189, 810, 4, -33, 1202, 54;
-12, 303, 9, -210, 768, -25, -47, 1184, 35;
-9, 305, 10, -169, 788, -14, -36, 1192, 41;
-6, 308, 12, -125, 811, -1, -23, 1201, 50;
-3, 309, 14, -85, 828, 8, -13, 1208, 56;
0, 311, 16, -44, 846, 19, -1, 1215, 63;
-2, 308, 12, -54, 813, -3, -11, 1201, 48;
1, 311, 16, 4, 848, 19, 7, 1215, 63;
-2, 306, 10, -21, 798, -14, -8, 1194, 41;
6, 313, 18, 73, 868, 32, 24, 1224, 71;
-1, 304, 8, 10, 779, -26, -6, 1187, 34;
3, 308, 12, 73, 816, 0, 13, 1202, 50;
0, 303, 8, 55, 771, -29, 0, 1184, 32;
7, 309, 14, 138, 828, 10, 29, 1208, 57;
10, 311, 16, 176, 839, 19, 39, 1213, 62;
9, 308, 14, 182, 817, 6, 36, 1204, 55;
12, 310, 16, 225, 832, 19, 48, 1211, 63;
10, 306, 12, 217, 795, -2, 39, 1197, 49;
11, 306, 12, 238, 787, -4, 43, 1194, 48;
8, 302, 9, 230, 750, -25, 34, 1180, 35;
11, 303, 10, 269, 760, -15, 45, 1185, 41;
10, 301, 8, 273, 734, -28, 41, 1175, 33;
20, 309, 17, 378, 809, 26, 79, 1207, 67;
17, 305, 13, 362, 762, 0, 67, 1189, 51;
22, 309, 17, 428, 797, 28, 89, 1205, 68;
21, 305, 14, 424, 763, 11, 83, 1192, 58;
25, 308, 17, 474, 781, 29, 98, 1201, 69;
17, 298, 8, 413, 689, -25, 68, 1165, 35;
25, 304, 15, 499, 744, 17, 99, 1189, 61;
26, 303, 15, 517, 730, 14, 101, 1185, 60;
22, 298, 10, 493, 674, -15, 86, 1164, 41;
30, 304, 17, 579, 728, 28, 117, 1188, 68;
30, 303, 17, 597, 714, 26, 120, 1184, 67;
25, 296, 11, 559, 644, -12, 100, 1157, 43;
24, 293, 8, 556, 609, -27, 94, 1144, 33;
34, 302, 18, 664, 685, 31, 134, 1178, 70;
29, 295, 12, 628, 616, -5, 115, 1152, 47;
32, 296, 14, 666, 622, 7, 126, 1156, 55;
31, 293, 12, 668, 592, -3, 123, 1146, 48;
32, 293, 12, 686, 578, -3, 126, 1142, 48;
33, 292, 13, 708, 568, 0, 132, 1141, 51;
36, 293, 15, 744, 572, 12, 143, 1145, 58;
39, 294, 17, 779, 575, 25, 154, 1149, 66;
39, 293, 16, 789, 553, 20, 154, 1142, 63;
41, 293, 17, 814, 547, 27, 161, 1143, 68;
33, 283, 9, 752, 454, -23, 132, 1106, 36;
39, 287, 13, 810, 481, 5, 153, 1121, 54;
39, 286, 13, 824, 463, 4, 155, 1116, 53;
40, 285, 13, 837, 446, 4, 157, 1112, 53;
44, 287, 17, 885, 463, 28, 174, 1122, 68;
41, 282, 13, 863, 411, 5, 162, 1103, 54;
43, 282, 14, 884, 402, 11, 168, 1102, 57;
41, 279, 12, 871, 360, -4, 160, 1088, 47;
47, 283, 17, 932, 391, 28, 183, 1104, 68;
38, 272, 8, 854, 284, -30, 148, 1063, 31;
41, 273, 10, 886, 288, -15, 160, 1067, 41;
46, 277, 15, 944, 318, 17, 182, 1083, 61;
40, 269, 9, 891, 236, -23, 158, 1052, 36;
40, 267, 8, 891, 208, -29, 156, 1044, 32;
46, 273, 14, 958, 249, 10, 182, 1064, 57;
46, 271, 14, 960, 224, 7, 181, 1057, 55;
45, 268, 12, 953, 191, -1, 177, 1047, 50;
43, 265, 11, 941, 154, -12, 171, 1035, 42;
48, 268, 15, 989, 176, 15, 189, 1047, 60;
50, 269, 17, 1012, 174, 27, 198, 1050, 68;
44, 261, 10, 952, 91, -14, 172, 1019, 42;
41, 257, 7, 928, 43, -32, 162, 1002, 30;
46, 260, 12, 977, 70, -1, 181, 1017, 50;
44, 257, 11, 962, 32, -12, 175, 1005, 43;
44, 255, 10, 955, 3, -18, 171, 996, 39;
43, 253, 9, 946, -27, -24, 167, 987, 35;
49, 258, 15, 1005, 11, 14, 192, 1006, 60;
46, 254, 12, 979, -33, -2, 182, 991, 49;
51, 257, 17, 1022, -11, 26, 199, 1003, 67;
47, 252, 13, 988, -63, 5, 186, 985, 54;
47, 251, 13, 982, -87, 3, 184, 979, 53;
49, 252, 16, 1004, -82, 20, 194, 984, 63;
47, 248, 13, 977, -126, 4, 183, 969, 53;
41, 241, 8, 920, -199, -30, 161, 942, 32;
44, 243, 11, 945, -189, -10, 172, 950, 44;
50, 249, 18, 1004, -144, 32, 198, 972, 71;
47, 245, 15, 972, -190, 15, 186, 956, 60;
45, 241, 13, 947, -229, 2, 177, 943, 52;
45, 240, 13, 939, -249, 2, 176, 938, 52;
42, 237, 11, 914, -286, -8, 167, 926, 45;
39, 233, 9, 881, -329, -24, 155, 911, 35;
48, 241, 18, 957, -264, 31, 189, 942, 70;
37, 230, 7, 851, -379, -32, 147, 897, 30;
43, 234, 13, 894, -344, 3, 168, 915, 53;
44, 235, 15, 904, -342, 16, 174, 918, 61;
44, 234, 15, 892, -360, 16, 172, 914, 61;
35, 225, 7, 807, -452, -32, 139, 879, 30;
37, 226, 10, 816, -448, -18, 146, 883, 39;
37, 226, 11, 812, -457, -11, 147, 883, 43;
41, 229, 15, 841, -431, 16, 162, 896, 61;
37, 225, 12, 794, -482, -5, 146, 878, 47;
34, 222, 9, 758, -519, -19, 134, 865, 38;
38, 225, 14, 787, -492, 9, 150, 879, 56;
38, 224, 14, 774, -505, 11, 148, 877, 57;
37, 223, 14, 759, -520, 11, 145, 873, 58;
36, 222, 14, 738, -540, 8, 140, 867, 56;
38, 224, 17, 753, -523, 30, 150, 877, 69;
28, 215, 8, 652, -621, -25, 112, 838, 34;
27, 213, 8, 632, -638, -27, 108, 834, 34;
35, 221, 17, 697, -568, 28, 139, 865, 68;
31, 218, 14, 650, -610, 9, 124, 850, 56;
28, 214, 11, 603, -652, -9, 109, 835, 45;
30, 216, 14, 612, -636, 9, 117, 844, 56;
24, 211, 10, 550, -691, -18, 96, 823, 39;
25, 212, 12, 548, -684, -6, 100, 828, 47;
28, 215, 16, 565, -658, 18, 111, 840, 62;
24, 211, 12, 512, -701, -2, 94, 825, 49;
21, 209, 11, 477, -725, -11, 85, 816, 43;
24, 212, 15, 493, -698, 13, 96, 829, 59;
16, 204, 7, 403, -776, -32, 64, 798, 30;
18, 207, 10, 408, -758, -14, 71, 807, 42;
16, 205, 9, 377, -776, -20, 63, 801, 38;
18, 207, 12, 381, -757, -2, 70, 811, 49;
16, 207, 12, 358, -765, -2, 66, 808, 49;
18, 209, 14, 356, -751, 11, 70, 815, 58;
15, 207, 13, 322, -769, 4, 61, 809, 53;
10, 202, 9, 256, -818, -24, 39, 790, 36;
16, 209, 16, 303, -753, 23, 64, 818, 65;
10, 204, 11, 233, -804, -7, 41, 797, 46;
13, 208, 15, 245, -774, 16, 51, 811, 61;
4, 200, 8, 154, -845, -27, 19, 782, 33;
10, 207, 15, 194, -784, 14, 41, 808, 60;
5, 203, 11, 136, -821, -7, 22, 793, 46;
8, 207, 15, 150, -786, 17, 34, 808, 62;
1, 201, 10, 70, -843, -18, 6, 785, 39;
0, 200, 9, 39, -851, -22, 0, 782, 36;
3, 204, 13, 55, -812, 4, 11, 798, 53;
1, 204, 13, 31, -813, 4, 7, 798, 53;
-4, 199, 8, -41, -861, -27, -17, 778, 33;
0, 205, 14, -11, -806, 8, 0, 801, 56;
-3, 203, 12, -58, -828, -6, -13, 792, 47;
0, 208, 17, -35, -779, 25, 2, 812, 66;
-6, 202, 11, -115, -832, -11, -25, 790, 43;
-10, 199, 7, -171, -860, -31, -42, 777, 31;
-7, 204, 12, -153, -815, -3, -29, 796, 48;
-12, 200, 8, -210, -845, -25, -48, 783, 34;
-7, 207, 14, -179, -785, 11, -29, 807, 58;
-7, 208, 16, -191, -770, 19, -29, 813, 62;
-7, 210, 17, -201, -750, 28, -27, 820, 68;
-7, 211, 17, -222, -742, 30, -30, 822, 70;
-14, 206, 12, -293, -783, 0, -55, 804, 50;
-10, 211, 17, -276, -737, 25, -42, 823, 67;
-20, 203, 8, -378, -809, -26, -79, 792, 34;
-19, 205, 10, -383, -783, -14, -76, 801, 42;
-22, 204, 8, -425, -794, -26, -88, 795, 34;
-19, 209, 13, -405, -743, 1, -75, 815, 51;
-15, 214, 17, -383, -691, 30, -61, 835, 70;
-25, 205, 8, -492, -768, -27, -101, 802, 34;
-21, 211, 14, -461, -706, 7, -83, 826, 55;
-23, 211, 12, -496, -708, 0, -92, 823, 50;
-21, 214, 16, -488, -669, 18, -84, 838, 62;
-24, 213, 14, -525, -674, 7, -95, 834, 55;
-26, 213, 13, -552, -669, 3, -101, 834, 53;
-24, 216, 15, -552, -637, 17, -97, 845, 61;
-25, 217, 15, -570, -623, 18, -100, 849, 62;
-26, 218, 15, -593, -614, 16, -105, 851, 60;
-25, 221, 17, -593, -582, 28, -100, 862, 68;
-27, 220, 16, -621, -577, 22, -108, 861, 64;
-27, 223, 18, -625, -549, 32, -105, 871, 70;
-36, 215, 9, -722, -614, -21, -142, 841, 37;
-32, 221, 14, -696, -556, 7, -127, 863, 55;
-36, 219, 11, -741, -569, -10, -141, 855, 44;
-32, 224, 15, -715, -511, 17, -127, 877, 61;
-39, 220, 10, -784, -548, -17, -152, 859, 40;
-35, 225, 14, -761, -494, 8, -139, 879, 56;
-36, 226, 14, -773, -475, 9, -140, 884, 57;
-38, 225, 12, -808, -478, -3, -152, 879, 48;
-34, 232, 17, -771, -411, 30, -133, 905, 69;
-39, 228, 13, -826, -435, 2, -153, 892, 52;
-40, 228, 12, -849, -427, -3, -159, 892, 48;
-42, 229, 11, -868, -416, -8, -164, 894, 45;
-46, 226, 8, -915, -433, -31, -181, 884, 31;
-41, 233, 13, -877, -365, 1, -163, 909, 51;
-38, 238, 17, -851, -310, 25, -150, 929, 66;
-44, 234, 11, -912, -342, -7, -172, 912, 46;
-44, 235, 12, -917, -319, -5, -172, 919, 47;
-39, 242, 17, -878, -251, 27, -154, 944, 67;
-41, 242, 16, -898, -243, 19, -161, 944, 62;
-42, 242, 15, -916, -234, 12, -166, 944, 58;
-42, 243, 15, -919, -210, 15, -166, 951, 60;
-44, 243, 13, -944, -208, 3, -174, 949, 53;
-45, 243, 12, -957, -195, 0, -178, 951, 50;
-41, 249, 17, -919, -131, 27, -161, 974, 68;
-51, 241, 7, -1014, -201, -32, -200, 941, 31;
-45, 248, 13, -962, -124, 5, -177, 970, 54;
-48, 247, 11, -992, -131, -12, -189, 964, 43;
-47, 250, 12, -981, -97, -3, -184, 975, 49;
-41, 256, 18, -931, -23, 32, -162, 1002, 71;
-42, 257, 17, -939, -8, 28, -165, 1004, 68;
-45, 255, 14, -972, -20, 7, -178, 996, 55;
-45, 257, 14, -967, 5, 10, -176, 1003, 57;
-47, 256, 12, -986, 7, -1, -184, 1001, 49;
-42, 262, 17, -941, 72, 27, -166, 1024, 68;
-49, 257, 10, -1002, 30, -14, -191, 1003, 42;
-46, 261, 13, -973, 78, 4, -180, 1020, 53;
-45, 263, 14, -964, 104, 8, -177, 1028, 56;
-51, 259, 8, -1017, 70, -28, -199, 1010, 33;
-45, 265, 14, -960, 142, 6, -177, 1037, 54;
-46, 265, 12, -972, 147, -4, -182, 1035, 48;
-49, 264, 9, -990, 144, -19, -191, 1031, 38;
-46, 267, 11, -965, 183, -6, -182, 1043, 46;
-47, 268, 11, -965, 198, -10, -183, 1046, 44;
-43, 273, 14, -926, 249, 10, -169, 1064, 57;
-42, 274, 15, -913, 275, 14, -165, 1072, 59;
-47, 270, 10, -955, 244, -18, -184, 1056, 39;
-45, 273, 11, -935, 275, -11, -178, 1065, 44;
-39, 279, 16, -876, 344, 22, -155, 1091, 64;
-43, 276, 12, -907, 323, -4, -170, 1079, 48;
-41, 279, 14, -879, 359, 6, -161, 1090, 55;
-38, 283, 16, -848, 398, 20, -151, 1104, 63;
-40, 282, 14, -854, 398, 8, -156, 1101, 56;
-36, 287, 17, -809, 450, 30, -140, 1119, 70;
-36, 286, 16, -810, 454, 21, -143, 1118, 64;
-37, 286, 15, -807, 462, 15, -145, 1118, 60;
-40, 284, 11, -830, 442, -9, -158, 1107, 45;
-39, 285, 12, -809, 467, -4, -152, 1115, 48;
-33, 291, 17, -747, 530, 27, -130, 1138, 67;
-36, 288, 13, -771, 507, 0, -143, 1126, 51;
-31, 294, 17, -712, 567, 30, -122, 1148, 69;
-31, 295, 17, -700, 579, 27, -121, 1151, 68;
-39, 287, 8, -767, 511, -28, -152, 1120, 33;
-29, 297, 17, -664, 612, 29, -113, 1159, 69;
-29, 296, 16, -660, 614, 20, -116, 1157, 63;
-28, 297, 16, -642, 628, 20, -112, 1161, 63;
-35, 291, 9, -690, 576, -23, -136, 1137, 36;
-35, 291, 8, -681, 579, -30, -137, 1136, 32;
-33, 292, 8, -657, 598, -26, -131, 1142, 34;
-32, 293, 9, -635, 613, -24, -126, 1146, 35;
-23, 302, 17, -538, 702, 26, -91, 1181, 67;
-26, 299, 13, -556, 676, 0, -103, 1168, 51;
-24, 301, 14, -521, 702, 10, -93, 1177, 57;
-27, 298, 10, -540, 673, -15, -106, 1163, 41;
-21, 304, 15, -471, 731, 15, -82, 1185, 60;
-23, 301, 12, -482, 709, -5, -91, 1175, 47;
-20, 303, 13, -445, 734, 4, -81, 1183, 53;
-19, 304, 14, -418, 749, 7, -75, 1188, 55;
-22, 300, 9, -439, 713, -21, -89, 1172, 37;
-14, 308, 16, -351, 787, 22, -57, 1201, 64;
-19, 302, 10, -381, 742, -13, -75, 1181, 42;
-21, 300, 7, -387, 720, -32, -83, 1171, 30;
-10, 310, 17, -274, 817, 27, -41, 1210, 68;
-13, 306, 13, -290, 784, 0, -53, 1195, 51;
-11, 308, 14, -253, 803, 9, -43, 1202, 57;
-10, 308, 14, -231, 807, 8, -40, 1202, 56;
-11, 306, 12, -230, 789, -6, -45, 1194, 47;
-12, 304, 10, -223, 776, -18, -47, 1188, 39;
-11, 304, 9, -205, 773, -22, -45, 1186, 37;
-7, 307, 12, -149, 808, -1, -28, 1200, 50;
-4, 309, 14, -108, 827, 9, -16, 1208, 56;
-7, 305, 10, -126, 787, -18, -29, 1191, 39;
-2, 309, 13, -66, 825, 5, -10, 1206, 54;
-3, 307, 11, -61, 806, -8, -14, 1198, 45;
-2, 307, 11, -38, 805, -9, -10, 1198, 45;
3, 311, 16, 30, 849, 20, 12, 1216, 63;
-3, 304, 8, -18, 776, -28, -13, 1185, 33;
3, 310, 14, 63, 832, 9, 14, 1209, 56;
0, 304, 8, 32, 775, -27, -3, 1185, 33;
4, 307, 12, 94, 811, -2, 16, 1201, 49;
1, 303, 8, 82, 772, -27, 6, 1185, 34;
9, 310, 15, 172, 834, 16, 37, 1211, 61;
7, 307, 12, 169, 804, -1, 30, 1199, 49;
8, 306, 11, 185, 792, -7, 32, 1195, 46;
5, 302, 7, 171, 750, -32, 20, 1178, 30;
7, 302, 8, 201, 750, -28, 27, 1179, 33;
9, 303, 9, 236, 756, -21, 36, 1182, 37;
11, 304, 11, 273, 763, -12, 46, 1186, 43;
14, 305, 12, 310, 770, -3, 56, 1190, 48;
21, 310, 18, 388, 818, 32, 83, 1211, 71;
21, 309, 17, 399, 799, 25, 83, 1205, 66;
15, 301, 9, 354, 723, -20, 59, 1175, 38;
17, 301, 11, 388, 726, -12, 68, 1177, 43;
20, 303, 13, 431, 738, 1, 80, 1184, 51;
23, 305, 15, 473, 749, 14, 93, 1190, 59;
21, 301, 11, 462, 707, -7, 83, 1174, 46;
22, 299, 11, 480, 693, -9, 86, 1169, 44;
24, 300, 12, 510, 691, -3, 93, 1171, 48;
30, 305, 18, 585, 734, 32, 120, 1190, 70;
24, 296, 10, 533, 650, -16, 94, 1157, 40;
30, 301, 15, 601, 686, 15, 117, 1174, 60;
30, 300, 15, 618, 671, 13, 120, 1170, 59;
34, 302, 18, 663, 684, 30, 134, 1177, 70;
29, 295, 12, 630, 619, -3, 116, 1153, 48;
31, 295, 13, 657, 614, 1, 123, 1153, 52;
30, 292, 11, 658, 583, -9, 119, 1142, 45;
33, 294, 13, 698, 590, 4, 131, 1147, 53;
36, 294, 15, 729, 589, 13, 140, 1150, 59;
34, 291, 12, 723, 551, -1, 134, 1136, 50;
33, 288, 10, 718, 515, -15, 128, 1124, 41;
34, 288, 11, 743, 508, -9, 135, 1124, 45;
38, 290, 14, 791, 524, 12, 151, 1133, 58;
37, 287, 12, 786, 488, -1, 146, 1121, 50;
42, 290, 16, 837, 507, 22, 164, 1132, 65;
40, 286, 14, 827, 466, 6, 156, 1117, 55;
42, 287, 15, 857, 466, 18, 166, 1120, 62;
42, 285, 15, 867, 445, 15, 167, 1114, 60;
38, 279, 10, 833, 381, -14, 150, 1091, 41;
45, 284, 16, 902, 420, 23, 176, 1110, 65;
42, 280, 13, 881, 370, 1, 165, 1092, 52;
44, 280, 14, 907, 366, 11, 173, 1094, 58;
41, 275, 11, 885, 315, -9, 161, 1076, 44;
48, 280, 17, 952, 353, 28, 187, 1095, 68;
40, 271, 9, 882, 255, -24, 156, 1057, 35;
45, 274, 13, 933, 278, 4, 175, 1070, 53;
49, 276, 17, 975, 293, 26, 191, 1079, 67;
46, 272, 14, 957, 247, 9, 181, 1064, 56;
46, 271, 14, 959, 223, 6, 181, 1057, 54;
44, 268, 12, 948, 186, -4, 175, 1045, 47;
48, 270, 15, 985, 197, 15, 189, 1053, 60;
50, 270, 17, 1006, 193, 26, 196, 1054, 67;
43, 261, 9, 938, 101, -21, 167, 1019, 37;
41, 258, 8, 928, 66, -30, 162, 1009, 31;
48, 264, 15, 995, 110, 12, 189, 1030, 58;
50, 264, 16, 1011, 103, 21, 195, 1031, 64;
52, 264, 18, 1030, 100, 32, 203, 1032, 71;
42, 253, 8, 937, -14, -30, 164, 989, 32;
46, 256, 12, 975, 2, -5, 180, 999, 47;
44, 252, 10, 956, -37, -17, 172, 986, 39;
45, 253, 11, 970, -43, -8, 178, 987, 45;
51, 257, 17, 1024, -8, 28, 200, 1004, 68;
46, 251, 12, 975, -76, -2, 181, 980, 49;
47, 250, 13, 981, -88, 2, 183, 978, 52;
49, 251, 15, 999, -87, 16, 192, 982, 61;
51, 253, 18, 1018, -85, 32, 201, 986, 70;
41, 241, 8, 919, -200, -31, 160, 942, 31;
43, 243, 10, 940, -194, -13, 170, 948, 42;
42, 240, 9, 920, -228, -23, 163, 937, 36;
46, 243, 13, 956, -206, 4, 180, 949, 53;
43, 239, 11, 927, -249, -10, 169, 935, 44;
44, 240, 13, 935, -253, 0, 174, 936, 50;
46, 241, 15, 947, -252, 13, 181, 940, 59;
41, 235, 10, 894, -316, -16, 161, 917, 40;
44, 237, 13, 918, -303, 5, 173, 925, 54;
40, 232, 10, 875, -355, -16, 157, 907, 40;
41, 232, 11, 878, -360, -7, 161, 908, 46;
42, 233, 13, 882, -364, 2, 165, 909, 52;
36, 226, 8, 821, -432, -31, 142, 884, 31;
40, 230, 12, 854, -405, -1, 158, 898, 50;
35, 224, 8, 798, -466, -30, 138, 876, 32;
40, 229, 14, 840, -429, 6, 158, 894, 54;
36, 224, 10, 789, -484, -18, 140, 875, 39;
39, 227, 14, 813, -463, 6, 154, 886, 55;
42, 230, 18, 834, -443, 30, 166, 897, 70;
39, 226, 15, 796, -482, 15, 154, 883, 60;
40, 226, 16, 794, -485, 24, 156, 885, 66;
36, 223, 14, 753, -526, 8, 143, 871, 55;
32, 218, 10, 700, -578, -16, 125, 852, 40;
32, 218, 11, 690, -586, -11, 124, 851, 43;
32, 219, 12, 689, -584, -1, 128, 854, 50;
32, 218, 13, 677, -593, 2, 127, 853, 52;
26, 212, 7, 606, -659, -32, 102, 827, 30;
25, 211, 7, 587, -673, -32, 98, 824, 30;
33, 219, 16, 652, -603, 23, 129, 855, 65;
26, 212, 10, 578, -670, -13, 103, 829, 42;
28, 215, 13, 586, -654, 5, 111, 838, 54;
28, 215, 14, 575, -657, 11, 111, 839, 58;
25, 212, 12, 534, -689, -1, 99, 828, 49;
22, 209, 10, 492, -721, -15, 86, 816, 41;
20, 208, 9, 465, -737, -19, 80, 811, 38;
19, 207, 9, 440, -751, -22, 74, 807, 37;
20, 209, 12, 444, -736, -5, 80, 815, 47;
25, 214, 17, 473, -693, 29, 98, 834, 69;
24, 213, 17, 452, -701, 29, 94, 832, 69;
20, 210, 15, 408, -731, 15, 81, 822, 60;
12, 202, 8, 315, -808, -30, 48, 791, 31;
21, 212, 18, 387, -720, 32, 83, 828, 71;
10, 202, 8, 276, -815, -26, 42, 790, 34;
10, 202, 9, 258, -816, -22, 40, 791, 37;
9, 202, 9, 238, -818, -20, 37, 791, 38;
16, 210, 17, 289, -748, 30, 64, 821, 69;
10, 205, 12, 219, -799, 0, 40, 801, 50;
6, 202, 10, 170, -829, -17, 25, 789, 40;
12, 209, 17, 212, -767, 26, 48, 815, 67;
2, 200, 8, 108, -849, -26, 11, 782, 34;
1, 199, 8, 78, -858, -30, 4, 779, 32;
6, 205, 14, 113, -800, 9, 24, 803, 57;
7, 208, 17, 113, -777, 26, 30, 813, 67;
2, 204, 13, 51, -817, 1, 9, 797, 51;
-1, 201, 10, -2, -846, -18, -6, 784, 39;
2, 206, 15, 21, -797, 14, 9, 805, 60;
0, 205, 14, -12, -807, 7, 0, 801, 55;
0, 206, 15, -23, -793, 16, 1, 806, 61;
1, 209, 18, -26, -770, 31, 5, 816, 70;
-3, 205, 13, -90, -807, 5, -15, 800, 54;
-9, 201, 9, -154, -844, -20, -35, 784, 37;
-5, 206, 14, -135, -798, 8, -22, 803, 55;
-4, 208, 16, -135, -770, 24, -16, 814, 66;
-13, 200, 8, -238, -845, -27, -54, 782, 33;
-12, 203, 11, -239, -817, -12, -48, 793, 43;
-15, 201, 8, -284, -833, -26, -62, 786, 34;
-15, 203, 10, -290, -810, -14, -59, 794, 41;
-16, 203, 10, -319, -809, -18, -65, 794, 39;
-11, 210, 16, -282, -742, 22, -45, 820, 64;
-12, 211, 17, -300, -730, 25, -47, 824, 67;
-13, 212, 17, -321, -721, 26, -50, 827, 67;
-13, 212, 17, -341, -710, 29, -53, 830, 69;
-15, 213, 17, -367, -706, 26, -59, 830, 67;
-21, 208, 11, -440, -747, -6, -84, 812, 46;
-26, 205, 8, -497, -772, -30, -102, 800, 32;
-21, 211, 14, -462, -706, 7, -83, 826, 55;
-19, 215, 17, -452, -665, 28, -74, 841, 68;
-24, 212, 13, -511, -692, 3, -94, 828, 53;
-26, 211, 12, -545, -694, -5, -103, 825, 47;
-28, 211, 11, -576, -693, -12, -111, 824, 43;
-23, 218, 17, -540, -625, 25, -92, 850, 66;
-27, 216, 14, -586, -639, 7, -106, 842, 55;
-27, 217, 14, -600, -620, 11, -107, 848, 58;
-33, 213, 9, -667, -655, -20, -131, 831, 38;
-26, 222, 17, -609, -565, 30, -103, 866, 69;
-27, 222, 17, -629, -553, 29, -107, 869, 69;
-32, 219, 13, -688, -580, 1, -127, 856, 52;
-33, 220, 13, -708, -568, 0, -132, 858, 50;
-30, 225, 17, -686, -514, 25, -119, 878, 67;
-33, 223, 14, -725, -521, 10, -131, 872, 57;
-35, 223, 13, -753, -518, 2, -139, 871, 52;
-33, 227, 16, -744, -478, 18, -132, 885, 62;
-40, 222, 10, -815, -517, -17, -158, 866, 39;
-41, 222, 9, -835, -506, -21, -163, 868, 37;
-35, 230, 16, -784, -423, 21, -138, 900, 64;
-44, 223, 8, -873, -481, -28, -172, 873, 33;
-42, 227, 10, -866, -445, -15, -167, 885, 41;
-36, 235, 17, -813, -361, 28, -141, 917, 68;
-44, 228, 9, -899, -417, -20, -174, 891, 38;
-37, 237, 17, -839, -327, 26, -147, 925, 67;
-45, 230, 9, -919, -378, -19, -178, 900, 38;
-39, 239, 16, -863, -293, 24, -152, 932, 66;
-44, 235, 11, -922, -323, -8, -174, 917, 45;
-43, 238, 13, -912, -285, 4, -168, 930, 53;
-41, 241, 15, -902, -247, 16, -162, 942, 61;
-41, 243, 16, -900, -218, 23, -160, 951, 65;
-49, 237, 8, -983, -273, -26, -192, 925, 34;
-50, 238, 8, -993, -257, -29, -195, 928, 32;
-41, 248, 17, -914, -152, 27, -161, 968, 68;
-48, 242, 10, -984, -196, -15, -188, 947, 41;
-42, 250, 16, -929, -117, 24, -165, 976, 66;
-49, 244, 9, -1003, -166, -22, -194, 953, 37;
-42, 252, 16, -939, -77, 23, -167, 986, 65;
-45, 251, 13, -969, -84, 5, -178, 980, 54;
-49, 249, 10, -1003, -95, -15, -192, 972, 41;
-49, 250, 10, -1009, -79, -18, -194, 975, 39;
-45, 255, 14, -969, -17, 9, -177, 998, 56;
-41, 260, 18, -935, 38, 32, -163, 1017, 71;
-48, 256, 12, -993, 0, -6, -187, 998, 46;
-44, 261, 15, -956, 57, 17, -172, 1018, 61;
-49, 257, 10, -1003, 30, -14, -192, 1003, 42;
-46, 261, 13, -971, 80, 5, -179, 1021, 54;
-46, 262, 12, -977, 91, 0, -182, 1022, 50;
-46, 264, 13, -970, 116, 2, -180, 1029, 52;
-44, 266, 14, -956, 147, 9, -175, 1039, 56;
-41, 270, 17, -922, 197, 29, -162, 1056, 69;
-44, 269, 14, -945, 189, 10, -172, 1049, 57;
-40, 273, 17, -909, 240, 30, -159, 1067, 70;
-48, 267, 10, -977, 185, -18, -188, 1041, 39;
-41, 275, 16, -906, 270, 24, -160, 1073, 66;
-47, 269, 10, -960, 228, -16, -184, 1052, 40;
-39, 278, 17, -881, 318, 30, -153, 1086, 70;
-47, 271, 9, -955, 256, -24, -186, 1057, 36;
-45, 274, 11, -924, 297, -9, -175, 1071, 45;
-47, 272, 8, -945, 284, -30, -186, 1063, 32;
-38, 282, 17, -849, 389, 26, -149, 1103, 67;
-43, 278, 11, -891, 355, -7, -168, 1086, 46;
-42, 280, 12, -876, 377, -5, -165, 1092, 47;
-36, 286, 17, -818, 441, 24, -144, 1115, 66;
-39, 284, 13, -835, 429, 5, -154, 1108, 54;
-41, 282, 10, -851, 418, -13, -163, 1100, 42;
-36, 288, 15, -790, 483, 17, -141, 1124, 62;
-35, 289, 15, -777, 498, 16, -139, 1128, 61;
-42, 283, 8, -831, 447, -28, -164, 1104, 33;
-35, 290, 14, -757, 522, 10, -137, 1132, 57;
-39, 286, 9, -791, 488, -22, -155, 1116, 37;
-32, 293, 16, -714, 565, 18, -126, 1145, 62;
-34, 292, 13, -719, 559, 3, -132, 1140, 53;
-36, 289, 10, -733, 543, -16, -142, 1130, 40;
-28, 297, 17, -652, 622, 26, -112, 1161, 67;
-35, 291, 10, -702, 568, -19, -137, 1136, 39;
-27, 298, 16, -621, 644, 22, -108, 1165, 64;
-34, 292, 9, -670, 591, -22, -132, 1141, 36;
-33, 293, 8, -655, 599, -25, -131, 1142, 34;
-26, 299, 14, -582, 666, 10, -105, 1168, 57;
-30, 295, 9, -609, 631, -20, -120, 1152, 38;
-27, 298, 11, -569, 663, -7, -108, 1163, 46;
-23, 302, 15, -513, 710, 16, -90, 1180, 61;
-29, 295, 7, -565, 648, -32, -116, 1153, 30;
-28, 296, 8, -542, 661, -31, -111, 1156, 31;
-21, 303, 13, -465, 726, 5, -85, 1181, 54;
-26, 297, 8, -498, 681, -31, -103, 1161, 31;
-15, 307, 17, -386, 780, 28, -62, 1201, 68;
-18, 305, 14, -397, 756, 6, -71, 1189, 55;
-13, 309, 18, -335, 803, 32, -51, 1207, 71;
-15, 307, 15, -340, 783, 14, -58, 1198, 59;
-21, 300, 8, -385, 723, -30, -82, 1172, 31;
-13, 307, 14, -298, 793, 11, -51, 1200, 58;
-19, 301, 7, -340, 734, -31, -74, 1174, 31;
-15, 303, 10, -295, 761, -18, -61, 1184, 39;
-11, 307, 13, -238, 800, 4, -43, 1200, 53;
-8, 309, 14, -204, 814, 10, -34, 1205, 57;
-6, 310, 15, -169, 830, 18, -25, 1211, 62;
-5, 310, 15, -144, 834, 18, -20, 1212, 62;
-3, 311, 16, -118, 839, 19, -15, 1213, 63;
-7, 307, 11, -134, 802, -7, -27, 1197, 46;
-5, 307, 12, -104, 809, -4, -20, 1200, 48;
0, 311, 16, -44, 846, 19, -1, 1215, 63;
-7, 303, 8, -96, 771, -31, -28, 1184, 31;
-4, 304, 9, -60, 783, -23, -19, 1188, 36;
-4, 304, 8, -39, 780, -26, -16, 1187, 34;
0, 307, 11, 14, 809, -6, 0, 1199, 46;
2, 308, 12, 48, 817, 0, 8, 1203, 50;
2, 307, 12, 65, 808, -5, 10, 1199, 47;
3, 307, 11, 86, 803, -7, 13, 1197, 46;
5, 307, 12, 118, 808, -3, 21, 1200, 49;
7, 308, 13, 154, 817, 4, 30, 1204, 53;
8, 308, 13, 173, 808, 0, 32, 1201, 51;
8, 306, 11, 185, 792, -7, 32, 1195, 46;
10, 307, 13, 222, 800, 1, 41, 1199, 51;
13, 308, 15, 262, 812, 12, 53, 1205, 58;
14, 308, 14, 285, 806, 11, 57, 1203, 58;
10, 302, 9, 257, 748, -23, 40, 1180, 36;
10, 301, 8, 271, 731, -29, 40, 1174, 32;
13, 302, 10, 311, 742, -18, 51, 1180, 39;
13, 301, 9, 327, 727, -23, 53, 1175, 36;
20, 306, 14, 400, 769, 10, 78, 1194, 57;
14, 299, 8, 363, 702, -29, 57, 1167, 32;
15, 298, 8, 384, 691, -30, 61, 1164, 32;
18, 299, 10, 425, 701, -17, 73, 1169, 39;
18, 298, 8, 435, 679, -25, 72, 1162, 34;
25, 303, 14, 510, 723, 9, 98, 1182, 57;
29, 306, 18, 564, 745, 32, 116, 1193, 70;
28, 302, 15, 560, 709, 15, 109, 1180, 60;
23, 296, 9, 529, 646, -19, 92, 1155, 38;
30, 301, 16, 606, 691, 18, 119, 1176, 62;
23, 293, 8, 553, 606, -29, 93, 1143, 32;
34, 301, 17, 662, 682, 29, 133, 1177, 69;
27, 293, 9, 606, 595, -19, 106, 1143, 38;
26, 290, 8, 608, 564, -31, 102, 1132, 31;
37, 299, 17, 718, 643, 30, 144, 1167, 69;
36, 296, 16, 719, 611, 18, 140, 1156, 62;
32, 290, 11, 691, 551, -11, 124, 1134, 43;
35, 292, 13, 732, 560, 4, 138, 1140, 53;
38, 293, 15, 768, 564, 17, 149, 1144, 62;
38, 291, 15, 776, 541, 12, 149, 1137, 58;
32, 284, 8, 730, 463, -28, 126, 1108, 33;
34, 284, 9, 756, 458, -21, 133, 1108, 37;
39, 287, 14, 815, 486, 8, 155, 1122, 56;
37, 283, 11, 797, 437, -12, 144, 1105, 43;
39, 284, 13, 830, 438, 0, 154, 1109, 50;
35, 278, 8, 797, 375, -30, 138, 1085, 32;
37, 278, 9, 820, 368, -23, 145, 1085, 36;
39, 278, 10, 847, 365, -13, 153, 1087, 42;
46, 284, 17, 918, 407, 26, 180, 1107, 67;
39, 275, 9, 858, 317, -20, 153, 1073, 38;
39, 273, 9, 865, 295, -23, 153, 1067, 36;
38, 271, 7, 861, 262, -32, 149, 1057, 30;
47, 278, 16, 954, 327, 23, 186, 1087, 65;
46, 275, 15, 946, 291, 12, 180, 1075, 58;
45, 273, 13, 941, 259, 4, 177, 1065, 53;
41, 267, 9, 906, 197, -23, 161, 1043, 36;
41, 265, 8, 910, 174, -26, 160, 1036, 34;
46, 269, 13, 962, 200, 4, 181, 1051, 53;
47, 268, 14, 974, 187, 8, 184, 1048, 56;
45, 265, 11, 955, 143, -7, 175, 1033, 46;
51, 269, 17, 1014, 177, 29, 199, 1051, 69;
44, 261, 11, 955, 93, -12, 173, 1020, 43;
51, 267, 18, 1025, 140, 32, 202, 1042, 70;
48, 262, 14, 992, 84, 8, 187, 1023, 56;
46, 259, 12, 980, 50, 0, 182, 1012, 50;
46, 257, 12, 979, 27, -2, 181, 1006, 49;
43, 253, 9, 952, -20, -20, 170, 989, 38;
51, 260, 17, 1027, 33, 29, 201, 1015, 69;
49, 257, 15, 1009, -4, 17, 194, 1003, 62;
51, 257, 17, 1023, -10, 27, 200, 1004, 68;
41, 246, 8, 933, -117, -30, 163, 963, 31;
47, 251, 14, 987, -81, 7, 186, 981, 55;
42, 245, 9, 937, -150, -24, 166, 956, 35;
45, 246, 11, 960, -143, -6, 176, 962, 46;
47, 248, 14, 979, -140, 8, 185, 967, 56;
51, 250, 18, 1009, -125, 32, 199, 976, 70;
50, 248, 17, 998, -151, 28, 195, 969, 68;
47, 245, 15, 973, -190, 15, 186, 956, 60;
42, 238, 10, 914, -262, -18, 164, 930, 39;
46, 242, 15, 956, -232, 13, 183, 945, 59;
48, 243, 17, 968, -231, 27, 190, 949, 68;
43, 237, 13, 918, -292, 0, 171, 927, 50;
48, 241, 18, 957, -263, 31, 189, 942, 70;
43, 236, 13, 908, -321, 5, 171, 921, 54;
42, 234, 13, 893, -345, 2, 167, 914, 52;
43, 234, 14, 891, -355, 8, 169, 913, 56;
44, 235, 16, 898, -355, 20, 174, 916, 63;
42, 231, 14, 866, -393, 7, 164, 903, 55;
40, 229, 13, 847, -417, 2, 158, 896, 52;
34, 223, 8, 784, -485, -30, 135, 871, 31;
34, 222, 8, 773, -499, -28, 134, 868, 33;
34, 221, 8, 761, -514, -27, 132, 865, 33;
41, 228, 16, 821, -456, 22, 160, 891, 64;
39, 226, 15, 797, -482, 15, 154, 883, 60;
41, 228, 18, 806, -473, 32, 161, 890, 71;
36, 223, 14, 755, -524, 9, 144, 871, 56;
33, 220, 12, 718, -560, -4, 132, 859, 48;
34, 220, 13, 710, -566, 1, 132, 859, 51;
29, 215, 9, 658, -615, -21, 115, 841, 37;
35, 221, 16, 702, -568, 19, 137, 863, 63;
36, 222, 18, 702, -564, 31, 141, 867, 70;
32, 218, 15, 655, -605, 12, 126, 852, 58;
26, 212, 9, 584, -670, -21, 101, 827, 37;
31, 217, 15, 624, -624, 17, 122, 849, 62;
25, 212, 11, 561, -679, -10, 101, 828, 44;
27, 214, 13, 566, -666, 5, 107, 835, 54;
26, 213, 13, 543, -680, 3, 102, 831, 53;
24, 211, 13, 515, -698, 0, 96, 826, 50;
23, 211, 13, 496, -706, 0, 93, 824, 51;
23, 211, 13, 480, -711, 4, 91, 824, 53;
17, 206, 9, 417, -762, -23, 69, 804, 36;
24, 213, 16, 466, -700, 24, 95, 831, 66;
17, 207, 11, 391, -761, -10, 69, 807, 44;
13, 203, 7, 336, -802, -32, 51, 792, 30;
17, 208, 13, 366, -758, 2, 69, 812, 52;
15, 207, 12, 336, -771, -1, 62, 807, 49;
15, 207, 13, 322, -769, 4, 61, 809, 53;
18, 211, 17, 335, -739, 28, 72, 823, 68;
15, 209, 16, 297, -759, 19, 62, 815, 63;
10, 204, 12, 237, -801, -4, 42, 799, 47;
7, 202, 10, 195, -824, -17, 30, 790, 40;
4, 200, 8, 153, -845, -28, 18, 782, 33;
5, 201, 10, 144, -834, -18, 20, 787, 39;
3, 201, 9, 112, -845, -23, 13, 783, 36;
9, 207, 16, 152, -783, 19, 35, 809, 63;
0, 199, 8, 54, -859, -29, 0, 778, 32;
1, 202, 11, 59, -832, -9, 7, 790, 44;
-1, 200, 9, 16, -851, -21, -4, 782, 37;
-2, 200, 9, -7, -852, -21, -8, 782, 37;
4, 209, 17, 46, -773, 30, 19, 815, 70;
3, 208, 17, 18, -776, 28, 13, 814, 68;
0, 206, 15, -24, -793, 16, 1, 806, 61;
0, 206, 15, -48, -792, 16, -3, 807, 61;
-4, 204, 13, -98, -815, 0, -18, 797, 50;
-4, 205, 14, -109, -799, 8, -17, 803, 56;
-7, 204, 12, -151, -813, -2, -28, 797, 49;
-3, 210, 18, -123, -758, 32, -12, 819, 71;
-7, 206, 14, -181, -788, 9, -30, 806, 56;
-10, 205, 13, -221, -799, 0, -41, 801, 50;
-9, 208, 15, -221, -770, 15, -36, 812, 60;
-15, 203, 10, -289, -809, -13, -58, 795, 42;
-12, 207, 14, -281, -772, 6, -50, 809, 55;
-10, 211, 17, -276, -737, 25, -42, 823, 67;
-19, 203, 9, -374, -804, -23, -77, 793, 36;
-21, 203, 8, -401, -801, -26, -83, 794, 34;
-14, 212, 17, -347, -717, 24, -56, 827, 66;
-17, 211, 15, -385, -723, 14, -66, 823, 60;
-17, 211, 15, -405, -712, 16, -70, 826, 61;
-22, 209, 12, -461, -737, -6, -88, 815, 47;
-21, 211, 13, -465, -710, 5, -84, 824, 54;
-26, 208, 10, -517, -730, -14, -101, 814, 41;
-21, 215, 16, -486, -667, 19, -84, 838, 63;
-20, 217, 17, -492, -641, 29, -81, 847, 69;
-22, 217, 17, -520, -637, 24, -88, 847, 66;
-24, 216, 15, -551, -636, 17, -96, 845, 61;
-26, 216, 14, -581, -634, 10, -104, 844, 57;
-33, 211, 9, -655, -675, -25, -130, 825, 35;
-31, 215, 11, -648, -636, -7, -123, 839, 46;
-34, 214, 10, -682, -639, -18, -133, 836, 39;
-27, 222, 17, -632, -556, 27, -108, 868, 68;
-32, 219, 13, -686, -578, 3, -126, 857, 53;
-36, 217, 10, -736, -596, -18, -143, 846, 39;
-36, 219, 11, -742, -571, -11, -142, 855, 43;
-34, 223, 14, -728, -524, 9, -132, 871, 56;
-32, 227, 17, -720, -484, 25, -125, 885, 66;
-40, 220, 9, -804, -537, -20, -157, 861, 38;
-32, 230, 18, -739, -441, 32, -126, 898, 71;
-38, 226, 13, -800, -471, 1, -148, 883, 51;
-38, 227, 13, -813, -453, 2, -151, 887, 52;
-38, 229, 14, -821, -430, 6, -151, 894, 54;
-38, 231, 14, -825, -404, 11, -150, 902, 58;
-36, 235, 17, -813, -361, 28, -142, 917, 68;
-41, 232, 13, -865, -383, 1, -160, 904, 51;
-38, 236, 16, -848, -336, 20, -151, 921, 63;
-44, 232, 11, -905, -364, -10, -172, 906, 44;
-45, 233, 10, -921, -351, -14, -176, 908, 41;
-45, 234, 11, -928, -329, -12, -177, 915, 43;
-41, 240, 15, -896, -269, 14, -162, 936, 60;
-43, 240, 14, -915, -260, 7, -168, 937, 55;
-47, 237, 10, -956, -274, -14, -183, 928, 42;
-48, 237, 9, -976, -266, -22, -189, 928, 37;
-42, 246, 16, -918, -182, 20, -164, 959, 63;
-46, 243, 12, -962, -200, -4, -181, 949, 48;
-40, 250, 18, -912, -124, 32, -159, 977, 71;
-48, 244, 10, -990, -177, -16, -190, 951, 40;
-43, 250, 16, -942, -105, 18, -169, 978, 62;
-49, 246, 10, -998, -136, -15, -191, 962, 41;
-42, 254, 16, -940, -55, 24, -167, 992, 66;
-48, 249, 11, -998, -90, -12, -190, 974, 43;
-46, 253, 13, -978, -48, 1, -182, 988, 52;
-43, 257, 16, -953, -1, 19, -171, 1004, 63;
-45, 257, 14, -966, 6, 11, -176, 1004, 57;
-46, 257, 13, -975, 18, 5, -180, 1005, 54;
-42, 262, 17, -943, 70, 26, -167, 1023, 67;
-42, 264, 17, -937, 95, 29, -164, 1031, 69;
-48, 259, 11, -993, 58, -9, -188, 1012, 45;
-47, 261, 12, -980, 89, -2, -183, 1021, 49;
-51, 258, 8, -1020, 66, -30, -200, 1008, 31;
-50, 261, 9, -1004, 99, -22, -195, 1019, 36;
-41, 271, 17, -920, 198, 30, -161, 1056, 69;
-41, 271, 17, -921, 213, 26, -162, 1059, 67;
-50, 264, 8, -998, 150, -28, -196, 1030, 33;
-48, 266, 9, -981, 182, -20, -190, 1040, 37;
-42, 273, 15, -918, 257, 15, -165, 1068, 60;
-43, 273, 14, -923, 265, 8, -169, 1068, 56;
-39, 278, 18, -879, 321, 32, -153, 1087, 70;
-47, 271, 9, -956, 254, -24, -186, 1057, 35;
-42, 277, 14, -899, 321, 7, -165, 1081, 55;
-40, 279, 15, -878, 351, 14, -159, 1090, 59;
-39, 281, 15, -863, 375, 17, -155, 1097, 61;
-45, 276, 9, -909, 337, -20, -176, 1078, 38;
-38, 283, 16, -839, 413, 18, -150, 1107, 62;
-36, 286, 17, -812, 447, 29, -141, 1118, 69;
-38, 284, 14, -829, 435, 9, -151, 1110, 56;
-41, 282, 11, -846, 422, -10, -161, 1102, 44;
-37, 287, 14, -800, 472, 10, -145, 1120, 57;
-37, 287, 14, -793, 482, 6, -145, 1121, 54;
-40, 285, 10, -810, 468, -14, -156, 1112, 41;
-38, 287, 11, -784, 495, -7, -148, 1121, 46;
-33, 292, 16, -728, 551, 19, -129, 1142, 63;
-30, 295, 17, -696, 583, 30, -119, 1152, 69;
-39, 287, 8, -766, 512, -27, -152, 1120, 33;
-37, 289, 9, -740, 536, -21, -145, 1128, 37;
-33, 292, 12, -697, 577, -4, -131, 1142, 48;
-27, 299, 17, -628, 642, 29, -107, 1167, 69;
-36, 290, 8, -701, 564, -31, -141, 1132, 31;
-25, 300, 17, -592, 669, 29, -100, 1173, 69;
-26, 299, 15, -590, 665, 18, -103, 1169, 62;
-25, 300, 15, -571, 677, 17, -100, 1172, 62;
-23, 302, 16, -543, 697, 22, -93, 1179, 65;
-28, 297, 11, -574, 658, -10, -110, 1161, 44;
-30, 295, 7, -586, 637, -32, -120, 1150, 30;
-27, 298, 10, -541, 672, -16, -106, 1163, 40;
-28, 296, 8, -540, 663, -29, -111, 1157, 32;
-21, 303, 13, -465, 726, 5, -84, 1182, 54;
-21, 303, 13, -450, 729, 1, -83, 1181, 51;
-16, 307, 17, -389, 777, 26, -63, 1200, 67;
-16, 306, 15, -381, 772, 17, -65, 1196, 61;
-14, 308, 16, -349, 789, 23, -57, 1202, 65;
-12, 309, 17, -319, 804, 28, -49, 1207, 68;
-14, 306, 14, -325, 783, 9, -57, 1197, 56;
-19, 301, 9, -353, 738, -25, -74, 1177, 35;
-18, 302, 8, -330, 743, -25, -70, 1178, 34;
-13, 306, 12, -272, 784, -3, -51, 1194, 49;
-11, 307, 13, -243, 794, 0, -45, 1197, 51;
-12, 305, 11, -238, 780, -12, -48, 1191, 43;
-6, 310, 16, -168, 831, 18, -24, 1211, 62;
-8, 307, 13, -171, 807, 0, -31, 1200, 51;
-3, 311, 16, -114, 844, 22, -13, 1215, 64;
-3, 310, 15, -99, 836, 15, -13, 1212, 60;
-3, 309, 14, -85, 828, 8, -13, 1208, 56;
-4, 307, 11, -86, 804, -8, -19, 1198, 45;
-7, 303, 8, -95, 772, -30, -28, 1184, 31;
2, 312, 16, 8, 853, 22, 9, 1217, 64;
0, 307, 12, -8, 811, -5, -3, 1200, 47;
4, 311, 16, 54, 849, 20, 17, 1216, 63;
0, 306, 11, 30, 799, -12, 1, 1195, 43;
0, 304, 8, 34, 777, -26, -2, 1186, 34;
4, 308, 12, 96, 813, -1, 17, 1202, 50;
1, 303, 8, 80, 770, -28, 5, 1184, 33;
8, 309, 14, 159, 822, 8, 32, 1206, 56;
5, 305, 10, 145, 780, -17, 20, 1189, 39;
11, 309, 15, 217, 824, 14, 45, 1208, 59;
15, 311, 17, 263, 841, 28, 58, 1216, 68;
12, 307, 13, 252, 801, 5, 48, 1200, 54;
10, 304, 11, 249, 769, -12, 42, 1188, 42;
16, 309, 15, 317, 808, 17, 65, 1205, 61;
14, 305, 12, 311, 771, -3, 56, 1191, 49;
12, 301, 9, 305, 736, -22, 49, 1177, 37;
18, 306, 14, 374, 774, 8, 72, 1194, 56;
14, 300, 9, 349, 718, -23, 57, 1172, 36;
18, 303, 12, 400, 739, -4, 73, 1182, 48;
23, 306, 15, 455, 762, 16, 90, 1193, 61;
19, 300, 10, 428, 703, -16, 74, 1171, 41;
20, 300, 11, 454, 699, -12, 80, 1170, 42;
21, 299, 10, 473, 685, -14, 83, 1166, 41;
22, 298, 10, 493, 674, -15, 86, 1163, 41;
23, 298, 11, 518, 668, -12, 92, 1163, 43;
31, 304, 17, 602, 719, 29, 122, 1186, 69;
26, 297, 12, 569, 654, -5, 104, 1161, 47;
29, 298, 13, 605, 658, 5, 114, 1165, 54;
30, 297, 13, 624, 645, 4, 118, 1161, 53;
31, 296, 13, 642, 630, 3, 121, 1157, 53;
27, 292, 9, 623, 579, -20, 109, 1139, 37;
31, 294, 12, 669, 594, -2, 124, 1147, 49;
32, 293, 12, 688, 581, -1, 128, 1144, 50;
38, 296, 17, 747, 608, 26, 148, 1157, 67;
39, 296, 18, 773, 601, 31, 155, 1157, 70;
32, 287, 10, 715, 511, -17, 127, 1122, 39;
32, 285, 8, 719, 484, -25, 125, 1114, 35;
32, 284, 8, 734, 467, -26, 128, 1109, 34;
36, 286, 12, 781, 482, -4, 144, 1118, 48;
34, 283, 9, 770, 441, -21, 136, 1104, 37;
36, 283, 10, 795, 435, -14, 143, 1104, 42;
41, 286, 14, 847, 456, 11, 162, 1116, 58;
43, 286, 16, 875, 453, 21, 170, 1118, 64;
43, 284, 15, 878, 426, 14, 168, 1109, 60;
42, 281, 13, 875, 393, 5, 165, 1099, 54;
37, 275, 8, 836, 324, -28, 146, 1073, 33;
45, 281, 16, 919, 378, 19, 178, 1098, 63;
41, 275, 11, 886, 316, -9, 162, 1076, 45;
44, 277, 13, 917, 318, 4, 172, 1080, 53;
47, 278, 16, 954, 327, 23, 185, 1087, 65;
40, 269, 9, 890, 235, -24, 157, 1052, 35;
47, 275, 16, 965, 283, 20, 187, 1075, 63;
45, 271, 13, 943, 233, 0, 176, 1058, 51;
41, 265, 8, 910, 175, -25, 161, 1037, 34;
45, 268, 12, 949, 187, -4, 175, 1045, 48;
49, 271, 16, 998, 210, 24, 194, 1058, 66;
41, 261, 8, 924, 111, -27, 162, 1020, 33;
50, 268, 17, 1007, 170, 24, 196, 1048, 66;
41, 258, 8, 928, 66, -30, 162, 1008, 31;
48, 264, 14, 993, 109, 11, 189, 1029, 57;
48, 263, 15, 999, 91, 13, 190, 1026, 59;
50, 262, 16, 1011, 81, 19, 195, 1025, 63;
50, 262, 16, 1017, 65, 23, 197, 1022, 65;
42, 252, 8, 937, -36, -30, 164, 983, 31;
46, 254, 12, 976, -17, -4, 180, 994, 47;
42, 250, 8, 941, -72, -27, 166, 975, 33;
50, 257, 16, 1018, -14, 24, 198, 1002, 66;
52, 256, 18, 1028, -23, 32, 202, 1002, 70;
45, 249, 12, 967, -102, -6, 178, 972, 46;
43, 245, 9, 940, -146, -22, 167, 958, 37;
43, 244, 9, 939, -163, -20, 168, 954, 38;
42, 242, 9, 931, -188, -22, 165, 947, 36;
45, 244, 12, 954, -180, -4, 176, 954, 48;
41, 240, 9, 919, -230, -24, 163, 936, 35;
44, 241, 12, 939, -223, -6, 173, 942, 46;
40, 236, 8, 900, -276, -28, 158, 924, 33;
41, 236, 9, 900, -287, -23, 160, 922, 36;
43, 238, 12, 919, -280, -5, 169, 928, 47;
40, 234, 9, 889, -321, -19, 159, 915, 38;
43, 236, 13, 912, -308, 1, 170, 923, 52;
39, 231, 9, 868, -362, -21, 154, 904, 37;
38, 229, 8, 848, -390, -27, 149, 896, 33;
40, 231, 11, 865, -380, -8, 158, 903, 45;
40, 230, 11, 854, -399, -8, 156, 898, 45;
38, 228, 11, 837, -422, -12, 151, 891, 43;
39, 228, 11, 831, -433, -8, 152, 890, 45;
35, 224, 9, 794, -475, -24, 139, 875, 35;
39, 227, 13, 820, -453, 2, 153, 887, 52;
37, 224, 11, 791, -485, -7, 144, 877, 46;
35, 223, 11, 771, -507, -11, 139, 870, 43;
37, 224, 13, 778, -501, 3, 146, 876, 53;
34, 221, 11, 741, -539, -11, 134, 863, 43;
35, 222, 13, 746, -533, 3, 140, 868, 52;
38, 224, 16, 761, -516, 24, 150, 877, 66;
33, 220, 12, 707, -569, 0, 131, 858, 50;
36, 222, 16, 725, -548, 22, 143, 869, 65;
37, 223, 17, 719, -551, 30, 144, 870, 70;
30, 216, 12, 648, -618, -4, 119, 845, 48;
28, 214, 11, 619, -641, -11, 111, 837, 44;
30, 216, 14, 628, -627, 7, 119, 845, 55;
32, 218, 16, 634, -613, 24, 126, 853, 66;
31, 218, 17, 618, -622, 26, 124, 851, 67;
31, 218, 18, 605, -627, 31, 123, 851, 70;
28, 215, 15, 565, -658, 18, 111, 840, 62;
21, 208, 9, 484, -729, -21, 82, 813, 37;
25, 212, 14, 508, -695, 8, 97, 829, 56;
23, 211, 13, 477, -714, 2, 90, 823, 52;
16, 205, 8, 407, -772, -29, 65, 800, 32;
15, 204, 8, 383, -783, -31, 60, 797, 31;
16, 205, 9, 378, -775, -19, 63, 802, 38;
15, 205, 9, 354, -785, -20, 59, 799, 38;
16, 206, 11, 350, -773, -7, 62, 805, 46;
16, 207, 13, 343, -765, 2, 65, 810, 52;
20, 211, 18, 362, -729, 31, 78, 826, 70;
15, 207, 14, 303, -771, 7, 59, 810, 55;
17, 211, 18, 316, -741, 31, 69, 823, 70;
10, 204, 12, 234, -803, -6, 41, 798, 46;
15, 210, 18, 267, -752, 31, 60, 820, 70;
11, 207, 15, 215, -783, 12, 44, 808, 58;
8, 204, 13, 172, -806, 0, 32, 799, 50;
3, 200, 9, 109, -848, -25, 11, 782, 35;
2, 201, 10, 94, -842, -19, 11, 785, 39;
1, 200, 9, 65, -848, -22, 4, 783, 37;
0, 200, 9, 36, -855, -25, -1, 781, 35;
1, 202, 11, 37, -830, -8, 4, 791, 45;
0, 203, 12, 17, -827, -5, 1, 792, 47;
0, 205, 14, 8, -810, 5, 3, 799, 54;
-5, 199, 8, -69, -863, -29, -23, 777, 32;
-5, 201, 10, -77, -846, -18, -20, 784, 39;
-6, 201, 10, -99, -842, -16, -24, 786, 40;
-9, 199, 8, -144, -861, -30, -37, 778, 32;
-2, 208, 16, -87, -777, 23, -8, 812, 65;
-7, 204, 12, -152, -814, -2, -29, 796, 49;
-4, 208, 16, -140, -775, 21, -18, 812, 64;
-5, 209, 17, -159, -765, 24, -21, 815, 66;
-15, 201, 8, -262, -840, -27, -58, 783, 33;
-15, 201, 9, -281, -830, -24, -60, 787, 35;
-8, 210, 17, -226, -746, 28, -32, 821, 68;
-15, 205, 11, -302, -793, -7, -58, 800, 46;
-15, 206, 12, -317, -778, -1, -59, 806, 50;
-20, 203, 9, -375, -806, -24, -78, 793, 35;
-18, 206, 11, -376, -776, -9, -73, 804, 45;
-13, 213, 18, -337, -707, 31, -52, 831, 70;
-17, 210, 14, -390, -729, 11, -69, 821, 57;
-15, 214, 17, -384, -691, 30, -61, 835, 69;
-19, 211, 14, -435, -711, 10, -77, 825, 57;
-24, 208, 10, -494, -738, -13, -96, 812, 42;
-22, 212, 14, -480, -693, 9, -86, 830, 57;
-21, 214, 15, -489, -670, 17, -85, 837, 62;
-21, 216, 17, -497, -646, 26, -83, 845, 67;
-25, 214, 13, -549, -666, 5, -100, 835, 54;
-31, 210, 9, -613, -698, -23, -122, 820, 36;
-27, 215, 14, -588, -641, 6, -107, 841, 54;
-28, 216, 13, -609, -630, 4, -112, 844, 54;
-32, 214, 10, -659, -647, -15, -128, 835, 41;
-26, 222, 18, -607, -563, 31, -102, 867, 70;
-35, 215, 10, -699, -624, -17, -136, 840, 39;
-28, 224, 17, -645, -537, 30, -109, 874, 70;
-31, 222, 15, -685, -545, 15, -122, 868, 60;
-39, 216, 8, -768, -596, -28, -153, 844, 33;
-34, 223, 14, -728, -525, 8, -133, 871, 56;
-34, 224, 14, -743, -507, 9, -135, 876, 57;
-38, 222, 11, -791, -524, -12, -151, 866, 43;
-35, 227, 15, -763, -465, 16, -136, 888, 61;
-36, 228, 14, -785, -456, 11, -142, 889, 57;
-35, 230, 16, -786, -425, 20, -139, 899, 63;
-37, 231, 15, -805, -414, 16, -144, 900, 61;
-37, 232, 15, -817, -395, 17, -146, 905, 61;
-37, 233, 16, -827, -375, 19, -147, 911, 62;
-37, 235, 16, -832, -350, 23, -147, 918, 65;
-40, 234, 14, -865, -354, 8, -158, 914, 56;
-37, 239, 18, -843, -302, 31, -146, 932, 70;
-45, 233, 10, -922, -352, -14, -176, 908, 41;
-45, 234, 10, -929, -331, -13, -177, 914, 42;
-41, 240, 15, -896, -269, 14, -162, 936, 60;
-42, 240, 14, -911, -256, 10, -166, 938, 57;
-45, 239, 12, -944, -262, -6, -178, 933, 47;
-46, 240, 11, -953, -244, -7, -180, 937, 46;
-49, 239, 9, -985, -249, -23, -191, 932, 36;
-42, 247, 16, -926, -164, 19, -166, 963, 63;
-40, 250, 18, -912, -125, 32, -159, 976, 71;
-43, 248, 15, -943, -131, 14, -170, 971, 60;
-44, 250, 15, -950, -113, 13, -172, 975, 59;
-46, 248, 12, -977, -115, -1, -182, 970, 49;
-50, 246, 9, -1011, -126, -22, -196, 962, 36;
-50, 247, 9, -1018, -110, -25, -198, 966, 35;
-48, 251, 11, -997, -67, -10, -189, 980, 44;
-45, 255, 14, -973, -21, 6, -179, 996, 54;
-45, 257, 15, -964, 8, 12, -175, 1005, 58;
-45, 258, 14, -966, 26, 11, -176, 1009, 57;
-50, 255, 10, -1011, 2, -19, -195, 995, 39;
-47, 259, 12, -985, 47, -2, -184, 1011, 49;
-45, 262, 14, -962, 89, 11, -175, 1025, 58;
-42, 266, 17, -937, 132, 26, -165, 1039, 67;
-44, 266, 15, -951, 135, 15, -172, 1037, 60;
-50, 260, 8, -1010, 92, -26, -197, 1016, 34;
-46, 265, 12, -969, 150, -2, -181, 1036, 49;
-48, 264, 10, -985, 149, -15, -189, 1033, 41;
-49, 265, 9, -989, 160, -22, -192, 1034, 37;
-41, 273, 16, -917, 246, 21, -163, 1066, 64;
-42, 274, 15, -916, 260, 17, -164, 1069, 61;
-41, 275, 16, -907, 281, 18, -162, 1074, 62;
-42, 275, 15, -907, 293, 13, -164, 1076, 59;
-44, 274, 12, -923, 287, -2, -173, 1070, 49;
-40, 279, 16, -880, 341, 19, -157, 1089, 63;
-42, 277, 13, -896, 334, 2, -166, 1083, 52;
-38, 283, 17, -848, 390, 27, -148, 1103, 68;
-45, 276, 9, -911, 335, -21, -177, 1078, 37;
-42, 280, 12, -876, 377, -5, -165, 1092, 47;
-41, 281, 12, -859, 400, -2, -161, 1098, 49;
-44, 278, 8, -886, 379, -28, -175, 1087, 33;
-39, 285, 13, -824, 445, 4, -152, 1111, 53;
-35, 288, 16, -788, 485, 19, -140, 1125, 62;
-42, 282, 8, -845, 430, -28, -167, 1100, 33;
-38, 286, 12, -796, 481, -5, -150, 1118, 47;
-40, 285, 10, -802, 477, -19, -156, 1113, 39;
-37, 288, 12, -767, 512, -6, -145, 1125, 46;
-32, 293, 15, -716, 563, 16, -127, 1144, 61;
-38, 288, 9, -759, 519, -22, -149, 1123, 36;
-32, 294, 14, -692, 584, 10, -125, 1147, 57;
-38, 288, 8, -737, 536, -31, -148, 1125, 31;
-29, 297, 15, -649, 621, 15, -115, 1158, 60;
-27, 299, 17, -618, 648, 24, -106, 1167, 66;
-33, 293, 10, -661, 599, -16, -129, 1144, 40;
-26, 299, 15, -593, 661, 15, -105, 1168, 60;
-28, 297, 13, -597, 651, 0, -111, 1162, 51;
-26, 300, 14, -564, 676, 9, -102, 1170, 56;
-30, 295, 9, -592, 640, -22, -118, 1153, 36;
-21, 304, 16, -500, 723, 24, -85, 1185, 66;
-20, 305, 17, -472, 741, 29, -78, 1191, 69;
-20, 305, 16, -461, 741, 22, -78, 1190, 64;
-21, 303, 14, -459, 732, 9, -82, 1184, 56;
-22, 302, 12, -458, 721, -4, -86, 1178, 48;
-17, 306, 16, -396, 770, 21, -66, 1197, 64;
-21, 302, 11, -421, 731, -9, -81, 1179, 45;
-19, 303, 12, -392, 746, -4, -74, 1184, 47;
-13, 309, 17, -324, 800, 25, -51, 1205, 66;
-16, 305, 13, -339, 768, 0, -63, 1191, 50;
-17, 303, 10, -337, 754, -14, -68, 1183, 41;
-13, 306, 13, -290, 784, 0, -53, 1195, 51;
-15, 304, 10, -292, 764, -16, -60, 1185, 40;
-12, 306, 12, -253, 785, -5, -49, 1193, 47;
-10, 307, 12, -221, 797, 0, -41, 1198, 50;
-9, 308, 13, -192, 806, 2, -35, 1201, 52;
-9, 307, 12, -179, 799, -4, -35, 1197, 47;
-9, 305, 10, -169, 788, -14, -36, 1192, 42;
-4, 309, 14, -109, 827, 9, -17, 1208, 56;
-9, 303, 7, -147, 767, -32, -38, 1182, 30;
0, 311, 16, -45, 845, 18, -2, 1214, 62;
-5, 305, 9, -80, 787, -20, -22, 1190, 38;
3, 313, 17, 18, 863, 29, 13, 1221, 69;