0, 334, 0, 734, -3, -1, -1, 1303, -1;
3, 333, 0, 727, 37, 21, 15, 1300, 0;
5, 328, -3, 696, 57, 35, 19, 1281, -12;
13, 330, 1, 705, 122, 70, 52, 1289, 4;
18, 329, 2, 690, 166, 95, 71, 1284, 9;
27, 331, 7, 699, 237, 134, 108, 1293, 30;
28, 325, 5, 652, 255, 146, 112, 1269, 20;
35, 325, 8, 640, 310, 176, 140, 1267, 34;
40, 322, 10, 610, 351, 199, 158, 1256, 40;
46, 320, 13, 588, 400, 226, 182, 1249, 52;
46, 312, 10, 525, 410, 234, 182, 1218, 41;
54, 311, 15, 506, 464, 263, 211, 1215, 59;
50, 300, 9, 419, 449, 258, 197, 1170, 37;
57, 299, 14, 396, 500, 285, 224, 1166, 56;
53, 287, 8, 304, 481, 277, 208, 1120, 34;
64, 290, 19, 310, 558, 317, 253, 1134, 74;
57, 276, 10, 200, 517, 297, 225, 1077, 42;
64, 275, 17, 179, 565, 322, 252, 1075, 67;
64, 268, 17, 117, 568, 324, 252, 1049, 67;
68, 266, 21, 79, 593, 337, 267, 1037, 82;
60, 251, 13, -32, 541, 311, 234, 979, 51;
62, 247, 16, -75, 554, 318, 243, 965, 64;
66, 245, 21, -103, 578, 329, 258, 959, 84;
67, 242, 24, -144, 585, 332, 265, 945, 97;
57, 228, 16, -254, 519, 298, 226, 889, 66;
64, 230, 26, -253, 558, 317, 253, 900, 102;
57, 219, 21, -342, 503, 288, 222, 856, 82;
60, 220, 27, -354, 520, 295, 236, 859, 108;
49, 206, 19, -456, 441, 253, 192, 806, 76;
48, 204, 22, -487, 428, 245, 188, 796, 87;
45, 200, 23, -524, 402, 230, 178, 781, 92;
39, 193, 21, -579, 354, 203, 153, 755, 84;
35, 189, 21, -617, 316, 182, 136, 739, 83;
35, 190, 26, -622, 306, 174, 137, 743, 101;
25, 182, 21, -681, 236, 136, 100, 712, 84;
24, 183, 25, -684, 216, 123, 95, 715, 97;
24, 185, 29, -676, 202, 113, 94, 724, 116;
20, 184, 30, -687, 164, 91, 78, 721, 120;
10, 179, 26, -724, 94, 53, 42, 700, 104;
1, 175, 22, -755, 25, 15, 7, 682, 89;
3, 181, 29, -714, 23, 11, 14, 708, 116;
-3, 179, 27, -728, -37, -22, -15, 699, 106;
-14, 174, 21, -755, -116, -64, -56, 681, 84;
-14, 181, 26, -711, -127, -73, -55, 706, 105;
-20, 181, 25, -704, -180, -102, -80, 707, 98;
-19, 188, 30, -649, -188, -109, -77, 737, 119;
-26, 189, 28, -636, -239, -138, -102, 740, 112;
-32, 191, 26, -618, -289, -166, -126, 745, 104;
-43, 188, 20, -626, -366, -207, -168, 734, 78;
-46, 192, 20, -586, -398, -225, -181, 751, 79;
-46, 200, 23, -523, -407, -232, -181, 782, 92;
-48, 206, 24, -473, -430, -246, -190, 804, 96;
-53, 209, 22, -437, -468, -267, -208, 817, 88;
-58, 212, 19, -403, -506, -288, -228, 829, 77;
-54, 224, 25, -311, -487, -280, -212, 875, 101;
-64, 222, 17, -306, -554, -315, -250, 867, 69;
-61, 233, 22, -221, -539, -308, -238, 909, 86;
-67, 233, 16, -198, -583, -331, -263, 912, 63;
-65, 243, 18, -121, -572, -326, -255, 948, 73;
-63, 251, 20, -48, -563, -322, -248, 981, 80;
-67, 254, 16, -13, -586, -334, -263, 991, 63;
-68, 259, 14, 38, -591, -336, -266, 1012, 57;
-65, 267, 15, 107, -574, -327, -256, 1043, 61;
-58, 279, 20, 201, -528, -304, -229, 1089, 81;
-56, 285, 20, 260, -513, -295, -222, 1114, 80;
-63, 283, 11, 262, -549, -312, -247, 1104, 44;
-63, 286, 8, 302, -543, -308, -247, 1118, 33;
-56, 296, 11, 380, -494, -282, -220, 1156, 46;
-48, 306, 16, 460, -437, -251, -189, 1196, 63;
-45, 311, 15, 504, -410, -236, -177, 1214, 58;
-48, 309, 7, 504, -422, -240, -190, 1205, 28;
-40, 318, 11, 574, -358, -205, -156, 1241, 43;
-37, 321, 9, 605, -328, -188, -144, 1252, 36;
-31, 325, 9, 643, -285, -164, -124, 1269, 36;
-33, 322, 1, 631, -286, -161, -131, 1256, 7;
-27, 326, 2, 664, -236, -134, -108, 1271, 9;
-21, 329, 2, 690, -188, -106, -85, 1284, 9;
-12, 335, 5, 733, -118, -68, -49, 1307, 21;
-7, 337, 5, 748, -69, -41, -27, 1314, 20;
-10, 329, -4, 702, -77, -41, -40, 1284, -16;
-3, 331, -3, 715, -22, -11, -13, 1292, -13;
7, 337, 1, 752, 62, 34, 30, 1315, 6;
11, 335, 0, 739, 100, 56, 46, 1308, -1;
15, 332, -2, 719, 136, 77, 60, 1298, -10;
18, 328, -6, 688, 164, 94, 70, 1282, -24;
25, 329, -4, 685, 223, 127, 100, 1285, -17;
29, 326, -6, 657, 261, 149, 116, 1272, -23;
31, 320, -9, 612, 283, 163, 122, 1250, -37;
37, 318, -9, 589, 329, 189, 145, 1242, -36;
39, 313, -11, 544, 355, 204, 155, 1222, -45;
50, 315, -6, 545, 430, 244, 195, 1231, -23;
51, 308, -9, 488, 445, 253, 199, 1204, -37;
51, 301, -12, 427, 458, 262, 202, 1176, -49;
58, 300, -9, 403, 507, 288, 228, 1170, -38;
58, 292, -13, 335, 512, 292, 227, 1139, -52;
56, 282, -18, 259, 507, 291, 221, 1103, -70;
65, 283, -12, 248, 566, 322, 255, 1107, -47;
64, 275, -15, 176, 562, 321, 250, 1074, -60;
62, 266, -19, 101, 552, 316, 243, 1039, -74;
69, 267, -13, 86, 601, 341, 272, 1042, -51;
63, 254, -20, -12, 561, 321, 247, 992, -79;
70, 255, -14, -25, 604, 342, 273, 995, -54;
69, 249, -14, -83, 599, 339, 271, 972, -57;
60, 235, -23, -191, 538, 309, 235, 916, -91;
66, 236, -16, -198, 575, 326, 260, 923, -64;
64, 230, -17, -254, 557, 316, 252, 900, -67;
56, 218, -24, -347, 498, 285, 219, 853, -94;
54, 214, -23, -392, 481, 275, 212, 835, -93;
48, 205, -27, -462, 435, 251, 188, 802, -108;
49, 205, -23, -479, 435, 248, 193, 800, -93;
42, 196, -28, -547, 380, 219, 164, 767, -109;
46, 200, -20, -537, 396, 224, 180, 782, -80;
41, 196, -21, -576, 357, 202, 162, 765, -84;
35, 190, -23, -621, 307, 174, 137, 743, -93;
29, 185, -25, -660, 257, 147, 113, 725, -101;
28, 187, -22, -660, 240, 135, 110, 730, -87;
20, 181, -25, -700, 178, 101, 79, 709, -100;
11, 176, -29, -741, 110, 64, 44, 687, -116;
12, 181, -23, -712, 105, 59, 49, 707, -91;
3, 176, -27, -744, 35, 21, 14, 689, -107;
2, 180, -23, -722, 15, 7, 9, 703, -92;
-6, 176, -27, -744, -54, -30, -25, 689, -107;
-9, 179, -25, -723, -84, -48, -36, 701, -98;
-12, 183, -22, -697, -113, -66, -47, 715, -88;
-18, 183, -23, -689, -165, -95, -71, 716, -93;
-22, 186, -23, -666, -204, -117, -87, 727, -90;
-32, 184, -27, -672, -276, -156, -125, 717, -108;
-30, 193, -21, -603, -274, -158, -117, 754, -82;
-37, 194, -23, -589, -330, -189, -145, 756, -92;
-43, 196, -25, -564, -376, -214, -167, 765, -98;
-49, 197, -27, -541, -425, -241, -192, 771, -106;
-54, 200, -28, -510, -467, -264, -213, 781, -111;
-47, 215, -18, -401, -432, -249, -186, 840, -70;
-60, 210, -27, -413, -517, -293, -234, 822, -106;
-62, 216, -26, -363, -539, -306, -244, 843, -104;
-63, 223, -24, -300, -548, -312, -246, 871, -96;
-57, 236, -16, -200, -518, -298, -225, 922, -65;
-66, 234, -23, -192, -577, -328, -260, 916, -92;
-68, 240, -23, -140, -592, -336, -267, 936, -93;
-68, 247, -22, -75, -590, -335, -265, 964, -86;
-63, 258, -16, 14, -559, -320, -246, 1008, -63;
-64, 263, -16, 63, -566, -323, -250, 1027, -65;
-63, 269, -15, 123, -558, -319, -246, 1052, -61;
-64, 273, -16, 167, -562, -321, -250, 1068, -66;
-65, 277, -18, 209, -564, -321, -253, 1082, -71;
-56, 290, -10, 308, -504, -289, -219, 1133, -40;
-56, 294, -11, 348, -497, -285, -218, 1147, -44;
-52, 301, -9, 408, -466, -268, -203, 1173, -35;
-55, 299, -14, 414, -483, -274, -218, 1167, -58;
-54, 302, -15, 447, -468, -265, -213, 1178, -62;
-46, 311, -10, 517, -410, -233, -182, 1213, -41;
-40, 318, -6, 574, -359, -206, -157, 1240, -26;
-34, 323, -3, 622, -311, -179, -133, 1263, -15;
-35, 321, -8, 619, -308, -175, -138, 1255, -33;
-28, 327, -4, 665, -251, -144, -110, 1277, -18;
-29, 324, -9, 654, -246, -139, -114, 1265, -36;
-23, 327, -7, 679, -199, -112, -92, 1277, -29;
-10, 336, 1, 744, -107, -63, -42, 1314, 4;
-11, 332, -3, 721, -97, -55, -44, 1297, -12;
-4, 335, 0, 741, -39, -22, -16, 1308, 0;
0, 335, 0, 740, 2, 1, 1, 1307, 1;
7, 337, 3, 751, 60, 33, 29, 1314, 13;
6, 329, -2, 703, 64, 38, 24, 1286, -7;
14, 331, 1, 709, 126, 72, 54, 1292, 7;
16, 327, 0, 679, 154, 90, 64, 1276, 1;
19, 323, 0, 650, 188, 109, 77, 1262, 0;
34, 331, 10, 687, 290, 163, 134, 1291, 42;
37, 326, 10, 651, 321, 182, 146, 1274, 41;
43, 324, 12, 626, 367, 207, 168, 1265, 50;
41, 315, 8, 557, 369, 211, 163, 1230, 33;
43, 309, 7, 505, 389, 223, 170, 1206, 28;
45, 303, 6, 453, 410, 236, 177, 1182, 26;
53, 303, 12, 437, 467, 267, 208, 1182, 48;
58, 300, 15, 403, 507, 288, 228, 1170, 60;
55, 289, 11, 319, 495, 284, 217, 1129, 43;
57, 283, 11, 261, 509, 292, 222, 1104, 43;
57, 276, 10, 199, 517, 297, 224, 1076, 42;
65, 276, 17, 183, 569, 324, 254, 1078, 70;
65, 269, 18, 123, 574, 327, 256, 1052, 71;
67, 265, 20, 75, 589, 335, 264, 1034, 80;
60, 251, 13, -28, 545, 313, 237, 982, 54;
68, 253, 22, -34, 595, 338, 268, 990, 89;
66, 245, 21, -106, 576, 328, 257, 957, 83;
61, 236, 18, -182, 547, 313, 241, 922, 73;
62, 232, 21, -226, 547, 312, 243, 906, 83;
57, 223, 18, -303, 509, 292, 222, 869, 71;
55, 217, 19, -352, 493, 283, 216, 850, 75;
53, 213, 21, -396, 477, 273, 210, 833, 81;
54, 212, 25, -422, 474, 270, 212, 826, 97;
46, 202, 20, -498, 416, 239, 181, 789, 80;
50, 205, 28, -491, 435, 246, 198, 802, 112;
46, 200, 28, -536, 396, 224, 180, 782, 110;
35, 190, 22, -612, 321, 184, 140, 742, 87;
30, 185, 21, -653, 275, 158, 117, 723, 82;
34, 191, 30, -624, 293, 165, 135, 747, 119;
22, 181, 23, -694, 206, 119, 89, 709, 92;
21, 183, 27, -693, 185, 105, 83, 714, 105;
20, 185, 31, -684, 166, 92, 79, 722, 121;
6, 175, 22, -749, 68, 40, 26, 684, 88;
10, 183, 31, -704, 76, 41, 39, 714, 121;
0, 177, 25, -743, -6, -3, -3, 690, 98;
-4, 179, 27, -729, -38, -22, -16, 699, 105;
-12, 176, 23, -744, -106, -59, -50, 687, 91;
-17, 177, 23, -733, -149, -84, -69, 692, 91;
-21, 180, 24, -709, -185, -105, -83, 704, 95;
-28, 180, 21, -705, -243, -137, -112, 702, 85;
-33, 182, 21, -682, -285, -161, -131, 712, 83;
-32, 190, 26, -621, -292, -167, -128, 744, 102;
-38, 192, 24, -600, -340, -194, -151, 750, 94;
-42, 197, 24, -559, -371, -212, -164, 768, 96;
-48, 198, 21, -535, -419, -238, -188, 775, 85;
-46, 208, 26, -461, -418, -240, -182, 812, 103;
-49, 213, 26, -413, -444, -255, -193, 832, 103;
-59, 212, 19, -406, -510, -290, -230, 827, 75;
-60, 218, 20, -346, -523, -298, -234, 853, 79;
-63, 223, 18, -302, -550, -312, -247, 870, 72;
-64, 229, 18, -241, -559, -318, -250, 896, 73;
-64, 237, 19, -176, -562, -320, -250, 926, 77;
-67, 240, 16, -135, -587, -334, -264, 939, 64;
-67, 247, 16, -73, -587, -334, -263, 966, 65;
-69, 252, 14, -24, -597, -339, -269, 984, 57;
-66, 260, 15, 46, -583, -332, -261, 1016, 62;
-68, 264, 12, 88, -593, -337, -268, 1031, 49;
-58, 279, 20, 201, -528, -304, -229, 1089, 81;
-59, 282, 17, 242, -530, -304, -233, 1103, 69;
-65, 281, 9, 251, -560, -318, -254, 1097, 37;
-55, 294, 16, 350, -495, -284, -217, 1148, 63;
-53, 299, 14, 398, -476, -273, -209, 1167, 57;
-49, 306, 15, 456, -441, -253, -191, 1194, 60;
-44, 312, 15, 509, -405, -234, -174, 1217, 61;
-50, 307, 5, 495, -431, -244, -196, 1200, 22;
-43, 314, 7, 554, -379, -216, -169, 1228, 31;
-36, 321, 10, 609, -324, -186, -142, 1255, 39;
-33, 324, 8, 636, -292, -167, -128, 1265, 32;
-30, 325, 5, 650, -267, -152, -119, 1268, 19;
-27, 326, 2, 665, -235, -133, -107, 1272, 9;
-20, 330, 3, 698, -180, -103, -80, 1288, 13;
-12, 335, 5, 732, -118, -68, -49, 1306, 21;
-14, 329, -2, 698, -119, -66, -58, 1283, -10;
-4, 334, 1, 737, -43, -24, -18, 1306, 5;
0, 333, 0, 731, -6, -3, -3, 1302, -3;
5, 334, 0, 737, 47, 26, 21, 1306, -2;
8, 332, -3, 718, 79, 46, 33, 1295, -14;
15, 332, -2, 718, 134, 76, 59, 1297, -11;
18, 329, -5, 693, 169, 97, 74, 1286, -20;
27, 331, -2, 698, 236, 134, 108, 1293, -9;
32, 329, -2, 676, 280, 158, 127, 1284, -11;
31, 320, -10, 610, 281, 162, 121, 1249, -39;
35, 317, -10, 580, 321, 184, 139, 1237, -41;
41, 314, -10, 552, 363, 208, 160, 1227, -40;
48, 314, -7, 538, 423, 240, 190, 1227, -28;
54, 312, -6, 508, 466, 264, 212, 1217, -24;
56, 306, -7, 458, 489, 277, 221, 1195, -30;
54, 296, -13, 378, 481, 275, 212, 1155, -54;
57, 290, -14, 328, 504, 288, 223, 1134, -57;
63, 289, -10, 304, 552, 314, 249, 1130, -42;
67, 285, -10, 260, 578, 328, 262, 1114, -39;
59, 270, -20, 145, 531, 305, 231, 1054, -79;
62, 266, -19, 100, 551, 316, 242, 1038, -75;
68, 265, -14, 78, 592, 337, 266, 1036, -56;
62, 253, -21, -19, 554, 318, 242, 987, -84;
61, 246, -23, -83, 546, 314, 238, 960, -90;
69, 248, -15, -86, 595, 338, 269, 969, -59;
63, 238, -20, -169, 560, 320, 249, 930, -78;
63, 233, -19, -217, 555, 316, 248, 911, -76;
64, 230, -18, -259, 553, 314, 249, 897, -70;
55, 217, -25, -354, 491, 282, 214, 849, -99;
53, 213, -24, -397, 477, 273, 209, 832, -96;
53, 210, -22, -430, 467, 267, 208, 822, -88;
51, 206, -22, -470, 444, 253, 198, 806, -87;
50, 205, -19, -492, 434, 246, 198, 801, -76;
47, 201, -19, -529, 404, 228, 185, 787, -75;
36, 191, -26, -606, 327, 187, 143, 746, -103;
34, 189, -25, -628, 300, 171, 133, 739, -97;
32, 189, -22, -639, 278, 157, 126, 738, -87;
20, 179, -30, -712, 189, 110, 78, 698, -118;
21, 183, -24, -692, 186, 105, 84, 714, -95;
12, 177, -28, -735, 115, 67, 48, 691, -112;
14, 183, -21, -702, 116, 64, 56, 714, -85;
7, 180, -23, -720, 60, 33, 29, 704, -92;
4, 182, -21, -710, 26, 13, 16, 710, -85;
0, 182, -21, -709, -18, -12, -3, 711, -85;
-14, 174, -30, -756, -117, -65, -57, 680, -118;
-18, 176, -29, -739, -156, -87, -73, 688, -115;
-19, 182, -25, -698, -174, -99, -77, 710, -98;
-30, 178, -30, -713, -251, -141, -117, 697, -120;
-34, 181, -30, -689, -292, -164, -135, 707, -118;
-34, 189, -25, -630, -301, -172, -134, 738, -99;
-36, 194, -23, -586, -326, -187, -143, 759, -90;
-44, 194, -26, -576, -387, -220, -175, 757, -105;
-45, 201, -23, -518, -402, -230, -178, 785, -92;
-45, 209, -19, -453, -411, -236, -178, 817, -76;
-51, 212, -21, -422, -453, -259, -199, 826, -84;
-60, 210, -27, -416, -520, -295, -236, 820, -108;
-61, 217, -25, -355, -531, -302, -239, 848, -99;
-61, 224, -23, -292, -540, -307, -241, 876, -90;
-66, 227, -25, -256, -574, -326, -260, 887, -100;
-66, 234, -23, -191, -577, -328, -259, 916, -92;
-66, 242, -21, -127, -578, -329, -259, 944, -84;
-64, 251, -18, -53, -567, -324, -251, 978, -71;
-69, 252, -22, -24, -597, -339, -269, 985, -87;
-63, 264, -16, 67, -562, -322, -248, 1029, -63;
-63, 269, -16, 119, -562, -321, -248, 1050, -63;
-60, 277, -13, 188, -541, -310, -237, 1081, -53;
-58, 284, -11, 251, -522, -300, -227, 1108, -45;
-63, 283, -17, 263, -548, -312, -247, 1105, -68;
-53, 296, -9, 363, -482, -277, -209, 1156, -35;
-54, 298, -11, 395, -479, -274, -211, 1165, -43;
-53, 301, -12, 428, -469, -267, -209, 1176, -49;
-53, 303, -14, 458, -457, -259, -206, 1185, -55;
-48, 309, -12, 507, -419, -238, -188, 1207, -47;
-45, 313, -11, 543, -390, -221, -176, 1221, -46;
-39, 318, -9, 589, -344, -196, -154, 1242, -36;
-36, 320, -9, 614, -314, -178, -142, 1251, -36;
-29, 326, -5, 658, -259, -148, -114, 1273, -22;
-25, 328, -5, 678, -222, -126, -99, 1280, -21;
-25, 326, -8, 670, -208, -116, -97, 1271, -35;
-18, 329, -6, 694, -156, -87, -73, 1283, -26;
-13, 330, -5, 707, -110, -61, -52, 1289, -20;
-7, 332, -3, 722, -57, -32, -28, 1296, -12;
-3, 331, -3, 717, -20, -10, -12, 1292, -12;
9, 339, 5, 765, 74, 40, 38, 1323, 22;
11, 335, 3, 738, 99, 56, 45, 1308, 13;
13, 330, 1, 705, 122, 70, 52, 1289, 4;
16, 326, 0, 675, 151, 88, 62, 1274, 0;
19, 323, 0, 649, 187, 109, 77, 1262, 0;
26, 323, 3, 640, 243, 140, 105, 1261, 13;
29, 318, 2, 597, 267, 155, 113, 1240, 7;
36, 318, 6, 586, 326, 187, 143, 1240, 24;
45, 318, 11, 577, 388, 221, 175, 1242, 45;
41, 307, 5, 493, 377, 217, 162, 1198, 21;
50, 308, 11, 484, 441, 251, 197, 1201, 45;
52, 302, 12, 434, 465, 265, 206, 1180, 46;
60, 302, 17, 418, 521, 295, 237, 1180, 70;
62, 296, 17, 360, 537, 305, 243, 1155, 69;
65, 291, 19, 313, 561, 318, 255, 1136, 76;
62, 280, 15, 230, 547, 312, 243, 1095, 61;
64, 275, 16, 176, 562, 320, 250, 1074, 65;
65, 269, 18, 123, 574, 327, 256, 1052, 71;
69, 267, 22, 86, 600, 340, 271, 1041, 86;
68, 259, 21, 18, 592, 337, 266, 1011, 83;
65, 250, 19, -54, 575, 328, 256, 977, 76;
64, 243, 19, -117, 565, 322, 250, 951, 76;
64, 238, 21, -167, 562, 321, 250, 931, 82;
63, 234, 22, -216, 557, 317, 249, 912, 89;
60, 226, 21, -282, 530, 302, 235, 882, 84;
58, 221, 22, -331, 514, 293, 229, 863, 88;
51, 211, 18, -410, 464, 267, 201, 824, 73;
47, 205, 18, -465, 432, 249, 186, 800, 71;
49, 205, 23, -482, 433, 247, 191, 799, 90;
41, 196, 19, -551, 375, 216, 161, 765, 75;
42, 196, 24, -560, 373, 213, 165, 767, 96;
38, 192, 24, -599, 335, 191, 148, 751, 95;
37, 192, 28, -609, 319, 180, 145, 751, 110;
25, 182, 21, -682, 235, 136, 100, 712, 83;
23, 182, 24, -691, 210, 120, 91, 711, 94;
18, 180, 24, -710, 168, 96, 73, 703, 94;
19, 184, 30, -691, 159, 89, 75, 718, 117;
10, 178, 25, -729, 88, 50, 39, 697, 100;
9, 182, 30, -708, 72, 39, 36, 712, 118;
2, 180, 28, -721, 16, 8, 9, 704, 111;
-6, 176, 24, -744, -54, -30, -25, 689, 96;
-10, 178, 25, -731, -92, -52, -41, 696, 100;
-13, 181, 27, -706, -123, -71, -52, 709, 107;
-23, 178, 22, -721, -197, -111, -91, 696, 88;
-19, 188, 30, -650, -188, -109, -77, 737, 119;
-30, 185, 24, -665, -268, -152, -120, 722, 93;
-30, 193, 28, -606, -277, -160, -119, 752, 111;
-42, 189, 21, -619, -359, -204, -163, 738, 82;
-44, 194, 21, -576, -388, -220, -175, 757, 85;
-43, 203, 26, -504, -388, -223, -169, 794, 104;
-44, 210, 28, -448, -405, -234, -174, 820, 111;
-56, 206, 19, -456, -487, -276, -220, 805, 76;
-50, 220, 27, -355, -459, -264, -198, 858, 107;
-56, 222, 24, -323, -500, -286, -220, 867, 93;
-60, 226, 21, -283, -531, -303, -236, 882, 84;
-56, 237, 26, -195, -512, -295, -222, 925, 102;
-58, 242, 25, -142, -527, -303, -229, 947, 98;
-69, 239, 15, -143, -595, -338, -269, 934, 59;
-60, 254, 23, -30, -544, -313, -237, 992, 91;
-61, 260, 22, 22, -551, -316, -240, 1014, 86;
-65, 262, 17, 56, -573, -327, -254, 1023, 68;
-60, 272, 20, 139, -542, -311, -236, 1062, 81;
-68, 269, 11, 141, -588, -333, -266, 1052, 44;
-61, 281, 15, 231, -542, -310, -240, 1096, 62;
-61, 284, 12, 272, -539, -307, -241, 1110, 50;
-59, 290, 12, 324, -521, -297, -233, 1132, 47;
-50, 302, 17, 417, -457, -263, -197, 1179, 69;
-53, 302, 11, 431, -465, -266, -207, 1178, 45;
-52, 304, 8, 461, -454, -258, -205, 1187, 31;
-41, 316, 15, 553, -373, -215, -160, 1236, 58;
-38, 320, 13, 588, -344, -199, -148, 1249, 52;
-39, 319, 7, 592, -341, -195, -152, 1244, 28;
-29, 327, 11, 658, -270, -156, -114, 1278, 45;
-31, 324, 4, 644, -273, -155, -123, 1264, 15;
-30, 323, 0, 650, -250, -141, -117, 1262, 0;
-23, 327, 0, 679, -199, -112, -92, 1277, 2;
-10, 337, 7, 746, -104, -61, -41, 1315, 30;
-13, 330, 0, 709, -108, -60, -51, 1290, -3;
-6, 333, 0, 726, -53, -29, -25, 1299, -1;
-3, 331, -3, 715, -21, -10, -13, 1292, -13;
7, 336, 1, 750, 59, 33, 29, 1314, 5;
12, 335, 0, 739, 100, 56, 46, 1308, -1;
17, 335, 0, 732, 149, 84, 69, 1307, -2;
15, 326, -8, 674, 150, 87, 61, 1273, -32;
28, 332, -1, 704, 242, 136, 111, 1296, -5;
26, 323, -8, 640, 243, 140, 105, 1261, -34;
37, 326, -3, 649, 319, 181, 145, 1273, -15;
34, 316, -11, 575, 315, 181, 136, 1234, -44;
44, 317, -7, 572, 384, 218, 172, 1239, -28;
44, 310, -11, 512, 396, 227, 174, 1210, -44;
46, 303, -14, 456, 413, 238, 179, 1184, -56;
48, 297, -16, 403, 433, 250, 187, 1160, -65;
55, 297, -12, 386, 490, 280, 218, 1160, -49;
61, 294, -10, 353, 529, 301, 238, 1150, -42;
58, 284, -16, 272, 519, 297, 229, 1110, -62;
58, 277, -18, 206, 524, 301, 229, 1081, -73;
65, 276, -13, 186, 571, 325, 256, 1080, -54;
63, 267, -17, 109, 561, 321, 248, 1044, -69;
67, 264, -15, 70, 584, 333, 262, 1032, -61;
65, 256, -18, 0, 573, 327, 254, 999, -72;
63, 248, -21, -70, 559, 320, 246, 968, -82;
66, 245, -18, -104, 577, 329, 258, 959, -70;
65, 239, -18, -161, 568, 324, 254, 935, -73;
64, 234, -18, -212, 560, 319, 251, 914, -73;
58, 224, -23, -294, 517, 296, 227, 875, -92;
60, 222, -20, -322, 523, 298, 234, 869, -78;
55, 215, -22, -384, 489, 279, 217, 840, -88;
57, 214, -19, -407, 490, 278, 222, 836, -74;
44, 200, -28, -509, 405, 234, 174, 782, -111;
50, 205, -20, -496, 431, 244, 195, 799, -78;
41, 196, -25, -564, 369, 211, 163, 765, -97;
38, 193, -24, -594, 339, 193, 151, 754, -95;
36, 191, -23, -615, 313, 177, 141, 747, -89;
30, 186, -24, -654, 263, 150, 117, 729, -97;
22, 181, -28, -699, 201, 116, 86, 706, -111;
17, 179, -28, -717, 161, 93, 68, 699, -110;
13, 178, -27, -726, 124, 71, 53, 696, -107;
8, 177, -27, -738, 79, 46, 33, 691, -107;
4, 178, -26, -736, 43, 25, 19, 694, -102;
5, 183, -21, -705, 31, 15, 19, 714, -82;
-9, 173, -30, -765, -75, -40, -38, 676, -120;
-15, 173, -31, -760, -122, -67, -59, 677, -121;
-14, 180, -25, -713, -130, -74, -57, 704, -98;
-23, 178, -29, -723, -199, -112, -92, 695, -114;
-23, 185, -24, -673, -211, -121, -92, 722, -94;
-30, 185, -26, -664, -268, -152, -120, 722, -103;
-38, 184, -29, -658, -329, -185, -151, 721, -116;
-42, 188, -29, -623, -364, -206, -166, 735, -113;
-43, 195, -25, -567, -379, -216, -169, 763, -99;
-51, 196, -28, -551, -435, -246, -198, 764, -112;
-50, 204, -24, -486, -443, -253, -198, 796, -97;
-50, 212, -21, -420, -451, -258, -197, 828, -82;
-53, 217, -20, -372, -476, -273, -209, 848, -80;
-61, 217, -25, -354, -531, -302, -239, 848, -99;
-60, 225, -22, -285, -533, -304, -237, 880, -86;
-64, 230, -23, -240, -557, -317, -250, 897, -90;
-59, 242, -16, -146, -532, -306, -231, 944, -64;
-60, 248, -15, -87, -539, -309, -234, 969, -60;
-68, 247, -22, -76, -590, -336, -265, 964, -86;
-67, 254, -20, -12, -586, -334, -262, 992, -79;
-63, 263, -16, 65, -564, -323, -249, 1028, -64;
-67, 265, -20, 95, -586, -333, -264, 1035, -78;
-64, 273, -17, 166, -563, -321, -251, 1067, -66;
-64, 278, -17, 214, -558, -318, -250, 1086, -68;
-62, 284, -16, 270, -541, -308, -242, 1109, -63;
-59, 290, -15, 325, -520, -296, -232, 1133, -58;
-54, 298, -11, 392, -481, -275, -212, 1164, -45;
-48, 307, -7, 462, -435, -250, -188, 1197, -28;
-49, 307, -10, 480, -434, -248, -192, 1199, -41;
-46, 311, -10, 518, -409, -233, -182, 1214, -41;
-42, 315, -9, 559, -374, -213, -166, 1231, -36;
-36, 321, -6, 607, -326, -187, -143, 1254, -24;
-32, 325, -5, 640, -288, -165, -125, 1268, -20;
-28, 327, -4, 666, -251, -144, -110, 1278, -18;
-27, 326, -7, 668, -232, -131, -105, 1274, -27;
-20, 330, -4, 700, -178, -101, -79, 1289, -16;
-19, 328, -7, 689, -161, -90, -76, 1279, -29;
-6, 337, 1, 751, -66, -39, -25, 1316, 6;
0, 339, 3, 765, -15, -10, -1, 1323, 14;
4, 339, 4, 764, 27, 13, 16, 1322, 16;
9, 338, 5, 762, 72, 39, 36, 1321, 20;
12, 336, 4, 742, 103, 58, 48, 1310, 16;
20, 337, 7, 747, 163, 91, 78, 1315, 30;
20, 330, 3, 700, 176, 100, 78, 1290, 15;
27, 331, 7, 697, 235, 133, 107, 1292, 29;
29, 326, 6, 658, 262, 149, 116, 1273, 24;
35, 325, 8, 639, 310, 176, 139, 1267, 34;
38, 320, 8, 598, 338, 193, 150, 1248, 32;
37, 311, 4, 532, 344, 198, 148, 1215, 17;
41, 307, 5, 492, 376, 217, 162, 1198, 20;
51, 308, 12, 488, 446, 254, 199, 1204, 48;
53, 303, 12, 439, 469, 267, 209, 1183, 49;
52, 293, 9, 362, 466, 268, 203, 1145, 35;
62, 296, 18, 363, 539, 306, 244, 1156, 71;
62, 288, 16, 293, 541, 308, 242, 1124, 63;
61, 280, 14, 224, 542, 310, 240, 1092, 57;
67, 279, 20, 199, 585, 332, 265, 1088, 80;
68, 273, 21, 143, 594, 337, 268, 1065, 83;
63, 261, 16, 50, 564, 323, 249, 1019, 64;
62, 253, 15, -16, 557, 319, 244, 989, 61;
69, 254, 23, -30, 598, 340, 270, 992, 91;
62, 242, 17, -128, 553, 317, 243, 944, 69;
62, 237, 19, -177, 552, 316, 244, 925, 76;
63, 233, 22, -219, 553, 315, 247, 910, 87;
64, 230, 25, -257, 554, 315, 250, 898, 100;
53, 216, 17, -364, 481, 277, 208, 842, 68;
57, 217, 24, -372, 501, 285, 225, 848, 96;
51, 208, 21, -444, 453, 259, 199, 813, 84;
53, 209, 27, -455, 459, 261, 208, 816, 107;
43, 198, 21, -539, 387, 222, 169, 772, 83;
42, 197, 24, -558, 374, 213, 166, 768, 96;
35, 189, 21, -616, 317, 182, 137, 740, 84;
37, 193, 28, -605, 323, 183, 147, 753, 112;
28, 185, 24, -663, 254, 145, 112, 723, 95;
27, 186, 27, -668, 232, 131, 105, 725, 108;
19, 181, 25, -705, 173, 99, 76, 707, 98;
11, 176, 22, -739, 111, 65, 45, 688, 87;
13, 182, 29, -708, 110, 61, 52, 710, 114;
2, 176, 23, -749, 30, 18, 11, 686, 93;
-1, 176, 25, -744, -6, -3, -4, 689, 97;
-1, 181, 29, -715, -24, -15, -7, 707, 114;
-6, 182, 29, -704, -65, -39, -24, 713, 116;
-14, 180, 26, -714, -130, -74, -57, 704, 103;
-17, 184, 28, -683, -158, -92, -67, 720, 112;
-27, 180, 22, -700, -238, -134, -109, 705, 88;
-32, 183, 22, -677, -280, -158, -128, 715, 86;
-34, 189, 24, -631, -301, -172, -134, 737, 96;
-35, 196, 27, -577, -317, -183, -137, 764, 109;
-39, 199, 26, -545, -357, -205, -155, 776, 105;
-41, 205, 28, -495, -379, -218, -163, 800, 110;
-44, 210, 28, -448, -405, -233, -174, 820, 111;
-56, 206, 19, -456, -487, -276, -220, 805, 76;
-57, 213, 21, -395, -499, -284, -223, 833, 82;
-63, 215, 17, -367, -543, -308, -247, 841, 66;
-64, 222, 18, -305, -552, -314, -249, 868, 70;
-62, 231, 20, -232, -550, -314, -245, 902, 79;
-59, 242, 24, -147, -533, -306, -232, 943, 95;
-62, 246, 21, -102, -553, -317, -243, 960, 85;
-69, 245, 14, -87, -601, -341, -272, 957, 56;
-60, 261, 23, 29, -544, -313, -236, 1018, 90;
-66, 261, 16, 50, -578, -330, -258, 1019, 64;
-60, 272, 20, 139, -542, -311, -236, 1062, 81;
-63, 274, 16, 171, -558, -319, -248, 1071, 62;
-60, 281, 16, 235, -538, -308, -237, 1099, 64;
-63, 283, 11, 260, -551, -313, -248, 1103, 43;
-53, 296, 18, 365, -480, -276, -207, 1157, 72;
-53, 300, 15, 402, -472, -271, -206, 1170, 60;
-58, 297, 6, 401, -496, -281, -226, 1159, 26;
-44, 312, 15, 509, -405, -234, -174, 1217, 61;
-47, 310, 8, 512, -414, -236, -185, 1210, 33;
-46, 312, 5, 537, -395, -224, -179, 1218, 20;
-43, 314, 2, 564, -369, -209, -170, 1227, 11;
-38, 318, 2, 601, -327, -184, -150, 1243, 10;
-27, 328, 8, 673, -244, -140, -105, 1282, 33;
-21, 332, 8, 702, -198, -115, -84, 1295, 32;
-20, 331, 4, 702, -176, -100, -78, 1291, 16;
-11, 336, 6, 738, -112, -65, -46, 1310, 25;
-9, 334, 2, 733, -85, -48, -36, 1304, 10;
-4, 335, 1, 740, -39, -23, -16, 1308, 7;
0, 335, 0, 743, 5, 2, 3, 1309, 3;
7, 337, 1, 751, 60, 33, 29, 1314, 5;
5, 329, -6, 699, 60, 36, 21, 1283, -26;
14, 331, -4, 710, 127, 73, 55, 1293, -16;
15, 326, -8, 672, 148, 86, 60, 1272, -34;
22, 326, -7, 668, 206, 119, 89, 1274, -27;
27, 324, -8, 643, 246, 142, 107, 1264, -32;
31, 320, -10, 610, 281, 161, 121, 1249, -39;
41, 322, -5, 613, 353, 200, 159, 1257, -21;
42, 315, -9, 558, 370, 211, 164, 1231, -36;
42, 308, -13, 498, 382, 220, 165, 1201, -53;
49, 307, -10, 480, 437, 249, 194, 1199, -42;
48, 298, -16, 407, 437, 252, 189, 1163, -62;
57, 299, -10, 396, 500, 285, 224, 1166, -42;
59, 293, -12, 342, 518, 295, 231, 1143, -48;
55, 281, -19, 250, 498, 287, 215, 1097, -76;
56, 275, -20, 195, 513, 295, 222, 1074, -80;
68, 279, -11, 202, 588, 333, 266, 1090, -44;
66, 270, -15, 125, 577, 329, 258, 1054, -59;
64, 262, -18, 56, 570, 325, 252, 1022, -70;
69, 260, -13, 28, 601, 341, 272, 1017, -54;
68, 253, -15, -37, 592, 337, 266, 988, -62;
63, 243, -20, -120, 561, 321, 248, 948, -80;
62, 236, -21, -180, 549, 314, 242, 923, -85;
67, 237, -16, -197, 576, 327, 261, 924, -63;
59, 225, -22, -289, 523, 299, 231, 878, -89;
55, 218, -24, -350, 495, 284, 217, 851, -96;
59, 219, -18, -360, 514, 292, 232, 855, -73;
53, 211, -22, -429, 468, 267, 208, 822, -88;
54, 210, -18, -448, 466, 264, 212, 820, -73;
42, 197, -27, -545, 382, 220, 165, 769, -108;
45, 200, -21, -540, 393, 223, 178, 780, -82;
35, 190, -27, -613, 320, 184, 139, 742, -107;
30, 186, -28, -651, 277, 160, 119, 725, -111;
32, 189, -22, -636, 281, 159, 128, 740, -86;
27, 186, -23, -665, 236, 133, 107, 727, -89;
17, 179, -28, -718, 160, 93, 68, 698, -110;
14, 179, -26, -719, 132, 75, 58, 701, -102;
12, 180, -24, -715, 102, 57, 47, 705, -93;
9, 182, -21, -706, 74, 40, 38, 713, -83;
-4, 173, -31, -768, -31, -15, -19, 674, -121;
-9, 173, -30, -762, -72, -39, -36, 678, -118;
-6, 183, -21, -702, -63, -38, -23, 714, -85;
-14, 181, -25, -711, -127, -73, -55, 706, -97;
-23, 178, -28, -721, -196, -111, -90, 696, -112;
-26, 182, -26, -688, -226, -128, -101, 713, -104;
-28, 187, -24, -652, -255, -146, -112, 730, -96;
-30, 192, -21, -607, -278, -160, -120, 752, -84;
-38, 192, -25, -600, -340, -194, -151, 750, -99;
-44, 194, -26, -574, -385, -219, -173, 759, -103;
-44, 202, -22, -512, -396, -227, -174, 789, -88;
-52, 202, -26, -498, -455, -258, -205, 789, -104;
-57, 205, -27, -462, -492, -279, -223, 802, -108;
-55, 215, -22, -385, -489, -279, -217, 840, -89;
-60, 218, -24, -350, -527, -300, -236, 851, -96;
-58, 228, -19, -268, -516, -296, -227, 891, -76;
-59, 234, -18, -212, -530, -304, -232, 915, -72;
-63, 237, -20, -175, -560, -320, -249, 926, -81;
-65, 243, -20, -118, -570, -325, -253, 950, -79;
-65, 249, -19, -60, -574, -327, -255, 974, -76;
-70, 251, -23, -32, -606, -343, -274, 979, -92;
-68, 258, -21, 34, -595, -338, -268, 1009, -84;
-63, 269, -16, 119, -562, -321, -249, 1050, -63;
-66, 271, -19, 152, -577, -328, -259, 1059, -75;
-61, 281, -14, 234, -539, -308, -238, 1098, -56;
-59, 287, -13, 287, -525, -300, -232, 1120, -53;
-53, 296, -8, 365, -480, -276, -208, 1157, -34;
-53, 299, -10, 401, -473, -271, -207, 1169, -40;
-50, 304, -9, 448, -448, -257, -196, 1189, -36;
-51, 305, -12, 468, -446, -254, -200, 1192, -49;
-41, 316, -5, 549, -378, -218, -163, 1233, -21;
-45, 313, -12, 542, -391, -222, -177, 1220, -46;
-37, 320, -7, 600, -333, -191, -147, 1249, -29;
-37, 319, -10, 604, -323, -183, -148, 1245, -42;
-33, 322, -9, 636, -281, -159, -128, 1259, -36;
-29, 324, -9, 654, -246, -139, -114, 1265, -36;
-23, 327, -7, 679, -199, -112, -92, 1277, -29;
-16, 331, -4, 707, -144, -81, -65, 1291, -18;
-9, 334, -1, 731, -86, -49, -37, 1303, -6;
-7, 332, -3, 721, -58, -32, -28, 1296, -12;
-4, 330, -4, 707, -30, -15, -18, 1287, -18;
4, 334, 0, 733, 42, 24, 18, 1303, 2;
10, 333, 1, 727, 89, 50, 39, 1301, 7;
19, 336, 6, 740, 157, 88, 74, 1312, 26;
20, 331, 4, 702, 178, 101, 79, 1291, 16;
20, 324, 0, 654, 192, 111, 80, 1265, 3;
24, 321, 1, 627, 230, 133, 96, 1253, 4;
30, 319, 3, 603, 274, 158, 117, 1245, 12;
39, 320, 8, 602, 342, 195, 153, 1250, 34;
41, 314, 7, 552, 363, 208, 159, 1226, 29;
42, 308, 6, 498, 382, 220, 165, 1201, 24;
46, 304, 7, 459, 416, 239, 181, 1186, 30;
48, 297, 7, 403, 433, 250, 187, 1160, 27;
54, 296, 11, 379, 483, 276, 213, 1156, 46;
53, 287, 9, 305, 482, 277, 208, 1120, 35;
62, 288, 16, 293, 541, 308, 242, 1124, 63;
57, 275, 10, 197, 515, 296, 223, 1075, 40;
63, 274, 15, 170, 555, 317, 246, 1070, 61;
62, 266, 14, 99, 551, 316, 242, 1038, 56;
67, 264, 19, 69, 583, 332, 261, 1031, 76;
61, 252, 14, -22, 551, 316, 240, 986, 58;
69, 254, 23, -30, 599, 340, 271, 993, 92;
64, 244, 19, -115, 566, 323, 251, 952, 77;
66, 241, 23, -150, 579, 329, 261, 941, 93;
64, 234, 23, -214, 559, 318, 250, 914, 91;
57, 223, 18, -299, 512, 294, 224, 872, 73;
60, 223, 24, -319, 527, 300, 236, 870, 96;
51, 211, 19, -408, 465, 267, 202, 825, 74;
56, 214, 26, -410, 487, 276, 220, 834, 105;
49, 205, 23, -480, 434, 248, 192, 800, 91;
41, 196, 19, -550, 377, 217, 162, 765, 76;
46, 201, 28, -533, 399, 226, 182, 784, 112;
38, 193, 25, -595, 338, 193, 150, 753, 97;
37, 192, 28, -609, 318, 180, 145, 751, 109;
26, 183, 21, -678, 238, 138, 102, 714, 85;
28, 187, 29, -658, 242, 137, 111, 731, 114;
22, 184, 28, -685, 193, 109, 88, 719, 110;
11, 175, 21, -743, 107, 63, 43, 686, 84;
11, 179, 26, -722, 95, 54, 43, 701, 105;
7, 180, 28, -723, 57, 31, 27, 702, 109;
4, 182, 30, -710, 27, 13, 16, 711, 118;
-5, 177, 25, -739, -49, -27, -22, 692, 99;
-10, 178, 25, -732, -93, -53, -42, 695, 99;
-17, 178, 24, -728, -145, -82, -66, 695, 94;
-25, 176, 20, -733, -209, -117, -98, 689, 80;
-25, 183, 24, -686, -224, -128, -100, 714, 96;
-27, 188, 27, -645, -248, -142, -108, 734, 106;
-30, 193, 28, -606, -277, -160, -119, 753, 112;
-34, 196, 28, -571, -312, -180, -134, 768, 112;
-45, 193, 20, -583, -394, -224, -179, 753, 81;
-47, 199, 22, -529, -413, -235, -185, 778, 89;
-49, 205, 24, -477, -434, -248, -192, 802, 93;
-55, 208, 20, -448, -478, -272, -215, 811, 81;
-52, 218, 25, -368, -471, -270, -206, 851, 99;
-58, 221, 22, -333, -510, -291, -226, 861, 87;
-63, 223, 18, -301, -548, -312, -247, 871, 73;
-65, 228, 17, -250, -568, -323, -256, 891, 68;
-68, 233, 16, -200, -586, -332, -265, 911, 62;
-69, 239, 15, -145, -596, -338, -270, 933, 58;
-60, 254, 23, -28, -542, -312, -235, 994, 93;
-69, 252, 14, -25, -599, -340, -270, 983, 56;
-68, 259, 14, 36, -593, -337, -267, 1010, 55;
-68, 264, 13, 91, -590, -335, -266, 1033, 51;
-64, 274, 15, 168, -561, -320, -249, 1069, 60;
-66, 276, 11, 200, -572, -325, -259, 1077, 42;
-57, 289, 17, 299, -512, -294, -224, 1127, 67;
-56, 294, 15, 348, -497, -285, -218, 1147, 61;
-59, 293, 8, 358, -515, -292, -233, 1143, 33;
-53, 302, 11, 431, -466, -266, -207, 1178, 44;
-49, 307, 10, 477, -437, -250, -194, 1197, 41;
-50, 307, 5, 493, -433, -245, -197, 1198, 21;
-40, 318, 11, 574, -358, -206, -156, 1241, 43;
-39, 318, 6, 589, -344, -196, -154, 1243, 27;
-32, 325, 8, 640, -288, -165, -126, 1267, 34;
-27, 328, 8, 672, -245, -141, -106, 1281, 33;
-22, 330, 7, 694, -206, -118, -89, 1290, 28;
-21, 329, 2, 693, -185, -105, -84, 1285, 10;
-10, 337, 8, 749, -101, -60, -39, 1317, 31;
-11, 332, 0, 719, -98, -55, -45, 1296, 2;
-9, 330, -2, 710, -70, -38, -35, 1289, -11;
3, 338, 3, 762, 24, 12, 15, 1321, 15;
5, 335, 0, 739, 49, 27, 22, 1307, -1;
13, 337, 1, 749, 110, 61, 52, 1314, 4;
10, 328, -7, 688, 105, 62, 41, 1279, -29;
24, 334, 0, 725, 201, 113, 93, 1305, 0;
25, 329, -4, 686, 224, 127, 100, 1285, -16;
25, 322, -10, 631, 234, 136, 99, 1256, -39;
38, 327, -3, 653, 324, 183, 148, 1275, -12;
41, 323, -4, 617, 357, 202, 162, 1260, -18;
44, 318, -6, 576, 388, 220, 175, 1242, -25;
41, 307, -14, 494, 378, 218, 163, 1199, -56;
52, 309, -8, 495, 452, 257, 203, 1208, -32;
52, 302, -11, 433, 463, 265, 205, 1179, -46;
56, 298, -11, 392, 495, 282, 221, 1163, -45;
53, 287, -17, 308, 484, 278, 210, 1122, -69;
63, 289, -11, 299, 546, 311, 245, 1127, -46;
58, 276, -19, 205, 522, 300, 228, 1080, -74;
60, 271, -19, 150, 535, 307, 234, 1057, -76;
69, 273, -12, 144, 595, 338, 269, 1065, -48;
62, 259, -20, 41, 555, 318, 244, 1013, -79;
69, 260, -14, 25, 599, 340, 270, 1015, -56;
60, 245, -24, -89, 540, 310, 234, 956, -94;
60, 239, -24, -143, 539, 310, 234, 934, -94;
61, 236, -22, -184, 545, 312, 240, 920, -87;
58, 228, -25, -253, 520, 299, 226, 889, -98;
61, 227, -21, -277, 534, 305, 238, 885, -82;
58, 221, -21, -331, 515, 294, 229, 863, -84;
59, 219, -18, -361, 513, 291, 232, 855, -73;
56, 213, -20, -413, 484, 275, 218, 832, -78;
51, 207, -21, -465, 449, 255, 201, 809, -84;
50, 205, -20, -496, 431, 244, 195, 799, -78;
39, 193, -27, -582, 351, 202, 152, 754, -108;
33, 188, -29, -627, 306, 177, 130, 733, -115;
36, 191, -22, -615, 313, 178, 141, 747, -89;
31, 188, -23, -647, 270, 153, 121, 733, -93;
20, 179, -29, -708, 192, 111, 80, 700, -116;
19, 181, -26, -705, 173, 99, 76, 706, -102;
17, 182, -23, -701, 149, 84, 69, 712, -91;
7, 176, -28, -742, 75, 44, 31, 689, -110;
9, 182, -21, -707, 73, 39, 37, 712, -84;
0, 178, -25, -732, 5, 2, 3, 697, -98;
-4, 179, -25, -730, -40, -23, -17, 698, -98;
-13, 175, -29, -749, -111, -61, -53, 684, -114;
-17, 177, -28, -733, -150, -84, -69, 692, -111;
-21, 180, -27, -709, -185, -105, -83, 704, -105;
-24, 184, -25, -679, -217, -124, -96, 718, -98;
-28, 188, -23, -648, -251, -144, -109, 733, -93;
-35, 188, -26, -635, -306, -174, -137, 735, -102;
-37, 194, -23, -589, -329, -188, -144, 757, -92;
-43, 195, -26, -570, -382, -217, -171, 761, -101;
-42, 204, -20, -498, -382, -220, -165, 798, -79;
-50, 204, -24, -486, -443, -253, -198, 796, -97;
-51, 211, -21, -425, -455, -261, -201, 825, -85;
-55, 216, -22, -381, -485, -277, -214, 842, -86;
-55, 224, -19, -314, -491, -282, -214, 873, -74;
-62, 224, -24, -296, -544, -310, -244, 873, -93;
-57, 236, -16, -197, -515, -296, -223, 924, -63;
-59, 242, -16, -145, -531, -305, -231, 945, -63;
-64, 244, -19, -115, -567, -324, -251, 951, -77;
-67, 248, -21, -69, -583, -332, -261, 968, -82;
-67, 254, -20, -11, -585, -333, -262, 992, -79;
-63, 264, -16, 68, -561, -321, -247, 1030, -62;
-62, 270, -14, 129, -552, -316, -243, 1056, -57;
-66, 271, -19, 153, -576, -327, -259, 1060, -74;
-65, 277, -18, 208, -565, -321, -254, 1082, -72;
-55, 291, -9, 314, -498, -286, -215, 1136, -36;
-53, 297, -8, 366, -479, -276, -207, 1158, -33;
-59, 293, -17, 358, -515, -292, -233, 1143, -66;
-51, 303, -10, 440, -457, -261, -201, 1184, -41;
-47, 309, -9, 489, -425, -243, -187, 1205, -35;
-43, 315, -6, 541, -385, -221, -167, 1228, -26;
-46, 311, -13, 533, -399, -226, -182, 1215, -52;
-37, 321, -6, 604, -329, -188, -144, 1252, -26;
-34, 322, -7, 626, -302, -172, -134, 1259, -29;
-33, 322, -10, 632, -285, -161, -131, 1257, -39;
-29, 324, -9, 651, -249, -140, -116, 1263, -38;
-24, 326, -8, 675, -203, -114, -95, 1274, -32;
-16, 331, -4, 710, -140, -79, -63, 1293, -16;
-8, 335, 0, 740, -78, -45, -32, 1309, 0;
-5, 334, -1, 734, -45, -26, -20, 1304, -4;
-3, 331, -3, 714, -22, -11, -14, 1291, -14;
10, 339, 5, 766, 75, 41, 39, 1324, 23;
9, 333, 1, 723, 84, 48, 36, 1298, 4;
15, 332, 2, 715, 132, 75, 58, 1296, 11;
23, 333, 7, 720, 195, 110, 90, 1302, 27;
27, 331, 7, 697, 235, 133, 107, 1292, 29;
30, 327, 7, 663, 267, 152, 119, 1276, 27;
39, 328, 12, 660, 331, 187, 152, 1280, 47;
39, 321, 9, 604, 344, 196, 154, 1252, 36;
40, 314, 7, 551, 363, 208, 159, 1226, 29;
43, 309, 7, 505, 389, 223, 170, 1206, 29;
45, 303, 7, 455, 413, 237, 179, 1184, 28;
54, 303, 13, 440, 471, 268, 210, 1184, 50;
55, 297, 12, 384, 488, 278, 216, 1159, 49;
54, 287, 9, 308, 485, 279, 210, 1122, 37;
60, 286, 14, 283, 531, 303, 236, 1117, 57;
58, 276, 11, 204, 522, 300, 227, 1080, 45;
67, 278, 20, 196, 582, 331, 263, 1086, 78;
68, 273, 21, 143, 594, 337, 268, 1065, 83;
65, 262, 18, 59, 574, 327, 255, 1025, 70;
64, 255, 17, -7, 566, 324, 250, 995, 67;
67, 253, 21, -40, 589, 335, 264, 986, 85;
67, 246, 22, -97, 584, 332, 262, 963, 88;
64, 239, 21, -165, 564, 322, 252, 932, 84;
62, 232, 21, -227, 546, 312, 242, 905, 82;
58, 224, 19, -296, 515, 295, 226, 874, 75;
60, 222, 24, -323, 522, 297, 234, 868, 93;
59, 219, 26, -361, 512, 291, 231, 854, 103;
49, 206, 19, -457, 440, 253, 191, 805, 76;
52, 208, 26, -459, 455, 258, 205, 813, 104;
44, 199, 22, -531, 396, 227, 174, 777, 88;
39, 193, 21, -579, 353, 203, 153, 755, 84;
38, 193, 24, -596, 337, 193, 150, 753, 97;
33, 189, 24, -630, 298, 170, 132, 738, 97;
30, 187, 26, -653, 264, 150, 118, 729, 101;
27, 186, 27, -668, 232, 131, 105, 725, 108;
23, 184, 28, -683, 195, 110, 89, 720, 111;
13, 178, 24, -725, 125, 72, 54, 697, 96;
14, 182, 29, -703, 114, 63, 55, 713, 116;
1, 174, 22, -759, 20, 13, 4, 679, 86;
-5, 172, 21, -769, -31, -15, -19, 674, 82;
-9, 174, 22, -760, -69, -38, -35, 679, 86;
-5, 183, 30, -698, -59, -35, -20, 716, 120;
-17, 177, 23, -733, -150, -84, -69, 692, 90;
-19, 183, 26, -694, -169, -97, -74, 713, 105;
-24, 184, 26, -678, -216, -123, -95, 719, 102;
-28, 187, 26, -651, -254, -145, -112, 731, 102;
-30, 193, 28, -607, -278, -160, -119, 752, 111;
-41, 190, 22, -614, -354, -201, -160, 741, 86;
-46, 192, 20, -587, -399, -226, -181, 751, 79;
-48, 199, 22, -532, -417, -237, -187, 776, 87;
-48, 206, 24, -472, -429, -246, -189, 805, 96;
-52, 210, 23, -433, -463, -265, -205, 820, 91;
-55, 215, 22, -387, -490, -280, -218, 839, 87;
-62, 216, 18, -360, -537, -305, -243, 845, 70;
-60, 225, 21, -286, -534, -304, -237, 880, 82;
-65, 228, 17, -251, -568, -323, -256, 891, 68;
-62, 239, 21, -163, -549, -314, -242, 934, 85;
-63, 244, 20, -110, -561, -321, -248, 955, 80;
-61, 254, 23, -32, -546, -313, -238, 992, 90;
-61, 260, 22, 24, -549, -315, -239, 1015, 87;
-63, 263, 19, 66, -563, -322, -248, 1029, 74;
-60, 273, 21, 142, -539, -310, -234, 1064, 83;
-58, 279, 21, 203, -526, -303, -228, 1090, 82;
-63, 279, 14, 222, -551, -314, -246, 1090, 56;
-61, 284, 12, 272, -539, -307, -241, 1111, 50;
-57, 292, 14, 338, -507, -290, -224, 1141, 55;
-51, 301, 17, 413, -460, -265, -199, 1177, 67;
-49, 305, 14, 452, -445, -255, -194, 1191, 58;
-51, 305, 8, 465, -449, -255, -201, 1190, 34;
-51, 306, 5, 490, -436, -247, -199, 1196, 19;
-45, 313, 6, 542, -391, -222, -177, 1220, 23;
-37, 320, 9, 602, -331, -189, -146, 1251, 35;
-31, 326, 9, 646, -282, -162, -122, 1271, 38;
-29, 326, 6, 659, -258, -147, -114, 1273, 24;
-25, 328, 4, 677, -223, -127, -99, 1280, 17;
-20, 330, 3, 698, -180, -102, -80, 1289, 14;
-16, 331, 2, 712, -139, -79, -62, 1294, 8;
-14, 330, -1, 704, -113, -63, -54, 1287, -6;
-4, 335, 1, 739, -41, -23, -17, 1307, 6;
2, 337, 2, 753, 15, 7, 9, 1315, 9;
7, 337, 1, 752, 61, 34, 30, 1315, 6;
12, 335, 0, 741, 102, 57, 47, 1309, 0;
15, 332, -3, 716, 133, 76, 59, 1297, -12;
18, 328, -6, 688, 164, 94, 70, 1282, -23;
28, 332, -1, 701, 239, 135, 109, 1294, -7;
32, 329, -2, 678, 281, 159, 128, 1285, -10;
30, 319, -10, 607, 278, 160, 119, 1247, -41;
39, 321, -6, 605, 346, 197, 155, 1253, -25;
38, 312, -12, 537, 349, 201, 151, 1218, -49;
44, 310, -11, 510, 394, 226, 173, 1209, -46;
54, 312, -5, 511, 468, 265, 213, 1218, -22;
52, 301, -12, 429, 459, 263, 203, 1177, -48;
55, 297, -12, 385, 489, 279, 217, 1159, -49;
63, 297, -8, 367, 543, 308, 247, 1159, -32;
57, 283, -16, 267, 514, 295, 225, 1107, -66;
58, 276, -19, 204, 522, 300, 227, 1079, -74;
58, 269, -21, 140, 526, 302, 227, 1051, -82;
63, 267, -17, 110, 561, 321, 248, 1044, -69;
69, 267, -13, 87, 601, 341, 272, 1042, -50;
68, 259, -15, 19, 593, 337, 267, 1012, -59;
65, 250, -19, -58, 571, 326, 253, 975, -75;
61, 241, -22, -132, 549, 315, 241, 941, -87;
66, 240, -17, -154, 575, 327, 258, 939, -69;
63, 233, -19, -219, 554, 316, 247, 910, -77;
58, 224, -23, -292, 520, 297, 229, 876, -90;
58, 221, -21, -332, 513, 293, 228, 862, -85;
54, 214, -23, -392, 482, 276, 212, 835, -93;
55, 212, -21, -419, 478, 272, 214, 828, -82;
44, 200, -28, -509, 406, 234, 174, 782, -111;
42, 197, -27, -541, 385, 221, 167, 771, -106;
40, 194, -26, -575, 357, 205, 156, 758, -104;
40, 194, -23, -585, 348, 198, 156, 759, -89;
35, 190, -23, -621, 307, 175, 137, 743, -93;
31, 188, -23, -644, 273, 155, 123, 735, -91;
19, 178, -30, -713, 187, 109, 77, 697, -119;
24, 186, -21, -674, 204, 114, 95, 726, -83;
11, 176, -29, -740, 111, 65, 45, 688, -115;
13, 182, -22, -707, 110, 61, 52, 710, -88;
8, 181, -22, -714, 65, 35, 32, 707, -89;
0, 177, -26, -740, -2, -1, -1, 692, -103;
0, 183, -21, -704, -13, -10, 0, 714, -82;
-5, 183, -21, -699, -60, -36, -21, 715, -83;
-11, 184, -21, -691, -108, -63, -43, 718, -85;
-24, 177, -29, -727, -203, -114, -94, 693, -116;
-26, 182, -27, -693, -231, -131, -104, 710, -107;
-26, 189, -21, -635, -238, -138, -102, 740, -85;
-37, 186, -28, -648, -319, -181, -145, 727, -110;
-40, 190, -26, -609, -350, -199, -157, 744, -104;
-43, 195, -25, -567, -379, -216, -169, 763, -99;
-45, 201, -23, -516, -400, -229, -177, 786, -91;
-51, 204, -25, -488, -445, -253, -199, 795, -98;
-52, 210, -22, -431, -462, -264, -204, 821, -89;
-60, 210, -27, -416, -520, -295, -236, 820, -108;
-58, 220, -22, -334, -511, -292, -227, 861, -86;
-58, 228, -20, -272, -519, -297, -229, 889, -78;
-67, 227, -26, -260, -577, -327, -262, 885, -102;
-60, 240, -17, -155, -540, -310, -237, 939, -69;
-65, 242, -21, -123, -574, -327, -256, 947, -82;
-64, 250, -19, -56, -571, -326, -253, 976, -74;
-62, 258, -16, 15, -558, -320, -245, 1009, -62;
-70, 257, -22, 25, -604, -343, -274, 1003, -89;
-63, 269, -16, 120, -561, -321, -248, 1051, -62;
-62, 275, -15, 178, -551, -315, -243, 1075, -58;
-60, 282, -13, 240, -532, -305, -234, 1102, -51;
-62, 284, -16, 268, -543, -309, -243, 1108, -65;
-53, 296, -9, 363, -482, -277, -209, 1156, -35;
-55, 297, -12, 388, -486, -278, -215, 1161, -47;
-56, 298, -15, 410, -487, -276, -220, 1165, -60;
-52, 304, -14, 459, -455, -258, -205, 1186, -54;
-43, 314, -7, 539, -387, -222, -168, 1227, -27;
-38, 320, -4, 587, -345, -199, -148, 1249, -18;
-36, 321, -5, 610, -323, -186, -141, 1255, -23;
-38, 318, -11, 599, -329, -186, -151, 1242, -45;
-30, 325, -6, 654, -263, -150, -117, 1270, -25;
-22, 331, -2, 697, -204, -117, -87, 1292, -10;
-17, 333, -1, 716, -162, -93, -69, 1300, -6;
-13, 334, -1, 726, -124, -72, -53, 1302, -6;
-6, 337, 1, 749, -68, -40, -26, 1315, 5;
-2, 337, 1, 753, -27, -16, -8, 1316, 7;
2, 337, 2, 751, 13, 6, 8, 1314, 8;
5, 335, 1, 738, 47, 27, 21, 1306, 5;
13, 336, 5, 748, 109, 61, 52, 1314, 20;
15, 333, 3, 720, 137, 78, 61, 1299, 14;
24, 334, 7, 725, 201, 113, 93, 1305, 30;
25, 329, 5, 685, 223, 127, 99, 1284, 22;
32, 329, 9, 675, 278, 157, 127, 1283, 35;
29, 318, 1, 597, 267, 155, 113, 1240, 7;
39, 320, 9, 602, 343, 195, 153, 1251, 35;
38, 311, 4, 535, 346, 200, 149, 1216, 19;
51, 317, 15, 554, 438, 248, 200, 1236, 59;
44, 302, 5, 447, 404, 233, 174, 1178, 23;
51, 301, 10, 426, 457, 261, 201, 1175, 42;
57, 299, 14, 398, 502, 286, 225, 1167, 57;
58, 291, 13, 334, 511, 292, 227, 1138, 53;
60, 286, 14, 281, 529, 302, 234, 1116, 56;
61, 280, 14, 224, 542, 310, 240, 1092, 57;
62, 274, 15, 168, 554, 316, 245, 1069, 60;
64, 268, 16, 112, 563, 322, 249, 1045, 64;
61, 259, 14, 38, 552, 316, 241, 1011, 56;
65, 257, 19, 4, 577, 329, 257, 1002, 74;
62, 247, 16, -73, 556, 319, 244, 966, 65;
62, 241, 17, -131, 550, 315, 241, 942, 67;
66, 240, 23, -154, 575, 327, 258, 939, 90;
64, 234, 23, -215, 558, 318, 250, 913, 90;
59, 225, 20, -287, 524, 300, 232, 879, 81;
54, 217, 19, -355, 490, 281, 214, 848, 74;
57, 217, 24, -374, 499, 284, 223, 846, 95;
53, 210, 23, -431, 465, 266, 207, 821, 91;
46, 202, 20, -500, 415, 238, 180, 788, 79;
42, 197, 20, -545, 381, 219, 165, 768, 79;
37, 191, 19, -592, 341, 197, 146, 747, 76;
34, 189, 21, -619, 314, 181, 135, 738, 82;
37, 193, 28, -606, 322, 182, 147, 753, 112;
25, 182, 20, -685, 232, 134, 98, 709, 81;
29, 188, 30, -654, 246, 139, 114, 734, 117;
20, 182, 26, -699, 179, 102, 80, 710, 102;
19, 184, 30, -687, 163, 91, 77, 720, 119;
9, 177, 24, -735, 82, 47, 35, 693, 97;
9, 182, 30, -706, 74, 40, 38, 713, 120;
2, 180, 28, -721, 16, 8, 10, 704, 111;
-7, 175, 23, -753, -62, -34, -30, 684, 90;
-6, 183, 30, -703, -64, -38, -24, 713, 117;
-12, 183, 28, -698, -115, -67, -47, 714, 112;
-16, 185, 29, -680, -155, -90, -65, 722, 114;
-23, 185, 27, -669, -207, -119, -90, 724, 107;
-30, 185, 24, -661, -264, -150, -118, 724, 96;
-37, 186, 21, -649, -319, -181, -145, 726, 85;
-39, 191, 23, -604, -344, -196, -154, 748, 92;
-39, 199, 27, -540, -352, -202, -152, 779, 108;
-50, 196, 19, -550, -434, -246, -198, 765, 75;
-45, 209, 27, -453, -411, -236, -178, 817, 108;
-54, 208, 21, -443, -473, -270, -212, 814, 84;
-51, 219, 26, -360, -464, -266, -201, 855, 104;
-53, 225, 27, -304, -480, -276, -208, 880, 105;
-56, 230, 25, -256, -504, -290, -219, 898, 100;
-61, 232, 21, -225, -543, -310, -240, 906, 83;
-68, 233, 15, -202, -587, -333, -266, 910, 61;
-65, 243, 18, -121, -572, -326, -255, 948, 73;
-61, 254, 23, -33, -547, -314, -238, 991, 90;
-60, 261, 23, 30, -543, -312, -235, 1019, 91;
-69, 258, 13, 33, -596, -339, -269, 1008, 54;
-68, 264, 13, 90, -591, -336, -266, 1032, 50;
-62, 275, 16, 176, -554, -316, -245, 1073, 65;
-61, 281, 16, 234, -538, -308, -238, 1098, 64;
-57, 289, 17, 303, -509, -292, -222, 1130, 69;
-59, 290, 12, 327, -518, -296, -231, 1134, 48;
-50, 302, 17, 416, -457, -263, -197, 1179, 69;
-47, 307, 16, 464, -433, -249, -187, 1198, 65;
-54, 302, 5, 447, -468, -265, -213, 1178, 22;
-41, 316, 14, 550, -376, -217, -162, 1234, 57;
-41, 317, 10, 569, -363, -208, -159, 1238, 40;
-39, 318, 7, 590, -343, -195, -153, 1243, 27;
-36, 320, 4, 611, -317, -180, -144, 1249, 16;
-29, 326, 5, 655, -262, -149, -116, 1271, 22;
-23, 330, 6, 689, -211, -121, -92, 1287, 25;
-21, 330, 3, 695, -183, -104, -82, 1287, 12;
-14, 333, 4, 724, -126, -72, -54, 1302, 16;
-10, 333, 1, 727, -91, -52, -40, 1301, 7;
-3, 335, 2, 743, -37, -21, -15, 1309, 8;
-3, 331, -3, 717, -20, -10, -12, 1293, -12;
2, 332, -3, 721, 30, 18, 11, 1296, -12;
12, 336, 0, 743, 104, 58, 48, 1311, 1;
20, 337, 1, 749, 165, 92, 79, 1317, 7;
16, 327, -8, 676, 152, 88, 63, 1275, -31;
29, 333, 0, 708, 246, 139, 114, 1299, -3;
30, 327, -4, 664, 267, 152, 120, 1277, -19;
34, 323, -6, 631, 302, 172, 134, 1262, -25;
41, 323, -4, 616, 357, 202, 162, 1259, -19;
44, 318, -6, 574, 386, 219, 173, 1240, -26;
43, 309, -12, 504, 388, 223, 169, 1205, -49;
49, 307, -11, 477, 434, 248, 192, 1197, -43;
52, 301, -12, 430, 460, 263, 204, 1177, -48;
56, 298, -11, 390, 494, 282, 220, 1162, -46;
58, 291, -13, 333, 509, 291, 226, 1138, -54;
62, 288, -12, 293, 541, 308, 242, 1123, -49;
63, 282, -13, 238, 555, 316, 248, 1100, -53;
65, 276, -14, 182, 567, 323, 253, 1077, -56;
61, 266, -19, 98, 550, 315, 241, 1037, -76;
65, 262, -17, 59, 573, 327, 254, 1024, -68;
69, 260, -14, 27, 601, 341, 271, 1016, -55;
64, 249, -19, -60, 568, 325, 252, 974, -76;
63, 242, -21, -123, 558, 319, 246, 946, -82;
65, 239, -18, -161, 568, 324, 254, 935, -73;
67, 237, -16, -196, 576, 327, 261, 924, -63;
62, 228, -19, -266, 545, 310, 245, 892, -75;
61, 223, -19, -316, 529, 301, 238, 872, -75;
58, 218, -19, -365, 508, 289, 229, 852, -76;
49, 207, -26, -452, 445, 256, 194, 808, -102;
51, 206, -22, -469, 445, 254, 199, 807, -86;
50, 204, -20, -497, 430, 244, 195, 798, -78;
44, 198, -22, -550, 383, 218, 172, 774, -88;
36, 190, -27, -610, 323, 185, 141, 744, -105;
29, 184, -30, -660, 268, 155, 113, 719, -117;
28, 185, -26, -665, 252, 144, 110, 722, -104;
29, 188, -20, -650, 250, 141, 116, 736, -80;
17, 179, -28, -716, 162, 93, 69, 699, -110;
14, 179, -26, -719, 131, 75, 58, 701, -102;
9, 178, -26, -731, 87, 49, 38, 696, -103;
0, 173, -30, -762, 17, 12, 3, 678, -118;
0, 177, -26, -739, -1, 0, -1, 693, -103;
-3, 179, -24, -727, -36, -21, -14, 700, -96;
-5, 183, -21, -697, -58, -35, -20, 717, -82;
-12, 183, -22, -698, -114, -67, -47, 714, -89;
-23, 178, -28, -719, -195, -110, -89, 698, -111;
-26, 182, -26, -689, -227, -129, -102, 712, -104;
-31, 184, -27, -670, -273, -155, -124, 719, -107;
-34, 189, -25, -631, -302, -172, -134, 737, -99;
-38, 192, -24, -597, -337, -192, -149, 752, -97;
-39, 199, -21, -542, -353, -203, -153, 779, -83;
-42, 204, -20, -499, -383, -220, -166, 797, -80;
-53, 201, -27, -502, -459, -260, -208, 786, -106;
-48, 215, -18, -403, -434, -250, -187, 839, -72;
-54, 217, -21, -374, -478, -274, -210, 846, -82;
-57, 221, -21, -327, -504, -288, -222, 865, -82;
-55, 231, -16, -251, -499, -287, -216, 901, -65;
-59, 234, -18, -213, -531, -304, -233, 914, -73;
-67, 233, -24, -198, -584, -332, -264, 912, -96;
-61, 247, -16, -94, -546, -313, -238, 964, -64;
-61, 254, -15, -33, -547, -314, -238, 991, -59;
-68, 252, -22, -22, -596, -339, -268, 985, -86;
-67, 260, -19, 43, -586, -333, -262, 1015, -77;
-69, 263, -21, 85, -596, -338, -270, 1029, -84;
-66, 272, -18, 155, -574, -326, -257, 1061, -73;
-57, 284, -11, 255, -518, -298, -225, 1111, -42;
-58, 288, -12, 293, -518, -297, -228, 1123, -49;
-60, 290, -15, 323, -523, -298, -234, 1131, -60;
-51, 301, -8, 411, -463, -266, -201, 1175, -33;
-53, 301, -12, 429, -467, -267, -208, 1177, -48;
-51, 305, -13, 465, -450, -256, -202, 1190, -51;
-49, 308, -13, 500, -426, -242, -193, 1203, -51;
-38, 320, -4, 587, -346, -199, -149, 1248, -18;
-38, 319, -7, 597, -336, -192, -149, 1247, -31;
-37, 319, -10, 607, -321, -181, -146, 1247, -40;
-31, 324, -7, 647, -270, -153, -121, 1266, -30;
-29, 324, -9, 654, -246, -139, -114, 1265, -36;
-22, 328, -6, 686, -191, -108, -87, 1281, -25;
-12, 335, 0, 737, -114, -66, -47, 1309, 0;
-10, 334, -1, 730, -88, -50, -39, 1302, -7;
-5, 334, -1, 735, -44, -25, -19, 1304, -3;
-1, 333, -1, 727, -10, -5, -6, 1299, -6;
3, 332, 0, 723, 33, 19, 12, 1297, -3;
14, 338, 6, 757, 118, 65, 57, 1319, 25;
17, 334, 4, 728, 145, 82, 66, 1304, 18;
19, 329, 2, 694, 169, 97, 74, 1286, 11;
26, 330, 6, 691, 229, 130, 103, 1288, 26;
34, 331, 11, 688, 291, 164, 134, 1291, 42;
34, 324, 7, 633, 304, 173, 136, 1263, 30;
39, 321, 9, 605, 346, 197, 155, 1253, 37;
40, 314, 7, 550, 362, 207, 159, 1226, 28;
43, 309, 7, 504, 388, 223, 169, 1205, 28;
49, 307, 10, 477, 434, 248, 192, 1197, 41;
51, 301, 10, 424, 455, 260, 200, 1174, 40;
54, 295, 11, 375, 478, 274, 210, 1153, 43;
57, 290, 12, 328, 504, 288, 222, 1134, 49;
60, 286, 15, 285, 533, 304, 237, 1118, 58;
57, 276, 10, 199, 517, 297, 224, 1077, 42;
59, 270, 12, 147, 532, 306, 232, 1055, 47;
62, 266, 14, 100, 552, 316, 242, 1038, 57;
60, 257, 12, 27, 541, 311, 235, 1004, 50;
60, 251, 13, -29, 544, 313, 236, 981, 53;
62, 247, 16, -72, 557, 319, 245, 966, 65;
62, 241, 17, -130, 551, 316, 242, 942, 67;
66, 241, 23, -152, 577, 328, 259, 940, 92;
60, 230, 19, -236, 536, 307, 236, 900, 76;
63, 229, 24, -263, 548, 312, 246, 894, 96;
55, 217, 19, -354, 492, 282, 215, 849, 74;
56, 215, 23, -382, 491, 280, 218, 841, 90;
55, 212, 25, -419, 478, 272, 214, 829, 99;
51, 207, 25, -468, 446, 254, 200, 807, 99;
42, 196, 20, -547, 379, 218, 164, 767, 78;
44, 198, 26, -547, 385, 219, 173, 775, 103;
39, 194, 26, -587, 346, 197, 155, 758, 102;
30, 186, 21, -649, 279, 160, 120, 726, 85;
32, 189, 27, -641, 276, 156, 125, 737, 109;
25, 184, 26, -678, 222, 126, 99, 719, 101;
19, 181, 25, -703, 175, 100, 77, 708, 99;
13, 178, 24, -726, 125, 72, 54, 697, 95;
11, 180, 27, -721, 96, 54, 44, 702, 106;
5, 178, 26, -731, 48, 27, 22, 697, 104;
-2, 175, 23, -756, -18, -9, -11, 682, 90;
-5, 177, 25, -739, -49, -27, -22, 692, 99;
-11, 178, 25, -734, -95, -54, -43, 694, 97;
-16, 179, 25, -722, -139, -79, -62, 699, 97;
-21, 180, 24, -708, -183, -104, -82, 705, 96;
-29, 179, 21, -707, -245, -138, -113, 701, 83;
-34, 182, 20, -685, -288, -162, -133, 709, 81;
-31, 191, 27, -614, -285, -164, -124, 748, 107;
-37, 193, 25, -590, -330, -189, -145, 756, 100;
-42, 197, 24, -558, -370, -211, -163, 769, 97;
-46, 200, 24, -521, -405, -231, -180, 783, 94;
-48, 206, 24, -473, -431, -246, -190, 804, 95;
-53, 209, 22, -438, -469, -267, -209, 816, 87;
-59, 211, 19, -407, -510, -290, -230, 826, 75;
-57, 221, 23, -329, -505, -289, -223, 864, 90;
-59, 227, 22, -276, -524, -299, -231, 886, 88;
-57, 236, 25, -199, -516, -297, -224, 923, 100;
-67, 233, 16, -198, -584, -331, -264, 912, 63;
-60, 248, 23, -90, -542, -311, -236, 967, 92;
-66, 249, 18, -64, -578, -330, -258, 971, 70;
-61, 260, 22, 24, -548, -315, -239, 1015, 87;
-61, 266, 21, 83, -546, -314, -238, 1039, 85;
-64, 268, 16, 114, -568, -324, -252, 1046, 65;
-58, 279, 21, 203, -527, -303, -228, 1090, 82;
-64, 278, 13, 214, -559, -318, -250, 1086, 51;
-62, 284, 12, 267, -544, -310, -244, 1107, 47;
-56, 293, 15, 346, -500, -286, -220, 1145, 60;
-51, 301, 16, 410, -464, -267, -201, 1175, 65;
-52, 303, 12, 437, -460, -263, -203, 1182, 48;
-50, 306, 10, 474, -441, -251, -196, 1195, 39;
-50, 307, 5, 493, -433, -245, -197, 1198, 21;
-43, 315, 8, 557, -376, -214, -167, 1230, 33;
-36, 321, 10, 610, -323, -185, -141, 1255, 39;
-34, 322, 6, 626, -302, -172, -134, 1259, 26;
-27, 328, 8, 669, -248, -142, -108, 1280, 31;
-19, 333, 10, 713, -187, -109, -77, 1302, 39;
-21, 329, 2, 691, -187, -106, -85, 1284, 9;
-13, 334, 4, 727, -123, -71, -53, 1303, 18;
-15, 328, -3, 695, -122, -67, -60, 1281, -12;
-9, 330, -3, 709, -70, -38, -35, 1288, -11;
1, 336, 1, 747, 10, 5, 6, 1312, 6;
1, 331, -4, 713, 22, 14, 6, 1291, -17;
7, 330, -5, 709, 70, 41, 27, 1290, -19;
12, 330, -5, 702, 118, 68, 50, 1287, -21;
21, 332, -2, 710, 186, 105, 84, 1296, -10;
19, 323, -10, 649, 187, 109, 77, 1262, -39;
32, 329, -3, 675, 278, 157, 126, 1283, -12;
34, 323, -6, 630, 301, 172, 134, 1261, -26;
39, 321, -6, 604, 345, 196, 154, 1252, -26;
37, 311, -14, 529, 341, 197, 145, 1212, -54;
46, 312, -9, 524, 409, 233, 182, 1218, -36;
47, 304, -13, 462, 420, 241, 183, 1188, -52;
54, 303, -10, 441, 472, 269, 211, 1184, -41;
51, 293, -16, 359, 463, 266, 201, 1143, -66;
61, 295, -10, 355, 531, 302, 239, 1151, -40;
59, 285, -15, 278, 526, 301, 233, 1114, -58;
61, 280, -15, 224, 542, 310, 240, 1092, -62;
65, 276, -14, 185, 570, 325, 255, 1079, -55;
64, 268, -17, 112, 563, 322, 249, 1045, -68;
60, 257, -22, 25, 539, 310, 234, 1004, -89;
63, 254, -20, -11, 562, 322, 247, 993, -79;
65, 250, -18, -55, 574, 328, 255, 977, -73;
62, 242, -21, -128, 553, 317, 243, 943, -85;
62, 237, -21, -178, 551, 315, 243, 924, -84;
62, 232, -21, -228, 545, 311, 242, 905, -82;
59, 225, -22, -287, 524, 300, 232, 879, -88;
58, 220, -22, -335, 510, 291, 226, 860, -87;
57, 216, -21, -376, 498, 283, 222, 845, -83;
54, 211, -21, -423, 474, 270, 212, 826, -84;
48, 204, -25, -488, 427, 244, 188, 795, -98;
45, 200, -24, -523, 403, 230, 178, 782, -95;
46, 200, -20, -538, 395, 224, 179, 781, -81;
35, 189, -27, -616, 317, 183, 137, 740, -108;
34, 189, -24, -627, 301, 172, 134, 740, -97;
31, 188, -23, -647, 270, 153, 121, 733, -92;
26, 185, -23, -670, 230, 130, 104, 724, -93;
18, 180, -27, -712, 166, 96, 72, 702, -107;
11, 176, -30, -743, 107, 63, 43, 686, -117;
13, 182, -22, -708, 110, 61, 52, 710, -88;
3, 177, -27, -742, 37, 22, 15, 690, -106;
3, 181, -22, -717, 19, 9, 12, 706, -89;
-6, 177, -27, -742, -51, -29, -24, 690, -106;
-7, 181, -23, -714, -75, -44, -31, 706, -92;
-18, 177, -28, -736, -152, -85, -71, 691, -112;
-23, 178, -29, -723, -199, -112, -92, 695, -114;
-24, 184, -24, -676, -214, -122, -94, 720, -96;
-34, 181, -30, -687, -290, -163, -134, 708, -117;
-29, 194, -20, -599, -270, -156, -114, 757, -79;
-39, 191, -26, -604, -344, -196, -154, 747, -101;
-47, 192, -29, -589, -401, -227, -183, 749, -113;
-48, 198, -26, -536, -420, -239, -189, 774, -103;
-47, 207, -21, -465, -423, -242, -185, 809, -84;
-55, 207, -25, -448, -479, -272, -215, 810, -100;
-51, 219, -18, -357, -461, -265, -199, 857, -71;
-55, 223, -19, -315, -491, -282, -214, 873, -74;
-61, 225, -22, -286, -534, -305, -238, 880, -87;
-66, 227, -25, -254, -572, -325, -259, 888, -99;
-65, 236, -22, -184, -569, -324, -255, 921, -87;
-67, 241, -22, -131, -582, -331, -261, 942, -87;
-62, 252, -16, -42, -556, -319, -244, 985, -65;
-69, 252, -22, -26, -600, -341, -271, 983, -88;
-63, 264, -15, 69, -559, -320, -246, 1031, -61;
-64, 268, -17, 113, -568, -324, -252, 1046, -67;
-61, 276, -13, 186, -544, -311, -239, 1079, -54;
-60, 282, -13, 238, -535, -306, -235, 1100, -53;
-58, 288, -12, 294, -517, -296, -227, 1124, -48;
-56, 293, -11, 346, -499, -286, -219, 1146, -46;
-58, 294, -15, 369, -504, -287, -227, 1150, -59;
-52, 303, -11, 437, -460, -263, -203, 1182, -43;
-54, 302, -15, 450, -465, -263, -211, 1180, -60;
-47, 310, -11, 511, -415, -236, -186, 1209, -45;
-43, 314, -10, 552, -380, -217, -170, 1227, -40;
-34, 323, -4, 621, -312, -180, -134, 1262, -16;
-35, 321, -8, 617, -310, -176, -140, 1253, -34;
-29, 326, -5, 661, -256, -146, -113, 1275, -21;
-27, 326, -7, 666, -234, -133, -106, 1273, -29;
-21, 329, -5, 690, -188, -106, -85, 1284, -22;
-17, 330, -5, 701, -149, -84, -69, 1287, -21;
-8, 335, 0, 738, -80, -46, -33, 1307, -2;
-7, 331, -3, 718, -61, -34, -30, 1294, -14;
4, 339, 4, 765, 28, 14, 17, 1323, 17;
7, 336, 3, 749, 58, 32, 28, 1313, 12;
5, 328, -3, 696, 57, 35, 19, 1281, -12;
14, 332, 2, 714, 130, 75, 57, 1295, 10;
19, 329, 2, 694, 170, 97, 74, 1286, 11;
23, 326, 3, 669, 207, 119, 90, 1275, 12;
32, 329, 9, 676, 279, 158, 127, 1284, 35;
32, 322, 5, 621, 292, 167, 128, 1256, 22;
35, 316, 5, 577, 318, 183, 138, 1235, 19;
40, 314, 7, 549, 360, 207, 158, 1225, 27;
49, 315, 13, 542, 426, 242, 193, 1229, 51;
45, 303, 6, 452, 409, 236, 177, 1182, 26;
56, 306, 15, 458, 489, 277, 221, 1195, 61;
50, 292, 7, 354, 458, 264, 198, 1140, 30;
55, 289, 11, 319, 495, 284, 217, 1129, 43;
60, 286, 14, 285, 532, 304, 237, 1118, 58;
65, 283, 18, 247, 565, 321, 254, 1106, 72;
63, 274, 16, 171, 557, 318, 247, 1071, 62;
67, 271, 20, 135, 586, 333, 263, 1060, 78;
61, 258, 14, 35, 549, 315, 240, 1010, 55;
66, 257, 19, 5, 579, 330, 258, 1003, 75;
67, 253, 22, -39, 589, 335, 265, 987, 85;
65, 245, 21, -107, 574, 327, 256, 957, 82;
65, 239, 22, -161, 568, 324, 254, 935, 86;
66, 236, 25, -203, 570, 324, 257, 920, 97;
59, 225, 20, -289, 523, 299, 231, 878, 80;
59, 222, 23, -324, 521, 297, 233, 867, 93;
50, 210, 17, -416, 458, 264, 198, 821, 69;
48, 205, 18, -461, 436, 251, 188, 802, 73;
47, 203, 21, -490, 424, 243, 186, 794, 85;
45, 199, 23, -528, 399, 228, 176, 779, 90;
44, 198, 26, -549, 384, 218, 172, 774, 102;
33, 188, 20, -625, 308, 178, 132, 734, 79;
33, 188, 24, -634, 294, 168, 129, 736, 94;
32, 189, 28, -637, 280, 158, 127, 739, 111;
26, 185, 26, -674, 226, 128, 101, 721, 104;
24, 185, 29, -677, 201, 113, 93, 724, 115;
17, 182, 28, -703, 147, 83, 67, 711, 109;
7, 176, 23, -745, 72, 42, 29, 687, 91;
9, 183, 30, -705, 75, 40, 38, 713, 120;
4, 182, 30, -711, 26, 13, 16, 710, 118;
-9, 173, 21, -762, -72, -39, -36, 678, 84;
-12, 176, 23, -741, -102, -57, -48, 689, 93;
-17, 177, 23, -732, -149, -84, -69, 693, 91;
-22, 179, 23, -714, -190, -107, -87, 700, 92;
-22, 186, 28, -666, -204, -117, -88, 726, 109;
-29, 187, 26, -653, -256, -146, -113, 729, 101;
-36, 186, 22, -646, -317, -179, -143, 728, 87;
-40, 190, 22, -610, -350, -199, -158, 744, 88;
-47, 192, 19, -589, -401, -227, -183, 749, 77;
-43, 203, 26, -506, -391, -224, -171, 792, 103;
-48, 206, 24, -472, -429, -245, -189, 805, 96;
-51, 211, 24, -424, -454, -260, -200, 826, 96;
-57, 213, 21, -396, -500, -285, -224, 833, 82;
-55, 223, 25, -317, -493, -283, -216, 872, 97;
-60, 226, 22, -280, -528, -301, -234, 884, 85;
-65, 229, 18, -246, -564, -320, -253, 894, 71;
-68, 233, 15, -204, -589, -334, -267, 908, 60;
-68, 239, 15, -141, -593, -337, -268, 935, 61;
-64, 251, 20, -51, -565, -323, -249, 980, 78;
-61, 260, 22, 23, -549, -315, -240, 1014, 86;
-62, 265, 20, 77, -552, -317, -242, 1035, 81;
-63, 269, 17, 120, -561, -321, -248, 1050, 69;
-68, 269, 11, 141, -588, -333, -266, 1052, 44;
-67, 275, 10, 195, -578, -328, -262, 1074, 39;
-55, 291, 19, 312, -500, -287, -216, 1135, 75;
-63, 286, 8, 302, -543, -308, -247, 1118, 33;
-59, 293, 9, 361, -512, -291, -231, 1145, 35;
-56, 298, 8, 409, -488, -277, -221, 1164, 31;
-50, 306, 10, 473, -442, -252, -197, 1194, 39;
-43, 314, 12, 537, -389, -223, -170, 1226, 48;
-37, 320, 13, 590, -343, -198, -147, 1250, 53;
-35, 322, 10, 612, -321, -184, -139, 1257, 41;
-33, 323, 7, 630, -298, -170, -132, 1261, 28;
-25, 330, 10, 686, -231, -134, -97, 1290, 41;
-19, 334, 10, 713, -187, -109, -77, 1302, 40;
-22, 328, 1, 686, -192, -108, -88, 1281, 6;
-16, 331, 2, 712, -139, -79, -62, 1294, 8;
-7, 336, 4, 745, -72, -42, -29, 1312, 18;
-8, 331, -2, 715, -65, -35, -32, 1292, -8;
-4, 330, -4, 708, -28, -14, -17, 1287, -17;
4, 334, -1, 734, 43, 25, 19, 1304, -4;
13, 336, 0, 746, 107, 60, 50, 1312, 2;
19, 337, 1, 744, 161, 90, 76, 1314, 5;
24, 335, 0, 730, 206, 115, 96, 1309, 2;
24, 327, -6, 675, 213, 122, 93, 1278, -23;
29, 325, -6, 654, 258, 147, 114, 1270, -25;
32, 321, -8, 617, 288, 165, 126, 1253, -34;
36, 317, -9, 584, 325, 186, 142, 1239, -38;
41, 315, -9, 556, 368, 210, 162, 1230, -37;
43, 308, -13, 501, 385, 221, 167, 1203, -51;
51, 308, -9, 488, 446, 254, 199, 1204, -36;
48, 298, -16, 406, 437, 251, 189, 1162, -63;
60, 302, -7, 417, 520, 295, 236, 1179, -30;
58, 292, -13, 336, 512, 292, 228, 1139, -52;
55, 281, -19, 251, 498, 287, 216, 1097, -76;
60, 278, -17, 215, 532, 305, 234, 1086, -67;
65, 276, -14, 181, 567, 323, 253, 1077, -57;
63, 267, -17, 109, 561, 320, 248, 1044, -69;
69, 266, -13, 82, 596, 339, 269, 1039, -53;
67, 259, -15, 16, 590, 336, 264, 1010, -61;
61, 247, -22, -77, 551, 316, 241, 963, -87;
62, 241, -22, -128, 553, 317, 243, 943, -85;
68, 242, -16, -143, 586, 332, 265, 946, -62;
62, 232, -20, -223, 550, 314, 245, 908, -79;
56, 222, -25, -308, 504, 290, 219, 866, -100;
55, 217, -25, -353, 492, 282, 215, 849, -98;
60, 220, -18, -355, 518, 294, 235, 858, -70;
53, 210, -23, -432, 465, 265, 206, 820, -90;
47, 202, -26, -494, 420, 241, 183, 791, -102;
43, 198, -26, -538, 389, 223, 169, 773, -104;
38, 193, -28, -584, 349, 201, 150, 752, -110;
36, 191, -26, -606, 327, 187, 143, 746, -102;
32, 188, -26, -636, 291, 167, 128, 734, -103;
27, 184, -27, -671, 246, 141, 107, 718, -107;
26, 185, -24, -673, 227, 129, 102, 722, -95;
17, 178, -28, -721, 157, 91, 66, 696, -113;
17, 182, -23, -704, 146, 82, 67, 710, -93;
12, 180, -24, -716, 101, 57, 47, 705, -94;
6, 179, -24, -724, 55, 31, 26, 701, -95;
-2, 175, -28, -751, -13, -6, -8, 685, -110;
-3, 179, -24, -727, -37, -21, -15, 699, -97;
-13, 175, -29, -751, -112, -62, -54, 683, -116;
-10, 184, -21, -689, -106, -62, -42, 719, -84;
-21, 180, -26, -707, -183, -104, -82, 705, -104;
-28, 180, -28, -701, -239, -135, -109, 705, -112;
-26, 189, -22, -637, -240, -138, -103, 740, -86;
-29, 194, -20, -598, -269, -156, -114, 757, -79;
-39, 192, -25, -601, -341, -194, -152, 749, -99;
-44, 195, -26, -571, -383, -218, -172, 760, -102;
-42, 204, -20, -501, -385, -221, -167, 796, -81;
-44, 210, -18, -446, -403, -233, -173, 821, -72;
-49, 214, -19, -409, -440, -253, -191, 835, -75;
-60, 210, -27, -413, -517, -293, -234, 822, -106;
-60, 218, -24, -349, -525, -299, -236, 852, -96;
-60, 226, -21, -280, -527, -301, -234, 884, -83;
-65, 228, -24, -249, -566, -322, -255, 892, -95;
-67, 233, -24, -200, -585, -332, -265, 911, -97;
-61, 247, -16, -94, -546, -313, -238, 964, -64;
-64, 251, -18, -51, -565, -323, -250, 979, -71;
-67, 254, -20, -14, -588, -335, -263, 990, -81;
-64, 263, -16, 62, -566, -324, -250, 1027, -66;
-67, 265, -20, 96, -585, -333, -263, 1035, -78;
-65, 272, -18, 160, -569, -324, -255, 1064, -70;
-60, 282, -13, 237, -536, -307, -236, 1100, -54;
-56, 290, -10, 309, -502, -289, -218, 1134, -39;
-56, 293, -11, 345, -500, -286, -220, 1145, -46;
-57, 295, -14, 376, -498, -284, -223, 1153, -55;
-53, 302, -12, 431, -466, -266, -207, 1178, -47;
-44, 312, -6, 509, -405, -233, -174, 1217, -23;
-51, 306, -14, 490, -436, -247, -199, 1196, -58;
-43, 314, -10, 551, -382, -217, -171, 1226, -41;
-43, 315, -12, 567, -366, -207, -167, 1229, -49;
-30, 326, -3, 650, -278, -160, -119, 1274, -14;
-28, 327, -4, 665, -252, -144, -110, 1277, -18;
-21, 332, -1, 702, -198, -114, -84, 1295, -6;
-20, 330, -4, 701, -177, -101, -78, 1290, -16;
-18, 329, -6, 696, -154, -86, -72, 1284, -24;
-6, 337, 1, 749, -68, -40, -26, 1315, 5;
-5, 334, -1, 732, -47, -26, -21, 1303, -5;
-2, 332, -2, 723, -13, -6, -8, 1297, -8;
1, 330, -2, 710, 19, 13, 4, 1289, -11;
11, 335, 3, 737, 99, 55, 45, 1307, 13;
16, 334, 4, 726, 142, 80, 64, 1302, 17;
24, 335, 8, 730, 205, 115, 96, 1308, 33;
24, 328, 4, 680, 218, 124, 96, 1281, 19;
33, 329, 9, 679, 282, 159, 129, 1286, 37;
36, 325, 9, 642, 313, 178, 141, 1269, 36;
42, 323, 12, 622, 362, 205, 165, 1263, 47;
37, 311, 4, 530, 342, 197, 146, 1213, 16;
48, 313, 12, 534, 418, 238, 188, 1224, 47;
46, 304, 7, 460, 417, 240, 182, 1187, 31;
50, 299, 9, 417, 448, 257, 196, 1169, 36;
54, 296, 12, 380, 484, 277, 214, 1156, 47;
62, 295, 17, 359, 535, 304, 242, 1154, 68;
65, 291, 19, 313, 561, 318, 255, 1136, 76;
64, 283, 17, 244, 562, 320, 252, 1104, 70;
64, 275, 17, 178, 564, 321, 251, 1075, 66;
60, 264, 12, 89, 540, 310, 235, 1031, 49;
68, 265, 21, 78, 593, 337, 267, 1037, 82;
61, 252, 14, -22, 551, 316, 241, 986, 58;
62, 247, 16, -74, 555, 318, 243, 965, 64;
66, 245, 21, -105, 576, 328, 258, 958, 83;
61, 236, 18, -184, 546, 312, 240, 921, 72;
61, 231, 20, -233, 539, 308, 238, 901, 78;
61, 227, 22, -278, 534, 304, 237, 885, 87;
58, 221, 22, -331, 515, 294, 229, 863, 89;
58, 217, 25, -370, 503, 286, 226, 849, 98;
55, 212, 25, -418, 479, 273, 215, 829, 100;
49, 205, 23, -480, 434, 248, 192, 800, 91;
50, 204, 28, -497, 430, 243, 195, 798, 109;
38, 192, 20, -586, 347, 200, 149, 751, 79;
34, 189, 20, -621, 312, 180, 134, 737, 81;
30, 185, 21, -651, 277, 159, 119, 725, 84;
34, 191, 30, -627, 290, 163, 134, 745, 117;
24, 183, 25, -684, 217, 124, 95, 715, 98;
21, 182, 26, -694, 184, 104, 83, 713, 105;
15, 180, 26, -714, 136, 77, 61, 704, 102;
8, 177, 24, -738, 79, 46, 33, 691, 95;
8, 181, 29, -714, 66, 36, 33, 708, 115;
1, 179, 28, -725, 12, 6, 7, 701, 109;
-6, 176, 24, -746, -56, -31, -27, 688, 94;
-13, 175, 22, -752, -113, -63, -54, 683, 87;
-16, 178, 24, -724, -141, -80, -64, 697, 96;
-25, 176, 20, -732, -208, -116, -98, 689, 81;
-27, 181, 23, -695, -233, -132, -105, 709, 91;
-33, 182, 21, -681, -284, -160, -130, 712, 84;
-36, 187, 22, -644, -314, -178, -142, 729, 88;
-34, 197, 29, -569, -309, -178, -132, 769, 114;
-45, 194, 21, -577, -389, -221, -175, 757, 85;
-45, 202, 25, -514, -398, -228, -175, 788, 98;
-48, 206, 24, -472, -430, -246, -189, 805, 96;
-48, 214, 27, -406, -436, -251, -189, 837, 107;
-53, 217, 24, -372, -476, -273, -209, 848, 96;
-53, 225, 26, -307, -484, -278, -210, 877, 103;
-63, 223, 19, -299, -547, -311, -245, 872, 74;
-60, 233, 22, -217, -535, -306, -235, 911, 88;
-64, 237, 19, -177, -563, -321, -251, 925, 76;
-62, 246, 22, -101, -552, -316, -242, 961, 86;
-62, 253, 22, -38, -552, -317, -241, 988, 86;
-69, 252, 14, -23, -597, -339, -269, 985, 57;
-66, 261, 16, 48, -581, -331, -259, 1018, 63;
-60, 273, 21, 142, -539, -310, -234, 1064, 83;
-63, 274, 15, 169, -560, -320, -249, 1069, 61;
-66, 276, 11, 202, -571, -324, -258, 1078, 43;
-62, 284, 12, 269, -542, -309, -243, 1109, 48;
-60, 290, 11, 322, -523, -298, -234, 1131, 45;
-59, 293, 9, 361, -512, -291, -231, 1145, 35;
-50, 304, 14, 448, -448, -257, -196, 1189, 55;
-54, 302, 5, 446, -468, -265, -213, 1178, 22;
-51, 306, 4, 489, -438, -248, -200, 1195, 18;
-39, 318, 11, 578, -355, -204, -154, 1243, 46;
-41, 317, 5, 579, -354, -201, -160, 1236, 20;
-37, 319, 3, 605, -323, -183, -147, 1246, 12;
-31, 324, 4, 646, -271, -154, -122, 1265, 16;
-27, 325, 2, 663, -238, -134, -109, 1270, 8;
-17, 333, 6, 719, -159, -92, -67, 1301, 27;
-17, 330, 0, 702, -149, -84, -69, 1287, 2;
-14, 329, -2, 699, -118, -65, -57, 1284, -9;
-8, 331, -2, 713, -67, -36, -33, 1291, -9;
4, 339, 4, 766, 28, 14, 17, 1323, 17;
10, 339, 3, 766, 76, 41, 39, 1324, 15;
14, 337, 1, 753, 115, 63, 55, 1317, 7;
15, 332, -3, 717, 133, 76, 59, 1297, -12;
24, 335, 0, 728, 204, 114, 95, 1307, 0;
25, 329, -4, 686, 224, 127, 100, 1285, -16;
31, 328, -3, 671, 274, 155, 124, 1281, -15;
36, 326, -4, 646, 317, 180, 143, 1271, -16;
33, 315, -12, 567, 307, 178, 131, 1229, -49;
41, 315, -9, 555, 367, 210, 162, 1229, -38;
45, 311, -10, 516, 400, 229, 177, 1213, -42;
53, 311, -7, 503, 460, 261, 208, 1213, -27;
53, 302, -11, 436, 467, 266, 208, 1181, -44;
54, 296, -13, 379, 482, 276, 213, 1155, -53;
53, 286, -18, 303, 479, 276, 207, 1119, -73;
58, 284, -15, 273, 520, 298, 229, 1111, -62;
63, 281, -14, 233, 551, 314, 246, 1098, -56;
62, 273, -17, 164, 549, 314, 242, 1066, -68;
68, 272, -13, 137, 588, 334, 265, 1061, -52;
69, 266, -13, 82, 596, 339, 269, 1039, -53;
64, 255, -19, -3, 570, 326, 252, 997, -74;
62, 247, -22, -75, 554, 317, 242, 964, -85;
65, 244, -19, -110, 571, 326, 254, 955, -74;
58, 233, -25, -202, 527, 303, 229, 909, -98;
66, 236, -17, -203, 570, 324, 257, 920, -67;
56, 222, -25, -308, 503, 289, 219, 866, -101;
58, 221, -21, -331, 514, 293, 228, 863, -85;
57, 217, -20, -371, 503, 286, 226, 848, -80;
55, 213, -20, -415, 482, 274, 217, 831, -79;
54, 210, -18, -446, 468, 265, 213, 821, -72;
48, 203, -21, -507, 419, 238, 189, 792, -85;
41, 195, -25, -567, 365, 209, 161, 763, -99;
33, 188, -29, -625, 308, 178, 131, 734, -114;
31, 186, -28, -646, 281, 162, 122, 728, -109;
30, 187, -24, -651, 266, 151, 119, 731, -95;
23, 182, -26, -689, 211, 121, 92, 712, -104;
20, 181, -25, -702, 176, 100, 78, 708, -101;
13, 178, -27, -728, 122, 70, 52, 695, -108;
7, 176, -28, -744, 73, 43, 29, 687, -111;
7, 180, -23, -718, 62, 34, 30, 705, -91;
-4, 173, -30, -767, -29, -14, -18, 675, -120;
-8, 175, -29, -755, -64, -35, -32, 682, -114;
-12, 176, -28, -740, -102, -57, -47, 690, -109;
-15, 180, -25, -716, -132, -76, -58, 703, -100;
-23, 179, -28, -719, -195, -110, -89, 698, -111;
-20, 188, -20, -650, -188, -110, -78, 736, -80;
-34, 181, -30, -689, -292, -164, -135, 707, -119;
-36, 187, -27, -643, -314, -178, -142, 730, -107;
-34, 196, -21, -573, -314, -181, -135, 766, -82;
-39, 200, -21, -539, -351, -202, -152, 780, -82;
-43, 203, -21, -503, -387, -222, -169, 794, -83;
-51, 203, -25, -491, -448, -255, -201, 793, -100;
-53, 210, -23, -435, -465, -266, -207, 819, -91;
-50, 220, -17, -354, -458, -264, -198, 859, -69;
-61, 217, -26, -358, -534, -303, -241, 846, -101;
-60, 226, -21, -281, -529, -302, -234, 883, -84;
-66, 227, -25, -255, -573, -325, -259, 888, -99;
-63, 238, -20, -170, -555, -317, -246, 929, -78;
-67, 241, -22, -133, -584, -332, -262, 941, -88;
-60, 254, -14, -31, -545, -313, -237, 992, -58;
-66, 255, -19, -7, -581, -331, -259, 995, -76;
-63, 263, -16, 65, -564, -323, -249, 1028, -64;
-67, 266, -19, 98, -583, -332, -262, 1037, -76;
-68, 269, -21, 139, -590, -335, -267, 1051, -83;
-63, 279, -16, 220, -553, -315, -246, 1089, -64;
-63, 282, -18, 260, -552, -314, -249, 1103, -70;
-54, 296, -9, 360, -485, -279, -211, 1154, -37;
-57, 295, -14, 371, -502, -286, -225, 1151, -58;
-55, 299, -14, 415, -481, -274, -217, 1168, -57;
-44, 312, -5, 511, -404, -233, -173, 1218, -22;
-45, 312, -9, 523, -403, -230, -179, 1217, -37;
-43, 315, -9, 556, -377, -215, -168, 1229, -38;
-41, 316, -11, 576, -357, -202, -162, 1234, -44;
-29, 327, -2, 655, -273, -157, -116, 1277, -11;
-29, 326, -6, 656, -261, -149, -116, 1272, -24;
-23, 329, -4, 688, -213, -122, -93, 1286, -15;
-15, 335, 0, 728, -150, -87, -62, 1307, 0;
-12, 335, 0, 734, -116, -67, -48, 1308, -1;
-12, 331, -4, 712, -105, -59, -49, 1292, -17;
-3, 336, 0, 745, -35, -20, -13, 1311, 2;
-3, 331, -3, 717, -19, -9, -12, 1293, -12;
8, 338, 4, 757, 67, 36, 33, 1318, 17;
11, 335, 3, 738, 99, 56, 45, 1307, 13;
13, 331, 1, 708, 125, 72, 54, 1292, 6;
24, 335, 8, 728, 204, 114, 95, 1307, 32;
26, 330, 6, 691, 229, 130, 103, 1288, 26;
32, 328, 8, 674, 277, 157, 126, 1282, 34;
35, 324, 8, 637, 308, 175, 138, 1265, 32;
43, 324, 13, 628, 368, 208, 169, 1266, 50;
42, 316, 9, 564, 376, 214, 167, 1234, 37;
49, 314, 13, 540, 424, 241, 192, 1228, 50;
48, 305, 9, 468, 425, 244, 187, 1192, 36;
50, 299, 9, 416, 446, 256, 195, 1169, 35;
59, 301, 16, 409, 512, 291, 231, 1174, 64;
57, 291, 12, 328, 504, 288, 223, 1134, 49;
63, 289, 17, 303, 551, 313, 248, 1130, 69;
58, 276, 11, 203, 520, 299, 226, 1078, 44;
67, 278, 19, 194, 579, 329, 261, 1084, 76;
68, 272, 20, 139, 590, 335, 266, 1062, 80;
64, 262, 17, 54, 568, 325, 251, 1021, 67;
62, 254, 16, -15, 558, 320, 245, 990, 62;
61, 246, 15, -83, 546, 314, 238, 960, 59;
62, 242, 17, -128, 553, 317, 243, 944, 69;
61, 236, 18, -184, 545, 312, 240, 920, 72;
66, 236, 25, -199, 573, 325, 259, 922, 99;
58, 224, 19, -293, 519, 297, 228, 876, 77;
57, 220, 21, -337, 508, 290, 225, 859, 85;
54, 214, 21, -394, 480, 275, 211, 834, 83;
55, 212, 25, -418, 479, 273, 215, 829, 100;
53, 209, 27, -452, 462, 262, 210, 817, 109;
51, 205, 29, -490, 436, 247, 199, 802, 113;
42, 196, 24, -562, 371, 212, 164, 766, 94;
43, 197, 29, -567, 366, 207, 167, 770, 114;
33, 188, 24, -634, 294, 168, 129, 735, 94;
25, 182, 21, -682, 235, 136, 100, 712, 83;
23, 182, 23, -692, 209, 120, 90, 710, 93;
20, 182, 26, -697, 181, 103, 81, 711, 103;
17, 182, 28, -701, 149, 84, 69, 712, 111;
15, 183, 30, -698, 120, 66, 58, 716, 120;
4, 177, 25, -741, 38, 22, 16, 691, 98;
0, 177, 25, -741, -3, -1, -2, 691, 99;
-4, 178, 26, -731, -41, -23, -17, 697, 104;
-10, 178, 25, -729, -90, -51, -40, 697, 101;
-19, 176, 21, -742, -158, -89, -75, 687, 85;
-19, 182, 26, -696, -172, -98, -75, 712, 103;
-20, 188, 30, -654, -192, -111, -80, 734, 117;
-25, 190, 29, -632, -235, -136, -100, 743, 114;
-34, 189, 24, -630, -301, -172, -134, 738, 97;
-37, 194, 26, -589, -330, -189, -145, 757, 101;
-37, 201, 29, -529, -341, -197, -145, 787, 115;
-47, 199, 22, -531, -415, -236, -186, 777, 88;
-46, 208, 26, -459, -416, -239, -181, 813, 104;
-57, 205, 18, -464, -495, -280, -225, 800, 71;
-53, 217, 25, -371, -475, -272, -208, 849, 97;
-59, 219, 20, -345, -521, -297, -233, 854, 80;
-55, 231, 26, -250, -498, -287, -215, 902, 104;
-67, 227, 16, -258, -576, -327, -261, 886, 63;
-58, 242, 25, -142, -528, -304, -229, 946, 98;
-62, 246, 22, -101, -552, -316, -243, 960, 86;
-65, 249, 18, -62, -576, -329, -256, 973, 72;
-62, 259, 21, 19, -554, -318, -242, 1012, 84;
-69, 258, 13, 31, -598, -340, -270, 1007, 52;
-66, 266, 14, 101, -580, -330, -260, 1039, 57;
-66, 271, 13, 152, -577, -328, -259, 1059, 51;
-64, 278, 13, 213, -560, -319, -251, 1085, 50;
-57, 289, 17, 299, -512, -294, -224, 1127, 67;
-62, 288, 9, 310, -535, -304, -242, 1123, 38;
-59, 294, 9, 364, -509, -289, -230, 1146, 36;
-57, 297, 7, 405, -492, -279, -223, 1162, 28;
-49, 307, 11, 481, -434, -248, -192, 1199, 43;
-47, 310, 8, 511, -415, -236, -186, 1210, 33;
-41, 316, 9, 564, -368, -211, -163, 1234, 37;
-36, 322, 10, 610, -323, -185, -141, 1256, 40;
-34, 322, 6, 625, -303, -173, -135, 1258, 25;
-26, 329, 9, 677, -240, -138, -103, 1285, 36;
-28, 325, 1, 660, -240, -136, -110, 1269, 6;
-15, 336, 9, 733, -145, -85, -58, 1310, 35;
-13, 334, 5, 729, -121, -70, -51, 1304, 19;
-6, 337, 5, 751, -66, -39, -25, 1316, 22;
-7, 331, -1, 719, -61, -33, -30, 1294, -6;
-4, 330, -4, 709, -28, -14, -17, 1288, -17;
2, 331, -3, 717, 26, 16, 8, 1293, -15;
7, 330, -4, 710, 71, 42, 28, 1290, -19;
17, 334, 0, 731, 147, 83, 68, 1306, -3;
23, 334, 0, 723, 198, 112, 92, 1304, -2;
19, 323, -10, 649, 187, 109, 77, 1262, -39;
33, 330, -2, 681, 284, 160, 130, 1287, -8;
37, 326, -4, 647, 318, 180, 144, 1272, -15;
40, 321, -6, 609, 349, 198, 157, 1255, -23;
44, 317, -7, 573, 384, 218, 173, 1240, -27;
45, 311, -10, 516, 400, 229, 177, 1213, -41;
48, 306, -12, 472, 429, 245, 189, 1194, -46;
54, 304, -10, 443, 474, 270, 212, 1185, -40;
53, 295, -14, 372, 476, 273, 209, 1151, -57;
58, 291, -13, 334, 510, 292, 226, 1138, -53;
58, 284, -16, 269, 517, 296, 227, 1109, -64;
62, 280, -15, 228, 546, 312, 242, 1094, -59;
60, 271, -19, 150, 536, 308, 234, 1057, -76;
69, 273, -12, 143, 594, 337, 269, 1065, -48;
63, 260, -19, 46, 560, 321, 247, 1016, -76;
67, 258, -16, 12, 585, 333, 262, 1007, -64;
66, 251, -17, -48, 581, 331, 259, 981, -68;
63, 242, -21, -123, 558, 319, 246, 947, -82;
61, 236, -22, -181, 548, 313, 241, 922, -86;
63, 233, -20, -222, 551, 314, 245, 908, -79;
64, 230, -17, -258, 554, 314, 250, 897, -69;
62, 224, -18, -308, 537, 305, 243, 877, -70;
51, 211, -26, -408, 465, 267, 202, 825, -103;
55, 212, -20, -418, 478, 272, 215, 829, -81;
49, 204, -24, -482, 433, 247, 191, 799, -94;
50, 205, -19, -494, 432, 245, 196, 800, -77;
37, 192, -29, -590, 342, 197, 146, 748, -114;
34, 188, -28, -622, 311, 179, 133, 736, -112;
38, 193, -21, -604, 324, 183, 148, 754, -82;
25, 182, -29, -685, 232, 134, 98, 710, -116;
20, 178, -30, -712, 188, 109, 78, 698, -119;
16, 177, -29, -727, 151, 88, 62, 693, -116;
16, 181, -24, -708, 143, 81, 65, 708, -95;
5, 174, -30, -759, 59, 36, 20, 678, -120;
0, 173, -31, -767, 13, 9, 0, 675, -121;
-2, 175, -28, -753, -15, -7, -9, 684, -111;
-8, 174, -29, -756, -66, -36, -33, 681, -115;
-7, 181, -23, -712, -73, -43, -29, 708, -91;
-18, 177, -28, -735, -152, -85, -70, 691, -112;
-22, 179, -28, -717, -193, -109, -88, 699, -110;
-26, 182, -27, -692, -230, -130, -104, 710, -106;
-25, 190, -21, -631, -234, -135, -99, 743, -82;
-29, 193, -20, -602, -273, -158, -116, 755, -81;
-36, 194, -23, -585, -325, -186, -142, 759, -89;
-44, 194, -26, -573, -384, -219, -173, 759, -103;
-46, 200, -24, -523, -407, -232, -181, 782, -95;
-53, 201, -27, -503, -460, -261, -209, 786, -107;
-54, 208, -25, -446, -477, -271, -214, 812, -99;
-56, 214, -24, -393, -496, -283, -221, 835, -93;
-61, 217, -25, -354, -530, -301, -239, 848, -99;
-58, 228, -19, -269, -517, -296, -227, 890, -76;
-66, 228, -25, -252, -570, -324, -257, 890, -97;
-63, 238, -20, -169, -554, -317, -245, 930, -78;
-65, 242, -21, -124, -575, -328, -257, 946, -82;
-69, 246, -23, -82, -596, -339, -269, 960, -89;
-69, 251, -23, -28, -602, -342, -272, 982, -90;
-66, 261, -19, 48, -581, -331, -259, 1018, -75;
-68, 264, -21, 89, -592, -336, -267, 1031, -82;
-61, 276, -13, 186, -543, -311, -238, 1080, -54;
-57, 285, -10, 257, -515, -296, -223, 1112, -41;
-61, 284, -15, 273, -539, -307, -241, 1111, -62;
-59, 290, -14, 328, -517, -295, -231, 1134, -57;
-60, 292, -17, 356, -518, -294, -235, 1141, -67;
-54, 300, -13, 420, -477, -271, -214, 1171, -54;
-45, 311, -6, 506, -408, -235, -176, 1215, -25;
-47, 310, -11, 511, -415, -236, -186, 1210, -45;
-45, 313, -11, 543, -389, -221, -176, 1221, -45;
-38, 320, -7, 599, -334, -191, -148, 1248, -30;
-36, 320, -9, 611, -317, -180, -144, 1249, -38;
-33, 322, -10, 632, -285, -161, -131, 1257, -39;
-29, 324, -9, 653, -247, -139, -115, 1264, -37;
-22, 328, -6, 686, -192, -109, -88, 1281, -25;
-20, 327, -7, 686, -164, -91, -78, 1278, -31;
-10, 333, -2, 726, -92, -52, -41, 1300, -9;
-8, 330, -4, 711, -69, -37, -35, 1289, -19;
-4, 330, -4, 708, -29, -14, -18, 1287, -18;
6, 335, 2, 741, 51, 28, 24, 1308, 8;
5, 328, -3, 696, 57, 35, 19, 1282, -12;
17, 335, 5, 733, 149, 84, 69, 1307, 21;
17, 328, 1, 685, 161, 93, 69, 1281, 6;
23, 327, 4, 674, 212, 122, 93, 1278, 15;
33, 330, 10, 683, 286, 161, 131, 1288, 39;
29, 318, 2, 600, 271, 157, 115, 1243, 10;
39, 321, 9, 604, 344, 196, 154, 1252, 36;
45, 319, 12, 581, 393, 223, 178, 1245, 48;
48, 314, 12, 536, 420, 239, 189, 1225, 48;
45, 302, 6, 450, 408, 235, 176, 1181, 25;
51, 300, 10, 423, 454, 260, 199, 1173, 40;
51, 293, 8, 358, 462, 266, 200, 1143, 33;
57, 290, 12, 327, 503, 288, 222, 1134, 48;
59, 285, 13, 278, 526, 301, 233, 1114, 54;
60, 279, 13, 217, 535, 306, 236, 1088, 53;
61, 272, 13, 157, 542, 311, 238, 1061, 53;
60, 265, 13, 92, 543, 312, 237, 1033, 51;
61, 258, 13, 32, 546, 314, 238, 1008, 53;
63, 254, 16, -12, 560, 321, 246, 992, 64;
60, 245, 14, -89, 540, 311, 234, 956, 55;
61, 240, 16, -135, 546, 313, 239, 939, 65;
60, 235, 17, -189, 540, 309, 236, 917, 69;
64, 235, 23, -210, 563, 320, 253, 916, 93;
62, 228, 23, -268, 544, 309, 244, 891, 93;
58, 220, 22, -333, 512, 292, 227, 861, 87;
52, 211, 19, -407, 467, 268, 203, 826, 75;
57, 214, 27, -406, 491, 279, 223, 837, 107;
53, 209, 27, -454, 460, 261, 209, 816, 107;
46, 200, 24, -522, 405, 231, 179, 783, 93;
45, 200, 28, -538, 394, 224, 179, 781, 109;
41, 195, 27, -578, 355, 201, 160, 763, 108;
33, 188, 24, -635, 293, 168, 129, 735, 94;
29, 186, 25, -657, 260, 148, 115, 727, 99;
22, 180, 22, -700, 200, 116, 85, 705, 88;
21, 183, 27, -694, 184, 105, 83, 713, 105;
15, 180, 26, -717, 134, 76, 59, 702, 101;
13, 182, 29, -706, 111, 62, 53, 711, 115;
0, 173, 21, -764, 15, 11, 1, 677, 83;
5, 183, 31, -705, 32, 16, 20, 714, 122;
-1, 182, 30, -711, -20, -13, -4, 710, 117;
-5, 183, 31, -697, -58, -35, -20, 717, 121;
-17, 178, 23, -730, -147, -83, -67, 694, 93;
-16, 185, 29, -677, -152, -89, -63, 724, 115;
-26, 182, 23, -693, -231, -131, -105, 709, 92;
-30, 185, 24, -662, -265, -151, -118, 724, 96;
-33, 190, 25, -624, -294, -168, -130, 742, 101;
-40, 190, 22, -610, -350, -199, -158, 744, 88;
-41, 197, 25, -557, -369, -211, -163, 769, 97;
-41, 205, 29, -491, -375, -216, -161, 802, 113;
-45, 209, 28, -450, -408, -235, -176, 818, 110;
-55, 207, 20, -448, -479, -272, -215, 810, 81;
-59, 211, 18, -411, -515, -292, -233, 824, 72;
-58, 220, 22, -336, -512, -292, -227, 860, 86;
-56, 230, 25, -257, -505, -290, -219, 898, 100;
-62, 232, 21, -227, -545, -311, -242, 905, 82;
-63, 237, 20, -175, -560, -320, -249, 926, 78;
-68, 240, 16, -137, -589, -335, -265, 938, 63;
-68, 246, 15, -79, -593, -337, -267, 962, 61;
-65, 256, 18, 0, -574, -328, -255, 999, 71;
-60, 266, 22, 85, -544, -313, -236, 1041, 86;
-66, 267, 15, 106, -576, -328, -257, 1042, 60;
-68, 269, 11, 140, -589, -334, -267, 1051, 43;
-63, 279, 14, 220, -553, -315, -247, 1089, 55;
-62, 284, 12, 269, -542, -309, -243, 1109, 48;
-58, 292, 13, 335, -510, -291, -226, 1139, 53;
-52, 300, 16, 408, -466, -268, -203, 1173, 63;
-57, 297, 7, 405, -492, -279, -223, 1161, 28;
-53, 303, 7, 457, -457, -259, -206, 1185, 29;
-42, 315, 13, 542, -384, -221, -167, 1229, 51;
-41, 316, 9, 565, -367, -210, -162, 1235, 38;
-37, 320, 8, 599, -334, -191, -147, 1249, 33;
-29, 327, 11, 657, -271, -157, -115, 1278, 45;
-29, 326, 5, 655, -262, -149, -116, 1271, 22;
-29, 324, 1, 656, -245, -138, -113, 1266, 4;
-18, 333, 6, 714, -164, -94, -70, 1299, 24;
-15, 331, 2, 712, -138, -78, -62, 1294, 9;
-6, 337, 5, 752, -66, -39, -25, 1316, 22;
-4, 334, 1, 737, -42, -24, -18, 1306, 5;
-4, 329, -4, 706, -30, -15, -19, 1286, -19;
4, 333, -1, 730, 39, 23, 16, 1301, -7;
10, 333, -2, 727, 88, 50, 39, 1301, -8;
18, 335, 0, 737, 154, 86, 72, 1309, 0;
15, 326, -8, 670, 146, 86, 59, 1271, -34;
23, 327, -6, 670, 208, 120, 90, 1275, -26;
27, 323, -8, 642, 245, 141, 106, 1263, -32;
32, 321, -8, 620, 291, 167, 127, 1255, -32;
39, 320, -7, 601, 342, 195, 152, 1250, -28;
44, 318, -6, 575, 386, 220, 174, 1241, -26;
46, 312, -9, 526, 410, 234, 183, 1219, -35;
47, 304, -13, 462, 419, 241, 183, 1188, -52;
55, 304, -9, 448, 479, 272, 215, 1189, -36;
55, 297, -13, 383, 487, 278, 216, 1158, -50;
61, 294, -10, 352, 528, 300, 237, 1149, -42;
62, 288, -12, 297, 545, 310, 244, 1126, -47;
61, 279, -16, 221, 539, 308, 238, 1090, -63;
59, 270, -20, 146, 531, 305, 231, 1055, -79;
67, 271, -14, 133, 584, 332, 262, 1058, -55;
65, 262, -17, 58, 572, 327, 254, 1024, -68;
60, 251, -23, -32, 541, 311, 234, 979, -92;
68, 253, -16, -39, 590, 336, 265, 987, -63;
62, 241, -22, -130, 551, 316, 242, 942, -87;
63, 238, -20, -172, 557, 318, 247, 928, -80;
60, 231, -22, -235, 538, 308, 237, 900, -87;
65, 231, -16, -251, 561, 318, 254, 902, -65;
57, 220, -22, -336, 509, 291, 225, 860, -88;
52, 212, -25, -403, 471, 270, 206, 828, -100;
51, 209, -24, -441, 456, 261, 201, 815, -95;
54, 210, -18, -446, 468, 265, 213, 821, -72;
51, 206, -19, -489, 437, 247, 200, 803, -74;
44, 199, -22, -546, 386, 219, 174, 776, -86;
37, 192, -25, -600, 334, 191, 147, 750, -98;
34, 190, -24, -624, 303, 173, 135, 741, -95;
30, 187, -24, -652, 264, 151, 118, 730, -96;
28, 187, -22, -662, 238, 135, 109, 729, -88;
18, 180, -27, -709, 168, 97, 73, 703, -105;
12, 177, -28, -735, 115, 67, 47, 691, -112;
11, 179, -25, -723, 95, 53, 43, 701, -98;
0, 174, -30, -761, 18, 12, 3, 678, -118;
3, 181, -22, -713, 24, 12, 15, 709, -86;
-5, 177, -26, -739, -48, -27, -22, 692, -104;
-5, 183, -21, -700, -61, -37, -22, 715, -84;
-17, 177, -28, -732, -149, -84, -69, 693, -110;
-20, 181, -25, -702, -178, -101, -79, 708, -101;
-25, 183, -26, -686, -224, -128, -100, 714, -103;
-27, 188, -23, -645, -249, -143, -108, 734, -91;
-29, 193, -21, -602, -273, -158, -116, 755, -81;
-34, 197, -20, -569, -310, -179, -132, 769, -80;
-47, 191, -29, -591, -403, -228, -184, 748, -114;
-44, 203, -21, -508, -392, -225, -171, 792, -85;
-50, 204, -24, -484, -442, -252, -197, 797, -96;
-48, 214, -18, -406, -437, -251, -189, 837, -73;
-54, 216, -21, -376, -479, -274, -211, 845, -83;
-60, 218, -24, -347, -523, -298, -234, 853, -94;
-59, 227, -20, -275, -523, -299, -231, 887, -80;
-63, 230, -22, -239, -557, -317, -249, 898, -89;
-59, 242, -16, -146, -532, -306, -232, 944, -64;
-60, 248, -15, -88, -539, -310, -234, 968, -60;
-62, 252, -16, -42, -556, -319, -244, 985, -65;
-69, 252, -22, -25, -599, -340, -270, 984, -88;
-62, 264, -15, 72, -557, -319, -244, 1033, -59;
-61, 271, -14, 133, -549, -315, -240, 1058, -55;
-59, 278, -12, 197, -532, -306, -232, 1087, -47;
-58, 283, -12, 248, -525, -301, -229, 1107, -47;
-60, 286, -14, 280, -531, -303, -236, 1116, -57;
-58, 291, -13, 334, -511, -292, -227, 1138, -53;
-54, 298, -11, 393, -480, -275, -212, 1164, -44;
-53, 301, -12, 426, -470, -268, -210, 1175, -50;
-46, 310, -8, 497, -418, -240, -182, 1209, -31;
-49, 308, -13, 502, -425, -241, -192, 1204, -51;
-46, 312, -12, 536, -397, -225, -180, 1217, -50;
-37, 320, -6, 603, -330, -189, -145, 1251, -27;
-39, 318, -12, 596, -332, -187, -153, 1240, -47;
-27, 327, -4, 668, -249, -143, -109, 1279, -17;
-20, 333, 0, 708, -193, -112, -81, 1299, -3;
-15, 335, 0, 729, -149, -87, -61, 1308, 1;
-10, 337, 1, 746, -104, -62, -41, 1315, 6;
-12, 331, -4, 713, -104, -58, -48, 1292, -17;
-6, 332, -2, 725, -54, -30, -26, 1298, -10;
0, 334, 0, 733, -4, -2, -2, 1302, -2;
9, 339, 5, 763, 73, 39, 37, 1322, 21;
8, 331, 0, 715, 76, 44, 31, 1293, 0;
14, 331, 1, 710, 126, 73, 55, 1293, 7;
18, 328, 2, 688, 164, 94, 70, 1282, 7;
27, 331, 7, 696, 234, 132, 106, 1291, 29;
34, 330, 10, 686, 289, 163, 133, 1290, 41;
35, 324, 8, 636, 307, 175, 137, 1265, 32;
39, 321, 9, 604, 344, 196, 154, 1252, 36;
47, 320, 13, 591, 402, 228, 184, 1251, 54;
49, 315, 13, 544, 428, 243, 194, 1230, 53;
53, 311, 14, 503, 461, 261, 209, 1214, 58;
48, 298, 7, 407, 438, 252, 190, 1163, 30;
50, 292, 7, 355, 458, 264, 198, 1140, 30;
60, 294, 16, 351, 527, 300, 237, 1148, 63;
65, 291, 19, 313, 560, 318, 254, 1136, 75;
64, 282, 17, 239, 557, 317, 249, 1101, 67;
63, 274, 15, 169, 555, 317, 246, 1069, 61;
60, 264, 13, 91, 543, 312, 237, 1033, 51;
67, 264, 19, 71, 585, 333, 262, 1032, 77;
69, 260, 22, 22, 596, 339, 269, 1014, 86;
67, 252, 21, -44, 585, 333, 262, 984, 82;
66, 245, 21, -103, 578, 329, 258, 959, 84;
62, 236, 19, -179, 550, 314, 243, 923, 75;
60, 230, 19, -238, 535, 306, 235, 898, 75;
58, 224, 19, -293, 518, 297, 228, 875, 77;
62, 225, 26, -305, 540, 306, 245, 879, 104;
51, 211, 18, -411, 463, 266, 201, 824, 72;
50, 208, 21, -447, 450, 258, 197, 811, 82;
52, 207, 26, -464, 450, 256, 202, 810, 101;
44, 198, 21, -535, 392, 224, 171, 775, 85;
47, 201, 29, -531, 401, 227, 183, 785, 113;
36, 191, 23, -607, 326, 187, 143, 745, 90;
39, 194, 30, -596, 331, 187, 153, 759, 118;
30, 187, 26, -652, 265, 151, 118, 730, 102;
25, 184, 25, -680, 220, 126, 98, 718, 100;
22, 184, 28, -686, 192, 108, 88, 718, 110;
11, 175, 21, -743, 107, 63, 43, 686, 84;
14, 183, 30, -700, 117, 65, 57, 715, 119;
2, 175, 23, -752, 28, 17, 9, 684, 91;
-1, 176, 25, -744, -6, -3, -4, 689, 97;
-5, 178, 26, -735, -44, -25, -19, 695, 102;
-7, 181, 29, -709, -70, -41, -28, 709, 113;
-18, 177, 22, -735, -152, -85, -71, 691, 89;
-15, 186, 30, -669, -145, -85, -58, 729, 120;
-21, 187, 29, -657, -195, -113, -82, 732, 114;
-27, 188, 27, -645, -248, -142, -108, 735, 106;
-32, 191, 27, -616, -287, -165, -125, 747, 105;
-37, 193, 25, -592, -332, -190, -146, 755, 99;
-40, 198, 26, -551, -362, -208, -159, 773, 101;
-47, 199, 22, -532, -416, -237, -186, 777, 87;
-44, 210, 28, -447, -404, -233, -174, 821, 112;
-56, 206, 19, -457, -487, -276, -220, 805, 76;
-57, 214, 21, -394, -497, -283, -222, 834, 83;
-58, 220, 21, -337, -513, -293, -228, 859, 85;
-63, 222, 18, -303, -551, -313, -248, 869, 71;
-63, 230, 19, -239, -556, -317, -249, 898, 75;
-61, 240, 22, -157, -542, -311, -238, 938, 89;
-67, 241, 16, -134, -585, -333, -263, 940, 65;
-60, 255, 24, -26, -540, -310, -234, 995, 94;
-61, 260, 22, 22, -551, -316, -240, 1014, 86;
-67, 259, 14, 40, -589, -335, -264, 1013, 58;
-64, 269, 17, 117, -564, -322, -250, 1049, 67;
-67, 270, 12, 148, -582, -330, -262, 1056, 48;
-60, 282, 17, 240, -533, -305, -234, 1102, 67;
-55, 291, 19, 312, -499, -287, -216, 1135, 75;
-59, 290, 12, 326, -519, -296, -232, 1133, 48;
-50, 302, 17, 417, -457, -263, -197, 1179, 69;
-47, 307, 16, 465, -432, -249, -186, 1199, 66;
-45, 311, 14, 502, -412, -237, -179, 1213, 57;
-49, 308, 6, 501, -425, -241, -192, 1203, 26;
-38, 319, 12, 583, -350, -201, -151, 1246, 49;
-40, 317, 6, 584, -349, -199, -157, 1239, 23;
-37, 319, 3, 607, -321, -181, -146, 1247, 14;
-24, 331, 11, 688, -229, -133, -96, 1291, 43;
-26, 327, 3, 670, -230, -131, -104, 1275, 12;
-21, 329, 2, 694, -184, -104, -83, 1286, 11;
-16, 331, 2, 712, -138, -78, -62, 1294, 8;
-13, 330, -1, 708, -110, -61, -52, 1289, -4;
-9, 329, -3, 705, -74, -40, -38, 1286, -14;